/*--------------------------------*- C++ -*----------------------------------*\
  =========                 |
  \\      /  F ield         | OpenFOAM: The Open Source CFD Toolbox
   \\    /   O peration     | Website:  https://openfoam.org
    \\  /    A nd           | Version:  6
     \\/     M anipulation  |
\*---------------------------------------------------------------------------*/
FoamFile
{
    version     2.0;
    format      ascii;
    class       volScalarField;
    location    "12";
    object      epsilon;
}
// * * * * * * * * * * * * * * * * * * * * * * * * * * * * * * * * * * * * * //

dimensions      [0 2 -3 0 0 0 0];

internalField   nonuniform List<scalar> 
10000
(
244.025
321.029
181.949
107.694
70.3697
51.3581
40.8496
34.7281
31.2489
29.664
29.6386
31.2485
34.8286
41.1728
52.0537
71.2615
107.447
178.814
311.887
241.362
241.341
320.671
181.621
107.669
69.99
51.1447
40.6532
34.4776
30.9439
29.3697
29.4877
31.1278
34.7435
41.1116
52.0151
71.1298
106.318
176.667
309.652
239.548
238.243
320.596
179.119
107.5
70.1867
51.1649
40.7018
34.5518
31.0405
29.5112
29.3183
30.8698
34.6898
41.0834
51.9963
70.9956
107.746
178.799
312.669
240.262
237.127
320.379
180.636
107.361
70.406
51.1477
40.7418
34.6279
31.1483
29.5729
29.5827
31.0562
34.693
41.0407
51.9482
71.2031
106.421
175.132
311.732
240.238
237.122
320.38
182.464
106.274
70.1897
51.0824
40.7018
34.5863
31.1164
29.4001
29.537
30.9446
34.5059
40.8041
51.5789
70.8074
108.442
177.804
308.58
239.957
237.065
319.281
181.913
107.272
69.8015
51.0201
40.57
34.405
31.1146
29.5647
29.5919
31.0761
34.852
41.1974
51.9216
71.2329
108.318
180.178
311.803
241.691
236.596
317.585
179.293
105.953
70.0394
51.1774
40.7113
34.51
31.1277
29.5709
29.6045
31.129
34.8764
41.1957
51.5177
70.3682
107.002
179.883
308.467
243.38
236.339
314.318
182.264
107.251
70.5733
51.4407
40.7339
34.4836
31.0973
29.5348
29.5942
31.2469
34.9117
41.2853
51.96
71.2161
108.51
178.715
313.206
246.09
236.89
316.212
182.124
105.57
70.451
51.4595
40.6284
34.4555
31.0985
29.5177
29.5374
31.0012
34.7082
41.2656
52.291
71.7578
107.881
181.294
312.75
247.877
237.084
318.36
183.437
107.317
70.5404
51.5056
40.7846
34.5927
31.0829
29.345
29.4034
31.1046
34.9327
41.452
52.6954
72.4854
109.178
180.911
310.576
249.745
237.155
314.829
183.218
108.318
70.1465
51.4443
40.7612
34.6018
31.1242
29.5579
29.6367
31.2754
34.9548
41.1807
52.562
72.3139
107.668
178.407
313.904
249.916
238.88
319.619
183.207
108.126
70.7263
51.4519
40.5537
34.559
31.1019
29.5144
29.609
31.1178
34.966
41.2718
52.1619
72.2934
108.165
179.191
311.937
252.839
238.718
318.221
182.579
107.378
70.4848
51.3858
40.6266
34.5693
31.1056
29.5723
29.6595
31.3562
35.0435
41.5295
52.4511
72.1671
108.274
179.549
313.66
249.752
238.456
316.019
182.137
107.822
69.8432
51.0448
40.7056
34.4068
30.8698
29.4936
29.6202
31.3204
35.01
41.5609
52.6336
71.4486
109.111
181.545
317.048
250.782
238.145
319.922
180.015
106.624
70.2006
51.3975
40.737
34.6661
31.0916
29.4346
29.616
31.2942
34.9588
41.4727
52.5425
71.5931
107.064
177.066
316.789
251.868
239.579
319.907
182.374
108.141
70.6636
51.6326
40.9824
34.7352
31.0038
29.4533
29.6008
31.217
34.6792
41.1458
52.2322
71.9241
108.606
180.131
316.33
250.931
241.041
319.899
181.547
107.84
70.8293
51.4203
40.9376
34.7678
31.2583
29.6417
29.6171
31.2119
34.8379
41.2579
52.2669
72.1973
108.958
181.197
314.186
249.895
241.091
316.614
177.697
106.104
70.6005
51.5711
40.9386
34.746
31.0702
29.4406
29.515
30.9585
34.7724
41.0287
52.2204
71.483
109.601
183.553
315.145
248.116
242.786
320.365
179.404
107.3
70.3252
51.3442
40.8779
34.7334
31.2359
29.6373
29.4344
31.1408
34.8021
41.2045
52.1085
71.1463
108.437
182.744
316.326
246.386
242.43
319.955
180.788
105.994
70.903
51.5853
40.8808
34.6796
31.0547
29.6534
29.6067
31.0066
34.7527
41.095
51.7494
70.9994
108.216
181.788
312.603
245.361
242.493
319.208
177.118
107.138
70.966
51.4183
40.7042
34.5444
31.1242
29.68
29.6767
31.223
34.7228
40.9183
51.8359
71.2479
109.656
179.768
312.377
243.753
244.77
319.261
181.181
108.673
71.0067
51.6925
40.9381
34.7595
31.2909
29.692
29.6658
31.1804
34.524
40.9591
51.9719
71.5744
109.851
183.259
313.079
244.361
244.912
315.818
182.932
108.608
70.4804
51.6034
40.9243
34.7572
31.2743
29.679
29.6422
31.1871
34.6015
41.096
52.2617
72.1028
109.594
183.35
315.783
240.222
244.905
316.842
182.37
108.357
71.022
51.661
40.7841
34.581
31.0738
29.6145
29.5889
31.1461
34.6647
40.8813
52.0593
71.3962
108.037
183.158
315.95
240.39
242.62
318.172
181.403
106.755
70.3819
51.6222
40.9432
34.7512
31.2415
29.6253
29.55
30.9955
34.55
41.1219
52.3304
72.5505
110.213
182.872
315.9
240.546
242.684
317.038
178.016
107.573
70.9134
51.667
40.9323
34.7095
31.2158
29.6331
29.6452
31.2829
34.8242
40.9703
51.8964
72.4503
109.945
182.02
315.764
240.664
242.616
314.924
178.642
107.414
70.7664
51.3872
40.8066
34.4781
30.9674
29.548
29.6265
31.2983
34.8773
41.2203
52.0273
72.3605
109.727
178.954
315.041
241.131
243.322
317.92
178.865
106.205
70.2222
51.5812
40.8422
34.5962
31.085
29.5341
29.6021
31.2695
34.8865
41.2595
52.0404
72.2385
109.707
179.976
314.837
241.801
244.172
317.487
180.344
107.587
70.9476
51.6558
40.6847
34.3801
30.8394
29.447
29.3957
31.1783
34.8305
41.243
52.1982
72.0339
109.691
180.358
310.828
241.986
244.666
316.851
176.899
109.013
71.6947
51.7295
40.9847
34.6736
31.0575
29.3912
29.5323
30.9931
34.6396
41.1711
52.0434
71.2701
109.451
182.407
312.301
242.434
245.017
317.403
180.541
109.548
71.8369
52.1656
41.3242
34.9586
31.3387
29.6611
29.6088
31.1011
34.6675
41.1255
51.691
71.6677
108.89
181.744
312.55
241.91
245.616
317.263
183.133
109.622
71.7716
51.9168
41.3124
34.9854
31.3447
29.6383
29.453
31.1825
34.7875
41.1501
51.8779
71.0953
107.114
178.778
314.703
241.962
247.057
317.118
183.095
109.561
71.5848
52.2297
41.3795
35.0117
31.3579
29.6547
29.5587
30.9708
34.5238
40.9714
52.2278
72.1083
108.238
179.776
312.012
243.112
247.152
313.806
180.976
109.439
71.8856
52.2739
41.4344
34.999
31.1765
29.4147
29.3625
30.9964
34.5957
41.1578
51.9324
72.1478
109.229
180.618
315.463
243.59
248.687
319.05
184.324
109.319
71.7222
52.0145
41.4381
35.0108
31.3924
29.6038
29.5299
31.1181
34.6187
41.165
52.2674
71.9265
108.099
182.445
313.184
245.283
254.542
318.93
183.912
110.234
71.0986
52.2707
41.5111
35.1304
31.4174
29.4629
29.372
30.9832
34.7477
41.0889
51.9146
72.0763
109.671
181.987
315.899
245.487
257.52
315.498
181.384
110.281
71.4488
52.2412
41.3693
35.1245
31.4642
29.7744
29.7048
31.2748
34.8019
40.9585
52.0168
71.5166
109.159
178.532
315.282
245.812
258.186
320.329
185.25
110.59
71.5937
52.4629
41.5688
35.1588
31.3864
29.7676
29.696
31.2553
34.7957
41.2083
52.2513
71.4916
109.002
179.739
312.348
245.063
257.206
319.898
184.823
110.39
71.7729
52.5679
41.4383
35.1868
31.535
29.7997
29.6679
31.1927
34.7018
40.9379
52.1825
71.7668
108.549
180.91
315.453
245.582
257.37
318.513
183.765
109.968
71.7824
52.5086
41.5701
35.182
31.5144
29.7627
29.5959
31.1067
34.6194
41.0459
52.0383
70.9355
106.694
177.369
313.402
248.419
252.893
315.989
181.483
108.675
71.8455
52.3875
41.4824
35.1254
31.4703
29.7197
29.4086
30.8899
34.3055
40.7715
51.9584
71.5167
107.89
180.101
317.173
247.703
251.554
313.732
181.06
108.997
71.1771
51.9298
41.3451
35.0511
31.2919
29.6162
29.7177
31.2684
34.6131
41.0195
51.5974
70.824
108.384
181.076
316.08
245.835
247.118
316.687
183.716
108.346
71.0657
51.96
41.1889
35.014
31.499
29.8382
29.7781
31.3294
34.8159
41.0552
51.7907
70.9416
106.596
177.552
312.067
244.13
244.306
317.985
183.408
107.736
71.1501
52.0339
41.3945
35.1175
31.5261
29.8664
29.798
31.3055
34.7842
40.8139
51.4177
71.2141
107.257
178.683
313.901
240.542
243.773
314.693
183.106
108.881
71.6514
52.2451
41.3783
35.0797
31.3405
29.6587
29.5975
31.3155
34.8166
41.0833
51.704
70.7974
107.669
179.575
313.196
240.664
243.304
316.501
182.86
107.41
70.9328
52.1229
41.2283
35.0792
31.5526
29.8777
29.7911
31.2856
34.5876
40.9067
51.9275
71.3194
106.636
175.966
310.377
241.121
242.477
312.96
182.417
108.976
71.5971
52.1571
41.3572
35.1191
31.5592
29.8829
29.776
31.1284
34.7501
41.1551
51.7122
70.911
108.023
179.669
312.571
240.396
242.541
315.996
181.883
108.542
70.9708
51.8566
41.146
35.0533
31.5086
29.8354
29.6339
31.1524
34.8067
41.2747
51.9903
71.515
109.422
182.683
314.797
240.73
242.64
312.376
180.98
107.073
71.4194
52.0531
41.2409
35.0468
31.4841
29.826
29.7496
31.2148
34.6062
41.3303
52.3546
72.0966
109.123
182.308
313.941
241.326
243.323
314.283
178.339
108.155
71.19
52.2539
41.3381
34.9973
31.4074
29.7311
29.5542
31.1957
34.794
41.3569
52.0873
71.983
107.229
181.69
310.598
241.863
243.149
309.873
178.894
107.205
71.6694
52.2988
41.2643
34.8208
31.3359
29.6888
29.5644
31.3042
34.9697
41.4301
52.5505
72.0822
108.356
181.351
313.508
242.169
245.4
313.854
180.166
108.19
71.5033
52.2575
41.2463
34.9894
31.1666
29.5965
29.5568
31.0699
34.8418
41.3383
52.466
71.8577
106.474
178.871
311.354
243.555
246.983
316.717
182.422
109.454
72.1338
52.2118
41.4397
35.0175
31.341
29.4362
29.3585
31.0555
34.6638
41.0519
52.3692
71.8719
107.51
182.032
315.47
245.074
247.496
313.869
181.83
109.172
72.0316
52.476
41.4382
34.8596
31.3643
29.6573
29.5756
31.2023
34.7978
41.2251
52.2659
71.6796
108.01
179.627
312.163
244.317
248.167
317.256
179.322
108.587
71.1996
52.3806
41.4344
35.0061
31.3615
29.6348
29.3962
31.1524
34.7314
40.9494
51.8514
71.7072
108.96
182.202
315.715
244.631
248.744
316.035
181.517
107.355
71.383
52.3104
41.3713
34.99
31.3558
29.6529
29.5902
31.1354
34.5757
40.9721
51.8782
70.8855
107
181.168
315.193
243.921
249.07
316.682
179.497
108.397
71.5847
52.0264
41.2426
34.9126
31.2923
29.4506
29.5287
30.9774
34.6742
41.0783
52.0463
71.2893
107.589
178.367
314.049
242.516
247.821
317.086
180.818
109.144
71.7604
52.0095
41.042
34.8534
31.3033
29.6509
29.5896
31.1242
34.5288
40.8565
51.8029
71.6852
108.435
180.202
313.278
242.083
246.71
313.463
181.719
108.743
71.254
51.8688
41.1293
34.6526
31.2237
29.6061
29.5574
30.9961
34.7286
41.1067
52.122
71.5564
108.011
179.144
309.795
242.001
245.388
313.105
180.668
107.25
70.8503
51.8439
40.9911
34.6507
31.1917
29.5869
29.5818
31.1683
34.713
40.8302
51.9896
71.3247
107.465
176.63
311.793
240.92
243.999
313.451
179.191
107.748
70.8984
51.7446
41.0773
34.649
30.9667
29.5017
29.5283
31.1543
34.6978
40.8503
51.6892
70.7942
106.436
177.827
311.586
241.099
243.482
312.153
179.36
107.234
70.5868
51.7223
40.967
34.7679
31.0161
29.4725
29.32
30.9364
34.5344
40.9007
52.0002
71.3814
107.941
179.387
310.918
241.24
242.742
308.514
176.664
105.547
70.3812
51.8375
41.1729
34.8132
31.0221
29.4233
29.4902
31.159
34.7609
41.0539
51.9217
71.0753
107.376
178.547
309.836
241.642
243.196
309.211
177.784
105.92
70.389
51.8142
41.1417
34.8045
31.1315
29.2746
29.4613
31.1552
34.7381
41.0529
51.7945
70.2408
106.702
177.386
308.329
241.397
244.478
309.512
176.71
105.249
70.2188
51.7155
41.0843
34.7944
31.1586
29.3233
29.2919
31.0849
34.6531
40.9737
51.7838
70.6562
105.053
174.096
304.835
241.596
243.763
307.641
174.884
105.144
70.1543
51.4592
40.8812
34.7302
31.1615
29.4904
29.4626
31.0611
34.5041
40.63
51.3974
70.5757
106.054
176.147
307.459
241.724
243.512
302.85
171.058
103.765
69.8001
51.4762
40.9974
34.5898
31.1423
29.4806
29.4457
31.0081
34.4024
40.7083
51.6081
70.3725
104.508
172.972
302.958
241.636
244.345
301.986
171.38
103.956
69.9038
51.5149
41.0099
34.6992
31.0992
29.2381
29.3203
30.7959
34.476
40.7543
51.578
70.3183
104.921
174.012
304.677
242.262
242.931
301.499
171.258
104
70.0727
51.6238
40.8714
34.5715
31.1005
29.2697
29.1232
30.7298
34.302
40.8075
51.4843
70.1198
105.106
174.799
306.892
242.775
242.29
302.74
172.258
104.175
69.6568
51.3966
41.017
34.7307
31.1212
29.3924
29.1951
30.7965
34.457
40.7552
51.3362
69.7705
104.383
173.442
305.208
242.713
242.627
297.748
170.699
103.561
69.7465
51.5467
40.9937
34.678
31.049
29.3436
29.291
30.8643
34.306
40.4318
50.8801
68.9414
102.625
171.585
304.262
242.896
242.486
298.885
167.414
101.964
69.0464
51.1693
40.6856
34.3664
30.7289
29.2099
29.2038
30.7841
34.1649
40.3854
50.8335
68.8382
102.2
168.177
302.352
242.284
242.492
294.782
166.373
101.375
68.9101
51.1875
40.7511
34.4571
30.7635
28.8895
28.8162
30.4313
34.0171
40.2348
50.596
68.5099
101.396
167.446
297.765
242.014
238.536
296.707
164.741
100.621
68.581
50.8907
40.6023
34.3062
30.6512
28.8052
28.7326
30.3317
33.8519
40.0889
50.4285
68.2013
100.8
166.296
299.748
239.274
236.657
294.897
163.273
99.8729
68.2505
50.7328
40.2295
33.8186
30.2481
28.7072
28.565
30.1582
33.6586
39.8777
50.2479
67.8928
100.024
164.598
297.661
237.961
235.609
292.666
161.686
99.0045
67.8205
50.4311
39.9921
33.69
30.0867
28.5616
28.3597
29.98
33.5251
39.7101
49.9702
67.3926
99.0037
162.685
292.459
236.94
233.723
287.256
159.729
97.8776
67.1883
50.0265
39.7416
33.4733
29.9328
28.3567
28.1944
29.9735
33.5015
39.5308
49.6841
66.859
97.9394
160.668
290.152
235.858
232.36
287.64
157.793
96.6677
66.4872
49.619
39.44
33.2243
29.6655
27.957
27.9208
29.5636
33.1397
39.2319
49.2758
66.1416
96.4615
157.712
286.402
234.833
230.883
281.749
154.866
95.0343
65.6203
49.1492
39.1185
32.9478
29.3772
27.6464
27.6656
29.3882
32.9267
38.9086
48.8147
65.3095
94.9231
155.114
283.575
233.885
229.057
279.014
151.866
93.4649
64.7931
48.6486
38.7366
32.5861
28.9928
27.3341
27.3431
29.0486
32.563
38.4945
48.2462
64.3367
92.9788
151.342
279.228
230.862
225.614
273.146
148.229
91.6509
63.8016
48.0391
38.2722
32.2026
28.6496
27.0139
27.0059
28.6077
32.0546
37.9618
47.6328
63.4205
91.0604
147.275
273.362
227.842
222.415
267.177
144.105
89.6366
62.8053
47.3625
37.7256
31.7489
28.2711
26.671
26.6656
28.2531
31.6262
37.4086
46.8407
62.2238
88.7732
142.232
265.313
222.036
218.324
258.72
139.415
87.3411
61.6908
46.5609
37.1112
31.2525
27.8507
26.2774
26.2564
27.7776
31.0711
36.7108
45.8732
60.688
85.6347
136.017
254.528
212.2
215.135
249.375
134.658
84.577
60.108
45.4236
36.2903
30.6461
27.3666
25.8427
25.8045
27.2403
30.4097
35.8785
44.7046
58.7445
82.0681
129.28
242.514
198.206
209.716
236.794
128.127
81.028
58.0619
44.0698
35.3293
29.9334
26.7963
25.3333
25.2908
26.6588
29.6942
34.9598
43.4735
56.8457
78.184
122.307
230.537
193.74
198.479
222.012
121.283
77.9003
56.0885
42.5742
34.1925
29.0544
26.08
24.693
24.6477
25.9425
28.8263
33.8536
42.0091
54.7072
73.914
115.701
218.015
189.155
190.024
206.722
113.717
74.7585
53.6615
40.7567
32.8224
27.9833
25.1955
23.8957
23.8491
25.0635
27.7888
32.5899
40.4616
52.7839
70.7083
109.607
205.025
189.475
190.873
192.383
106.196
71.019
50.7832
38.6116
31.1925
26.6966
24.1184
22.9208
22.8803
24.0098
26.5485
31.0591
38.5682
50.6392
68.3137
102.408
191.394
191.518
193.521
175.604
97.8735
65.844
47.4101
36.1635
29.338
25.2226
22.8673
21.7833
21.7603
22.8041
25.1382
29.3078
36.3411
48.0002
65.621
94.9298
175.9
195.466
202.549
162.756
91.2928
61.7532
44.1124
33.596
27.3372
23.6116
21.502
20.5413
20.5307
21.4757
23.5794
27.352
33.795
44.9253
64.4979
92.5093
166
213.182
220.094
149.287
85.3636
57.2084
40.4955
30.8348
25.2144
21.9147
20.0615
19.2261
19.2272
20.0711
21.9377
25.2834
31.0232
40.9692
58.4879
91.2298
153.631
225.114
232.902
142.797
81.5567
52.8167
36.8971
28.1173
23.1289
20.2462
18.6481
17.9363
17.9441
18.6767
20.302
23.2346
28.3233
37.3444
53.8135
83.9942
144.867
240.627
256.109
140.579
79.4925
48.8571
33.5594
25.5974
21.2153
18.738
17.3866
16.7907
16.7984
17.414
18.7918
21.3102
25.7535
33.7904
49.0351
79.1315
140.922
260.268
285.229
139.057
74.0689
44.1914
30.3
23.308
19.5479
17.4698
16.3568
15.8707
15.8768
16.378
17.5141
19.6318
23.4641
30.5798
44.596
74.0527
138.827
284.088
309.543
138.134
69.204
40.5257
27.6953
21.4611
18.2321
16.5112
15.6173
15.2281
15.2305
15.6247
16.527
18.2609
21.5154
27.7948
40.7566
69.8655
138.441
311.071
345.375
138.761
65.6455
37.0511
25.222
19.8078
17.1476
15.8031
15.1412
14.8777
14.8786
15.1436
15.8087
17.1564
19.8223
25.2405
37.0672
65.6227
138.943
343.991
373.09
137.04
59.9713
32.9414
22.6633
18.2597
16.2386
15.294
14.876
14.7227
14.7232
14.8769
15.2957
16.2415
18.2668
22.682
33.0116
60.245
137.768
374.942
403.654
129.719
51.8345
28.0238
19.9337
16.766
15.4664
14.9481
14.7509
14.677
14.6775
14.7517
14.9501
15.4659
16.7634
19.9148
27.9719
51.6614
129.242
403.053
431.916
108.223
38.8156
22.0319
17.1509
15.5761
15.0192
14.8212
14.731
14.6977
14.6978
14.731
14.8206
15.0164
15.5741
17.1615
22.0671
38.9247
108.578
432.957
466.942
57.6529
21.6933
16.1863
15.1105
14.875
14.8299
14.8013
14.7955
14.7959
14.7959
14.7955
14.8013
14.8298
14.8756
15.1093
16.1759
21.6633
57.5721
466.675
699.394
824.847
456.451
257.983
154.201
98.8282
67.7953
50.1626
40.6548
36.6641
36.6754
40.7347
50.0002
67.2355
97.6053
151.77
257.179
457.402
815.645
689.198
702.852
824.555
449.096
257.973
154.156
98.6717
67.5238
49.8465
40.3322
36.4591
36.4756
40.5081
49.7411
66.9995
97.3353
149.284
256.168
454.733
798.035
704.712
708.344
823.758
460.762
258.107
154.312
98.0315
66.75
49.0444
39.4831
36.2882
36.3408
40.3436
49.5377
66.809
97.3391
152.028
255.112
452.506
806.677
695.34
723.18
819.229
458.214
256.886
153.972
98.8535
67.7753
50.3409
40.6723
36.3882
36.0933
39.9789
48.4999
66.336
96.0207
151.724
250.398
448.628
814.441
687.571
718.306
800.688
454.073
252.745
152.283
97.8145
66.7345
50.1207
40.5002
36.1545
35.5055
39.1468
48.6165
65.5899
97.1214
150.505
256.116
434.57
798.044
689.034
716.724
817.718
445.733
255.577
154.009
98.2653
66.981
49.974
40.3973
35.9228
35.254
39.5407
48.9535
66.1491
96.4954
154.246
256.894
448.847
813.418
691.541
733.251
801.342
451.358
252.637
153.483
97.8427
67.0403
49.2412
40.1548
35.4559
35.239
40.1355
49.6486
67.0095
98.237
154.208
255.889
458.066
795.868
703.233
712.463
814.221
459.693
256.73
152.323
97.9412
67.6468
50.0104
40.0713
35.0783
35.1384
40.0068
49.5118
66.4864
98.1621
153.912
250.677
457.384
801.782
680.276
702.37
827.678
458.137
254.966
152.77
98.3853
67.5496
49.8884
39.7889
35.0835
35.1696
39.3704
48.7506
66.871
97.8152
153.814
255.815
456.306
808.004
693.449
719.269
825.406
453.938
252.767
151.809
97.9907
67.1393
49.6497
38.9462
35.3513
35.6248
40.0864
49.3458
66.61
96.5649
153.2
250.184
447.172
822.881
681.92
716.783
820.701
441.125
246.888
149.821
96.7084
65.9232
49.5012
39.8714
35.3009
35.26
40.098
49.2074
66.39
97.8119
153.111
252.817
459.363
821.133
682.706
713.635
815.547
450.319
249.323
149.95
97.5238
66.279
48.9599
39.314
36.1629
35.3892
40.1628
48.4626
65.8837
96.7563
151.262
252.662
457.248
817.389
695.322
730.338
795.326
437.066
250.814
150.653
97.5385
66.7775
49.8832
40.5839
36.5469
36.4489
40.4476
49.5423
67.1551
97.9608
153.006
255.336
453.251
811.428
679.261
713.166
816.127
446.528
247.58
151.883
96.9125
67.7688
49.2819
39.8484
36.4545
36.4043
40.3459
48.7171
66.9937
97.6881
152.322
253.282
441.355
789.57
677.927
699.08
809.972
455.627
252.981
151.548
97.9586
68.1703
50.4129
40.9218
36.5837
36.3779
40.4101
49.639
66.8057
97.2587
151.474
248.661
451.612
800.518
677.381
684.096
801.185
453.532
256.468
153.7
97.1853
68.1572
50.1888
40.7798
36.3368
36.04
40.086
49.4751
66.4448
96.8899
150.94
252.13
441.17
809.848
672.931
696.96
778.879
449.695
255.153
153.468
98.5729
68.2528
49.9212
40.6006
35.9786
34.9848
39.0249
49.1297
65.6834
96.3746
149.745
250.016
447.425
797.899
671.993
687.877
789.001
447.2
253.489
152.988
99.0078
68.3324
50.5389
39.9228
35.1999
35.0636
39.2995
49.0368
65.4347
95.2849
147.857
245.218
454.423
805.579
668.648
698.669
798.145
437.155
248.803
150.903
97.9457
67.4646
50.0012
40.5085
35.6999
35.1136
39.3228
48.4571
65.8708
96.6088
150.278
247.119
452.766
822.329
672.006
677.601
812.688
444.191
253.213
152.25
99.0028
68.5161
50.9341
40.9127
35.033
35.3394
39.7765
48.8497
64.9351
95.8523
151.323
249.282
448.965
819.02
686.122
679.768
798.089
449.693
257.188
153.088
99.7012
68.4829
50.9018
40.9624
35.7678
36.0025
39.3993
49.3418
65.9806
97.373
151.375
242.511
435.941
815.165
669.408
680.205
819.205
440.98
256.769
154.65
99.5235
67.4052
50.6042
40.841
36.333
36.081
39.9846
49.2673
66.5853
97.433
151.861
249.828
450.236
811.664
671.708
683.84
818.347
453.484
257.076
154.407
98.6553
67.7868
50.3913
40.632
36.0403
35.7727
39.6317
48.2706
65.5225
97.1209
151.805
253.45
446.39
792.034
677.842
685.167
814.654
443.85
256.197
152.804
99.5315
68.2652
49.6829
40.257
35.2096
34.9555
38.9609
48.4373
65.9534
96.8469
151.19
252.098
435.873
810.026
690.214
698.803
813.243
457.602
255.677
154.842
99.5108
68.1228
49.5326
39.5807
36.0668
35.7828
39.7168
48.5272
65.6293
96.5407
150.585
251.607
446.105
792.161
676.796
680.03
806.855
456.193
252.344
154.602
99.3165
67.855
49.6073
39.7178
35.9595
35.2349
39.0124
48.8694
66.1034
95.4841
148.317
246.721
435.199
799.647
669.656
678.734
800.435
454.009
257.145
154.443
98.4053
66.983
49.3517
40.0107
35.9926
35.3479
39.4935
48.3288
65.6399
96.5965
150.348
251.561
444.316
809.794
683.663
682.042
779.697
451.943
256.352
153.863
99.146
68.2345
49.8963
39.1584
35.8204
35.8736
39.0502
49.3856
66.7226
95.763
148.045
250.397
453.933
828.972
680.884
682.795
795.295
444.862
252.153
151.62
98.6768
68.0479
50.6905
40.044
35.3752
35.9354
39.794
49.3994
66.6867
96.9785
149.709
243.593
450.424
828.986
686.384
693.529
814.043
456.449
256.684
152.412
98.4629
67.1802
50.7473
40.897
36.3294
35.9026
38.8864
49.2778
66.4359
96.1176
148.228
246.316
438.391
827.172
702.977
690.201
802.605
453.335
255.423
151.854
97.5178
68.0938
50.6337
40.6274
36.0928
35.891
39.2246
49.2108
65.7492
96.8259
149.807
249.31
455.18
827.425
688.467
685.884
828.442
443.106
253.781
152.471
97.5929
67.8911
50.3822
40.1186
35.1126
35.7879
39.7762
49.3281
66.5603
96.1375
147.454
241.875
452.496
824.181
702.618
687.919
826.452
445.674
252.854
151.879
97.243
67.7346
50.2719
39.8394
35.4142
35.7039
39.6057
49.1611
66.5562
97.2234
150.231
246.489
443.346
821.28
675.108
701.216
825.431
447.783
251.501
150.304
96.8469
67.4456
50.1283
40.3086
35.7839
35.5672
38.6285
48.8786
66.2538
97.0053
151.41
248.054
453.634
817.228
678.523
690.126
821.442
454.081
247.179
151.174
97.3061
67.271
49.9962
40.1046
35.0272
35.3629
39.0595
48.837
66.0171
96.6794
150.211
250.699
442.672
808.569
678.666
699.962
818.022
451.024
251.091
150.554
97.4387
66.309
49.2063
39.3486
35.6086
34.7396
39.5551
48.7715
65.13
95.6203
151.748
253.982
448.198
794.206
683.61
683.506
811.246
439.3
253.396
151.809
96.9773
67.3506
50.1298
39.8109
35.2844
35.0136
39.5765
48.8043
65.9529
96.3518
151.371
250.217
452.56
814.441
690.049
698.16
794.316
447.876
250.814
150.283
98.2627
66.8569
50.0924
40.4246
35.8727
35.4556
39.4642
48.6118
65.7801
95.3129
150.182
253.312
462.636
830.63
678.58
687.528
811.658
439.437
254.932
151.093
98.5329
68.0067
50.3827
40.3632
35.6192
34.7164
39.301
48.472
65.624
96.3839
151.831
255.977
461.104
827.553
683.206
674.831
794.056
452.676
255.147
151.529
98.5103
67.8607
50.2257
40.0959
34.8701
35.3713
38.7244
47.5692
65.1698
95.0952
149.681
251.216
458.299
823.259
696.205
674.812
808.861
450.964
253.948
152.799
98.5809
67.6428
50.1798
39.6032
35.0169
35.093
39.5679
48.4721
64.7193
96.02
151.933
257.518
456.105
803.326
673.258
678.428
789.951
439.901
252.173
152.578
98.452
66.7367
49.7654
40.8333
35.5245
35.9263
39.6724
48.4983
65.193
94.9294
149.908
256.732
453.909
814.558
676.233
687.899
811.638
454.501
249.487
152.24
98.4346
67.6481
50.9011
41.1517
36.2579
36.0782
39.5237
48.2083
64.2464
96.327
151.664
256.123
443.491
794.15
677.617
669.797
791.168
452.243
252.737
152.181
97.8131
68.6168
51.0739
41.2957
35.7035
36.0364
38.9076
47.6115
64.5247
96.256
150.079
256.001
452.884
811.984
681.648
681.491
812.116
451.6
248.934
151.694
98.8715
68.8007
51.2902
41.4875
36.8498
36.3199
40.2863
48.9997
64.9938
96.2416
152.841
255.544
442.884
819.804
683.697
667.345
799.846
441.322
253.436
150.932
98.5179
68.614
51.1165
41.3688
36.769
35.6994
40.2769
49.0156
65.8563
95.3141
152.828
255.461
445.025
804.13
701.779
666.613
810.394
453.589
253.305
152.573
99.0146
68.5261
50.8877
41.3217
36.8304
36.3847
40.4476
48.4786
65.4802
97.4702
152.754
255.473
447.605
813.133
689.461
669.05
802.701
452.203
251.594
152.167
98.7115
68.189
49.9254
41.0725
36.6504
35.5862
40.4654
50.1011
67.2525
97.5822
152.43
255.029
453.716
821.731
677.856
669.709
779.474
449.989
246.932
151.693
97.8698
67.3956
50.176
40.9345
36.6915
36.3052
40.3614
50.1906
67.4205
97.5017
151.907
254.064
450.587
817.956
680.393
673.946
798.227
450.068
248.456
151.5
98.3224
67.7577
50.4891
40.4726
35.9635
35.5771
39.5399
50.1416
67.3459
96.4543
149.739
253.029
439.746
799.461
697.229
676.845
806.853
447.927
248.533
150.278
98.7129
68.0985
50.3607
40.1768
36.8062
36.8184
40.7544
50.3175
67.519
97.8369
151.733
252.881
448.012
809.287
688.699
691.727
790.435
445.234
251.138
151.613
98.648
67.8085
49.5441
40.2562
36.7273
36.7003
40.0974
50.1233
67.3265
97.5749
150.429
251.399
455.186
818.181
682.226
678.267
799.549
437.632
248.887
151.792
98.0447
66.9814
49.9874
40.7571
36.673
36.5749
40.6248
50.0335
67.1966
97.3347
151.216
244.966
452.93
802.721
684.211
679.792
792.757
446.656
251.406
150.893
98.5416
67.3547
49.2829
40.5074
36.4363
35.7523
40.2134
49.1748
66.1894
95.9944
151.063
249.969
451.398
817.664
689.137
682.148
770.768
444.678
250.041
151.11
98.4538
67.8671
49.9455
39.6985
36.1929
36.1315
39.6409
49.8206
67.2169
96.9179
149.719
251.537
448.126
799.191
699.46
693.537
783.681
444.145
246.047
151.315
97.8607
67.6691
49.1354
39.5708
36.0148
36.0104
39.507
49.5846
67.0891
96.1014
150.968
247.384
438.566
803.295
673.411
663.215
791.459
443.016
248.572
151.117
98.2769
67.4801
49.3516
39.3802
35.2386
35.3027
39.4018
48.8108
66.8592
96.867
150.737
248.189
441.721
806.762
675.626
666.213
774.598
440.613
245.581
149.708
98.0941
67.2512
48.3877
39.5497
35.6563
35.7881
39.7936
49.2159
66.6809
97.1048
149.701
247.063
443.372
817.282
675.055
668.418
794.169
440.012
246.618
150.1
97.9658
66.6799
48.894
38.982
34.8544
35.4327
38.9214
48.8975
65.8116
96.2813
150.124
247.207
448.664
802.146
677.333
681.728
779.752
436.811
248.265
149.773
97.7785
67.1328
49.4612
39.1047
35.3352
34.8639
39.4116
48.6678
66.0309
96.2347
148.864
247.945
446.338
824.192
676.276
688.189
800.437
428.891
247.066
149.622
97.4705
66.2155
49.1819
39.3773
34.6681
34.6364
39.0106
47.6596
65.6638
95.801
148.495
245.134
434.803
820.685
679.038
696.404
799.066
438.721
246.453
148.906
97.2072
66.5468
48.2266
38.8899
34.6582
34.2223
38.1549
47.7563
64.8242
94.8165
147.523
244.891
435.896
817.233
686.411
697.449
795.095
435.924
245.143
148.492
96.2145
65.5043
47.8407
38.4148
34.23
33.8565
37.7643
46.9543
64.3715
94.4247
146.751
243.046
431.585
810.641
653.22
698.273
791.747
432.676
241.223
147.77
95.8485
65.1309
47.2361
37.517
33.5174
33.5021
37.3178
46.3537
63.7867
93.7686
145.917
241.522
429.46
793.906
655.524
691.618
786.396
429.118
241.414
147.359
95.2377
64.2637
46.3609
36.7118
32.6775
32.4567
36.4459
45.7909
62.9611
93.2328
145.306
239.75
429.145
807.567
657.785
678.038
782.346
425.484
239.722
146.71
94.4271
63.7598
45.9267
36.4526
32.7528
32.215
36.0364
45.2859
62.3768
92.648
144.521
236.156
421.846
788.226
660.557
686.294
775.935
421.293
237.909
145.893
93.7174
62.955
45.4773
35.8697
32.3543
31.8015
35.5125
44.5455
61.4816
91.7928
143.64
234.759
422.079
789.549
674.084
663.03
757.822
416.829
236.31
145.242
93.0782
62.4069
45.0915
35.3849
31.4063
31.2996
34.9413
43.7309
60.6655
90.9202
142.63
232.577
417.787
783.278
649.656
672.065
771.271
408.462
233.16
144.052
92.1422
61.6759
44.4482
34.8268
30.8202
30.6244
34.2129
42.8987
59.8905
90.0118
141.266
229.954
413.149
779.921
649.35
649.163
763.954
407.994
231.972
142.909
91.1662
60.8692
43.7398
34.2479
30.1916
29.9417
33.5037
42.258
58.9413
88.8326
140.017
228.131
409.218
778.158
663.819
647.756
756.558
396.536
228.93
141.312
89.8229
59.8188
42.8748
33.5702
29.4964
29.2319
32.8033
41.3519
57.859
87.693
138.771
225.518
400.428
779.326
641.483
645.003
736.714
392.138
226.351
139.493
88.1805
58.3428
41.6028
32.8341
29.0304
28.8081
32.1874
40.3873
56.5828
86.1589
137.157
222.783
395.962
759.945
647.303
635.721
741.009
387.018
222.972
137.209
86.4218
56.8722
40.6854
32.1629
28.5011
28.3902
31.7782
39.5642
55.3254
84.5249
135.23
220.323
391.127
762.635
598.884
626.991
731.968
380.504
219.637
134.938
84.6634
55.5789
39.6277
31.3917
27.8954
28.1641
31.8373
39.0349
54.1953
82.8145
132.976
217.109
383.884
740.718
592.408
622.285
707.742
373.246
215.479
132.13
82.6315
54.0935
38.4273
30.5269
27.3853
27.6237
31.4555
38.4637
53.0835
81.0001
130.475
213.311
378.083
735.61
582.475
595.568
700.579
366.05
210.528
128.776
80.305
52.5414
37.4953
29.9327
26.9023
27.3345
30.6071
38.2951
52.0871
79.3138
128.138
209.123
372.351
717.337
576.321
566.228
683.843
358.162
205.277
125.17
77.8665
51.0155
36.5187
29.2016
26.2718
26.6782
30.011
37.1968
50.925
77.3865
125.107
204.344
365.529
705.11
565.687
556.355
668.086
347.705
199.544
121.259
75.2998
49.3957
35.4456
28.4343
25.6212
25.9662
29.1527
36.243
49.5781
75.3478
121.731
196.765
356.452
692.712
559.391
544.177
646.728
334.681
193.082
116.709
72.3034
47.5105
34.2563
27.5685
24.8024
24.912
27.8722
34.717
47.9825
73.0733
118.332
190.62
348.17
674.508
550.209
523.881
626.245
320.71
186.183
111.756
69.102
45.5703
33.0375
26.7201
24.0938
24.1757
26.9813
33.5391
46.3566
70.5662
114.433
182.972
337.939
657.662
548.268
500.063
604.458
306.737
177.574
106.02
65.5075
43.426
31.7581
25.8683
23.4129
23.4865
26.1266
32.3458
44.5774
67.6918
110.024
175.739
325.948
635.633
551.9
487.641
581.767
292.647
167.648
99.9407
61.8359
41.2966
30.5085
25.0614
22.7824
22.8537
25.3155
31.1178
42.596
64.5276
105.395
172.954
312.09
609.786
502.895
472.722
556.92
279.136
159.594
94.0118
58.2044
39.182
29.2378
24.2071
22.11
22.1833
24.461
29.8123
40.4203
60.8944
99.7881
172.141
298.982
584.72
499.384
458.706
526.264
263.607
148.801
87.1694
54.1897
36.9469
27.9443
23.378
21.4644
21.5238
23.5939
28.4694
38.1884
56.9779
92.9259
159.08
282.911
553.064
499.514
432.331
487.988
245.457
137.438
80.1103
50.1492
34.6456
26.5908
22.5087
20.7929
20.8422
22.6899
27.0376
35.6748
52.4645
85.0794
147.237
264.244
518.461
441.544
406.267
453.662
226.429
124.473
72.5671
45.9545
32.2916
25.1919
21.5864
20.073
20.1168
21.7439
25.5668
33.1706
48.0058
77.0011
133.141
242.204
477.974
439.98
392.71
405.084
201.394
110.051
64.7471
41.6623
29.8209
23.7126
20.622
19.3284
19.3692
20.7745
24.0628
30.578
43.2999
68.432
118.149
216.654
427.474
416.493
389.458
358.534
176.747
96.2785
56.9443
37.2415
27.3144
22.2049
19.6205
18.5432
18.5854
19.7706
22.5281
27.9713
38.5772
59.6613
102.195
188.552
373.298
398.649
393.503
307.488
150.612
81.8122
49.0435
32.9489
24.8808
20.7345
18.6371
17.7636
17.7985
18.7642
21.0143
25.4596
34.1158
51.4147
86.766
160.648
323.994
386.417
343.124
265.584
130.613
70.025
42.4105
29.2217
22.701
19.3721
17.6991
17.0065
17.0327
17.7932
19.5679
23.0771
29.918
43.6978
72.3323
134.56
277.161
372.517
342.305
229.85
109.15
58.5976
36.2605
25.8165
20.7056
18.1173
16.8293
16.3013
16.3221
16.9064
18.2836
21.0278
26.3902
37.1883
59.9955
110.775
229.099
349.667
366.787
201.125
95.1796
50.6666
31.7161
23.1737
19.0917
17.0684
16.0838
15.6863
15.6958
16.1207
17.1517
19.2574
23.471
32.1525
51.0413
95.0584
201.369
356.508
372.705
174.162
80.9611
43.1086
27.6318
20.8647
17.7032
16.1804
15.4658
15.1881
15.1964
15.4967
16.2505
17.8431
21.1289
28.0715
43.6485
81.2147
173.505
363.367
385.95
161.038
72.476
38.1437
24.8313
19.2119
16.6873
15.5316
15.0176
14.832
14.8363
15.0324
15.5638
16.7491
19.3295
25.0226
38.3589
72.2534
160.512
388.754
400.78
150.285
64.7332
33.7599
22.3974
17.8335
15.9041
15.0851
14.7678
14.6621
14.6644
14.7747
15.1069
15.9566
17.9515
22.6501
34.3281
66.0167
152.034
402.861
423.731
145.085
59.0571
30.2948
20.497
16.8284
15.408
14.88
14.6974
14.6351
14.6357
14.6982
14.8831
15.4024
16.8048
20.4388
30.1598
58.6494
143.671
423.599
439.007
135.382
52.0443
26.5406
18.6303
15.9619
15.0553
14.7804
14.6865
14.6556
14.6563
14.6875
14.785
15.0699
15.9975
18.7025
26.698
52.5047
136.314
435.993
449.736
122.918
43.3213
22.4437
16.8431
15.2783
14.8716
14.7549
14.7147
14.7058
14.7061
14.7142
14.7548
14.867
15.2691
16.8057
22.3097
42.9207
122.189
452.15
461.75
96.1925
31.3025
18.2145
15.6166
14.9695
14.8178
14.7695
14.7644
14.7656
14.7656
14.765
14.7708
14.8173
14.9694
15.618
18.2892
31.4935
96.5779
460.769
471.402
47.8069
18.0841
15.0127
14.7416
14.8104
14.8134
14.8233
14.8269
14.8276
14.8276
14.8267
14.8231
14.8128
14.8075
14.7356
14.9886
18.0361
47.811
471.914
1270.64
1278.33
750.814
443.515
273.188
168.583
104.644
67.9792
48.9564
41.2258
41.0956
48.4401
66.0946
98.4115
157.123
257.038
432.985
749.398
1308.12
1266.37
1280.22
1272.89
738.565
437.741
271.734
166.471
102.16
65.6695
46.9289
40.5536
40.518
47.8487
65.738
96.3723
154.986
253.665
431.726
744.545
1308.43
1288.83
1291.82
1253.96
758.437
443.884
274.189
167.211
103.129
66.9139
47.8701
40.2409
40.0801
46.3747
65.8518
97.6217
156.252
254.834
430.393
725.706
1307.33
1291.75
1319.74
1290.52
759.435
447.901
273.851
166.892
103.675
67.9685
48.6259
38.8776
38.8491
47.7395
65.8392
98.6018
157.087
254.869
429.493
731.509
1303.91
1292.02
1314.28
1284.69
756.181
445.03
271.417
167.842
101.713
67.6788
48.5079
39.2041
40.0324
46.5159
65.5133
98.033
156.649
256.885
424.743
730.001
1299.86
1271.5
1314.23
1278.38
752.276
445.751
272.961
166.543
103.534
67.5162
48.2698
39.0097
39.1701
47.2622
65.1092
97.5621
154.206
254.521
434.526
736.316
1292.78
1234.99
1296.21
1250.98
737.842
439.986
270.951
168.755
101.514
67.1038
48.0113
39.3694
40.3639
46.0405
64.4469
96.8897
155.668
257.878
433.822
749.256
1286.86
1230.79
1304.29
1265.4
744.357
444.777
273.364
168.716
101.591
66.6925
47.5992
39.9346
40.5198
47.3198
64.5664
94.7071
156.886
257.191
431.574
746.212
1260.64
1233.42
1333.24
1276.7
743.046
448.12
275.058
168.499
101.792
66.5033
46.2997
40.6263
40.306
45.8243
64.6882
97.2082
156.642
253.526
423.923
743.006
1287.27
1234.35
1329.2
1302.07
745.537
447.246
274.424
167.607
102.765
66.1712
47.9594
40.5872
40.3256
46.4926
63.3674
98.069
154.86
255.623
431.596
728.021
1265.07
1241.78
1337.45
1300.56
751.278
445.531
273.724
166.098
100.915
64.0126
47.3653
40.2109
40.0392
47.2773
63.7501
96.7083
155.053
256.43
430.873
751.999
1306.56
1247.01
1343.64
1294.93
763.806
440.572
272.975
166.778
104.329
67.0288
46.3079
39.8832
39.6662
47.1027
63.149
97.7359
155.359
254.96
422.066
747.424
1302.7
1274.87
1350.17
1271.62
761.546
442.981
271.417
166.869
104.063
66.8361
48.3094
38.8592
38.0885
45.9372
63.0394
97.3011
154.398
251.968
427.852
743.304
1297.54
1246.04
1348.75
1299.29
759.33
444.698
272.661
168.167
103.924
65.0446
48.0089
40.2981
39.2353
47.5812
63.4364
95.7582
151.819
253.992
425.327
727.926
1288.66
1250.24
1340.58
1277.92
745.749
446.744
271.812
167.475
102.201
66.4905
47.6931
40.0727
40.2699
47.8856
64.5162
96.8671
152.588
253.345
420.174
747.613
1265.1
1259.08
1369.49
1301.27
758.888
442.05
268.655
166.764
104.05
64.9215
45.7179
39.4257
40.0762
47.7848
64.1856
96.4906
154.129
252.875
427.541
748.439
1294.19
1282.35
1338.64
1294.13
742.976
441.143
268.928
166.192
103.965
65.188
46.3556
38.216
39.7129
47.8646
63.7137
94.425
152.029
249.441
425.525
744.953
1268.9
1242.8
1371.56
1270.79
743.936
440.737
266.257
165.135
103.608
65.9564
47.3113
40.1426
38.9661
48.0243
62.722
96.3438
155.036
252.857
417.822
742.789
1296.87
1253.31
1338.93
1277.63
740.218
434.378
265.471
164.513
103.391
67.9518
49.1148
40.5755
41.126
48.6513
65.332
98.2674
153.564
250.809
423.271
737.677
1291.74
1261.29
1360.78
1282.7
738.323
434.594
265.378
162.394
102.838
67.9276
49.1739
39.2375
41.0635
48.6406
64.9833
98.4396
156.714
254.77
420.528
732.225
1267.72
1296.69
1298.65
1301.33
738.839
433.583
266.277
163.219
102.46
67.4727
49.1694
41.4137
41.2997
48.7777
63.5604
98.0566
156.616
254.692
412.342
717.136
1292.12
1295.9
1303.88
1300.89
744.294
436.283
268.359
163.958
101.399
67.0092
48.9039
41.2294
41.0287
48.774
66.4612
97.053
156.308
254.92
416.893
730.414
1285.46
1302.25
1305.8
1297.77
755.354
440.914
268.309
161.969
99.9811
65.1119
47.4656
41.0028
40.6562
48.3786
66.5495
100.848
155.082
254.985
419.569
715.295
1259.17
1291.9
1332.72
1294.15
752.33
442.403
267.939
164.142
100.57
67.1592
49.3084
40.7197
39.047
47.7489
66.2791
101.298
159.427
253.052
427.778
731.225
1283.61
1258.15
1285.77
1286.1
747.709
443.702
265.426
162.112
100.211
67.066
49.3547
39.8001
39.4333
46.5201
65.6026
101.438
161.73
257.089
427.16
713.522
1279.21
1277.02
1283.97
1281.25
732.908
442.425
268.89
164.616
101.435
66.6739
49.3201
40.9537
40.0096
46.4259
63.9365
101.223
161.904
261.374
424.944
721.971
1271.92
1241.56
1288.22
1263.5
744.076
441.789
268.418
164.352
103.586
65.1041
49.0354
40.7127
38.9159
46.4994
66.0871
101.301
161.711
262.03
437.959
730.846
1265.5
1273.24
1287.43
1283.74
729.924
439.768
267.535
163.414
103.759
67.5896
48.963
39.734
39.918
46.5637
65.7168
100.906
161.243
260.96
439.941
749.711
1238.09
1266.99
1290.56
1279.53
731.78
438.387
266.68
160.626
103.125
67.1678
48.8766
41.0446
38.8876
46.7918
64.356
100.565
160.737
256.867
439.685
752.589
1250.53
1263.11
1289.28
1272.59
727.573
436.984
264.53
163.627
102.703
65.6051
47.3559
41.1028
39.3586
47.8376
66.5268
99.0785
160.588
261.559
439.732
754.173
1255.51
1291.08
1295.4
1264.41
725.397
432.475
265.624
165.485
102.254
65.342
49.0002
41.2591
39.7839
46.7155
66.4189
99.186
158.317
257.383
440.824
756.904
1275.02
1262.92
1298.51
1237.79
726.011
436.158
266.423
165.033
100.297
65.3064
49.074
41.364
41.0407
48.6118
66.5281
99.4217
160.255
260.459
440.154
757.24
1269.32
1276.06
1330.23
1257.35
738.062
433.42
263.675
164.688
102.213
65.956
48.892
41.1237
40.6975
48.2615
66.144
99.9356
162.148
263.095
438.83
758.966
1243.86
1287.84
1316.3
1274.47
731.374
436.944
266.119
163.367
100.07
67.2343
48.8754
40.987
40.6991
47.8489
65.7524
99.4405
161.808
262.077
431.599
761.452
1270.09
1307.09
1300.63
1267.42
729.314
435.515
263.837
165.141
101.468
67.212
48.5101
40.6234
40.226
46.0805
63.8536
100.528
161.255
258.893
440.081
763.738
1294.68
1343.65
1323.27
1241.99
742.517
431.403
266.082
165.193
102.875
66.8968
48.1965
40.3202
40.0017
46.5042
64.1778
100.108
161.066
262.021
437.849
761.755
1274.05
1331.06
1276.56
1245.88
739.626
436.364
264.803
163.776
102.463
66.317
46.4421
38.7755
38.6414
46.8158
64.7962
98.1806
158.831
260.172
428.593
760.272
1323.87
1373.1
1282.93
1246.11
735.925
430.629
268.448
166.618
101.225
64.4469
47.8572
40.2171
39.673
45.4253
63.2139
98.8667
160.743
261.352
430.269
756.061
1320.53
1375.1
1288.09
1256.09
723.536
434.743
268.777
166.986
101.029
64.8681
47.7113
39.9695
38.8389
47.2084
65.2153
99.5154
160.46
260.505
427.557
738.183
1314.93
1367.68
1316.7
1282.02
731.901
439.893
268.692
167.021
101.958
64.467
46.2498
38.6699
40.1625
48.9406
66.5963
101.09
159.992
259.819
430.466
752.817
1306.23
1407.04
1315.08
1279
738.376
439.762
269.439
167.317
104.247
65.5658
47.8977
39.9137
38.955
48.8285
64.9342
100.707
158.75
257.2
435.356
748.168
1272.09
1356.1
1326.63
1274.2
721.35
438.069
268.68
166.886
104.422
67.2569
49.6328
41.522
40.2852
49.2564
66.3565
99.6091
161.33
260.274
434.141
744.59
1293.24
1301.36
1327.6
1255.52
743.339
435.648
266.443
166.221
104.183
65.4358
49.5604
41.7421
41.731
49.2788
65.0884
101.482
161.16
257.622
432.425
739.35
1265.23
1247.83
1324.4
1298.63
761.615
442.9
269.574
164.855
104.359
68.9236
49.6933
41.558
41.5996
49.3243
67.2594
101.487
161.291
262.382
431.215
730.066
1283.17
1248.95
1335.93
1296.57
759.799
439.659
269.139
166.212
104.039
68.9145
49.4626
41.2601
41.5764
48.781
65.7509
101.03
160.946
262.311
426.156
741.032
1260.78
1246.16
1365.85
1293.92
757.785
438.91
266.971
167.544
102.747
68.6527
49.1989
39.5271
41.1558
47.2879
67.7392
99.7259
159.165
262.783
433.064
738.711
1286.05
1252.22
1338.79
1285.11
754.625
444.876
270.142
169.641
105.906
69.2437
47.9695
40.2841
40.629
48.238
68.1894
103.391
163.036
262.617
432.092
724.984
1276.69
1268.88
1324.42
1278.07
751.239
443.756
272.989
169.413
104.174
69.0225
49.6865
41.7426
42.0674
49.6603
68.0504
103.379
163.017
262.298
431.577
740.787
1267.91
1216.4
1350.72
1251.5
737.993
437.978
272.886
168.368
105.809
68.7638
49.2808
41.3091
41.7489
49.323
67.7837
103.495
163.403
261.712
429.847
738.636
1242.77
1224.05
1311.36
1274.88
753.926
444.657
272.891
169.606
105.155
66.5657
47.0708
39.3411
41.2826
48.7526
67.1332
103.041
163.017
260.938
428.008
737.189
1253.85
1238.62
1338.8
1298.82
751.694
442.824
272.244
168.894
103.017
67.3946
47.5516
40.2302
41.2893
47.4244
65.4568
102.484
162.764
261.167
421.727
736.007
1262.75
1256.25
1301.35
1295.91
735.432
435.117
269.772
168.478
103.822
68.2356
47.5962
41.0002
41.3908
49.2737
67.6893
101.234
160.951
260.761
428.676
733.296
1286.8
1258.42
1301.54
1290.99
745.755
437.963
271.437
167.066
104.414
67.8053
48.4398
40.7839
41.1162
48.7247
67.316
102.334
161.312
258.15
426.65
727.974
1284.28
1267.24
1307.71
1284.46
731.162
436.754
270.948
167.404
102.534
67.4502
46.673
40.1427
40.6848
46.9623
66.676
101.87
160.943
260.522
425.054
710.903
1279
1280.63
1311.68
1263.23
741.474
440.123
270.403
167.749
104.234
66.0248
47.946
38.8574
40.5871
47.452
64.8595
99.9714
160.451
259.788
423.675
717.696
1274.07
1271.71
1338.44
1281.71
728.616
438.458
269.492
165.866
102.353
66.0811
46.7827
40.1174
40.4698
48.1026
65.0823
101.375
160.393
259.002
419.319
722.287
1252.09
1262.3
1297.18
1296.17
734.043
434.766
268.476
165.913
102.923
66.4195
47.2971
39.4059
39.874
47.7754
64.5243
100.899
160.523
258.043
424.233
710.645
1279.04
1292.71
1297.41
1292.45
740.176
436.779
267.432
165.045
102.082
65.6168
45.4802
38.3262
39.3061
47.2952
64.2827
100.148
158.407
257.886
423.382
723.488
1274.62
1269.96
1302.9
1272.2
731.164
434.638
266.647
162.533
99.3846
63.4686
46.3255
38.9357
37.8578
46.7911
64.7873
99.5929
159.052
256.745
421.262
718.165
1267.14
1304.33
1304.1
1288.89
732.451
432.772
264.799
161.576
98.6734
63.2587
44.6226
38.486
38.6666
45.165
62.665
98.5949
158.016
255.43
418.79
702.372
1257.07
1282.39
1305.87
1281.29
721.337
427.612
262.825
159.964
96.4977
60.7967
44.7665
36.9406
37.1996
44.9276
63.495
97.7168
156.993
254.118
417.179
712.618
1244.24
1254.58
1322.59
1255.81
710.171
425.829
261.39
158.395
95.1835
60.2741
44.2565
36.7498
37.2651
44.007
61.2593
95.0578
154.645
252.765
414.618
706.533
1213.21
1270.08
1239.27
1267.5
706.763
421.195
258.098
156.061
93.405
58.8961
42.5257
35.9933
36.6512
43.314
60.5178
94.0702
153.552
251.574
412.09
701.979
1219.17
1215.32
1236.06
1261.03
699.192
417.573
255.361
153.493
91.4679
57.609
42.3507
35.7318
35.0753
42.3253
59.2072
92.4118
151.772
249.016
405.917
687.711
1207.68
1217.21
1230.31
1251.55
694.097
413.82
252.565
150.513
89.3414
56.4003
41.5582
35.0577
34.4929
41.3755
57.7395
90.5409
150.678
248.055
405.058
686.07
1204.71
1214.98
1249.31
1241.87
687.244
409.832
249.525
148.116
87.5303
55.0547
39.6001
33.3268
33.7418
40.4085
56.5252
89.4413
149.34
246.5
402.096
679.852
1201.16
1217.71
1205.77
1228.01
681.1
406.544
246.454
145.345
85.7701
53.9886
39.2838
33.1129
32.9554
39.579
55.5457
88.5633
148.063
245.097
399.917
677.355
1203.96
1217.57
1222.25
1215.75
673.28
400.851
242.207
142.388
83.9932
53.2529
37.791
32.2327
32.1081
38.4612
54.8197
88.5024
146.096
242.992
397.536
668.688
1216.21
1230.22
1154.85
1180.61
662.621
394.552
238.521
139.858
82.1577
52.143
36.8898
30.7702
31.0899
37.5108
54.1389
87.2772
143.783
240.534
394.787
664.735
1204.73
1246.41
1145.33
1171.75
653.625
389.114
234.93
137.255
80.2789
50.302
35.7777
29.9806
29.9788
36.4531
52.7936
84.5005
141.481
237.295
390.894
656.309
1184.45
1240.14
1158.33
1145.3
641.354
381.73
230.544
134.405
77.9283
48.6945
34.4726
28.9285
29.1842
35.3428
50.998
81.542
138.054
233.411
386.778
651.311
1163.02
1224.4
1119.3
1131.25
628.767
373.593
225.28
131.292
76.0062
46.6879
33.1893
28.0026
28.2636
34.0263
48.5731
78.6892
134.84
229.362
381.011
642.636
1159.88
1193.47
1119.42
1115.94
615.113
364.089
219.703
127.922
73.7486
45.3781
32.1541
27.0365
27.2779
32.7173
46.6405
75.8055
130.415
223.94
374.775
634.047
1144.87
1204.54
1122.61
1095.87
599.082
352.642
212.884
123.517
71.0857
43.6355
31.1098
26.2844
26.4878
31.7467
44.9235
72.5645
126.25
218.312
367.152
623.507
1131.8
1125.24
1115.71
1076.07
586.524
344.407
207.599
119.374
68.2566
42.0225
30.1627
25.6233
25.6592
30.6093
43.159
69.8297
121.391
211.787
358.403
610.694
1116.26
1118.94
1084.99
1053.25
574.303
334.372
200.829
114.741
65.2354
40.4768
29.352
25.0004
24.9583
29.4296
41.113
66.4784
116.17
204.043
347.334
594.303
1091.92
1110.56
1052.74
1032.16
562.848
326.512
193.97
109.213
61.874
38.8163
28.4546
24.3618
24.2905
28.4238
39.265
63.0672
110.529
195.517
335.093
574.896
1065.88
1106.24
1065.73
1007.56
545.906
317.997
186.045
103.781
58.8351
37.3702
27.5999
23.7357
23.6375
27.4458
37.4777
59.602
104.477
186.461
321.955
555.251
1032.33
1037.61
1038.41
973.791
522.536
307.373
176.27
97.2606
55.5775
35.8203
26.7314
23.1293
23.0146
26.4715
35.609
56.0548
98.4228
176.91
308.233
534.575
1005.95
1042.8
987.684
936.074
496.421
293.092
166.324
91.2131
52.2533
33.992
25.7622
22.5324
22.4653
25.6436
34.0413
52.8585
92.2841
167.07
294.175
513.514
973.055
994.718
985.625
896.302
473.534
272.461
154.168
84.6448
49.0117
32.3654
24.858
21.9635
21.9636
24.8047
32.389
49.5429
86.1253
156.291
276.669
485.843
935.613
990.324
896.801
850.374
446.941
257.004
142.825
77.8094
45.5004
30.6675
23.9698
21.3799
21.4714
24.0014
30.7993
46.0913
79.2023
144.393
258.006
456.592
884.497
988.653
885.879
810.86
424.267
239.016
131.059
71.4882
42.3301
28.982
23.0141
20.7216
20.746
23.1038
29.2007
42.7817
72.1718
131.422
237.879
425.187
830.77
900.692
807.818
763.794
396.446
219.114
117.754
64.2315
38.8942
27.2982
22.0727
20.0391
20.0561
22.1613
27.4871
39.2719
65.0044
118.141
215.893
392.272
775.594
830.48
804.131
715.751
364.137
197.459
105.048
57.7864
35.6638
25.6348
21.0899
19.3259
19.3692
21.207
25.7782
35.7957
57.5908
103.527
191.857
356.575
719.298
801.987
801.185
654.755
324.736
172.024
90.4286
50.4352
32.206
23.8965
20.1064
18.6177
18.6489
20.1883
24.024
32.3522
50.4491
89.3175
166.872
315.882
649.779
805.794
815.184
590.802
284.201
147.115
77.1082
43.88
29.0028
22.286
19.2326
18.0304
18.0434
19.2848
22.398
29.1375
43.7139
75.5224
140.973
272.524
572.869
737.352
776.833
511.234
237.774
119.332
62.6861
37.0961
25.813
20.6739
18.3114
17.384
17.3925
18.3637
20.818
26.1226
37.4746
62.2117
115.877
230.215
495.798
729.989
793.409
435.607
196.772
96.7938
51.6099
31.806
23.1761
19.2862
17.5265
16.8464
16.8689
17.6019
19.44
23.448
32.1517
51.45
94.0285
189.022
417.057
677.381
687.401
347.827
153.279
74.12
40.6377
26.7262
20.7227
17.9995
16.7612
16.2855
16.3038
16.832
18.161
21.0645
27.3894
41.7791
75.4173
154.361
348.334
652.044
614.436
277.751
120.379
58.2967
33.3458
23.2175
18.8844
16.9608
16.1234
15.8188
15.8423
16.208
17.14
19.2082
23.7589
34.1376
59.2705
121.279
276.188
590.818
501.248
212.933
91.8691
44.9209
27.2801
20.3116
17.3827
16.1174
15.5853
15.3973
15.411
15.6347
16.2357
17.6395
20.8642
28.4451
47.3309
96.2388
222.278
522.869
429.676
172.749
73.7162
36.7069
23.5419
18.4552
16.3616
15.4981
15.1617
15.0527
15.0638
15.1997
15.5803
16.5096
18.7185
23.9819
37.4618
75.0513
175.508
457.995
422.059
154.846
64.3897
32.4919
21.4265
17.2808
15.6782
15.068
14.8613
14.8016
14.8044
14.8699
15.0929
15.7357
17.4507
21.7583
33.0432
64.7228
152.777
424.959
438.086
142.688
57.7644
29.1315
19.6764
16.3672
15.1976
14.8218
14.708
14.6774
14.6793
14.7112
14.8293
15.2081
16.3361
19.6081
29.0842
58.0373
143.152
431.791
446.147
134.08
51.2298
25.6204
18.0375
15.6803
14.9672
14.7584
14.6906
14.6697
14.6703
14.6909
14.7614
14.979
15.7438
18.1814
25.8804
51.6654
136.094
450.347
459.245
125.299
45.3923
22.9649
16.95
15.2771
14.851
14.7468
14.7174
14.7119
14.7121
14.7168
14.747
14.8474
15.264
16.9207
22.9863
45.601
125.755
458.207
463.697
109.927
36.8391
19.4965
15.798
15.0089
14.8081
14.7583
14.7541
14.7564
14.7567
14.7544
14.761
14.8105
15.0134
15.7974
19.4077
36.4013
109.719
464.513
468.763
83.7576
26.5302
16.5238
15.0803
14.8356
14.7931
14.7912
14.7923
14.7921
14.7919
14.7932
14.7927
14.795
14.8376
15.0978
16.6285
26.576
85.7379
469.032
473.709
42.004
16.7439
15.1982
14.8872
14.8328
14.8359
14.8381
14.8385
14.8387
14.8387
14.8382
14.838
14.8366
14.8373
14.9161
15.3808
17.9036
41.9454
474.228
707.721
812.787
459.066
257.247
152.412
98.2786
67.6994
50.1292
40.4317
36.0137
35.7607
39.8694
49.3563
66.5529
97.3501
152.831
256.573
453.868
822.839
710.038
722.347
795.492
457.966
256.699
150.962
97.449
66.8431
49.2306
39.4989
35.0369
34.626
38.7826
49.0177
66.2001
97.0397
152.448
254.157
443.643
805.101
725.656
713.334
804.367
457.656
255.659
150.697
97.8676
67.5537
50.1357
40.354
35.7258
35.0023
39.0973
48.9008
65.7873
96.0282
151.665
260.318
451.214
810.476
688.674
706.932
810.129
455.775
254.153
150.002
97.6676
67.446
50.156
40.3589
35.6788
35.2856
39.3942
48.7784
65.282
97.104
152.654
261.088
458.711
817.646
691.52
718.758
792.023
453.158
252.35
149.693
97.3405
67.1296
50.0148
40.2031
35.4018
34.4618
39.1086
48.6405
65.9679
96.1539
154.626
260.669
449.197
801.997
666.177
699.275
805.055
450.88
247.266
149.42
96.7477
66.8126
50.0257
40.1768
34.9238
35.1368
38.3631
47.7134
65.132
96.7523
154.151
260.792
465.709
823.744
678.276
717.224
818.713
442.585
251.233
150.457
97.8538
66.4902
50.0258
40.1956
35.9739
35.1526
38.8531
48.3265
65.7876
97.7706
153.619
259.34
464.185
811.186
680.173
703.609
802.3
450.791
254.513
151.803
97.9914
67.5189
50.2305
39.6138
36.0275
34.4051
39.4895
47.5908
65.7706
97.6752
152.708
257.554
462.698
834.219
684.846
689.2
817.593
441.803
250.816
149.56
97.7056
66.8092
50.2465
40.8117
36.4775
35.5784
39.808
48.8111
67.1686
97.6003
150.508
251.619
450.616
834.638
686.994
689.765
814.413
449.354
258.439
153.187
97.6689
68.0448
50.1441
40.7528
36.5544
36.387
39.9574
49.6715
67.427
97.6583
152.511
255.027
462.345
833.194
685.936
694.044
796.834
456.506
259.045
155.302
99.4214
68.3227
49.4957
40.6806
36.5509
36.3904
39.8889
49.1616
67.4253
97.3655
150.627
254.355
459.06
831.524
680.649
705.32
811.726
456.055
258.914
155.231
99.3835
68.4171
49.5106
40.5805
36.465
36.3949
40.4962
49.9761
67.6343
96.8803
152.658
258.055
447.572
827.574
689.939
685.694
805.347
452.886
258.499
154.976
99.2862
68.6038
49.9453
40.559
36.3952
36.2706
39.8002
49.1712
67.6266
98.3138
154.303
257.426
458.515
824.445
672.143
703.908
798.741
449.542
258.205
155.813
98.3167
68.5693
49.7096
39.7253
36.1238
36.1092
40.4537
50.0561
67.6189
97.5049
153.907
257.195
451.97
811.016
683.682
695.238
774.932
438.198
257.487
155.825
99.3547
68.7385
50.3107
40.6398
35.892
35.3035
40.1454
49.9289
67.6927
98.3027
152.333
253.116
458.715
826.979
672.976
685.52
796.598
447.317
257.904
155.596
100.41
69.0293
50.735
40.5983
36.0571
35.7828
39.3252
49.5291
67.4048
97.3967
154.712
257.015
454.462
823.008
677.881
686.835
807.528
452.467
257.338
154.056
99.5915
69.1555
49.8535
39.5161
34.9965
34.9044
39.1708
48.6382
66.78
98.1141
154.427
252.717
445.543
806.89
692.512
692.571
793.181
449.269
256.246
155.954
101.141
69.7468
50.2788
39.8238
35.3086
35.2142
39.282
48.8082
67.4302
98.9034
154.547
257.343
451.802
823.52
689.491
706.122
808.867
439.712
251.861
154.485
100.764
69.7578
50.582
39.7105
35.3864
35.5756
39.5705
48.6021
67.1488
98.6983
152.651
252.771
458.701
819.877
697.013
692.074
806.385
442.334
255.275
156.366
102.285
69.9173
50.2843
39.8924
35.4797
35.0287
38.9747
48.8187
66.3946
97.9596
154.242
255.221
448.426
813.049
698.793
708.765
792.845
441.106
253.376
156.049
102.343
69.8873
51.1063
40.5484
36.3252
36.2228
39.9559
48.3777
66.8475
99.1877
155.709
258.526
457.248
794.39
697.024
702.773
809.291
445.712
252.098
157.237
102.502
69.7852
51.0209
39.7982
36.1789
36.2273
39.8974
48.719
66.4228
99.0103
155.206
253.927
450.418
814.266
688.033
692.492
804.936
453.315
254.753
158.644
102.506
69.5157
50.9968
40.994
36.5595
36.3227
39.3541
49.4649
66.8675
98.1574
154.249
259.617
459.831
822.18
689.368
692.954
787.86
444.661
255.62
158.598
102.389
68.5991
50.6149
40.8231
36.4184
36.3408
40.0907
48.9846
67.5373
99.5892
156.76
255.873
450.395
804.983
692.489
697.367
803.059
455.108
256.904
157.841
102.209
69.3829
50.6995
40.7203
36.2873
36.2122
39.4493
49.4676
66.8796
98.7029
157.172
261.023
458.242
809.493
705.015
697.922
813.146
446.382
258.252
159.169
102.023
68.3234
49.5722
39.8105
35.9779
36.1122
40.0001
48.9379
68.1418
100.646
156.959
260.082
449.614
805.508
681.341
699.267
809.938
454.067
261.324
158.481
101.67
68.7749
50.2669
40.811
35.4967
36.0073
39.473
49.7567
67.6013
100.669
156.561
258.957
458.764
807.314
695.106
699.819
793.984
462.015
258.373
159.123
100.65
69.0859
50.7721
41.0192
36.3606
35.7581
40.5398
49.3944
68.6483
100.629
154.677
253.532
450.335
808.435
683.818
703.106
809.839
461.863
261.895
158.956
101.261
68.4105
49.8946
40.772
35.6847
36.5507
40.8874
50.5414
68.7371
100.776
157.417
260.011
455.365
816.431
692.535
703.423
822.576
459.119
264.463
157.668
101.679
69.5508
51.0807
40.8332
35.843
36.3981
40.6515
50.297
68.4315
100.379
157.175
263.433
458.262
831.754
673.119
706.025
819.86
445.01
263.089
157.624
100.74
69.2766
50.8867
40.1259
35.7138
36.1061
40.4148
50.073
68.063
99.8832
156.23
262.273
464.563
829.756
675.502
706.628
806.584
456.57
263.023
157.332
101.033
69.1156
50.8477
40.8899
36.0782
35.3354
39.4065
48.9563
66.8597
99.4326
155.359
260.081
460.713
824.266
686.382
719.679
826.186
463.485
261.758
157.151
101.285
68.1855
49.9657
40.7958
35.5041
35.4299
39.8658
49.1908
66.9555
98.9932
152.916
254.843
448.467
804.811
679.347
715.69
822.434
453.345
257.052
157.455
101.112
69.0784
50.8773
40.8346
36.3693
35.6731
40.4236
49.0722
66.8637
98.8669
154.582
257.045
452.836
811.381
672.507
711.709
807.384
463.539
260.827
157.086
99.9833
68.8503
50.7594
39.9348
35.7971
35.8411
40.5814
49.3403
67.2442
97.8126
152.756
258.333
455.124
812.752
675.049
717.835
827.351
463.198
256.25
154.913
99.7998
68.5016
50.6434
40.5806
36.6465
36.5053
40.6639
49.825
66.7672
98.2721
154.575
262.314
464.014
821.491
677.563
708.056
824.721
460.484
259.142
155.145
99.8294
67.665
50.5167
39.6155
36.5199
36.4301
40.6765
49.7183
67.7614
98.3874
155.263
260.876
458.513
835.123
687.825
682.923
820.749
457.693
254.318
153.725
99.4399
68.4832
50.5599
40.4209
36.4881
36.1798
40.5901
49.0602
67.6636
98.732
154.377
259.275
465.426
832.151
689.216
683.325
819.122
454.285
255.347
153.234
98.6249
68.0695
50.3547
40.7224
36.3593
35.2946
40.5921
49.8594
67.6365
98.4258
153.43
253.604
462.29
813.622
689.637
680.807
816.018
450.617
249.471
151.879
98.1064
66.9177
49.1867
39.7308
36.2148
35.9764
40.6378
48.9741
67.428
98.0069
152.732
256.558
460.773
818.803
694.783
682.2
813.023
438.82
249.202
151.129
97.8963
67.1397
49.5168
39.9993
35.558
36.3025
40.845
49.5585
67.3456
97.5948
151.563
250.881
457.813
814.898
713.142
681.907
809.201
446.159
249.931
150.438
97.9483
67.3807
49.8333
40.2778
35.6227
35.5752
40.8228
50.1655
67.2182
97.2
149.678
251.139
454.906
812.843
700.669
683.962
804.888
454.93
251.878
150.124
97.6763
67.1092
48.9654
39.4922
35.8711
36.0613
40.8548
50.1668
67.1379
97.0055
149.337
249.581
445.763
814.381
688.201
684.462
798.985
453.538
249.033
149.235
97.2482
66.8211
49.8141
39.9942
36.5996
36.6943
40.862
50.0302
66.9026
96.754
148.633
250.739
452.696
823.092
701.481
687.424
775.821
451.455
252.109
149.344
96.9654
65.5895
48.9434
40.3515
36.6613
36.6842
40.8655
49.9275
66.7092
96.5925
148.147
248.309
441.563
804.694
677.767
688.556
796.467
451.08
250.348
148.958
96.4328
66.381
49.5327
39.7113
36.4904
36.4485
40.6877
49.625
65.7971
96.3861
148.008
245.086
452.743
823.398
693.769
700.201
805.027
448.863
244.879
148.899
96.7269
66.9583
50.0359
40.5793
36.474
35.6274
40.4683
49.0424
66.0409
96.2704
147.204
243.668
449.812
805.7
678.029
686.958
785.222
446.258
248.477
149.739
97.2254
66.0154
49.6899
40.4136
36.311
36.27
40.4474
49.3864
66.2781
95.7574
147.63
244.198
447.785
826.877
665.117
687.8
789.426
443.462
252.01
149.177
97.229
66.4261
49.4515
39.4231
35.2774
35.2991
39.734
49.8719
66.9404
96.5159
148.442
245.525
442.557
824.996
665.593
688.191
787.089
432.925
250.985
150.512
97.2205
67.0031
48.7917
39.627
35.6232
35.7182
40.4706
49.8262
66.8626
96.3188
146.59
243.136
431.747
821.244
680.208
690.112
793.188
440.173
250.746
148.894
97.0292
67.0519
49.4027
40.0853
36.0198
36.1108
40.5018
49.1726
66.6353
95.9548
148.508
247.856
442.793
818.343
665.858
693.656
777.406
427.46
249.903
150.956
96.8927
66.9511
48.6239
39.3789
35.3086
35.3697
40.4082
49.867
66.2352
96.4236
149.432
243.85
431.783
815.93
676.857
704.961
785.679
430.604
249.659
150.797
95.9533
66.9584
49.852
40.6059
36.365
36.1114
40.3487
49.8384
67.3277
97.2965
148.587
248.813
445.765
813.731
656.821
682.904
795.361
430.038
248.762
150.085
97.3051
66.8647
49.6526
40.4815
36.2045
35.4652
39.4185
48.8205
66.9609
97.2722
150.158
244.989
443.227
810.045
663.078
685.902
778.147
435.315
249.345
151.006
97.7296
66.1908
48.7499
40.3152
36.1259
35.3015
39.8238
49.0516
66.1436
96.8376
150.088
249.783
437.644
806.157
680.154
694.81
782.597
424.475
247.579
149.456
97.713
67.2424
49.7221
39.7192
35.9158
35.1785
39.1916
49.2977
66.3793
95.7183
148.169
249.429
445.264
787.815
673.966
672.618
783.857
435.701
245.468
150.472
97.533
66.33
48.8804
40.1616
35.8763
35.1518
39.6665
49.105
65.5856
95.9747
149.203
248.234
444.049
800.488
671.176
677.468
793.618
442.048
248.06
150.389
97.2897
66.5266
49.0535
39.9839
35.6511
34.8675
38.7604
48.2167
65.9509
95.3709
148.45
246.784
442.534
813.974
675.597
683.19
776.396
438.636
244.627
149.812
96.9447
66.6086
49.1755
39.6948
35.4822
34.8799
38.7371
48.0838
65.1085
94.8551
146.513
244.882
438.885
813.673
682.379
695.95
789.525
436.497
244.759
149.536
96.6417
65.6783
48.1722
38.678
34.5938
35.051
38.937
47.845
65.1456
94.476
146.618
242.827
426.965
810.813
685.422
688.977
771.229
432.738
245.707
149.097
95.8376
66.0469
48.7139
39.2455
34.7122
34.8314
38.5915
47.5389
64.7297
93.8098
144.947
239.121
436.554
809.167
701.661
690.22
775.908
425.008
241.786
148.376
95.4673
64.9912
47.5464
38.2674
34.5466
34.4001
37.6831
47.0798
64.1466
93.075
144.58
238.529
432.424
803.173
684.619
677.43
777.426
431.936
243.842
147.391
94.8421
64.5841
47.325
38.2879
33.7227
33.5638
37.3954
46.7246
63.2691
92.494
143.737
236.563
427.64
797.29
703.127
677.528
786.312
428.543
242.008
147.176
94.2478
63.666
46.2799
37.9093
33.9873
33.8679
37.2503
46.4294
62.8476
91.8719
142.949
234.804
421.906
784.921
691.135
691.271
781.245
424.362
240.208
146.476
93.7439
63.1839
45.8575
36.8392
32.8706
32.8884
37.1544
46.3244
62.2574
91.1401
141.778
232.027
409.376
790.259
674.131
680.214
760.95
419.759
236.221
144.933
93.0784
62.5203
45.0925
36.6065
32.6214
32.5837
36.4721
45.9183
62.1761
90.4934
140.761
230.709
410.644
784.318
682.103
690.237
763.325
416.522
235.494
144.522
92.4018
61.7413
44.4151
35.5091
31.5734
31.7649
36.2182
44.8237
61.5845
89.5489
139.581
228.372
404.338
763.937
655.525
670.874
756.734
407.609
233.382
143.668
91.7003
61.0946
43.7476
34.9872
31.1735
31.405
35.7984
44.2271
60.4989
88.7107
138.284
226.635
404.968
774.769
659.204
683.156
754.011
405.437
231.534
142.273
90.4523
60.1476
42.846
33.9899
30.4066
30.675
34.765
43.5648
59.808
87.9974
137.002
224.547
399.451
768.245
669.409
648.451
750.541
400.56
229.367
140.769
89.0626
59.0355
42.0351
33.4005
29.8026
30.0332
33.9641
42.8243
58.958
87.2215
135.744
221.883
388.535
759.71
645.437
642.724
754.388
399.13
226.894
139.028
87.8235
57.9564
41.304
32.6611
29.097
29.3365
33.3123
42.0186
58.0971
86.1482
134.6
219.93
386.26
752.452
661.863
640.492
747.137
394.153
224.056
137.044
86.2922
56.9395
40.5416
32.1467
28.574
28.6805
32.4775
40.9431
56.7346
84.7804
133.161
217.628
380.851
730.045
648.072
635.322
726.427
383.119
220.036
135.105
84.871
55.6934
39.7293
31.5813
28.1049
28.1643
31.7607
39.8718
55.3031
83.1956
131.756
215.799
377.925
734.502
656.601
634.092
722.892
379.529
216.212
132.523
82.9338
54.4969
39.0172
31.1147
27.604
27.5886
30.9955
39.0038
54.2464
81.9002
130.225
213.608
372.735
723.903
634.85
628.814
709.788
371.67
212.209
130.103
81.1368
53.2086
38.2064
30.5782
27.0675
26.9354
30.1223
37.875
52.9367
80.3403
128.202
210.785
367.29
698.359
637.556
627.731
697.536
363.892
206.928
127.028
79.1576
52.0058
37.3656
29.8359
26.4709
26.3481
29.4365
36.9289
51.5753
78.5842
126.066
207.739
362.501
698.729
646.677
631.089
681.038
356.296
201.06
123.591
76.8124
50.4897
36.3427
29.0806
25.8376
25.7178
28.7068
35.954
50.1735
76.6124
123.614
204.429
357.026
689.606
609.73
578.691
668.253
347.766
195.664
120.486
74.6363
48.9886
35.2627
28.2202
25.1971
25.1007
27.9532
34.8728
48.6371
74.5707
121.084
201.57
352.169
683.065
610.076
587.447
652.129
338.228
190.748
116.839
72.0732
47.3325
34.2007
27.5085
24.6082
24.5053
27.2188
33.8324
47.0358
72.1526
118.003
197.758
346.035
671.234
614.716
553.991
635.216
328.03
187.527
113.131
69.4042
45.6235
33.1107
26.7386
23.9909
23.9009
26.4894
32.76
45.3049
69.4545
114.134
192.491
337.992
656.332
560.632
560.613
620.099
317.836
184.652
108.631
66.3485
43.7469
31.9147
25.9117
23.3483
23.2981
25.7631
31.6956
43.5611
66.6199
109.984
186.88
328.911
641.223
556.558
503.713
594.434
305.404
173.979
102.641
62.8379
41.7327
30.7062
25.1021
22.7153
22.6827
24.9988
30.5359
41.5855
63.2019
104.72
180.025
317.249
623.536
551.869
492.089
569.022
292.402
165.395
96.3877
59.1569
39.6044
29.4076
24.2518
22.0814
22.0891
24.2666
29.4279
39.6793
59.6953
98.5206
170.782
302.579
596.522
547.4
485.361
536.638
272.756
152.933
89.1506
55.0894
37.3109
28.0657
23.3953
21.4347
21.4555
23.4543
28.1814
37.564
55.8667
91.5725
159.565
285.7
562.527
459.33
438.199
501.832
254.147
141.226
82.098
51.0063
34.9338
26.6539
22.4967
20.7584
20.7912
22.5962
26.842
35.2475
51.6491
83.9572
146.278
265.025
527.458
439.854
431.228
462.523
230.937
127.259
74.1019
46.5089
32.3984
25.1823
21.5617
20.0515
20.0912
21.694
25.4455
32.8345
47.1485
75.5348
131.769
241.282
482.018
416.97
427.177
420.458
208.682
113.511
65.9282
41.9672
29.8961
23.7203
20.6127
19.3169
19.3576
20.7478
23.9849
30.3495
42.613
66.8932
115.711
213.268
426.624
401.089
420.312
371.692
181.521
98.0431
57.567
37.4408
27.3565
22.2066
19.6161
18.5431
18.5904
19.7735
22.511
27.8916
38.3073
59.127
101.631
187.837
374.049
390.825
421.441
328.082
157.215
84.2124
49.8511
33.1909
24.9458
20.7438
18.6346
17.7661
17.8114
18.7862
21.036
25.4565
34.0144
51.07
86.3619
161.65
324.677
382.688
429.951
276.002
131.806
70.7039
42.628
29.2751
22.7032
19.3632
17.6943
17.0127
17.0525
17.8283
19.6248
23.1772
30.1186
44.1107
73.4169
137.416
281.872
360.17
384.285
234.856
111.541
59.4681
36.5142
25.88
20.7153
18.1122
16.8242
16.3032
16.334
16.929
18.3173
21.0819
26.5118
37.5496
60.9663
113.565
239.515
363.587
366.397
197.525
93.4467
50.0732
31.513
23.0953
19.0509
17.0434
16.0716
15.6871
15.7101
16.1485
17.1937
19.3156
23.5544
32.312
51.5933
96.9895
204.96
367.075
360.868
175.371
80.9197
42.95
27.6019
20.8596
17.6971
16.174
15.4623
15.1903
15.2055
15.5133
16.2753
17.8784
21.1821
28.1513
43.7527
81.547
176.452
376.054
386.8
159.492
72.0046
38.096
24.8302
19.2032
16.6769
15.5255
15.0162
14.835
14.8434
15.043
15.5772
16.7664
19.362
25.1166
38.6882
73.2281
160.853
388.047
398.627
150.41
64.4963
33.5991
22.3433
17.8207
15.9013
15.0857
14.7683
14.6632
14.6661
14.7768
15.1072
15.9441
17.9051
22.5029
33.893
64.8146
150.003
395.775
423.914
144.956
59.432
30.5229
20.589
16.8614
15.4141
14.8804
14.6974
14.6352
14.6359
14.6984
14.8847
15.4188
16.8741
20.6143
30.6042
59.7398
145.543
424.294
438.494
135.312
51.7396
26.3617
18.5465
15.9311
15.0535
14.7806
14.6864
14.6554
14.656
14.6869
14.7831
15.0572
15.936
18.5574
26.3963
51.881
135.789
439.118
449.79
122.695
43.4328
22.5404
16.8869
15.2943
14.874
14.7556
14.7148
14.7059
14.7062
14.7145
14.7556
14.8708
15.2892
16.8735
22.4987
43.3103
122.523
449.95
462.499
96.3052
31.2746
18.1854
15.6193
14.9713
14.8184
14.7695
14.7643
14.7655
14.7656
14.765
14.7708
14.8174
14.9683
15.618
18.2081
31.3323
96.4928
462.707
471.038
47.7662
18.0867
15.0188
14.7426
14.8106
14.8134
14.8233
14.8269
14.8276
14.8276
14.8268
14.8233
14.8136
14.8104
14.7412
15.0111
18.0676
47.7384
471.005
242.169
315.72
178.991
106.424
70.3443
51.6163
41.082
34.8861
31.3531
29.7081
29.6658
31.2607
34.8638
41.3096
52.4534
72.4253
109.698
180.985
310.12
252.171
241.296
315.954
177.118
105.267
70.1511
51.5933
41.0522
34.8269
31.2579
29.6129
29.5589
30.9907
34.5921
41.0437
52.0969
72.3997
109.883
181.347
309.662
251.262
241.847
316.167
180.331
106.728
69.7946
51.367
40.8645
34.7474
31.0258
29.5081
29.3939
31.1953
34.886
41.3953
52.4418
72.0469
109.678
181.195
307.052
250.778
241.826
315.476
179.808
106.006
70.0086
51.6854
41.0222
34.7341
31.1045
29.4231
29.4937
31.1969
34.9037
41.4642
52.7944
72.8159
110.218
181.077
310.098
251.131
243.266
312.266
176.837
104.811
70.0077
51.665
40.8312
34.4798
30.9957
29.1908
29.1867
30.8844
34.6235
41.3896
52.7375
72.2807
109.893
178.682
312.824
252.918
245.275
317.362
181.125
106.104
70.3383
51.6572
40.9056
34.4887
30.8267
29.1752
29.2718
31.0169
34.7647
41.2089
52.7593
72.6912
109.315
180.514
313.212
251.662
244.711
313.652
178.622
106.352
70.5597
51.8115
41.0246
34.5603
30.9209
29.2518
29.022
30.7763
34.5613
41.4128
52.6817
72.1632
110.527
182.553
313.705
251.906
244.566
317.304
182.163
107.305
70.7661
51.7206
40.9785
34.3298
30.6749
29.1412
29.1464
31.0241
34.6721
41.3643
52.603
72.2709
110.065
179.921
313.681
253.243
245.282
313.44
179.603
106.866
70.886
51.6997
40.9602
34.5606
30.9889
29.499
29.2761
30.9522
34.7808
41.3209
52.274
72.4315
108.979
182.963
313.455
253.579
245.561
317.689
182.673
108.211
71.3163
51.9403
41.1967
34.8207
31.2593
29.6321
29.5157
31.1113
34.6341
41.1338
52.3945
72.0005
109.935
180.917
312.716
253.485
247.363
315.52
182.355
109.049
71.6515
52.1384
41.2265
34.8804
31.2616
29.691
29.7121
31.3253
34.9002
41.3457
52.6886
72.8822
111.55
183.957
310.639
252.925
247.667
319.121
180.047
107.772
71.4361
52.0515
41.1609
34.8431
31.0642
29.6204
29.6683
31.2668
34.6642
40.9541
52.2589
73.2665
111.441
184.069
312.176
253.279
247.219
318.964
182.308
108.67
71.1941
51.9583
40.9589
34.8401
31.2606
29.6072
29.6081
31.1255
34.911
41.2803
52.574
73.1451
110.983
183.606
315.399
252.885
245.39
318.761
180.066
108.026
70.7116
51.8916
41.1494
34.8394
31.2139
29.3575
29.3703
31.2412
34.96
41.5089
52.7953
72.9072
109.269
180.706
315.526
253.434
245.334
318.421
182.673
107.016
70.6893
51.7229
41.1269
34.8489
31.2435
29.4308
29.4211
31.074
34.7066
41.2032
52.3307
72.7842
110.616
184.072
315.801
255.156
245.627
315.258
181.935
106.576
70.544
51.8738
41.1288
34.8345
31.2412
29.5417
29.5709
31.3278
34.9783
41.4335
52.406
72.5261
109
182.93
315.035
253.832
244.044
316.212
181.242
106.681
70.5934
51.8766
41.1307
34.852
31.2407
29.3272
29.3399
31.3152
34.9953
41.4364
52.4107
72.097
108.927
180.256
312.59
252.54
244.401
318.066
178.39
106.902
70.7232
51.8128
41.077
34.8322
31.2742
29.5513
29.5738
31.3491
34.9773
41.3915
52.6616
72.5839
108.767
180.893
315.221
252.665
243.921
317.36
180.571
108.067
71.1755
51.8281
41.049
34.7995
31.2774
29.6561
29.6749
31.3364
34.9265
41.0927
52.5561
72.6181
108.8
180.332
314.422
252.212
243.798
316.606
176.573
106.411
70.4511
51.5323
40.9833
34.5918
31.0409
29.3592
29.3649
31.0431
34.8575
41.2157
52.3942
72.6533
109.372
180.973
311.761
252.725
243.12
313.259
179.791
107.993
71.1654
51.8865
41.0381
34.7945
31.255
29.4985
29.4639
31.0786
34.7082
41.4282
52.7262
72.6076
107.745
182.738
313.522
250.187
243.123
316.955
181.523
106.629
70.93
51.87
40.9109
34.7267
31.1295
29.6057
29.5845
31.1593
34.7596
41.2755
52.4737
72.6796
108.481
182.204
309.537
249.522
243.485
312.907
178.455
106.75
70.5933
51.8743
41.1571
34.9581
31.3611
29.5776
29.4481
31.1168
34.9097
41.5438
52.7945
72.7182
109.025
181.638
312.532
249.332
243.831
314.17
180.543
107.286
71.1977
51.8976
41.0496
34.9547
31.4311
29.8032
29.7862
31.3537
34.7998
41.5565
52.7207
72.6422
109.994
178.343
314.146
249.288
244.855
314.167
182.637
108.156
71.1555
51.7492
41.231
34.9801
31.4319
29.7895
29.7812
31.3989
35.0669
41.5698
52.371
71.804
109.779
180.684
310.915
247.548
245.664
316.065
182.372
106.742
70.4259
51.9743
41.2889
35.0202
31.4478
29.625
29.7213
31.1944
35.0308
41.6182
52.7406
71.9547
108.59
182.609
313.093
245.787
245.511
310.994
181.647
107.459
71.0125
52.0464
41.2782
35.021
31.4756
29.8309
29.7979
31.4214
35.031
41.6197
52.839
72.2646
109.308
180.835
315.665
245.948
245.868
315.962
179.448
108.367
71.3324
52.0265
41.2496
35.0114
31.4593
29.7998
29.7443
31.3855
34.916
41.4042
52.8496
72.7899
110.339
183.195
315.243
245.395
246.067
320.171
182.849
107.203
70.6328
51.936
41.1994
35.0181
31.4404
29.603
29.4676
31.3891
35.107
41.6472
52.8087
72.5781
109.876
182.294
314.705
245.794
245.312
319.714
181.735
107.772
70.8789
51.9616
41.3112
35.0561
31.4846
29.7898
29.6277
31.245
34.8964
41.5774
52.4433
71.7174
108.175
181.731
311.337
246.4
244.775
319.513
177.406
108.653
71.0024
51.7771
41.279
35.0233
31.4447
29.6641
29.7746
31.4101
35.0793
41.6543
52.8596
72.3218
108.907
179.535
314.477
246.956
245.572
319.426
181.391
108.816
71.3797
52.0243
41.32
35.0226
31.4535
29.7883
29.7303
31.1609
34.9927
41.576
52.872
72.8184
109.868
180.542
312.591
248.078
246.138
319.318
183.454
108.475
70.6658
51.6419
41.2357
34.9361
31.379
29.7496
29.7198
31.1666
34.8962
41.2939
52.7253
72.6713
109.14
181.571
315.734
247.314
245.709
317.962
180.833
106.654
71.1362
51.9424
41.2285
34.8486
31.108
29.4677
29.656
31.2627
34.7615
41.4531
52.6201
72.1747
110.045
183.615
315.799
248.348
245.623
314.264
183.427
107.938
71.5571
52.1398
41.2009
34.6659
31.0792
29.4812
29.6392
31.1392
34.9718
41.4581
52.3193
72.5733
108.225
182.927
314.528
247.806
245.51
319.147
183.303
108.044
71.068
52.0729
41.1851
34.6673
31.0381
29.4488
29.6209
31.3529
35.0001
41.4664
52.4441
72.6953
108.89
182.164
311.05
249.491
245.307
318.245
180.701
108.789
71.2596
52.0408
41.1487
34.669
31.0627
29.5529
29.6606
31.3509
35.0006
41.4706
52.5914
72.6953
109.426
181.35
311.909
249.414
245.66
317.917
181.459
107.654
71.2614
51.8385
41.1299
34.8222
31.2175
29.4124
29.6274
31.3202
34.9604
41.4004
52.1163
72.5388
107.62
178.195
313.14
249.651
245.99
316.917
181.985
108.739
71.7272
52.0119
41.0908
34.8323
31.2811
29.6525
29.6643
31.3164
34.9458
41.4518
52.4415
72.767
109.525
181.229
315.556
247.548
246.722
312.741
179.987
107.081
71.5984
51.6822
40.797
34.7723
31.2512
29.6285
29.6215
31.2455
34.692
41.4101
52.6558
72.3996
110.907
182.869
312.982
246.763
247.445
318.156
181.539
108.701
71.7636
52.0002
41.0182
34.7797
31.2493
29.6223
29.5991
31.2151
34.7436
41.3799
52.4261
73.0424
110.801
181.331
315.723
245.221
247.696
320.964
182.25
109.939
71.751
51.9447
40.8208
34.7138
31.1946
29.5552
29.3623
30.9547
34.8072
41.3629
52.6876
72.9843
110.807
181.761
312.837
245.097
247.224
318.153
183.927
109.885
71.5844
51.9078
40.9824
34.6793
31.1651
29.5584
29.5188
31.0269
34.7651
41.274
52.5512
72.7524
110.626
183.893
317.009
245.366
247.153
321.67
181.424
109.601
71.3101
51.755
40.7133
34.3741
30.9102
29.4555
29.4951
31.0963
34.6884
40.9253
51.9879
71.8947
110.016
183.094
316.22
245.652
246.551
321.926
184.57
109.625
70.5417
51.4224
40.8375
34.4981
31.0581
29.2779
29.261
30.9882
34.4895
40.9816
52.2177
72.3299
108.42
179.825
312.513
246.069
246.261
321.073
183.761
109.449
70.9328
51.7353
40.9614
34.6766
31.1166
29.4674
29.4056
30.8228
34.521
41.0203
52.4143
72.373
109.447
181.611
314.388
246.916
243.325
320.099
180.77
109.112
71.3648
51.7448
40.9467
34.7023
31.1322
29.4972
29.4609
30.9382
34.6797
41.1543
52.3333
72.1452
109.454
178.495
315.648
247.284
242.778
319.73
184.386
109.134
71.2858
51.4906
40.9188
34.6816
31.1051
29.4825
29.479
31.1029
34.6948
41.1045
52.2155
72.0504
109.159
179.177
312.766
247.791
242.713
316.154
183.804
108.671
71.1548
51.7494
40.8295
34.6523
31.0905
29.4789
29.4871
31.1061
34.6675
41.0247
52.0743
71.7847
107.789
180.243
315.39
247.233
242.165
320.272
183.731
108.206
70.6043
51.5089
40.9614
34.4939
30.8275
29.2443
29.4226
31.0728
34.638
40.9577
51.6702
71.5823
108.335
181.523
313.125
247.092
242.135
319.971
183.188
106.566
71.016
51.8402
41.0519
34.6968
30.9978
29.4636
29.4268
31.0642
34.6007
40.9234
51.8479
70.9718
108.787
178.737
314.779
244.201
241.7
319.331
182.725
107.372
70.9608
51.8142
41.0489
34.6748
31.0854
29.4774
29.4203
30.9973
34.5193
40.8341
51.7717
71.4505
108.622
180.18
311.99
243.871
240.169
318.243
182.091
108.303
70.4913
51.6971
41.0248
34.7425
30.9779
29.3947
29.1714
30.7688
34.2497
40.6919
51.2364
70.5407
106.983
181.925
315.622
243.174
239.241
317.097
181.154
108.056
70.9868
51.5424
40.8679
34.7294
31.0534
29.3383
29.3544
30.9548
34.4466
40.7079
51.3299
70.9877
107.927
181.24
314.749
242.609
237.662
312.979
177.98
107.574
70.8745
51.7263
41.0315
34.7098
31.1691
29.4445
29.2122
30.8424
34.3958
40.6298
51.1688
70.5927
105.884
179.995
313.521
241.683
239.156
316.282
180.753
107.426
70.6667
51.5006
40.8811
34.6146
30.9897
29.4909
29.4179
30.8946
34.1909
40.5312
51.0676
69.9822
107.082
179.161
312.573
241.211
238.82
315.204
179.91
105.73
69.9438
51.7128
41.1256
34.7783
31.0637
29.3479
29.2219
30.8185
34.2616
40.4255
51.2487
70.3079
106.392
175.71
308.64
240.781
239.131
314.409
179.168
106.868
70.3752
51.6369
41.0881
34.6226
31.1566
29.547
29.4155
30.6731
34.0253
40.4321
50.8164
69.6592
105.017
177.516
312.342
240.669
239.24
313.057
176.203
105.229
70.4349
51.8207
41.0548
34.7777
31.0369
29.5733
29.496
30.9907
34.2429
40.3556
51.094
70.2918
106.462
179.044
311.631
240.338
238.744
309.347
178.737
106.939
70.9305
52.1107
41.2459
34.7518
31.2121
29.5811
29.3563
31.0299
34.4315
40.472
51.2978
69.5291
105.006
178.25
310.097
238.904
239.051
311.498
176.595
107.71
70.9488
51.9272
41.3189
34.9548
31.1705
29.6101
29.5407
31.0577
34.3266
40.5004
51.4854
70.3236
105.599
177.434
306.526
239.474
240.043
310.567
178.508
107.653
71.2031
52.0718
41.3266
34.9301
31.2769
29.5889
29.5245
31.1136
34.5577
40.6164
51.3795
70.9153
106.866
174.94
308.49
239.681
240.529
307.681
177.701
107.271
71.4392
52.1198
41.1726
34.6596
31.0038
29.5099
29.5111
31.1016
34.5725
40.7704
51.6821
70.8654
106.732
177.574
310.531
239.371
240.789
309.338
176.596
106.092
70.8851
52.2233
41.1753
34.7516
31.0463
29.3706
29.2982
31.0762
34.6811
40.9701
51.6459
70.7481
106.273
174.458
309.556
239.495
242.25
307.935
172.946
106.1
71.171
52.3454
41.2778
34.8997
31.1918
29.4846
29.4441
31.0434
34.6539
40.951
51.2776
70.5899
106.016
176.528
308.25
239.083
242.162
304.02
175.061
106.827
71.4307
52.3779
41.4295
34.8331
30.9824
29.2588
29.3786
30.8097
34.4532
40.9668
51.4722
70.4433
104.451
175.772
307.014
239.326
243.15
304.552
176.018
106.524
71.2827
52.3186
41.4098
34.9236
31.2109
29.4834
29.3874
30.9974
34.6223
41.0072
51.7213
70.4811
105.581
175.14
303.921
240.382
243.326
303.5
173.532
105.068
70.6836
52.0005
41.1226
34.6069
30.9021
29.3414
29.246
30.6845
34.3258
40.9219
51.647
70.2935
105.133
174.355
305.953
239.557
243.885
304.711
174.706
105.379
70.8327
52.1251
41.2636
34.6765
30.8853
29.0571
28.9413
30.6043
34.3082
40.8427
51.3095
69.9994
103.634
171.471
305.038
238.77
244.944
300.552
173.764
105.505
70.8047
52.1735
41.3975
34.7471
30.946
29.131
28.9652
30.4995
34.2196
40.7974
51.5239
69.6827
104.234
173.125
303.743
240.444
246.773
303.817
173.036
104.497
70.8941
52.3339
41.3664
34.8838
31.0916
29.2489
29.142
30.5569
34.1496
40.5134
51.233
69.8274
104.393
172.245
302.121
241.212
248.101
302.598
171.956
104.735
70.698
52.2031
41.4071
34.6907
31.0219
29.0247
29.0269
30.6654
34.1257
40.4897
51.167
69.6553
103.821
171.089
297.51
241.501
249.833
301.003
170.557
103.573
70.5159
52.2357
41.4559
34.8865
31.0256
29.0151
29.0098
30.5961
34.026
40.3599
51.0484
69.1212
102.387
170.186
299.268
244.627
250.046
299.312
169.072
102.83
70.1145
52.0541
41.3048
34.5764
30.7456
28.9007
28.7323
30.274
33.8663
40.2155
50.6426
68.6829
101.778
168.843
299.761
244.634
251.832
294.915
166.101
101.941
69.7419
51.8628
41.1844
34.5574
30.8742
29.0603
28.8967
30.4129
33.8425
40.1665
50.4871
68.3156
100.748
167.197
298.029
244.682
250.106
294.104
164.847
101.01
69.1975
51.4561
40.7735
34.3865
30.7711
28.9633
28.6092
30.1208
33.8292
39.9033
50.2484
67.9044
99.8097
163.588
295.381
244.605
246.669
292.441
162.156
99.5406
68.4799
51.1121
40.606
34.1741
30.3811
28.6304
28.722
30.276
33.6334
39.9091
50.0154
67.4104
98.7699
161.805
289.922
245.652
247.6
288.555
159.799
98.1482
67.7724
50.7582
40.3856
34.0741
30.2396
28.437
28.3546
30.088
33.6732
39.7571
49.6905
66.8731
97.707
159.802
287.974
239.997
236.049
285.821
157.241
96.6501
66.8641
50.2478
40.0962
33.8382
29.9677
28.1507
28.1239
29.8405
33.2345
39.3106
49.3347
66.3521
96.5701
157.585
285.206
236.341
233.937
282.531
154.131
94.7842
65.8816
49.6954
39.618
33.2922
29.5895
27.8145
27.7708
29.3143
32.967
39.0082
48.9166
65.6149
95.0995
154.645
281.668
233.383
230.528
277.623
150.917
93.3447
64.9625
49.0136
38.9793
32.7153
29.082
27.4196
27.3958
29.0231
32.578
38.6243
48.4061
64.7004
93.1219
150.848
277.234
229.888
231.391
272.155
146.59
91.3663
63.8425
48.2795
38.4074
32.2864
28.737
27.1376
27.1614
28.6864
32.16
38.0375
47.6463
63.3838
90.3536
145.939
270.662
224.266
220.62
263.662
141.811
89.4453
62.886
47.4498
37.759
31.7692
28.3175
26.7643
26.7646
28.2421
31.5729
37.3789
46.8018
61.8204
86.4543
140.058
262.675
216.194
221.784
254.791
136.772
85.7874
61.4291
46.3328
36.9248
31.1327
27.7799
26.2294
26.1958
27.6705
30.9193
36.6116
45.8608
60.4486
83.0748
134.088
254.415
209.718
204.738
242.114
130.002
82.0861
59.2719
44.9633
35.9289
30.3707
27.1475
25.6432
25.5898
26.9854
30.1149
35.6018
44.6153
58.9178
80.0109
129.089
243.36
208.632
201.127
230.227
123.219
78.1708
57.1357
43.4203
34.765
29.4638
26.3936
24.957
24.9036
26.2282
29.2016
34.444
43.0965
56.9835
76.8809
125.23
228.836
198.611
201.949
217.075
116.389
74.8357
54.8314
41.5845
33.328
28.3204
25.4375
24.0915
24.0309
25.2654
28.0612
33.0182
41.2895
54.8323
75.287
120.495
212.068
197.681
208.475
201.339
110.511
72.7322
52.2757
39.4117
31.6296
26.9723
24.3168
23.0866
23.0425
24.1897
26.7705
31.3675
39.124
52.1832
74.5552
111.789
193.556
186.358
197.919
182.688
104.522
70.2695
49.0386
36.8415
29.6655
25.4152
23.0086
21.9022
21.8707
22.9195
25.2726
29.4764
36.5809
48.5275
68.6227
104.034
176.401
191.595
213.582
163.652
100.534
64.4435
44.9509
33.942
27.5271
23.7441
21.6052
20.6286
20.6132
21.5649
23.6871
27.4858
33.9599
45.0161
63.9903
96.7139
164.913
212.003
218.08
151.894
90.7281
58.6275
40.9549
31.0431
25.3343
22.0002
20.1307
19.2863
19.2818
20.1224
21.99
25.3395
31.093
41.0777
58.6704
90.0192
153.611
224.649
235.704
147.691
86.3761
53.7206
37.0721
28.1816
23.1714
20.2825
18.6825
17.9694
17.9756
18.7069
20.331
23.2617
28.3434
37.2997
53.5542
83.8179
145.415
241.127
258.043
144.91
78.3838
48.2154
33.3804
25.57
21.2224
18.7544
17.4056
16.8105
16.8185
17.4345
18.8127
21.3312
25.7692
33.78
48.9507
78.7797
140.609
260.566
282.558
139.383
74.0991
44.483
30.462
23.3775
19.5805
17.4886
16.3706
15.8823
15.8871
16.3878
17.5242
19.6435
23.4774
30.5909
44.5814
73.8514
138.586
284.124
308.671
139.306
69.6195
40.5652
27.6879
21.4577
18.2328
16.5135
15.6203
15.2313
15.2336
15.6273
16.5285
18.2608
21.5151
27.802
40.7736
69.8815
138.352
312.591
344.277
138.492
65.4533
37.0431
25.2363
19.8204
17.1555
15.8076
15.1438
14.8793
14.8801
15.1452
15.8104
17.1574
19.8201
25.2279
37.0222
65.4725
138.475
342.176
376.848
137.726
60.3783
33.0603
22.6972
18.2701
16.2417
15.2945
14.8764
14.7231
14.7237
14.8774
15.2964
16.2424
18.2687
22.6871
33.0247
60.2748
137.793
376.644
400.728
128.793
51.5538
27.9424
19.9079
16.7603
15.4649
14.9483
14.7512
14.6773
14.6777
14.7518
14.9503
15.4663
16.7639
19.9164
27.9739
51.6595
129.181
401.856
434.041
109.163
39.075
22.1067
17.175
15.5802
15.0197
14.8214
14.7312
14.6978
14.6979
14.7311
14.8207
15.0167
15.5748
17.1613
22.0684
38.9397
108.688
433.737
466.33
57.44
21.6272
16.1632
15.1031
14.8727
14.8295
14.8012
14.7955
14.7959
14.7959
14.7954
14.8013
14.8297
14.8752
15.1084
16.1731
21.6532
57.5275
466.44
)
;

boundaryField
{
    fixedWalls_1
    {
        Cmu             0.09;
        kappa           0.41;
        E               9.8;
        type            epsilonWallFunction;
        value           nonuniform List<scalar> 
200
(
244.025
241.341
238.243
237.127
237.122
237.065
236.596
236.339
236.89
237.084
237.155
238.88
238.718
238.456
238.145
239.579
241.041
241.091
242.786
242.43
242.493
244.77
244.912
244.905
242.62
242.684
242.616
243.322
244.172
244.666
245.017
245.616
247.057
247.152
248.687
254.542
257.52
258.186
257.206
257.37
252.893
251.554
247.118
244.306
243.773
243.304
242.477
242.541
242.64
243.323
243.149
245.4
246.983
247.496
248.167
248.744
249.07
247.821
246.71
245.388
243.999
243.482
242.742
243.196
244.478
243.763
243.512
244.345
242.931
242.29
242.627
242.486
242.492
238.536
236.657
235.609
233.723
232.36
230.883
229.057
225.614
222.415
218.324
215.135
209.716
198.479
190.024
190.873
193.521
202.549
220.094
232.902
256.109
285.229
309.543
345.375
373.09
403.654
431.916
466.942
241.362
239.548
240.262
240.238
239.957
241.691
243.38
246.09
247.877
249.745
249.916
252.839
249.752
250.782
251.868
250.931
249.895
248.116
246.386
245.361
243.753
244.361
240.222
240.39
240.546
240.664
241.131
241.801
241.986
242.434
241.91
241.962
243.112
243.59
245.283
245.487
245.812
245.063
245.582
248.419
247.703
245.835
244.13
240.542
240.664
241.121
240.396
240.73
241.326
241.863
242.169
243.555
245.074
244.317
244.631
243.921
242.516
242.083
242.001
240.92
241.099
241.24
241.642
241.397
241.596
241.724
241.636
242.262
242.775
242.713
242.896
242.284
242.014
239.274
237.961
236.94
235.858
234.833
233.885
230.862
227.842
222.036
212.2
198.206
193.74
189.155
189.475
191.518
195.466
213.182
225.114
240.627
260.268
284.088
311.071
343.991
374.942
403.053
432.957
466.675
)
;
    }
    frontAndBack_1
    {
        type            empty;
    }
    inlet_1
    {
        type            fixedValue;
        value           uniform 14.855;
    }
    outlet_1
    {
        type            zeroGradient;
    }
    fixedWalls_2
    {
        Cmu             0.09;
        kappa           0.41;
        E               9.8;
        type            epsilonWallFunction;
        value           nonuniform List<scalar> 
200
(
699.394
702.852
708.344
723.18
718.306
716.724
733.251
712.463
702.37
719.269
716.783
713.635
730.338
713.166
699.08
684.096
696.96
687.877
698.669
677.601
679.768
680.205
683.84
685.167
698.803
680.03
678.734
682.042
682.795
693.529
690.201
685.884
687.919
701.216
690.126
699.962
683.506
698.16
687.528
674.831
674.812
678.428
687.899
669.797
681.491
667.345
666.613
669.05
669.709
673.946
676.845
691.727
678.267
679.792
682.148
693.537
663.215
666.213
668.418
681.728
688.189
696.404
697.449
698.273
691.618
678.038
686.294
663.03
672.065
649.163
647.756
645.003
635.721
626.991
622.285
595.568
566.228
556.355
544.177
523.881
500.063
487.641
472.722
458.706
432.331
406.267
392.71
389.458
393.503
343.124
342.305
366.787
372.705
385.95
400.78
423.731
439.007
449.736
461.75
471.402
689.198
704.712
695.34
687.571
689.034
691.541
703.233
680.276
693.449
681.92
682.706
695.322
679.261
677.927
677.381
672.931
671.993
668.648
672.006
686.122
669.408
671.708
677.842
690.214
676.796
669.656
683.663
680.884
686.384
702.977
688.467
702.618
675.108
678.523
678.666
683.61
690.049
678.58
683.206
696.205
673.258
676.233
677.617
681.648
683.697
701.779
689.461
677.856
680.393
697.229
688.699
682.226
684.211
689.137
699.46
673.411
675.626
675.055
677.333
676.276
679.038
686.411
653.22
655.524
657.785
660.557
674.084
649.656
649.35
663.819
641.483
647.303
598.884
592.408
582.475
576.321
565.687
559.391
550.209
548.268
551.9
502.895
499.384
499.514
441.544
439.98
416.493
398.649
386.417
372.517
349.667
356.508
363.367
388.754
402.861
423.599
435.993
452.15
460.769
471.914
)
;
    }
    frontAndBack_2
    {
        type            empty;
    }
    inlet_2
    {
        type            fixedValue;
        value           uniform 14.855;
    }
    outlet_2
    {
        type            zeroGradient;
    }
    fixedWalls_3
    {
        Cmu             0.09;
        kappa           0.41;
        E               9.8;
        type            epsilonWallFunction;
        value           nonuniform List<scalar> 
200
(
1270.64
1280.22
1291.82
1319.74
1314.28
1314.23
1296.21
1304.29
1333.24
1329.2
1337.45
1343.64
1350.17
1348.75
1340.58
1369.49
1338.64
1371.56
1338.93
1360.78
1298.65
1303.88
1305.8
1332.72
1285.77
1283.97
1288.22
1287.43
1290.56
1289.28
1295.4
1298.51
1330.23
1316.3
1300.63
1323.27
1276.56
1282.93
1288.09
1316.7
1315.08
1326.63
1327.6
1324.4
1335.93
1365.85
1338.79
1324.42
1350.72
1311.36
1338.8
1301.35
1301.54
1307.71
1311.68
1338.44
1297.18
1297.41
1302.9
1304.1
1305.87
1322.59
1239.27
1236.06
1230.31
1249.31
1205.77
1222.25
1154.85
1145.33
1158.33
1119.3
1119.42
1122.61
1115.71
1084.99
1052.74
1065.73
1038.41
987.684
985.625
896.801
885.879
807.818
804.131
801.185
815.184
776.833
793.409
687.401
614.436
501.248
429.676
422.059
438.086
446.147
459.245
463.697
468.763
473.709
1266.37
1288.83
1291.75
1292.02
1271.5
1234.99
1230.79
1233.42
1234.35
1241.78
1247.01
1274.87
1246.04
1250.24
1259.08
1282.35
1242.8
1253.31
1261.29
1296.69
1295.9
1302.25
1291.9
1258.15
1277.02
1241.56
1273.24
1266.99
1263.11
1291.08
1262.92
1276.06
1287.84
1307.09
1343.65
1331.06
1373.1
1375.1
1367.68
1407.04
1356.1
1301.36
1247.83
1248.95
1246.16
1252.22
1268.88
1216.4
1224.05
1238.62
1256.25
1258.42
1267.24
1280.63
1271.71
1262.3
1292.71
1269.96
1304.33
1282.39
1254.58
1270.08
1215.32
1217.21
1214.98
1217.71
1217.57
1230.22
1246.41
1240.14
1224.4
1193.47
1204.54
1125.24
1118.94
1110.56
1106.24
1037.61
1042.8
994.718
990.324
988.653
900.692
830.48
801.987
805.794
737.352
729.989
677.381
652.044
590.818
522.869
457.995
424.959
431.791
450.347
458.207
464.513
469.032
474.228
)
;
    }
    frontAndBack_3
    {
        type            empty;
    }
    inlet_3
    {
        type            fixedValue;
        value           uniform 14.855;
    }
    outlet_3
    {
        type            zeroGradient;
    }
    fixedWalls_4
    {
        Cmu             0.09;
        kappa           0.41;
        E               9.8;
        type            epsilonWallFunction;
        value           nonuniform List<scalar> 
200
(
707.721
722.347
713.334
706.932
718.758
699.275
717.224
703.609
689.2
689.765
694.044
705.32
685.694
703.908
695.238
685.52
686.835
692.571
706.122
692.074
708.765
702.773
692.492
692.954
697.367
697.922
699.267
699.819
703.106
703.423
706.025
706.628
719.679
715.69
711.709
717.835
708.056
682.923
683.325
680.807
682.2
681.907
683.962
684.462
687.424
688.556
700.201
686.958
687.8
688.191
690.112
693.656
704.961
682.904
685.902
694.81
672.618
677.468
683.19
695.95
688.977
690.22
677.43
677.528
691.271
680.214
690.237
670.874
683.156
648.451
642.724
640.492
635.322
634.092
628.814
627.731
631.089
578.691
587.447
553.991
560.613
503.713
492.089
485.361
438.199
431.228
427.177
420.312
421.441
429.951
384.285
366.397
360.868
386.8
398.627
423.914
438.494
449.79
462.499
471.038
710.038
725.656
688.674
691.52
666.177
678.276
680.173
684.846
686.994
685.936
680.649
689.939
672.143
683.682
672.976
677.881
692.512
689.491
697.013
698.793
697.024
688.033
689.368
692.489
705.015
681.341
695.106
683.818
692.535
673.119
675.502
686.382
679.347
672.507
675.049
677.563
687.825
689.216
689.637
694.783
713.142
700.669
688.201
701.481
677.767
693.769
678.029
665.117
665.593
680.208
665.858
676.857
656.821
663.078
680.154
673.966
671.176
675.597
682.379
685.422
701.661
684.619
703.127
691.135
674.131
682.103
655.525
659.204
669.409
645.437
661.863
648.072
656.601
634.85
637.556
646.677
609.73
610.076
614.716
560.632
556.558
551.869
547.4
459.33
439.854
416.97
401.089
390.825
382.688
360.17
363.587
367.075
376.054
388.047
395.775
424.294
439.118
449.95
462.707
471.005
)
;
    }
    frontAndBack_4
    {
        type            empty;
    }
    inlet_4
    {
        type            fixedValue;
        value           uniform 14.855;
    }
    outlet_4
    {
        type            zeroGradient;
    }
    fixedWalls_5
    {
        Cmu             0.09;
        kappa           0.41;
        E               9.8;
        type            epsilonWallFunction;
        value           nonuniform List<scalar> 
200
(
242.169
241.296
241.847
241.826
243.266
245.275
244.711
244.566
245.282
245.561
247.363
247.667
247.219
245.39
245.334
245.627
244.044
244.401
243.921
243.798
243.12
243.123
243.485
243.831
244.855
245.664
245.511
245.868
246.067
245.312
244.775
245.572
246.138
245.709
245.623
245.51
245.307
245.66
245.99
246.722
247.445
247.696
247.224
247.153
246.551
246.261
243.325
242.778
242.713
242.165
242.135
241.7
240.169
239.241
237.662
239.156
238.82
239.131
239.24
238.744
239.051
240.043
240.529
240.789
242.25
242.162
243.15
243.326
243.885
244.944
246.773
248.101
249.833
250.046
251.832
250.106
246.669
247.6
236.049
233.937
230.528
231.391
220.62
221.784
204.738
201.127
201.949
208.475
197.919
213.582
218.08
235.704
258.043
282.558
308.671
344.277
376.848
400.728
434.041
466.33
252.171
251.262
250.778
251.131
252.918
251.662
251.906
253.243
253.579
253.485
252.925
253.279
252.885
253.434
255.156
253.832
252.54
252.665
252.212
252.725
250.187
249.522
249.332
249.288
247.548
245.787
245.948
245.395
245.794
246.4
246.956
248.078
247.314
248.348
247.806
249.491
249.414
249.651
247.548
246.763
245.221
245.097
245.366
245.652
246.069
246.916
247.284
247.791
247.233
247.092
244.201
243.871
243.174
242.609
241.683
241.211
240.781
240.669
240.338
238.904
239.474
239.681
239.371
239.495
239.083
239.326
240.382
239.557
238.77
240.444
241.212
241.501
244.627
244.634
244.682
244.605
245.652
239.997
236.341
233.383
229.888
224.266
216.194
209.718
208.632
198.611
197.681
186.358
191.595
212.003
224.649
241.127
260.566
284.124
312.591
342.176
376.644
401.856
433.737
466.44
)
;
    }
    frontAndBack_5
    {
        type            empty;
    }
    inlet_5
    {
        type            fixedValue;
        value           uniform 14.855;
    }
    outlet_5
    {
        type            zeroGradient;
    }
}


// ************************************************************************* //
