/*--------------------------------*- C++ -*----------------------------------*\
  =========                 |
  \\      /  F ield         | OpenFOAM: The Open Source CFD Toolbox
   \\    /   O peration     | Website:  https://openfoam.org
    \\  /    A nd           | Version:  6
     \\/     M anipulation  |
\*---------------------------------------------------------------------------*/
FoamFile
{
    version     2.0;
    format      ascii;
    class       volScalarField;
    location    "12";
    object      k;
}
// * * * * * * * * * * * * * * * * * * * * * * * * * * * * * * * * * * * * * //

dimensions      [0 2 -2 0 0 0 0];

internalField   nonuniform List<scalar> 
10000
(
0.190977
0.493817
0.431618
0.386212
0.36427
0.356619
0.355563
0.356519
0.357642
0.358428
0.358784
0.358704
0.358547
0.359265
0.362556
0.371708
0.393528
0.437146
0.492484
0.190895
0.187997
0.493407
0.430625
0.387192
0.364909
0.357082
0.356011
0.35696
0.358062
0.358938
0.359471
0.35948
0.359295
0.360092
0.363594
0.372706
0.394095
0.437629
0.492542
0.190262
0.187863
0.493721
0.431672
0.387226
0.365758
0.357564
0.356148
0.356831
0.357855
0.358875
0.360087
0.360873
0.359752
0.360683
0.364391
0.374275
0.395084
0.43756
0.492719
0.19046
0.18788
0.493578
0.433416
0.387348
0.365517
0.359246
0.356608
0.357013
0.357873
0.358857
0.360267
0.360264
0.360072
0.362648
0.366636
0.374134
0.394818
0.434348
0.488731
0.188886
0.186317
0.49356
0.433228
0.387029
0.365664
0.358065
0.356578
0.357045
0.357971
0.358652
0.359051
0.359281
0.35986
0.362304
0.366386
0.374543
0.394847
0.436094
0.491774
0.190046
0.186745
0.490519
0.432583
0.387337
0.366119
0.358963
0.358728
0.357815
0.358534
0.359091
0.359433
0.359737
0.360411
0.362109
0.366191
0.376144
0.396154
0.435571
0.492263
0.190528
0.186522
0.492901
0.432147
0.387606
0.367867
0.359564
0.358104
0.358292
0.359113
0.35958
0.359933
0.360526
0.362402
0.364301
0.367188
0.376776
0.397533
0.438308
0.491842
0.191676
0.187482
0.493286
0.433299
0.388901
0.368964
0.361869
0.359121
0.360432
0.361455
0.361795
0.361999
0.3623
0.362766
0.363847
0.369166
0.378614
0.398574
0.438536
0.492051
0.193474
0.186799
0.492898
0.43278
0.389983
0.369723
0.362035
0.359763
0.35988
0.361082
0.361341
0.361626
0.362036
0.362957
0.365237
0.370141
0.379753
0.39942
0.436055
0.491306
0.194234
0.187666
0.491279
0.434281
0.390861
0.371072
0.364642
0.360573
0.361027
0.360302
0.360616
0.360994
0.361388
0.362204
0.36425
0.369462
0.38153
0.401855
0.439771
0.489761
0.194753
0.188272
0.496635
0.436222
0.390975
0.370162
0.364108
0.361575
0.360107
0.360158
0.360595
0.361037
0.361479
0.362386
0.364373
0.369792
0.382492
0.404002
0.443106
0.496912
0.196703
0.189238
0.494834
0.43316
0.390717
0.369904
0.362837
0.360644
0.361008
0.360412
0.360692
0.361281
0.361881
0.364013
0.365873
0.370148
0.382565
0.404848
0.445374
0.502014
0.197718
0.187318
0.493148
0.435186
0.390764
0.370029
0.364387
0.361659
0.359886
0.360537
0.360896
0.362309
0.361841
0.363444
0.36479
0.370763
0.381756
0.405123
0.445557
0.501692
0.197421
0.188384
0.491254
0.434749
0.39077
0.369442
0.361762
0.359183
0.359131
0.359766
0.360426
0.361773
0.361697
0.363674
0.364558
0.36927
0.382037
0.405198
0.448048
0.502115
0.197457
0.189453
0.494124
0.432996
0.390737
0.369601
0.363255
0.359214
0.359121
0.359829
0.360275
0.361421
0.361331
0.363498
0.364781
0.368761
0.379834
0.403906
0.448881
0.501793
0.197679
0.18912
0.494466
0.435234
0.390847
0.369202
0.361367
0.358705
0.358986
0.361017
0.360467
0.3609
0.361013
0.362666
0.366152
0.368976
0.379235
0.40228
0.44461
0.497101
0.195848
0.1908
0.495038
0.434185
0.39073
0.369698
0.362891
0.359832
0.359024
0.360143
0.359291
0.359628
0.360656
0.363325
0.365275
0.369275
0.377288
0.400743
0.442711
0.496762
0.194789
0.189884
0.495607
0.436579
0.390265
0.368478
0.35982
0.359203
0.359506
0.359599
0.359036
0.359429
0.360932
0.362379
0.363884
0.367789
0.376421
0.399433
0.440818
0.494664
0.193156
0.190911
0.490854
0.433244
0.389513
0.366349
0.35819
0.356984
0.357491
0.358259
0.358747
0.358894
0.359254
0.360637
0.361457
0.365054
0.37535
0.39759
0.438738
0.492564
0.191613
0.190669
0.4921
0.434038
0.389305
0.366283
0.359757
0.359169
0.359334
0.359884
0.360327
0.359091
0.35896
0.359131
0.359111
0.36239
0.372779
0.39611
0.437514
0.490048
0.190635
0.190423
0.493792
0.434287
0.388534
0.36594
0.357982
0.357894
0.357663
0.358323
0.359639
0.358964
0.358941
0.359928
0.359029
0.362089
0.373047
0.395854
0.436672
0.489648
0.189716
0.19142
0.493671
0.43214
0.388209
0.366104
0.358061
0.357608
0.358515
0.358405
0.359584
0.359073
0.358917
0.359337
0.358821
0.361701
0.37146
0.394617
0.43708
0.488293
0.189547
0.191239
0.493657
0.432811
0.388877
0.366472
0.358186
0.356408
0.356956
0.357842
0.35902
0.359766
0.359687
0.359096
0.359716
0.362841
0.371583
0.394562
0.438298
0.490907
0.189333
0.190798
0.49004
0.434599
0.389389
0.368216
0.360598
0.357418
0.35885
0.359413
0.35859
0.358409
0.358006
0.357701
0.358416
0.361612
0.371382
0.394554
0.437102
0.488206
0.188503
0.190653
0.491196
0.432723
0.389133
0.368452
0.360736
0.357522
0.357674
0.358957
0.359644
0.359752
0.358446
0.358129
0.359985
0.363504
0.372651
0.394699
0.440587
0.49462
0.189945
0.190512
0.492219
0.434929
0.389909
0.368707
0.361423
0.358973
0.358936
0.358178
0.358526
0.358797
0.358369
0.358291
0.360077
0.363269
0.372654
0.395119
0.440612
0.496799
0.189921
0.190876
0.491223
0.434099
0.39047
0.369178
0.362072
0.359097
0.357855
0.358045
0.358592
0.360005
0.358898
0.358712
0.360279
0.363177
0.372813
0.39571
0.440921
0.497607
0.190876
0.191179
0.495471
0.438086
0.391782
0.369687
0.361026
0.358536
0.358347
0.358553
0.358698
0.359599
0.35977
0.359762
0.359685
0.364354
0.373795
0.395508
0.440264
0.498777
0.191938
0.19153
0.492147
0.437998
0.392519
0.371476
0.361808
0.35919
0.360129
0.359271
0.358958
0.358796
0.358519
0.358464
0.359317
0.362856
0.372918
0.3956
0.438259
0.498639
0.191563
0.192247
0.496087
0.438361
0.3932
0.372284
0.363989
0.359812
0.359532
0.360845
0.359933
0.359515
0.359076
0.358988
0.359694
0.363235
0.373412
0.39631
0.440849
0.498648
0.192756
0.192814
0.496764
0.435712
0.393592
0.372486
0.364202
0.360235
0.360784
0.36146
0.361522
0.360179
0.359625
0.359552
0.360191
0.363696
0.373958
0.3959
0.437696
0.498085
0.192311
0.193717
0.497062
0.438038
0.394813
0.373273
0.365059
0.360719
0.359994
0.360807
0.361342
0.361327
0.360406
0.361511
0.362305
0.365569
0.374439
0.39698
0.439836
0.498207
0.19104
0.194824
0.497899
0.437764
0.396486
0.375206
0.365605
0.361152
0.360138
0.360097
0.360385
0.360448
0.360452
0.360675
0.361638
0.365239
0.37502
0.39689
0.441513
0.497719
0.192158
0.194413
0.497736
0.43717
0.397724
0.37554
0.365477
0.361628
0.360542
0.360367
0.361524
0.361764
0.362022
0.36272
0.36341
0.366926
0.376386
0.397971
0.440451
0.497283
0.192414
0.197465
0.498411
0.439554
0.400038
0.377734
0.36638
0.363725
0.361711
0.360588
0.360428
0.360462
0.360599
0.361605
0.36201
0.365555
0.375632
0.398475
0.443507
0.497699
0.193614
0.199902
0.498391
0.44143
0.401062
0.378041
0.367513
0.36329
0.362263
0.361711
0.361597
0.360977
0.36081
0.360992
0.36341
0.367284
0.376122
0.398887
0.442965
0.496375
0.192516
0.200576
0.50103
0.443581
0.40218
0.377827
0.366402
0.361917
0.360442
0.360104
0.360395
0.361745
0.362069
0.361056
0.362899
0.36695
0.376918
0.39931
0.44254
0.495877
0.193
0.200514
0.502412
0.445683
0.4026
0.378864
0.366713
0.362005
0.360373
0.359849
0.359876
0.360407
0.361166
0.36149
0.361844
0.365832
0.376031
0.399177
0.439889
0.492443
0.192711
0.199869
0.504414
0.446712
0.4025
0.378492
0.368452
0.363828
0.361026
0.360199
0.359936
0.359887
0.359887
0.360118
0.361513
0.365734
0.37579
0.399253
0.442228
0.496204
0.193129
0.198919
0.500748
0.447445
0.402098
0.37903
0.367393
0.362713
0.362177
0.361595
0.361202
0.360417
0.36078
0.360341
0.362746
0.366317
0.375615
0.398447
0.441276
0.49599
0.193678
0.196827
0.499826
0.443887
0.400809
0.377255
0.368572
0.362497
0.360722
0.360109
0.359813
0.360587
0.360355
0.360683
0.361294
0.367349
0.375304
0.397449
0.439663
0.490923
0.192419
0.194849
0.496828
0.441223
0.399787
0.377072
0.367259
0.362563
0.360673
0.360816
0.35945
0.359128
0.358837
0.359097
0.360257
0.365684
0.374287
0.396292
0.436062
0.491453
0.191272
0.191615
0.493925
0.438999
0.398663
0.377832
0.366125
0.36389
0.360709
0.359731
0.359459
0.359155
0.358835
0.359404
0.359943
0.364521
0.373118
0.395707
0.437051
0.491429
0.190367
0.191134
0.495873
0.437883
0.396931
0.375895
0.364248
0.361914
0.361114
0.359934
0.360625
0.359542
0.358965
0.359064
0.359625
0.362949
0.372977
0.395745
0.438271
0.490975
0.190207
0.190691
0.4957
0.437259
0.395682
0.37459
0.363722
0.359936
0.359298
0.359472
0.360042
0.360711
0.359748
0.358898
0.360915
0.363153
0.373241
0.395535
0.436315
0.495486
0.190078
0.190749
0.494813
0.437484
0.394777
0.373182
0.364664
0.360291
0.35969
0.359723
0.359798
0.360417
0.359192
0.358701
0.359653
0.362903
0.372683
0.39629
0.439627
0.497218
0.191429
0.19093
0.495025
0.43871
0.395094
0.37256
0.363369
0.360587
0.361268
0.361152
0.359963
0.360544
0.36046
0.359936
0.360835
0.36264
0.372721
0.396092
0.441048
0.496717
0.191088
0.190154
0.491922
0.436881
0.395459
0.374597
0.36582
0.362563
0.360217
0.359765
0.359709
0.359625
0.359441
0.358325
0.359088
0.362542
0.372649
0.395868
0.440363
0.495926
0.189639
0.191761
0.496439
0.439121
0.395377
0.374416
0.364967
0.362588
0.361694
0.360458
0.361106
0.360826
0.358702
0.358231
0.359403
0.362924
0.372922
0.396369
0.440146
0.494912
0.19038
0.192323
0.492198
0.436433
0.395472
0.374499
0.365784
0.362712
0.36141
0.36134
0.360394
0.359686
0.358286
0.358108
0.360583
0.36325
0.373127
0.396292
0.437619
0.492096
0.190417
0.192084
0.49346
0.43753
0.396164
0.373668
0.364095
0.361992
0.360304
0.360704
0.35927
0.35844
0.357828
0.357795
0.359303
0.364406
0.373749
0.39649
0.440321
0.495902
0.191354
0.192155
0.490104
0.438721
0.397176
0.374208
0.36427
0.361189
0.360048
0.360443
0.359394
0.358506
0.357969
0.357902
0.360308
0.36395
0.374189
0.396726
0.438893
0.49636
0.19235
0.193293
0.492251
0.437354
0.398203
0.375757
0.364301
0.362832
0.361213
0.359612
0.360035
0.358784
0.358178
0.358058
0.359185
0.365158
0.373384
0.395882
0.439855
0.495856
0.192718
0.193881
0.495974
0.439773
0.398514
0.374899
0.363804
0.361059
0.359625
0.358867
0.358818
0.359593
0.359708
0.359753
0.359071
0.363736
0.373206
0.395183
0.438097
0.494602
0.192266
0.194209
0.49697
0.440852
0.398668
0.375843
0.363812
0.360358
0.360543
0.358992
0.358604
0.358594
0.35872
0.359193
0.358753
0.361958
0.371543
0.39466
0.437564
0.49431
0.192189
0.193569
0.493241
0.441416
0.398509
0.373843
0.363831
0.361222
0.359311
0.358828
0.358632
0.358695
0.359549
0.358634
0.358738
0.361831
0.371671
0.394629
0.437628
0.490552
0.190447
0.193317
0.496135
0.442139
0.397626
0.373618
0.364143
0.360093
0.360401
0.360215
0.359746
0.358517
0.358433
0.359632
0.359258
0.362308
0.372016
0.394583
0.437271
0.490924
0.190394
0.193018
0.495898
0.441405
0.397041
0.37337
0.363684
0.359955
0.358945
0.358681
0.358473
0.3583
0.358263
0.358855
0.360583
0.36404
0.372552
0.394454
0.43649
0.489052
0.189969
0.191581
0.4915
0.438468
0.396436
0.373753
0.365902
0.361832
0.359119
0.358559
0.358467
0.358491
0.358405
0.358398
0.359396
0.363129
0.373186
0.394437
0.435389
0.489755
0.189751
0.190607
0.491227
0.43763
0.395878
0.373537
0.365355
0.360685
0.359188
0.358672
0.358655
0.35901
0.360228
0.360565
0.361528
0.363763
0.374006
0.395097
0.436232
0.490465
0.189898
0.190092
0.488206
0.436128
0.395009
0.37364
0.36539
0.36247
0.359458
0.358833
0.358774
0.359058
0.360079
0.360399
0.361549
0.364238
0.373954
0.395476
0.434391
0.488315
0.189217
0.190258
0.490491
0.43584
0.394794
0.374347
0.363938
0.361787
0.359519
0.359075
0.35901
0.359307
0.360246
0.360698
0.361816
0.364516
0.375018
0.395502
0.436599
0.492941
0.190745
0.190512
0.488735
0.435556
0.394069
0.372269
0.363392
0.36059
0.359463
0.359311
0.359324
0.359486
0.359815
0.360304
0.361366
0.364517
0.373631
0.395181
0.437037
0.491785
0.191008
0.190911
0.492041
0.436502
0.393974
0.372634
0.363991
0.362354
0.360482
0.361257
0.36114
0.360377
0.360726
0.361999
0.363265
0.365083
0.374575
0.394974
0.434594
0.49019
0.190554
0.191247
0.491022
0.434867
0.394084
0.3731
0.364387
0.361616
0.361847
0.36157
0.360806
0.360656
0.360673
0.360876
0.362024
0.365196
0.373364
0.393854
0.434745
0.488212
0.189985
0.190453
0.488107
0.435712
0.394883
0.37536
0.367245
0.36407
0.362856
0.362353
0.361426
0.361338
0.361431
0.362582
0.362981
0.366938
0.373529
0.393457
0.434982
0.490604
0.190854
0.190591
0.487969
0.434016
0.39487
0.375291
0.367529
0.364446
0.363565
0.363401
0.363311
0.362487
0.362214
0.362442
0.36428
0.36605
0.374718
0.393438
0.434534
0.48789
0.190603
0.190342
0.486711
0.433615
0.395036
0.37611
0.368674
0.365537
0.36456
0.364316
0.36446
0.363529
0.363187
0.363129
0.364006
0.367702
0.374992
0.39312
0.434008
0.490079
0.190377
0.189533
0.486037
0.432986
0.395987
0.378865
0.370393
0.366746
0.365493
0.365434
0.365658
0.366081
0.366234
0.366162
0.366742
0.368902
0.375264
0.392781
0.433181
0.489995
0.191003
0.189207
0.485019
0.432314
0.396243
0.379599
0.371694
0.367459
0.365891
0.365443
0.365618
0.366613
0.366949
0.366936
0.367293
0.369033
0.375764
0.39207
0.430431
0.485276
0.190089
0.188483
0.483715
0.430692
0.395684
0.380667
0.373859
0.370406
0.368697
0.367931
0.367765
0.368016
0.368346
0.368249
0.367727
0.368446
0.373898
0.391533
0.430032
0.4861
0.189728
0.187611
0.482317
0.428955
0.394255
0.381299
0.375131
0.372149
0.370069
0.369181
0.369082
0.369182
0.369542
0.369997
0.370055
0.369132
0.373647
0.391239
0.428574
0.483083
0.189011
0.186757
0.478393
0.426927
0.393933
0.381847
0.376436
0.373719
0.372027
0.371005
0.370521
0.370447
0.370681
0.370951
0.370367
0.369793
0.373422
0.388301
0.426709
0.48201
0.188106
0.185499
0.477198
0.424342
0.39035
0.381591
0.377592
0.375112
0.373356
0.372181
0.371604
0.371497
0.371776
0.372211
0.372295
0.370507
0.373471
0.38744
0.425095
0.48004
0.186263
0.184212
0.475047
0.42102
0.387404
0.380489
0.378767
0.376651
0.374876
0.373638
0.372962
0.372789
0.373025
0.373435
0.373437
0.371389
0.373768
0.386643
0.423093
0.477658
0.185375
0.183298
0.472906
0.418579
0.385656
0.37781
0.379272
0.378002
0.376449
0.37518
0.374396
0.374134
0.374308
0.374645
0.374466
0.372003
0.373934
0.38573
0.42075
0.475495
0.184396
0.18137
0.468902
0.415184
0.384052
0.377634
0.380029
0.379487
0.378132
0.376848
0.375987
0.375637
0.375718
0.375948
0.375622
0.372861
0.376292
0.385527
0.41778
0.471803
0.18324
0.180223
0.466182
0.411949
0.38326
0.38005
0.381006
0.380982
0.379849
0.378617
0.377743
0.37734
0.377322
0.377347
0.376523
0.372805
0.374281
0.385805
0.414004
0.469853
0.182257
0.178474
0.461869
0.406387
0.38211
0.378077
0.380847
0.382291
0.381606
0.380538
0.379703
0.379263
0.37914
0.378986
0.377834
0.373185
0.371981
0.381027
0.408411
0.465764
0.18037
0.17624
0.456457
0.399965
0.380692
0.376458
0.382587
0.38409
0.38369
0.382775
0.381969
0.381476
0.381207
0.380786
0.379111
0.373641
0.370081
0.378566
0.402802
0.460958
0.177099
0.173041
0.45012
0.396652
0.376869
0.377909
0.383603
0.385805
0.385873
0.385192
0.384457
0.383937
0.383564
0.383
0.381277
0.376829
0.370014
0.375458
0.398514
0.453627
0.172969
0.169473
0.439475
0.386126
0.369517
0.374945
0.383546
0.38744
0.388169
0.387784
0.387145
0.386582
0.386031
0.385154
0.382851
0.376693
0.369694
0.370405
0.389825
0.442578
0.166116
0.165469
0.428461
0.37464
0.362806
0.377358
0.38333
0.38903
0.390403
0.390369
0.389878
0.389294
0.388566
0.387347
0.384609
0.378601
0.369089
0.36454
0.380294
0.428654
0.157153
0.16156
0.419316
0.367453
0.360741
0.374412
0.382449
0.390112
0.392352
0.392778
0.392494
0.391913
0.390991
0.389331
0.385678
0.377213
0.366694
0.358943
0.370587
0.413083
0.14964
0.155045
0.406337
0.363837
0.359335
0.371212
0.382461
0.390927
0.393914
0.394796
0.394746
0.394195
0.393119
0.391155
0.387148
0.378656
0.370196
0.357743
0.360262
0.397652
0.146532
0.146325
0.38795
0.36001
0.359421
0.372633
0.385474
0.391783
0.394761
0.395985
0.396223
0.395724
0.394497
0.392239
0.388318
0.381295
0.370002
0.354114
0.34868
0.380851
0.143481
0.142784
0.368399
0.345178
0.359295
0.376626
0.384596
0.390323
0.393765
0.395478
0.396276
0.395978
0.394505
0.39155
0.387156
0.380394
0.369859
0.355177
0.345319
0.36757
0.146016
0.147214
0.352699
0.342228
0.35899
0.376717
0.386685
0.390588
0.39367
0.3954
0.39592
0.395553
0.394251
0.391731
0.387509
0.381366
0.371633
0.356948
0.339876
0.350937
0.147184
0.149659
0.337194
0.347365
0.362177
0.376718
0.38455
0.390203
0.393321
0.395348
0.395851
0.395585
0.394602
0.392754
0.389447
0.382811
0.374982
0.362968
0.341663
0.338329
0.153449
0.159631
0.332929
0.34868
0.366224
0.37628
0.384576
0.390526
0.392595
0.393326
0.393537
0.393368
0.392725
0.391182
0.388589
0.384196
0.376227
0.367561
0.348249
0.332356
0.165493
0.172463
0.332105
0.352504
0.366831
0.378932
0.38526
0.387813
0.388813
0.389189
0.389346
0.389379
0.389253
0.388593
0.386639
0.382251
0.377237
0.371795
0.356928
0.331981
0.174553
0.184174
0.332478
0.360924
0.373107
0.378225
0.382441
0.3838
0.384106
0.384124
0.384157
0.384267
0.384462
0.384558
0.384128
0.381642
0.378278
0.374963
0.36331
0.336213
0.18872
0.204046
0.342229
0.368758
0.376207
0.379382
0.380339
0.38003
0.379505
0.379117
0.378981
0.379092
0.37946
0.380025
0.380674
0.381081
0.380174
0.37853
0.370298
0.340743
0.20461
0.224323
0.351749
0.377114
0.379825
0.379448
0.37801
0.376634
0.375607
0.374961
0.374691
0.374769
0.375204
0.376004
0.377137
0.378433
0.378994
0.379756
0.378704
0.352785
0.224052
0.244771
0.367168
0.388119
0.383861
0.379891
0.376737
0.374547
0.373119
0.372282
0.371914
0.371949
0.372383
0.373296
0.374786
0.377053
0.380252
0.384119
0.387402
0.366363
0.245451
0.270628
0.389144
0.397698
0.387419
0.380298
0.376132
0.373578
0.372074
0.371274
0.370928
0.370939
0.371299
0.372128
0.373642
0.376199
0.380321
0.387322
0.398022
0.389706
0.27001
0.291315
0.414245
0.406562
0.388919
0.380581
0.376018
0.373457
0.372069
0.37129
0.370958
0.370962
0.371295
0.372082
0.373462
0.376027
0.380584
0.388971
0.406725
0.414368
0.292365
0.315098
0.436904
0.410251
0.389312
0.380079
0.375687
0.373496
0.372359
0.371847
0.371633
0.371639
0.371854
0.372377
0.373497
0.375696
0.380039
0.38922
0.410253
0.43707
0.314657
0.337432
0.446135
0.407473
0.38576
0.378006
0.374973
0.373677
0.373109
0.372869
0.372786
0.372791
0.372883
0.373137
0.3737
0.374987
0.378004
0.385714
0.407395
0.446309
0.33823
0.364736
0.422565
0.386721
0.377546
0.375356
0.3746
0.374335
0.374266
0.374252
0.374249
0.37425
0.37425
0.374267
0.374335
0.374603
0.375358
0.377548
0.386713
0.422591
0.364522
0.541572
1.00024
0.825077
0.675768
0.576994
0.512239
0.470396
0.443263
0.426995
0.418712
0.417261
0.422608
0.436028
0.46036
0.501009
0.566166
0.668447
0.819519
0.988116
0.526129
0.546653
0.99938
0.825118
0.678451
0.581807
0.515553
0.472254
0.443552
0.426848
0.417951
0.416465
0.422112
0.436163
0.4607
0.501706
0.567055
0.669261
0.819726
0.981268
0.528225
0.545259
0.988767
0.825006
0.679085
0.581193
0.51329
0.471781
0.443537
0.426827
0.417936
0.416404
0.421883
0.435885
0.461236
0.503061
0.567169
0.6693
0.819258
0.988944
0.53463
0.542346
0.991057
0.822002
0.67994
0.581346
0.513081
0.471569
0.443519
0.426795
0.417879
0.416367
0.421683
0.43554
0.460347
0.501701
0.568281
0.66936
0.817815
0.987272
0.526637
0.545001
0.987262
0.825008
0.681071
0.579676
0.513125
0.470513
0.443537
0.426763
0.418087
0.416188
0.42115
0.435396
0.461067
0.502821
0.567936
0.667942
0.811452
0.97558
0.533284
0.538573
0.989261
0.82264
0.681396
0.579881
0.513096
0.470382
0.443357
0.426668
0.417913
0.415613
0.420873
0.435255
0.46067
0.502513
0.568382
0.669368
0.816575
0.983556
0.527313
0.541344
0.995767
0.826677
0.683326
0.580787
0.513568
0.470402
0.443481
0.426175
0.417684
0.415868
0.420794
0.434999
0.460185
0.50212
0.569667
0.669218
0.822263
0.994412
0.521165
0.546857
0.991262
0.829117
0.682123
0.581122
0.515121
0.470592
0.443027
0.425913
0.41747
0.415697
0.420922
0.434895
0.460308
0.502299
0.57098
0.671193
0.823245
0.995517
0.520907
0.540526
1.00316
0.827503
0.682632
0.583254
0.512689
0.469261
0.442288
0.425504
0.416742
0.414908
0.420445
0.434918
0.460671
0.502497
0.571046
0.672275
0.82231
0.994253
0.522605
0.542969
0.999786
0.829042
0.680181
0.579027
0.512357
0.468986
0.441811
0.425414
0.417007
0.415168
0.420861
0.434834
0.461063
0.502534
0.570973
0.673159
0.822098
0.994316
0.523382
0.548414
0.989662
0.822811
0.677066
0.579086
0.513837
0.469051
0.441855
0.425262
0.416922
0.415297
0.420462
0.43459
0.460424
0.50307
0.568826
0.672434
0.819794
0.990745
0.527626
0.538864
0.99171
0.822021
0.675003
0.573959
0.509378
0.468697
0.441196
0.424594
0.416191
0.415045
0.420341
0.434477
0.459471
0.500782
0.568435
0.671185
0.815313
0.985413
0.522426
0.540654
0.987628
0.820359
0.6747
0.574664
0.509672
0.467659
0.440807
0.424576
0.416261
0.414781
0.420107
0.4346
0.459558
0.500297
0.56788
0.669209
0.818215
0.997519
0.522745
0.545368
0.985405
0.82007
0.675144
0.576281
0.512348
0.468215
0.441075
0.424605
0.416166
0.414674
0.419974
0.434388
0.460424
0.500026
0.566867
0.667852
0.819664
0.995916
0.525546
0.527595
0.983857
0.822176
0.675463
0.577785
0.512453
0.468562
0.441005
0.4246
0.415578
0.414199
0.420101
0.434075
0.459283
0.499381
0.564311
0.665217
0.811426
0.992107
0.521996
0.520281
0.983388
0.820784
0.675717
0.578685
0.513549
0.469863
0.44126
0.424826
0.416129
0.415007
0.420204
0.433819
0.460323
0.500472
0.561426
0.663178
0.808789
0.977068
0.517534
0.520836
0.983295
0.816534
0.676862
0.579951
0.51437
0.470283
0.441617
0.425029
0.41679
0.415188
0.420149
0.433261
0.458514
0.497535
0.560594
0.662415
0.805453
0.975578
0.517967
0.520264
0.985626
0.819069
0.678474
0.580871
0.51518
0.47151
0.442238
0.425213
0.417012
0.415319
0.420138
0.432992
0.457005
0.497102
0.559664
0.659161
0.802443
0.971432
0.513567
0.521252
0.973434
0.822025
0.679505
0.582488
0.516491
0.472428
0.443328
0.42626
0.417252
0.414948
0.419795
0.433042
0.456433
0.495439
0.559603
0.658674
0.803376
0.975119
0.519894
0.522103
0.984091
0.820414
0.680953
0.586655
0.519765
0.473524
0.443843
0.426428
0.416851
0.415281
0.420049
0.433082
0.45677
0.495799
0.558711
0.658099
0.799603
0.966741
0.515579
0.526155
0.992356
0.827504
0.683897
0.587445
0.52098
0.474639
0.444266
0.426629
0.417284
0.414973
0.42031
0.433252
0.457022
0.496205
0.560135
0.658098
0.802106
0.977761
0.516989
0.528154
0.979657
0.826224
0.683933
0.589335
0.522341
0.475313
0.444811
0.426849
0.41684
0.415244
0.420455
0.433615
0.458082
0.497884
0.560882
0.658037
0.803156
0.985539
0.523889
0.528245
0.986967
0.823428
0.683222
0.585889
0.521177
0.475691
0.445489
0.426809
0.417398
0.415586
0.420547
0.433594
0.457772
0.49767
0.561797
0.659134
0.806673
0.973663
0.520737
0.528221
0.995972
0.830756
0.683698
0.587584
0.519504
0.475241
0.445626
0.427522
0.417854
0.415592
0.420213
0.433637
0.458001
0.498152
0.563678
0.658223
0.800867
0.980102
0.516725
0.52403
0.99476
0.829883
0.683131
0.583967
0.520438
0.475124
0.445374
0.427009
0.418005
0.415817
0.420498
0.433893
0.458369
0.498588
0.564684
0.659995
0.805986
0.979562
0.521085
0.523593
0.98643
0.828665
0.682983
0.585194
0.516983
0.473476
0.444841
0.42682
0.417142
0.415005
0.420288
0.433748
0.45898
0.498759
0.564837
0.660881
0.799862
0.966638
0.514246
0.525612
0.998861
0.828077
0.681956
0.580345
0.518099
0.473628
0.444651
0.426442
0.416771
0.414567
0.419653
0.433467
0.458153
0.498876
0.564122
0.661381
0.803135
0.970639
0.517399
0.528822
0.999261
0.824417
0.682487
0.578471
0.514934
0.472583
0.444315
0.425365
0.416076
0.413881
0.419375
0.433455
0.45854
0.498976
0.565671
0.661783
0.80653
0.971158
0.519501
0.529681
0.986492
0.826013
0.67986
0.576934
0.516506
0.47285
0.443486
0.424435
0.414708
0.41283
0.418428
0.43276
0.45753
0.499707
0.563551
0.662453
0.80485
0.972849
0.526648
0.528961
0.996368
0.821443
0.678445
0.575532
0.512736
0.473619
0.442605
0.423596
0.414274
0.412541
0.418235
0.432533
0.458229
0.498572
0.563819
0.663099
0.802697
0.980424
0.517265
0.531286
0.991961
0.820635
0.674091
0.574131
0.512071
0.471985
0.441446
0.423044
0.414189
0.412852
0.41838
0.432202
0.457659
0.498604
0.563916
0.663347
0.80531
0.98145
0.516749
0.525236
0.996696
0.8203
0.674667
0.574127
0.514053
0.471501
0.440762
0.423361
0.414716
0.412563
0.4181
0.432146
0.457417
0.500279
0.565598
0.663452
0.80978
0.981631
0.518569
0.528921
0.994121
0.820047
0.672727
0.573658
0.511543
0.470056
0.440188
0.423241
0.414814
0.41329
0.418679
0.432266
0.458016
0.500127
0.565101
0.663868
0.813346
0.979236
0.518684
0.52119
0.991219
0.814294
0.672244
0.573925
0.513873
0.469652
0.44016
0.422783
0.414521
0.41281
0.418336
0.432275
0.457365
0.499731
0.564383
0.661823
0.809662
0.995171
0.522551
0.520196
0.989663
0.815391
0.673483
0.574581
0.511353
0.468119
0.44008
0.423316
0.414916
0.413405
0.418696
0.432454
0.45772
0.498455
0.562341
0.661436
0.814554
0.993741
0.527811
0.520479
0.986874
0.813623
0.672888
0.572577
0.513147
0.466944
0.440037
0.423279
0.414496
0.413054
0.418977
0.432571
0.457121
0.499801
0.562929
0.661546
0.81301
0.991562
0.524101
0.520223
0.984557
0.813412
0.673365
0.572876
0.509473
0.466216
0.440208
0.42373
0.415449
0.414004
0.419531
0.433038
0.45721
0.497948
0.560956
0.661402
0.810681
0.986407
0.518259
0.521406
0.972289
0.81116
0.671909
0.570478
0.506115
0.46579
0.440527
0.424484
0.416483
0.415033
0.420164
0.433582
0.458202
0.49732
0.561865
0.661423
0.808709
0.984641
0.518967
0.526188
0.982818
0.811355
0.672044
0.567885
0.505062
0.465796
0.440575
0.425015
0.417288
0.415871
0.420819
0.433939
0.458452
0.497753
0.561064
0.66033
0.802733
0.983612
0.525643
0.51657
0.990609
0.810138
0.668573
0.567358
0.505357
0.465955
0.440697
0.42498
0.417271
0.415571
0.420803
0.434234
0.45878
0.499131
0.561576
0.659533
0.804309
0.980759
0.517866
0.517595
0.980606
0.80937
0.66551
0.567302
0.505894
0.466289
0.440531
0.42462
0.417193
0.415973
0.421178
0.434525
0.458724
0.497009
0.559776
0.658761
0.803192
0.971472
0.518127
0.521308
0.990426
0.808615
0.666172
0.567736
0.508036
0.467542
0.441055
0.424894
0.417002
0.415617
0.42122
0.434765
0.459139
0.497371
0.560106
0.658662
0.802164
0.974951
0.526215
0.51364
0.989
0.808666
0.664282
0.567431
0.505577
0.46576
0.440444
0.424384
0.416762
0.415858
0.421529
0.434954
0.459237
0.497461
0.560023
0.658206
0.801689
0.973838
0.524916
0.512344
0.987121
0.811217
0.663647
0.567445
0.506157
0.466048
0.440433
0.424066
0.416238
0.415146
0.42134
0.434979
0.458983
0.498071
0.561206
0.658729
0.801666
0.974605
0.527278
0.513233
0.985051
0.810097
0.663642
0.57007
0.507341
0.46647
0.440132
0.423677
0.415465
0.414902
0.421036
0.435009
0.459465
0.498541
0.562258
0.659234
0.804896
0.97966
0.525727
0.511783
0.972455
0.808123
0.663555
0.568414
0.509362
0.466455
0.439872
0.42337
0.415344
0.414758
0.421101
0.435307
0.460581
0.500287
0.561644
0.659654
0.800817
0.973759
0.522698
0.513989
0.971933
0.807174
0.663661
0.568586
0.506685
0.465902
0.439409
0.422906
0.415051
0.414718
0.420981
0.435247
0.460588
0.499289
0.562027
0.660253
0.805518
0.984528
0.529404
0.518412
0.971797
0.803618
0.664675
0.57197
0.509215
0.466432
0.439244
0.422939
0.415233
0.414572
0.420806
0.435013
0.460455
0.499916
0.564666
0.661527
0.800406
0.981719
0.520099
0.52011
0.971143
0.807103
0.664932
0.570408
0.506444
0.467093
0.439178
0.422769
0.414939
0.413862
0.420417
0.43504
0.459776
0.501513
0.564542
0.66292
0.804328
0.977749
0.527857
0.521704
0.972319
0.805449
0.664983
0.57246
0.506028
0.46546
0.438448
0.422237
0.414448
0.413859
0.420364
0.434954
0.459872
0.500619
0.566251
0.662394
0.808021
0.989164
0.52478
0.520827
0.978411
0.807298
0.664553
0.571274
0.505974
0.466903
0.438624
0.42248
0.414833
0.414093
0.420281
0.434933
0.4603
0.501056
0.564525
0.662081
0.803786
0.987808
0.53003
0.517707
0.977146
0.807971
0.664771
0.568408
0.505495
0.465632
0.438353
0.422487
0.414769
0.41399
0.419969
0.434853
0.460808
0.503538
0.567006
0.662696
0.809019
0.988314
0.522878
0.518343
0.965918
0.807224
0.66569
0.571284
0.506161
0.465308
0.438401
0.42254
0.414268
0.413855
0.420039
0.434758
0.461751
0.503033
0.565449
0.661443
0.807143
0.98624
0.529142
0.526211
0.97225
0.806875
0.666542
0.569468
0.50639
0.465541
0.438665
0.422629
0.414705
0.413896
0.419967
0.434606
0.461193
0.504477
0.567314
0.66107
0.804763
0.984347
0.52119
0.520058
0.978221
0.806569
0.664424
0.570027
0.508782
0.467003
0.439011
0.422699
0.414643
0.413679
0.419473
0.434308
0.460097
0.50204
0.563252
0.66045
0.806159
0.981957
0.510756
0.513764
0.974931
0.802567
0.664466
0.573079
0.507762
0.467362
0.439211
0.422593
0.413916
0.413029
0.419209
0.433866
0.460374
0.504573
0.563562
0.661353
0.802318
0.976848
0.508355
0.512915
0.967221
0.803123
0.664132
0.572627
0.508042
0.467471
0.439259
0.422595
0.414023
0.413149
0.419019
0.433208
0.458025
0.499765
0.563668
0.658735
0.803152
0.972193
0.508842
0.520049
0.97471
0.801383
0.665869
0.57332
0.510103
0.467538
0.43917
0.422126
0.414055
0.412995
0.418814
0.432591
0.45808
0.49668
0.557904
0.658023
0.801631
0.973621
0.509801
0.522722
0.96906
0.803323
0.664695
0.572034
0.508455
0.4667
0.439068
0.422195
0.413407
0.412651
0.418343
0.431626
0.455892
0.496064
0.55429
0.653065
0.796674
0.972204
0.510288
0.530897
0.975569
0.805048
0.664718
0.574838
0.50878
0.467538
0.438991
0.422057
0.413745
0.412498
0.41805
0.431367
0.456166
0.496947
0.551984
0.651851
0.792253
0.97338
0.51138
0.52989
0.964876
0.802908
0.664048
0.570305
0.507903
0.466268
0.438688
0.421257
0.412867
0.412036
0.417737
0.430883
0.45403
0.49558
0.550275
0.645362
0.788994
0.970849
0.516786
0.526795
0.965219
0.800847
0.664162
0.570907
0.50832
0.466439
0.438767
0.421354
0.412669
0.411395
0.417443
0.430752
0.453218
0.494337
0.548881
0.64163
0.783228
0.958525
0.503047
0.529948
0.964484
0.800584
0.666256
0.571336
0.508518
0.46659
0.438434
0.421019
0.412206
0.411146
0.416996
0.43113
0.452421
0.491375
0.548986
0.64188
0.779853
0.96035
0.502131
0.51707
0.962848
0.79804
0.660872
0.57468
0.509037
0.467711
0.438627
0.421398
0.412531
0.41121
0.416667
0.430166
0.451619
0.488585
0.550674
0.638193
0.776439
0.957315
0.507653
0.520921
0.966603
0.79591
0.660484
0.571884
0.508995
0.466919
0.438793
0.42205
0.413346
0.411777
0.416879
0.429926
0.451614
0.489585
0.545951
0.634354
0.772403
0.947308
0.501665
0.501828
0.963947
0.791923
0.657837
0.568754
0.511066
0.468012
0.438818
0.422097
0.412859
0.41142
0.416745
0.42904
0.451369
0.486876
0.542064
0.634948
0.769279
0.942313
0.492409
0.49998
0.960008
0.789997
0.655101
0.570266
0.507678
0.466889
0.439393
0.423037
0.414062
0.412588
0.416933
0.428287
0.448463
0.483647
0.535845
0.627566
0.763552
0.936293
0.475747
0.496696
0.955146
0.787617
0.651763
0.562105
0.507774
0.466021
0.439343
0.423266
0.414386
0.412832
0.417074
0.428725
0.448166
0.484485
0.535018
0.619397
0.753778
0.932028
0.47096
0.49597
0.944727
0.783545
0.648494
0.561578
0.502844
0.464698
0.439258
0.423446
0.415467
0.413144
0.416972
0.428194
0.447322
0.478039
0.526681
0.603492
0.734923
0.927069
0.468786
0.49559
0.941951
0.779276
0.645113
0.563451
0.502621
0.464782
0.43938
0.423309
0.415757
0.413348
0.417739
0.428517
0.447783
0.475046
0.519172
0.593654
0.726622
0.923224
0.465823
0.500553
0.933329
0.772168
0.639902
0.558066
0.502136
0.464947
0.440056
0.42435
0.416231
0.414167
0.417835
0.42899
0.450404
0.478038
0.523235
0.594481
0.723518
0.916772
0.460939
0.492826
0.925885
0.763877
0.634527
0.55963
0.502737
0.466121
0.440285
0.42398
0.41612
0.41416
0.417163
0.428128
0.448417
0.475646
0.520425
0.591761
0.720605
0.908228
0.457737
0.486449
0.921778
0.75614
0.628143
0.551612
0.498085
0.464581
0.440287
0.424769
0.415823
0.414276
0.417292
0.427681
0.447556
0.473983
0.517995
0.592084
0.718181
0.902072
0.454115
0.478652
0.91676
0.746708
0.63136
0.552352
0.498099
0.465321
0.440096
0.424993
0.416853
0.41456
0.417534
0.427105
0.445942
0.47061
0.522374
0.596558
0.712618
0.89569
0.454657
0.46905
0.911783
0.732953
0.622551
0.5512
0.497745
0.465303
0.439813
0.424797
0.41641
0.414732
0.417567
0.426761
0.444581
0.467572
0.517156
0.588096
0.694875
0.887323
0.444652
0.446811
0.90398
0.721632
0.625101
0.547688
0.496783
0.464009
0.439811
0.424467
0.417431
0.415087
0.417304
0.426481
0.442897
0.465849
0.51054
0.584106
0.689144
0.878699
0.438506
0.432571
0.893142
0.716853
0.619277
0.546661
0.496885
0.463636
0.439788
0.42561
0.417977
0.415524
0.418026
0.426844
0.441835
0.464577
0.503939
0.578632
0.679125
0.866504
0.426161
0.425288
0.872448
0.704793
0.607803
0.539891
0.497755
0.462193
0.438884
0.425556
0.418174
0.415819
0.417934
0.427509
0.443604
0.464945
0.504834
0.572956
0.664545
0.852413
0.409355
0.410737
0.843944
0.688072
0.596941
0.530431
0.492907
0.460574
0.438562
0.425664
0.418466
0.416306
0.419217
0.428055
0.443319
0.465636
0.493599
0.564282
0.651151
0.83282
0.383659
0.39361
0.81338
0.651628
0.580619
0.527905
0.491758
0.459488
0.438332
0.425482
0.417689
0.415831
0.420106
0.428625
0.443118
0.461676
0.488898
0.554164
0.633963
0.812128
0.366026
0.37759
0.782626
0.630559
0.561581
0.511052
0.485348
0.457383
0.437862
0.425288
0.418814
0.417413
0.420536
0.429229
0.442923
0.463682
0.486263
0.542006
0.613127
0.783883
0.355964
0.367383
0.752231
0.594648
0.533105
0.497737
0.48201
0.456008
0.43712
0.425979
0.420197
0.418919
0.422057
0.430014
0.443988
0.460492
0.483622
0.526782
0.590534
0.761276
0.345265
0.353689
0.735059
0.583602
0.517572
0.491822
0.478452
0.45386
0.435771
0.42461
0.419141
0.418678
0.421522
0.429779
0.442826
0.460862
0.4819
0.514451
0.575389
0.747335
0.338211
0.337959
0.705246
0.583655
0.516382
0.490057
0.4751
0.451533
0.434333
0.424058
0.419327
0.418609
0.421925
0.429876
0.443288
0.462265
0.483013
0.516791
0.573699
0.727693
0.332298
0.314334
0.67244
0.565903
0.514573
0.487686
0.470151
0.448097
0.432352
0.422693
0.417645
0.417013
0.420634
0.429119
0.443951
0.465144
0.483971
0.523416
0.550403
0.682467
0.325018
0.29154
0.646804
0.558962
0.519467
0.489781
0.466258
0.443825
0.428779
0.419906
0.415733
0.415539
0.419102
0.427024
0.44079
0.461797
0.484825
0.512198
0.523213
0.654424
0.329453
0.270179
0.586465
0.534728
0.503477
0.476981
0.456633
0.436953
0.424173
0.416725
0.413178
0.412841
0.416154
0.4235
0.436033
0.455063
0.474972
0.505816
0.511538
0.60122
0.302868
0.2579
0.538248
0.511855
0.507083
0.474492
0.446662
0.429043
0.418249
0.412072
0.409347
0.409496
0.41258
0.419092
0.430057
0.447302
0.47285
0.49382
0.483276
0.544402
0.293552
0.256115
0.467539
0.467304
0.470693
0.451665
0.433046
0.419929
0.411573
0.406665
0.404524
0.404771
0.407435
0.412853
0.422013
0.436363
0.457253
0.481038
0.476088
0.512919
0.282177
0.257912
0.438749
0.43933
0.451326
0.436948
0.421495
0.410783
0.404
0.400063
0.398339
0.398553
0.400802
0.405341
0.412924
0.424686
0.44213
0.463138
0.469108
0.483565
0.270118
0.267115
0.437803
0.438974
0.44289
0.425026
0.410835
0.401769
0.39619
0.392978
0.391593
0.391781
0.393615
0.397295
0.403371
0.412639
0.425805
0.440253
0.441579
0.436539
0.261313
0.28114
0.44118
0.443886
0.429515
0.411976
0.400349
0.393142
0.388718
0.386163
0.385043
0.385149
0.386554
0.38949
0.394462
0.402367
0.414459
0.430954
0.44025
0.434109
0.279328
0.290759
0.435243
0.434978
0.418726
0.402182
0.392039
0.385941
0.382261
0.380162
0.379235
0.379293
0.380374
0.382702
0.386689
0.393155
0.403269
0.418099
0.430498
0.433286
0.285978
0.302466
0.440029
0.439684
0.412131
0.395623
0.38614
0.380606
0.377385
0.375617
0.37486
0.374882
0.375691
0.377568
0.380913
0.386722
0.39651
0.412821
0.433282
0.439378
0.306174
0.315738
0.444844
0.435731
0.407449
0.39095
0.381957
0.376979
0.374287
0.372983
0.372464
0.372475
0.372999
0.374353
0.377087
0.382263
0.391607
0.409118
0.441655
0.458506
0.31634
0.332459
0.470999
0.444039
0.406687
0.388581
0.379732
0.375357
0.373288
0.372384
0.372036
0.372037
0.37237
0.373279
0.375305
0.379696
0.388599
0.406814
0.442718
0.469878
0.331805
0.342323
0.487482
0.444775
0.403038
0.385396
0.377754
0.374477
0.373127
0.372502
0.372261
0.372263
0.372492
0.373125
0.37445
0.377653
0.385155
0.402817
0.445827
0.489344
0.341245
0.35133
0.496622
0.439859
0.396437
0.381387
0.3759
0.374096
0.373338
0.373104
0.373042
0.37305
0.373109
0.373366
0.3741
0.37596
0.381478
0.396659
0.439803
0.496879
0.352973
0.360902
0.49672
0.421943
0.386672
0.377386
0.374927
0.374066
0.373834
0.373792
0.373792
0.373794
0.373803
0.373857
0.374076
0.374931
0.377383
0.386494
0.421615
0.497129
0.359873
0.368093
0.432072
0.384578
0.375836
0.374822
0.374614
0.374597
0.374626
0.374641
0.374644
0.374644
0.374637
0.374624
0.374593
0.374609
0.374794
0.375776
0.384601
0.432258
0.368608
0.979288
1.48772
1.26324
1.04062
0.857733
0.706524
0.591655
0.515436
0.472259
0.453406
0.453275
0.470893
0.509979
0.576849
0.677845
0.818029
1.0003
1.22968
1.46739
0.959028
0.995604
1.48696
1.26469
1.04753
0.860976
0.707487
0.58994
0.511981
0.468335
0.449476
0.449431
0.46764
0.508023
0.576498
0.678469
0.819715
1.00233
1.23056
1.46749
0.965291
0.992029
1.47652
1.26587
1.04345
0.864329
0.707903
0.591685
0.515066
0.471868
0.45259
0.451227
0.468001
0.508147
0.576253
0.678532
0.821555
1.00437
1.2296
1.45994
0.960147
0.986341
1.48285
1.2666
1.04378
0.860371
0.707875
0.591353
0.514523
0.471507
0.452328
0.448908
0.467162
0.507909
0.576182
0.678056
0.814893
0.997146
1.22594
1.46952
0.958309
0.991263
1.47817
1.26851
1.04544
0.862171
0.70963
0.589911
0.510663
0.467315
0.451321
0.45008
0.467274
0.507635
0.575992
0.677058
0.814281
0.996857
1.22609
1.46778
0.968038
1.00842
1.48325
1.26975
1.04729
0.866576
0.70872
0.592021
0.512599
0.469553
0.449838
0.452612
0.467892
0.507162
0.575571
0.677063
0.814817
0.997041
1.22393
1.45707
0.940471
0.992433
1.48617
1.27327
1.05348
0.861661
0.708826
0.592487
0.514579
0.46691
0.452565
0.453024
0.469349
0.506753
0.574952
0.675304
0.815563
0.997405
1.22297
1.46118
0.944784
1.01212
1.49622
1.27691
1.05245
0.863407
0.709513
0.592038
0.513731
0.470632
0.450235
0.451683
0.468505
0.506608
0.573909
0.676654
0.819069
1.00009
1.22293
1.4669
0.956576
1.00743
1.50429
1.27805
1.05415
0.86468
0.711239
0.591301
0.518764
0.474758
0.450954
0.448588
0.465087
0.505276
0.571988
0.673358
0.815412
0.998725
1.21951
1.46131
0.95658
1.0139
1.50198
1.2782
1.05619
0.866011
0.712221
0.59365
0.518994
0.474757
0.45136
0.44847
0.465192
0.503068
0.57043
0.673073
0.811066
0.997131
1.2155
1.44419
0.958771
1.03397
1.49484
1.27722
1.06238
0.870265
0.712698
0.593053
0.518275
0.474792
0.453464
0.44854
0.464933
0.50288
0.569855
0.671453
0.809548
1.00013
1.21224
1.44933
0.955612
1.01973
1.50579
1.27736
1.05245
0.863128
0.711076
0.591221
0.517311
0.473806
0.453317
0.45019
0.466335
0.503126
0.569596
0.670171
0.807744
0.99456
1.2067
1.45647
0.947441
1.00521
1.50282
1.27548
1.04374
0.866277
0.709136
0.593051
0.51672
0.472989
0.452578
0.447713
0.465624
0.502551
0.568757
0.66815
0.802039
0.985612
1.20295
1.45394
0.95052
1.01859
1.49941
1.27483
1.04275
0.859231
0.708197
0.591313
0.512527
0.47163
0.452382
0.450422
0.463414
0.503185
0.568289
0.665876
0.801008
0.978736
1.20273
1.44417
0.969374
0.98532
1.4922
1.27488
1.04302
0.859178
0.707978
0.591123
0.513281
0.470617
0.451237
0.449746
0.463557
0.502911
0.567596
0.665663
0.802728
0.98028
1.20543
1.44988
0.958596
0.986781
1.49769
1.27291
1.04197
0.860268
0.708271
0.590109
0.509653
0.46702
0.448471
0.449208
0.464258
0.502321
0.567151
0.665552
0.799888
0.97655
1.20455
1.44207
0.948054
0.984721
1.49551
1.27159
1.04178
0.864255
0.710117
0.590737
0.512533
0.470258
0.452873
0.4477
0.462118
0.501823
0.567193
0.666306
0.803545
0.977909
1.20456
1.44525
0.952147
0.986338
1.4938
1.27159
1.04115
0.855082
0.706629
0.593114
0.51521
0.473419
0.453658
0.450861
0.46286
0.500221
0.567314
0.666562
0.803757
0.978449
1.20301
1.44871
0.972449
0.984824
1.48661
1.26764
1.04053
0.854637
0.70656
0.593789
0.512597
0.473631
0.453794
0.451315
0.465061
0.50121
0.56752
0.667269
0.803907
0.97976
1.19946
1.45172
0.962058
0.987629
1.48768
1.26652
1.04574
0.860351
0.70824
0.595183
0.518465
0.47211
0.452691
0.450728
0.462268
0.501833
0.567242
0.667802
0.807041
0.982953
1.20132
1.44264
0.952627
0.988422
1.49079
1.26685
1.04563
0.860781
0.709228
0.59564
0.522027
0.476256
0.449876
0.45089
0.463473
0.501816
0.56716
0.668244
0.805227
0.984323
1.20517
1.44735
0.955762
1.00145
1.49841
1.2687
1.04601
0.862791
0.710699
0.597059
0.523173
0.477439
0.451581
0.451436
0.46551
0.50101
0.567461
0.669303
0.809006
0.984619
1.20901
1.45068
0.959437
0.987359
1.49781
1.27075
1.05038
0.863333
0.711291
0.59675
0.523264
0.478091
0.453342
0.452015
0.465491
0.498485
0.567017
0.670163
0.810046
0.98546
1.20882
1.44921
0.974399
0.967467
1.49544
1.27092
1.04412
0.861569
0.710375
0.597968
0.523591
0.478933
0.456689
0.452155
0.465518
0.500606
0.568364
0.67102
0.811928
0.987856
1.20719
1.44413
0.939089
0.965398
1.49585
1.27289
1.04509
0.857502
0.70903
0.597609
0.523019
0.478116
0.456337
0.451529
0.463705
0.502686
0.568469
0.672134
0.812786
0.990269
1.20398
1.43496
0.943323
0.968159
1.49468
1.27264
1.04534
0.857165
0.708995
0.596859
0.522173
0.477031
0.456026
0.452636
0.468028
0.503636
0.570305
0.673124
0.816991
0.993036
1.20914
1.44588
0.947342
0.971949
1.494
1.27251
1.04714
0.858744
0.709529
0.596562
0.520985
0.472924
0.452689
0.449121
0.467321
0.500877
0.57043
0.674556
0.816226
0.995884
1.21067
1.44126
0.954726
0.976334
1.49812
1.27191
1.05056
0.862617
0.710195
0.597485
0.518628
0.476286
0.456137
0.452104
0.467605
0.502932
0.570922
0.6758
0.817931
0.997332
1.21298
1.43372
0.972445
0.980726
1.49489
1.27093
1.04215
0.857281
0.710188
0.597092
0.520193
0.475
0.453748
0.449357
0.465259
0.50489
0.570756
0.677349
0.822517
0.99967
1.21517
1.44648
0.957402
0.986493
1.4852
1.27032
1.04286
0.857628
0.711425
0.596745
0.521323
0.477296
0.456468
0.454093
0.468945
0.505557
0.573372
0.679109
0.824859
1.00523
1.21789
1.45298
0.965363
1.00423
1.48801
1.27011
1.04684
0.858694
0.709062
0.5944
0.517763
0.473336
0.452439
0.452609
0.469357
0.506664
0.573779
0.680183
0.824854
1.00977
1.22141
1.44554
0.971338
0.9938
1.48927
1.26669
1.03805
0.860502
0.707284
0.595107
0.519069
0.474552
0.452476
0.449453
0.468521
0.506349
0.57291
0.681084
0.826032
1.01324
1.22935
1.45368
0.99463
0.98656
1.47784
1.2632
1.03622
0.85353
0.70661
0.594674
0.520138
0.475881
0.45229
0.449886
0.468163
0.506062
0.575045
0.681411
0.827273
1.01598
1.23484
1.46534
0.995889
0.999163
1.47962
1.26337
1.03869
0.855156
0.7073
0.593029
0.519725
0.475749
0.452308
0.450185
0.466001
0.503803
0.574963
0.681186
0.829924
1.015
1.2401
1.46154
1.00093
0.971245
1.47572
1.26231
1.03669
0.859036
0.709214
0.594249
0.517572
0.47321
0.452995
0.452758
0.469447
0.507316
0.575225
0.67965
0.825722
1.00985
1.24455
1.47087
0.990674
0.975132
1.47998
1.26224
1.03966
0.853548
0.706863
0.593772
0.520658
0.475994
0.454746
0.452569
0.469222
0.507365
0.575108
0.680232
0.825333
1.00799
1.24717
1.48017
0.994779
0.977528
1.48056
1.26062
1.03569
0.857929
0.707824
0.596255
0.520817
0.475608
0.453946
0.449136
0.468321
0.505382
0.574046
0.677164
0.823301
1.00614
1.24494
1.487
1.00152
0.995647
1.47783
1.25796
1.03685
0.857037
0.709571
0.59675
0.520398
0.474664
0.451056
0.450135
0.468421
0.507713
0.574772
0.676736
0.821213
1.00303
1.24202
1.48946
1.00285
0.989516
1.47168
1.25887
1.03779
0.854079
0.70977
0.596614
0.518463
0.47404
0.453791
0.451326
0.467484
0.507548
0.574698
0.676265
0.819909
1.00108
1.23916
1.49047
1.00542
0.986045
1.48066
1.26165
1.03976
0.854628
0.709981
0.596889
0.523261
0.474762
0.457692
0.448575
0.463968
0.506992
0.574234
0.676079
0.817356
0.998531
1.23382
1.48236
1.01029
0.990532
1.48569
1.26307
1.04512
0.856554
0.709052
0.597674
0.524612
0.479376
0.459979
0.453726
0.468098
0.506927
0.575332
0.676177
0.814825
0.997556
1.22915
1.47167
1.02316
0.996861
1.49327
1.26712
1.04176
0.857783
0.710166
0.596717
0.524532
0.477901
0.460461
0.457756
0.470801
0.508563
0.575865
0.676749
0.815774
0.99765
1.22532
1.45981
0.957701
0.997688
1.48628
1.26595
1.04668
0.863635
0.71178
0.598856
0.525626
0.480654
0.460575
0.457951
0.469245
0.506813
0.575955
0.67707
0.817972
0.995976
1.22262
1.45705
0.934316
1.00364
1.49546
1.26915
1.04805
0.864565
0.713007
0.598226
0.525597
0.480707
0.462538
0.458807
0.471179
0.508516
0.576692
0.678713
0.814997
0.999342
1.22006
1.45
0.937466
1.02269
1.49491
1.27157
1.0508
0.86766
0.716162
0.601362
0.526295
0.484103
0.462567
0.458674
0.471139
0.509793
0.576748
0.678305
0.816104
0.997335
1.2178
1.44791
0.941929
1.00209
1.49793
1.27156
1.05222
0.870379
0.718848
0.603836
0.527879
0.483521
0.462029
0.458852
0.473526
0.509126
0.576216
0.680229
0.815617
0.993268
1.21492
1.44244
0.956937
1.01315
1.4965
1.27313
1.0567
0.87462
0.720576
0.603734
0.525309
0.482444
0.461003
0.456117
0.476484
0.510853
0.577947
0.680165
0.816668
0.995665
1.21498
1.44313
0.93647
0.982663
1.4877
1.27385
1.05282
0.873543
0.722165
0.60333
0.52916
0.480704
0.459091
0.45878
0.477595
0.512917
0.578571
0.683296
0.820872
0.991946
1.21263
1.44808
0.93832
0.985476
1.49773
1.2751
1.04816
0.872475
0.723003
0.605172
0.530198
0.484336
0.463443
0.462236
0.47854
0.516061
0.581128
0.685294
0.821047
0.994932
1.21038
1.44185
0.956097
0.985427
1.49569
1.27353
1.04653
0.878063
0.72286
0.604735
0.529474
0.481095
0.462296
0.462155
0.478871
0.516689
0.582469
0.687188
0.8231
0.995632
1.20979
1.45123
0.960557
0.989932
1.49395
1.26843
1.0442
0.871197
0.720395
0.605531
0.529056
0.482253
0.45972
0.462431
0.47966
0.517559
0.583636
0.68958
0.828814
0.997555
1.21342
1.44033
0.961363
0.992169
1.49281
1.26663
1.04194
0.865401
0.721806
0.604592
0.526607
0.484643
0.464187
0.462817
0.479782
0.518467
0.585034
0.692436
0.828544
0.999401
1.21686
1.4465
0.974637
1.01126
1.49946
1.2658
1.04133
0.867276
0.71842
0.604086
0.528153
0.484359
0.463649
0.462885
0.479758
0.518724
0.586614
0.694059
0.830673
1.00076
1.21735
1.45183
0.966035
1.00483
1.49889
1.26333
1.03898
0.86244
0.715752
0.603029
0.52709
0.482957
0.462798
0.462463
0.480006
0.51881
0.588578
0.696645
0.837153
1.00645
1.21815
1.44829
0.954787
0.999776
1.49834
1.26132
1.03933
0.862553
0.71472
0.601901
0.524111
0.481162
0.458526
0.46162
0.480096
0.517463
0.588368
0.697561
0.837281
1.00642
1.21578
1.45832
0.968731
0.985446
1.49579
1.26016
1.04094
0.868888
0.717513
0.601641
0.523912
0.480777
0.46048
0.46172
0.480522
0.520004
0.587463
0.69747
0.838178
1.0073
1.21687
1.45694
0.943716
0.986991
1.49424
1.25772
1.03831
0.865873
0.715401
0.600827
0.524016
0.479592
0.456361
0.461525
0.47986
0.520449
0.588961
0.694037
0.831151
1.00245
1.21663
1.45699
0.947279
1.00349
1.48675
1.25478
1.0394
0.862972
0.715027
0.599947
0.520845
0.476733
0.458424
0.461099
0.477292
0.519692
0.588726
0.688722
0.834398
0.995029
1.21277
1.45452
0.94785
0.992884
1.49006
1.25207
1.03716
0.867399
0.713597
0.598565
0.522287
0.479484
0.460735
0.460863
0.479041
0.519222
0.587975
0.686243
0.823697
0.992687
1.21232
1.45388
0.951894
0.99675
1.4861
1.24762
1.03312
0.863734
0.710866
0.59597
0.518046
0.477544
0.456336
0.456227
0.475164
0.517099
0.588301
0.684961
0.823856
0.992063
1.21108
1.45127
0.960665
0.966512
1.47289
1.24209
1.02658
0.85791
0.707193
0.593372
0.516378
0.476526
0.456613
0.45697
0.476381
0.516033
0.586757
0.682767
0.813648
0.989842
1.20794
1.44802
0.919423
0.93055
1.46674
1.23607
1.02656
0.856794
0.702337
0.590325
0.514368
0.472864
0.455421
0.456267
0.476863
0.51639
0.586005
0.682313
0.812218
0.99408
1.20708
1.43942
0.918007
0.922636
1.45674
1.21236
1.00887
0.846706
0.698262
0.58891
0.514685
0.47288
0.455221
0.456866
0.477838
0.517611
0.585037
0.681765
0.809929
0.980429
1.19956
1.43933
0.91515
0.928198
1.4492
1.20556
0.98631
0.838807
0.69719
0.587737
0.516525
0.472882
0.455289
0.458744
0.477573
0.516803
0.584865
0.681511
0.808361
0.977727
1.19788
1.43766
0.917684
0.888929
1.43879
1.19663
0.984256
0.832732
0.698177
0.586762
0.516167
0.473374
0.455795
0.458239
0.476311
0.514967
0.58483
0.681491
0.807003
0.976701
1.19596
1.43553
0.921125
0.88237
1.42792
1.18852
0.973758
0.82248
0.688141
0.584472
0.512845
0.474885
0.457385
0.455354
0.472422
0.512086
0.58301
0.681374
0.804121
0.977599
1.1789
1.43039
0.925465
0.873845
1.42207
1.18431
0.977534
0.817505
0.681691
0.582553
0.512101
0.473824
0.456853
0.455583
0.47317
0.512127
0.582287
0.682589
0.801284
0.952198
1.16845
1.42762
0.931136
0.868541
1.41413
1.17076
0.953508
0.806609
0.680935
0.580239
0.509377
0.468672
0.454872
0.456117
0.473551
0.512366
0.581055
0.688159
0.800045
0.943826
1.16502
1.42221
0.94707
0.861163
1.39936
1.13675
0.933775
0.78858
0.683705
0.577948
0.507885
0.466781
0.453346
0.454775
0.471967
0.508645
0.578083
0.682144
0.803918
0.935252
1.1617
1.41703
0.931967
0.852028
1.38694
1.12443
0.919753
0.770883
0.67648
0.573981
0.503333
0.463917
0.448511
0.449822
0.467626
0.506951
0.57578
0.674757
0.783684
0.926717
1.15349
1.40928
0.945043
0.850785
1.37428
1.11722
0.925434
0.768336
0.673023
0.569554
0.500257
0.461947
0.447703
0.449585
0.467842
0.506013
0.573785
0.668102
0.779558
0.917932
1.14551
1.40007
0.898708
0.848561
1.35899
1.09798
0.915032
0.763374
0.665301
0.562643
0.494489
0.459434
0.445332
0.44772
0.46627
0.504156
0.572529
0.67288
0.780069
0.912028
1.13558
1.39077
0.864337
0.857099
1.34287
1.0842
0.905866
0.761046
0.66085
0.558204
0.491266
0.458227
0.445176
0.447295
0.463306
0.501338
0.568522
0.66526
0.782469
0.905312
1.11822
1.38282
0.860331
0.836826
1.31045
1.06052
0.885588
0.759798
0.65277
0.55227
0.487275
0.457846
0.445433
0.44497
0.460751
0.498829
0.565385
0.668167
0.776098
0.89662
1.0977
1.36757
0.855097
0.847514
1.2931
1.04573
0.871165
0.745446
0.645972
0.546445
0.483319
0.453754
0.442516
0.446093
0.459236
0.492789
0.558907
0.660561
0.773942
0.891849
1.09528
1.35558
0.860023
0.796158
1.27128
1.03788
0.863543
0.752447
0.639667
0.540595
0.480652
0.454885
0.444307
0.445326
0.45715
0.488666
0.552368
0.651759
0.766305
0.883618
1.07748
1.33032
0.835983
0.769286
1.26285
1.02483
0.838358
0.732749
0.626885
0.532274
0.476113
0.450495
0.440361
0.44151
0.454574
0.48475
0.544976
0.641433
0.757994
0.87855
1.05559
1.29921
0.803675
0.767503
1.25257
1.02617
0.836068
0.721751
0.618509
0.526058
0.473136
0.450298
0.440764
0.44161
0.452573
0.480652
0.53748
0.628411
0.738323
0.876063
1.00602
1.26061
0.756297
0.768851
1.22798
1.0054
0.836187
0.704426
0.605831
0.519038
0.470853
0.448637
0.439423
0.440248
0.450616
0.476735
0.528928
0.613356
0.704872
0.827792
0.973372
1.24798
0.752907
0.716171
1.19351
0.981033
0.803263
0.69614
0.597009
0.513233
0.46721
0.444224
0.435213
0.436199
0.44783
0.47276
0.521996
0.60227
0.678689
0.807865
0.967887
1.23873
0.750157
0.719147
1.16189
0.952927
0.7932
0.675672
0.583836
0.505469
0.462757
0.442602
0.434635
0.435384
0.44575
0.469317
0.515531
0.593918
0.673703
0.796358
0.965331
1.20986
0.748721
0.648974
1.11556
0.915192
0.789923
0.671855
0.572747
0.499341
0.459602
0.439278
0.431194
0.433244
0.442552
0.465093
0.507736
0.58153
0.668746
0.753732
0.914094
1.15176
0.715489
0.642258
1.08081
0.872605
0.797407
0.672132
0.560753
0.492343
0.455689
0.437055
0.429494
0.430145
0.439539
0.460695
0.500209
0.569585
0.673887
0.736044
0.879888
1.09578
0.636542
0.584589
1.04016
0.836264
0.752724
0.640462
0.545636
0.485241
0.451758
0.434542
0.427442
0.427835
0.435977
0.455145
0.490898
0.552945
0.645573
0.727151
0.835384
1.0398
0.583549
0.583278
1.00919
0.813306
0.734746
0.623867
0.533416
0.477673
0.446883
0.431088
0.424521
0.424829
0.432203
0.449432
0.481614
0.537737
0.6256
0.726818
0.800647
0.98558
0.545793
0.529639
0.962001
0.76923
0.704971
0.59765
0.516428
0.467883
0.440967
0.426716
0.420385
0.420652
0.427593
0.442848
0.470666
0.518948
0.596096
0.687488
0.762487
0.899564
0.537104
0.517893
0.916322
0.755263
0.674554
0.570531
0.498541
0.457
0.433932
0.421627
0.416412
0.41675
0.42257
0.435548
0.459107
0.499905
0.567175
0.656987
0.707895
0.809624
0.53256
0.504756
0.850849
0.742753
0.626293
0.535139
0.477296
0.444462
0.426046
0.416165
0.411902
0.412017
0.416822
0.427308
0.446296
0.478659
0.530283
0.598276
0.655801
0.723659
0.534794
0.496529
0.783869
0.671742
0.577737
0.502848
0.457134
0.431714
0.417483
0.409668
0.406219
0.406345
0.410033
0.418174
0.433087
0.459134
0.502966
0.564442
0.602165
0.664942
0.482533
0.493481
0.700074
0.611846
0.525798
0.469296
0.436901
0.418659
0.408193
0.402359
0.399769
0.399789
0.402528
0.40852
0.419336
0.438274
0.471488
0.5249
0.574862
0.646466
0.463573
0.405013
0.620189
0.555602
0.487927
0.444022
0.419725
0.40642
0.398957
0.39488
0.393071
0.393064
0.394912
0.399121
0.406853
0.420615
0.445607
0.491724
0.566919
0.606516
0.408486
0.344393
0.541793
0.499018
0.447197
0.418897
0.403376
0.394743
0.389856
0.387213
0.386076
0.386119
0.387384
0.390253
0.395507
0.404931
0.421995
0.453615
0.50674
0.545304
0.366165
0.324261
0.48621
0.463036
0.425656
0.405019
0.393183
0.386469
0.382747
0.380823
0.380017
0.380031
0.380869
0.382902
0.386765
0.393836
0.406394
0.429141
0.468397
0.497386
0.332771
0.329685
0.475564
0.458397
0.419431
0.397168
0.385775
0.380016
0.377114
0.375774
0.375275
0.375304
0.375846
0.377256
0.380215
0.386198
0.397844
0.420946
0.463187
0.477251
0.328097
0.344586
0.490229
0.460693
0.415891
0.392454
0.381365
0.376242
0.374078
0.373208
0.372912
0.372936
0.373258
0.374136
0.376238
0.381234
0.391693
0.414108
0.459748
0.484587
0.341963
0.35009
0.502914
0.461163
0.409025
0.387225
0.378338
0.374772
0.373392
0.372829
0.372626
0.372637
0.372865
0.373395
0.374773
0.378506
0.387881
0.410451
0.463609
0.50682
0.352617
0.358145
0.515582
0.459431
0.404354
0.38407
0.376627
0.374231
0.373416
0.373167
0.373091
0.373083
0.373093
0.373402
0.374201
0.37654
0.383805
0.403883
0.459106
0.516325
0.357736
0.362202
0.520549
0.446524
0.394328
0.379318
0.375186
0.374063
0.373718
0.373652
0.373645
0.373652
0.373665
0.373749
0.374067
0.375251
0.379344
0.394321
0.446218
0.520654
0.36291
0.366274
0.505112
0.420729
0.383011
0.376021
0.37466
0.37419
0.374139
0.374151
0.374165
0.374162
0.37416
0.374159
0.374203
0.374661
0.376063
0.382879
0.419257
0.504382
0.36612
0.370008
0.43265
0.383048
0.37657
0.375089
0.37475
0.374767
0.374784
0.374785
0.374782
0.374782
0.37478
0.374778
0.374757
0.374732
0.375147
0.377041
0.385593
0.435007
0.370554
0.537032
0.995047
0.822524
0.67229
0.570063
0.506012
0.466362
0.440547
0.424918
0.416889
0.415352
0.420665
0.434307
0.458852
0.499587
0.56428
0.665639
0.816329
0.985342
0.521169
0.538129
0.993227
0.822186
0.67321
0.570599
0.506326
0.467464
0.44092
0.424878
0.416747
0.415137
0.420497
0.434583
0.459241
0.500557
0.566397
0.666624
0.816639
0.97847
0.519856
0.542171
0.98268
0.817875
0.672435
0.570453
0.50618
0.466791
0.440505
0.424705
0.416583
0.415004
0.419933
0.434133
0.459593
0.502003
0.565763
0.666565
0.816165
0.983542
0.517559
0.529489
0.985878
0.818444
0.672496
0.570574
0.506177
0.465617
0.440023
0.424494
0.41635
0.414892
0.420142
0.433751
0.45774
0.499053
0.563193
0.666272
0.815515
0.977841
0.519386
0.530136
0.985486
0.81721
0.671728
0.570577
0.505962
0.465428
0.439849
0.424358
0.416238
0.414802
0.419933
0.433523
0.457564
0.497976
0.562233
0.664759
0.811523
0.991227
0.520666
0.529861
0.989742
0.816304
0.671775
0.570994
0.506209
0.465586
0.439763
0.423948
0.415872
0.414076
0.41965
0.433106
0.457928
0.495917
0.560773
0.663602
0.81471
0.989806
0.524696
0.531893
0.987377
0.815641
0.670899
0.571057
0.506165
0.465931
0.439751
0.423912
0.415398
0.414044
0.419109
0.432425
0.456185
0.495476
0.560363
0.662945
0.813466
0.990741
0.528455
0.536566
0.984081
0.816165
0.670862
0.573512
0.506497
0.466289
0.439755
0.423694
0.415318
0.413683
0.418624
0.432005
0.455069
0.495185
0.559702
0.661804
0.807142
0.98791
0.525984
0.526135
0.975236
0.812672
0.670365
0.572445
0.506678
0.465133
0.439848
0.423106
0.414256
0.412551
0.418084
0.431832
0.455011
0.495583
0.559857
0.661972
0.808868
0.986463
0.521471
0.534364
0.983021
0.815724
0.671005
0.571882
0.508381
0.465044
0.439326
0.422551
0.413906
0.412254
0.417659
0.43143
0.454871
0.496832
0.559591
0.661315
0.809098
0.977522
0.525054
0.529136
0.971171
0.811736
0.671564
0.572333
0.507124
0.46477
0.438723
0.421725
0.413368
0.411766
0.417083
0.431035
0.454589
0.494628
0.560388
0.661255
0.812877
0.977867
0.514508
0.524039
0.976324
0.815225
0.673824
0.575499
0.509797
0.464962
0.438042
0.420877
0.412333
0.410716
0.416369
0.430426
0.454588
0.494868
0.559118
0.660667
0.812817
0.978669
0.515654
0.524503
0.980224
0.812817
0.674624
0.576017
0.50964
0.464804
0.437247
0.419888
0.411585
0.410491
0.416229
0.430059
0.455089
0.496152
0.560097
0.659147
0.811727
0.982428
0.515604
0.527693
0.975485
0.817651
0.67577
0.576872
0.510201
0.464969
0.436726
0.419493
0.411301
0.410593
0.416069
0.429724
0.454114
0.494608
0.559385
0.659952
0.810209
0.986012
0.518244
0.533765
0.979677
0.820064
0.677275
0.577205
0.51068
0.465513
0.436243
0.419202
0.411197
0.410523
0.416113
0.429836
0.45463
0.495521
0.560506
0.659928
0.804468
0.98499
0.519932
0.526424
0.987875
0.817278
0.678172
0.57822
0.511143
0.464705
0.436071
0.41927
0.41144
0.410317
0.416149
0.430017
0.455112
0.497203
0.562675
0.661173
0.808894
0.976355
0.526326
0.532925
0.983985
0.821066
0.679823
0.579831
0.511747
0.465405
0.436233
0.419631
0.411121
0.410372
0.415998
0.430152
0.455699
0.496167
0.562075
0.662842
0.805014
0.984842
0.524224
0.531333
0.982557
0.81705
0.680811
0.582358
0.511116
0.465105
0.436237
0.419728
0.411635
0.410907
0.416359
0.430117
0.455266
0.4978
0.563052
0.664864
0.81181
0.984755
0.526708
0.527479
0.979126
0.819928
0.684324
0.581749
0.511717
0.465567
0.43656
0.419529
0.412137
0.411118
0.416748
0.430447
0.456081
0.498208
0.564087
0.666634
0.815576
0.976049
0.53082
0.52896
0.971752
0.822213
0.686241
0.583567
0.514626
0.467104
0.436915
0.420085
0.412222
0.411083
0.416812
0.430648
0.45628
0.498788
0.564492
0.666439
0.815306
0.98529
0.527895
0.533357
0.987509
0.828203
0.688971
0.584788
0.51539
0.467539
0.437077
0.419889
0.412313
0.410836
0.416606
0.430931
0.4565
0.499563
0.565562
0.666155
0.81081
0.979873
0.534682
0.539448
0.995734
0.830435
0.691682
0.587699
0.517424
0.468546
0.437581
0.420038
0.412348
0.411516
0.417305
0.43123
0.456903
0.499887
0.566624
0.668691
0.81796
0.988256
0.525563
0.530513
0.986087
0.832974
0.693798
0.587755
0.517677
0.468992
0.43812
0.420421
0.411896
0.411457
0.417351
0.431549
0.45798
0.50097
0.569113
0.668498
0.816895
0.984485
0.532978
0.538246
0.997813
0.837375
0.696077
0.588146
0.518329
0.469584
0.438705
0.420998
0.412592
0.411364
0.417173
0.43195
0.458926
0.503212
0.57128
0.671035
0.817028
0.977633
0.525695
0.536431
0.993518
0.8393
0.697155
0.58856
0.518693
0.470044
0.439604
0.421666
0.41322
0.412404
0.418204
0.432396
0.459369
0.504223
0.572797
0.672475
0.816776
0.987909
0.518347
0.542586
1.00504
0.84348
0.697863
0.59013
0.517854
0.470316
0.440366
0.422496
0.414126
0.413381
0.418993
0.432847
0.459825
0.50483
0.573649
0.673877
0.813586
0.981911
0.517144
0.540003
0.994912
0.844045
0.696974
0.587846
0.516381
0.470562
0.440644
0.422837
0.414432
0.413205
0.419087
0.432678
0.459906
0.504476
0.573547
0.675115
0.816576
0.993736
0.519009
0.542273
1.00652
0.846292
0.697738
0.587751
0.516478
0.471026
0.441165
0.423893
0.41543
0.41407
0.419404
0.433116
0.459921
0.503179
0.572693
0.674287
0.82102
0.995112
0.518941
0.540968
1.0021
0.841963
0.693677
0.588942
0.516994
0.470891
0.441689
0.424152
0.41505
0.414103
0.419498
0.433166
0.459277
0.503999
0.574544
0.673456
0.822976
0.993169
0.519906
0.546711
1.01107
0.842561
0.692955
0.586581
0.51811
0.471849
0.441849
0.424192
0.415387
0.414329
0.419641
0.43314
0.45935
0.500489
0.570374
0.672213
0.817832
0.991269
0.519865
0.543371
1.00117
0.840158
0.693761
0.586943
0.516031
0.47146
0.44194
0.424598
0.415688
0.414298
0.41953
0.432915
0.457851
0.499481
0.566562
0.671466
0.817957
0.98089
0.523231
0.545972
1.00663
0.839187
0.691262
0.586993
0.516386
0.471741
0.442218
0.42493
0.416121
0.414298
0.419461
0.432908
0.457803
0.499246
0.566078
0.672107
0.819139
0.98331
0.520311
0.542346
1.0039
0.836755
0.690723
0.589607
0.518101
0.471823
0.442367
0.424726
0.415472
0.413601
0.419239
0.432839
0.457767
0.498876
0.565208
0.670696
0.821318
0.984594
0.524898
0.545492
0.997399
0.83544
0.691324
0.588216
0.516273
0.470889
0.442363
0.424749
0.415664
0.413656
0.419191
0.432872
0.458717
0.500163
0.565278
0.669341
0.819275
0.989934
0.519992
0.534174
1.00118
0.832649
0.68778
0.591128
0.516203
0.470904
0.442335
0.42502
0.415985
0.413588
0.41903
0.432713
0.457465
0.497596
0.565306
0.668971
0.819587
0.984669
0.526786
0.534593
0.998771
0.831097
0.686037
0.586544
0.515691
0.471027
0.442418
0.425057
0.416032
0.413916
0.418996
0.432587
0.456297
0.496933
0.566471
0.667351
0.814387
0.992929
0.527798
0.536246
0.988682
0.829581
0.685456
0.582844
0.515448
0.471326
0.442482
0.424626
0.415786
0.413729
0.418504
0.432215
0.455815
0.496621
0.562724
0.663147
0.81212
0.989072
0.529105
0.521588
0.995563
0.828725
0.684837
0.581521
0.517163
0.472153
0.442712
0.42486
0.415548
0.413112
0.418112
0.431929
0.45585
0.496955
0.559505
0.661697
0.808728
0.986068
0.53184
0.522126
0.99416
0.827772
0.684643
0.581277
0.514646
0.471679
0.442902
0.424666
0.415156
0.413238
0.417778
0.431403
0.455846
0.499209
0.558687
0.660276
0.806094
0.975969
0.532172
0.523577
0.988249
0.827913
0.683918
0.581495
0.514412
0.47204
0.443451
0.42576
0.416159
0.412973
0.417532
0.430955
0.455558
0.496902
0.558
0.659479
0.803367
0.976247
0.530556
0.525462
0.999544
0.828837
0.679133
0.581556
0.514484
0.473413
0.444083
0.426064
0.416558
0.41357
0.417388
0.430416
0.455804
0.494049
0.557183
0.659587
0.800371
0.975844
0.524014
0.527633
0.999795
0.827256
0.678006
0.578158
0.51396
0.472871
0.444375
0.426604
0.416293
0.413238
0.417398
0.43002
0.454576
0.49169
0.556878
0.654281
0.798971
0.978352
0.529052
0.53002
0.996958
0.821707
0.677192
0.578054
0.514127
0.471924
0.444299
0.426689
0.416971
0.413936
0.417799
0.429906
0.453884
0.491084
0.553568
0.651636
0.79723
0.975238
0.511763
0.531811
0.995532
0.821724
0.676659
0.577357
0.514261
0.472018
0.444366
0.426433
0.417103
0.414063
0.417965
0.430009
0.453331
0.491715
0.55454
0.65162
0.795791
0.965626
0.512069
0.530697
0.982963
0.819786
0.674941
0.577116
0.515905
0.473104
0.444446
0.427006
0.417148
0.413764
0.418109
0.43029
0.453995
0.493919
0.555536
0.651645
0.793632
0.968911
0.511162
0.530005
0.984642
0.819362
0.674261
0.57637
0.513422
0.471391
0.444246
0.426938
0.416955
0.414257
0.418203
0.430589
0.454533
0.494767
0.558596
0.652141
0.791925
0.965797
0.512881
0.526002
0.984035
0.820014
0.673375
0.576832
0.51479
0.471376
0.444257
0.427253
0.417884
0.41507
0.419133
0.431306
0.455716
0.495772
0.559014
0.652225
0.791786
0.971444
0.517544
0.527069
0.990459
0.820053
0.672064
0.573814
0.513414
0.471305
0.444244
0.427063
0.417839
0.415169
0.419493
0.432116
0.456722
0.496251
0.558973
0.650913
0.789609
0.961863
0.505961
0.533973
0.989072
0.818736
0.671653
0.573877
0.512802
0.471827
0.444415
0.427014
0.417475
0.414737
0.419579
0.432472
0.457447
0.498074
0.558763
0.65079
0.790338
0.969787
0.512224
0.531862
0.982222
0.813053
0.670496
0.575049
0.510729
0.469569
0.443826
0.427114
0.418074
0.415574
0.419774
0.432939
0.458017
0.497977
0.557737
0.6504
0.791826
0.959933
0.50409
0.532887
0.981829
0.814729
0.670358
0.572231
0.512168
0.469455
0.443972
0.427051
0.418014
0.415744
0.420231
0.433455
0.458782
0.498464
0.558652
0.650882
0.7941
0.966067
0.503822
0.529226
0.987973
0.81154
0.671813
0.572474
0.509242
0.468999
0.443505
0.426532
0.417338
0.415648
0.419908
0.433675
0.459621
0.499918
0.560304
0.651937
0.793437
0.964661
0.505898
0.521894
0.985557
0.814022
0.672297
0.57452
0.509127
0.468736
0.443009
0.4265
0.417728
0.415917
0.420445
0.434338
0.461187
0.503621
0.561825
0.653027
0.791573
0.96252
0.506907
0.520617
0.974936
0.815374
0.67345
0.573762
0.509295
0.468852
0.443359
0.426188
0.417266
0.416024
0.420619
0.435122
0.462032
0.503938
0.564498
0.653612
0.789002
0.95554
0.515393
0.526769
0.981132
0.814006
0.67008
0.572466
0.509555
0.468887
0.442673
0.425752
0.417652
0.416366
0.421114
0.435623
0.462647
0.503696
0.565207
0.65364
0.793236
0.964738
0.513593
0.518683
0.974558
0.809252
0.666374
0.572402
0.512104
0.470312
0.442349
0.425161
0.417378
0.416469
0.422062
0.43638
0.463204
0.504414
0.563961
0.652602
0.789323
0.955374
0.519558
0.519022
0.980514
0.810174
0.665263
0.572697
0.510616
0.46905
0.441825
0.42477
0.416792
0.41648
0.422399
0.436657
0.462791
0.501904
0.561062
0.651241
0.793224
0.961591
0.515724
0.525531
0.979087
0.808686
0.66471
0.571614
0.512833
0.468248
0.441499
0.424854
0.417251
0.416193
0.422526
0.436622
0.461654
0.503575
0.563214
0.650507
0.792921
0.969392
0.52616
0.519643
0.967562
0.805579
0.664554
0.570078
0.509638
0.467906
0.441231
0.424977
0.416791
0.416504
0.422352
0.436537
0.461127
0.498878
0.558435
0.648083
0.788671
0.968557
0.524054
0.511702
0.970337
0.805019
0.665566
0.572918
0.507199
0.46841
0.44111
0.424628
0.416897
0.41621
0.422599
0.43663
0.462193
0.498868
0.560181
0.647397
0.788882
0.966824
0.52096
0.510536
0.964778
0.803376
0.660584
0.571777
0.506895
0.466985
0.440922
0.424941
0.417291
0.416618
0.422603
0.436378
0.46007
0.498067
0.556928
0.646014
0.78535
0.95833
0.511965
0.510278
0.968441
0.802494
0.658378
0.571138
0.507043
0.467294
0.440792
0.424408
0.417142
0.416502
0.422614
0.436467
0.460062
0.499412
0.550813
0.643271
0.783889
0.96398
0.511833
0.509246
0.95824
0.798367
0.656401
0.568314
0.507368
0.46837
0.440513
0.424302
0.416475
0.415759
0.422255
0.43675
0.459667
0.494686
0.548158
0.639099
0.780653
0.958585
0.51267
0.514233
0.954178
0.794008
0.654019
0.563083
0.507119
0.466789
0.440126
0.423798
0.416958
0.416195
0.422357
0.436575
0.459554
0.494243
0.546853
0.638431
0.777905
0.948418
0.516197
0.499652
0.949841
0.78854
0.652737
0.561423
0.504424
0.465215
0.439983
0.424121
0.417109
0.416126
0.421823
0.436518
0.461003
0.494487
0.544501
0.638855
0.772152
0.943434
0.493429
0.497364
0.948954
0.786648
0.653167
0.560662
0.505807
0.465315
0.44012
0.424628
0.417141
0.41587
0.421241
0.435838
0.459156
0.496328
0.541989
0.628626
0.764255
0.938975
0.492626
0.496364
0.945531
0.77953
0.640988
0.558728
0.502693
0.464939
0.440046
0.424241
0.417151
0.415721
0.420846
0.435427
0.459214
0.49031
0.539185
0.627327
0.757743
0.935499
0.491121
0.493956
0.943745
0.780048
0.638877
0.559398
0.504546
0.465279
0.440062
0.425004
0.417217
0.415459
0.420418
0.434765
0.457208
0.490351
0.537992
0.626256
0.754601
0.926807
0.49609
0.493306
0.937255
0.770516
0.635361
0.562587
0.500711
0.465723
0.439759
0.424891
0.417152
0.414834
0.420287
0.434322
0.45772
0.493521
0.536723
0.617424
0.749721
0.919883
0.477651
0.492064
0.928494
0.758897
0.632497
0.555184
0.499285
0.464202
0.439568
0.424378
0.417018
0.41537
0.419818
0.433661
0.458531
0.489431
0.535422
0.607234
0.74555
0.915256
0.474671
0.492429
0.922897
0.755367
0.631738
0.54806
0.500918
0.464761
0.439646
0.424841
0.416328
0.414604
0.419328
0.432698
0.456611
0.49147
0.536627
0.604483
0.741146
0.911169
0.474186
0.485266
0.914369
0.753222
0.630726
0.539908
0.495652
0.462698
0.43915
0.424996
0.416772
0.415184
0.419835
0.432089
0.454536
0.484982
0.530592
0.600558
0.734285
0.907653
0.472174
0.475137
0.908207
0.752547
0.623592
0.537571
0.493509
0.461993
0.439178
0.425156
0.417406
0.414596
0.419253
0.431643
0.453282
0.481844
0.526868
0.594552
0.729194
0.901781
0.471795
0.467929
0.89754
0.735752
0.615954
0.535338
0.491548
0.460955
0.439191
0.425226
0.417654
0.415935
0.420349
0.431809
0.453543
0.484203
0.532284
0.592756
0.721373
0.895481
0.470226
0.43993
0.884091
0.71847
0.607254
0.532526
0.48918
0.460024
0.439731
0.426822
0.419441
0.417266
0.420607
0.431778
0.452137
0.481439
0.527179
0.590324
0.711431
0.890726
0.475902
0.42362
0.875772
0.69641
0.596011
0.53417
0.491365
0.461376
0.440332
0.427294
0.419793
0.416689
0.420768
0.431487
0.451272
0.479387
0.522434
0.588614
0.698834
0.882835
0.453334
0.414835
0.863821
0.682105
0.582504
0.525031
0.487271
0.460295
0.440633
0.427769
0.420436
0.417741
0.421452
0.431752
0.44996
0.475604
0.525248
0.575869
0.680242
0.875047
0.449217
0.403451
0.848799
0.679624
0.582368
0.52404
0.486924
0.460385
0.440661
0.427765
0.420537
0.418587
0.422103
0.431829
0.44992
0.474552
0.516997
0.559011
0.666551
0.866941
0.452306
0.396194
0.830316
0.68143
0.58575
0.524286
0.487375
0.461614
0.440801
0.427214
0.419621
0.417677
0.42185
0.431652
0.449207
0.474318
0.513292
0.557209
0.662403
0.856572
0.42724
0.387679
0.813843
0.65903
0.571249
0.523274
0.487555
0.460673
0.441026
0.428114
0.420705
0.418673
0.42151
0.431198
0.448264
0.475101
0.503958
0.556622
0.647568
0.840742
0.421878
0.38233
0.797635
0.638961
0.57567
0.524824
0.490124
0.460377
0.440838
0.42805
0.420084
0.418224
0.421941
0.43093
0.446593
0.473452
0.503833
0.542075
0.625334
0.821657
0.424111
0.375927
0.765989
0.616788
0.560883
0.526411
0.486098
0.459795
0.440043
0.427738
0.420818
0.41935
0.422599
0.430665
0.444463
0.469478
0.510375
0.545829
0.605147
0.806538
0.406297
0.368975
0.741515
0.614633
0.564289
0.514611
0.480385
0.457156
0.438358
0.426994
0.421037
0.419809
0.422899
0.430474
0.443225
0.465634
0.502053
0.538785
0.591686
0.780591
0.379294
0.348022
0.707216
0.618221
0.547689
0.507353
0.475841
0.454317
0.436115
0.424756
0.418996
0.418189
0.421813
0.429981
0.44248
0.462649
0.4958
0.533096
0.583827
0.731839
0.331618
0.324315
0.677183
0.585017
0.550921
0.510345
0.474185
0.450514
0.433203
0.422835
0.417539
0.417075
0.420747
0.428811
0.441822
0.457719
0.48487
0.518811
0.579415
0.699304
0.329245
0.327554
0.649096
0.559161
0.533869
0.497715
0.470096
0.444827
0.42903
0.419933
0.415558
0.415078
0.418665
0.426491
0.438726
0.452504
0.469768
0.489937
0.522879
0.642554
0.306678
0.312656
0.633191
0.556105
0.540853
0.495722
0.459739
0.437584
0.42428
0.416618
0.412962
0.412859
0.416249
0.423394
0.435051
0.45078
0.46042
0.472058
0.494267
0.578453
0.296897
0.300627
0.598124
0.55103
0.511492
0.474962
0.447439
0.429458
0.418458
0.412173
0.409292
0.409302
0.412228
0.418384
0.428552
0.442919
0.458207
0.472205
0.492168
0.543481
0.287424
0.306201
0.56529
0.501265
0.48484
0.456618
0.434401
0.420054
0.411297
0.406296
0.404104
0.404243
0.406746
0.41197
0.420785
0.434214
0.451411
0.475531
0.496264
0.512242
0.276798
0.281762
0.513577
0.465089
0.460361
0.43918
0.421977
0.410739
0.403809
0.399823
0.398093
0.398273
0.400396
0.40467
0.411895
0.423419
0.440989
0.458335
0.467666
0.486387
0.266431
0.284115
0.454053
0.437983
0.439299
0.423329
0.410104
0.401427
0.396012
0.392879
0.391513
0.391659
0.393363
0.396781
0.402446
0.41123
0.424434
0.44198
0.444646
0.451595
0.280419
0.27683
0.434488
0.43462
0.425123
0.411238
0.400257
0.39313
0.388704
0.38616
0.385072
0.385208
0.386594
0.3894
0.394044
0.401278
0.412058
0.42632
0.437426
0.435896
0.281059
0.283314
0.426725
0.428113
0.4131
0.400627
0.391661
0.385849
0.382237
0.380175
0.379293
0.379395
0.380501
0.382812
0.386741
0.393133
0.403228
0.418297
0.431028
0.427928
0.291657
0.304341
0.440465
0.436777
0.4126
0.396077
0.386429
0.380731
0.377438
0.375667
0.374933
0.374986
0.375814
0.377667
0.38095
0.386632
0.396238
0.412599
0.434667
0.439861
0.301956
0.314391
0.454953
0.438653
0.407673
0.390849
0.381865
0.376942
0.374274
0.37299
0.37249
0.372519
0.373064
0.374437
0.377194
0.382385
0.391701
0.408943
0.438528
0.44963
0.313298
0.332915
0.468546
0.442903
0.406946
0.38881
0.379841
0.375384
0.373296
0.372387
0.37204
0.372044
0.372379
0.37329
0.375319
0.379691
0.388568
0.406784
0.4431
0.473409
0.334069
0.34197
0.488739
0.444876
0.402925
0.385322
0.377719
0.374472
0.373126
0.372501
0.372261
0.372264
0.372494
0.373131
0.374464
0.377729
0.385332
0.403102
0.446168
0.488918
0.341931
0.351637
0.496675
0.43988
0.396479
0.381431
0.375918
0.374101
0.373338
0.373103
0.373041
0.373049
0.373109
0.373364
0.374093
0.375911
0.381342
0.396272
0.439301
0.496942
0.351787
0.361221
0.496728
0.422103
0.386746
0.377392
0.374928
0.374067
0.373834
0.373792
0.373792
0.373794
0.373803
0.373859
0.374077
0.374928
0.37739
0.386712
0.422017
0.496989
0.361364
0.367929
0.432107
0.384569
0.375855
0.374829
0.374616
0.374597
0.374626
0.374641
0.374644
0.374644
0.374637
0.374624
0.374594
0.374614
0.374818
0.375826
0.384548
0.432179
0.3679
0.192797
0.493196
0.435152
0.391938
0.370332
0.361846
0.35925
0.358951
0.359284
0.359737
0.360178
0.360433
0.360898
0.362334
0.366409
0.376849
0.39977
0.442646
0.495641
0.197412
0.192221
0.491314
0.435177
0.392959
0.371432
0.363072
0.361692
0.361441
0.360781
0.360846
0.362064
0.362382
0.361788
0.363186
0.367362
0.378189
0.400821
0.443293
0.496037
0.196413
0.192475
0.494599
0.433469
0.393376
0.371972
0.363436
0.36035
0.360756
0.361097
0.360744
0.361057
0.361258
0.361758
0.363673
0.369332
0.379619
0.401438
0.442733
0.496317
0.196926
0.192304
0.49262
0.435054
0.394365
0.373755
0.365883
0.360417
0.359826
0.360375
0.361535
0.362122
0.362138
0.362319
0.364832
0.369596
0.37993
0.402123
0.444486
0.496885
0.197267
0.191835
0.496917
0.436948
0.394769
0.37325
0.364742
0.36014
0.359781
0.361076
0.36068
0.360996
0.361471
0.362421
0.365333
0.370014
0.380417
0.402671
0.444088
0.498311
0.198035
0.193219
0.497112
0.438382
0.394915
0.372936
0.363443
0.360052
0.359691
0.36033
0.360686
0.361267
0.362699
0.363902
0.365362
0.369876
0.380556
0.403381
0.443865
0.49824
0.197829
0.192396
0.492892
0.439332
0.394887
0.372067
0.364798
0.360469
0.359862
0.361284
0.36085
0.3611
0.36148
0.362945
0.364049
0.368581
0.379778
0.403878
0.446136
0.499354
0.198304
0.192783
0.493257
0.436885
0.394524
0.371627
0.36267
0.361493
0.36008
0.36019
0.36076
0.361801
0.361283
0.361932
0.363805
0.368441
0.379701
0.404013
0.44748
0.498558
0.198916
0.191909
0.492627
0.43807
0.394671
0.372764
0.362583
0.360281
0.360987
0.360459
0.36067
0.360889
0.361021
0.361911
0.3651
0.369979
0.380704
0.404185
0.448332
0.499417
0.199043
0.192005
0.493952
0.439157
0.394454
0.371467
0.362323
0.360214
0.361243
0.361613
0.360952
0.360905
0.360928
0.361709
0.36354
0.368378
0.380067
0.403997
0.447173
0.501126
0.198589
0.192542
0.493982
0.439042
0.394623
0.371637
0.36269
0.360509
0.360435
0.360764
0.361065
0.361166
0.36126
0.361835
0.363442
0.368286
0.379455
0.404063
0.448512
0.500863
0.198835
0.192313
0.490034
0.43958
0.395463
0.373106
0.363336
0.362195
0.361867
0.361978
0.362186
0.361543
0.361849
0.363384
0.364081
0.368943
0.379503
0.403672
0.448013
0.500021
0.198644
0.192485
0.492464
0.439402
0.395368
0.371964
0.364035
0.360069
0.359765
0.360056
0.36075
0.361618
0.362773
0.363071
0.365063
0.370759
0.379812
0.403495
0.446096
0.496788
0.19827
0.192569
0.490973
0.438592
0.395574
0.371686
0.362475
0.359987
0.360826
0.360248
0.360842
0.362484
0.362181
0.361706
0.363014
0.368802
0.379765
0.40304
0.446904
0.49897
0.198007
0.193193
0.495871
0.440198
0.395504
0.371827
0.362406
0.359762
0.359552
0.360056
0.360683
0.36158
0.360988
0.361598
0.362303
0.366724
0.377804
0.402081
0.446284
0.49947
0.198186
0.193632
0.499897
0.43883
0.395089
0.37287
0.363974
0.36168
0.360365
0.360561
0.361681
0.360905
0.360644
0.36078
0.362097
0.366643
0.377755
0.401523
0.445634
0.498561
0.197494
0.193362
0.499379
0.439653
0.394672
0.370723
0.361376
0.359847
0.359128
0.36103
0.361559
0.361257
0.361823
0.361045
0.362015
0.366784
0.378711
0.401119
0.445227
0.498631
0.197109
0.19333
0.499671
0.437998
0.394028
0.370113
0.360596
0.358187
0.358259
0.359299
0.360555
0.361677
0.361146
0.361899
0.36208
0.366521
0.376359
0.399579
0.443006
0.498676
0.196964
0.192187
0.499007
0.437837
0.393688
0.370183
0.360727
0.35826
0.358142
0.359133
0.361205
0.361242
0.361471
0.360673
0.361947
0.36518
0.375221
0.399667
0.444195
0.497811
0.196425
0.192166
0.499374
0.438461
0.39365
0.370199
0.361088
0.358379
0.357949
0.358692
0.359971
0.359895
0.359931
0.360255
0.362661
0.365917
0.375927
0.399688
0.442782
0.496711
0.196365
0.192381
0.498132
0.439673
0.393922
0.370686
0.363182
0.36071
0.359681
0.360137
0.360957
0.360138
0.360684
0.360311
0.361907
0.364347
0.374828
0.399661
0.445146
0.500302
0.196371
0.190614
0.493806
0.437202
0.393972
0.371455
0.361768
0.359505
0.357765
0.358196
0.359536
0.360006
0.359269
0.360515
0.361481
0.365357
0.374897
0.399282
0.444453
0.499161
0.195776
0.192302
0.498293
0.440872
0.394194
0.37087
0.362555
0.359432
0.358931
0.358054
0.358292
0.358408
0.358348
0.35861
0.359953
0.363966
0.374512
0.398801
0.443553
0.494918
0.195171
0.192732
0.501099
0.441187
0.393815
0.370347
0.360987
0.358171
0.357822
0.358135
0.358481
0.358536
0.358537
0.358844
0.360446
0.365332
0.374758
0.398366
0.441343
0.49539
0.194619
0.193879
0.500692
0.439043
0.39456
0.371785
0.363126
0.360433
0.359873
0.358895
0.358886
0.358967
0.359056
0.360215
0.361744
0.364217
0.374812
0.398198
0.441785
0.49534
0.193821
0.194801
0.500275
0.441731
0.395085
0.370716
0.361981
0.359182
0.359239
0.360358
0.360581
0.360853
0.360573
0.359389
0.360194
0.364071
0.374469
0.398164
0.439484
0.49729
0.194025
0.194218
0.496229
0.44152
0.395046
0.370445
0.360806
0.35775
0.357859
0.359558
0.359586
0.360262
0.36054
0.360706
0.361929
0.366184
0.37595
0.398681
0.441196
0.497837
0.194094
0.193367
0.499112
0.442358
0.395142
0.370895
0.361192
0.35812
0.357931
0.358766
0.359786
0.360766
0.360654
0.359906
0.360952
0.365739
0.375945
0.398849
0.442608
0.496794
0.193473
0.194368
0.499018
0.441371
0.395095
0.372454
0.363436
0.358809
0.358312
0.358838
0.359533
0.360701
0.360847
0.360947
0.361144
0.365244
0.375925
0.398764
0.442256
0.497203
0.193305
0.192975
0.496419
0.438675
0.394196
0.372402
0.363268
0.35928
0.359266
0.360362
0.360773
0.360865
0.360493
0.360313
0.361416
0.365638
0.376839
0.398859
0.440168
0.494094
0.193517
0.193897
0.496772
0.440497
0.394767
0.372583
0.363942
0.359387
0.358605
0.359101
0.359613
0.360147
0.361213
0.360671
0.361708
0.3659
0.376547
0.399925
0.443343
0.497701
0.194316
0.193237
0.498881
0.43783
0.394257
0.372015
0.363711
0.359761
0.358791
0.359237
0.359724
0.360285
0.361477
0.361904
0.363329
0.366893
0.377817
0.400767
0.442742
0.499045
0.19529
0.193964
0.498999
0.440561
0.39501
0.372739
0.362468
0.36088
0.359249
0.360949
0.361566
0.361859
0.361608
0.360787
0.361803
0.366083
0.377076
0.401141
0.445658
0.49965
0.195496
0.19301
0.495145
0.43851
0.394847
0.371392
0.362045
0.359057
0.358859
0.360286
0.360941
0.361364
0.36098
0.360672
0.361724
0.366179
0.377161
0.400984
0.445059
0.50095
0.196028
0.192294
0.497168
0.440817
0.395192
0.372814
0.364342
0.359623
0.358955
0.359455
0.360084
0.360717
0.362039
0.362148
0.362214
0.367555
0.378263
0.400878
0.446152
0.501168
0.19597
0.192479
0.496323
0.440686
0.395003
0.372284
0.364088
0.359681
0.358854
0.359285
0.359917
0.360422
0.360758
0.360967
0.361947
0.365948
0.376727
0.401025
0.446073
0.500602
0.195723
0.19256
0.49496
0.440387
0.394894
0.372528
0.364307
0.360942
0.358957
0.359271
0.360058
0.360795
0.361346
0.362551
0.362945
0.366079
0.376563
0.400511
0.445448
0.499598
0.195231
0.192175
0.491748
0.439942
0.394662
0.371479
0.363333
0.359052
0.358225
0.358865
0.360038
0.362093
0.362733
0.362455
0.363761
0.367594
0.376474
0.400469
0.445134
0.498545
0.194697
0.193655
0.496697
0.439839
0.39499
0.371478
0.361883
0.35861
0.358199
0.358769
0.359752
0.361129
0.361797
0.361368
0.362973
0.366783
0.376403
0.400283
0.444033
0.495229
0.193609
0.19425
0.500931
0.438094
0.394952
0.372634
0.362031
0.358699
0.358245
0.358752
0.359997
0.360608
0.361248
0.362069
0.362686
0.36644
0.376418
0.400168
0.442965
0.499417
0.194056
0.194554
0.500199
0.440188
0.394851
0.371356
0.363517
0.358903
0.358228
0.358546
0.359025
0.359455
0.359981
0.360947
0.361779
0.365741
0.376399
0.400501
0.445927
0.500533
0.194554
0.194736
0.500184
0.441389
0.394481
0.370883
0.362999
0.36008
0.359735
0.359984
0.359487
0.359763
0.361056
0.360687
0.363457
0.367697
0.377757
0.400802
0.4456
0.499612
0.193812
0.193966
0.496971
0.438277
0.393808
0.370749
0.36162
0.357982
0.357508
0.358457
0.36013
0.359707
0.360743
0.360615
0.363261
0.367398
0.377623
0.40066
0.445074
0.499388
0.192886
0.193329
0.498441
0.438052
0.393175
0.371243
0.36303
0.358004
0.35723
0.35836
0.359838
0.359549
0.359903
0.36024
0.362586
0.366816
0.377457
0.400387
0.442951
0.500185
0.193656
0.193015
0.49819
0.437337
0.392376
0.368872
0.360613
0.358461
0.358204
0.357817
0.359326
0.359729
0.36074
0.359977
0.36104
0.365314
0.376801
0.400389
0.444991
0.500049
0.193858
0.192502
0.495857
0.438124
0.391941
0.368389
0.359142
0.356617
0.356648
0.357494
0.358305
0.358777
0.359255
0.359649
0.36046
0.364707
0.377323
0.399556
0.444361
0.498859
0.194213
0.191905
0.497557
0.436179
0.391857
0.368932
0.35966
0.35695
0.356854
0.358329
0.35958
0.360287
0.359546
0.360547
0.360252
0.364129
0.375632
0.398667
0.441257
0.494854
0.193822
0.19184
0.497499
0.43769
0.392085
0.370115
0.360082
0.357166
0.356876
0.357547
0.358113
0.359202
0.359138
0.35859
0.359556
0.363606
0.374824
0.398501
0.441511
0.495204
0.193751
0.190269
0.493935
0.435941
0.392178
0.369837
0.360727
0.357751
0.357257
0.358671
0.357875
0.358142
0.359355
0.359698
0.360931
0.364834
0.374996
0.398297
0.440603
0.4953
0.193111
0.190907
0.496363
0.436883
0.392317
0.371088
0.362356
0.359166
0.357286
0.358118
0.357722
0.357677
0.357584
0.357721
0.358856
0.362863
0.373616
0.397681
0.440258
0.493881
0.192919
0.189984
0.496721
0.434878
0.391852
0.369497
0.360221
0.357265
0.356773
0.357143
0.357569
0.357596
0.357498
0.357628
0.35874
0.362726
0.373484
0.397586
0.440322
0.497238
0.192608
0.189629
0.493762
0.437306
0.392171
0.369988
0.360698
0.357736
0.357171
0.357476
0.358591
0.358846
0.357741
0.357433
0.35839
0.362325
0.373063
0.397157
0.439474
0.496384
0.19103
0.189095
0.49627
0.437329
0.392013
0.371061
0.361095
0.358205
0.357515
0.357707
0.358635
0.357951
0.357691
0.357404
0.358371
0.362341
0.373073
0.396756
0.438809
0.495517
0.190992
0.18934
0.493141
0.436887
0.391836
0.370097
0.361908
0.36075
0.359756
0.358257
0.35805
0.357982
0.35848
0.357365
0.358197
0.36217
0.37299
0.39609
0.437639
0.492346
0.190241
0.190586
0.49652
0.437194
0.392036
0.371683
0.36249
0.361021
0.359754
0.35846
0.358075
0.357798
0.357513
0.357436
0.358471
0.362493
0.374052
0.395661
0.437687
0.493365
0.189563
0.190382
0.495511
0.436429
0.392892
0.372105
0.364056
0.361194
0.360022
0.359909
0.358596
0.358127
0.357772
0.357803
0.359767
0.363487
0.37347
0.394588
0.434599
0.493082
0.189844
0.189623
0.493853
0.433546
0.393182
0.371989
0.363222
0.359864
0.359029
0.359521
0.358708
0.358339
0.358002
0.358579
0.358278
0.361529
0.372137
0.393921
0.435151
0.493693
0.189815
0.188983
0.493942
0.436018
0.393643
0.372508
0.365099
0.360376
0.359187
0.359092
0.359168
0.359877
0.359386
0.357781
0.357922
0.361203
0.37262
0.39317
0.435983
0.492478
0.188834
0.189433
0.493397
0.435046
0.393788
0.373673
0.364061
0.362013
0.360947
0.359612
0.359351
0.359706
0.359387
0.358002
0.358077
0.360885
0.370637
0.392043
0.435345
0.492657
0.189488
0.188876
0.49256
0.436439
0.394358
0.373959
0.36453
0.361401
0.360444
0.360015
0.359714
0.359333
0.359464
0.358276
0.358341
0.360942
0.369898
0.391766
0.432911
0.490915
0.189312
0.188168
0.49287
0.434954
0.395114
0.374856
0.36516
0.361981
0.361913
0.36056
0.360893
0.35963
0.35928
0.359983
0.360688
0.363166
0.371059
0.392026
0.43484
0.4912
0.18917
0.189124
0.492744
0.436609
0.396085
0.375427
0.366423
0.363616
0.361234
0.360488
0.36004
0.359668
0.359409
0.359321
0.360509
0.36312
0.371261
0.391801
0.432029
0.489848
0.189597
0.18989
0.493938
0.434847
0.396419
0.376835
0.368106
0.36311
0.361762
0.361854
0.360655
0.36029
0.361014
0.360041
0.361328
0.36408
0.372122
0.392209
0.432458
0.486321
0.189239
0.19067
0.493647
0.436803
0.39662
0.375789
0.3669
0.363385
0.362217
0.361529
0.361048
0.36073
0.360831
0.361605
0.362232
0.364919
0.372899
0.392619
0.43374
0.486722
0.188936
0.19162
0.492804
0.437995
0.396954
0.376518
0.367897
0.364738
0.363671
0.363839
0.363462
0.362954
0.362012
0.362405
0.362825
0.365597
0.373807
0.393282
0.433841
0.486145
0.188752
0.191373
0.491717
0.436211
0.397631
0.379042
0.371042
0.367772
0.364937
0.364695
0.364489
0.363974
0.362981
0.363802
0.365428
0.368485
0.376297
0.394264
0.433702
0.488192
0.188171
0.191097
0.490719
0.435952
0.398299
0.379618
0.371538
0.368496
0.367054
0.366006
0.365533
0.365167
0.364951
0.365233
0.366566
0.369863
0.378099
0.395261
0.433404
0.488776
0.189134
0.190704
0.489041
0.436466
0.399281
0.380915
0.372786
0.369577
0.367893
0.367049
0.366608
0.36633
0.366228
0.366897
0.36894
0.372433
0.379824
0.396578
0.43268
0.487334
0.188228
0.191507
0.486773
0.435933
0.400225
0.382491
0.37444
0.371044
0.369242
0.368244
0.367818
0.367777
0.368072
0.368829
0.370487
0.374077
0.381934
0.39812
0.431067
0.48675
0.188933
0.192064
0.48713
0.434598
0.401238
0.384318
0.376934
0.37297
0.370853
0.369566
0.368958
0.368906
0.369317
0.370248
0.372175
0.37605
0.383812
0.398992
0.433285
0.485706
0.188647
0.19265
0.484116
0.435154
0.402392
0.386383
0.378633
0.374556
0.37221
0.37085
0.3702
0.37019
0.37077
0.371956
0.374019
0.377731
0.38479
0.399588
0.433105
0.480754
0.188543
0.192544
0.483201
0.433834
0.401389
0.386737
0.380207
0.376278
0.373607
0.371971
0.371208
0.371136
0.37174
0.373052
0.375267
0.378893
0.385271
0.398638
0.432648
0.48283
0.189035
0.191771
0.481839
0.432404
0.399028
0.385829
0.381487
0.377609
0.374848
0.373104
0.372251
0.372182
0.372879
0.37434
0.376637
0.379901
0.384489
0.398939
0.431805
0.481991
0.189593
0.19188
0.480919
0.431121
0.398824
0.385186
0.382267
0.378724
0.375988
0.374174
0.373277
0.37321
0.373927
0.375369
0.377479
0.380017
0.382404
0.396283
0.430446
0.481468
0.189718
0.189278
0.479277
0.427234
0.393153
0.385979
0.38298
0.379847
0.377211
0.375366
0.374416
0.374301
0.374974
0.376301
0.378069
0.379766
0.382748
0.394674
0.427823
0.481483
0.188208
0.188391
0.475109
0.42457
0.391165
0.381593
0.382516
0.380752
0.378453
0.376649
0.375674
0.375521
0.376101
0.3772
0.378312
0.377738
0.378324
0.391762
0.424903
0.477808
0.187413
0.182304
0.471544
0.419375
0.390202
0.379162
0.381836
0.381581
0.37971
0.378065
0.377114
0.37691
0.377386
0.378285
0.37892
0.376919
0.377422
0.388873
0.419996
0.475691
0.186557
0.180179
0.467526
0.411993
0.385148
0.377897
0.379768
0.382228
0.381087
0.379673
0.378771
0.378526
0.378865
0.379522
0.379901
0.379017
0.377511
0.385498
0.416502
0.472096
0.18515
0.177517
0.463531
0.406921
0.382792
0.377599
0.380451
0.383575
0.382809
0.381547
0.380672
0.380366
0.380555
0.380888
0.380431
0.377188
0.377956
0.384437
0.412641
0.46922
0.182006
0.173836
0.458349
0.400068
0.380158
0.379446
0.383818
0.38552
0.384797
0.383664
0.382821
0.382464
0.382515
0.382634
0.38201
0.379438
0.377149
0.383698
0.407541
0.463816
0.179135
0.165988
0.451508
0.39715
0.377972
0.375967
0.381569
0.386371
0.386686
0.385951
0.385211
0.384797
0.384654
0.384427
0.38317
0.379377
0.375757
0.379643
0.40099
0.456711
0.174817
0.161886
0.442661
0.390219
0.375846
0.376563
0.382651
0.388203
0.388993
0.388504
0.387836
0.387358
0.387017
0.386455
0.384606
0.379754
0.373946
0.374293
0.392244
0.446156
0.168717
0.157258
0.431164
0.381275
0.373139
0.380413
0.387001
0.390679
0.391466
0.391169
0.390587
0.39006
0.389518
0.388607
0.386154
0.379891
0.371348
0.36658
0.379628
0.433297
0.161077
0.153938
0.421088
0.38236
0.374554
0.379301
0.386846
0.391837
0.393474
0.393641
0.393265
0.392727
0.391966
0.390608
0.387337
0.378694
0.367744
0.359252
0.368834
0.421239
0.155533
0.149894
0.401833
0.368589
0.36847
0.376656
0.38588
0.392217
0.394916
0.39562
0.395543
0.395076
0.394188
0.392525
0.388837
0.3798
0.3686
0.358666
0.367884
0.407158
0.15286
0.147914
0.38742
0.35664
0.36218
0.378174
0.385075
0.390927
0.395161
0.396631
0.397013
0.396696
0.395772
0.39401
0.390624
0.383619
0.370289
0.35858
0.348016
0.385956
0.143942
0.151248
0.373199
0.347721
0.362355
0.378344
0.386936
0.391126
0.394414
0.396113
0.397116
0.397041
0.396002
0.393902
0.390642
0.383842
0.372246
0.354125
0.337729
0.365027
0.146316
0.147638
0.359257
0.343247
0.358675
0.374104
0.384276
0.390574
0.394399
0.396052
0.396678
0.396421
0.395226
0.392911
0.389406
0.384726
0.375963
0.356662
0.337195
0.342753
0.141359
0.150513
0.341629
0.341436
0.364871
0.375825
0.3848
0.390655
0.394683
0.396194
0.396636
0.396335
0.39505
0.392391
0.388878
0.383245
0.374028
0.359028
0.338185
0.330422
0.151837
0.160514
0.328496
0.343465
0.365333
0.376278
0.384759
0.390753
0.393094
0.393975
0.394263
0.394163
0.393539
0.391522
0.388763
0.384847
0.37615
0.367093
0.347958
0.329319
0.164877
0.169512
0.323418
0.347748
0.366538
0.377406
0.385641
0.388577
0.389506
0.389813
0.389957
0.390016
0.38998
0.389598
0.388277
0.384741
0.379027
0.369502
0.352076
0.32934
0.174265
0.185185
0.327959
0.360834
0.370233
0.377723
0.383085
0.38435
0.384574
0.384574
0.384615
0.38473
0.384917
0.384986
0.384578
0.382738
0.378178
0.373274
0.359529
0.332327
0.188682
0.203092
0.33629
0.367304
0.37665
0.378641
0.380457
0.38028
0.379795
0.379427
0.379299
0.37941
0.379772
0.380316
0.3809
0.381084
0.379853
0.377565
0.371006
0.342813
0.205024
0.222908
0.351936
0.378778
0.379462
0.379937
0.378377
0.376911
0.375838
0.375168
0.374883
0.37495
0.375372
0.376156
0.377255
0.378463
0.378929
0.380579
0.378521
0.351513
0.224115
0.244363
0.364731
0.387121
0.384038
0.379974
0.376846
0.374657
0.37322
0.372373
0.371996
0.37202
0.372436
0.373316
0.374728
0.376781
0.379191
0.382754
0.387934
0.368927
0.246253
0.270843
0.390116
0.398688
0.387555
0.380421
0.376214
0.373632
0.372112
0.371307
0.370958
0.370966
0.371322
0.37214
0.37363
0.376121
0.38011
0.387408
0.397768
0.387641
0.268865
0.292954
0.415457
0.406806
0.38901
0.380633
0.376048
0.373476
0.372086
0.371308
0.370975
0.370978
0.37131
0.372095
0.373478
0.37606
0.380631
0.388951
0.406736
0.415243
0.293617
0.313496
0.437071
0.410351
0.389365
0.380099
0.375692
0.373502
0.372366
0.371852
0.371638
0.371644
0.371858
0.372382
0.373503
0.375703
0.380063
0.389325
0.410291
0.437109
0.313746
0.339034
0.446146
0.407362
0.385683
0.377976
0.374965
0.373674
0.373108
0.372869
0.372786
0.372791
0.372883
0.373137
0.3737
0.374986
0.378001
0.385703
0.407391
0.446365
0.338947
0.364276
0.422619
0.386763
0.377567
0.375359
0.374601
0.374335
0.374266
0.374252
0.37425
0.37425
0.37425
0.374267
0.374335
0.374603
0.375358
0.377548
0.386709
0.422564
0.364303
)
;

boundaryField
{
    fixedWalls_1
    {
        type            kqRWallFunction;
        value           nonuniform List<scalar> 
200
(
0.190977
0.187997
0.187863
0.18788
0.186317
0.186745
0.186522
0.187482
0.186799
0.187666
0.188272
0.189238
0.187318
0.188384
0.189453
0.18912
0.1908
0.189884
0.190911
0.190669
0.190423
0.19142
0.191239
0.190798
0.190653
0.190512
0.190876
0.191179
0.19153
0.192247
0.192814
0.193717
0.194824
0.194413
0.197465
0.199902
0.200576
0.200514
0.199869
0.198919
0.196827
0.194849
0.191615
0.191134
0.190691
0.190749
0.19093
0.190154
0.191761
0.192323
0.192084
0.192155
0.193293
0.193881
0.194209
0.193569
0.193317
0.193018
0.191581
0.190607
0.190092
0.190258
0.190512
0.190911
0.191247
0.190453
0.190591
0.190342
0.189533
0.189207
0.188483
0.187611
0.186757
0.185499
0.184212
0.183298
0.18137
0.180223
0.178474
0.17624
0.173041
0.169473
0.165469
0.16156
0.155045
0.146325
0.142784
0.147214
0.149659
0.159631
0.172463
0.184174
0.204046
0.224323
0.244771
0.270628
0.291315
0.315098
0.337432
0.364736
0.190895
0.190262
0.19046
0.188886
0.190046
0.190528
0.191676
0.193474
0.194234
0.194753
0.196703
0.197718
0.197421
0.197457
0.197679
0.195848
0.194789
0.193156
0.191613
0.190635
0.189716
0.189547
0.189333
0.188503
0.189945
0.189921
0.190876
0.191938
0.191563
0.192756
0.192311
0.19104
0.192158
0.192414
0.193614
0.192516
0.193
0.192711
0.193129
0.193678
0.192419
0.191272
0.190367
0.190207
0.190078
0.191429
0.191088
0.189639
0.19038
0.190417
0.191354
0.19235
0.192718
0.192266
0.192189
0.190447
0.190394
0.189969
0.189751
0.189898
0.189217
0.190745
0.191008
0.190554
0.189985
0.190854
0.190603
0.190377
0.191003
0.190089
0.189728
0.189011
0.188106
0.186263
0.185375
0.184396
0.18324
0.182257
0.18037
0.177099
0.172969
0.166116
0.157153
0.14964
0.146532
0.143481
0.146016
0.147184
0.153449
0.165493
0.174553
0.18872
0.20461
0.224052
0.245451
0.27001
0.292365
0.314657
0.33823
0.364522
)
;
    }
    frontAndBack_1
    {
        type            empty;
    }
    inlet_1
    {
        type            fixedValue;
        value           uniform 0.375;
    }
    outlet_1
    {
        type            zeroGradient;
    }
    fixedWalls_2
    {
        type            kqRWallFunction;
        value           nonuniform List<scalar> 
200
(
0.541572
0.546653
0.545259
0.542346
0.545001
0.538573
0.541344
0.546857
0.540526
0.542969
0.548414
0.538864
0.540654
0.545368
0.527595
0.520281
0.520836
0.520264
0.521252
0.522103
0.526155
0.528154
0.528245
0.528221
0.52403
0.523593
0.525612
0.528822
0.529681
0.528961
0.531286
0.525236
0.528921
0.52119
0.520196
0.520479
0.520223
0.521406
0.526188
0.51657
0.517595
0.521308
0.51364
0.512344
0.513233
0.511783
0.513989
0.518412
0.52011
0.521704
0.520827
0.517707
0.518343
0.526211
0.520058
0.513764
0.512915
0.520049
0.522722
0.530897
0.52989
0.526795
0.529948
0.51707
0.520921
0.501828
0.49998
0.496696
0.49597
0.49559
0.500553
0.492826
0.486449
0.478652
0.46905
0.446811
0.432571
0.425288
0.410737
0.39361
0.37759
0.367383
0.353689
0.337959
0.314334
0.29154
0.270179
0.2579
0.256115
0.257912
0.267115
0.28114
0.290759
0.302466
0.315738
0.332459
0.342323
0.35133
0.360902
0.368093
0.526129
0.528225
0.53463
0.526637
0.533284
0.527313
0.521165
0.520907
0.522605
0.523382
0.527626
0.522426
0.522745
0.525546
0.521996
0.517534
0.517967
0.513567
0.519894
0.515579
0.516989
0.523889
0.520737
0.516725
0.521085
0.514246
0.517399
0.519501
0.526648
0.517265
0.516749
0.518569
0.518684
0.522551
0.527811
0.524101
0.518259
0.518967
0.525643
0.517866
0.518127
0.526215
0.524916
0.527278
0.525727
0.522698
0.529404
0.520099
0.527857
0.52478
0.53003
0.522878
0.529142
0.52119
0.510756
0.508355
0.508842
0.509801
0.510288
0.51138
0.516786
0.503047
0.502131
0.507653
0.501665
0.492409
0.475747
0.47096
0.468786
0.465823
0.460939
0.457737
0.454115
0.454657
0.444652
0.438506
0.426161
0.409355
0.383659
0.366026
0.355964
0.345265
0.338211
0.332298
0.325018
0.329453
0.302868
0.293552
0.282177
0.270118
0.261313
0.279328
0.285978
0.306174
0.31634
0.331805
0.341245
0.352973
0.359873
0.368608
)
;
    }
    frontAndBack_2
    {
        type            empty;
    }
    inlet_2
    {
        type            fixedValue;
        value           uniform 0.375;
    }
    outlet_2
    {
        type            zeroGradient;
    }
    fixedWalls_3
    {
        type            kqRWallFunction;
        value           nonuniform List<scalar> 
200
(
0.979288
0.995604
0.992029
0.986341
0.991263
1.00842
0.992433
1.01212
1.00743
1.0139
1.03397
1.01973
1.00521
1.01859
0.98532
0.986781
0.984721
0.986338
0.984824
0.987629
0.988422
1.00145
0.987359
0.967467
0.965398
0.968159
0.971949
0.976334
0.980726
0.986493
1.00423
0.9938
0.98656
0.999163
0.971245
0.975132
0.977528
0.995647
0.989516
0.986045
0.990532
0.996861
0.997688
1.00364
1.02269
1.00209
1.01315
0.982663
0.985476
0.985427
0.989932
0.992169
1.01126
1.00483
0.999776
0.985446
0.986991
1.00349
0.992884
0.99675
0.966512
0.93055
0.922636
0.928198
0.888929
0.88237
0.873845
0.868541
0.861163
0.852028
0.850785
0.848561
0.857099
0.836826
0.847514
0.796158
0.769286
0.767503
0.768851
0.716171
0.719147
0.648974
0.642258
0.584589
0.583278
0.529639
0.517893
0.504756
0.496529
0.493481
0.405013
0.344393
0.324261
0.329685
0.344586
0.35009
0.358145
0.362202
0.366274
0.370008
0.959028
0.965291
0.960147
0.958309
0.968038
0.940471
0.944784
0.956576
0.95658
0.958771
0.955612
0.947441
0.95052
0.969374
0.958596
0.948054
0.952147
0.972449
0.962058
0.952627
0.955762
0.959437
0.974399
0.939089
0.943323
0.947342
0.954726
0.972445
0.957402
0.965363
0.971338
0.99463
0.995889
1.00093
0.990674
0.994779
1.00152
1.00285
1.00542
1.01029
1.02316
0.957701
0.934316
0.937466
0.941929
0.956937
0.93647
0.93832
0.956097
0.960557
0.961363
0.974637
0.966035
0.954787
0.968731
0.943716
0.947279
0.94785
0.951894
0.960665
0.919423
0.918007
0.91515
0.917684
0.921125
0.925465
0.931136
0.94707
0.931967
0.945043
0.898708
0.864337
0.860331
0.855097
0.860023
0.835983
0.803675
0.756297
0.752907
0.750157
0.748721
0.715489
0.636542
0.583549
0.545793
0.537104
0.53256
0.534794
0.482533
0.463573
0.408486
0.366165
0.332771
0.328097
0.341963
0.352617
0.357736
0.36291
0.36612
0.370554
)
;
    }
    frontAndBack_3
    {
        type            empty;
    }
    inlet_3
    {
        type            fixedValue;
        value           uniform 0.375;
    }
    outlet_3
    {
        type            zeroGradient;
    }
    fixedWalls_4
    {
        type            kqRWallFunction;
        value           nonuniform List<scalar> 
200
(
0.537032
0.538129
0.542171
0.529489
0.530136
0.529861
0.531893
0.536566
0.526135
0.534364
0.529136
0.524039
0.524503
0.527693
0.533765
0.526424
0.532925
0.531333
0.527479
0.52896
0.533357
0.539448
0.530513
0.538246
0.536431
0.542586
0.540003
0.542273
0.540968
0.546711
0.543371
0.545972
0.542346
0.545492
0.534174
0.534593
0.536246
0.521588
0.522126
0.523577
0.525462
0.527633
0.53002
0.531811
0.530697
0.530005
0.526002
0.527069
0.533973
0.531862
0.532887
0.529226
0.521894
0.520617
0.526769
0.518683
0.519022
0.525531
0.519643
0.511702
0.510536
0.510278
0.509246
0.514233
0.499652
0.497364
0.496364
0.493956
0.493306
0.492064
0.492429
0.485266
0.475137
0.467929
0.43993
0.42362
0.414835
0.403451
0.396194
0.387679
0.38233
0.375927
0.368975
0.348022
0.324315
0.327554
0.312656
0.300627
0.306201
0.281762
0.284115
0.27683
0.283314
0.304341
0.314391
0.332915
0.34197
0.351637
0.361221
0.367929
0.521169
0.519856
0.517559
0.519386
0.520666
0.524696
0.528455
0.525984
0.521471
0.525054
0.514508
0.515654
0.515604
0.518244
0.519932
0.526326
0.524224
0.526708
0.53082
0.527895
0.534682
0.525563
0.532978
0.525695
0.518347
0.517144
0.519009
0.518941
0.519906
0.519865
0.523231
0.520311
0.524898
0.519992
0.526786
0.527798
0.529105
0.53184
0.532172
0.530556
0.524014
0.529052
0.511763
0.512069
0.511162
0.512881
0.517544
0.505961
0.512224
0.50409
0.503822
0.505898
0.506907
0.515393
0.513593
0.519558
0.515724
0.52616
0.524054
0.52096
0.511965
0.511833
0.51267
0.516197
0.493429
0.492626
0.491121
0.49609
0.477651
0.474671
0.474186
0.472174
0.471795
0.470226
0.475902
0.453334
0.449217
0.452306
0.42724
0.421878
0.424111
0.406297
0.379294
0.331618
0.329245
0.306678
0.296897
0.287424
0.276798
0.266431
0.280419
0.281059
0.291657
0.301956
0.313298
0.334069
0.341931
0.351787
0.361364
0.3679
)
;
    }
    frontAndBack_4
    {
        type            empty;
    }
    inlet_4
    {
        type            fixedValue;
        value           uniform 0.375;
    }
    outlet_4
    {
        type            zeroGradient;
    }
    fixedWalls_5
    {
        type            kqRWallFunction;
        value           nonuniform List<scalar> 
200
(
0.192797
0.192221
0.192475
0.192304
0.191835
0.193219
0.192396
0.192783
0.191909
0.192005
0.192542
0.192313
0.192485
0.192569
0.193193
0.193632
0.193362
0.19333
0.192187
0.192166
0.192381
0.190614
0.192302
0.192732
0.193879
0.194801
0.194218
0.193367
0.194368
0.192975
0.193897
0.193237
0.193964
0.19301
0.192294
0.192479
0.19256
0.192175
0.193655
0.19425
0.194554
0.194736
0.193966
0.193329
0.193015
0.192502
0.191905
0.19184
0.190269
0.190907
0.189984
0.189629
0.189095
0.18934
0.190586
0.190382
0.189623
0.188983
0.189433
0.188876
0.188168
0.189124
0.18989
0.19067
0.19162
0.191373
0.191097
0.190704
0.191507
0.192064
0.19265
0.192544
0.191771
0.19188
0.189278
0.188391
0.182304
0.180179
0.177517
0.173836
0.165988
0.161886
0.157258
0.153938
0.149894
0.147914
0.151248
0.147638
0.150513
0.160514
0.169512
0.185185
0.203092
0.222908
0.244363
0.270843
0.292954
0.313496
0.339034
0.364276
0.197412
0.196413
0.196926
0.197267
0.198035
0.197829
0.198304
0.198916
0.199043
0.198589
0.198835
0.198644
0.19827
0.198007
0.198186
0.197494
0.197109
0.196964
0.196425
0.196365
0.196371
0.195776
0.195171
0.194619
0.193821
0.194025
0.194094
0.193473
0.193305
0.193517
0.194316
0.19529
0.195496
0.196028
0.19597
0.195723
0.195231
0.194697
0.193609
0.194056
0.194554
0.193812
0.192886
0.193656
0.193858
0.194213
0.193822
0.193751
0.193111
0.192919
0.192608
0.19103
0.190992
0.190241
0.189563
0.189844
0.189815
0.188834
0.189488
0.189312
0.18917
0.189597
0.189239
0.188936
0.188752
0.188171
0.189134
0.188228
0.188933
0.188647
0.188543
0.189035
0.189593
0.189718
0.188208
0.187413
0.186557
0.18515
0.182006
0.179135
0.174817
0.168717
0.161077
0.155533
0.15286
0.143942
0.146316
0.141359
0.151837
0.164877
0.174265
0.188682
0.205024
0.224115
0.246253
0.268865
0.293617
0.313746
0.338947
0.364303
)
;
    }
    frontAndBack_5
    {
        type            empty;
    }
    inlet_5
    {
        type            fixedValue;
        value           uniform 0.375;
    }
    outlet_5
    {
        type            zeroGradient;
    }
}


// ************************************************************************* //
