/*--------------------------------*- C++ -*----------------------------------*\
  =========                 |
  \\      /  F ield         | OpenFOAM: The Open Source CFD Toolbox
   \\    /   O peration     | Website:  https://openfoam.org
    \\  /    A nd           | Version:  6
     \\/     M anipulation  |
\*---------------------------------------------------------------------------*/
FoamFile
{
    version     2.0;
    format      ascii;
    class       volScalarField;
    location    "12";
    object      p;
}
// * * * * * * * * * * * * * * * * * * * * * * * * * * * * * * * * * * * * * //

dimensions      [0 2 -2 0 0 0 0];

internalField   nonuniform List<scalar> 
10000
(
-0.0438148
-0.0458213
-0.0413489
-0.0281332
-0.0180493
-0.0114227
-0.00694068
-0.00338801
-0.000290576
0.00164172
0.00239774
0.00156464
-0.000823077
-0.00480376
-0.0110453
-0.0199757
-0.0321422
-0.0464606
-0.047977
-0.0393048
-0.0925035
-0.0866644
-0.0659787
-0.0315303
-0.00167064
0.0188715
0.0311886
0.0393068
0.0452708
0.0494112
0.0523277
0.0535797
0.0551083
0.0555488
0.0533589
0.0437931
0.0232132
-0.00441876
-0.0244156
-0.035303
0.0155207
0.0155561
0.0225099
0.0373755
0.0556561
0.0743735
0.0905946
0.103265
0.112381
0.118546
0.122418
0.12478
0.126179
0.127877
0.130262
0.132407
0.1325
0.129172
0.120009
0.107632
0.153157
0.161774
0.166296
0.16937
0.172379
0.1754
0.17887
0.182933
0.187026
0.191039
0.19468
0.198558
0.203066
0.208453
0.214166
0.219461
0.222194
0.220353
0.214182
0.206441
0.290421
0.303117
0.30563
0.298148
0.287237
0.276425
0.26876
0.264646
0.263601
0.264437
0.266545
0.269956
0.274229
0.280073
0.286518
0.293181
0.299623
0.303601
0.301487
0.29501
0.35552
0.360759
0.363492
0.359885
0.352447
0.343842
0.336581
0.331686
0.329229
0.328552
0.328816
0.329653
0.331122
0.33307
0.335381
0.338147
0.340914
0.342905
0.342879
0.342205
0.381211
0.375155
0.375122
0.377108
0.379373
0.381843
0.383569
0.384654
0.385342
0.385759
0.386072
0.385951
0.384774
0.381931
0.377022
0.370693
0.364693
0.360718
0.361571
0.368803
0.426476
0.420793
0.422357
0.428133
0.434305
0.440179
0.444299
0.446651
0.447444
0.447478
0.446518
0.444427
0.441179
0.435923
0.428852
0.420761
0.413551
0.409261
0.409281
0.414797
0.501725
0.502784
0.506588
0.511985
0.516472
0.51851
0.518553
0.517533
0.516105
0.514394
0.512413
0.509804
0.505865
0.500689
0.494625
0.4878
0.481409
0.477129
0.477039
0.480962
0.582172
0.585966
0.587329
0.587387
0.587779
0.587367
0.586443
0.585404
0.584357
0.583582
0.583083
0.582567
0.582359
0.582378
0.582912
0.583997
0.584645
0.584567
0.583443
0.580936
0.634365
0.632341
0.631078
0.632295
0.635483
0.639679
0.643539
0.646603
0.648732
0.650338
0.651841
0.654417
0.658162
0.664439
0.67274
0.682584
0.692451
0.699273
0.697511
0.687141
0.69201
0.690378
0.688901
0.689789
0.693252
0.698417
0.703619
0.708225
0.711698
0.714405
0.716398
0.718527
0.721325
0.724955
0.729436
0.734717
0.740113
0.744563
0.745929
0.744459
0.756143
0.755529
0.754499
0.755209
0.758237
0.763018
0.768199
0.772759
0.776386
0.778926
0.780841
0.78198
0.782144
0.781246
0.779335
0.776466
0.773821
0.772607
0.774784
0.782274
0.836461
0.840732
0.843671
0.845023
0.845134
0.844907
0.844939
0.845535
0.84647
0.847495
0.848282
0.848285
0.847924
0.846241
0.843584
0.840144
0.836864
0.834956
0.834967
0.838806
0.925498
0.934087
0.93764
0.934072
0.92774
0.921809
0.917945
0.915992
0.915389
0.915194
0.915167
0.914956
0.91431
0.913222
0.911448
0.908641
0.905575
0.903215
0.902838
0.90533
0.995083
0.991192
0.988025
0.986121
0.98514
0.985105
0.98524
0.985192
0.984986
0.984909
0.984714
0.984227
0.984034
0.983917
0.984328
0.985292
0.98626
0.986636
0.986345
0.98616
1.08512
1.08314
1.07923
1.0735
1.06876
1.06502
1.06193
1.05959
1.05788
1.05657
1.05549
1.05471
1.05369
1.05328
1.05384
1.05611
1.06027
1.064
1.06455
1.06135
1.15335
1.15139
1.15064
1.14816
1.14432
1.13996
1.13607
1.13331
1.13149
1.13039
1.12978
1.12923
1.12872
1.12714
1.1242
1.12019
1.11569
1.11226
1.11384
1.11948
1.21623
1.21419
1.21578
1.21683
1.2157
1.21284
1.20947
1.20659
1.20468
1.2038
1.20404
1.2055
1.20778
1.21098
1.21452
1.21723
1.21864
1.2189
1.21824
1.21615
1.27817
1.27581
1.27662
1.27819
1.27867
1.27768
1.27576
1.27387
1.27239
1.2719
1.27211
1.27355
1.27692
1.2827
1.29131
1.30183
1.31164
1.31759
1.31575
1.306
1.32074
1.31853
1.31852
1.32107
1.32457
1.32754
1.32949
1.33034
1.33069
1.33083
1.33127
1.3321
1.3328
1.33402
1.33552
1.33725
1.33929
1.34054
1.34123
1.34177
1.3487
1.3455
1.34636
1.3523
1.36074
1.36936
1.37659
1.38152
1.38457
1.38635
1.3874
1.38723
1.38623
1.3828
1.37668
1.36815
1.35891
1.35212
1.35282
1.3622
1.40124
1.39918
1.4004
1.40629
1.4147
1.42341
1.43121
1.43715
1.44122
1.44344
1.44441
1.44416
1.44259
1.43945
1.43484
1.4286
1.42189
1.41672
1.41529
1.41789
1.49222
1.49504
1.49387
1.49233
1.49299
1.49561
1.49963
1.50384
1.5071
1.50908
1.50952
1.50829
1.50573
1.50189
1.49819
1.49579
1.49474
1.49534
1.49559
1.49279
1.58673
1.5885
1.58616
1.58421
1.58289
1.58216
1.58244
1.5831
1.58373
1.58388
1.58374
1.58305
1.58142
1.57912
1.5762
1.57276
1.5696
1.56838
1.56996
1.57125
1.68396
1.68996
1.69203
1.68861
1.6819
1.6748
1.66922
1.66558
1.66355
1.6625
1.66192
1.66162
1.66229
1.66385
1.66627
1.6689
1.67036
1.67019
1.66968
1.66844
1.76902
1.77353
1.77538
1.76937
1.7599
1.75079
1.74377
1.73936
1.73734
1.73674
1.73716
1.73873
1.74122
1.7455
1.75126
1.75816
1.76455
1.76776
1.76743
1.76353
1.83395
1.83385
1.83291
1.8288
1.82304
1.81681
1.81157
1.808
1.8061
1.80576
1.80655
1.80852
1.81214
1.81723
1.82372
1.83101
1.83773
1.84248
1.84355
1.83989
1.87583
1.86739
1.86475
1.86637
1.86858
1.87012
1.87039
1.86958
1.86867
1.8681
1.86822
1.86897
1.87013
1.87203
1.87437
1.87708
1.87997
1.88265
1.88419
1.88264
1.92977
1.92384
1.92228
1.92369
1.92613
1.92877
1.93045
1.9309
1.93047
1.92959
1.92858
1.92699
1.92491
1.92112
1.91571
1.90933
1.90332
1.89931
1.90026
1.90553
1.98816
1.98471
1.98322
1.98501
1.98774
1.99029
1.99192
1.99251
1.99215
1.99075
1.98867
1.98576
1.98162
1.97582
1.96846
1.96002
1.95273
1.94826
1.94822
1.95259
2.05638
2.05814
2.05913
2.06082
2.06185
2.06163
2.0605
2.05901
2.05738
2.05563
2.05322
2.05
2.04588
2.04046
2.03423
2.02752
2.0212
2.01706
2.01708
2.01918
2.11521
2.12051
2.12246
2.12127
2.11961
2.11887
2.11937
2.12042
2.12149
2.12231
2.12289
2.12334
2.1233
2.12359
2.12425
2.12517
2.12565
2.12533
2.12349
2.11871
2.16006
2.15284
2.15016
2.15334
2.15993
2.16859
2.17702
2.18382
2.1884
2.19193
2.19466
2.19784
2.20206
2.20825
2.21645
2.22618
2.23554
2.24166
2.23867
2.22709
2.25518
2.25616
2.25658
2.25704
2.25838
2.25967
2.26076
2.26176
2.26275
2.26362
2.26467
2.26642
2.26891
2.27292
2.27795
2.28361
2.28908
2.29308
2.29364
2.29194
2.35631
2.36731
2.37246
2.3691
2.3618
2.35248
2.34447
2.33894
2.33591
2.33429
2.33353
2.33291
2.3328
2.33257
2.33209
2.33134
2.3305
2.33017
2.33239
2.3387
2.41029
2.41226
2.41379
2.41226
2.40932
2.40582
2.40271
2.40039
2.39907
2.39841
2.39834
2.39852
2.39867
2.39854
2.39802
2.3973
2.39698
2.39717
2.39748
2.3991
2.44789
2.44051
2.43812
2.44083
2.4459
2.45168
2.45593
2.45862
2.45995
2.46105
2.46162
2.46206
2.46209
2.46149
2.46037
2.45897
2.45767
2.45686
2.4565
2.45724
2.51018
2.5062
2.50429
2.50579
2.50964
2.51484
2.51946
2.5232
2.52554
2.52704
2.52783
2.52832
2.52797
2.5271
2.52537
2.52309
2.52069
2.51885
2.51821
2.51871
2.5895
2.58747
2.58439
2.58357
2.58442
2.58657
2.58916
2.59199
2.59411
2.5958
2.59664
2.59721
2.59732
2.5971
2.59631
2.59512
2.59342
2.59186
2.59116
2.59144
2.68783
2.69066
2.68975
2.68666
2.6818
2.67635
2.67165
2.66851
2.66682
2.66608
2.66572
2.66595
2.66636
2.66768
2.66968
2.67248
2.67512
2.67668
2.67594
2.67389
2.77162
2.7783
2.77935
2.77289
2.76288
2.75261
2.74437
2.73861
2.73475
2.73241
2.73039
2.72889
2.72757
2.72714
2.72828
2.73175
2.73666
2.74101
2.74105
2.73713
2.81047
2.80436
2.80246
2.80297
2.80337
2.80321
2.80212
2.80014
2.7978
2.79547
2.79312
2.79028
2.78614
2.78038
2.77279
2.76469
2.7574
2.75267
2.75454
2.76354
2.85774
2.85291
2.85195
2.85404
2.85756
2.86091
2.8629
2.86361
2.8632
2.86229
2.861
2.85939
2.85722
2.85388
2.84829
2.8404
2.83125
2.82385
2.82303
2.82977
2.91118
2.90714
2.90574
2.9089
2.91392
2.91938
2.92393
2.92755
2.92988
2.93153
2.93266
2.93408
2.93577
2.93909
2.94352
2.94818
2.95172
2.95339
2.9504
2.9431
2.98943
2.98997
2.98967
2.99176
2.9944
2.99668
2.99823
2.9997
3.00088
3.00259
3.00427
3.00702
3.01093
3.01708
3.02545
3.03587
3.04623
3.05337
3.05151
3.04126
3.07955
3.08782
3.08936
3.08618
3.08148
3.07673
3.07298
3.0706
3.06934
3.0689
3.06909
3.07041
3.07254
3.07604
3.0804
3.08576
3.09074
3.09377
3.09395
3.09243
3.13993
3.14391
3.14642
3.14604
3.14315
3.13934
3.13595
3.13335
3.1315
3.13037
3.12964
3.12908
3.12804
3.12598
3.12263
3.1186
3.1146
3.11178
3.11358
3.12129
3.18248
3.18274
3.18394
3.18597
3.18753
3.18852
3.18918
3.18965
3.18973
3.18963
3.18917
3.18807
3.18558
3.18163
3.17612
3.16969
3.16403
3.16089
3.16163
3.16593
3.22823
3.22197
3.21823
3.22105
3.22798
3.23638
3.24361
3.24901
3.25199
3.25353
3.25343
3.25223
3.24939
3.245
3.23886
3.23202
3.22567
3.22176
3.22202
3.22448
3.30732
3.30903
3.31033
3.31212
3.31484
3.31804
3.32059
3.3227
3.32396
3.32485
3.32513
3.32541
3.3251
3.3248
3.32388
3.32274
3.321
3.31931
3.31849
3.31683
3.38894
3.39976
3.40704
3.40811
3.4054
3.40109
3.39725
3.39505
3.39409
3.39464
3.39565
3.39793
3.40123
3.40672
3.41374
3.42162
3.42825
3.43195
3.4298
3.42089
3.44113
3.44489
3.44628
3.44609
3.44622
3.44731
3.44912
3.45127
3.4532
3.45527
3.45712
3.45965
3.4625
3.467
3.47223
3.47824
3.48375
3.48718
3.48753
3.48502
3.50188
3.49652
3.49257
3.49221
3.49591
3.50229
3.50858
3.51362
3.51674
3.51869
3.51925
3.51898
3.51756
3.51576
3.51356
3.5123
3.51268
3.51447
3.51794
3.52344
3.60768
3.60905
3.60924
3.60615
3.60239
3.59872
3.59555
3.59339
3.59193
3.59071
3.5894
3.58753
3.58432
3.57931
3.57207
3.56339
3.55537
3.5509
3.5545
3.56483
3.69977
3.70579
3.70772
3.70166
3.69227
3.68243
3.67438
3.66888
3.66562
3.6638
3.66266
3.66188
3.66125
3.66056
3.65927
3.6577
3.65562
3.65432
3.65459
3.65429
3.74472
3.73708
3.73412
3.73365
3.73324
3.73329
3.73329
3.73334
3.73341
3.73422
3.7355
3.73807
3.74146
3.74699
3.75425
3.7628
3.76997
3.77336
3.76975
3.75819
3.80364
3.79686
3.79561
3.79782
3.79958
3.80055
3.80075
3.80102
3.80132
3.80256
3.80435
3.80744
3.81157
3.81745
3.82447
3.83241
3.83905
3.84224
3.83968
3.83208
3.87957
3.88122
3.88094
3.87826
3.87531
3.87276
3.87094
3.86975
3.86902
3.869
3.86946
3.87064
3.87185
3.87371
3.8755
3.87745
3.87981
3.88197
3.8818
3.88129
3.94599
3.94307
3.93989
3.93784
3.93683
3.93651
3.9363
3.93602
3.9358
3.9357
3.93581
3.93592
3.93586
3.93473
3.93129
3.92565
3.91905
3.91386
3.91303
3.91922
4.02298
4.02522
4.02676
4.0263
4.02314
4.01763
4.01163
4.00662
4.00313
4.00077
3.99915
3.99804
3.9968
3.9954
3.99345
3.99067
3.9878
3.98514
3.9827
3.98208
4.07666
4.08329
4.08743
4.0863
4.08209
4.07657
4.07145
4.06708
4.06352
4.06067
4.05801
4.05509
4.05187
4.04854
4.04572
4.04453
4.04477
4.04506
4.04317
4.03924
4.09698
4.09083
4.09171
4.09801
4.1059
4.11354
4.11921
4.12206
4.1226
4.12179
4.12035
4.11849
4.11547
4.11091
4.10417
4.09539
4.08624
4.07896
4.07843
4.08425
4.15875
4.15849
4.16135
4.16666
4.17315
4.1792
4.18368
4.18658
4.18821
4.18892
4.18945
4.18967
4.19038
4.19099
4.19104
4.19033
4.18794
4.18506
4.18245
4.17909
4.24913
4.25605
4.25937
4.25906
4.2578
4.25634
4.25572
4.25621
4.25734
4.25884
4.2607
4.26354
4.26714
4.27292
4.28068
4.28935
4.297
4.30085
4.2966
4.28311
4.33838
4.34308
4.34515
4.3452
4.34291
4.33904
4.33515
4.33214
4.3303
4.32943
4.3296
4.33047
4.33286
4.33636
4.34059
4.34503
4.34868
4.3506
4.34958
4.3448
4.41302
4.42037
4.4244
4.42362
4.41877
4.4115
4.40427
4.39832
4.39449
4.39212
4.39123
4.39126
4.39167
4.39209
4.39194
4.39032
4.38804
4.38571
4.38631
4.39075
4.44205
4.44702
4.45067
4.45285
4.45317
4.45212
4.45044
4.44876
4.44784
4.4476
4.44836
4.44919
4.45098
4.45237
4.45335
4.45374
4.45308
4.45185
4.45121
4.45187
4.44849
4.44333
4.44384
4.45251
4.46431
4.47599
4.48524
4.49148
4.49535
4.49803
4.50021
4.50257
4.50445
4.50621
4.50747
4.5074
4.50649
4.505
4.50431
4.50351
4.50103
4.49704
4.49882
4.50869
4.52129
4.53361
4.54313
4.54957
4.55341
4.5557
4.55711
4.55731
4.55699
4.55519
4.55255
4.54961
4.54656
4.54418
4.54333
4.54194
4.60901
4.6195
4.62457
4.62626
4.6265
4.62499
4.62308
4.62129
4.62005
4.61876
4.61741
4.61554
4.6119
4.60622
4.5986
4.58934
4.58056
4.57418
4.57234
4.5712
4.70764
4.72203
4.7274
4.72424
4.71687
4.70734
4.69867
4.69185
4.68733
4.68375
4.68115
4.67794
4.67503
4.67018
4.66271
4.65222
4.63923
4.62737
4.62204
4.62007
4.7631
4.76732
4.76924
4.76841
4.76561
4.76122
4.75633
4.75165
4.74781
4.74492
4.74281
4.74163
4.74063
4.74054
4.74067
4.73979
4.73812
4.73542
4.72907
4.71643
4.79749
4.7913
4.7892
4.79336
4.79961
4.80529
4.80769
4.80745
4.80571
4.80389
4.80231
4.8008
4.80036
4.80086
4.80295
4.80686
4.81166
4.81562
4.81286
4.80154
4.84754
4.8448
4.84323
4.84639
4.85301
4.85994
4.86436
4.86588
4.86522
4.86339
4.8612
4.85941
4.85714
4.85503
4.85309
4.85179
4.85245
4.85487
4.8569
4.85625
4.9102
4.90833
4.90403
4.90472
4.91021
4.91768
4.92411
4.92812
4.92993
4.92995
4.92953
4.92813
4.92668
4.92344
4.91867
4.91309
4.90847
4.90783
4.91279
4.91994
5.00775
5.00932
5.0032
4.99833
4.99744
4.99913
5.00167
5.00363
5.00493
5.00571
5.00676
5.00875
5.01141
5.01507
5.01949
5.02387
5.02842
5.03361
5.03721
5.03587
5.13434
5.14239
5.13528
5.12071
5.10789
5.09903
5.0939
5.09127
5.09007
5.0899
5.09096
5.09373
5.09945
5.10827
5.12073
5.13622
5.15217
5.16547
5.16895
5.15945
5.25536
5.26065
5.25268
5.23588
5.21851
5.20371
5.19267
5.18474
5.17951
5.17669
5.17622
5.17874
5.18363
5.19181
5.20275
5.21609
5.23051
5.2437
5.25058
5.24796
5.36714
5.37556
5.37046
5.35218
5.32911
5.30718
5.28948
5.27649
5.26813
5.26376
5.26317
5.26582
5.27151
5.2791
5.2881
5.29815
5.30848
5.31854
5.32587
5.32759
5.44289
5.45206
5.44907
5.43304
5.4108
5.38889
5.37112
5.35831
5.35009
5.34642
5.34677
5.35174
5.36034
5.37275
5.38797
5.40455
5.42032
5.43222
5.43397
5.42361
5.49428
5.50269
5.50483
5.49817
5.48477
5.46883
5.45358
5.44118
5.43213
5.42774
5.42735
5.4319
5.4407
5.454
5.47115
5.49014
5.50778
5.51891
5.51484
5.49475
5.54294
5.56628
5.58129
5.58112
5.56966
5.55161
5.53245
5.51619
5.50478
5.49897
5.49838
5.5032
5.51194
5.52346
5.53531
5.54482
5.54924
5.54669
5.53554
5.51844
5.54157
5.57622
5.60397
5.61407
5.6103
5.59731
5.58183
5.56816
5.55861
5.55409
5.55436
5.55956
5.56856
5.5799
5.59156
5.59965
5.60093
5.59286
5.57078
5.54128
5.47814
5.50793
5.54379
5.57429
5.59454
5.60362
5.60465
5.60146
5.59768
5.59583
5.59658
5.60032
5.60629
5.6131
5.61897
5.62131
5.61619
5.59991
5.56674
5.52786
5.43624
5.47591
5.52317
5.56459
5.59732
5.61729
5.62625
5.6287
5.62876
5.62909
5.63045
5.63301
5.63494
5.63351
5.62611
5.60898
5.58158
5.54498
5.50169
5.4679
5.41976
5.46561
5.51842
5.56298
5.60098
5.6279
5.64373
5.65177
5.65575
5.65754
5.65831
5.65724
5.65405
5.64518
5.62897
5.6029
5.56653
5.52259
5.47019
5.42958
5.42887
5.46583
5.51713
5.56352
5.60817
5.64437
5.66857
5.68178
5.68768
5.68884
5.68648
5.68046
5.66901
5.64987
5.62339
5.58795
5.54585
5.49905
5.44321
5.40349
5.48574
5.51144
5.55773
5.59667
5.6366
5.67312
5.7003
5.71642
5.72431
5.7254
5.72178
5.71144
5.6947
5.66692
5.62861
5.58068
5.52738
5.4765
5.42684
5.41003
5.6017
5.60183
5.63263
5.65373
5.68095
5.71255
5.74122
5.76133
5.77285
5.77603
5.77257
5.76226
5.7442
5.71718
5.68311
5.64504
5.61092
5.58498
5.55191
5.55166
5.82485
5.78776
5.7933
5.78369
5.78654
5.80376
5.82585
5.84409
5.85586
5.86028
5.85879
5.85096
5.83886
5.823
5.80856
5.80319
5.8115
5.82765
5.81755
5.84175
6.19973
6.13021
6.11487
6.05601
6.00661
5.98229
5.97712
5.9791
5.98236
5.9845
5.98582
5.98814
5.99135
6.00132
6.02231
6.06095
6.1177
6.17446
6.18164
6.24334
6.64408
6.53536
6.51659
6.4184
6.31369
6.23705
6.19218
6.16726
6.15419
6.14911
6.15095
6.16105
6.1816
6.2186
6.27671
6.36271
6.46792
6.56039
6.57258
6.67852
6.99047
6.8242
6.83524
6.73826
6.61011
6.50004
6.42386
6.37546
6.34675
6.33422
6.33468
6.35153
6.38271
6.43664
6.51628
6.62477
6.74885
6.84427
6.83548
7.00342
7.08439
6.82598
6.89797
6.85629
6.76051
6.66455
6.59137
6.54291
6.51363
6.50033
6.50019
6.51471
6.54473
6.59426
6.66383
6.75358
6.84254
6.88288
6.81511
7.07648
6.89579
6.47978
6.62736
6.68545
6.67382
6.63875
6.6069
6.5847
6.57018
6.56417
6.56391
6.5725
6.58663
6.60876
6.63718
6.66395
6.66804
6.6055
6.46024
6.88255
6.67976
6.02077
6.23495
6.38413
6.44692
6.46495
6.46894
6.47114
6.47173
6.47308
6.47447
6.47582
6.47725
6.47623
6.47051
6.44703
6.37953
6.22891
6.01949
6.68813
6.94766
5.95697
6.19561
6.33208
6.36981
6.37048
6.36672
6.36544
6.36468
6.36499
6.36609
6.36817
6.36943
6.37386
6.37504
6.37485
6.33266
6.20299
5.97252
6.97062
8.1813
6.42181
6.54601
6.61692
6.59597
6.55917
6.5368
6.52532
6.52018
6.51662
6.51775
6.51856
6.5222
6.5356
6.55545
6.59716
6.62366
6.55966
6.43492
8.17772
10.4009
5.97719
6.04102
6.40011
6.48596
6.48824
6.48773
6.48808
6.48789
6.48785
6.48797
6.48881
6.4885
6.48915
6.48986
6.48845
6.40488
6.04756
5.98289
10.4016
-0.225163
-0.187273
-0.190664
-0.131139
-0.100134
-0.0911326
-0.0867271
-0.0809956
-0.0750855
-0.0718389
-0.0716112
-0.0755316
-0.0826603
-0.0911801
-0.10006
-0.113792
-0.148268
-0.209685
-0.214189
-0.252573
-0.289335
-0.255673
-0.243608
-0.161266
-0.087827
-0.043592
-0.0215753
-0.00961892
-0.00299013
-0.00165552
-0.00480089
-0.0149493
-0.0286924
-0.0479394
-0.0729218
-0.114151
-0.181023
-0.255927
-0.279359
-0.336961
-0.0187398
-0.0637848
-0.0649943
-0.0300455
0.0146204
0.0556379
0.0847665
0.102113
0.110706
0.112719
0.108749
0.0982086
0.0801442
0.0535857
0.0183372
-0.0226131
-0.0574082
-0.0778561
-0.0879581
-0.0877225
0.0743075
0.0511826
0.0491239
0.0745879
0.114697
0.15576
0.188529
0.211457
0.225422
0.232627
0.234371
0.231566
0.224752
0.212068
0.189937
0.153257
0.099214
0.040699
0.022024
0.0433616
0.0951167
0.114382
0.131833
0.168925
0.22297
0.280269
0.325475
0.356058
0.375241
0.388779
0.398488
0.409039
0.421558
0.4404
0.465811
0.495067
0.519301
0.531022
0.519299
0.500163
0.269183
0.324335
0.364412
0.39688
0.427182
0.456771
0.484425
0.509445
0.528897
0.546397
0.561522
0.580304
0.603938
0.638723
0.687705
0.754478
0.830557
0.894998
0.911388
0.882068
0.580336
0.645576
0.672787
0.657327
0.640143
0.634468
0.643416
0.661618
0.680921
0.699147
0.716596
0.736674
0.757711
0.780113
0.801879
0.826234
0.852689
0.878246
0.91333
0.941109
0.773149
0.807187
0.827437
0.835917
0.833783
0.8301
0.830351
0.835421
0.843244
0.852589
0.862892
0.873493
0.883812
0.888948
0.884175
0.865959
0.841851
0.828634
0.854703
0.905263
0.988598
1.01225
1.04118
1.05185
1.04453
1.03036
1.01761
1.00903
1.00532
1.00471
1.00539
1.00486
1.00138
0.994117
0.98087
0.959377
0.937048
0.925804
0.934996
0.960298
1.12079
1.09424
1.09313
1.10486
1.12096
1.13626
1.14591
1.15174
1.15529
1.15777
1.15845
1.15597
1.14887
1.13553
1.11488
1.09005
1.06324
1.0407
1.0367
1.04638
1.32852
1.26354
1.24148
1.26016
1.28584
1.30493
1.31348
1.31754
1.31898
1.32007
1.31989
1.31874
1.31437
1.30933
1.30506
1.3036
1.30343
1.30032
1.28792
1.26452
1.67629
1.65695
1.63215
1.59681
1.55799
1.52353
1.49942
1.48591
1.47803
1.47494
1.47316
1.47337
1.47503
1.48073
1.49311
1.51562
1.54798
1.5828
1.58139
1.53337
1.74238
1.7573
1.72679
1.68073
1.63899
1.61191
1.59892
1.59484
1.59475
1.59726
1.60103
1.60793
1.61799
1.63234
1.64825
1.66221
1.67103
1.67805
1.68329
1.67146
1.6321
1.60878
1.59233
1.62205
1.65504
1.67777
1.68996
1.6974
1.70272
1.7073
1.70992
1.71102
1.71132
1.71264
1.71796
1.72908
1.74301
1.75484
1.76164
1.76419
1.73289
1.73097
1.73013
1.74567
1.77104
1.79497
1.81318
1.82524
1.83265
1.83482
1.83261
1.82429
1.80755
1.78083
1.74628
1.71219
1.68802
1.67573
1.68528
1.71097
1.87989
1.88789
1.89259
1.91096
1.94081
1.97251
1.99552
2.00624
2.00951
2.00691
2.00095
1.98866
1.971
1.94223
1.90008
1.84065
1.76767
1.70009
1.68092
1.70302
2.22253
2.25433
2.27218
2.27092
2.26102
2.24738
2.23592
2.22607
2.21813
2.20994
2.20248
2.1938
2.18426
2.17418
2.1656
2.15351
2.13424
2.10684
2.0663
2.02057
2.62943
2.67197
2.67362
2.62255
2.55915
2.50174
2.46062
2.43401
2.41737
2.40627
2.39931
2.39669
2.40109
2.41394
2.43538
2.46479
2.49708
2.5199
2.49487
2.42514
2.83135
2.82572
2.80451
2.76536
2.71686
2.67141
2.63459
2.60588
2.58575
2.57218
2.56468
2.56384
2.57175
2.59148
2.6198
2.65246
2.68239
2.69881
2.69563
2.67594
2.85049
2.82579
2.80497
2.79015
2.77415
2.75752
2.74229
2.72832
2.71745
2.71016
2.70681
2.7064
2.70932
2.71555
2.72706
2.74497
2.768
2.78677
2.80114
2.81492
2.71412
2.67177
2.66427
2.70325
2.75048
2.78675
2.80817
2.81932
2.82541
2.82943
2.83483
2.8414
2.84802
2.8511
2.84948
2.84008
2.82697
2.81483
2.8281
2.86774
2.68382
2.68177
2.6997
2.74019
2.79275
2.84497
2.88659
2.91587
2.93512
2.9486
2.95904
2.96808
2.9768
2.98341
2.98873
2.99181
2.9954
3.0023
3.01038
3.02708
2.73307
2.75044
2.78094
2.83319
2.89389
2.95365
3.00498
3.04231
3.0667
3.08265
3.0935
3.10105
3.10552
3.1086
3.11131
3.11299
3.11347
3.11593
3.12603
3.14711
3.00231
3.05397
3.09295
3.12083
3.14349
3.16415
3.18594
3.20734
3.22454
3.23698
3.24525
3.25104
3.2557
3.25774
3.25688
3.25364
3.24882
3.24574
3.25305
3.26955
3.4025
3.4733
3.49169
3.45882
3.42105
3.39465
3.38305
3.3835
3.38977
3.39624
3.40134
3.4051
3.40825
3.41087
3.41235
3.41287
3.41245
3.41141
3.41435
3.41842
3.67744
3.69571
3.68809
3.65903
3.62149
3.59036
3.5698
3.55975
3.55682
3.5574
3.55828
3.558
3.55745
3.55717
3.56001
3.5698
3.58711
3.6051
3.61031
3.59791
3.84894
3.83133
3.81521
3.79993
3.77805
3.75617
3.73928
3.72872
3.7234
3.72085
3.71831
3.71467
3.70756
3.69799
3.68678
3.67985
3.68498
3.70295
3.71387
3.69966
3.91499
3.86082
3.84153
3.86296
3.88472
3.89951
3.90629
3.90715
3.90517
3.90274
3.90023
3.89629
3.8906
3.87925
3.85693
3.81677
3.75804
3.70082
3.69133
3.71795
4.14298
4.11456
4.11253
4.12624
4.13119
4.12707
4.1177
4.10837
4.10083
4.09605
4.09355
4.09319
4.09362
4.09556
4.0999
4.10396
4.10189
4.09006
4.06364
4.04356
4.48344
4.48992
4.48133
4.44148
4.39739
4.35466
4.31973
4.29621
4.2817
4.27396
4.2697
4.26922
4.27221
4.28163
4.30143
4.33571
4.38018
4.41918
4.41424
4.37306
4.64791
4.62405
4.59092
4.55615
4.52496
4.49601
4.47071
4.45039
4.43605
4.42682
4.42156
4.4203
4.42208
4.42918
4.44138
4.45825
4.47777
4.49575
4.50686
4.50054
4.70419
4.67661
4.64717
4.62613
4.61078
4.59929
4.58934
4.57843
4.56803
4.56028
4.55483
4.55031
4.54505
4.53543
4.52018
4.50361
4.49267
4.49136
4.50487
4.52588
4.63207
4.59776
4.58106
4.59512
4.62449
4.65379
4.67375
4.683
4.6858
4.68495
4.68363
4.68064
4.67632
4.66649
4.64615
4.60965
4.5597
4.51428
4.51194
4.54875
4.6117
4.59058
4.60863
4.66748
4.72781
4.77188
4.7981
4.81189
4.81875
4.82188
4.82349
4.824
4.82537
4.82867
4.83784
4.8501
4.85874
4.85845
4.84274
4.82861
4.85216
4.89691
4.92866
4.92913
4.93038
4.93628
4.94595
4.95405
4.95958
4.96211
4.96313
4.96343
4.96296
4.96584
4.97744
5.00631
5.05298
5.09639
5.0983
5.06729
5.04046
5.0763
5.07437
5.05121
5.04639
5.05743
5.07511
5.09147
5.10353
5.10996
5.11256
5.1123
5.11043
5.10401
5.08946
5.06809
5.04996
5.04389
5.05645
5.07348
5.18621
5.19798
5.19933
5.2099
5.22357
5.23697
5.2496
5.26087
5.27056
5.27646
5.2805
5.28168
5.28151
5.27682
5.26295
5.23033
5.1814
5.13828
5.13338
5.16322
5.41857
5.44992
5.47149
5.48052
5.47355
5.46118
5.45272
5.44903
5.44919
5.45148
5.45528
5.45972
5.46675
5.47827
5.49889
5.5261
5.5471
5.55396
5.53761
5.51526
5.6409
5.67021
5.6912
5.69309
5.678
5.65475
5.63404
5.62064
5.61378
5.61174
5.61309
5.61898
5.62868
5.64768
5.6808
5.73564
5.80337
5.85773
5.85972
5.8149
5.79167
5.80497
5.81158
5.80326
5.79111
5.77942
5.76778
5.75864
5.75231
5.7495
5.74884
5.75068
5.75378
5.75665
5.75832
5.76314
5.77322
5.78601
5.80446
5.81601
5.83403
5.8225
5.81908
5.8237
5.83538
5.85224
5.86571
5.87385
5.8771
5.87748
5.87635
5.87348
5.86791
5.85498
5.82974
5.78947
5.74485
5.71563
5.72509
5.76754
5.90994
5.88358
5.88744
5.92359
5.96418
5.99646
6.01549
6.02594
6.02972
6.02943
6.02485
6.016
6.00254
5.98342
5.95724
5.92111
5.88184
5.85403
5.84614
5.86209
6.20216
6.21773
6.22956
6.22535
6.21556
6.20729
6.20458
6.20528
6.20624
6.20588
6.20422
6.19982
6.1907
6.17662
6.1587
6.13663
6.10926
6.08154
6.06332
6.05814
6.43006
6.44436
6.43769
6.41012
6.38493
6.372
6.371
6.37486
6.37946
6.38377
6.38798
6.39318
6.40054
6.41207
6.43035
6.45488
6.47575
6.48172
6.46025
6.4243
6.55262
6.52524
6.51832
6.54033
6.55777
6.56283
6.55925
6.55418
6.55149
6.55221
6.55474
6.562
6.57526
6.60184
6.64396
6.70373
6.77041
6.82121
6.81664
6.76593
6.8581
6.86756
6.86618
6.83681
6.79494
6.75501
6.72561
6.70783
6.69866
6.69647
6.69816
6.70383
6.71167
6.72276
6.73655
6.7525
6.76852
6.78197
6.79685
6.80396
6.96239
6.95722
6.92857
6.87943
6.83731
6.81421
6.80526
6.80407
6.80633
6.81045
6.81586
6.82148
6.82541
6.82361
6.81177
6.7893
6.76512
6.7492
6.75893
6.79347
6.83915
6.77159
6.74291
6.77434
6.82457
6.8717
6.90196
6.91847
6.92649
6.93095
6.93154
6.92917
6.92324
6.91341
6.89817
6.87948
6.86415
6.85758
6.85767
6.86921
6.98531
6.95357
6.96543
7.00997
7.05252
7.07911
7.09019
7.09132
7.08716
7.08044
7.07074
7.05676
7.03705
7.01257
6.98388
6.95315
6.92379
6.9036
6.90013
6.91118
7.36829
7.40919
7.43286
7.41025
7.37133
7.33284
7.30532
7.28528
7.26831
7.25263
7.23635
7.21785
7.19524
7.16709
7.13244
7.09238
7.05106
7.01861
7.00629
7.01312
7.57871
7.61584
7.61018
7.56939
7.52914
7.49705
7.47385
7.45704
7.44398
7.43273
7.42275
7.41258
7.40089
7.3866
7.36937
7.34793
7.32037
7.29194
7.27086
7.26071
7.53484
7.5199
7.50813
7.52438
7.5525
7.57876
7.59564
7.60641
7.61281
7.61738
7.62167
7.62837
7.63862
7.65553
7.68124
7.71506
7.74465
7.75727
7.73853
7.70223
7.57151
7.54833
7.55614
7.60775
7.67151
7.72812
7.76641
7.79075
7.80515
7.81667
7.82721
7.84344
7.86755
7.90717
7.96317
8.03827
8.12024
8.18493
8.18932
8.14189
7.912
7.94518
7.97157
7.98206
7.98497
7.98696
7.99103
7.9986
8.00641
8.01634
8.02825
8.04659
8.07111
8.10269
8.13655
8.17289
8.2097
8.24219
8.27186
8.29121
8.30209
8.35786
8.36063
8.31253
8.25588
8.21216
8.18833
8.18111
8.18269
8.18981
8.20147
8.21899
8.24055
8.26323
8.2808
8.28931
8.29342
8.29946
8.32673
8.37801
8.50597
8.51604
8.49557
8.45799
8.41338
8.37456
8.34712
8.33275
8.32807
8.33166
8.33947
8.3513
8.36483
8.38084
8.39764
8.41333
8.42938
8.44848
8.46987
8.49795
8.55742
8.53471
8.51087
8.49554
8.4794
8.46407
8.45187
8.44506
8.44321
8.4466
8.45187
8.45821
8.46209
8.4632
8.45971
8.45455
8.45099
8.4551
8.47433
8.49842
8.47196
8.41628
8.40079
8.43836
8.48323
8.52012
8.54216
8.55237
8.5554
8.55696
8.55602
8.55281
8.5448
8.53093
8.50829
8.47889
8.44821
8.42843
8.43362
8.44868
8.57851
8.5669
8.58449
8.62603
8.66134
8.683
8.6912
8.69129
8.68678
8.68035
8.6717
8.65958
8.64064
8.61369
8.57824
8.53595
8.49
8.4514
8.43497
8.42888
8.86938
8.9258
8.94845
8.92196
8.88859
8.86203
8.84517
8.83409
8.82473
8.81466
8.8025
8.78551
8.76241
8.73352
8.70272
8.67482
8.64782
8.62104
8.59116
8.55198
8.98307
9.01466
9.00967
8.98255
8.96738
8.96507
8.96729
8.96905
8.9676
8.96278
8.95412
8.94114
8.92275
8.90152
8.88121
8.86817
8.86654
8.87207
8.84863
8.78226
9.01419
8.99957
9.00993
9.05632
9.099
9.12354
9.13155
9.13329
9.13302
9.13229
9.13187
9.13169
9.13302
9.13237
9.12413
9.10609
9.08068
9.05645
9.03203
8.99003
9.28106
9.31232
9.33686
9.33881
9.32967
9.31717
9.30794
9.30341
9.30155
9.30172
9.30471
9.31243
9.32683
9.34977
9.37652
9.3973
9.40381
9.39122
9.35634
9.30554
9.46
9.49252
9.49894
9.4796
9.46211
9.45505
9.45504
9.45676
9.45849
9.45995
9.46259
9.46739
9.47767
9.49579
9.52288
9.55712
9.58891
9.60071
9.58416
9.55507
9.52857
9.51767
9.52894
9.57197
9.60835
9.62671
9.62965
9.62475
9.61936
9.61558
9.61442
9.61509
9.61631
9.61914
9.62457
9.63131
9.64038
9.64846
9.65445
9.6619
9.80999
9.84204
9.86352
9.85878
9.8402
9.81688
9.79616
9.77886
9.76643
9.75826
9.75552
9.7551
9.75686
9.75492
9.74732
9.73111
9.7084
9.68537
9.6865
9.7119
9.94168
9.97044
9.96825
9.93935
9.91295
9.89653
9.88744
9.88178
9.87744
9.87484
9.87412
9.87573
9.87811
9.88056
9.88198
9.88006
9.8784
9.87782
9.87573
9.87081
9.8727
9.84711
9.84263
9.88174
9.92525
9.95565
9.97116
9.97904
9.9826
9.98449
9.98502
9.98429
9.98336
9.98278
9.98324
9.98423
9.98491
9.98634
9.99007
9.98397
9.97954
9.97905
9.98856
10.0117
10.0402
10.0652
10.0819
10.0914
10.0955
10.0969
10.0964
10.0954
10.0921
10.0874
10.0814
10.0741
10.0689
10.0679
10.0732
10.0715
10.1111
10.118
10.1256
10.1447
10.1684
10.1928
10.2099
10.2169
10.2176
10.2151
10.2113
10.2053
10.1973
10.1838
10.1659
10.1464
10.1289
10.1198
10.1249
10.1283
10.3041
10.3291
10.3336
10.3317
10.3308
10.3324
10.3365
10.3393
10.3397
10.3368
10.3318
10.3246
10.3138
10.2977
10.2748
10.2459
10.2171
10.1972
10.1976
10.1972
10.4359
10.4617
10.4502
10.4308
10.4256
10.4334
10.4478
10.4615
10.4711
10.4746
10.4744
10.4693
10.4623
10.4523
10.4389
10.422
10.4009
10.3808
10.372
10.3555
10.5038
10.4885
10.479
10.5173
10.5617
10.5972
10.6191
10.6313
10.637
10.6392
10.6391
10.6387
10.638
10.6411
10.6512
10.6693
10.6905
10.7026
10.6946
10.6536
10.898
10.9355
10.9407
10.9244
10.8974
10.8714
10.8525
10.8402
10.8308
10.8235
10.8173
10.8125
10.8112
10.8159
10.8317
10.8677
10.9236
10.9794
10.992
10.9371
11.2344
11.2829
11.2642
11.2006
11.1347
11.0845
11.053
11.0331
11.0205
11.0114
11.0052
11.0014
10.9988
10.9958
10.9895
10.9809
10.9771
10.985
11.0098
11.0116
11.3327
11.3238
11.2805
11.252
11.2369
11.2306
11.2274
11.2242
11.2228
11.2222
11.2248
11.2292
11.2379
11.2466
11.2502
11.2402
11.2137
11.1891
11.1953
11.211
11.526
11.5022
11.4721
11.4692
11.4714
11.4722
11.4686
11.4638
11.4606
11.4622
11.4697
11.4862
11.5111
11.5473
11.5961
11.653
11.7032
11.7335
11.7294
11.687
11.9545
11.9911
11.9806
11.9358
11.8732
11.8113
11.7629
11.7307
11.7118
11.7059
11.7109
11.7289
11.7607
11.8103
11.8811
11.974
12.0751
12.1565
12.1734
12.1048
12.2542
12.3208
12.3012
12.2224
12.1293
12.0456
11.9847
11.9447
11.9226
11.9154
11.921
11.9396
11.9681
12.0077
12.0559
12.1076
12.1571
12.1986
12.2291
12.2129
12.2307
12.2496
12.2252
12.2028
12.1813
12.1572
12.1329
12.1119
12.0996
12.0971
12.1061
12.1251
12.1535
12.1841
12.2097
12.2241
12.2297
12.2313
12.2435
12.2474
12.2251
12.2407
12.2522
12.2819
12.3041
12.3082
12.2971
12.2809
12.2679
12.2629
12.2667
12.2802
12.3005
12.3243
12.3452
12.3583
12.3638
12.3641
12.3547
12.3212
12.426
12.5057
12.5524
12.5618
12.5454
12.5115
12.4755
12.4454
12.4242
12.4127
12.4091
12.4124
12.4193
12.4256
12.4271
12.4184
12.3975
12.371
12.3442
12.2965
12.588
12.6972
12.7415
12.7233
12.6853
12.6393
12.5987
12.5676
12.5459
12.532
12.524
12.5204
12.5181
12.5123
12.4972
12.4672
12.4214
12.3689
12.3177
12.2541
12.5614
12.6436
12.699
12.7256
12.7327
12.718
12.6913
12.6633
12.6399
12.6227
12.6101
12.6003
12.5902
12.5758
12.5536
12.5185
12.4683
12.4077
12.3332
12.2424
12.4271
12.5133
12.606
12.6705
12.7135
12.7292
12.7228
12.706
12.6881
12.6728
12.6592
12.6454
12.6294
12.6095
12.586
12.5589
12.5265
12.4845
12.3993
12.2896
12.0711
12.1327
12.2489
12.3697
12.4914
12.5852
12.6403
12.6665
12.6755
12.6759
12.6687
12.6555
12.6332
12.6013
12.5613
12.5142
12.4712
12.4362
12.3557
12.2639
11.7295
11.7683
11.9109
12.0865
12.2777
12.4373
12.5453
12.6097
12.645
12.6606
12.6623
12.6503
12.6261
12.5825
12.5149
12.4202
12.3072
12.2022
12.1087
12.0958
11.792
11.8475
11.9941
12.1129
12.2555
12.3942
12.5062
12.5846
12.633
12.6576
12.6637
12.6527
12.6244
12.5766
12.5118
12.4319
12.3508
12.2834
12.1861
12.1783
12.134
12.1448
12.2321
12.2464
12.3117
12.4157
12.5234
12.6099
12.6684
12.6994
12.7089
12.6971
12.6681
12.6203
12.5605
12.4989
12.4484
12.4183
12.3411
12.3795
12.7108
12.6116
12.6488
12.5978
12.5955
12.6432
12.7095
12.7683
12.8102
12.8335
12.8413
12.8361
12.8176
12.7898
12.758
12.7325
12.7312
12.7553
12.6964
12.7923
13.5929
13.412
13.4358
13.2939
13.1727
13.1084
13.0863
13.0823
13.0844
13.0861
13.0868
13.0841
13.0814
13.0814
13.0909
13.1262
13.1985
13.2942
13.2553
13.4348
14.5133
14.2211
14.2328
14.0115
13.7978
13.6517
13.5662
13.5168
13.4886
13.4747
13.4718
13.4817
13.5012
13.5395
13.6037
13.7122
13.8714
14.0411
14.0035
14.2778
15.387
14.9743
15.0311
14.7823
14.5156
14.3137
14.1816
14.098
14.0472
14.0203
14.0154
14.0327
14.0745
14.1496
14.2645
14.4452
14.6838
14.9065
14.8288
15.2002
16.0775
15.5608
15.7557
15.5327
15.2451
15.0097
14.8457
14.7376
14.6701
14.6358
14.6289
14.654
14.7073
14.803
14.9485
15.1672
15.4402
15.6572
15.464
15.9432
16.1201
15.3672
15.7585
15.7032
15.5266
15.3595
15.2402
15.1616
15.1127
15.0886
15.0856
15.1057
15.1511
15.2332
15.3565
15.5284
15.7117
15.7897
15.413
16.1122
15.499
14.355
14.9625
15.1505
15.1683
15.1318
15.0976
15.0756
15.0609
15.0553
15.0554
15.0665
15.0842
15.1171
15.162
15.2027
15.1881
15.0021
14.4057
15.5355
14.8887
13.1302
13.876
14.2314
14.3743
14.4279
14.4556
14.4727
14.4813
14.4866
14.4902
14.4917
14.4904
14.4821
14.4614
14.4141
14.2745
13.9172
13.1864
14.9595
15.4502
12.9469
13.6966
13.9711
14.0291
14.0295
14.0302
14.0332
14.0346
14.0369
14.0397
14.0444
14.045
14.0496
14.0418
14.0366
13.9618
13.6981
12.9811
15.5245
18.1147
14.1633
14.6091
14.7148
14.6516
14.5899
14.5605
14.5469
14.5419
14.5382
14.5414
14.5423
14.5466
14.5653
14.5891
14.6552
14.7204
14.6229
14.182
18.1125
22.191
13.8262
13.8183
14.3877
14.5352
14.5466
14.5487
14.5505
14.5511
14.5513
14.552
14.5529
14.5523
14.5526
14.5511
14.5416
14.3979
13.8315
13.8371
22.1903
-0.735478
-0.613463
-0.660015
-0.470132
-0.335492
-0.256904
-0.20282
-0.164521
-0.140783
-0.132775
-0.1365
-0.153533
-0.182181
-0.224469
-0.286161
-0.386763
-0.580503
-0.862693
-0.809769
-0.838056
-0.740856
-0.535393
-0.549261
-0.391272
-0.24006
-0.134699
-0.0666979
-0.0255268
-0.00357219
-0.00152888
-0.0125395
-0.0422351
-0.0828162
-0.141997
-0.220339
-0.331486
-0.488324
-0.631013
-0.599223
-0.784777
0.37079
0.414541
0.425048
0.399059
0.372094
0.352109
0.33688
0.321806
0.307062
0.287327
0.261223
0.224601
0.177796
0.118808
0.0520751
-0.00865148
-0.0280349
0.0214236
0.0294052
-0.0804944
1.05449
1.03886
1.00587
0.962285
0.869869
0.765747
0.68101
0.617283
0.572796
0.53815
0.509717
0.479808
0.449688
0.414641
0.369126
0.293319
0.157947
-0.0086917
-0.0473776
-0.0385559
1.34314
1.39211
1.34508
1.26318
1.13729
1.01194
0.915445
0.849235
0.807161
0.781536
0.766245
0.759071
0.760538
0.776531
0.814064
0.875014
0.944868
0.977297
0.908706
0.795657
1.10536
1.09042
1.02223
0.996016
0.986525
0.979436
0.968653
0.959802
0.953516
0.953814
0.957525
0.969384
0.989264
1.02411
1.07807
1.1645
1.29583
1.43778
1.47921
1.40505
0.68137
0.548619
0.531035
0.656843
0.818496
0.951084
1.03189
1.07397
1.09381
1.1064
1.11723
1.13297
1.15335
1.17743
1.19173
1.18805
1.17115
1.16658
1.24106
1.31315
0.703126
0.632314
0.705701
0.86465
1.02829
1.14758
1.21724
1.25378
1.27043
1.27558
1.27473
1.26779
1.25441
1.22698
1.17677
1.09435
0.992369
0.916788
0.953705
1.04725
1.49129
1.4856
1.546
1.5084
1.48393
1.47789
1.48175
1.48619
1.4888
1.48265
1.46884
1.44129
1.39754
1.33609
1.26494
1.18642
1.10953
1.05458
1.03335
1.06569
2.17516
2.10375
2.01048
1.8804
1.80045
1.75902
1.74485
1.73875
1.73509
1.7273
1.71477
1.6927
1.66049
1.6154
1.56316
1.50421
1.43129
1.35048
1.27931
1.25464
2.31893
2.27586
2.1688
2.12161
2.07642
2.03471
2.00923
1.99412
1.98526
1.98013
1.97715
1.97633
1.97798
1.98274
1.99394
2.01981
2.04924
2.04677
1.95873
1.84242
2.44955
2.46161
2.39248
2.3415
2.28905
2.24896
2.22204
2.20515
2.19651
2.19731
2.20338
2.21773
2.24371
2.28993
2.36012
2.46409
2.59675
2.7202
2.71009
2.58473
2.3157
2.26205
2.19193
2.19846
2.23614
2.28052
2.31489
2.3395
2.35715
2.37292
2.38829
2.40868
2.43618
2.47934
2.53695
2.60521
2.67896
2.75133
2.82384
2.85255
2.12128
2.12274
2.13078
2.23655
2.35462
2.44511
2.50292
2.53944
2.56061
2.57278
2.57715
2.57634
2.57072
2.55873
2.53995
2.52259
2.52184
2.55107
2.64871
2.77016
2.52955
2.70915
2.81199
2.82112
2.8224
2.82755
2.83524
2.83888
2.83868
2.83187
2.82009
2.79704
2.76125
2.70339
2.61551
2.48535
2.32532
2.19464
2.23091
2.37622
3.0908
3.31011
3.38087
3.30053
3.22811
3.19014
3.17466
3.16672
3.16018
3.14968
3.13879
3.12134
3.0982
3.06061
3.00576
2.91531
2.77293
2.60607
2.5058
2.49777
3.53232
3.63312
3.68567
3.67553
3.63307
3.58832
3.55108
3.5249
3.50643
3.49332
3.48468
3.48178
3.48334
3.49213
3.51234
3.55397
3.61462
3.63982
3.49993
3.33351
4.01178
4.06369
4.10231
4.07323
4.0063
3.94005
3.88592
3.84532
3.81714
3.80249
3.79716
3.80346
3.82253
3.8611
3.92055
4.0085
4.12518
4.24323
4.22581
4.10862
4.21361
4.14368
4.11576
4.11162
4.09974
4.08431
4.06904
4.05658
4.04734
4.0454
4.05175
4.07059
4.10058
4.14682
4.20927
4.28568
4.36056
4.42144
4.47184
4.50107
4.35011
4.1863
4.13226
4.1707
4.20723
4.22638
4.23396
4.23904
4.24144
4.2456
4.25253
4.266
4.28502
4.30605
4.32546
4.34831
4.38084
4.42477
4.51065
4.62675
4.5713
4.49975
4.4714
4.45082
4.4338
4.42119
4.41755
4.41865
4.42078
4.42172
4.42333
4.42391
4.42347
4.41751
4.39728
4.35089
4.28734
4.24345
4.31689
4.46223
4.44391
4.48754
4.49258
4.50712
4.52433
4.5409
4.55884
4.57585
4.58913
4.59761
4.6021
4.60096
4.5945
4.58117
4.56168
4.52981
4.49299
4.47513
4.49324
4.52652
4.52412
4.56298
4.59064
4.62238
4.65759
4.69139
4.72161
4.74813
4.76971
4.7846
4.79475
4.79869
4.79472
4.78339
4.77127
4.75883
4.74215
4.72103
4.7054
4.69529
4.83952
4.77602
4.78072
4.80488
4.8451
4.88871
4.92235
4.94848
4.9705
4.98755
5.00074
5.01055
5.01916
5.02801
5.04913
5.09402
5.15831
5.20918
5.18903
5.12988
5.08984
5.03576
5.03398
5.05812
5.09483
5.13177
5.15858
5.17701
5.19247
5.20398
5.21082
5.21441
5.21462
5.21874
5.23259
5.27467
5.36604
5.48884
5.53424
5.48072
5.32817
5.40657
5.44152
5.45475
5.45474
5.45112
5.44942
5.44755
5.44741
5.4471
5.44484
5.43774
5.42787
5.4108
5.37256
5.30323
5.21973
5.1679
5.21833
5.28361
5.8756
5.98665
6.01404
5.95522
5.86968
5.79699
5.75348
5.7264
5.71067
5.70053
5.6956
5.68798
5.67742
5.6558
5.61422
5.53591
5.41186
5.2703
5.21862
5.23764
6.29672
6.30685
6.26045
6.16023
6.06972
6.0103
5.97962
5.96124
5.94982
5.94183
5.93714
5.93115
5.92506
5.91436
5.90974
5.9252
5.94828
5.93553
5.83516
5.71634
6.12128
6.00149
5.96051
6.05424
6.14179
6.1927
6.20915
6.20539
6.1948
6.18285
6.17034
6.15736
6.14364
6.13451
6.13851
6.16963
6.2364
6.3098
6.28171
6.16347
6.31654
6.28899
6.33001
6.41246
6.46551
6.48227
6.47945
6.46832
6.45405
6.43869
6.42272
6.40406
6.38435
6.36355
6.33933
6.29887
6.24003
6.17924
6.17308
6.18709
6.74547
6.81147
6.84554
6.80284
6.76557
6.73805
6.72255
6.71519
6.71001
6.70288
6.69769
6.69258
6.68827
6.67948
6.66776
6.63805
6.5706
6.47323
6.41798
6.44663
6.97521
6.97358
6.96177
6.9521
6.95532
6.9586
6.96147
6.9648
6.96682
6.96812
6.97136
6.97849
6.99325
7.01593
7.05632
7.12143
7.19802
7.24713
7.19831
7.14016
7.23155
7.21589
7.21235
7.20897
7.20216
7.19989
7.20247
7.20731
7.21284
7.21878
7.2264
7.23899
7.25876
7.29243
7.3401
7.40682
7.4975
7.59664
7.63876
7.62039
7.44436
7.42881
7.41886
7.41774
7.42249
7.42939
7.43445
7.4399
7.44745
7.45611
7.46824
7.48503
7.50985
7.53835
7.5629
7.56686
7.54108
7.51256
7.57644
7.69256
7.63809
7.62447
7.61269
7.6175
7.62899
7.64085
7.65121
7.66138
7.67092
7.68021
7.69035
7.70473
7.72266
7.74066
7.75914
7.78147
7.81053
7.85279
7.90596
7.98309
7.83138
7.81979
7.81415
7.82876
7.85008
7.8694
7.88235
7.89226
7.89919
7.90475
7.90721
7.90853
7.90516
7.89429
7.87455
7.85239
7.83406
7.82919
7.88185
7.98828
8.09341
8.09132
8.09499
8.1123
8.13142
8.1438
8.14642
8.14499
8.14341
8.14153
8.13858
8.13313
8.12314
8.10813
8.08121
8.03123
7.95145
7.86585
7.86689
7.94894
8.48484
8.50543
8.51418
8.50292
8.47891
8.44949
8.42358
8.40339
8.38887
8.38095
8.37487
8.36955
8.36016
8.34629
8.32808
8.30884
8.29698
8.29783
8.26326
8.23681
8.92004
8.95505
8.93992
8.8561
8.76145
8.68323
8.63604
8.60897
8.59465
8.58868
8.58832
8.58888
8.5857
8.57677
8.56062
8.53619
8.50771
8.48479
8.46404
8.4412
8.95404
8.94379
8.87384
8.78302
8.73195
8.71594
8.72241
8.73754
8.75395
8.76943
8.78338
8.79504
8.80692
8.82504
8.85935
8.91551
8.98469
9.03564
9.01074
8.91892
8.4553
8.32421
8.29483
8.43595
8.60826
8.75093
8.84406
8.90246
8.94015
8.96707
8.98555
9.00012
9.01176
9.03023
9.06095
9.12054
9.2252
9.35767
9.40036
9.2931
8.58883
8.56321
8.66945
8.83519
8.9754
9.07474
9.13557
9.17213
9.19437
9.20999
9.21944
9.22472
9.22772
9.2265
9.20584
9.15557
9.09158
9.05704
9.10864
9.13794
9.39358
9.50577
9.63248
9.60829
9.554
9.51631
9.49639
9.48518
9.47966
9.47609
9.47407
9.46989
9.4638
9.45089
9.42314
9.36424
9.26533
9.15161
9.1212
9.16912
10.1257
10.2026
10.1892
10.0706
9.96277
9.87982
9.8225
9.78333
9.75585
9.73541
9.7195
9.70477
9.68984
9.67449
9.67355
9.70613
9.75992
9.78831
9.73424
9.67417
10.4835
10.4548
10.3845
10.3178
10.2317
10.1471
10.0817
10.0348
9.99932
9.96993
9.94413
9.92039
9.89596
9.87598
9.86954
9.89797
9.9777
10.0888
10.1135
10.031
10.5553
10.4953
10.4079
10.363
10.3249
10.2888
10.2583
10.2323
10.21
10.1893
10.1689
10.1479
10.1264
10.1032
10.0675
10.0011
9.91255
9.85089
9.87966
9.90606
10.3679
10.2726
10.2087
10.263
10.3353
10.3821
10.4055
10.416
10.4193
10.418
10.4149
10.4115
10.4091
10.402
10.3817
10.3267
10.2187
10.0849
10.0302
10.0503
10.4838
10.4532
10.4555
10.4837
10.5324
10.5821
10.6199
10.6467
10.6633
10.6746
10.6834
10.6949
10.71
10.7313
10.7683
10.8367
10.914
10.9421
10.8669
10.7813
10.6895
10.7085
10.7447
10.7857
10.8323
10.8762
10.9051
10.9222
10.9333
10.9446
10.9569
10.9756
10.9991
11.0381
11.0978
11.1972
11.339
11.4786
11.4986
11.4094
11.1536
11.2528
11.3046
11.2827
11.243
11.2121
11.197
11.1914
11.1915
11.1991
11.212
11.2328
11.2582
11.2859
11.3052
11.3107
11.3081
11.3142
11.3781
11.4364
11.5585
11.6586
11.6448
11.5372
11.4503
11.4049
11.3939
11.4015
11.4148
11.4293
11.4447
11.4602
11.4749
11.4816
11.469
11.4228
11.3444
11.2767
11.3081
11.4176
11.4727
11.4414
11.4024
11.437
11.4952
11.5534
11.5979
11.6334
11.6605
11.6814
11.6953
11.7025
11.7006
11.6927
11.6816
11.6642
11.6382
11.6175
11.6121
11.6544
11.6736
11.642
11.6892
11.8019
11.889
11.9391
11.9608
11.9692
11.9736
11.9785
11.9819
11.9832
11.9808
11.9777
11.9752
11.9737
11.9704
11.961
11.9436
11.9366
12.4436
12.5127
12.5908
12.5706
12.5026
12.4298
12.3718
12.3277
12.2964
12.2778
12.2663
12.2597
12.2566
12.2609
12.2764
12.3092
12.3591
12.4079
12.4011
12.3446
13.0585
13.1311
13.1083
12.9784
12.8444
12.7353
12.6558
12.5992
12.559
12.5327
12.5153
12.5043
12.4959
12.4934
12.4968
12.5124
12.5484
12.6083
12.6389
12.5957
13.0317
12.9601
12.8769
12.8608
12.8531
12.8321
12.8036
12.7788
12.758
12.742
12.7316
12.7264
12.7268
12.7281
12.7216
12.694
12.6246
12.5359
12.5342
12.5807
12.9688
12.8577
12.8113
12.8548
12.9019
12.9306
12.9397
12.9412
12.9369
12.9331
12.9304
12.934
12.9408
12.9502
12.9652
12.9997
13.0548
13.1008
13.072
13.0273
13.0752
13.0518
13.0443
13.0487
13.066
13.0874
13.102
13.1108
13.1124
13.1134
13.1116
13.111
13.1052
13.0972
13.087
13.086
13.1144
13.1733
13.2021
13.1794
13.1505
13.1792
13.1882
13.2021
13.2266
13.2538
13.2725
13.2826
13.2867
13.2879
13.2873
13.2844
13.2785
13.2691
13.2486
13.1979
13.1049
13.0006
12.9926
13.0351
13.3524
13.4315
13.4543
13.4359
13.4215
13.4245
13.4392
13.4541
13.4633
13.4675
13.4674
13.4643
13.4585
13.4468
13.4335
13.4323
13.4489
13.4648
13.424
13.3684
13.4236
13.5105
13.5126
13.4989
13.5172
13.5583
13.6051
13.644
13.6688
13.6798
13.679
13.6686
13.6467
13.6143
13.5746
13.5387
13.5223
13.5365
13.5393
13.4972
13.4022
13.4365
13.5026
13.6628
13.7954
13.8802
13.9254
13.9493
13.9623
13.9658
13.9634
13.9536
13.9406
13.924
13.8989
13.8429
13.7249
13.5727
13.5147
13.5171
14.1538
14.3074
14.4339
14.4514
14.4157
14.374
14.3385
14.3105
14.2913
14.2806
14.276
14.2789
14.2898
14.312
14.3504
14.4093
14.4732
14.4871
14.3902
14.2812
14.7879
14.9179
14.9415
14.8547
14.7545
14.6722
14.6139
14.5751
14.5503
14.5386
14.5355
14.5419
14.5567
14.5848
14.6316
14.7122
14.8389
14.9681
14.986
14.9051
14.8102
14.7928
14.7551
14.7766
14.7872
14.7735
14.7536
14.7398
14.73
14.7255
14.7268
14.7352
14.7489
14.7653
14.7732
14.7623
14.7428
14.7416
14.8187
14.8853
14.8121
14.7355
14.7074
14.7654
14.8234
14.8585
14.8717
14.8774
14.8784
14.8776
14.878
14.8794
14.8841
14.883
14.8644
14.814
14.7357
14.6683
14.7109
14.8163
14.9913
14.9779
14.9573
14.9546
14.966
14.9844
15.0002
15.0124
15.0187
15.0212
15.0201
15.0164
15.0068
14.9939
14.9801
14.9635
14.9437
14.9326
14.9449
14.9657
15.0519
15.0625
15.038
15.0499
15.0778
15.1115
15.1396
15.1593
15.1707
15.1765
15.1784
15.1758
15.1689
15.1592
15.1497
15.1436
15.14
15.1428
15.1514
15.1326
15.1634
15.1887
15.181
15.2057
15.2465
15.2895
15.3176
15.3333
15.3407
15.3443
15.3436
15.3414
15.3359
15.3331
15.3365
15.3545
15.3951
15.4468
15.4629
15.4059
15.3777
15.4303
15.438
15.4507
15.4709
15.4952
15.5139
15.524
15.5272
15.5277
15.5237
15.5156
15.5021
15.4843
15.4632
15.4506
15.4613
15.5102
15.5547
15.4918
15.7126
15.7976
15.7951
15.75
15.7111
15.695
15.7027
15.714
15.7214
15.7237
15.7247
15.7222
15.7154
15.699
15.6684
15.6091
15.5084
15.3938
15.3822
15.3811
15.911
15.9777
15.9374
15.8782
15.8561
15.8646
15.8916
15.918
15.9364
15.9452
15.9499
15.9516
15.9557
15.9596
15.9727
16.0095
16.0656
16.0993
16.0423
15.9208
15.9521
15.9501
15.9547
16.0509
16.13
16.1768
16.1996
16.2116
16.2167
16.2157
16.2092
16.2009
16.1891
16.1798
16.1803
16.2124
16.2983
16.4156
16.4456
16.3162
16.7072
16.8294
16.8891
16.8393
16.7514
16.6768
16.6245
16.5898
16.5685
16.552
16.5382
16.5219
16.5049
16.4831
16.4501
16.3936
16.3175
16.2615
16.2925
16.2668
17.329
17.4408
17.4015
17.2602
17.1293
17.0408
16.9886
16.9583
16.9425
16.9339
16.932
16.9333
16.9367
16.935
16.9244
16.8831
16.788
16.6539
16.5918
16.5638
17.4815
17.4756
17.4042
17.3969
17.3942
17.3868
17.3783
17.3732
17.3717
17.3746
17.3844
17.4027
17.4335
17.4768
17.5409
17.6338
17.7237
17.7467
17.6625
17.5219
17.9235
17.9105
17.9173
17.9786
17.9944
17.9686
17.9283
17.8935
17.8696
17.8611
17.8654
17.8897
17.9324
18.0047
18.108
18.2514
18.4234
18.5692
18.5921
18.4343
18.9182
19.0003
19.0321
18.9593
18.8183
18.6632
18.5323
18.4337
18.3693
18.3364
18.3311
18.3529
18.4004
18.4703
18.5517
18.6296
18.6914
18.7305
18.8063
18.781
19.6556
19.7367
19.6624
19.4873
19.2892
19.1036
18.9518
18.8372
18.7609
18.7193
18.7094
18.73
18.7776
18.845
18.9174
18.9698
18.994
19.0002
19.0589
19.0677
19.5754
19.5349
19.4123
19.3699
19.3177
19.2411
19.1568
19.0836
19.0298
19.0001
18.9942
19.013
19.0539
19.1158
19.1961
19.2798
19.3563
19.4279
19.4814
19.4511
19.2275
19.1973
19.1376
19.1956
19.2528
19.2697
19.2541
19.2273
19.2022
19.1891
19.19
19.2087
19.2381
19.2786
19.3277
19.3787
19.4247
19.4747
19.5366
19.5134
18.9122
18.9955
19.0274
19.111
19.2079
19.2716
19.2996
19.3056
19.3023
19.2999
19.3008
19.3072
19.3132
19.3136
19.3033
19.2808
19.2559
19.2546
19.2971
19.2492
18.5153
18.6724
18.7937
18.9543
19.1181
19.2352
19.2992
19.3276
19.3398
19.3448
19.3453
19.3413
19.3277
19.2917
19.216
19.0973
18.9507
18.8262
18.7842
18.7135
18.3626
18.6096
18.7989
18.9401
19.0735
19.1768
19.2455
19.2868
19.3126
19.3279
19.3351
19.331
19.3133
19.2716
19.191
19.0534
18.8498
18.6186
18.4429
18.3042
18.3478
18.6073
18.7562
18.8029
18.8892
18.9934
19.0865
19.1606
19.211
19.2414
19.2536
19.2491
19.2288
19.1951
19.1481
19.095
19.056
19.0176
18.7902
18.4806
18.2045
18.296
18.4105
18.5279
18.6713
18.8123
18.9242
19.0094
19.0666
19.0991
19.1053
19.0887
19.0473
18.9842
18.9039
18.8235
18.7846
18.8119
18.7009
18.4957
18.2205
18.2542
18.3678
18.4599
18.5808
18.7059
18.805
18.8747
18.921
18.9434
18.9401
18.9073
18.8478
18.758
18.6418
18.5145
18.3957
18.3176
18.2204
18.2136
18.1726
18.1144
18.184
18.2615
18.4086
18.5697
18.6976
18.783
18.8323
18.8503
18.839
18.7972
18.7228
18.6101
18.4572
18.2714
18.0945
17.9815
17.8623
17.9412
18.5137
18.3919
18.4682
18.5106
18.6155
18.7337
18.8294
18.892
18.9248
18.9286
18.9098
18.861
18.7863
18.6771
18.5379
18.3699
18.1886
18.0606
17.8989
18.0458
19.6625
19.5679
19.6391
19.4426
19.317
19.2787
19.2762
19.2745
19.2686
19.2566
19.2394
19.2135
19.1752
19.1281
19.0902
19.0984
19.1786
19.2987
19.1214
19.234
20.9806
20.7332
20.7388
20.3832
20.1141
19.9839
19.9344
19.9082
19.8902
19.8789
19.8777
19.8867
19.9098
19.9542
20.0318
20.1965
20.4925
20.8528
20.7693
20.9818
22.2164
21.7496
21.8618
21.5692
21.2787
21.0767
20.9612
20.893
20.8513
20.8331
20.8423
20.8869
20.9673
21.1072
21.3134
21.6088
21.9918
22.3787
22.2776
22.7096
23.7439
23.2213
23.5534
23.1658
22.7505
22.4484
22.2574
22.1383
22.0687
22.0364
22.042
22.0871
22.1758
22.3272
22.5573
22.8959
23.3195
23.7171
23.5029
24.1489
24.7389
23.9551
24.5322
24.2354
23.8552
23.5716
23.3928
23.28
23.2123
23.1793
23.1794
23.2175
23.2885
23.41
23.5864
23.839
24.1325
24.3304
23.8374
24.7642
24.8239
23.6501
24.5662
24.5101
24.2656
24.0479
23.9121
23.8303
23.782
23.7569
23.7544
23.7736
23.8182
23.8967
24.0135
24.1865
24.3444
24.2987
23.3721
24.5814
23.8418
21.8683
23.0295
23.3305
23.364
23.3191
23.2854
23.2696
23.26
23.2566
23.2552
23.2627
23.27
23.2822
23.2975
23.3201
23.3069
23.0556
21.8327
23.6639
22.6956
19.6375
20.9687
21.5255
21.7423
21.8199
21.8611
21.8853
21.897
21.9026
21.9063
21.9065
21.9015
21.8854
21.8489
21.7733
21.5806
21.0973
19.8002
22.7931
23.5494
19.3833
20.6929
21.0516
21.0966
21.0753
21.0643
21.0602
21.0577
21.0585
21.0614
21.0681
21.0696
21.0809
21.0788
21.093
21.0148
20.6521
19.4027
23.6326
27.626
21.4088
22.2213
22.3358
22.2261
22.1396
22.1011
22.0837
22.0786
22.0744
22.0794
22.0802
22.0853
22.1115
22.1441
22.2429
22.3572
22.247
21.4446
27.5969
33.4664
21.349
21.2366
21.9745
22.1778
22.2018
22.2073
22.21
22.2108
22.211
22.2123
22.2134
22.2132
22.2139
22.2104
22.1911
21.995
21.2617
21.3733
33.4808
-0.248308
-0.186987
-0.176383
-0.111586
-0.077588
-0.0664607
-0.0615313
-0.0570417
-0.053812
-0.0537599
-0.0566817
-0.0628665
-0.070703
-0.0772073
-0.0801595
-0.0824596
-0.0996431
-0.14187
-0.132716
-0.167004
-0.241849
-0.146094
-0.102113
-0.0268921
0.0238358
0.0438521
0.0478476
0.0484187
0.0483025
0.0461614
0.0421325
0.0342587
0.0259924
0.0146531
-0.00297474
-0.0385856
-0.0971781
-0.157555
-0.157857
-0.194862
0.112718
0.151197
0.179929
0.17982
0.175873
0.174044
0.172786
0.170848
0.168812
0.166203
0.162992
0.158588
0.152665
0.142558
0.123129
0.0864499
0.0389224
-0.000454011
-0.00141234
0.0313035
0.128855
0.119898
0.135343
0.167821
0.196803
0.21845
0.232784
0.241205
0.24582
0.24869
0.250434
0.252101
0.254057
0.254736
0.249341
0.227961
0.186573
0.135098
0.118229
0.139849
0.137984
0.0849018
0.0851857
0.13655
0.198052
0.249601
0.286295
0.310939
0.326496
0.336458
0.341576
0.344671
0.343908
0.341408
0.337518
0.338526
0.349788
0.365082
0.364983
0.357487
0.218395
0.197578
0.196085
0.223517
0.268774
0.318845
0.363838
0.399061
0.423112
0.438236
0.444967
0.445196
0.438035
0.423317
0.401143
0.377686
0.360004
0.356688
0.373396
0.394794
0.299254
0.323419
0.34025
0.375589
0.41862
0.46737
0.512967
0.547765
0.570229
0.583147
0.587895
0.585808
0.57562
0.557808
0.53132
0.498405
0.46452
0.440303
0.442179
0.457123
0.662336
0.713788
0.745314
0.757744
0.755488
0.752869
0.755196
0.761474
0.767298
0.771201
0.771566
0.767899
0.758919
0.744266
0.723549
0.696482
0.663288
0.632513
0.61807
0.608773
1.13746
1.19026
1.20378
1.16121
1.09788
1.04035
1.0015
0.981122
0.97227
0.968835
0.967269
0.96655
0.964948
0.964573
0.968215
0.97677
0.983588
0.97957
0.95557
0.90919
1.33282
1.31896
1.29733
1.27506
1.24463
1.21199
1.18425
1.16635
1.15595
1.15128
1.14801
1.14662
1.14792
1.15512
1.17206
1.20473
1.24755
1.28208
1.26997
1.20442
1.48882
1.44629
1.41659
1.40598
1.39568
1.37901
1.35811
1.34123
1.32989
1.32295
1.3185
1.31588
1.31431
1.31277
1.30785
1.29913
1.28634
1.27325
1.27249
1.27364
1.67068
1.64814
1.62073
1.59195
1.56728
1.54609
1.52509
1.50625
1.4928
1.48483
1.48178
1.481
1.48307
1.48475
1.48135
1.46359
1.42971
1.39137
1.37746
1.40312
1.71084
1.67426
1.64614
1.63653
1.63456
1.63586
1.63469
1.63056
1.62586
1.62346
1.62364
1.6272
1.63384
1.64606
1.66565
1.6914
1.71913
1.73583
1.72443
1.7075
1.70437
1.67079
1.66785
1.69831
1.7254
1.74002
1.74466
1.7455
1.74416
1.74384
1.74328
1.74443
1.74727
1.75376
1.76764
1.79557
1.83909
1.88361
1.90078
1.88721
1.793
1.80366
1.81416
1.81708
1.828
1.83954
1.84771
1.85147
1.85259
1.85167
1.85028
1.84778
1.84374
1.83652
1.82464
1.8063
1.78679
1.77389
1.79566
1.83764
1.80574
1.80127
1.80478
1.82962
1.87136
1.91459
1.94653
1.96316
1.96966
1.96939
1.96503
1.95567
1.94148
1.91942
1.89275
1.86545
1.84518
1.84093
1.85422
1.87366
1.98088
2.00189
2.01937
2.03464
2.05162
2.0703
2.09063
2.10612
2.11538
2.11648
2.11225
2.10045
2.08043
2.04875
2.00586
1.95493
1.90247
1.86353
1.8615
1.88061
2.25064
2.28964
2.29326
2.27154
2.25799
2.25646
2.2675
2.28275
2.29637
2.30366
2.30696
2.30468
2.30017
2.28981
2.26972
2.23377
2.17647
2.10877
2.07135
2.0709
2.48746
2.49721
2.49292
2.49471
2.49782
2.50046
2.50423
2.50916
2.51466
2.52044
2.52685
2.53623
2.55012
2.57293
2.60464
2.64215
2.67957
2.69848
2.65901
2.59501
2.79587
2.82044
2.83288
2.83206
2.81516
2.78864
2.76164
2.74171
2.73073
2.72808
2.73087
2.74051
2.75882
2.79065
2.83906
2.90288
2.97432
3.03716
3.04428
2.99919
3.02173
3.02913
3.02674
3.00955
2.98247
2.95392
2.92944
2.91186
2.9021
2.89884
2.90098
2.90845
2.92068
2.94121
2.97182
3.00972
3.04669
3.0792
3.11181
3.13811
3.13737
3.10982
3.08377
3.06641
3.05743
3.05494
3.05411
3.05339
3.0521
3.05154
3.05332
3.0574
3.06437
3.06987
3.07206
3.07263
3.07749
3.08957
3.12647
3.18622
3.25648
3.21716
3.19823
3.20997
3.22422
3.22988
3.22469
3.21554
3.20592
3.19781
3.19119
3.18634
3.18089
3.17277
3.1615
3.15324
3.15769
3.17823
3.21212
3.24631
3.52022
3.52546
3.51429
3.48395
3.44623
3.41027
3.3821
3.36234
3.3477
3.33691
3.32701
3.31655
3.30221
3.28039
3.24991
3.2145
3.18113
3.16516
3.18507
3.21641
3.58669
3.59195
3.56463
3.51984
3.48354
3.46555
3.4614
3.46302
3.46555
3.46767
3.46831
3.467
3.46254
3.45403
3.43708
3.4044
3.35203
3.29575
3.27755
3.29075
3.40675
3.35697
3.33686
3.3768
3.43889
3.50169
3.54792
3.57771
3.59622
3.61036
3.62076
3.63039
3.63991
3.65201
3.66865
3.69218
3.71724
3.73148
3.70306
3.6499
3.49785
3.48726
3.51209
3.57069
3.6326
3.68104
3.71417
3.73604
3.75068
3.76199
3.77137
3.78177
3.79285
3.80988
3.83404
3.86944
3.91752
3.96602
3.96974
3.92231
3.85235
3.91748
3.96124
3.95557
3.93528
3.91675
3.9097
3.9091
3.91064
3.91248
3.91454
3.91671
3.92077
3.92926
3.94319
3.96017
3.97959
3.99889
4.01242
4.00541
4.08586
4.14648
4.16828
4.14153
4.10705
4.08034
4.06554
4.05764
4.05441
4.05181
4.05
4.04677
4.04066
4.02756
4.00664
3.98192
3.9628
3.95627
3.96786
3.98588
4.12331
4.12484
4.13505
4.14898
4.16049
4.16918
4.17608
4.18256
4.18852
4.19168
4.19282
4.18938
4.18238
4.16537
4.13474
4.08553
4.02168
3.96481
3.95289
3.97758
4.23796
4.22382
4.23698
4.26752
4.29877
4.32134
4.33335
4.34099
4.34569
4.34866
4.35036
4.3503
4.3481
4.34528
4.34469
4.34338
4.33614
4.31907
4.28608
4.25134
4.57099
4.59408
4.61227
4.60046
4.57581
4.55011
4.5305
4.5197
4.51317
4.50929
4.50491
4.5004
4.49555
4.49383
4.50135
4.52529
4.56039
4.58506
4.56668
4.51443
4.82782
4.827
4.81264
4.77253
4.73088
4.70149
4.685
4.67644
4.67181
4.66738
4.66175
4.65373
4.64379
4.63297
4.62041
4.60505
4.58642
4.56751
4.56204
4.56505
4.91466
4.83325
4.79675
4.80895
4.82933
4.84687
4.85414
4.85225
4.84769
4.84305
4.83964
4.83552
4.83134
4.82353
4.80986
4.78247
4.74131
4.69932
4.68248
4.70189
5.10991
5.06602
5.04927
5.05788
5.06176
5.05578
5.04544
5.03419
5.02464
5.0178
5.01426
5.01428
5.01817
5.02633
5.04055
5.06065
5.08304
5.09555
5.07861
5.05373
5.24707
5.28788
5.29001
5.2664
5.24128
5.21611
5.19734
5.18625
5.17949
5.1756
5.1727
5.17286
5.17709
5.1886
5.21023
5.24647
5.29553
5.33965
5.34747
5.32464
5.26851
5.29392
5.301
5.30404
5.31136
5.31739
5.32008
5.32107
5.32195
5.32282
5.32518
5.32981
5.33665
5.34504
5.35314
5.35772
5.35849
5.35693
5.37337
5.40697
5.3668
5.37848
5.39627
5.41199
5.42716
5.44091
5.4511
5.45756
5.46166
5.46541
5.46945
5.47471
5.48056
5.48571
5.49212
5.50123
5.51526
5.53501
5.55311
5.57498
5.4821
5.49114
5.50972
5.53063
5.55343
5.57413
5.5896
5.59823
5.60251
5.60513
5.60781
5.61036
5.61143
5.60881
5.6007
5.58921
5.57676
5.5711
5.58666
5.62276
5.71131
5.7116
5.72092
5.72205
5.72217
5.72466
5.73025
5.73666
5.74223
5.7463
5.74934
5.75142
5.7532
5.75222
5.74288
5.71912
5.67934
5.63782
5.63242
5.66619
5.92954
5.90589
5.88316
5.86056
5.85163
5.85601
5.86648
5.87882
5.88946
5.89723
5.90166
5.90356
5.90191
5.89989
5.89752
5.89323
5.88765
5.88459
5.8747
5.86799
6.02512
5.96467
5.94041
5.97261
6.01073
6.03872
6.05381
6.06204
6.06677
6.07098
6.07386
6.07553
6.0746
6.07158
6.06575
6.05742
6.04593
6.0352
6.03268
6.03513
6.28089
6.31231
6.32297
6.31953
6.30548
6.28645
6.27
6.25903
6.25203
6.24886
6.24815
6.25037
6.25517
6.26597
6.28421
6.31105
6.33951
6.35604
6.34924
6.32313
6.55072
6.60898
6.61672
6.57103
6.51679
6.47327
6.44391
6.42582
6.4139
6.40715
6.40203
6.39988
6.40036
6.40745
6.4252
6.46122
6.51707
6.57326
6.58525
6.54362
6.66813
6.67983
6.67863
6.65624
6.62533
6.59748
6.57585
6.56049
6.55077
6.54434
6.53939
6.53532
6.5305
6.5211
6.50218
6.47766
6.45896
6.45813
6.48197
6.50356
6.60724
6.59934
6.60148
6.61259
6.63152
6.65059
6.66441
6.67262
6.67686
6.6788
6.67949
6.67881
6.67624
6.66636
6.64196
6.59801
6.53894
6.48982
6.48923
6.52988
6.56516
6.53286
6.55359
6.62026
6.69471
6.75369
6.7904
6.81139
6.82239
6.82926
6.83385
6.83772
6.8394
6.8419
6.84812
6.85621
6.85656
6.84721
6.82919
6.8138
6.85061
6.85617
6.88527
6.91035
6.93096
6.94724
6.9609
6.97323
6.98153
6.98822
6.99268
6.99853
7.00488
7.01717
7.03982
7.07669
7.12195
7.15974
7.1573
7.11406
7.26001
7.26094
7.24186
7.19778
7.15997
7.13805
7.1319
7.1347
7.1395
7.1435
7.14599
7.14921
7.15258
7.15946
7.16943
7.18432
7.20337
7.22025
7.2308
7.22379
7.54327
7.5114
7.4674
7.42754
7.38812
7.35489
7.33122
7.31623
7.30735
7.30213
7.29741
7.29241
7.28469
7.27206
7.25226
7.2304
7.21478
7.21172
7.22561
7.23946
7.63423
7.64476
7.63036
7.60924
7.57502
7.53862
7.50743
7.48318
7.46684
7.45564
7.44763
7.4391
7.4294
7.41469
7.38905
7.34691
7.29094
7.24383
7.24258
7.26767
7.57323
7.56993
7.5625
7.57148
7.58569
7.59854
7.60444
7.60489
7.60311
7.60142
7.60007
7.59898
7.59842
7.60043
7.60756
7.61789
7.62365
7.62102
7.60233
7.57033
7.57633
7.54883
7.55073
7.59802
7.65629
7.70387
7.73262
7.74781
7.75429
7.75769
7.75893
7.76063
7.76203
7.76838
7.78433
7.81901
7.86669
7.90521
7.89846
7.84757
7.82813
7.86
7.88144
7.89474
7.90495
7.91261
7.91916
7.92475
7.92732
7.92879
7.92919
7.92988
7.92966
7.92758
7.92028
7.91133
7.90171
7.89229
7.89207
7.89519
8.1536
8.20211
8.20467
8.16962
8.13517
8.11333
8.10468
8.1034
8.10389
8.1038
8.10363
8.10344
8.10363
8.1011
8.09002
8.0646
8.02747
7.99248
7.9816
8.00372
8.38639
8.40468
8.39996
8.38495
8.36121
8.33654
8.3162
8.30166
8.29163
8.28491
8.27961
8.27565
8.27385
8.27653
8.28507
8.29782
8.31344
8.32559
8.31417
8.29666
8.59192
8.61268
8.61688
8.60091
8.57081
8.53848
8.50977
8.48689
8.47019
8.45931
8.4524
8.44902
8.44723
8.44945
8.4572
8.47351
8.5
8.52902
8.53335
8.51227
8.63915
8.62799
8.62311
8.6235
8.62586
8.62817
8.62635
8.62201
8.61755
8.615
8.61549
8.62004
8.62908
8.6418
8.65196
8.65065
8.63184
8.60674
8.60696
8.63011
8.6453
8.61461
8.61557
8.65104
8.69181
8.72312
8.7402
8.74998
8.75542
8.7614
8.7686
8.7808
8.79686
8.82096
8.85361
8.89392
8.93541
8.96551
8.96427
8.9509
8.81782
8.83505
8.85033
8.85427
8.85502
8.85842
8.86572
8.87652
8.886
8.89685
8.90723
8.92035
8.93345
8.94988
8.97098
9.00319
9.04879
9.09514
9.11265
9.10491
8.92143
8.9416
8.94463
8.93622
8.93513
8.94815
8.96926
8.99144
9.00971
9.02522
9.03817
9.05035
9.05977
9.06337
9.05539
9.03238
8.99737
8.96597
8.97513
9.01547
8.97714
8.9596
8.97114
9.02691
9.08234
9.12265
9.14574
9.1594
9.16839
9.17548
9.17962
9.18076
9.17748
9.16666
9.14621
9.11729
9.08271
9.05396
9.04388
9.05606
9.37301
9.41007
9.43945
9.44309
9.42804
9.40411
9.38232
9.36608
9.35454
9.34557
9.33752
9.32783
9.31386
9.29312
9.26424
9.22909
9.18931
9.15067
9.12874
9.12695
9.71064
9.76469
9.77538
9.73314
9.67449
9.61912
9.57632
9.54479
9.52306
9.50764
9.4962
9.48485
9.47338
9.46066
9.44864
9.43891
9.42703
9.40918
9.38152
9.34667
9.73823
9.73109
9.72063
9.71761
9.71213
9.69985
9.68225
9.66534
9.65233
9.64387
9.63775
9.63367
9.62957
9.62977
9.63801
9.65581
9.68123
9.70526
9.69283
9.63541
9.71349
9.67926
9.67185
9.69807
9.73022
9.75396
9.76362
9.76618
9.76531
9.76457
9.76515
9.76835
9.77641
9.78895
9.80361
9.81653
9.82251
9.82351
9.82052
9.79701
9.80706
9.80539
9.80966
9.82321
9.84293
9.86164
9.87333
9.87787
9.87745
9.87566
9.87375
9.87396
9.87588
9.8815
9.88984
9.89934
9.91021
9.91713
9.91506
9.89995
9.92326
9.93358
9.93966
9.9534
9.97003
9.98586
9.99656
9.99877
9.99502
9.98837
9.98075
9.97066
9.95788
9.9377
9.90766
9.87201
9.84229
9.82334
9.82527
9.83835
10.0875
10.1169
10.1253
10.1233
10.1207
10.1191
10.1184
10.1155
10.1107
10.1024
10.093
10.0802
10.063
10.0356
9.99383
9.93156
9.85517
9.78558
9.76803
9.79019
10.1709
10.2011
10.1991
10.1874
10.1895
10.2018
10.2155
10.2249
10.2296
10.2279
10.2226
10.2116
10.1967
10.1768
10.1581
10.1419
10.1231
10.1013
10.0739
10.0478
10.1707
10.1555
10.1617
10.2155
10.2753
10.3229
10.3527
10.3689
10.3757
10.3772
10.3754
10.3723
10.3669
10.3636
10.3665
10.3807
10.4079
10.438
10.4347
10.3922
10.4743
10.5153
10.5418
10.5487
10.5459
10.5417
10.5401
10.5405
10.5404
10.5398
10.5405
10.5433
10.5525
10.5686
10.5897
10.6123
10.6307
10.6452
10.6573
10.6414
10.7258
10.7828
10.7884
10.7528
10.7167
10.6957
10.689
10.6887
10.6907
10.6936
10.6975
10.7045
10.7148
10.7324
10.7584
10.7919
10.8292
10.8624
10.8848
10.8727
10.7637
10.7659
10.7502
10.7506
10.765
10.7888
10.8125
10.832
10.8474
10.8595
10.8696
10.8781
10.8861
10.8911
10.893
10.8973
10.9091
10.929
10.9612
10.9752
10.9359
10.9201
10.912
10.9347
10.9661
10.9965
11.0195
11.0365
11.0492
11.0601
11.0712
11.0841
11.0981
11.1111
11.1175
11.1096
11.0894
11.0702
11.0851
11.1049
11.4256
11.4623
11.4649
11.4369
11.3937
11.3515
11.3206
11.3018
11.2917
11.2885
11.2915
11.3005
11.317
11.3421
11.3785
11.4234
11.4679
11.5001
11.5051
11.4702
11.8851
11.9422
11.9229
11.8438
11.7461
11.6573
11.5927
11.5497
11.5231
11.5088
11.5032
11.5068
11.516
11.5358
11.5697
11.6258
11.7029
11.7773
11.8022
11.7532
12.0502
12.0481
12.0025
11.9519
11.897
11.8426
11.7955
11.7589
11.7338
11.7186
11.7115
11.7107
11.7148
11.7198
11.7208
11.7195
11.7229
11.7393
11.7712
11.7729
12.1433
12.1248
12.0886
12.0676
12.046
12.0183
11.9875
11.961
11.9415
11.9297
11.9256
11.9287
11.9362
11.9439
11.9445
11.928
11.8943
11.8625
11.8635
11.868
12.3181
12.3392
12.3262
12.3013
12.2706
12.2359
12.2023
12.1744
12.1551
12.1461
12.1472
12.1583
12.1784
12.2074
12.2448
12.2847
12.312
12.3199
12.2958
12.2332
12.4591
12.501
12.503
12.4897
12.4638
12.4303
12.397
12.3681
12.3476
12.3396
12.3435
12.3628
12.3957
12.4457
12.5086
12.5815
12.6536
12.7072
12.6919
12.5916
12.5871
12.6578
12.6783
12.6651
12.6315
12.5884
12.5483
12.5175
12.4978
12.4896
12.4921
12.5071
12.535
12.5764
12.6275
12.6816
12.7298
12.7623
12.7581
12.69
12.5626
12.6377
12.6689
12.6693
12.661
12.6453
12.6267
12.6103
12.5994
12.5947
12.5962
12.604
12.6147
12.6252
12.6334
12.6384
12.641
12.6402
12.6266
12.5808
12.3695
12.406
12.4709
12.568
12.6493
12.6911
12.6998
12.6928
12.6839
12.6777
12.6753
12.6751
12.673
12.6601
12.628
12.5675
12.4829
12.3931
12.3336
12.3056
12.4049
12.4978
12.6033
12.6805
12.7328
12.7538
12.7546
12.7461
12.7366
12.7283
12.7219
12.7144
12.7052
12.6868
12.653
12.593
12.5007
12.3874
12.2727
12.196
12.3086
12.4124
12.5146
12.5742
12.6312
12.6769
12.7065
12.7211
12.7264
12.7263
12.7214
12.7111
12.6936
12.6661
12.6313
12.5898
12.5492
12.5043
12.3858
12.2534
11.9577
11.9952
12.0976
12.2211
12.3651
12.4936
12.5849
12.6412
12.6737
12.6883
12.6882
12.672
12.6402
12.5886
12.5193
12.4393
12.3666
12.3158
12.2225
12.1459
11.792
11.7896
11.9061
12.0535
12.2326
12.3978
12.5208
12.601
12.6487
12.6704
12.6716
12.6517
12.6101
12.5434
12.4502
12.3276
12.189
12.0676
11.9632
11.9783
12.1197
12.1283
12.231
12.2864
12.3783
12.4867
12.5841
12.6556
12.6992
12.7169
12.7141
12.6883
12.6437
12.5754
12.4878
12.3881
12.2928
12.2252
12.1265
12.1638
12.7915
12.7564
12.8015
12.7237
12.6914
12.7148
12.7643
12.8112
12.8425
12.8545
12.8501
12.8292
12.7906
12.7377
12.6806
12.6342
12.6161
12.6281
12.5618
12.6598
13.6197
13.4677
13.4759
13.3173
13.1907
13.1319
13.1175
13.1181
13.1215
13.1219
13.1194
13.1134
13.1069
13.1044
13.1184
13.1725
13.2778
13.4077
13.3732
13.5295
14.5503
14.2827
14.2937
14.0636
13.8431
13.6957
13.6128
13.5658
13.5392
13.5274
13.5271
13.5429
13.5727
13.6299
13.7217
13.8733
14.0943
14.3259
14.3062
14.5464
15.3869
14.9843
15.0505
14.82
14.5664
14.3669
14.2328
14.1478
14.0975
14.0741
14.0757
14.1046
14.1636
14.2636
14.4089
14.6181
14.8672
15.0835
15.0091
15.3923
16.034
15.5183
15.7175
15.5104
15.2389
15.0164
14.862
14.7624
14.7023
14.6749
14.6751
14.709
14.7733
14.884
15.0492
15.2791
15.549
15.7603
15.5683
16.0663
16.072
15.3261
15.7204
15.6753
15.511
15.3588
15.2519
15.1821
15.1395
15.1199
15.1202
15.1425
15.1879
15.2648
15.3735
15.5232
15.6871
15.749
15.3703
16.1099
15.5134
14.3935
15.0032
15.1859
15.1974
15.1601
15.1281
15.1077
15.0941
15.0891
15.0892
15.0997
15.1151
15.1412
15.1723
15.1985
15.1807
15.0035
14.4048
15.5371
14.9681
13.2383
13.9827
14.3222
14.4473
14.4845
14.5018
14.5137
14.5194
14.5231
14.5251
14.5248
14.5209
14.5093
14.4846
14.4316
14.2897
13.9426
13.2139
14.9882
15.5142
12.9995
13.7337
14.0056
14.0675
14.0686
14.068
14.0699
14.0706
14.0724
14.0746
14.0783
14.0774
14.0808
14.0733
14.0696
13.9924
13.7233
13.0007
15.5396
18.1513
14.1848
14.6302
14.7433
14.6863
14.6263
14.5968
14.5827
14.5775
14.5735
14.5764
14.577
14.581
14.5999
14.6248
14.695
14.7639
14.6638
14.212
18.1289
22.2237
13.8584
13.851
14.4217
14.5702
14.5821
14.5843
14.5861
14.5866
14.5868
14.5874
14.5882
14.5875
14.588
14.5867
14.5775
14.4344
13.8686
13.8742
22.2281
-0.0282297
-0.0295608
-0.0263105
-0.015129
-0.00696515
-0.00226705
0.000276729
0.00191858
0.0031235
0.00326959
0.00247166
0.000633421
-0.00202057
-0.00528497
-0.0100151
-0.0171133
-0.0280437
-0.0426264
-0.0457776
-0.0368463
-0.0370423
-0.0232249
-0.00237169
0.0238405
0.0424772
0.0508307
0.0525451
0.0525816
0.0530046
0.0531068
0.0531326
0.0519908
0.0514906
0.0494866
0.0441073
0.0301612
0.00467596
-0.0276959
-0.0489023
-0.0534289
0.0779383
0.0850543
0.0925799
0.0982047
0.103441
0.10837
0.11235
0.115074
0.116466
0.116174
0.114412
0.110931
0.105874
0.0993837
0.0918038
0.0829883
0.0741734
0.0664851
0.0588168
0.0533053
0.166959
0.17299
0.181284
0.187689
0.190394
0.189864
0.187498
0.184557
0.181559
0.178488
0.17473
0.169888
0.16383
0.155784
0.145514
0.133898
0.122189
0.112831
0.110119
0.113515
0.251275
0.255105
0.259386
0.260669
0.259564
0.256713
0.25322
0.249879
0.246958
0.244255
0.241366
0.238206
0.234048
0.229413
0.223988
0.218211
0.212621
0.208313
0.206777
0.207128
0.300977
0.298921
0.297362
0.297373
0.298859
0.301355
0.304074
0.306483
0.30788
0.309099
0.309751
0.310518
0.311281
0.312671
0.314764
0.317166
0.318619
0.319168
0.316883
0.310278
0.335485
0.327556
0.324985
0.330027
0.338714
0.348785
0.357834
0.365071
0.370001
0.373633
0.376445
0.379723
0.383044
0.387595
0.392662
0.39754
0.400842
0.40148
0.399444
0.394892
0.420223
0.421715
0.423534
0.42594
0.428948
0.432217
0.43487
0.437208
0.438874
0.440309
0.441224
0.442104
0.443574
0.445928
0.449125
0.453554
0.458418
0.461576
0.461111
0.457818
0.521477
0.533122
0.538786
0.536315
0.530034
0.522274
0.515729
0.510909
0.508007
0.505833
0.504067
0.50196
0.499172
0.49573
0.491723
0.487882
0.485697
0.485356
0.487265
0.490947
0.579995
0.582018
0.583019
0.581174
0.578579
0.576164
0.574676
0.573471
0.572576
0.571428
0.569977
0.567194
0.563226
0.556568
0.547396
0.536321
0.52541
0.518152
0.519526
0.528131
0.638933
0.630879
0.627671
0.628413
0.631508
0.635952
0.639651
0.641942
0.6429
0.642949
0.642507
0.641614
0.640025
0.637687
0.634595
0.630287
0.625343
0.621311
0.619631
0.618852
0.730497
0.731297
0.732114
0.731045
0.728685
0.725879
0.722742
0.720381
0.718619
0.717891
0.717599
0.718124
0.719865
0.723221
0.728547
0.735408
0.741337
0.744167
0.740526
0.730174
0.806946
0.812547
0.815057
0.811064
0.804019
0.796596
0.790586
0.7866
0.784386
0.783488
0.783538
0.784937
0.787273
0.791605
0.797577
0.804773
0.811595
0.815566
0.814129
0.807104
0.842853
0.835322
0.834216
0.836868
0.840117
0.84313
0.845065
0.845615
0.845267
0.844712
0.843945
0.842928
0.84219
0.841608
0.841674
0.843145
0.845954
0.848962
0.850535
0.850563
0.89345
0.886902
0.885139
0.887336
0.892045
0.897477
0.902211
0.905318
0.906983
0.907194
0.906831
0.905364
0.902386
0.897112
0.889609
0.880688
0.872574
0.867238
0.869003
0.878831
0.959908
0.954822
0.951444
0.952041
0.955565
0.960662
0.966192
0.97099
0.974524
0.976518
0.977494
0.977259
0.97647
0.973876
0.969139
0.961667
0.952204
0.943742
0.942286
0.949341
1.0558
1.05616
1.0556
1.055
1.05415
1.05286
1.05199
1.05173
1.05221
1.053
1.0541
1.05572
1.05778
1.06132
1.06622
1.07104
1.07467
1.07599
1.07313
1.06613
1.148
1.15703
1.16187
1.15946
1.15261
1.14363
1.13564
1.12998
1.12674
1.12557
1.12587
1.12763
1.13133
1.13711
1.14544
1.15625
1.16745
1.17556
1.17488
1.16537
1.18437
1.18381
1.1852
1.18598
1.18597
1.18545
1.18485
1.18431
1.18411
1.18417
1.18464
1.18573
1.18711
1.18938
1.19258
1.19719
1.20286
1.20809
1.2111
1.21166
1.21419
1.20382
1.20079
1.20572
1.21424
1.22397
1.23217
1.23806
1.24162
1.24354
1.24425
1.24344
1.24131
1.23665
1.22988
1.22232
1.21579
1.21258
1.21713
1.22898
1.29194
1.28874
1.28734
1.2897
1.29398
1.29881
1.30314
1.30654
1.30886
1.30997
1.31025
1.3095
1.30742
1.30317
1.29635
1.28653
1.27576
1.26723
1.26773
1.27663
1.39387
1.39848
1.39699
1.39269
1.38859
1.3853
1.38349
1.383
1.38318
1.3835
1.38326
1.38219
1.38095
1.37949
1.37818
1.37654
1.37458
1.37328
1.37227
1.36852
1.487
1.49123
1.48918
1.48417
1.47862
1.47316
1.46846
1.46491
1.46276
1.4617
1.46149
1.4619
1.46233
1.4636
1.46565
1.46817
1.47095
1.47369
1.47364
1.46751
1.56377
1.57078
1.5723
1.56823
1.5609
1.5528
1.54545
1.5398
1.53622
1.5346
1.53446
1.53563
1.53838
1.54248
1.54777
1.55371
1.55868
1.56134
1.5609
1.55681
1.60195
1.6039
1.60543
1.60606
1.6047
1.60239
1.60014
1.59827
1.59703
1.59631
1.59627
1.59725
1.59903
1.60249
1.60721
1.61323
1.62006
1.62522
1.62619
1.62357
1.62722
1.61946
1.61835
1.62496
1.63427
1.64324
1.64995
1.65405
1.6559
1.65647
1.65625
1.65539
1.6542
1.65245
1.65066
1.64974
1.65061
1.65298
1.65555
1.65785
1.68995
1.68601
1.68583
1.68978
1.69642
1.70371
1.70999
1.7144
1.71718
1.71834
1.71873
1.71804
1.71591
1.71162
1.70518
1.69682
1.6889
1.68418
1.6858
1.69323
1.77019
1.77126
1.77051
1.76967
1.77031
1.77233
1.77577
1.77948
1.7829
1.78552
1.78738
1.78832
1.78906
1.78878
1.78771
1.7856
1.78247
1.77984
1.77832
1.77859
1.85045
1.84921
1.8476
1.84767
1.84795
1.84833
1.84988
1.85229
1.85511
1.85778
1.86029
1.86304
1.86601
1.87026
1.87586
1.88232
1.88777
1.89014
1.88627
1.87783
1.9483
1.94899
1.94965
1.94823
1.94443
1.93959
1.93543
1.93264
1.9311
1.93062
1.93069
1.93133
1.93278
1.93503
1.93837
1.94274
1.94698
1.94913
1.947
1.94231
2.03932
2.04141
2.04086
2.03582
2.02851
2.02096
2.01395
2.00796
2.00349
1.99983
1.99687
1.99405
1.99093
1.98772
1.98449
1.982
1.98121
1.9817
1.98209
1.98361
2.10657
2.11008
2.10966
2.10515
2.09815
2.09047
2.08313
2.07692
2.07217
2.06844
2.06526
2.06187
2.05821
2.053
2.04592
2.03729
2.02867
2.02283
2.02318
2.03052
2.13809
2.13948
2.14085
2.14168
2.14135
2.14023
2.13846
2.13664
2.13495
2.13377
2.13308
2.13283
2.13264
2.13271
2.13267
2.13188
2.13019
2.12816
2.12636
2.12507
2.15768
2.15094
2.15112
2.15815
2.16802
2.17813
2.18586
2.19124
2.19415
2.19622
2.19762
2.19969
2.20274
2.20756
2.21447
2.2229
2.23056
2.23478
2.23176
2.22198
2.21787
2.2162
2.21701
2.2212
2.2282
2.23627
2.24348
2.24914
2.25309
2.25574
2.25753
2.25933
2.26099
2.26333
2.26604
2.26906
2.27184
2.27376
2.27378
2.27207
2.2994
2.30337
2.30431
2.30411
2.3051
2.30725
2.31058
2.31407
2.31708
2.31924
2.32047
2.32045
2.31927
2.31637
2.31204
2.30679
2.30168
2.29839
2.29968
2.30648
2.38491
2.38671
2.38819
2.38981
2.39074
2.39078
2.39087
2.39092
2.39091
2.39043
2.38975
2.38842
2.38614
2.38245
2.3774
2.37145
2.36623
2.36295
2.36238
2.3652
2.48458
2.48909
2.49203
2.49051
2.48602
2.48033
2.47492
2.47071
2.46768
2.4655
2.46339
2.46107
2.4586
2.45569
2.45227
2.44855
2.445
2.44253
2.44169
2.44202
2.57103
2.57518
2.57608
2.57035
2.56221
2.55447
2.54785
2.54313
2.54008
2.53834
2.53716
2.53658
2.53623
2.53696
2.53862
2.54113
2.54369
2.54523
2.5442
2.54007
2.62582
2.6248
2.62485
2.6232
2.62014
2.61641
2.61266
2.6098
2.60745
2.60641
2.60578
2.60644
2.60817
2.61188
2.61765
2.62525
2.63322
2.63922
2.63889
2.63135
2.6577
2.64816
2.6466
2.65153
2.65782
2.66351
2.66703
2.66868
2.66897
2.66915
2.66943
2.67038
2.67154
2.67363
2.67597
2.67846
2.68029
2.68122
2.68326
2.68704
2.70609
2.69964
2.69742
2.70039
2.70653
2.7143
2.72114
2.72642
2.72961
2.73188
2.73329
2.73455
2.73554
2.73655
2.73769
2.73957
2.7422
2.74499
2.74727
2.75055
2.77334
2.76893
2.76467
2.76507
2.76892
2.77526
2.7822
2.78872
2.79368
2.79725
2.79967
2.80157
2.8024
2.80229
2.80124
2.79999
2.79896
2.79873
2.80046
2.80478
2.87671
2.8789
2.87665
2.87398
2.8711
2.86866
2.86738
2.86756
2.86849
2.87004
2.87145
2.87321
2.87497
2.87622
2.87588
2.87355
2.86872
2.86324
2.86177
2.86624
2.98509
2.99648
2.9995
2.9932
2.98156
2.96809
2.95659
2.9487
2.94402
2.94166
2.9405
2.94058
2.94141
2.94375
2.94678
2.95029
2.95347
2.95502
2.95213
2.94676
3.03717
3.03937
3.04033
3.03744
3.03137
3.02369
3.01632
3.01049
3.00617
3.00344
3.00102
2.9989
2.99626
2.99383
2.99204
2.99215
2.99416
2.99649
2.99627
2.99444
3.0613
3.05306
3.05193
3.05639
3.06159
3.06565
3.06692
3.06619
3.06437
3.06246
3.06035
3.05786
3.05394
3.04844
3.04083
3.03163
3.02195
3.0153
3.01658
3.02535
3.09909
3.09546
3.09579
3.1015
3.10932
3.117
3.12217
3.12501
3.12564
3.12526
3.1239
3.12208
3.11937
3.11583
3.111
3.10519
3.09903
3.09529
3.09557
3.09738
3.15392
3.15247
3.15104
3.15519
3.16277
3.17161
3.17923
3.18506
3.18859
3.19068
3.19163
3.19247
3.19288
3.19396
3.19537
3.19746
3.19943
3.20071
3.19909
3.19166
3.24306
3.24617
3.24408
3.24367
3.24548
3.2486
3.2519
3.255
3.25726
3.25924
3.2607
3.26263
3.26496
3.26851
3.27268
3.27741
3.28126
3.2828
3.28084
3.27485
3.3381
3.34685
3.34718
3.34169
3.33541
3.33043
3.32752
3.32638
3.3261
3.32609
3.32597
3.32626
3.32692
3.32902
3.332
3.33634
3.34127
3.34448
3.34408
3.34136
3.40806
3.41203
3.41364
3.41069
3.40541
3.40022
3.39641
3.39411
3.39274
3.39188
3.3908
3.38943
3.38737
3.38505
3.38237
3.38035
3.37975
3.38042
3.38277
3.38643
3.4677
3.46901
3.46919
3.46772
3.46537
3.463
3.46133
3.46046
3.46005
3.45988
3.45965
3.45901
3.45718
3.45369
3.44802
3.44079
3.43376
3.42958
3.43239
3.44044
3.52676
3.52073
3.51757
3.51893
3.52244
3.52652
3.5297
3.53176
3.53272
3.53347
3.53406
3.53507
3.5365
3.53837
3.54009
3.54177
3.54267
3.5433
3.54327
3.54072
3.62187
3.62299
3.62354
3.62169
3.61896
3.61591
3.61279
3.61045
3.60892
3.60856
3.6089
3.61076
3.61402
3.62032
3.62924
3.64049
3.65129
3.65825
3.65629
3.64426
3.69983
3.7067
3.70961
3.70492
3.69727
3.68941
3.68321
3.6794
3.67753
3.67737
3.678
3.67974
3.6822
3.68596
3.69035
3.69541
3.70015
3.70333
3.70415
3.70217
3.73541
3.73093
3.73054
3.73242
3.73494
3.73749
3.73926
3.74011
3.7406
3.74153
3.74306
3.7452
3.747
3.74796
3.74694
3.74375
3.73964
3.73652
3.73821
3.74592
3.78579
3.783
3.78285
3.78505
3.78909
3.79363
3.79723
3.79978
3.80129
3.80268
3.8041
3.80567
3.80727
3.80866
3.80937
3.80954
3.80909
3.80829
3.80796
3.80907
3.84606
3.84622
3.84589
3.84748
3.85041
3.85382
3.85686
3.8594
3.86094
3.8617
3.86144
3.86071
3.85899
3.85734
3.85609
3.85621
3.85753
3.85882
3.85847
3.85492
3.92435
3.93029
3.93218
3.93245
3.93155
3.92988
3.92804
3.92658
3.92549
3.92437
3.92273
3.92016
3.91618
3.91021
3.90174
3.89151
3.88055
3.87251
3.87264
3.87845
4.00063
4.00937
4.01232
4.00878
4.00307
3.99801
3.99476
3.99292
3.99173
3.99062
3.98918
3.98717
3.98389
3.97952
3.97369
3.96636
3.95881
3.95353
3.9521
3.95184
4.05824
4.05403
4.05331
4.05489
4.05701
4.05968
4.06212
4.06374
4.06425
4.06428
4.06399
4.06363
4.06353
4.06407
4.06515
4.06707
4.06854
4.06883
4.06541
4.05575
4.1496
4.15208
4.1545
4.15438
4.15249
4.14903
4.14523
4.14222
4.14034
4.13962
4.14001
4.14198
4.14498
4.14994
4.15618
4.16283
4.16821
4.17001
4.1659
4.15653
4.22671
4.23511
4.23957
4.23633
4.2292
4.22106
4.21438
4.21001
4.20802
4.20769
4.2088
4.21108
4.21539
4.22177
4.23
4.23984
4.24911
4.25459
4.25187
4.24396
4.26353
4.25971
4.26129
4.26467
4.26748
4.26931
4.27021
4.27014
4.27001
4.27034
4.27154
4.27393
4.27705
4.28136
4.28635
4.29144
4.29617
4.2993
4.29864
4.29655
4.3182
4.31628
4.31823
4.32166
4.32537
4.32852
4.33066
4.33183
4.33255
4.33321
4.33449
4.3356
4.33711
4.33748
4.33634
4.33399
4.33074
4.3275
4.32672
4.33187
4.38551
4.38558
4.38697
4.38951
4.39175
4.39326
4.39422
4.39501
4.39565
4.39615
4.39673
4.39762
4.39802
4.39759
4.39582
4.39201
4.38779
4.38396
4.38198
4.38419
4.46699
4.47307
4.47691
4.47871
4.47741
4.47352
4.46868
4.46461
4.4619
4.46034
4.4596
4.45892
4.45858
4.45746
4.45554
4.45238
4.44787
4.44338
4.44053
4.43976
4.53197
4.54186
4.54837
4.54821
4.54366
4.53691
4.53029
4.52486
4.52106
4.51887
4.51776
4.51756
4.51713
4.51701
4.51678
4.51562
4.51385
4.51102
4.5069
4.50165
4.55318
4.54875
4.55223
4.56012
4.56739
4.57271
4.57513
4.57528
4.57417
4.573
4.57184
4.57032
4.5691
4.56763
4.56601
4.56506
4.56473
4.56394
4.55993
4.55275
4.58798
4.5847
4.58748
4.5956
4.60573
4.61476
4.62101
4.62449
4.62592
4.62608
4.62578
4.62519
4.62316
4.61915
4.61232
4.60223
4.59103
4.58173
4.5795
4.58347
4.63876
4.63752
4.63802
4.64454
4.65417
4.66398
4.67194
4.67752
4.68102
4.68268
4.68361
4.68321
4.68296
4.68146
4.67867
4.6741
4.66749
4.66139
4.65766
4.65412
4.72167
4.72661
4.72859
4.73258
4.73762
4.74134
4.74341
4.74395
4.74375
4.74297
4.74194
4.74105
4.74004
4.74012
4.74143
4.74321
4.74473
4.74466
4.74017
4.72804
4.81105
4.82367
4.82888
4.82851
4.8259
4.82151
4.81684
4.81229
4.80843
4.80469
4.80135
4.79729
4.79343
4.78852
4.78339
4.77869
4.77497
4.77285
4.77225
4.7694
4.86142
4.86172
4.86056
4.85951
4.86046
4.86264
4.86483
4.86579
4.86563
4.86429
4.8625
4.86009
4.8564
4.85063
4.84262
4.83243
4.82304
4.81763
4.81926
4.82451
4.92548
4.91546
4.90712
4.90542
4.90982
4.91808
4.92591
4.93155
4.9347
4.936
4.93662
4.93652
4.93719
4.93771
4.93848
4.93931
4.93995
4.94155
4.94241
4.93951
5.04899
5.04842
5.04164
5.03333
5.02728
5.02367
5.02149
5.02006
5.0189
5.01833
5.01848
5.02063
5.02425
5.03109
5.04117
5.05391
5.06751
5.07886
5.08076
5.07008
5.18209
5.19299
5.18913
5.17331
5.1545
5.13698
5.12325
5.11348
5.10716
5.10357
5.10232
5.10334
5.10711
5.11343
5.12269
5.1347
5.14799
5.16045
5.16706
5.16408
5.27253
5.27737
5.26964
5.25257
5.2339
5.21772
5.20549
5.19653
5.19053
5.18708
5.18614
5.18797
5.19169
5.19739
5.20472
5.21339
5.22328
5.23366
5.24219
5.24591
5.3556
5.35459
5.34588
5.332
5.31746
5.30506
5.29469
5.28633
5.28013
5.27675
5.2763
5.27905
5.2851
5.29381
5.30492
5.31767
5.33098
5.34318
5.3491
5.34672
5.45324
5.46387
5.46439
5.45218
5.43369
5.41352
5.39517
5.38066
5.37076
5.36573
5.36516
5.36973
5.37856
5.39186
5.40811
5.42557
5.44161
5.45344
5.45594
5.44823
5.51039
5.53047
5.53962
5.53114
5.51272
5.49114
5.47192
5.45739
5.44824
5.44477
5.44655
5.45417
5.46725
5.48554
5.50771
5.53102
5.55102
5.56289
5.55952
5.54233
5.50913
5.52457
5.53789
5.54375
5.54173
5.53463
5.52587
5.51779
5.51215
5.51081
5.51396
5.52298
5.53694
5.55612
5.57855
5.60153
5.61987
5.62763
5.61614
5.59052
5.51867
5.54742
5.57157
5.58538
5.58984
5.58615
5.57841
5.57072
5.56539
5.56413
5.5669
5.57416
5.5844
5.59577
5.60611
5.61204
5.61028
5.59867
5.57797
5.55716
5.52304
5.56337
5.5981
5.61835
5.62701
5.62563
5.61916
5.61205
5.60703
5.60492
5.6057
5.60871
5.61259
5.61437
5.6119
5.60224
5.58387
5.55749
5.52412
5.49425
5.50383
5.543
5.58626
5.61999
5.64275
5.65271
5.65319
5.64871
5.64329
5.63868
5.63509
5.63177
5.62674
5.61687
5.60004
5.5729
5.53684
5.49515
5.45053
5.41419
5.46737
5.50895
5.56177
5.60741
5.64258
5.66386
5.67271
5.67311
5.66984
5.66468
5.65862
5.64992
5.63804
5.61895
5.59123
5.55358
5.50739
5.4579
5.406
5.36491
5.4176
5.45258
5.50695
5.55973
5.60847
5.64646
5.67141
5.68449
5.68956
5.68913
5.68474
5.67606
5.66165
5.6393
5.60903
5.56964
5.52382
5.47594
5.4213
5.37861
5.4177
5.43493
5.47944
5.52913
5.58569
5.63887
5.67979
5.70601
5.72025
5.72534
5.72423
5.71634
5.7029
5.68102
5.65177
5.61644
5.57725
5.53728
5.48848
5.46067
5.55772
5.56106
5.58908
5.61087
5.64617
5.68939
5.72868
5.7569
5.77416
5.782
5.78282
5.77746
5.7656
5.74789
5.72707
5.70593
5.68894
5.67358
5.64126
5.63522
5.84731
5.8259
5.83164
5.81115
5.80363
5.81467
5.8348
5.85331
5.86652
5.87304
5.8746
5.87091
5.86453
5.85601
5.84993
5.85224
5.86546
5.88259
5.87212
5.89869
6.2518
6.18946
6.17592
6.11242
6.05373
6.01852
6.00467
6.00131
6.00189
6.00266
6.00362
6.00635
6.01018
6.01959
6.03787
6.07123
6.12279
6.17677
6.1868
6.25676
6.69768
6.5911
6.57396
6.47332
6.36245
6.27746
6.2238
6.19189
6.17446
6.16681
6.16696
6.17567
6.1944
6.2277
6.27909
6.35575
6.45342
6.54349
6.55971
6.67162
7.02107
6.851
6.86122
6.76121
6.63073
6.51969
6.4424
6.3922
6.36175
6.3478
6.34679
6.36209
6.39144
6.44295
6.51926
6.62348
6.74213
6.83373
6.82596
6.99504
7.08303
6.81282
6.88186
6.84415
6.75582
6.66737
6.59947
6.55341
6.52464
6.51133
6.51078
6.52449
6.55273
6.60015
6.66873
6.75849
6.84691
6.88611
6.81746
7.07603
6.8939
6.47337
6.61934
6.67899
6.67223
6.64256
6.61468
6.59457
6.58089
6.57536
6.5753
6.58399
6.59819
6.62104
6.65063
6.67878
6.68452
6.62262
6.47549
6.89285
6.68429
6.02774
6.24338
6.39203
6.4542
6.47255
6.4778
6.48116
6.4825
6.48418
6.48586
6.48764
6.48969
6.48936
6.48374
6.46072
6.39458
6.24512
6.03455
6.70012
6.95734
5.97116
6.21248
6.34907
6.38541
6.38363
6.37839
6.37679
6.37606
6.37628
6.37734
6.37938
6.38062
6.38507
6.38667
6.38783
6.34741
6.21902
5.9882
6.98475
8.19479
6.43768
6.56198
6.63138
6.6089
6.57066
6.54771
6.53633
6.53145
6.52804
6.52928
6.53008
6.53369
6.54688
6.56636
6.60764
6.63406
6.57075
6.44724
8.19086
10.4126
5.9887
6.05275
6.41197
6.49772
6.49983
6.49919
6.4995
6.49932
6.49928
6.49945
6.50031
6.50007
6.50077
6.50157
6.50021
6.41658
6.05907
5.99427
10.4129
)
;

boundaryField
{
    fixedWalls_1
    {
        type            zeroGradient;
    }
    frontAndBack_1
    {
        type            empty;
    }
    inlet_1
    {
        type            zeroGradient;
    }
    outlet_1
    {
        type            fixedValue;
        value           uniform 0;
    }
    fixedWalls_2
    {
        type            zeroGradient;
    }
    frontAndBack_2
    {
        type            empty;
    }
    inlet_2
    {
        type            zeroGradient;
    }
    outlet_2
    {
        type            fixedValue;
        value           uniform 0;
    }
    fixedWalls_3
    {
        type            zeroGradient;
    }
    frontAndBack_3
    {
        type            empty;
    }
    inlet_3
    {
        type            zeroGradient;
    }
    outlet_3
    {
        type            fixedValue;
        value           uniform 0;
    }
    fixedWalls_4
    {
        type            zeroGradient;
    }
    frontAndBack_4
    {
        type            empty;
    }
    inlet_4
    {
        type            zeroGradient;
    }
    outlet_4
    {
        type            fixedValue;
        value           uniform 0;
    }
    fixedWalls_5
    {
        type            zeroGradient;
    }
    frontAndBack_5
    {
        type            empty;
    }
    inlet_5
    {
        type            zeroGradient;
    }
    outlet_5
    {
        type            fixedValue;
        value           uniform 0;
    }
}


// ************************************************************************* //
