/*--------------------------------*- C++ -*----------------------------------*\
  =========                 |
  \\      /  F ield         | OpenFOAM: The Open Source CFD Toolbox
   \\    /   O peration     | Website:  https://openfoam.org
    \\  /    A nd           | Version:  6
     \\/     M anipulation  |
\*---------------------------------------------------------------------------*/
FoamFile
{
    version     2.0;
    format      ascii;
    class       volScalarField;
    location    "28";
    object      epsilon;
}
// * * * * * * * * * * * * * * * * * * * * * * * * * * * * * * * * * * * * * //

dimensions      [0 2 -3 0 0 0 0];

internalField   nonuniform List<scalar> 
10000
(
266.762
360.295
238.872
157.14
104.327
71.858
52.6803
41.7332
35.8587
33.3882
33.5528
36.3375
42.4408
53.4955
72.5134
104.39
155.872
236.477
357.328
265.96
266.388
360.083
238.755
156.995
104.108
71.7065
52.6026
41.7061
35.8445
33.3895
33.5522
36.2962
42.3196
53.2151
72.0994
103.751
155.11
235.876
357.121
265.917
266.323
359.955
238.68
156.94
103.493
71.2514
52.348
41.6492
35.785
33.3808
33.5512
36.3548
42.4352
53.3181
72.1991
104.38
155.857
236.179
356.989
265.807
266.221
359.828
238.52
156.873
104.224
71.7743
52.6511
41.7051
35.843
33.3832
33.5221
36.3439
42.4507
53.3543
72.1623
104.244
155.252
236.325
357.212
265.904
266.297
359.689
238.406
156.735
103.657
71.3261
52.4222
41.5597
35.8449
33.3824
33.5239
36.324
42.4361
53.5092
72.2209
103.735
155.954
236.802
357.518
266.239
266.249
359.667
237.896
156.549
104.265
71.7247
52.6439
41.6094
35.8166
33.3794
33.5251
36.3
42.3956
53.4989
72.5209
103.95
155.297
236.304
357.561
266.436
266.452
359.663
238.326
155.931
104.195
71.29
52.559
41.5753
35.8183
33.3749
33.5121
36.2319
42.2283
53.3882
72.4867
104.318
155.627
236.85
357.991
266.494
266.583
359.711
238.261
156.702
104.175
71.7924
52.4179
41.5784
35.8197
33.3678
33.4979
36.2153
42.2066
53.2083
72.3481
104.219
155.894
236.404
357.996
266.616
266.657
359.587
237.67
156.499
103.996
71.6677
52.5663
41.6534
35.839
33.3576
33.487
36.184
42.1467
53.0402
72.1969
103.981
155.699
236.577
358.003
266.661
266.837
359.705
237.989
156.301
103.282
71.4849
52.4776
41.5171
35.8136
33.3428
33.4564
36.1498
42.0904
52.9774
72.0133
103.719
154.892
236.549
357.872
266.647
267.144
359.701
237.726
156.033
103.223
71.0468
52.358
41.588
35.7649
33.308
33.4349
36.1132
42.039
52.9062
71.8372
103.081
154.968
236.85
358.065
266.604
267.138
359.605
237.008
155.726
103.064
71.0109
52.1249
41.5261
35.7459
33.2749
33.3871
36.0561
41.9715
52.8897
71.6591
103.058
155.164
236.703
358.485
266.745
266.961
359.489
237.073
154.957
103.068
70.885
52.2355
41.4888
35.7074
33.2499
33.3605
36.0054
41.8856
52.7482
71.4626
102.902
154.432
236.094
358.699
266.546
266.913
359.434
237.163
155.03
102.405
70.7878
51.9846
41.3313
35.6231
33.2075
33.3168
35.9422
41.783
52.3907
71.0319
102.985
154.797
236.395
358.726
266.286
266.748
359.31
236.845
154.095
102.711
70.8837
52.0313
41.3328
35.5994
33.1837
33.2906
35.9065
41.7318
52.4211
70.9325
102.692
154.379
235.618
358.705
266.128
266.656
359.21
236.295
153.986
102.459
70.688
51.8841
41.1554
35.5484
33.1531
33.2569
35.8563
41.6878
52.431
70.9592
102.244
153.946
235.859
358.668
265.889
266.541
359.017
236.064
153.588
101.706
70.1313
51.6505
41.1016
35.4988
33.1104
33.2139
35.8059
41.5911
52.108
70.3654
101.381
153.345
235.436
358.338
265.64
266.345
358.857
235.683
153.239
101.551
70.0666
51.5543
41.0372
35.4581
33.067
33.1638
35.7443
41.5045
52.0376
70.2963
101.226
152.24
234.609
358.368
265.482
266.151
358.648
235.234
152.788
101.195
69.8435
51.5563
41.0317
35.4076
33.0201
33.1109
35.6684
41.3972
51.8782
70.1974
100.657
152.144
234.564
358.399
265.277
265.813
358.491
234.689
152.316
100.865
69.7268
51.2714
40.9378
35.354
32.9713
33.0541
35.5956
41.2895
51.7304
69.9914
100.445
151.761
234.338
358.533
265.034
265.524
358.306
234.263
151.91
100.554
69.2145
51.1249
40.7583
35.2855
32.9238
32.9897
35.495
41.1444
51.5124
69.4764
100.072
151.42
234.394
358.484
264.686
265.163
358.055
233.783
151.514
100.213
69.0475
50.9914
40.6988
35.2327
32.8783
32.9367
35.4142
40.9994
51.3041
69.2219
99.7362
151.044
234.042
358.144
264.443
264.968
357.89
233.35
151.045
99.88
68.8536
50.8393
40.631
35.1855
32.8404
32.8849
35.3197
40.8285
50.9971
68.8027
99.3228
150.693
233.258
358.217
263.965
264.687
357.701
232.884
150.615
99.6437
68.684
50.8163
40.5754
35.1374
32.7923
32.8292
35.2447
40.7172
50.8331
68.5441
98.9545
150.278
232.939
358.068
263.646
264.44
357.497
232.42
150.172
98.9273
68.3237
50.6682
40.4969
35.0908
32.7571
32.7844
35.1729
40.5936
50.6181
68.2094
98.547
149.754
232.332
357.649
263.144
264.15
357.269
231.898
149.465
98.4352
67.841
50.3359
40.372
35.0294
32.7159
32.7439
35.1129
40.4945
50.4557
67.9561
98.1364
149.197
231.75
357.578
262.843
263.883
357.086
231.278
148.719
97.7625
67.5807
50.1973
40.2581
34.9588
32.6743
32.7062
35.0506
40.3863
50.2787
67.6522
97.6802
148.48
231.262
357.268
262.565
263.577
356.839
230.788
148.119
97.3348
67.3146
49.9933
40.1495
34.9005
32.6341
32.6684
34.9963
40.2761
50.0729
67.3314
97.2408
147.968
230.782
357.175
262.122
263.24
356.537
230.125
147.404
96.7852
66.921
49.7423
40.029
34.8347
32.5824
32.6128
34.9122
40.1324
49.8134
66.9726
96.7534
147.392
230.309
356.997
261.759
262.85
356.317
229.535
146.707
96.2541
66.5993
49.5676
39.9279
34.7837
32.5479
32.5656
34.831
39.995
49.6045
66.6139
96.2168
146.703
229.681
356.741
261.355
262.433
356.022
228.838
145.987
95.6714
66.2224
49.3243
39.8145
34.7234
32.5007
32.5121
34.7565
39.8582
49.3471
66.2083
95.6206
145.899
229.006
356.486
261
262.133
355.78
228.17
145.239
95.0686
65.8602
49.1505
39.72
34.6648
32.4585
32.4682
34.6817
39.7261
49.1203
65.8253
95.051
145.225
228.381
356.391
260.686
261.802
355.527
227.456
144.473
94.4557
65.4845
48.9226
39.61
34.6132
32.4241
32.4224
34.598
39.5774
48.8611
65.4147
94.4727
144.459
227.721
355.999
260.479
261.393
355.239
226.856
143.806
93.9712
65.1292
48.7257
39.5174
34.5704
32.3962
32.3854
34.5342
39.4576
48.6554
65.0656
93.9473
143.777
226.983
355.697
260.295
261.023
354.953
226.137
143.04
93.3698
64.7485
48.53
39.4221
34.5299
32.3766
32.3551
34.4677
39.3168
48.4006
64.6664
93.3668
143.032
226.305
355.463
259.997
260.501
354.636
225.413
142.321
92.8562
64.4288
48.339
39.3349
34.4948
32.3591
32.3319
34.4193
39.2197
48.2068
64.3123
92.8071
142.332
225.536
355.079
259.599
260.065
354.31
224.701
141.598
92.3016
64.0453
48.126
39.2322
34.4493
32.3335
32.3006
34.3546
39.0885
47.9735
63.9237
92.2057
141.577
224.861
354.709
259.129
259.572
353.907
223.968
140.86
91.7528
63.7214
47.9451
39.1419
34.4127
32.3205
32.2859
34.3148
38.9959
47.7767
63.5583
91.6366
140.829
224.079
354.268
258.625
259.221
353.568
223.275
140.136
91.2022
63.3552
47.7516
39.0523
34.3792
32.3074
32.2664
34.2662
38.8881
47.5623
63.1772
91.0562
140.077
223.325
353.849
258.079
258.906
353.237
222.533
139.364
90.6002
62.9737
47.5409
38.9551
34.3448
32.2963
32.2518
34.2218
38.7842
47.355
62.8073
90.4686
139.307
222.559
353.504
257.693
258.562
352.883
221.717
138.537
89.9803
62.5814
47.3394
38.8718
34.3151
32.2846
32.2337
34.1749
38.6764
47.1396
62.4254
89.8766
138.489
221.711
353.084
257.236
258.196
352.533
220.84
137.669
89.336
62.192
47.1312
38.7719
34.2736
32.2678
32.2145
34.1255
38.5629
46.9094
62.0096
89.2055
137.6
220.83
352.657
256.814
257.664
352.048
219.889
136.73
88.6464
61.7761
46.9095
38.6687
34.2283
32.2466
32.1932
34.0791
38.4553
46.6859
61.5979
88.5442
136.701
219.929
352.136
256.419
257.101
351.509
218.913
135.77
87.9459
61.3564
46.6875
38.5574
34.1788
32.2255
32.1726
34.0294
38.3392
46.447
61.1563
87.8301
135.76
219.027
351.64
256.08
256.575
350.966
217.921
134.795
87.2454
60.9365
46.459
38.447
34.1316
32.205
32.1512
33.9796
38.2232
46.2082
60.7182
87.1217
134.791
218.062
351.187
255.811
255.946
350.364
216.884
133.801
86.5353
60.5106
46.2311
38.3342
34.0813
32.1823
32.1293
33.9298
38.1068
45.9628
60.257
86.3736
133.782
217.043
350.707
255.457
255.48
349.85
215.849
132.804
85.8193
60.0765
45.9868
38.2087
34.0212
32.151
32.0999
33.8735
37.9846
45.7175
59.8078
85.6411
132.772
216.015
350.253
255.191
254.955
349.267
214.769
131.776
85.0724
59.6264
45.7299
38.0692
33.9502
32.1119
32.0648
33.8142
37.861
45.4689
59.3452
84.8679
131.694
214.906
349.657
254.778
254.563
348.752
213.707
130.757
84.3468
59.1667
45.4643
37.9222
33.87
32.0629
32.0192
33.7436
37.727
45.2131
58.8849
84.1176
130.647
213.824
349.089
254.379
254.048
348.132
212.585
129.705
83.5922
58.6957
45.1762
37.7531
33.7755
32.0038
31.9646
33.6642
37.5841
44.953
58.43
83.3584
129.544
212.666
348.467
253.909
253.514
347.5
211.409
128.608
82.8233
58.2134
44.896
37.5858
33.6739
31.9351
31.8979
33.5692
37.4227
44.6713
57.9488
82.5656
128.41
211.466
347.839
253.396
253.062
346.903
210.219
127.478
82.0381
57.7148
44.5877
37.4012
33.5579
31.8522
31.8187
33.4626
37.252
44.3871
57.4649
81.7501
127.224
210.183
347.217
252.825
252.475
346.222
208.967
126.289
81.2056
57.2049
44.2888
37.2065
33.4255
31.7549
31.7258
33.3415
37.0677
44.0919
56.9588
80.9025
126.013
208.864
346.543
252.194
251.999
345.58
207.687
125.05
80.3432
56.6726
43.9531
36.9982
33.2849
31.6451
31.6189
33.2046
36.863
43.7733
56.4374
80.0229
124.727
207.468
345.801
251.535
251.438
344.925
206.326
123.766
79.448
56.1182
43.6163
36.7706
33.128
31.5213
31.4987
33.0611
36.6598
43.448
55.9007
79.1522
123.422
206.039
344.985
250.838
250.878
344.273
204.871
122.414
78.5081
55.506
43.2324
36.5252
32.9503
31.3836
31.3668
32.9025
36.4292
43.0891
55.3154
78.1985
122.016
204.495
344.12
250.033
250.132
343.48
203.305
120.966
77.5206
54.8903
42.8455
36.2785
32.7701
31.2298
31.2187
32.7218
36.1904
42.7324
54.7207
77.2239
120.57
202.862
343.235
249.16
249.302
342.629
201.641
119.432
76.4665
54.2524
42.4419
36.0116
32.5788
31.0654
31.0543
32.5342
35.9361
42.3388
54.0914
76.1899
119.014
201.091
342.257
248.2
248.229
341.676
199.809
117.781
75.3336
53.5567
42.0186
35.7255
32.3659
30.8893
30.8815
32.3365
35.6643
41.9329
53.4315
75.0979
117.359
199.161
341.107
246.979
247.018
340.612
197.828
116.044
74.1522
52.8307
41.5603
35.4191
32.1382
30.6946
30.6935
32.1219
35.3789
41.4949
52.7182
73.957
115.631
197.11
339.826
245.633
245.54
339.35
195.634
114.174
72.8882
52.0463
41.0743
35.0876
31.8879
30.483
30.484
31.886
35.0756
41.0363
51.9701
72.7552
113.789
194.886
338.382
244.152
243.877
337.897
193.243
112.189
71.5858
51.2275
40.5479
34.7359
31.6267
30.2554
30.2527
31.6229
34.7399
40.5409
51.1753
71.4947
111.852
192.501
336.751
242.527
242.039
336.14
190.637
110.065
70.2026
50.3672
40.0141
34.376
31.3513
30.016
30.0136
31.3481
34.3855
40.0273
50.3682
70.1821
109.814
189.949
334.882
240.766
239.9
334.071
187.782
107.804
68.751
49.4901
39.4614
33.9866
31.0415
29.7374
29.7352
31.038
33.9924
39.4777
49.5203
68.7775
107.636
187.154
332.749
238.823
237.619
331.714
184.64
105.382
67.2357
48.5868
38.8883
33.5792
30.7122
29.439
29.4381
30.7073
33.5721
38.89
48.6236
67.3143
105.336
184.114
330.355
236.759
234.906
328.841
181.147
102.799
65.6744
47.6323
38.2515
33.1125
30.3337
29.0971
29.0984
30.3387
33.1304
38.2879
47.7006
65.7663
102.85
180.733
327.449
234.288
231.919
325.421
177.289
100.054
64.0228
46.6248
37.5757
32.6166
29.9281
28.7299
28.731
29.9317
32.6346
37.6212
46.7088
64.1795
100.227
177.075
324.132
231.714
228.578
321.317
173.068
97.1729
62.2989
45.5503
36.8526
32.0735
29.474
28.3139
28.3174
29.488
32.1116
36.9336
45.6878
62.4935
97.3885
172.982
320.125
228.595
224.835
316.397
168.461
94.1233
60.4847
44.4443
36.1014
31.4965
28.9818
27.8564
27.8589
28.9921
31.5269
36.1731
44.5803
60.7209
94.418
168.553
315.523
225.311
220.81
310.753
163.544
90.9771
58.6281
43.2904
35.3045
30.8727
28.4414
27.3521
27.3582
28.4612
30.9167
35.392
43.4543
58.8821
91.2784
163.666
309.986
221.37
216.551
304.39
158.312
87.737
56.7357
42.1035
34.4594
30.1952
27.8486
26.7979
26.8068
27.8785
30.2543
34.5594
42.265
56.9938
88.0709
158.518
303.828
217.391
212.211
297.376
152.873
84.4955
54.8608
40.9091
33.5931
29.49
27.2226
26.2051
26.2156
27.2561
29.5538
33.6986
41.072
55.0994
84.7955
153.063
296.831
213.003
207.989
289.752
147.293
81.2782
53.0197
39.7196
32.7091
28.7549
26.5623
25.5785
25.5922
26.6049
28.8308
32.8253
39.8855
53.2426
81.5413
147.487
289.387
208.864
204.027
281.631
141.673
78.1366
51.2419
38.5521
31.8194
28.0026
25.8792
24.9256
24.9411
25.927
28.0849
31.9376
38.704
51.4263
78.3466
141.788
281.284
204.659
200.548
273.17
136.091
75.1009
49.5152
37.4038
30.9337
27.246
25.1877
24.2631
24.2811
25.2427
27.3397
31.0676
37.574
49.7088
75.2902
136.19
272.938
201.056
197.701
264.498
130.622
72.2295
47.8743
36.2933
30.0672
26.4992
24.5006
23.6014
23.6201
24.5574
26.5952
30.2027
36.4626
48.0555
72.3772
130.667
264.239
197.746
195.559
255.675
125.26
69.4752
46.3198
35.2433
29.2407
25.7804
23.8354
22.9592
22.978
23.8927
25.8767
29.3753
35.4095
46.5004
69.6362
125.327
255.503
195.132
194.624
246.753
120.035
66.8661
44.8568
34.2506
28.4559
25.0964
23.2015
22.3456
22.3628
23.2542
25.1864
28.5841
34.4127
45.0362
67.0252
120.099
246.581
192.868
192.105
237.557
114.908
64.4011
43.4954
33.3311
27.7291
24.4617
22.6117
21.7738
21.7884
22.6565
24.5385
27.8391
33.4718
43.6542
64.5524
115.013
237.527
190.939
189.868
228.182
109.917
62.0823
42.2356
32.4845
27.0605
23.877
22.0676
21.2453
21.2569
22.1033
23.9391
27.1514
32.605
42.3772
62.2238
110.032
228.222
189.044
187.961
218.733
105.092
59.9115
41.0837
31.7194
26.4561
23.3462
21.5713
20.7618
20.7701
21.5966
23.3902
26.5204
31.8048
41.1848
60.0127
105.174
218.76
187.2
185.874
209.096
100.423
57.8856
40.0257
31.0188
25.9022
22.8589
21.1151
20.3171
20.3226
21.132
22.8889
25.9469
31.0796
40.0985
57.9555
100.465
209.096
185.324
184.138
199.489
95.9812
56.0349
39.0789
30.3904
25.3983
22.4098
20.6916
19.9032
19.9065
20.7015
22.4278
25.4254
30.4281
39.126
56.0821
96.0103
199.46
183.759
183.231
189.949
91.7723
54.3493
38.2198
29.8085
24.9227
21.9818
20.2866
19.5074
19.5092
20.292
21.9919
24.9383
29.831
38.2498
54.3836
91.8034
189.914
183.151
182.718
180.776
87.8956
52.8619
37.4495
29.2643
24.4642
21.5636
19.8896
19.1196
19.1205
19.8922
21.5687
24.4724
29.2764
37.4666
52.8839
87.9253
180.781
182.669
184.672
172.234
84.3593
51.5555
36.738
28.7317
24.0027
21.14
19.4882
18.7288
18.7292
19.4895
21.1424
24.0069
28.7378
36.7471
51.5671
84.376
172.267
184.656
188.015
164.302
81.3208
50.4198
36.0601
28.1898
23.5236
20.7009
19.0751
18.3287
18.3288
19.0755
20.7017
23.5256
28.193
36.0656
50.4271
81.3227
164.295
187.956
193.986
157.184
78.7799
49.4136
35.3791
27.6145
23.012
20.2371
18.6445
17.9151
17.9151
18.6445
20.2371
23.0125
27.6158
35.3825
49.4206
78.7886
157.221
193.987
202.145
150.786
76.9004
48.4982
34.6601
26.9855
22.4576
19.7444
18.1956
17.4888
17.4887
18.1955
19.7444
22.4582
26.9873
34.6641
48.5047
76.8996
150.773
202.093
213.356
145.702
75.3338
47.5627
33.8595
26.2841
21.853
19.2216
17.7304
17.053
17.053
17.7303
19.2217
21.8536
26.2862
33.8646
47.5743
75.355
145.733
213.394
227.178
141.746
74.0897
46.5788
32.9513
25.4967
21.1941
18.6704
17.2541
16.6149
16.6149
17.2541
18.6707
21.1948
25.4985
32.9545
46.5828
74.0903
141.727
227.145
244.34
139.567
73.0162
45.4335
31.8845
24.6036
20.4767
18.0944
16.7746
16.1838
16.1838
16.7745
18.0946
20.4772
24.6052
31.8883
45.4413
73.0309
139.557
244.362
265.045
138.417
71.8824
44.0167
30.6111
23.588
19.6993
17.5003
16.3025
15.7725
15.7724
16.3023
17.5002
19.6993
23.5884
30.6124
44.019
71.8849
138.416
265.004
288.31
138.131
70.3381
42.1801
29.0778
22.4359
18.8651
16.8991
15.8524
15.3968
15.3967
15.8522
16.8987
18.8647
22.4356
29.0782
42.1821
70.3427
138.128
288.3
314.854
138.178
68.121
39.8094
27.2471
21.1446
17.9863
16.3086
15.4439
15.0762
15.0762
15.4437
16.3083
17.986
21.1446
27.248
39.8127
68.1282
138.177
314.839
343.006
137.874
64.6986
36.7276
25.0851
19.7277
17.09
15.757
15.1009
14.8327
14.8326
15.1007
15.7568
17.0897
19.7274
25.085
36.7289
64.7047
137.88
342.946
372.861
135.424
59.4249
32.7825
22.6037
18.2352
16.2261
15.2853
14.8671
14.7157
14.7158
14.8672
15.2853
16.2263
18.2354
22.604
32.7847
59.4352
135.45
372.887
402.403
127.773
51.1784
27.8373
19.8791
16.7566
15.4652
14.9482
14.7514
14.6768
14.6769
14.7517
14.9484
15.4649
16.7561
19.8783
27.8373
51.179
127.771
402.361
432.708
107.322
38.6103
21.9961
17.1349
15.5569
15.0133
14.821
14.7335
14.702
14.7019
14.7332
14.82
15.0115
15.5558
17.1354
21.9976
38.6149
107.335
432.731
466.395
57.3751
21.652
16.1851
15.132
14.8911
14.834
14.8027
14.7961
14.7961
14.7961
14.7961
14.8025
14.8335
14.8902
15.1306
16.1842
21.6509
57.373
466.39
777.636
1133.95
773.613
490.563
296.815
177.48
112.157
78.575
61.8723
54.9762
55.0351
62.0651
78.822
113.296
178.944
297.167
488.89
770.307
1130.24
771.378
773.419
1131.46
767.909
483.882
290.984
173.118
111.003
78.0056
61.5275
54.7209
54.7807
61.7328
77.3463
110.939
174.958
294.922
486.335
768.302
1129.64
767.558
775.156
1134.93
770.612
486.823
293.111
173.163
109.267
76.9431
60.764
54.147
54.4405
61.5807
77.6539
112.177
176.83
293.089
483.992
766.383
1129.03
771.452
773.925
1134.65
768.375
484.456
291.197
172.409
110.162
77.5599
61.2561
54.4935
54.5612
60.9696
77.3857
111.475
175.615
287.687
477.074
764.047
1126.16
770.721
771.622
1133.78
762.469
481.755
288.982
172.657
108.312
76.4136
60.9353
54.1178
54.3769
61.1423
77.6834
110.598
174.374
287.425
477.07
762.798
1128.17
766.486
772.814
1131.8
762.596
479.618
286.954
171.339
108.805
76.7958
60.7535
53.8983
54.1846
60.5582
77.2479
109.694
173.242
286.151
474.743
758.037
1127.66
766.872
771.355
1135.08
761.376
476.994
284.685
167.614
107.934
76.3545
60.3847
53.6973
53.7105
60.4433
76.7291
108.484
171.84
286.563
474.612
757.732
1125.45
766.071
766.888
1134.76
762.773
474.528
282.387
167.031
106.088
75.2362
59.8137
53.5656
53.7423
60.2787
76.2641
106.432
170.189
284.696
468.118
756.078
1125.83
764.774
766.999
1134.09
760.276
467.108
276.719
165.098
105.734
75.5232
60.1842
53.5172
53.8238
60.273
75.3521
106.366
167.753
280.315
470.896
755.447
1126.35
766.877
766.011
1131.19
754.008
465.747
276.165
163.835
105.191
75.1926
59.9916
53.4186
53.6606
59.7185
75.1842
105.764
168.751
280.161
471.038
753.801
1127.68
763.968
764.318
1133.05
754.686
459.94
271.306
162.435
105.171
74.8111
59.7506
53.4558
53.2386
59.8819
74.7755
104.957
165.598
277.887
468.524
751.921
1124.96
765.677
759.556
1131.87
751.71
457.556
270.731
161.526
104.563
74.4477
59.5196
53.2993
53.2271
59.306
74.2495
104.144
165.36
277.554
462.254
750.946
1127.68
762.208
759.126
1128.89
745.013
454.104
270.894
162.068
103.83
73.9977
58.8174
52.7458
52.9906
59.081
73.7211
103.368
163.72
275.715
462.04
745.876
1126.07
762.6
756.261
1129.22
742.363
450.018
265.476
160.581
103.001
72.9961
58.731
52.6396
52.6846
58.6853
73.1376
102.201
159.84
270.693
462.305
745.725
1128.67
760.245
753.64
1129.27
738.691
446.758
263.143
157.431
102.089
73.2962
58.4875
52.2713
52.3445
58.414
72.6319
101.336
158.176
270.442
460.23
744.475
1128.73
761.918
751.346
1125.51
734.462
442.923
259.506
156.107
101.347
72.3284
58.1865
52.1542
52.2755
58.0975
72.3441
100.494
156.168
268.144
454.613
744.854
1127.02
758.803
748.774
1127.04
732.058
440.187
256.876
153.991
99.6806
71.9597
57.9107
51.9574
52.031
57.8004
71.7087
99.3098
154.553
263.412
455.513
747.078
1129.39
759.753
746.151
1123.92
728.565
436.214
254.149
152.647
98.9558
71.4765
57.5949
51.8434
51.8345
57.4726
71.1605
98.5958
153.033
261.715
452.799
745.218
1128.36
758.251
743.933
1123.7
725.144
431.212
253.318
151.542
98.0633
71.0053
57.3555
51.883
51.8394
57.2229
70.6716
97.7961
151.613
258.353
449.778
742.731
1125
754.57
740.988
1123.23
721.497
426.56
248.887
149.797
97.2014
70.5025
57.0801
51.6947
51.6464
56.9149
70.1441
97.019
150.015
254.919
442.984
736.493
1126.23
754.189
737.033
1121.25
715.511
423.221
245.562
147.624
96.1702
69.8895
56.7857
51.2429
51.197
56.5264
69.7171
96.3947
148.812
252.211
440.962
735.265
1127.89
753.468
732.989
1119.33
713.343
420.145
243.527
146.304
95.2709
69.4289
56.4626
51.0085
50.9911
56.2892
69.1727
95.3795
147.391
249.259
437.105
732.095
1125.09
751.799
730.058
1117.79
711.848
417.912
241.177
144.588
94.2653
68.8493
56.1051
50.7051
50.6917
56.0209
68.7145
94.4773
145.731
247.697
435.167
730.654
1127.55
747.662
727.15
1116.08
712.931
416.139
238.938
142.618
93.2758
68.3351
55.742
50.3362
50.3307
55.6405
68.1516
93.4795
143.627
244.325
428.844
723.519
1129.66
745.102
724.817
1114.51
710.103
412.868
235.836
140.821
92.3417
67.7289
55.2979
50.1074
50.1058
55.305
67.7045
92.6624
142.371
241.891
426.302
722.039
1128.87
742.956
724.567
1112.57
703.529
409.159
233.003
139.398
91.5221
67.2483
55.0076
49.828
49.7702
54.8648
67.1853
91.7925
140.618
239.845
423.549
716.909
1126.51
739.879
725.521
1109.13
700.869
406.042
230.278
137.596
90.5306
66.6264
54.5911
49.5418
49.5197
54.5718
66.6741
90.9448
139.197
236.91
418.657
716.428
1128.62
736.525
722.785
1108.33
696.274
400.85
227.182
135.913
89.7131
66.1395
54.2539
49.2454
49.2176
54.1966
66.1351
90.0419
137.607
234.252
415.052
716.074
1126.24
734.557
724.541
1107.04
692.866
396.498
224.238
134.308
88.8194
65.6351
53.9238
48.941
48.8702
53.7945
65.5785
89.1635
136.034
230.833
408.459
709.272
1126.35
732.268
720.57
1106.3
688.302
393.246
221.746
132.982
88.075
65.1247
53.576
48.6615
48.6028
53.4396
65.0384
88.2934
134.419
227.537
404.3
705.44
1125.45
730.074
719.291
1103.28
683.277
388.763
219.007
131.431
87.2902
64.6647
53.2516
48.391
48.2922
53.0683
64.5281
87.4699
132.709
223.516
399.324
698.217
1125.11
727.178
715.87
1101.07
678.25
384.647
216.443
130.153
86.5477
64.1795
52.8996
48.1044
48.0385
52.7377
64.0387
86.6123
131.176
220.699
393.905
693.731
1123.31
723.104
713.829
1097
672.853
380.237
213.98
128.745
85.8082
63.7595
52.5832
47.829
47.7455
52.3949
63.529
85.7824
129.575
217.337
388.573
687.938
1118.87
718.829
711.227
1094.56
667.469
375.577
211.348
127.428
85.0573
63.2875
52.2359
47.5288
47.4613
52.035
63.0136
84.9273
128.012
214.243
383.149
682.199
1118.08
715.806
709.047
1091.24
661.843
371.636
208.943
126.052
84.2921
62.8232
51.8979
47.2298
47.1513
51.6879
62.5206
84.1038
126.509
211.601
379.016
677.129
1116.37
712.954
706.432
1088.28
656.885
367.122
206.289
124.679
83.5239
62.3288
51.5182
46.9031
46.8266
51.3003
61.9715
83.2241
124.974
208.714
374.461
672.685
1114.78
709.416
702.961
1084.62
650.831
362.545
203.882
123.372
82.7682
61.8428
51.1608
46.5815
46.5012
50.9209
61.4379
82.3385
123.402
205.938
369.802
667.459
1112.96
706.529
699.658
1082.43
645.996
358.566
201.506
122.064
82.03
61.3619
50.7976
46.2639
46.1744
50.516
60.8826
81.4573
121.854
203.193
365.548
662.597
1112.18
702.823
696.668
1082.32
640.837
354.311
199.03
120.764
81.308
60.9023
50.4502
45.9484
45.8464
50.1242
60.3484
80.5926
120.227
200.131
360.51
657.323
1110.02
699.644
693.82
1081.54
636.201
350.355
196.678
119.497
80.6222
60.4602
50.1114
45.6366
45.5179
49.7361
59.8151
79.7384
118.701
197.363
355.969
651.631
1104.67
695.171
691.215
1078.74
631.369
346.16
194.19
118.211
79.9205
60.0046
49.7562
45.3184
45.1913
49.3512
59.29
78.8936
117.177
194.455
351.104
646.229
1102.23
691.897
689.014
1075.28
626.621
342.492
192.013
117.032
79.2535
59.563
49.4115
45.0075
44.8625
48.9652
58.7711
78.0817
115.68
191.605
346.576
640.761
1098.22
688.081
686.595
1071.62
621.773
338.39
189.601
115.745
78.5374
59.106
49.0411
44.6599
44.5103
48.5594
58.2205
77.2072
114.113
188.612
341.516
634.776
1093.6
684.554
684.57
1064.4
616.541
334.745
187.459
114.561
77.8339
58.617
48.6588
44.3159
44.1488
48.1383
57.6681
76.3622
112.577
185.744
336.776
629.102
1090.49
680.771
682.786
1061.67
611.752
330.703
185.047
113.269
77.0882
58.1294
48.2752
43.9641
43.7915
47.7293
57.1178
75.5025
111.052
182.79
331.674
622.754
1085.94
677.103
680.367
1056.89
606.308
326.697
182.724
111.992
76.3201
57.6037
47.8625
43.5866
43.397
47.2708
56.519
74.5927
109.482
179.9
326.586
616.239
1081.76
673.087
678.043
1052.69
600.855
322.47
180.268
110.684
75.5627
57.0923
47.4619
43.2235
43.0215
46.8327
55.9404
73.7086
107.923
176.905
321.497
609.821
1078.35
669.693
675.032
1048.36
595.203
318.266
177.889
109.387
74.7789
56.5531
47.0342
42.8308
42.6167
46.3641
55.3291
72.7946
106.33
173.903
316.006
602.63
1074.37
665.33
672.718
1044.18
589.73
314.088
175.443
108.058
73.9987
56.0178
46.6131
42.4494
42.2228
45.9054
54.7288
71.8809
104.728
170.862
310.789
595.744
1069.99
661.166
669.027
1039.66
583.539
309.569
172.902
106.686
73.1774
55.459
46.165
42.038
41.8036
45.4315
54.121
70.9738
103.161
167.86
305.208
588.214
1065.14
655.985
665.984
1035.18
577.427
305.117
170.326
105.271
72.3364
54.8814
45.7095
41.6289
41.3872
44.956
53.4977
70.0292
101.516
164.773
299.746
580.89
1060.13
651.128
662.662
1030.2
571.02
300.409
167.649
103.819
71.4594
54.2796
45.2376
41.2099
40.9632
44.4735
52.8815
69.1127
99.9388
161.764
294.098
572.774
1054.25
645.07
658.982
1025.32
564.659
295.767
164.973
102.329
70.5541
53.6637
44.7545
40.7784
40.5281
43.9657
52.2196
68.1324
98.2326
158.582
288.394
564.847
1048.69
639.324
654.856
1019.99
557.753
290.79
162.151
100.761
69.6096
53.0159
44.254
40.335
40.0828
43.4582
51.5514
67.1472
96.5904
155.527
282.791
556.784
1042.81
633.502
650.787
1015.37
550.959
285.838
159.308
99.1261
68.6063
52.339
43.7254
39.8664
39.611
42.9202
50.8497
66.0874
94.8228
152.305
276.931
548.426
1036.69
627.554
646.11
1009.82
543.417
280.504
156.303
97.4448
67.5826
51.6263
43.1726
39.3878
39.1291
42.3702
50.1286
65.0186
93.0829
149.157
271.225
540.282
1030.97
621.979
642.031
1005.26
536.267
275.185
153.206
95.6758
66.4823
50.8639
42.5805
38.8697
38.6205
41.7936
49.3794
63.9135
91.2734
145.877
265.255
531.772
1025.11
616.791
637.209
999.931
528.417
269.497
149.953
93.8265
65.327
50.0548
41.9556
38.3329
38.096
41.2024
48.6177
62.8047
89.4622
142.653
259.504
523.725
1020.01
612.268
633.537
995.806
520.816
263.705
146.536
91.8359
64.0808
49.1876
41.2915
37.761
37.5388
40.5861
47.8304
61.6569
87.6028
139.308
253.414
515.11
1014.6
607.91
628.945
991.303
512.265
257.349
142.862
89.6902
62.7437
48.2726
40.5892
37.1605
36.9604
39.9438
47.0197
60.5182
85.7903
136.037
247.371
506.326
1009.28
603.423
624.277
987.006
503.284
250.645
138.988
87.415
61.2908
47.2802
39.8378
36.5158
36.3382
39.2657
46.174
59.3384
83.9121
132.632
241.029
496.879
1003.32
598.065
618.996
982.052
493.401
243.358
134.824
84.9988
59.7428
46.213
39.0327
35.8327
35.6815
38.548
45.2902
58.1214
82.0041
129.189
234.485
486.746
996.751
592.169
612.218
976.184
482.187
235.314
130.272
82.3878
58.1002
45.0754
38.1606
35.0908
34.9757
37.7831
44.3494
56.8268
79.969
125.561
227.558
475.584
988.646
584.326
604.052
968.839
469.714
226.743
125.446
79.6204
56.3616
43.8661
37.2347
34.3038
34.2264
36.9668
43.3322
55.4118
77.7724
121.682
220.081
463.228
979.256
575.62
592.841
958.588
455.296
217.347
120.2
76.6012
54.4942
42.5729
36.2423
33.4559
33.4097
36.0851
42.2579
53.9183
75.4443
117.6
212.107
449.263
966.657
563.971
579.072
945.6
439.252
207.505
114.796
73.468
52.5212
41.2054
35.1908
32.5574
32.5422
35.1325
41.0779
52.2889
72.9251
113.202
203.547
433.951
951.524
550.321
561.969
928.491
421.045
196.941
109.113
70.1976
50.4581
39.7651
34.0811
31.6011
31.6142
34.1176
39.831
50.566
70.2825
108.63
194.582
417.199
933.049
534.982
541.898
906.992
401.334
186.081
103.418
66.821
48.2871
38.2622
32.9201
30.5915
30.6276
33.0378
38.4992
48.727
67.4779
103.836
185.169
398.98
910.712
516.902
520.308
881.474
380.205
174.813
97.5173
63.4258
46.1104
36.7125
31.7052
29.5315
29.5871
31.8889
37.0775
46.7789
64.5453
98.8714
175.483
379.704
884.742
498.141
496.353
851.126
358.001
163.547
91.6422
59.9498
43.8415
35.1003
30.4405
28.4251
28.4983
30.6853
35.5895
44.7339
61.4505
93.693
165.452
359.153
854.297
477.232
472.921
817.246
335.274
152.302
85.7807
56.5138
41.5874
33.472
29.1498
27.2845
27.3647
29.4218
34.0261
42.594
58.2444
88.3653
155.242
337.947
820.337
456.795
447.814
778.785
312.053
141.178
79.925
53.0257
39.3031
31.8329
27.8459
26.1235
26.2045
28.1247
32.4149
40.3812
54.8861
82.801
144.754
315.738
781.929
434.997
424.652
737.604
289.146
130.516
74.3045
49.6478
37.0644
30.2009
26.5282
24.9423
25.0248
26.8068
30.7675
38.0987
51.4384
77.1162
134.184
293.128
740.135
413.615
400.786
692.738
265.948
119.886
68.7191
46.2889
34.8499
28.5947
25.2308
23.7764
23.8555
25.4934
29.1309
35.8383
48.0047
71.4482
123.577
270.136
694.983
392.437
378.647
645.7
243.377
109.912
63.5383
43.1645
32.7427
27.037
23.9664
22.6376
22.7117
24.2097
27.5193
33.5998
44.6122
65.8283
113.167
247.313
646.956
371.398
357.422
596.675
221.332
100.263
58.5265
40.1731
30.7494
25.5688
22.7699
21.5563
21.6243
22.9898
25.997
31.4975
41.4192
60.5306
103.295
225.33
598.27
352.888
338.438
547.582
200.685
91.5953
54.0524
37.4796
28.9324
24.2153
21.6624
20.554
20.6151
21.8565
24.5783
29.5375
38.4619
55.6305
94.0789
204.319
549.479
336.376
323.19
500.23
181.644
83.6997
49.9901
35.0489
27.3064
23.0118
20.6788
19.662
19.7129
20.8398
23.3109
27.8011
35.8546
51.3167
85.913
185.225
503.02
324.115
313.676
456.192
164.93
77.0182
46.5814
32.9845
25.9054
21.9673
19.8233
18.8854
18.9261
19.9513
22.2038
26.293
33.6073
47.6112
78.8105
168.107
459.476
316.493
309.004
416.402
150.624
71.374
43.7189
31.26
24.7354
21.092
19.1027
18.2281
18.2587
19.1985
21.2677
25.0211
31.7244
44.5081
72.7716
153.191
419.609
314.516
308.278
380.844
138.619
66.8133
41.4207
29.8557
23.7682
20.3619
18.499
17.6766
17.6981
18.5661
20.4844
23.9651
30.1713
41.9569
67.7631
140.353
383.312
308.524
305.438
349.003
128.386
63.0555
39.5367
28.7023
22.9704
19.757
17.9983
17.2193
17.2331
18.0415
19.8361
23.0957
28.9001
39.8663
63.5946
129.263
350.369
306.951
302.007
320.084
119.33
59.8475
37.9561
27.7291
22.292
19.2426
17.5746
16.8343
16.8421
17.599
19.2883
22.3647
27.8404
38.1315
60.1037
119.654
320.511
302.586
302.339
293.755
111.184
57.0925
36.6032
26.8879
21.7021
18.7959
17.2097
16.5061
16.51
17.2223
18.8201
21.7432
26.9515
36.695
57.2179
111.362
294.015
302.931
302.627
269.662
103.804
54.6238
35.3724
26.1121
21.1565
18.3872
16.8819
16.2159
16.2178
16.8881
18.3982
21.1754
26.143
35.4217
54.6945
103.859
269.632
303.212
307.137
247.548
97.5722
52.4598
34.2301
25.3747
20.6382
18.0037
16.5805
15.9538
15.955
16.5845
18.0102
20.6483
25.3915
34.2674
52.5482
97.7633
247.866
307.183
310.693
227.901
92.4359
50.471
33.1031
24.6282
20.1162
17.6273
16.2944
15.7112
15.7114
16.2958
17.6304
20.1232
24.6402
33.1194
50.4856
92.4111
227.76
310.71
318.22
210.78
87.9445
48.5403
31.9557
23.8642
19.5894
17.2571
16.0226
15.4875
15.4876
16.0235
17.2586
19.593
23.8732
31.9779
48.5928
88.0499
210.936
318.201
325.885
196.068
83.9727
46.6819
30.7948
23.0814
19.055
16.8915
15.7646
15.2822
15.2821
15.7648
16.892
19.056
23.0835
30.7972
46.6802
83.9326
195.862
325.716
336.502
183.631
80.3911
44.7943
29.5748
22.2651
18.511
16.5332
15.5242
15.0995
15.0996
15.5246
16.5342
18.513
22.27
29.586
44.8227
80.4622
183.738
336.487
348.289
173.64
77.1764
42.8856
28.3064
21.4221
17.9628
16.1867
15.305
14.9421
14.9423
15.3052
16.1872
17.9633
21.4228
28.3052
42.8729
77.1173
173.425
348.006
361.542
165.077
73.9083
40.807
26.9377
20.5387
17.411
15.8566
15.1121
14.8148
14.815
15.1125
15.8575
17.4127
20.5433
26.9506
40.8423
73.9978
165.238
361.602
376.151
158.541
70.7709
38.6184
25.4942
19.6311
16.8673
15.5514
14.9506
14.72
14.7203
14.9507
15.5514
16.8668
19.6291
25.4879
38.5975
70.7047
158.354
375.868
391.798
152.81
67.1987
36.1083
23.9118
18.6869
16.3354
15.2771
14.8244
14.6662
14.6661
14.8244
15.2778
16.3369
18.6907
23.9222
36.1375
67.2766
152.979
391.881
407.534
147.529
63.0932
33.3053
22.2286
17.7379
15.8392
15.0474
14.7403
14.6454
14.6458
14.7417
15.0476
15.8389
17.7365
22.2244
33.2937
63.0594
147.421
407.364
423.24
141.83
58.0659
30.0977
20.4443
16.8113
15.4032
14.8732
14.7026
14.6428
14.6428
14.7026
14.8737
15.404
16.8131
20.4482
30.1083
58.0956
141.878
423.184
437.527
133.724
51.4953
26.4233
18.6075
15.9641
15.0654
14.7876
14.6963
14.6708
14.6709
14.6971
14.7896
15.0687
15.9646
18.6077
26.4249
51.5102
133.786
437.61
449.982
120.434
42.7794
22.3623
16.839
15.2848
14.873
14.7605
14.7236
14.7159
14.7159
14.7234
14.7595
14.8697
15.2827
16.837
22.3569
42.7573
120.363
449.816
461.872
95.4577
31.1557
18.1795
15.6145
14.9725
14.822
14.7745
14.7688
14.7692
14.7692
14.769
14.7747
14.8209
14.971
15.6137
18.1883
31.1839
95.5772
462.071
470.828
47.4664
18.0619
15.015
14.7448
14.8116
14.8129
14.8223
14.826
14.8269
14.8269
14.826
14.8224
14.8132
14.8116
14.7441
15.0118
18.0528
47.4488
470.754
1372.37
1920.42
1327.12
828.79
492.438
288.991
176.216
117.227
87.9345
75.7611
74.8821
85.3296
112.632
169.056
279.047
483.851
828.498
1337.02
1948.63
1345.42
1362.36
1916.65
1321.58
814.278
481.64
282.351
172.449
115.074
86.5316
75.4074
74.511
83.9423
110.46
165.258
271.888
472.668
814.382
1330.38
1937.9
1340.19
1364.43
1908.42
1317.28
816.032
481.861
282.376
172.791
115.67
87.1573
75.2791
74.3272
84.2724
110.729
166.02
272.809
474.07
819.872
1317.87
1943.74
1330.47
1365.59
1916.59
1303.9
816.022
480.856
281.678
172.774
116.062
87.5462
74.4481
73.3623
84.1747
110.127
166.334
273.273
473.967
815.715
1325.16
1948.74
1329.67
1357.39
1907.13
1302.23
811.194
475.03
276.922
169.368
115.428
87.2845
75.1512
73.9049
84.8603
110.236
165.163
270.826
469.736
809.438
1308.91
1946.72
1326.6
1363.82
1914.12
1297.56
798.159
473.057
277.603
170.741
114.9
86.1248
74.9053
74.4193
84.6774
110.677
163.69
264.138
458.678
804.175
1306.89
1944.81
1323.33
1360.44
1910.7
1297.91
797.265
463.322
271.448
167.464
114.217
86.6102
73.9984
74.1759
84.1827
110.081
162.659
263.799
460.808
792.412
1300.49
1943.14
1321.72
1358.1
1899.02
1282.66
790.747
460.639
270.722
167.352
112.666
86.2623
74.0358
73.8831
82.9711
109.318
159.553
262.357
457.415
794.812
1297.64
1940.53
1320.98
1354.64
1904.81
1288.28
784.123
458.067
270.332
167.374
113.131
85.2974
73.8417
73.6986
83.6587
108.882
159.192
257.108
453.114
790.148
1300.98
1938.92
1323.87
1351.99
1910.25
1274.55
769.481
453.094
268.025
166.153
111.555
85.3082
74.0402
72.8434
82.472
108.153
158.671
257.028
448.812
777.116
1295.35
1935.82
1320.79
1343.69
1901.91
1277.22
772.153
445.65
265.558
164.729
112.36
85.2285
73.3367
73.101
83.0681
106.637
155.581
254.408
439.696
777.749
1281.62
1933.78
1313.76
1346.18
1915.78
1282.16
770.067
441.69
263.369
162.784
110.696
85.2978
73.954
72.7394
82.8314
107.328
155.793
252.469
436.715
773.048
1282.58
1931.83
1318.07
1343.71
1913.32
1276.59
768.423
436.735
258.409
161.459
110.418
84.9254
73.5984
72.5794
82.4245
105.882
155.931
252.354
430.829
760.59
1283.25
1929.56
1316.85
1334.95
1910.09
1260.1
762.387
432.295
256.492
159.925
109.519
83.8349
73.2264
72.3071
81.6495
105.587
153.406
250.172
425.481
760.565
1268.58
1918.72
1313.83
1334.44
1907.13
1256
749.645
428.521
253.451
158.277
108.709
83.4534
72.3285
71.9341
81.785
104.904
152.474
245.544
421.255
755.539
1275.04
1922.44
1311.9
1330.66
1903.95
1248.61
747.081
425.453
251.341
156.904
107.828
82.8442
72.0716
71.5475
80.7781
104.163
151.801
244.216
418.16
742.095
1259.78
1923.19
1301.34
1327.51
1894.41
1238.03
737.15
421.322
249.031
155.394
106.822
82.3994
71.8348
71.1442
80.403
103.341
149.138
242.848
415.2
738.214
1259.36
1919.71
1298.01
1323.28
1900.6
1234.03
735.406
417.391
246.324
153.837
105.948
81.5664
71.4961
70.7599
79.7559
102.575
148.448
240.74
412.386
733.683
1252.15
1908.29
1292.65
1321.02
1897.71
1230.36
727.304
412.401
243.312
152.428
105.03
81.1383
71.0876
70.3945
79.5413
101.827
147.108
236.842
408.962
726.592
1236.21
1907.87
1286.32
1317.61
1886.79
1225.37
720.458
407.423
240.342
150.886
104.21
80.5989
70.5924
69.822
78.9644
101.096
145.949
234.982
404.23
713.588
1228.55
1907.53
1281.74
1308.33
1889.94
1225.51
712.071
403.065
237.665
149.5
103.289
79.8415
70.1336
69.3824
78.3354
99.9471
144.641
232.13
399.611
708.136
1218.2
1896.77
1277.85
1303.77
1893.31
1218.39
700.399
398.095
234.653
147.919
102.626
79.2722
69.2613
68.7776
77.4638
99.3113
143.371
229.499
394.348
699.805
1209.8
1902.53
1276.03
1298.49
1889.13
1210.25
693.566
393.371
232.392
146.852
101.571
78.5769
68.9117
68.3753
77.0002
98.4695
142.008
226.59
388.775
693.253
1202.78
1898.78
1276.1
1292.58
1883.61
1201.75
684.414
388.73
229.914
145.444
100.827
78.1667
68.3937
67.7925
76.4095
97.8387
140.679
223.892
382.249
684.605
1193.73
1888.27
1277.88
1288.16
1877.89
1183.57
674.809
383.84
227.607
144.299
99.9742
77.5845
67.9667
67.3656
75.8484
97.1361
139.451
221.434
378.472
674.228
1184.94
1888.35
1275.06
1281.5
1864.29
1170.54
667.165
380.187
225.721
143.028
99.2002
76.9852
67.2302
66.5779
75.2831
96.4056
138.075
218.901
373.225
667.811
1175.66
1882.59
1267.08
1276.57
1861.6
1163.49
661.839
376.071
223.18
141.608
98.3215
76.3028
66.5831
66.1695
74.6957
95.5593
136.897
216.559
369.201
658.648
1165.16
1868.61
1262.82
1272.27
1854.79
1154.86
654.639
372.142
221.017
140.286
97.4173
75.5615
66.0961
65.6101
74.1201
94.7309
135.438
213.685
365.556
652.829
1154.36
1861.76
1254.54
1266.9
1847.54
1147
649.381
368.374
218.757
139.13
96.6593
74.8713
65.5275
65.0994
73.5136
93.8677
134.162
211.613
361.14
645.117
1142.63
1854.02
1250.31
1262.01
1840.15
1139.79
643.191
364.619
216.618
137.678
95.8019
74.2823
64.9528
64.5068
72.8923
93.0791
132.967
209.204
357.383
639.59
1131.94
1847.67
1244.13
1256.65
1831.71
1129.97
636.641
360.655
214.384
136.51
95.0534
73.6291
64.386
63.9599
72.2774
92.3605
131.77
206.994
352.626
632.437
1122.49
1837.6
1237.48
1251.8
1823.7
1119.95
630.339
357.017
212.249
135.272
94.1326
72.9176
63.7761
63.4041
71.7167
91.5782
130.552
204.672
347.862
623.44
1110.11
1826.46
1230.39
1247.18
1814.78
1109.47
623.486
352.84
209.882
133.916
93.2751
72.2448
63.1952
62.8735
71.1529
90.8886
129.44
202.699
343.438
614.407
1099.86
1815.26
1223.11
1240.99
1804.57
1098.27
616.525
349.082
207.729
132.666
92.357
71.5087
62.5471
62.2769
70.5371
90.0721
128.125
200.285
338.892
605.968
1089.78
1808.21
1217.46
1235.81
1793.28
1087.51
609.409
344.887
205.428
131.296
91.467
70.8291
61.9859
61.7459
69.9357
89.3249
127.03
198.384
335.19
599.349
1080.14
1799.54
1211.03
1230.13
1782.63
1078.19
602.336
340.695
203.174
129.985
90.5682
70.1188
61.3601
61.1598
69.3161
88.5388
125.812
196.09
330.856
591.509
1070.8
1793.4
1206.69
1227.02
1776.85
1067.54
594.916
336.584
200.862
128.641
89.7149
69.4954
60.8115
60.6081
68.6925
87.7811
124.704
194.093
326.711
583.927
1060.39
1789.78
1200.8
1221.99
1769.76
1058.5
588.238
332.57
198.774
127.389
88.849
68.8209
60.229
60.0251
68.0486
86.9954
123.579
192.028
322.715
576.727
1050.86
1781.34
1198.29
1217.01
1768.01
1048.47
581.192
328.63
196.539
126.082
88.0015
68.1777
59.6567
59.4493
67.393
86.1782
122.376
190.004
318.737
569.734
1040.64
1770.51
1194.8
1211.58
1770.31
1039.39
574.445
324.722
194.426
124.819
87.1186
67.4742
59.0187
58.7918
66.6823
85.3338
121.208
187.868
314.741
562.897
1032
1763.19
1192.45
1206.54
1761.8
1029.29
567.73
320.804
192.176
123.477
86.2218
66.7621
58.367
58.1389
65.9595
84.449
119.952
185.828
310.814
556.012
1022.25
1754.06
1189.7
1201.22
1741.25
1018.56
560.753
316.837
189.998
122.158
85.2709
65.9782
57.6423
57.3991
65.1626
83.5257
118.707
183.728
306.984
549.328
1013.75
1746.89
1186.29
1196.49
1731.72
1009.01
553.903
312.743
187.676
120.723
84.2699
65.1783
56.9221
56.6739
64.3631
82.5668
117.405
181.661
303.233
542.921
1004.93
1739.47
1183.8
1192.35
1717.78
998.439
546.578
308.568
185.285
119.233
83.2078
64.3235
56.1569
55.9271
63.552
81.5916
116.099
179.576
299.439
536.107
995.551
1730.73
1178.92
1188.68
1707.05
988.318
539.314
304.199
182.833
117.703
82.1137
63.4529
55.3913
55.1791
62.7405
80.6125
114.783
177.534
295.88
529.846
986.235
1722.41
1176.12
1184.97
1696.45
977.862
531.668
299.769
180.262
116.044
80.9191
62.5124
54.5845
54.4216
61.9462
79.6539
113.445
175.393
292.017
522.947
976.01
1710.77
1170.71
1179.56
1688.63
967.504
523.955
295.119
177.562
114.336
79.7097
61.5715
53.7807
53.653
61.1147
78.6429
112.094
173.335
288.413
516.357
965.768
1700.6
1167.57
1173.87
1679.19
956.669
516.027
290.43
174.79
112.521
78.4137
60.5747
52.9416
52.8654
60.2728
77.6155
110.656
171.062
284.387
509.089
954.364
1686.88
1162.53
1167.21
1669.81
945.237
507.771
285.485
171.821
110.632
77.112
59.5884
52.1087
52.0704
59.4118
76.5718
109.254
168.912
280.522
501.762
942.507
1674.75
1158.39
1160.82
1660.43
933.938
499.524
280.492
168.825
108.689
75.7577
58.5602
51.2424
51.2521
58.5329
75.4889
107.745
166.557
276.428
494.356
931.096
1663.84
1154.31
1153.92
1650.98
921.741
490.583
275.146
165.638
106.685
74.4036
57.5475
50.3838
50.4249
57.6397
74.4224
106.318
164.344
272.355
486.57
918.902
1651.7
1148.58
1147.67
1641.4
909.946
481.867
269.853
162.464
104.647
73.0024
56.4983
49.505
49.5871
56.7252
73.2851
104.748
161.933
268.183
479.008
907.419
1641.56
1143.94
1141.14
1633.03
897.873
472.566
264.204
159.071
102.511
71.5646
55.4257
48.5994
48.7197
55.7871
72.1492
103.21
159.558
263.89
470.95
895.065
1630.09
1137.86
1133.9
1624.69
885.122
462.95
258.415
155.639
100.346
70.0971
54.338
47.6925
47.8498
54.8233
70.9348
101.526
156.971
259.462
463.154
883.629
1621.38
1132.68
1126.64
1616.77
871.514
452.704
252.307
151.992
98.051
68.5534
53.1949
46.7378
46.9385
53.8238
69.6891
99.8066
154.349
254.882
454.772
870.986
1610.67
1127.27
1117.03
1606.8
856.833
442.121
246.07
148.3
95.731
66.9901
52.0375
45.7688
46.0012
52.7743
68.349
97.926
151.498
250.145
446.533
859.238
1602.81
1120.94
1106.02
1597.3
841.341
430.819
239.439
144.384
93.2724
65.3306
50.8109
44.7469
45.0211
51.6854
66.9694
95.9855
148.533
245.091
437.472
846.16
1593.63
1116.11
1092.16
1584.82
824.282
419.206
232.777
140.443
90.7853
63.6574
49.5746
43.7078
44.0041
50.5276
65.4701
93.8482
145.247
239.619
428.013
832.867
1586.09
1107.72
1076.8
1572.25
806.394
406.81
225.616
136.236
88.1464
61.8853
48.2748
42.6253
42.9479
49.3187
63.887
91.5603
141.698
233.719
417.848
818.405
1576.79
1099.99
1059.22
1556.44
786.823
394.257
218.538
132.021
85.4746
60.0916
46.9568
41.5151
41.8461
48.0327
62.1741
89.0473
137.783
227.312
406.896
802.623
1567.67
1088.69
1040.41
1539.88
766.616
381.175
211.032
127.563
82.6756
58.2266
45.5966
40.3751
40.7117
46.6959
60.371
86.3767
133.613
220.506
395.185
785.135
1555.98
1076.11
1020.21
1519.96
745.042
367.997
203.61
123.076
79.8244
56.3249
44.2072
39.2027
39.5344
45.2944
58.4568
83.5175
129.14
213.194
382.583
766.173
1542.91
1060.54
999.166
1498.96
722.528
354.221
195.762
118.342
76.8493
54.3614
42.7786
37.9981
38.3224
43.8453
56.4687
80.5299
124.405
205.345
368.887
744.69
1526.74
1041.77
977.235
1474.84
698.47
340.045
187.764
113.532
73.8186
52.3426
41.3012
36.7477
37.0591
42.3267
54.3731
77.3731
119.384
196.959
354.269
721.544
1508.68
1021.11
953.976
1447.95
673.25
325.358
179.421
108.513
70.6632
50.2493
39.7766
35.461
35.7584
40.7569
52.1894
74.0438
114.044
188.072
338.721
695.911
1485.87
996.701
930.256
1418.04
646.729
310.061
170.677
103.117
67.2611
48.0304
38.1768
34.1144
34.3955
39.1072
49.8862
70.5193
108.376
178.632
322.279
668.683
1460.08
971.254
904.812
1384.23
618.64
294.129
161.488
97.6345
63.8753
45.7991
36.5502
32.7373
32.9961
37.4037
47.4871
66.8098
102.367
168.625
304.828
638.829
1428.85
941.714
878.425
1346.45
588.996
277.546
151.889
91.7199
60.1861
43.4111
34.8375
31.2993
31.5395
35.6331
44.9948
62.9456
96.0709
158.111
286.519
606.87
1392.31
909.857
849.596
1303.4
557.436
260.201
141.904
85.794
56.5653
41.043
33.1123
29.8363
30.0497
33.8134
42.4212
58.9433
89.5319
147.149
267.332
572.38
1349.25
874.553
818.885
1254.68
523.807
242.149
131.599
79.5921
52.7431
38.562
31.3255
28.335
28.5292
31.96
39.7924
54.8243
82.7557
135.782
247.356
535.244
1297.62
833.979
785.017
1199.58
488.073
223.353
121.013
73.3745
48.9607
36.1002
29.5395
26.827
27.0002
30.0997
37.1627
50.7109
75.9676
124.282
226.886
496.09
1238.01
790.144
748.994
1138.18
450.821
204.222
110.387
67.1172
45.1329
33.614
27.7471
25.3219
25.4799
28.2524
34.5513
46.6153
69.1599
112.609
205.738
454.147
1168.27
741.047
709.152
1070.15
412.099
184.672
99.6387
60.8896
41.3732
31.1836
25.9946
23.8494
23.9936
26.4513
32.0155
42.6481
62.553
101.172
184.703
411.133
1090.15
688.164
667.686
997.283
372.869
165.178
89.0735
54.8409
37.7375
28.8396
24.3095
22.4373
22.5693
24.7246
29.5843
38.8439
56.1926
90.0511
163.974
367.635
1004.02
631.962
623.933
919.239
333.555
146.171
78.8992
49.0741
34.2996
26.6331
22.727
21.1132
21.2349
23.1098
27.3193
35.3132
50.2793
79.6288
144.385
325.816
915.074
578.484
580.877
838.051
295.361
128.185
69.4315
43.7765
31.1632
24.6253
21.2893
19.9102
20.0186
21.6292
25.2337
32.0631
44.8541
70.0466
126.152
285.922
824.39
527.064
536.789
754.5
258.62
111.557
60.8944
39.043
28.3682
22.8399
20.0145
18.846
18.9438
20.3215
23.3932
29.195
40.058
61.5735
110.021
250.007
737.427
484.577
495.785
672.337
224.691
96.6707
53.4001
34.9611
25.9851
21.3246
18.9328
17.9406
18.0233
19.194
21.8029
26.7248
35.9377
54.2298
95.7479
217.384
653.655
447.219
456.848
592.723
193.922
83.8916
47.2067
31.6317
24.0377
20.0799
18.0415
17.1928
17.2605
18.2558
20.4759
24.6617
32.4987
48.1221
83.871
189.615
577.878
417.487
424.035
519.853
167.903
73.4478
42.2104
28.9688
22.4891
19.093
17.3347
16.5976
16.6489
17.4987
19.4027
22.9987
29.7373
43.1881
74.0602
165.923
510.045
395.729
399.085
455.337
146.476
65.4268
38.5262
27.0208
21.3424
18.3487
16.7937
16.1377
16.1732
16.9066
18.5619
21.6965
27.5763
39.3361
66.3841
146.743
451.856
383.306
382.024
399.872
129.418
59.357
35.7776
25.5542
20.4665
17.776
16.3785
15.7865
15.8098
16.4531
17.9198
20.7137
25.9649
36.4371
60.3309
130.597
400.178
375.584
374.372
355.473
116.769
55.1496
33.8685
24.5051
19.8211
17.3466
16.0659
15.5228
15.5352
16.1054
17.4217
19.9495
24.7235
34.2559
55.8525
118.023
357.291
371.64
369.451
316.983
106.371
51.8705
32.3765
23.663
19.2939
16.997
15.8177
15.3199
15.3266
15.8395
17.0385
19.3661
23.7854
32.5839
52.2283
107.084
318.497
369.431
368.626
286.524
99.364
49.6097
31.2455
22.9776
18.8508
16.7044
15.6164
15.1611
15.1633
15.6236
16.7165
18.8707
23.0114
31.3141
49.7689
99.7614
287.732
368.927
369.668
259.124
93.0277
47.3503
30.0951
22.2922
18.4213
16.4332
15.4415
15.0321
15.0334
15.4461
16.4413
18.4351
22.313
30.1216
47.3668
92.9996
259.267
369.911
374.343
236.588
87.8802
45.3867
29.0366
21.6439
18.0146
16.1826
15.2879
14.9252
14.9255
15.2892
16.1845
18.0183
21.6528
29.0632
45.469
88.0805
236.897
374.43
379.267
215.989
82.9234
43.3703
27.9261
20.9708
17.6045
15.9414
15.15
14.8366
14.8371
15.1521
15.9455
17.612
20.9838
27.945
43.3884
82.9041
215.853
378.329
384.572
198.632
78.6422
41.443
26.8192
20.2987
17.2023
15.7134
15.0277
14.7638
14.7641
15.0288
15.716
17.2074
20.311
26.8508
41.5278
78.8528
199.037
384.901
392.277
184.383
74.7657
39.5375
25.6999
19.6252
16.8106
15.502
14.9233
14.7084
14.7091
14.925
15.5052
16.8147
19.6299
25.7017
39.5257
74.7112
184.196
391.988
400.794
172.555
71.1489
37.5777
24.5335
18.9375
16.4259
15.3065
14.8364
14.671
14.6716
14.8385
15.3109
16.4333
18.9506
24.5586
37.6283
71.24
172.561
400.601
410.095
162.207
67.518
35.5372
23.3382
18.256
16.0637
15.1364
14.7708
14.6526
14.6533
14.7726
15.1394
16.0676
18.2604
23.343
35.547
67.5636
162.374
409.922
419.807
154.363
64.1193
33.4387
22.1056
17.5773
15.724
14.9914
14.7248
14.6466
14.6472
14.7262
14.995
15.7296
17.5841
22.1134
33.4454
64.104
154.231
419.928
430.384
146.651
60.1365
31.0595
20.7903
16.9023
15.4152
14.8763
14.7034
14.6513
14.6518
14.7052
14.8802
15.4214
16.9103
20.8027
31.0865
60.2105
146.8
430.018
439.953
140.245
56.053
28.5876
19.4818
16.2792
15.1601
14.7972
14.6966
14.669
14.6693
14.698
14.8003
15.1653
16.2826
19.4823
28.5793
56.0234
140.183
440.309
449.686
132.479
50.8065
25.7275
18.1193
15.7016
14.9565
14.7625
14.7056
14.6935
14.6936
14.7064
14.7657
14.9681
15.7095
18.1337
25.7544
50.8748
132.594
449.412
456.992
123.191
44.6595
22.7347
16.8705
15.2607
14.8531
14.7534
14.7299
14.7262
14.7262
14.7301
14.7541
14.8514
15.2521
16.8731
22.7265
44.6111
123.112
457.274
464.068
108.553
36.435
19.4327
15.7372
14.9573
14.8046
14.7663
14.7611
14.761
14.7609
14.761
14.7672
14.8169
15.0002
15.7819
19.4858
36.4293
108.648
463.93
468.386
83.7429
26.531
16.7684
15.1737
14.8626
14.8016
14.7967
14.798
14.7987
14.7987
14.7983
14.7965
14.7964
14.8401
15.0925
16.5495
26.2337
83.6412
468.538
473.494
41.6044
16.5787
14.7159
14.7235
14.8121
14.8303
14.8355
14.8362
14.8362
14.8362
14.8364
14.837
14.8374
14.8399
14.9118
15.3346
17.6194
41.6142
473.325
782.136
1127.78
767.795
486.636
295.35
178.818
113.678
79.4542
62.202
55.0759
54.9767
61.5487
77.9013
111.574
176.435
294.583
487.533
771.543
1134.25
771.394
777.075
1123.97
761.267
479.317
288.912
174.614
111.218
78.1463
61.3086
54.4333
54.7564
61.1833
76.4798
109.182
172.153
288.498
480.143
764.935
1130.73
766.777
775.254
1124.39
760.48
478.864
288.217
174.836
111.605
78.8249
61.5819
54.6492
54.6575
60.9827
76.3999
109.541
171.544
288.204
479.326
764.487
1131.6
767.269
772.187
1124.41
759.001
477.856
286.743
174.78
111.783
78.5307
61.7092
54.7861
54.5212
60.2976
75.859
108.785
170.224
287.206
477.32
763.181
1131.72
765.643
771.62
1123.72
753.186
472.828
282.229
171.39
109.682
77.2501
60.9344
54.6083
54.4152
60.3862
75.3327
107.855
167.109
284.866
471.017
756.194
1128.62
763.761
773.447
1121.77
755.12
477.015
285.062
173.26
110.76
77.4264
61.3498
54.4474
54.2591
60.537
75.3556
107.184
166.351
280.032
470.966
756.446
1130.29
762.341
772.933
1124.37
757.357
475.551
286.099
170.001
108.775
76.8134
60.67
54.2278
54.087
60.3637
75.5479
105.415
165.712
280.377
471.894
755.429
1127.37
758.058
772.051
1123.84
751.618
473.07
284.446
170.091
108.692
76.6116
60.6678
53.7115
53.8386
60.0427
75.1644
105.049
165.726
278.034
469.197
756.738
1127.68
756.047
771.152
1123.06
755.04
470.775
279.086
170.229
108.224
76.4355
60.774
53.6351
53.6568
59.3856
74.1487
104.206
164.181
272.174
462.202
754.525
1124.54
754.42
769.604
1119.65
749.232
467.725
279.905
169.119
108.379
76.6177
60.6083
53.4266
53.2694
59.7347
74.2323
103.762
162.579
270.725
461.094
749.994
1126.15
752.69
767.39
1122.38
750.958
462.009
277.347
167.237
107.552
76.1833
60.3067
53.177
53.351
59.5728
74.3869
104.213
160.138
266.902
461.779
749.803
1128.08
751.855
768.28
1119.95
749.008
464.06
274.187
163.584
105.331
74.9833
60.0159
53.1499
52.9139
58.9078
73.9939
103.756
161.297
265.784
459.705
748.294
1126.49
751.135
766.182
1120.29
743.138
457.911
270.085
163.973
105.106
74.7877
59.4412
53.2646
53.137
59.0516
73.5135
102.001
160.187
264.005
454.354
746.768
1130.45
750.227
764.503
1116.93
743.896
457.839
268.64
160.631
104.17
74.2813
59.3669
53.0593
52.6581
58.425
73.225
102.164
157.591
264.069
453.651
744.654
1130.72
751.861
761.309
1118.76
741.722
454.935
266.661
161.599
103.518
73.8281
59.0271
52.8236
52.6214
58.6553
72.8472
101.567
157.273
265.569
448.739
743.94
1131.05
754.726
761.443
1119.4
735.509
447.804
264.261
160.176
102.545
73.2411
58.5154
52.5964
52.3977
58.0473
71.7866
100.761
155.708
260.895
447.505
738.961
1130.24
753.782
758.332
1116.47
733.938
445.296
261.568
156.828
101.423
72.8908
58.1102
52.3346
52.2133
58.0673
71.6672
100.138
155.043
262.548
445.301
739.942
1129.58
752.492
757.001
1118.66
730.475
440.388
259.082
155.218
100.444
71.9223
57.8533
52.0909
51.9631
57.8443
71.4569
99.3504
152.391
257.539
443.045
740.169
1126.05
751.289
755.556
1115.28
726.969
436.882
256.494
153.19
99.4294
71.146
57.4002
51.5605
51.6116
57.2388
70.9539
97.7433
151.175
255.684
439.867
737.634
1127.18
749.524
751.816
1115.27
723.367
433.253
252.312
151.555
98.0491
70.6268
57.0649
51.3864
51.4132
57.0123
70.4405
97.082
149.3
252.195
437.073
730.993
1128.54
748
750.234
1114.03
720.124
429.722
250.047
149.786
97.1346
70.0559
56.6893
51.1145
51.2009
56.5868
69.63
95.8999
147.421
248.827
434.065
729.338
1125.27
743.816
749.819
1114.42
717.286
427.17
246.859
147.494
95.8565
69.5574
56.4484
50.934
51.0513
56.3083
69.1143
94.9488
145.765
245.884
429.729
724.342
1128.4
742.998
750.416
1115.37
714.492
424.287
244.508
145.799
95.1921
69.1199
56.1644
50.7546
50.8109
55.9732
68.3672
93.408
143.816
243.727
424.893
722.19
1127.21
740.081
748.679
1113.98
710.322
421.512
242.772
144.534
94.3303
68.6861
55.9331
50.6073
50.5464
55.6906
67.9291
92.6854
142.275
240.732
421.208
717.471
1123.55
737.438
744.573
1110.56
704.8
418.169
242.261
142.994
93.5655
68.3193
55.7883
50.5474
50.3537
55.2418
67.3332
91.6756
140.538
237.664
416.99
712.486
1125.55
735.019
742.771
1110.59
700.145
415.369
238.939
141.413
92.8052
68.1322
55.722
50.4794
50.12
54.9253
66.7754
90.7075
138.749
235.442
413.59
709.585
1122.9
731.738
740.23
1110.62
697.01
411.303
235.903
139.767
92.0548
68.0794
55.4653
50.288
49.8593
54.5823
66.2441
89.9245
137.285
232.302
409.131
706.249
1124.61
729.333
737.71
1109.1
693.026
407.06
231.308
137.993
91.2412
67.3841
55.1366
49.8809
49.5469
54.2025
65.7427
89.0224
135.505
228.937
403.854
704.609
1124.17
727.105
734.602
1104.74
689.492
402.579
228.497
136.609
90.459
66.875
54.8311
49.5039
49.1998
53.8543
65.3047
88.3264
133.995
225.602
400.593
701.145
1121.53
725.567
730.035
1104.82
684.918
396.154
225.426
135.063
89.7287
66.3948
54.3708
49.1443
48.8993
53.5163
64.7825
87.4978
132.519
223.13
396.181
698.869
1121.29
723.906
727.524
1099.08
681.02
392.486
222.822
133.593
88.8437
65.7948
53.9144
48.8285
48.5627
53.1318
64.2933
86.6872
131.017
219.802
391.695
693.398
1118.97
721.932
723.766
1098.83
676.821
388.114
219.876
132.118
88.0107
65.2455
53.5488
48.5399
48.3119
52.8095
63.7711
85.8174
129.443
217.109
387.112
687.247
1116.77
719.49
720.852
1096.75
672.043
383.352
217.369
130.774
87.1306
64.6234
53.1424
48.1842
47.9554
52.4301
63.265
84.9744
128.008
214.617
383.371
683.084
1114.17
716.75
716.329
1094.85
667.483
379.275
214.629
129.344
86.3959
64.2084
52.8164
47.874
47.63
52.0314
62.7151
84.0952
126.385
211.55
378.772
677.104
1110.64
713.768
712.502
1093.21
663.155
375.145
212.19
127.897
85.4681
63.6097
52.3974
47.51
47.2553
51.6127
62.1664
83.2583
124.897
208.666
374.325
671.304
1108.45
710.044
708.741
1092.79
658.843
370.972
209.438
126.444
84.6693
63.105
52.0639
47.2316
46.9507
51.2156
61.611
82.3493
123.295
206.015
369.554
665.957
1106.17
706.93
705.744
1093.68
654.517
366.742
206.745
124.885
83.7213
62.5082
51.6189
46.8649
46.6255
50.8393
61.0839
81.5171
121.733
202.819
364.648
660.35
1104.18
703.224
702.802
1091.52
649.808
362.036
203.798
123.364
82.8773
61.96
51.2351
46.5386
46.2853
50.45
60.5459
80.6238
120.169
200.149
360.22
655.063
1101.14
699.268
699.639
1086.45
645.074
357.844
201.003
121.839
81.9859
61.3867
50.8204
46.1988
45.9613
50.0698
60.0403
79.8327
118.628
197.06
355.462
650.439
1099.48
695.766
697.502
1085.92
640.745
353.587
198.34
120.375
81.1719
60.8669
50.4301
45.8636
45.6211
49.6815
59.5144
78.987
117.126
194.316
350.904
645.043
1098.15
692.473
694.846
1082.4
636.124
349.396
195.661
118.868
80.3213
60.3274
50.0372
45.5215
45.2851
49.308
59.0354
78.227
115.67
191.485
346.263
640.399
1098.81
690.226
692.79
1082.48
631.526
344.879
192.808
117.376
79.4955
59.8099
49.6434
45.173
44.9347
48.9074
58.503
77.402
114.228
188.736
341.724
635.341
1099.39
687.953
690.881
1078.62
626.645
340.776
190.315
115.967
78.6761
59.253
49.2121
44.8015
44.576
48.5123
57.9863
76.61
112.793
185.927
336.904
629.894
1096.98
685.834
688.233
1077.27
621.244
335.97
187.477
114.487
77.8441
58.7227
48.804
44.4379
44.2155
48.1071
57.4509
75.7904
111.369
183.245
332.314
624.008
1090.49
682.813
685.582
1070.86
615.651
331.644
184.961
113.097
76.9986
58.1399
48.3514
44.0468
43.8352
47.6894
56.9202
75.0074
109.983
180.523
327.532
618.163
1087.2
679.807
681.592
1066.99
609.343
326.807
182.188
111.622
76.1519
57.5733
47.9134
43.6641
43.4608
47.2702
56.3732
74.171
108.521
177.828
322.845
611.972
1082.8
676.244
677.693
1062.36
603.653
322.44
179.614
110.183
75.2925
56.9872
47.4611
43.271
43.0749
46.8452
55.8445
73.391
107.114
175.032
317.716
605.014
1077.24
671.593
673.462
1056.26
597.006
317.553
176.848
108.698
74.4228
56.4047
47.0066
42.8733
42.6885
46.4192
55.2963
72.5499
105.658
172.29
312.674
597.679
1071.36
665.502
668.707
1052.66
590.855
312.893
174.192
107.233
73.5479
55.8031
46.5408
42.4657
42.2932
45.9905
54.7556
71.7445
104.227
169.474
307.423
590.18
1065.56
660.295
664.779
1047.8
584.287
308.071
171.396
105.712
72.6318
55.1686
46.0465
42.0398
41.8848
45.5458
54.1912
70.9038
102.754
166.629
302.114
582.41
1058.77
653.925
660.009
1043.61
577.543
303.023
168.585
104.18
71.7056
54.5347
45.5571
41.6114
41.47
45.1007
53.641
70.0789
101.315
163.899
297.004
574.782
1052.83
647.137
655.034
1038.37
570.584
297.992
165.687
102.586
70.7334
53.8603
45.0253
41.1548
41.0364
44.629
53.0501
69.2143
99.8069
161.017
291.689
567.176
1046.49
641.437
649.537
1033.31
563.484
292.72
162.72
100.951
69.7513
53.1808
44.4919
40.6916
40.5906
44.1459
52.4518
68.3527
98.353
158.263
286.541
559.612
1041.11
636.323
645.008
1027.92
556.289
287.462
159.683
99.2455
68.7025
52.4549
43.9326
40.2101
40.1282
43.6442
51.8241
67.4526
96.8461
155.402
281.208
551.823
1034.71
630.425
639.36
1022.35
548.696
281.912
156.518
97.4967
67.6183
51.7022
43.3536
39.71
39.6456
43.1225
51.1838
66.5398
95.3601
152.673
276.116
544.404
1029.24
626.249
635.172
1016.95
541.168
276.412
153.32
95.6498
66.4955
50.9313
42.7573
39.1947
39.1448
42.5716
50.5076
65.5871
93.789
149.794
270.711
536.463
1022.83
620.999
630.537
1011.76
533.338
270.62
149.96
93.7292
65.3183
50.1345
42.1396
38.6568
38.6206
41.9987
49.7955
64.5923
92.2558
147.01
265.48
528.902
1017.54
617.161
626.594
1006.65
525.226
264.674
146.522
91.7521
64.0812
49.2851
41.4901
38.0943
38.0701
41.3979
49.0543
63.5543
90.6145
144.038
260.061
521.198
1012.08
613.341
621.534
1001.24
516.639
258.466
142.948
89.7161
62.8097
48.4042
40.8174
37.5137
37.501
40.7711
48.2849
62.4719
88.8969
140.974
254.448
513.03
1006.84
609.435
616.833
995.755
507.379
251.854
139.187
87.5638
61.4822
47.4962
40.1192
36.9075
36.9027
40.102
47.4498
61.3185
87.0744
137.754
248.624
504.431
1001.02
604.473
610.214
989.022
497.117
244.843
135.302
85.354
60.0955
46.5477
39.3943
36.274
36.2725
39.3945
46.5649
60.0925
85.1638
134.415
242.594
495.397
994.961
599.755
603.088
981.485
486.081
237.446
131.24
83.0393
58.6598
45.5545
38.6226
35.6014
35.6092
38.6483
45.631
58.801
83.1496
130.911
236.223
485.705
988.185
593.73
593.972
972.358
473.629
229.411
126.922
80.6041
57.1414
44.5068
37.811
34.8907
34.9024
37.8534
44.6247
57.4119
81.0253
127.261
229.502
475.247
980.647
587.464
583.735
961.457
459.988
220.961
122.42
78.0515
55.554
43.399
36.9454
34.1314
34.1517
37.0188
43.5836
55.9466
78.7587
123.389
222.28
463.804
971.993
579.607
571.331
948.093
445.078
212.006
117.676
75.3643
53.8664
42.2191
36.0251
33.3266
33.3522
36.119
42.4497
54.3653
76.334
119.256
214.592
451.146
961.831
570.511
557.345
931.948
429.051
202.8
112.81
72.5597
52.0769
40.9682
35.0568
32.4757
32.5005
35.1659
41.2537
52.6995
73.7781
114.886
206.367
437.267
949.677
559.87
542.009
913.107
411.981
193.29
107.813
69.6496
50.2078
39.645
34.0152
31.558
31.5885
34.1405
39.9601
50.8964
71.0132
110.156
197.532
421.782
934.521
547.024
525.231
891.097
393.978
183.621
102.757
66.6715
48.2549
38.2537
32.9179
30.5905
30.6258
33.0553
38.5912
48.9957
68.1054
105.209
188.211
404.908
916.154
532.5
508.197
865.937
375.097
173.729
97.5864
63.6221
46.2298
36.7888
31.7515
29.555
29.5957
31.9014
37.142
46.9708
64.9827
99.91
178.252
386.122
892.844
514.726
489.328
836.795
355.271
163.709
92.2833
60.4504
44.1299
35.2643
30.5324
28.4723
28.5186
30.6929
35.6191
44.8457
61.7213
94.4191
167.858
365.76
865.2
494.988
470.632
804.307
334.823
153.661
86.8623
57.1673
41.9573
33.6842
29.265
27.3435
27.3917
29.4298
34.0326
42.6193
58.2925
88.638
156.864
343.348
831.26
471.43
449.917
767.772
313.317
143.374
81.3058
53.7878
39.7131
32.0507
27.9558
26.1771
26.2272
28.124
32.3894
40.3276
54.8011
82.7859
145.729
319.973
792.619
446.935
429.725
728.471
291.598
133.12
75.8384
50.4515
37.4821
30.4248
26.6464
25.0023
25.0495
26.803
30.7291
38.0069
51.2415
76.8157
134.308
295.3
748.146
420.245
410.012
686.697
269.871
122.986
70.3745
47.1388
35.2699
28.8005
25.3344
23.8255
23.8707
25.4792
29.0694
35.7053
47.7389
70.9766
123.166
270.78
700.408
394.684
390.425
642.581
248.156
113.08
65.0891
43.9423
33.136
27.2342
24.066
22.6836
22.7236
24.1925
27.4636
33.4786
44.3417
65.2823
112.312
246.561
649.862
369.91
373.035
598.124
227.196
103.583
60.0412
40.8819
31.0943
25.7366
22.8512
21.5904
21.6283
22.9676
25.9392
31.3806
41.174
60.0112
102.294
223.797
599.5
349.318
355.688
552.268
206.572
94.5502
55.3309
38.0546
29.2105
24.352
21.7272
20.5795
20.6167
21.8408
24.5406
29.4508
38.2661
55.198
93.1272
202.639
549.951
332.244
340.768
507.29
187.372
86.2876
51.0578
35.4939
27.5036
23.1039
20.7204
19.676
19.7092
20.8215
23.2775
27.7421
35.7236
50.9892
85.1414
183.902
503.344
320.512
327.248
463.247
169.571
78.8695
47.2989
33.2799
26.0338
22.0232
19.8452
18.8903
18.9217
19.9399
22.1821
26.2481
33.5083
47.3743
78.2931
167.477
460.208
314.587
315.87
421.58
153.747
72.5355
44.1404
31.4157
24.7926
21.1115
19.1073
18.2259
18.252
19.1868
21.2495
24.9896
31.6569
44.3562
72.5225
153.141
420.65
310.605
308.957
383.98
140.359
67.3731
41.5863
29.9023
23.778
20.3609
18.4955
17.6727
17.6936
18.5592
20.4724
23.9424
30.1244
41.8685
67.699
140.688
384.69
310.089
304.715
349.48
128.722
63.1339
39.5364
28.6844
22.9537
19.7458
17.9919
17.2157
17.2306
18.0381
19.8301
23.0862
28.8836
39.8416
63.6166
129.513
351.075
303.893
303.521
319.805
119.311
59.8413
37.9395
27.7134
22.2812
19.2365
17.5717
16.8335
16.8427
17.6001
19.2886
22.3642
27.8396
38.1331
60.1469
119.877
321.23
303.09
302.393
292.839
110.891
56.9972
36.5692
26.8736
21.695
18.7925
17.2083
16.5059
16.511
17.2243
18.8227
21.7457
26.9569
36.707
57.2185
111.273
293.815
302.57
302.45
269.437
103.869
54.6585
35.3878
26.1206
21.161
18.389
16.8825
16.2162
16.2184
16.8898
18.4021
21.1826
26.1544
35.4375
54.7145
103.913
269.759
302.739
307.721
247.645
97.5789
52.4573
34.2238
25.3691
20.6348
18.0019
16.5796
15.9533
15.9543
16.5834
18.0086
20.6474
25.3929
34.2702
52.5415
97.7227
247.788
307.143
310.947
227.824
92.4069
50.4578
33.099
24.6277
20.1164
17.6274
16.2944
15.7113
15.7118
16.2965
17.631
20.1231
24.6393
33.1216
50.5107
92.5304
228.14
311.009
317.883
210.67
87.9386
48.5478
31.9573
23.8625
19.5874
17.2557
16.0217
15.4869
15.4871
16.023
17.2583
19.593
23.8734
31.9773
48.5819
87.9875
210.774
318.059
326.148
196.022
83.9376
46.6639
30.7878
23.0795
19.0548
16.8917
15.7648
15.2824
15.2825
15.7654
16.8931
19.0584
23.0883
30.8069
46.7029
83.9958
196.028
325.816
336.396
183.642
80.4166
44.8063
29.5784
22.2653
18.5103
16.5325
15.5237
15.0991
15.0993
15.5243
16.534
18.513
22.2712
29.591
44.8349
80.4818
183.791
336.577
348.224
173.56
77.1358
42.8682
28.3001
21.42
17.9622
16.1866
15.3052
14.9424
14.9425
15.3055
16.1876
17.9638
21.4233
28.3059
42.8771
77.1427
173.533
348.22
361.623
165.122
73.9299
40.8128
26.9383
20.5382
17.4104
15.8562
15.1119
14.8147
14.815
15.1126
15.8578
17.4135
20.5446
26.9524
40.8411
73.9758
165.13
361.43
376.065
158.52
70.7623
38.6156
25.4936
19.631
16.8674
15.5515
14.9507
14.7202
14.7204
14.9507
15.5514
16.867
19.63
25.4919
38.6148
70.7745
158.599
376.263
391.857
152.784
67.1816
36.0996
23.9074
18.6846
16.3342
15.2764
14.824
14.6661
14.6661
14.8243
15.2776
16.3364
18.689
23.9166
36.1179
67.2039
152.73
391.592
407.469
147.609
63.1268
33.3175
22.2337
17.7402
15.8404
15.048
14.7406
14.6455
14.6458
14.7418
15.0479
15.8397
17.7387
22.231
33.3157
63.1392
147.685
407.717
423.249
141.736
58.0181
30.0799
20.4377
16.8084
15.402
14.8732
14.7026
14.6428
14.6428
14.7025
14.8735
15.4035
16.8112
20.4426
30.0905
58.0352
141.69
422.996
437.592
133.897
51.5549
26.4429
18.6161
15.9677
15.0668
14.788
14.6964
14.6708
14.6709
14.697
14.7896
15.0688
15.9661
18.6121
26.4382
51.554
133.92
437.767
449.883
120.287
42.7145
22.3408
16.8337
15.2836
14.873
14.7606
14.7236
14.7159
14.7159
14.7234
14.7594
14.8696
15.282
16.8348
22.3491
42.733
120.296
449.769
462.086
95.6779
31.2096
18.197
15.6156
14.9723
14.822
14.7745
14.7688
14.7692
14.7692
14.769
14.7747
14.8208
14.971
15.6142
18.1921
31.1953
95.6097
462.099
470.771
47.4376
18.0411
15.0069
14.7428
14.8113
14.8128
14.8223
14.826
14.8269
14.8269
14.826
14.8224
14.8132
14.8115
14.7435
15.0098
18.0479
47.4386
470.744
268.028
360.77
239.243
157.342
104.551
71.9651
52.6584
41.6544
35.7928
33.3282
33.5031
36.2937
42.4093
53.5166
72.6111
104.437
156.179
236.812
357.392
266.687
267.882
360.524
238.655
156.531
103.803
71.4329
52.333
41.4831
35.7202
33.2995
33.478
36.2287
42.247
53.1972
72.0872
103.614
155.432
236.258
357.143
266.649
267.777
360.565
238.911
156.903
104.156
71.6706
52.4583
41.5276
35.7231
33.2803
33.4549
36.2223
42.2877
53.3052
72.3098
104.074
156.152
236.802
357.416
266.627
267.611
360.505
239.072
157.17
104.432
71.8272
52.5399
41.5584
35.7254
33.2621
33.4289
36.2077
42.3127
53.3648
72.4126
104.454
156.026
236.654
357.336
266.394
267.468
360.31
238.869
156.934
104.251
71.6769
52.4501
41.413
35.6971
33.247
33.4094
36.1771
42.2599
53.0961
72.0963
104.31
155.775
236.408
357.243
266.362
267.174
360.189
238.59
156.585
103.974
71.1497
52.142
41.4569
35.6799
33.2299
33.3841
36.1218
42.1587
53.2761
72.3072
104.107
154.953
235.636
357.009
266.349
266.942
360.051
238.364
156.247
103.757
71.3692
52.2328
41.3466
35.6474
33.2085
33.3684
36.1211
42.1481
52.9797
72.1072
103.966
155.624
236.286
357.516
266.407
266.78
359.881
237.724
155.212
103.016
70.8668
51.8824
41.3573
35.6035
33.1822
33.3404
36.0663
42.1027
52.9115
71.5644
103.16
154.78
236.554
357.844
266.516
266.637
359.809
237.688
155.264
103.142
71.2378
52.0856
41.3014
35.6032
33.1575
33.3131
36.0316
41.9916
52.8585
71.6581
103.343
154.96
236.104
357.906
266.442
266.46
359.7
237.405
155.024
102.887
70.8718
52.1592
41.3673
35.5841
33.1285
33.2876
36.0004
41.9666
52.8575
71.2554
103.51
155.292
236.562
357.968
266.573
266.372
359.544
237.251
154.997
102.833
71.0745
51.9176
41.1907
35.4928
33.0924
33.2542
35.9645
41.9245
52.6653
71.2745
102.898
154.591
236.419
358.011
266.554
266.23
359.447
237.173
155.097
102.719
70.9915
51.9004
41.1815
35.4901
33.0766
33.233
35.9262
41.9463
52.8195
71.3959
103.358
155.138
235.908
358.093
266.612
266.081
359.354
236.512
155.171
102.546
70.8291
51.7871
41.1237
35.4602
33.0498
33.2013
35.9016
41.895
52.8176
71.5759
102.69
154.851
236.186
358.179
266.399
265.859
359.258
236.4
154.881
102.367
70.6844
51.7079
41.1167
35.4103
33.0177
33.1627
35.8426
41.8185
52.7031
71.4765
102.74
154.048
235.492
358.188
266.323
265.65
359.088
236.137
154.083
102.167
70.2737
51.588
41.003
35.3915
32.9891
33.1291
35.779
41.6311
52.3668
71.2986
102.847
154.502
236.023
358.21
266.161
265.518
359.005
236.058
154.041
102.272
70.3994
51.5506
41.037
35.3484
32.9575
33.0857
35.7009
41.5257
52.2398
70.8065
102.539
153.682
235.768
358.17
266.038
265.281
358.892
236.154
154.08
102.05
70.2221
51.4281
40.9154
35.315
32.9292
33.0455
35.6403
41.4163
52.1015
70.8033
102.255
153.56
235.536
358.188
265.955
265.09
358.769
235.832
153.669
101.289
69.9993
51.312
40.8598
35.271
32.8937
33.0055
35.5851
41.341
51.9961
70.2592
101.954
153.52
234.861
358.186
265.792
264.962
358.612
235.057
152.728
101.276
69.82
51.1606
40.7681
35.2272
32.8734
32.9778
35.5355
41.2624
51.7797
70.1706
101.202
153.154
234.804
358.22
265.563
264.832
358.436
234.938
152.452
100.954
69.3174
50.9432
40.6866
35.1797
32.8386
32.9383
35.4782
41.1648
51.6954
70.1079
101.225
152.759
234.718
358.201
265.37
264.64
358.242
234.568
151.905
100.222
69.2838
50.8531
40.6107
35.1405
32.8113
32.9076
35.4393
41.0942
51.4761
69.8332
100.84
152.331
234.411
358.153
265.179
264.421
358.01
233.78
151.344
99.9894
69.102
50.8064
40.6204
35.1117
32.7801
32.8705
35.3927
41.0086
51.3398
69.4973
100.211
151.82
234.05
358.093
264.985
264.169
357.873
233.355
151.161
99.57
68.5955
50.749
40.4934
35.0739
32.752
32.8352
35.322
40.8691
51.0682
69.04
99.8614
151.348
233.689
358.059
264.791
263.971
357.705
232.878
150.425
99.2819
68.3405
50.4775
40.4533
35.0561
32.7356
32.7999
35.2493
40.7616
50.9128
68.7639
99.3027
150.225
233.248
357.984
264.475
263.67
357.636
232.396
149.932
98.6641
67.9582
50.3851
40.3696
35.0158
32.7035
32.7612
35.1879
40.6401
50.6931
68.4392
98.7565
149.881
232.849
357.882
264.133
263.426
357.638
231.975
149.439
98.2315
67.6676
50.2449
40.2816
34.9784
32.6833
32.7304
35.1314
40.5495
50.5345
68.0599
98.3229
149.267
231.949
357.506
263.739
263.044
357.467
231.492
148.873
97.5116
67.2679
49.9438
40.1972
34.947
32.6593
32.7015
35.0707
40.4362
50.3571
67.7875
97.8196
148.54
231.521
357.413
263.498
262.8
357.112
230.979
148.112
97.1133
66.9894
49.8102
40.1166
34.9067
32.6367
32.6753
35.0219
40.3296
50.1635
67.4964
97.3931
148.053
230.838
357.266
263.092
262.493
356.899
230.403
147.529
96.5981
66.6521
49.6116
40.0287
34.8706
32.617
32.6509
34.9675
40.2151
49.9659
67.1863
96.9327
147.385
230.273
357.058
262.673
262.267
356.647
229.799
146.748
96.0904
66.3631
49.4409
39.9498
34.8405
32.606
32.6306
34.926
40.1268
49.7803
66.871
96.4786
146.809
229.568
356.676
262.167
261.929
356.41
229.19
146.136
95.561
66.0081
49.2506
39.8689
34.8185
32.5965
32.6132
34.8753
40.0224
49.5837
66.5188
95.9791
146.203
228.951
356.441
261.846
261.678
356.204
228.456
145.328
94.9883
65.6731
49.0761
39.7866
34.7856
32.588
32.5966
34.8268
39.9146
49.3762
66.1264
95.4317
145.588
228.451
356.337
261.447
261.295
355.834
227.7
144.616
94.4341
65.3432
48.9238
39.7314
34.7754
32.5885
32.5816
34.7717
39.7814
49.1188
65.7132
94.8174
144.857
227.832
355.87
261.118
260.885
355.502
226.922
143.837
93.8916
65.0231
48.7626
39.6685
34.7691
32.591
32.5788
34.7355
39.6684
48.8664
65.2844
94.241
144.131
227.172
355.627
260.67
260.432
355.068
226.183
143.022
93.3166
64.7146
48.6132
39.6143
34.7673
32.607
32.5762
34.6922
39.5478
48.6204
64.8882
93.6886
143.456
226.457
355.387
260.388
259.877
354.668
225.419
142.317
92.782
64.4029
48.4639
39.5606
34.7679
32.621
32.5861
34.6676
39.4625
48.4238
64.4924
93.0481
142.632
225.741
355.048
260.038
259.342
354.229
224.703
141.574
92.2332
64.0938
48.3223
39.5137
34.7626
32.6318
32.5905
34.6415
39.3744
48.2208
64.1042
92.3867
141.839
224.987
354.664
259.646
258.799
353.848
223.951
140.84
91.7008
63.7969
48.1767
39.4598
34.7479
32.6443
32.6005
34.6227
39.2911
48.0314
63.7429
91.8097
141.003
224.205
354.326
259.273
258.339
353.525
223.208
140.077
91.1352
63.4659
48.0123
39.3949
34.7281
32.6492
32.6074
34.6048
39.2167
47.8435
63.3647
91.1426
140.118
223.369
353.882
258.737
258.03
353.181
222.417
139.312
90.5999
63.1409
47.8407
39.3119
34.7043
32.6497
32.6105
34.5857
39.1386
47.6611
63.0123
90.5689
139.279
222.511
353.495
258.328
257.863
352.8
221.65
138.536
90.019
62.7835
47.6478
39.2145
34.6716
32.6523
32.612
34.5572
39.0458
47.457
62.6225
89.8996
138.408
221.617
352.976
257.782
257.718
352.389
220.815
137.695
89.4273
62.4257
47.4472
39.1266
34.6462
32.6477
32.6084
34.5313
38.9594
47.2616
62.2526
89.2756
137.491
220.676
352.476
257.402
257.506
351.951
220.01
136.871
88.828
62.0576
47.2547
39.0395
34.616
32.6497
32.61
34.5021
38.8663
47.0545
61.8551
88.6062
136.578
219.721
351.905
256.865
257.245
351.505
219.118
136
88.2171
61.6875
47.0522
38.9407
34.5793
32.639
32.6012
34.4722
38.7769
46.8546
61.4651
87.9415
135.64
218.74
351.347
256.43
256.961
351.081
218.178
135.077
87.577
61.3082
46.8431
38.839
34.5341
32.6206
32.5861
34.4309
38.6777
46.6385
61.0571
87.2656
134.683
217.731
350.78
255.948
256.644
350.632
217.219
134.172
86.9325
60.919
46.6171
38.718
34.476
32.5927
32.5614
34.3826
38.5661
46.4136
60.6511
86.5815
133.715
216.712
350.228
255.479
256.282
350.148
216.243
133.232
86.2783
60.5142
46.3856
38.5907
34.4079
32.5544
32.5255
34.3211
38.4457
46.1833
60.2551
85.9453
132.797
215.769
349.702
255.22
255.878
349.633
215.26
132.296
85.6027
60.1081
46.135
38.4424
34.3285
32.5068
32.4797
34.2494
38.3132
45.9428
59.83
85.2506
131.816
214.762
349.202
255.013
255.462
349.088
214.214
131.29
84.8822
59.6692
45.8848
38.2931
34.2372
32.4462
32.4213
34.162
38.1621
45.6866
59.4089
84.568
130.866
213.766
348.735
254.836
254.904
348.507
213.142
130.295
84.176
59.2108
45.6088
38.1328
34.1375
32.3747
32.3514
34.0639
38.0065
45.4308
58.9657
83.8462
129.837
212.678
348.217
254.527
254.316
347.894
211.979
129.218
83.4191
58.7287
45.316
37.9573
34.0264
32.2916
32.2713
33.9585
37.8412
45.1485
58.4965
83.1052
128.788
211.544
347.629
254.215
253.764
347.297
210.84
128.142
82.6384
58.2409
45.0321
37.7688
33.9015
32.1976
32.1777
33.8374
37.6621
44.8776
58.0314
82.3315
127.672
210.355
347
253.772
253.21
346.667
209.628
126.989
81.8386
57.7228
44.7196
37.5786
33.7633
32.0911
32.0796
33.7133
37.4699
44.5617
57.5215
81.5447
126.554
209.143
346.278
253.217
252.706
346.087
208.419
125.812
80.9998
57.2085
44.3927
37.363
33.6138
31.965
31.953
33.5676
37.279
44.266
57.0158
80.6991
125.352
207.853
345.603
252.708
252.157
345.483
207.103
124.551
80.1153
56.6337
44.017
37.129
33.4591
31.8394
31.8251
33.4159
37.0719
43.9382
56.4649
79.8238
124.112
206.479
344.855
251.937
251.571
344.925
205.729
123.225
79.1759
56.0267
43.6416
36.8834
33.2826
31.6987
31.6927
33.2577
36.8466
43.5938
55.9166
78.9328
122.806
205.06
344.17
251.291
250.91
344.304
204.271
121.831
78.137
55.3718
43.2584
36.6379
33.0982
31.5458
31.5445
33.0855
36.6111
43.226
55.3334
78.0179
121.416
203.515
343.338
250.389
250.11
343.618
202.682
120.329
77.0835
54.7064
42.8331
36.3526
32.9028
31.3901
31.3944
32.9061
36.3575
42.8457
54.7392
77.0408
119.95
201.911
342.566
249.569
249.122
342.834
200.937
118.713
75.9448
54.0122
42.4028
36.0733
32.693
31.21
31.2118
32.6994
36.0933
42.4506
54.0824
75.966
118.376
200.144
341.638
248.551
248.02
341.944
199.019
116.956
74.7881
53.2835
41.9283
35.7474
32.4629
31.021
31.0241
32.4843
35.7992
42.0164
53.403
74.8604
116.763
198.337
340.655
247.485
246.527
340.833
196.859
115.007
73.5092
52.5285
41.4599
35.429
32.2156
30.8093
30.8123
32.2391
35.4918
41.5748
52.6815
73.6623
115.011
196.35
339.568
246.384
244.966
339.576
194.535
112.991
72.1554
51.6828
40.9254
35.062
31.9374
30.5692
30.5812
31.9783
35.1455
41.0714
51.9026
72.4292
113.151
194.176
338.323
244.968
242.89
337.928
191.858
110.799
70.7303
50.7942
40.3589
34.68
31.6467
30.3107
30.3218
31.6806
34.7684
40.5279
51.0609
71.0983
111.133
191.765
336.913
243.465
240.685
336.029
188.925
108.441
69.2499
49.867
39.7597
34.2705
31.3205
30.0231
30.0355
31.3656
34.3693
39.9541
50.1842
69.6915
108.933
189.028
335.127
241.488
237.977
333.565
185.651
105.906
67.6619
48.9122
39.1535
33.8322
30.9677
29.7033
29.7171
31.011
33.9212
39.3262
49.2297
68.1748
106.54
185.967
332.952
239.207
235.101
330.699
182.092
103.224
65.992
47.9041
38.4976
33.3558
30.5774
29.349
29.3624
30.6234
33.4526
38.6841
48.2467
66.5614
103.949
182.535
330.234
236.467
231.78
327.208
178.154
100.397
64.254
46.8384
37.7945
32.838
30.1558
28.9676
28.9793
30.1975
32.9351
37.9911
47.1868
64.8208
101.138
178.681
326.889
233.236
228.188
323.121
173.857
97.431
62.4577
45.7317
37.0604
32.2913
29.695
28.5399
28.5494
29.7292
32.3743
37.2364
46.072
63.0138
98.1542
174.427
322.885
229.614
224.185
318.276
169.168
94.329
60.6338
44.6005
36.2801
31.6886
29.1804
28.0622
28.0743
29.2217
31.7758
36.4453
44.9012
61.1247
94.9729
169.702
318.01
225.41
219.947
312.652
164.173
91.1312
58.7338
43.4349
35.4683
31.0484
28.626
27.5424
27.553
28.6631
31.1276
35.6105
43.6785
59.1371
91.682
164.623
312.377
220.912
215.439
306.206
158.87
87.8805
56.8501
42.2384
34.6114
30.3584
28.0182
26.9716
26.9853
28.0637
30.4451
34.7521
42.4628
57.195
88.319
159.188
305.853
216.115
210.87
299.055
153.345
84.5999
54.9495
41.025
33.7281
29.6356
27.3734
26.3599
26.3751
27.42
29.7194
33.8587
41.2149
55.2123
84.8952
153.471
298.537
211.18
206.374
291.226
147.652
81.3452
53.0886
39.8201
32.8286
28.8813
26.6904
25.7081
25.7244
26.7406
28.9687
32.9581
39.9972
53.3043
81.5279
147.61
290.563
206.393
202.125
282.87
141.902
78.1552
51.2817
38.6316
31.9176
28.1071
25.9858
25.0336
25.0514
26.0405
28.2013
32.0515
38.7953
51.4461
78.2433
141.738
282.052
201.967
198.526
274.19
136.235
75.1064
49.5545
37.4733
31.0171
27.3321
25.2727
24.3472
24.3653
25.3272
27.4218
31.1392
37.6169
49.6919
75.1656
136.026
273.302
198.318
195.628
265.247
130.681
72.2044
47.9047
36.356
30.1378
26.5688
24.5674
23.6664
23.6843
24.6217
26.6592
30.262
36.5015
48.0406
72.2613
130.482
264.467
195.598
193.805
256.273
125.307
69.4661
46.348
35.2917
29.2937
25.8318
23.8839
23.0054
23.0221
23.9348
25.9163
29.4105
35.4321
46.4827
69.5209
125.134
255.611
193.946
193.441
247.145
120.029
66.8542
44.8853
34.2942
28.5001
25.1369
23.2377
22.3786
22.3929
23.2813
25.2104
28.6035
34.4231
45.0235
66.9615
119.983
246.706
193.568
191.639
237.821
114.903
64.4005
43.5182
33.3613
27.759
24.4884
22.6352
21.7944
21.8066
22.6723
24.552
27.8501
33.4787
43.6524
64.5268
114.922
237.456
190.928
188.597
228.258
109.907
62.0866
42.2591
32.5116
27.0848
23.8973
22.0841
21.2587
21.2677
22.1117
23.9457
27.1564
32.6094
42.3826
62.2326
110.037
228.199
189.154
186.764
218.75
105.078
59.9146
41.0943
31.7321
26.469
23.358
21.5815
20.7702
20.7767
21.6015
23.3937
26.5227
31.8067
41.1903
60.0331
105.206
218.731
187.407
185.311
209.144
100.429
57.9024
40.0438
31.0344
25.9148
22.8689
21.1231
20.3234
20.3276
21.136
22.8925
25.9512
31.0867
40.1145
57.9991
100.576
209.259
186.359
183.603
199.479
95.9788
56.0401
39.0841
30.3959
25.4041
22.4155
20.6969
19.9078
19.9104
20.7048
22.4306
25.4281
30.4316
39.1336
56.1055
96.0771
199.562
183.877
182.875
190.022
91.8432
54.3863
38.2396
29.8205
24.9308
21.9879
20.2914
19.5114
19.5127
20.2952
21.995
24.9418
29.8358
38.2588
54.4064
91.87
190.07
183.188
182.78
180.836
87.9487
52.8831
37.46
29.2712
24.4693
21.5676
19.8927
19.1222
19.1228
19.8945
21.571
24.475
29.2796
37.4703
52.8878
87.9344
180.834
182.699
184.671
172.36
84.4182
51.5785
36.7502
28.7392
24.0076
21.1434
19.4907
18.7307
18.7308
19.491
21.144
24.0088
28.7405
36.7512
51.573
84.3814
172.29
184.627
188.009
164.332
81.3347
50.428
36.0655
28.1935
23.5261
20.7027
19.0765
18.3299
18.3299
19.0767
20.7031
23.5275
28.1959
36.0702
50.434
81.3328
164.331
187.97
193.992
157.238
78.7932
49.4195
35.3823
27.6163
23.0132
20.238
18.6453
17.9159
17.9158
18.6454
20.2383
23.0142
27.6185
35.387
49.4281
78.8002
157.224
193.961
202.106
150.79
76.8981
48.4996
34.6614
26.9864
22.4582
19.7449
18.1961
17.4893
17.4893
18.1964
19.7456
22.46
26.9902
34.669
48.5135
76.9175
150.802
202.111
213.404
145.749
75.3484
47.5685
33.8619
26.2852
21.8536
19.222
17.7307
17.0534
17.0534
17.7309
19.2225
21.8549
26.2882
33.8675
47.5788
75.3625
145.741
213.384
227.142
141.786
74.081
46.5751
32.9504
25.4966
21.1943
18.6706
17.2544
16.6152
16.6152
17.2545
18.6712
21.1957
25.5002
32.9577
46.5894
74.1028
141.746
227.168
244.383
139.431
73.0182
45.4376
31.8864
24.6044
20.4771
18.0947
16.7748
16.184
16.184
16.7748
18.0949
20.4775
24.6057
31.8891
45.4428
73.034
139.568
244.371
265.011
138.475
71.8818
44.0142
30.61
23.5876
19.6992
17.5003
16.3025
15.7726
15.7725
16.3025
17.5004
19.6997
23.5891
30.614
44.0223
71.8914
138.423
265.023
288.322
138.128
70.3376
42.1798
29.0776
22.4357
18.8651
16.8991
15.8525
15.3968
15.3968
15.8523
16.8989
18.8649
22.4359
29.0789
42.1836
70.3463
138.134
288.306
314.86
138.173
68.1182
39.8083
27.2467
21.1445
17.9863
16.3086
15.4439
15.0763
15.0763
15.4438
16.3084
17.9862
21.1449
27.2486
39.814
68.1316
138.184
314.846
342.977
137.866
64.697
36.7272
25.085
19.7277
17.09
15.7571
15.101
14.8327
14.8327
15.1008
15.7569
17.0899
19.7277
25.0855
36.7301
64.7083
137.89
342.964
372.895
135.434
59.4273
32.7831
22.6039
18.2353
16.2262
15.2854
14.8673
14.7158
14.7159
14.8673
15.2854
16.2264
18.2354
22.6039
32.7843
59.4338
135.446
372.869
402.373
127.765
51.1768
27.8369
19.879
16.7566
15.4652
14.9482
14.7514
14.6768
14.6769
14.7516
14.9484
15.4649
16.7562
19.8787
27.838
51.1812
127.779
402.382
432.73
107.328
38.612
21.9966
17.1352
15.5572
15.0134
14.821
14.7335
14.702
14.7019
14.7333
14.8201
15.0117
15.5565
17.1358
21.9971
38.6133
107.33
432.72
466.388
57.3733
21.6514
16.1848
15.1317
14.8909
14.8339
14.8027
14.7961
14.7961
14.7961
14.7961
14.8025
14.8334
14.8897
15.13
16.1842
21.6514
57.3744
466.393
)
;

boundaryField
{
    fixedWalls_1
    {
        Cmu             0.09;
        kappa           0.41;
        E               9.8;
        type            epsilonWallFunction;
        value           nonuniform List<scalar> 
200
(
266.762
266.388
266.323
266.221
266.297
266.249
266.452
266.583
266.657
266.837
267.144
267.138
266.961
266.913
266.748
266.656
266.541
266.345
266.151
265.813
265.524
265.163
264.968
264.687
264.44
264.15
263.883
263.577
263.24
262.85
262.433
262.133
261.802
261.393
261.023
260.501
260.065
259.572
259.221
258.906
258.562
258.196
257.664
257.101
256.575
255.946
255.48
254.955
254.563
254.048
253.514
253.062
252.475
251.999
251.438
250.878
250.132
249.302
248.229
247.018
245.54
243.877
242.039
239.9
237.619
234.906
231.919
228.578
224.835
220.81
216.551
212.211
207.989
204.027
200.548
197.701
195.559
194.624
192.105
189.868
187.961
185.874
184.138
183.231
182.718
184.672
188.015
193.986
202.145
213.356
227.178
244.34
265.045
288.31
314.854
343.006
372.861
402.403
432.708
466.395
265.96
265.917
265.807
265.904
266.239
266.436
266.494
266.616
266.661
266.647
266.604
266.745
266.546
266.286
266.128
265.889
265.64
265.482
265.277
265.034
264.686
264.443
263.965
263.646
263.144
262.843
262.565
262.122
261.759
261.355
261
260.686
260.479
260.295
259.997
259.599
259.129
258.625
258.079
257.693
257.236
256.814
256.419
256.08
255.811
255.457
255.191
254.778
254.379
253.909
253.396
252.825
252.194
251.535
250.838
250.033
249.16
248.2
246.979
245.633
244.152
242.527
240.766
238.823
236.759
234.288
231.714
228.595
225.311
221.37
217.391
213.003
208.864
204.659
201.056
197.746
195.132
192.868
190.939
189.044
187.2
185.324
183.759
183.151
182.669
184.656
187.956
193.987
202.093
213.394
227.145
244.362
265.004
288.3
314.839
342.946
372.887
402.361
432.731
466.39
)
;
    }
    frontAndBack_1
    {
        type            empty;
    }
    inlet_1
    {
        type            fixedValue;
        value           uniform 14.855;
    }
    outlet_1
    {
        type            zeroGradient;
    }
    fixedWalls_2
    {
        Cmu             0.09;
        kappa           0.41;
        E               9.8;
        type            epsilonWallFunction;
        value           nonuniform List<scalar> 
200
(
777.636
773.419
775.156
773.925
771.622
772.814
771.355
766.888
766.999
766.011
764.318
759.556
759.126
756.261
753.64
751.346
748.774
746.151
743.933
740.988
737.033
732.989
730.058
727.15
724.817
724.567
725.521
722.785
724.541
720.57
719.291
715.87
713.829
711.227
709.047
706.432
702.961
699.658
696.668
693.82
691.215
689.014
686.595
684.57
682.786
680.367
678.043
675.032
672.718
669.027
665.984
662.662
658.982
654.856
650.787
646.11
642.031
637.209
633.537
628.945
624.277
618.996
612.218
604.052
592.841
579.072
561.969
541.898
520.308
496.353
472.921
447.814
424.652
400.786
378.647
357.422
338.438
323.19
313.676
309.004
308.278
305.438
302.007
302.339
302.627
307.137
310.693
318.22
325.885
336.502
348.289
361.542
376.151
391.798
407.534
423.24
437.527
449.982
461.872
470.828
771.378
767.558
771.452
770.721
766.486
766.872
766.071
764.774
766.877
763.968
765.677
762.208
762.6
760.245
761.918
758.803
759.753
758.251
754.57
754.189
753.468
751.799
747.662
745.102
742.956
739.879
736.525
734.557
732.268
730.074
727.178
723.104
718.829
715.806
712.954
709.416
706.529
702.823
699.644
695.171
691.897
688.081
684.554
680.771
677.103
673.087
669.693
665.33
661.166
655.985
651.128
645.07
639.324
633.502
627.554
621.979
616.791
612.268
607.91
603.423
598.065
592.169
584.326
575.62
563.971
550.321
534.982
516.902
498.141
477.232
456.795
434.997
413.615
392.437
371.398
352.888
336.376
324.115
316.493
314.516
308.524
306.951
302.586
302.931
303.212
307.183
310.71
318.201
325.716
336.487
348.006
361.602
375.868
391.881
407.364
423.184
437.61
449.816
462.071
470.754
)
;
    }
    frontAndBack_2
    {
        type            empty;
    }
    inlet_2
    {
        type            fixedValue;
        value           uniform 14.855;
    }
    outlet_2
    {
        type            zeroGradient;
    }
    fixedWalls_3
    {
        Cmu             0.09;
        kappa           0.41;
        E               9.8;
        type            epsilonWallFunction;
        value           nonuniform List<scalar> 
200
(
1372.37
1362.36
1364.43
1365.59
1357.39
1363.82
1360.44
1358.1
1354.64
1351.99
1343.69
1346.18
1343.71
1334.95
1334.44
1330.66
1327.51
1323.28
1321.02
1317.61
1308.33
1303.77
1298.49
1292.58
1288.16
1281.5
1276.57
1272.27
1266.9
1262.01
1256.65
1251.8
1247.18
1240.99
1235.81
1230.13
1227.02
1221.99
1217.01
1211.58
1206.54
1201.22
1196.49
1192.35
1188.68
1184.97
1179.56
1173.87
1167.21
1160.82
1153.92
1147.67
1141.14
1133.9
1126.64
1117.03
1106.02
1092.16
1076.8
1059.22
1040.41
1020.21
999.166
977.235
953.976
930.256
904.812
878.425
849.596
818.885
785.017
748.994
709.152
667.686
623.933
580.877
536.789
495.785
456.848
424.035
399.085
382.024
374.372
369.451
368.626
369.668
374.343
379.267
384.572
392.277
400.794
410.095
419.807
430.384
439.953
449.686
456.992
464.068
468.386
473.494
1345.42
1340.19
1330.47
1329.67
1326.6
1323.33
1321.72
1320.98
1323.87
1320.79
1313.76
1318.07
1316.85
1313.83
1311.9
1301.34
1298.01
1292.65
1286.32
1281.74
1277.85
1276.03
1276.1
1277.88
1275.06
1267.08
1262.82
1254.54
1250.31
1244.13
1237.48
1230.39
1223.11
1217.46
1211.03
1206.69
1200.8
1198.29
1194.8
1192.45
1189.7
1186.29
1183.8
1178.92
1176.12
1170.71
1167.57
1162.53
1158.39
1154.31
1148.58
1143.94
1137.86
1132.68
1127.27
1120.94
1116.11
1107.72
1099.99
1088.69
1076.11
1060.54
1041.77
1021.11
996.701
971.254
941.714
909.857
874.553
833.979
790.144
741.047
688.164
631.962
578.484
527.064
484.577
447.219
417.487
395.729
383.306
375.584
371.64
369.431
368.927
369.911
374.43
378.329
384.901
391.988
400.601
409.922
419.928
430.018
440.309
449.412
457.274
463.93
468.538
473.325
)
;
    }
    frontAndBack_3
    {
        type            empty;
    }
    inlet_3
    {
        type            fixedValue;
        value           uniform 14.855;
    }
    outlet_3
    {
        type            zeroGradient;
    }
    fixedWalls_4
    {
        Cmu             0.09;
        kappa           0.41;
        E               9.8;
        type            epsilonWallFunction;
        value           nonuniform List<scalar> 
200
(
782.136
777.075
775.254
772.187
771.62
773.447
772.933
772.051
771.152
769.604
767.39
768.28
766.182
764.503
761.309
761.443
758.332
757.001
755.556
751.816
750.234
749.819
750.416
748.679
744.573
742.771
740.23
737.71
734.602
730.035
727.524
723.766
720.852
716.329
712.502
708.741
705.744
702.802
699.639
697.502
694.846
692.79
690.881
688.233
685.582
681.592
677.693
673.462
668.707
664.779
660.009
655.034
649.537
645.008
639.36
635.172
630.537
626.594
621.534
616.833
610.214
603.088
593.972
583.735
571.331
557.345
542.009
525.231
508.197
489.328
470.632
449.917
429.725
410.012
390.425
373.035
355.688
340.768
327.248
315.87
308.957
304.715
303.521
302.393
302.45
307.721
310.947
317.883
326.148
336.396
348.224
361.623
376.065
391.857
407.469
423.249
437.592
449.883
462.086
470.771
771.394
766.777
767.269
765.643
763.761
762.341
758.058
756.047
754.42
752.69
751.855
751.135
750.227
751.861
754.726
753.782
752.492
751.289
749.524
748
743.816
742.998
740.081
737.438
735.019
731.738
729.333
727.105
725.567
723.906
721.932
719.49
716.75
713.768
710.044
706.93
703.224
699.268
695.766
692.473
690.226
687.953
685.834
682.813
679.807
676.244
671.593
665.502
660.295
653.925
647.137
641.437
636.323
630.425
626.249
620.999
617.161
613.341
609.435
604.473
599.755
593.73
587.464
579.607
570.511
559.87
547.024
532.5
514.726
494.988
471.43
446.935
420.245
394.684
369.91
349.318
332.244
320.512
314.587
310.605
310.089
303.893
303.09
302.57
302.739
307.143
311.009
318.059
325.816
336.577
348.22
361.43
376.263
391.592
407.717
422.996
437.767
449.769
462.099
470.744
)
;
    }
    frontAndBack_4
    {
        type            empty;
    }
    inlet_4
    {
        type            fixedValue;
        value           uniform 14.855;
    }
    outlet_4
    {
        type            zeroGradient;
    }
    fixedWalls_5
    {
        Cmu             0.09;
        kappa           0.41;
        E               9.8;
        type            epsilonWallFunction;
        value           nonuniform List<scalar> 
200
(
268.028
267.882
267.777
267.611
267.468
267.174
266.942
266.78
266.637
266.46
266.372
266.23
266.081
265.859
265.65
265.518
265.281
265.09
264.962
264.832
264.64
264.421
264.169
263.971
263.67
263.426
263.044
262.8
262.493
262.267
261.929
261.678
261.295
260.885
260.432
259.877
259.342
258.799
258.339
258.03
257.863
257.718
257.506
257.245
256.961
256.644
256.282
255.878
255.462
254.904
254.316
253.764
253.21
252.706
252.157
251.571
250.91
250.11
249.122
248.02
246.527
244.966
242.89
240.685
237.977
235.101
231.78
228.188
224.185
219.947
215.439
210.87
206.374
202.125
198.526
195.628
193.805
193.441
191.639
188.597
186.764
185.311
183.603
182.875
182.78
184.671
188.009
193.992
202.106
213.404
227.142
244.383
265.011
288.322
314.86
342.977
372.895
402.373
432.73
466.388
266.687
266.649
266.627
266.394
266.362
266.349
266.407
266.516
266.442
266.573
266.554
266.612
266.399
266.323
266.161
266.038
265.955
265.792
265.563
265.37
265.179
264.985
264.791
264.475
264.133
263.739
263.498
263.092
262.673
262.167
261.846
261.447
261.118
260.67
260.388
260.038
259.646
259.273
258.737
258.328
257.782
257.402
256.865
256.43
255.948
255.479
255.22
255.013
254.836
254.527
254.215
253.772
253.217
252.708
251.937
251.291
250.389
249.569
248.551
247.485
246.384
244.968
243.465
241.488
239.207
236.467
233.236
229.614
225.41
220.912
216.115
211.18
206.393
201.967
198.318
195.598
193.946
193.568
190.928
189.154
187.407
186.359
183.877
183.188
182.699
184.627
187.97
193.961
202.111
213.384
227.168
244.371
265.023
288.306
314.846
342.964
372.869
402.382
432.72
466.393
)
;
    }
    frontAndBack_5
    {
        type            empty;
    }
    inlet_5
    {
        type            fixedValue;
        value           uniform 14.855;
    }
    outlet_5
    {
        type            zeroGradient;
    }
}


// ************************************************************************* //
