/*--------------------------------*- C++ -*----------------------------------*\
  =========                 |
  \\      /  F ield         | OpenFOAM: The Open Source CFD Toolbox
   \\    /   O peration     | Website:  https://openfoam.org
    \\  /    A nd           | Version:  6
     \\/     M anipulation  |
\*---------------------------------------------------------------------------*/
FoamFile
{
    version     2.0;
    format      ascii;
    class       volScalarField;
    location    "28";
    object      k;
}
// * * * * * * * * * * * * * * * * * * * * * * * * * * * * * * * * * * * * * //

dimensions      [0 2 -2 0 0 0 0];

internalField   nonuniform List<scalar> 
10000
(
0.208439
0.528463
0.48743
0.429079
0.376854
0.338075
0.312567
0.297325
0.289028
0.285715
0.286585
0.291352
0.300569
0.316293
0.342199
0.380326
0.43084
0.487556
0.527186
0.208053
0.20824
0.528014
0.486822
0.428941
0.376669
0.338505
0.313633
0.298985
0.290764
0.286345
0.287181
0.29299
0.302018
0.316586
0.342514
0.380363
0.430488
0.487477
0.526982
0.207915
0.208166
0.527878
0.486957
0.428982
0.376848
0.338352
0.313106
0.298381
0.289921
0.286386
0.287307
0.291998
0.301386
0.31654
0.342505
0.380318
0.430828
0.487391
0.526786
0.208013
0.208248
0.527911
0.487136
0.42904
0.376605
0.338421
0.313562
0.297971
0.291064
0.286972
0.287627
0.293064
0.300828
0.316581
0.342315
0.380167
0.430489
0.486949
0.526958
0.207983
0.208274
0.527839
0.486712
0.42909
0.377033
0.338749
0.313018
0.297932
0.290175
0.288328
0.288969
0.292031
0.300791
0.316809
0.342597
0.380015
0.43018
0.487569
0.527325
0.208266
0.208298
0.528074
0.48747
0.42916
0.376886
0.338557
0.313268
0.298359
0.291068
0.287875
0.28827
0.292901
0.301758
0.317711
0.34234
0.379964
0.430254
0.487617
0.527462
0.20834
0.208253
0.527957
0.487388
0.429197
0.377079
0.338774
0.31393
0.299227
0.290183
0.286952
0.287115
0.291665
0.300553
0.317299
0.342322
0.38
0.43022
0.487457
0.527489
0.208357
0.208388
0.527911
0.486818
0.428946
0.376945
0.338358
0.31321
0.298302
0.290272
0.286767
0.287155
0.291777
0.300457
0.317064
0.342403
0.379946
0.430473
0.487286
0.527572
0.208505
0.208445
0.52792
0.487174
0.428868
0.376833
0.338546
0.314066
0.299647
0.291976
0.287098
0.287364
0.29321
0.30053
0.316365
0.34181
0.379621
0.430324
0.487681
0.527869
0.208546
0.208612
0.528177
0.487148
0.428618
0.376672
0.338074
0.313563
0.298981
0.291411
0.287828
0.287024
0.292272
0.300383
0.316327
0.341761
0.379453
0.429756
0.487102
0.527783
0.20839
0.208673
0.528262
0.486938
0.428451
0.376519
0.337938
0.314323
0.299944
0.290309
0.286101
0.286527
0.291101
0.300328
0.316511
0.341797
0.379411
0.429646
0.487059
0.527816
0.208432
0.208606
0.528155
0.486728
0.42771
0.376106
0.337563
0.313013
0.2984
0.290637
0.285688
0.286219
0.290974
0.300423
0.317469
0.342164
0.379202
0.429484
0.486845
0.527548
0.208333
0.208475
0.527866
0.485972
0.427398
0.375951
0.337334
0.311923
0.296843
0.288642
0.285343
0.286265
0.292082
0.301024
0.31643
0.341485
0.378831
0.4291
0.486579
0.527454
0.208148
0.208434
0.527712
0.48563
0.426907
0.375699
0.337301
0.31197
0.296924
0.288566
0.285126
0.285997
0.290989
0.30005
0.315504
0.340819
0.378386
0.428239
0.485722
0.527145
0.20796
0.208285
0.527492
0.48521
0.426519
0.37539
0.337296
0.312109
0.297
0.288609
0.28527
0.286309
0.292518
0.301461
0.315725
0.341087
0.378173
0.427942
0.485329
0.527007
0.207816
0.208227
0.527407
0.484841
0.426138
0.375096
0.337517
0.312816
0.297366
0.288833
0.285425
0.286392
0.292026
0.30085
0.31555
0.34066
0.377774
0.427303
0.484663
0.526712
0.207611
0.208069
0.52711
0.484394
0.425708
0.37472
0.336787
0.311617
0.298049
0.288944
0.285524
0.287266
0.29173
0.300255
0.315565
0.340604
0.377392
0.426686
0.484236
0.526429
0.207433
0.207904
0.526854
0.483866
0.425066
0.374234
0.336105
0.311154
0.296437
0.289785
0.285331
0.285687
0.290369
0.300695
0.315966
0.340198
0.376889
0.426129
0.483719
0.526215
0.207302
0.207724
0.526621
0.483195
0.424171
0.373753
0.336018
0.311065
0.296393
0.288823
0.285603
0.285854
0.290064
0.298924
0.314553
0.339691
0.376437
0.425491
0.483097
0.525992
0.207112
0.207455
0.526282
0.482557
0.423653
0.373331
0.336073
0.311196
0.296654
0.290226
0.287434
0.286357
0.290317
0.298913
0.315041
0.339444
0.375809
0.424708
0.482361
0.525738
0.206895
0.207219
0.52585
0.481802
0.423002
0.372813
0.336385
0.311738
0.296563
0.289152
0.287036
0.286566
0.290475
0.298667
0.313954
0.338864
0.375139
0.423859
0.481546
0.525323
0.206599
0.206974
0.525451
0.48112
0.422276
0.37216
0.335285
0.310645
0.296434
0.28919
0.287233
0.287971
0.29192
0.298832
0.313951
0.338149
0.374306
0.422919
0.480804
0.524973
0.206354
0.206819
0.525167
0.480492
0.421591
0.371598
0.334572
0.310661
0.296724
0.289526
0.286625
0.287115
0.291548
0.298526
0.314329
0.337169
0.373408
0.421886
0.479838
0.524319
0.205952
0.206586
0.524839
0.480036
0.420978
0.371156
0.334227
0.310687
0.297065
0.290796
0.287982
0.288217
0.291341
0.298208
0.312578
0.33671
0.372453
0.420811
0.479002
0.523917
0.205698
0.206401
0.524552
0.479387
0.420322
0.37068
0.33422
0.310911
0.297367
0.289603
0.286578
0.28675
0.290327
0.298139
0.312338
0.336856
0.371645
0.419978
0.478228
0.5234
0.205342
0.20618
0.524265
0.478912
0.41972
0.370193
0.33437
0.311579
0.29741
0.29111
0.288462
0.288391
0.29164
0.298775
0.31228
0.335583
0.370665
0.419071
0.477596
0.523157
0.205172
0.205971
0.523987
0.478192
0.419099
0.369748
0.334085
0.310524
0.296612
0.2905
0.287863
0.287461
0.290264
0.297245
0.310826
0.334621
0.369828
0.418202
0.476819
0.52282
0.204892
0.205728
0.523694
0.477497
0.418271
0.369152
0.333797
0.311011
0.296838
0.289927
0.287258
0.288776
0.290918
0.298292
0.311507
0.333862
0.369076
0.417332
0.475998
0.522437
0.204574
0.205461
0.52333
0.476719
0.417528
0.368604
0.33349
0.310503
0.297303
0.290408
0.287434
0.287777
0.291817
0.29749
0.310574
0.332814
0.368303
0.416498
0.475229
0.522101
0.204315
0.205158
0.522894
0.475892
0.416602
0.367964
0.333348
0.311609
0.299054
0.291504
0.288344
0.288398
0.291068
0.29761
0.310348
0.332896
0.367738
0.415671
0.474445
0.521686
0.204025
0.20488
0.522499
0.475062
0.415753
0.367368
0.3329
0.311692
0.299346
0.292339
0.289214
0.289392
0.293096
0.299339
0.310418
0.331811
0.36693
0.414829
0.473679
0.521305
0.203794
0.20465
0.522166
0.474332
0.414948
0.366791
0.332501
0.312162
0.300326
0.293483
0.291635
0.291866
0.293959
0.299733
0.310698
0.331621
0.366411
0.414088
0.473017
0.520955
0.203588
0.204363
0.521776
0.473551
0.414155
0.366329
0.332513
0.313028
0.301541
0.295593
0.292888
0.29288
0.2952
0.300154
0.311549
0.331374
0.365571
0.41318
0.472198
0.520691
0.203431
0.204046
0.52132
0.472739
0.413357
0.365729
0.332398
0.313514
0.302863
0.29747
0.294888
0.294326
0.296111
0.301114
0.311291
0.331138
0.36492
0.412298
0.471455
0.520505
0.203261
0.203736
0.520895
0.471826
0.412461
0.365214
0.332348
0.313849
0.30379
0.298564
0.296152
0.295613
0.29749
0.301911
0.311623
0.330971
0.364216
0.411347
0.47058
0.520136
0.20297
0.203346
0.520367
0.470842
0.411556
0.364675
0.332305
0.313909
0.304816
0.299789
0.297349
0.296732
0.298498
0.302877
0.312265
0.33099
0.363622
0.410375
0.469709
0.519613
0.202625
0.203027
0.519852
0.469813
0.410507
0.363975
0.3323
0.31496
0.305808
0.301003
0.298681
0.298166
0.299724
0.303953
0.313407
0.331013
0.362866
0.409293
0.468642
0.519052
0.202248
0.202682
0.519272
0.468801
0.409484
0.363378
0.332292
0.315362
0.30662
0.301995
0.29984
0.299392
0.300755
0.304779
0.313809
0.331035
0.362206
0.408202
0.467568
0.518374
0.20185
0.202444
0.518836
0.467883
0.408453
0.362653
0.332269
0.316175
0.307565
0.303194
0.30115
0.300679
0.301961
0.305754
0.314373
0.331351
0.361411
0.407016
0.466446
0.517707
0.201468
0.202178
0.518397
0.466876
0.407363
0.362005
0.332304
0.31671
0.308512
0.304369
0.302441
0.302021
0.30318
0.306758
0.31491
0.330978
0.360659
0.405865
0.465323
0.51719
0.201172
0.201891
0.517975
0.465854
0.406294
0.361363
0.332353
0.317527
0.309609
0.305538
0.3036
0.303132
0.304222
0.30764
0.315274
0.330694
0.359876
0.404717
0.464196
0.516622
0.200817
0.201546
0.517465
0.464643
0.40508
0.360707
0.332556
0.318013
0.310471
0.306668
0.304853
0.304386
0.305329
0.308501
0.315723
0.330226
0.35913
0.403568
0.463023
0.516042
0.20051
0.201109
0.516812
0.463418
0.403876
0.359944
0.332274
0.318438
0.311257
0.307621
0.305919
0.305515
0.306473
0.309536
0.316379
0.330238
0.35858
0.402574
0.462016
0.515459
0.200224
0.200684
0.516097
0.462131
0.402616
0.359206
0.332609
0.318651
0.31194
0.308643
0.307114
0.306757
0.307639
0.3105
0.316968
0.330178
0.357905
0.401512
0.461013
0.514961
0.199986
0.20027
0.515416
0.460874
0.401338
0.358232
0.33179
0.318215
0.31246
0.309553
0.308194
0.307884
0.308728
0.311437
0.317594
0.330142
0.357268
0.400475
0.460003
0.514562
0.199766
0.199821
0.514646
0.45951
0.399988
0.357182
0.330647
0.317216
0.312809
0.310431
0.30932
0.309091
0.309863
0.312337
0.318076
0.329993
0.356514
0.399283
0.458842
0.514089
0.199492
0.19948
0.514026
0.458164
0.398566
0.356001
0.329311
0.317423
0.313088
0.311192
0.310339
0.310197
0.3109
0.313117
0.318398
0.329891
0.355729
0.398037
0.457649
0.513625
0.199245
0.199082
0.513314
0.456774
0.397097
0.35483
0.328839
0.3156
0.312449
0.311681
0.311229
0.311213
0.311824
0.313709
0.318329
0.329812
0.354923
0.396755
0.456351
0.513009
0.19889
0.198754
0.512689
0.455385
0.395532
0.353405
0.329158
0.31506
0.31124
0.311931
0.311931
0.312033
0.312488
0.313915
0.317403
0.329967
0.353984
0.395324
0.454975
0.512338
0.198547
0.198327
0.511956
0.453935
0.393944
0.351677
0.327354
0.314386
0.311839
0.312094
0.312313
0.312555
0.312784
0.313661
0.316946
0.328925
0.352899
0.393869
0.453539
0.511629
0.198144
0.197923
0.511172
0.452352
0.392291
0.350032
0.325912
0.313261
0.309557
0.310941
0.311848
0.312477
0.312269
0.312307
0.316879
0.327619
0.351678
0.392225
0.451938
0.510895
0.197717
0.197537
0.510452
0.450783
0.390649
0.348387
0.324322
0.313061
0.30917
0.309231
0.310257
0.311569
0.310801
0.311394
0.314834
0.325954
0.350407
0.390528
0.450241
0.510103
0.197235
0.197073
0.509575
0.449044
0.388892
0.347021
0.323895
0.313238
0.309047
0.310298
0.309746
0.310196
0.310247
0.312221
0.314624
0.32555
0.349158
0.388678
0.44841
0.509223
0.196713
0.196684
0.508821
0.447349
0.387183
0.346124
0.322898
0.314297
0.308891
0.308075
0.310643
0.312031
0.311098
0.309824
0.314071
0.325396
0.347915
0.386829
0.446524
0.508248
0.196156
0.196193
0.50797
0.44541
0.385242
0.346174
0.322488
0.313794
0.30967
0.307672
0.30781
0.309078
0.308327
0.309093
0.313457
0.326066
0.346659
0.38481
0.444508
0.5072
0.195549
0.19567
0.507086
0.443348
0.38288
0.343553
0.32173
0.312061
0.307712
0.308261
0.307688
0.307713
0.308135
0.308976
0.313183
0.324537
0.344877
0.382516
0.442262
0.506025
0.194852
0.194977
0.505912
0.441
0.38054
0.341858
0.319272
0.309943
0.305515
0.305451
0.308389
0.307869
0.309167
0.309486
0.31402
0.323482
0.342954
0.380035
0.43983
0.50479
0.194093
0.194202
0.504605
0.438395
0.377869
0.339932
0.317846
0.30809
0.305375
0.305353
0.306178
0.308037
0.306435
0.307938
0.31168
0.321848
0.341014
0.377435
0.437173
0.503401
0.193215
0.193233
0.503051
0.435407
0.374839
0.337767
0.316614
0.307716
0.305585
0.305985
0.307088
0.30638
0.306094
0.306546
0.309751
0.320402
0.338835
0.374455
0.434129
0.501703
0.192155
0.192147
0.501316
0.432131
0.371514
0.335235
0.314636
0.308675
0.306315
0.308021
0.306619
0.308172
0.308217
0.308181
0.309627
0.318891
0.336427
0.371297
0.430897
0.499861
0.191023
0.190855
0.499291
0.428522
0.367955
0.332601
0.313884
0.307043
0.307094
0.307424
0.306781
0.306966
0.3066
0.306704
0.310054
0.317149
0.33385
0.367939
0.427407
0.497819
0.189769
0.189429
0.497007
0.424635
0.364268
0.329847
0.314153
0.307054
0.306269
0.307252
0.307787
0.307806
0.307084
0.306792
0.308514
0.314571
0.330967
0.364365
0.423691
0.495575
0.188406
0.187842
0.494479
0.4206
0.360604
0.327081
0.312294
0.308853
0.309262
0.309814
0.309952
0.309913
0.310122
0.309508
0.310563
0.313187
0.328538
0.360901
0.419876
0.493149
0.18693
0.186046
0.491641
0.41629
0.356962
0.32463
0.311346
0.3094
0.310479
0.312394
0.313268
0.313016
0.311242
0.309503
0.309164
0.3119
0.325999
0.357283
0.415823
0.49055
0.185318
0.184113
0.488698
0.411884
0.353612
0.322995
0.311817
0.310455
0.312325
0.314082
0.314367
0.314425
0.313334
0.311015
0.308731
0.310791
0.323436
0.353738
0.411653
0.487804
0.183566
0.181857
0.485308
0.407143
0.350249
0.321848
0.312491
0.312641
0.314363
0.31595
0.316424
0.316396
0.315149
0.313204
0.311169
0.31131
0.321541
0.350478
0.407283
0.484669
0.181541
0.17942
0.481594
0.402227
0.347026
0.321874
0.313384
0.313785
0.316249
0.318278
0.319248
0.319044
0.317401
0.314892
0.312229
0.311803
0.320038
0.347343
0.402821
0.481377
0.179406
0.176699
0.47737
0.397077
0.343716
0.32125
0.314233
0.315679
0.318352
0.32044
0.321393
0.321241
0.319806
0.317338
0.314516
0.314024
0.320463
0.344588
0.398099
0.477586
0.176894
0.173748
0.472629
0.391763
0.340577
0.320617
0.31635
0.317703
0.320594
0.322927
0.324071
0.323899
0.322462
0.319785
0.316862
0.315051
0.319392
0.341446
0.393165
0.473504
0.174258
0.170665
0.467529
0.386352
0.337531
0.319935
0.31721
0.319572
0.322716
0.325073
0.326235
0.326155
0.324763
0.322251
0.319032
0.317058
0.319614
0.338862
0.388072
0.46874
0.171239
0.167518
0.46221
0.381046
0.334812
0.319441
0.318294
0.32119
0.32455
0.327102
0.328414
0.328349
0.326979
0.324451
0.32117
0.318308
0.320114
0.33624
0.382928
0.463731
0.168269
0.164441
0.456771
0.376028
0.33263
0.319213
0.319614
0.323047
0.326556
0.329098
0.330376
0.330348
0.32901
0.326446
0.322988
0.319757
0.319807
0.333942
0.377842
0.458289
0.165124
0.161565
0.451355
0.371518
0.331249
0.320364
0.321238
0.324906
0.328467
0.331029
0.332345
0.332359
0.331084
0.328585
0.32512
0.321611
0.321001
0.33238
0.37313
0.452897
0.162253
0.158978
0.44597
0.367414
0.330311
0.321554
0.322973
0.326758
0.330284
0.332784
0.334066
0.334102
0.332889
0.33045
0.326962
0.323182
0.32176
0.331034
0.368637
0.447244
0.159432
0.156811
0.440787
0.363846
0.32991
0.322721
0.324662
0.328551
0.332053
0.334511
0.335781
0.335846
0.334707
0.33237
0.32898
0.32519
0.323351
0.3305
0.364796
0.441789
0.157085
0.155074
0.435733
0.360705
0.329681
0.323866
0.32632
0.330327
0.333786
0.336167
0.33739
0.337464
0.336385
0.33412
0.330743
0.326781
0.324344
0.330216
0.361207
0.436261
0.154926
0.153874
0.430683
0.357821
0.329618
0.325292
0.328165
0.332193
0.335572
0.337875
0.339057
0.339141
0.338124
0.335956
0.332664
0.328642
0.325694
0.329865
0.358063
0.430935
0.153195
0.152496
0.425373
0.354989
0.3297
0.326662
0.329946
0.334037
0.337371
0.339616
0.340757
0.340835
0.339846
0.337731
0.334485
0.330415
0.327061
0.329852
0.355061
0.425387
0.151543
0.150475
0.419565
0.352109
0.329558
0.328075
0.331792
0.335947
0.339242
0.341441
0.342555
0.342624
0.341641
0.339555
0.336334
0.33219
0.328404
0.329884
0.352062
0.419484
0.149989
0.148814
0.413082
0.349086
0.329816
0.329582
0.333689
0.337891
0.341133
0.343267
0.34434
0.344396
0.34343
0.341389
0.33821
0.334022
0.329843
0.329893
0.349015
0.412948
0.148337
0.147074
0.405838
0.345896
0.330043
0.331192
0.335719
0.339949
0.34311
0.345156
0.346169
0.346209
0.345271
0.34329
0.340167
0.335938
0.331347
0.330071
0.345727
0.405608
0.146649
0.145273
0.397608
0.342523
0.330359
0.332901
0.337842
0.342104
0.345186
0.347142
0.348095
0.348122
0.347218
0.345308
0.342256
0.338
0.333017
0.330363
0.342366
0.397364
0.144953
0.143817
0.388673
0.339347
0.331066
0.334961
0.340217
0.344439
0.347391
0.349228
0.35011
0.350125
0.34927
0.347461
0.344526
0.34031
0.335031
0.331069
0.33924
0.388461
0.1438
0.142915
0.379041
0.336443
0.332145
0.33729
0.342778
0.346904
0.349692
0.351391
0.352194
0.352201
0.35141
0.349725
0.346946
0.342821
0.33732
0.332142
0.336406
0.378899
0.142856
0.142782
0.369268
0.334399
0.333841
0.340015
0.345576
0.349512
0.352082
0.353615
0.354329
0.354332
0.353623
0.352096
0.34953
0.345595
0.340032
0.333847
0.33439
0.369252
0.142763
0.144199
0.359748
0.333445
0.336119
0.343096
0.348553
0.352201
0.3545
0.355837
0.356452
0.356452
0.355838
0.3545
0.352203
0.348551
0.343092
0.336112
0.333446
0.359781
0.144185
0.146842
0.350889
0.333185
0.339032
0.346494
0.351675
0.354933
0.356903
0.358016
0.358517
0.358516
0.358014
0.356898
0.354929
0.351668
0.34649
0.339035
0.333188
0.350919
0.146816
0.151484
0.343128
0.334337
0.342701
0.350199
0.354884
0.357643
0.359228
0.36009
0.360468
0.360466
0.360086
0.35922
0.357634
0.354873
0.350191
0.342698
0.334327
0.343162
0.151484
0.157881
0.336873
0.336807
0.347008
0.354128
0.358114
0.360277
0.361433
0.362022
0.36227
0.362268
0.362019
0.361427
0.360272
0.358113
0.354135
0.347027
0.336814
0.336864
0.157852
0.166634
0.333202
0.34089
0.352014
0.358238
0.361317
0.362795
0.363483
0.363786
0.363897
0.363896
0.363783
0.36348
0.362792
0.361318
0.358243
0.352028
0.340912
0.333208
0.166652
0.177438
0.331751
0.346408
0.357386
0.362393
0.364422
0.365156
0.365356
0.365365
0.365339
0.365338
0.365364
0.365355
0.365156
0.364426
0.3624
0.357396
0.346421
0.331759
0.177413
0.190857
0.332104
0.353487
0.363261
0.366577
0.367387
0.367325
0.367028
0.366749
0.36659
0.36659
0.366748
0.367027
0.367324
0.367388
0.366578
0.363262
0.353494
0.332107
0.190867
0.207032
0.338546
0.362365
0.369374
0.370586
0.370087
0.369233
0.368468
0.367927
0.367652
0.367651
0.367925
0.368466
0.36923
0.370086
0.370588
0.369382
0.362383
0.338558
0.207003
0.225213
0.348068
0.37222
0.375418
0.374256
0.372415
0.370822
0.369655
0.368906
0.368542
0.368541
0.368904
0.369651
0.370817
0.37241
0.374253
0.375421
0.372231
0.348081
0.225211
0.245961
0.363773
0.383432
0.38123
0.377386
0.374245
0.372031
0.370585
0.369715
0.369305
0.369305
0.369712
0.370581
0.372026
0.37424
0.377387
0.381242
0.383458
0.363783
0.24594
0.267952
0.384241
0.39485
0.386004
0.379347
0.375305
0.372814
0.371294
0.370422
0.370023
0.370023
0.370419
0.371291
0.372809
0.3753
0.379345
0.386009
0.394866
0.384229
0.267924
0.291298
0.410201
0.404677
0.388348
0.380082
0.375742
0.373312
0.371905
0.371139
0.370803
0.370803
0.371138
0.371903
0.373308
0.37574
0.380081
0.388354
0.404693
0.410217
0.291309
0.314376
0.434504
0.408949
0.388849
0.380082
0.375806
0.37363
0.37251
0.371957
0.371733
0.371733
0.371958
0.372511
0.373629
0.375806
0.38008
0.388854
0.408959
0.434506
0.314349
0.338054
0.444938
0.406827
0.385644
0.378091
0.375062
0.373775
0.373204
0.372962
0.372876
0.372877
0.372964
0.373206
0.373778
0.375064
0.378093
0.385646
0.406832
0.444933
0.338073
0.364369
0.421479
0.386484
0.377504
0.375377
0.374627
0.374348
0.374272
0.374255
0.374253
0.374253
0.374255
0.374272
0.374348
0.374627
0.375378
0.377504
0.386483
0.421482
0.364364
0.611354
1.18849
1.05703
0.866054
0.688663
0.559156
0.479012
0.434253
0.409753
0.399144
0.399366
0.409708
0.433529
0.48007
0.563597
0.69229
0.863466
1.05019
1.18213
0.607372
0.610159
1.18705
1.05044
0.857915
0.682416
0.555247
0.476566
0.433935
0.40972
0.399125
0.399518
0.409985
0.432585
0.476927
0.558652
0.685199
0.855473
1.04284
1.17957
0.606393
0.609435
1.18661
1.04985
0.85553
0.678466
0.551895
0.47541
0.433088
0.409646
0.398937
0.39984
0.409564
0.432223
0.476585
0.558003
0.684538
0.855375
1.04207
1.17906
0.60593
0.606199
1.18344
1.0488
0.851156
0.673691
0.54885
0.473938
0.432454
0.409617
0.398727
0.398838
0.408698
0.431488
0.475154
0.556689
0.683201
0.854634
1.04102
1.17829
0.603391
0.607529
1.18393
1.0473
0.846792
0.670656
0.546925
0.472792
0.431674
0.409066
0.398575
0.398093
0.408134
0.43102
0.474477
0.553135
0.680453
0.852047
1.0344
1.17858
0.604147
0.606313
1.18251
1.04453
0.844022
0.667519
0.544319
0.471469
0.430961
0.408279
0.398457
0.397989
0.407813
0.430421
0.473346
0.553498
0.673864
0.845502
1.03651
1.17733
0.603449
0.603
1.18229
1.04387
0.842298
0.665809
0.542702
0.470473
0.430244
0.407326
0.397336
0.397104
0.407033
0.429961
0.472501
0.550503
0.673552
0.846047
1.0388
1.17952
0.601473
0.60294
1.18125
1.04201
0.841501
0.665908
0.541316
0.469372
0.429692
0.407318
0.397871
0.397127
0.407159
0.429528
0.471521
0.548955
0.672302
0.844853
1.03378
1.17866
0.603528
0.601544
1.17755
1.03573
0.843514
0.668319
0.539876
0.468302
0.42902
0.407392
0.397247
0.396971
0.406396
0.428889
0.470245
0.547436
0.669513
0.841815
1.03664
1.17813
0.602965
0.598349
1.17702
1.03424
0.840848
0.666288
0.538586
0.467255
0.428285
0.407147
0.397713
0.397094
0.406321
0.428424
0.469245
0.545493
0.665858
0.832951
1.02998
1.17462
0.601828
0.597091
1.17358
1.03
0.832903
0.659472
0.536561
0.466199
0.427395
0.406013
0.396841
0.397371
0.406396
0.427677
0.467769
0.541549
0.662176
0.830087
1.02908
1.17495
0.601048
0.595568
1.17257
1.02399
0.830195
0.657837
0.535544
0.465349
0.426665
0.405189
0.396019
0.396506
0.405496
0.426992
0.466246
0.538494
0.658811
0.826122
1.02712
1.17416
0.600075
0.592795
1.16951
1.01984
0.82465
0.653405
0.534606
0.464464
0.42618
0.405457
0.396068
0.397271
0.40572
0.426356
0.464791
0.536017
0.655288
0.823832
1.02591
1.17332
0.599365
0.590887
1.16711
1.01378
0.817419
0.649335
0.532623
0.463357
0.425994
0.404319
0.395802
0.396668
0.405216
0.425643
0.463653
0.53396
0.652133
0.820646
1.02207
1.17309
0.598572
0.588916
1.16496
1.01047
0.813582
0.644055
0.52972
0.461985
0.425143
0.403945
0.395774
0.395954
0.404838
0.42492
0.462269
0.531785
0.648855
0.817849
1.02382
1.17271
0.597769
0.58696
1.16224
1.00576
0.80829
0.641018
0.526454
0.460395
0.424292
0.403698
0.396361
0.396427
0.404121
0.424233
0.461234
0.529757
0.645571
0.815338
1.0218
1.17194
0.596584
0.58485
1.15953
1.00149
0.803061
0.636513
0.524013
0.459176
0.423098
0.403325
0.394736
0.394742
0.402825
0.423406
0.459756
0.527285
0.642262
0.811864
1.01547
1.16821
0.59538
0.582969
1.15822
0.997631
0.798465
0.63272
0.522245
0.458192
0.422141
0.402103
0.393743
0.393915
0.402637
0.422891
0.458472
0.524384
0.638432
0.80846
1.01304
1.16739
0.592305
0.58092
1.15621
0.994087
0.793498
0.628897
0.520196
0.457016
0.420938
0.402116
0.394292
0.394627
0.402707
0.422118
0.457231
0.522298
0.635043
0.804712
1.00949
1.16517
0.591843
0.578182
1.15296
0.989299
0.789671
0.625516
0.517947
0.455897
0.419988
0.402596
0.393133
0.393513
0.403077
0.421396
0.455948
0.520005
0.63119
0.800609
1.00678
1.16496
0.589622
0.57502
1.14867
0.984122
0.783639
0.621514
0.515599
0.454785
0.419687
0.401953
0.392883
0.392461
0.40185
0.420355
0.454691
0.517967
0.628455
0.796559
1.00163
1.1618
0.588974
0.572505
1.14505
0.97881
0.778409
0.617637
0.513271
0.453557
0.419512
0.401524
0.393205
0.392245
0.400639
0.419367
0.453467
0.515691
0.624505
0.79177
0.997838
1.16014
0.586607
0.570865
1.14283
0.974227
0.772481
0.613224
0.511072
0.452563
0.418554
0.400704
0.392452
0.392056
0.399754
0.418413
0.452415
0.513882
0.621514
0.787159
0.992402
1.15841
0.583818
0.569935
1.1404
0.968838
0.76693
0.609683
0.509211
0.451552
0.417447
0.400035
0.392707
0.392319
0.40002
0.417414
0.451406
0.51189
0.618075
0.782861
0.989159
1.15633
0.582121
0.570834
1.14104
0.965789
0.762206
0.605982
0.507292
0.450789
0.417336
0.400786
0.393688
0.392655
0.399591
0.416489
0.45057
0.510065
0.614583
0.777958
0.983965
1.15404
0.580097
0.5705
1.14244
0.964162
0.758218
0.603078
0.505583
0.449845
0.417117
0.400323
0.393099
0.393534
0.400354
0.416315
0.449775
0.508324
0.611482
0.773909
0.980774
1.15233
0.577686
0.569501
1.14183
0.965522
0.754356
0.599996
0.504025
0.44916
0.41712
0.401191
0.393987
0.393576
0.40024
0.416007
0.448835
0.506397
0.608161
0.769379
0.976126
1.14962
0.575464
0.567984
1.14088
0.963535
0.752015
0.598066
0.502737
0.448308
0.416969
0.401019
0.39394
0.39377
0.400337
0.415826
0.448095
0.50465
0.605259
0.766151
0.973513
1.14879
0.5741
0.566397
1.13647
0.960671
0.748462
0.59567
0.50138
0.447545
0.417006
0.401028
0.393961
0.393728
0.40022
0.415572
0.447121
0.502759
0.602033
0.761922
0.96963
1.14753
0.572161
0.563614
1.13531
0.954083
0.745579
0.593713
0.500174
0.446683
0.417373
0.400619
0.393634
0.393432
0.399894
0.415449
0.446396
0.501151
0.599297
0.758457
0.966124
1.14583
0.570154
0.562063
1.13339
0.948951
0.741996
0.591633
0.499022
0.445809
0.416427
0.401076
0.393897
0.393664
0.400463
0.415584
0.445543
0.499432
0.596031
0.753091
0.961076
1.14283
0.567393
0.559587
1.13079
0.945008
0.739158
0.589692
0.497888
0.445119
0.415634
0.400361
0.394206
0.393894
0.399858
0.414725
0.444707
0.497683
0.59267
0.747711
0.955176
1.13857
0.564049
0.558049
1.1283
0.941752
0.7363
0.587621
0.496789
0.444631
0.415082
0.400611
0.395238
0.39487
0.400708
0.414947
0.443969
0.495829
0.58929
0.742843
0.950662
1.13477
0.561174
0.555993
1.12639
0.93766
0.732996
0.585494
0.495584
0.444094
0.415389
0.401427
0.394535
0.394081
0.400364
0.414336
0.44306
0.494083
0.586095
0.738045
0.945136
1.13255
0.559056
0.554124
1.12358
0.933452
0.729353
0.583109
0.494339
0.443188
0.414808
0.401347
0.394909
0.394743
0.40051
0.41461
0.442235
0.492141
0.582563
0.732691
0.940509
1.12999
0.556618
0.551759
1.12088
0.92863
0.725649
0.580852
0.493205
0.442619
0.414984
0.401502
0.395697
0.393887
0.399916
0.41378
0.441157
0.490238
0.579407
0.728707
0.935749
1.1275
0.553983
0.549106
1.11752
0.924217
0.722025
0.578425
0.491934
0.442495
0.41411
0.40097
0.394671
0.393646
0.399149
0.414033
0.440157
0.488245
0.575747
0.723183
0.930889
1.12464
0.551609
0.546848
1.11525
0.919713
0.718215
0.575913
0.490504
0.441444
0.413884
0.400335
0.395458
0.393743
0.399076
0.412765
0.43892
0.486267
0.572378
0.718474
0.925472
1.12215
0.548748
0.544656
1.11241
0.915161
0.71425
0.573252
0.489047
0.440576
0.413854
0.400289
0.394506
0.393638
0.398136
0.411724
0.437833
0.484436
0.569169
0.713612
0.920256
1.11884
0.546014
0.54269
1.11094
0.910301
0.709639
0.57028
0.487522
0.440139
0.414036
0.401135
0.395653
0.393996
0.398037
0.410927
0.436663
0.482356
0.56558
0.708438
0.914729
1.11524
0.542723
0.540847
1.10919
0.90631
0.705775
0.567601
0.485884
0.438495
0.413164
0.400284
0.394944
0.394571
0.397924
0.410617
0.435533
0.480402
0.562371
0.703672
0.90948
1.11245
0.540356
0.53924
1.10721
0.902227
0.701465
0.564653
0.484254
0.437051
0.412129
0.400726
0.394138
0.393159
0.397743
0.410034
0.434137
0.478072
0.558366
0.697857
0.903811
1.10923
0.537311
0.537293
1.10397
0.897957
0.697532
0.561918
0.482728
0.436733
0.411885
0.39958
0.394276
0.393177
0.398136
0.409297
0.432807
0.475865
0.554607
0.692126
0.897279
1.10573
0.534642
0.535941
1.10221
0.893971
0.693578
0.559147
0.481074
0.436624
0.411784
0.399366
0.39414
0.393068
0.396913
0.407846
0.431234
0.473292
0.550357
0.686181
0.891213
1.10263
0.531709
0.534219
1.0993
0.889683
0.689645
0.556378
0.479334
0.437101
0.411708
0.399606
0.395133
0.393438
0.397101
0.407634
0.429761
0.470603
0.545927
0.679669
0.884254
1.09934
0.528884
0.532248
1.0967
0.885126
0.685548
0.553495
0.477324
0.435495
0.411597
0.39979
0.395281
0.39375
0.397749
0.406749
0.427861
0.467701
0.541381
0.673443
0.877755
1.09613
0.525881
0.53025
1.09374
0.88045
0.681186
0.550419
0.475286
0.434308
0.411855
0.400556
0.395537
0.394514
0.396579
0.406748
0.42596
0.464795
0.536749
0.666851
0.871091
1.0932
0.523068
0.527862
1.09025
0.875336
0.676742
0.547338
0.473212
0.432797
0.410162
0.399542
0.395074
0.394001
0.395639
0.404911
0.423875
0.461906
0.532153
0.660431
0.864129
1.08931
0.519476
0.525801
1.08738
0.870404
0.671888
0.543894
0.471057
0.431344
0.408435
0.398568
0.394422
0.3935
0.395485
0.403816
0.421887
0.45891
0.527305
0.653604
0.857183
1.0857
0.516054
0.522844
1.08354
0.864547
0.666729
0.540339
0.468946
0.430137
0.407983
0.398671
0.394697
0.394516
0.395629
0.402712
0.419956
0.45588
0.522264
0.646378
0.849316
1.0809
0.511851
0.52054
1.08051
0.859037
0.661329
0.536461
0.466674
0.428631
0.407472
0.398528
0.395638
0.393531
0.395827
0.403254
0.418747
0.452943
0.517232
0.63925
0.841804
1.07673
0.507904
0.517695
1.07697
0.852927
0.655578
0.53243
0.464417
0.427105
0.406899
0.39883
0.395139
0.394045
0.396694
0.402001
0.417848
0.449762
0.511681
0.631353
0.833224
1.07098
0.503095
0.514691
1.07326
0.846887
0.649752
0.528206
0.462086
0.425581
0.406497
0.397955
0.394018
0.392603
0.395607
0.40187
0.417589
0.446488
0.506014
0.623378
0.824616
1.0657
0.49878
0.511431
1.0691
0.840177
0.643441
0.523656
0.459587
0.424538
0.406212
0.398141
0.394288
0.392228
0.395526
0.399876
0.414589
0.442458
0.499724
0.614724
0.815429
1.05998
0.494241
0.508243
1.0657
0.833695
0.637122
0.518997
0.45687
0.424378
0.406106
0.399151
0.393503
0.391723
0.394597
0.398957
0.412841
0.438625
0.493543
0.606185
0.806097
1.05398
0.489819
0.504721
1.06143
0.826344
0.630298
0.514195
0.453972
0.423632
0.40552
0.397891
0.3934
0.391146
0.393531
0.397234
0.410221
0.434329
0.487035
0.597266
0.796653
1.04849
0.485774
0.501629
1.05813
0.81926
0.623412
0.509336
0.451185
0.422105
0.405144
0.396311
0.394006
0.390871
0.39294
0.396967
0.408117
0.430405
0.480772
0.588535
0.787435
1.04322
0.482013
0.498061
1.05385
0.8114
0.616116
0.50423
0.447864
0.41993
0.405487
0.395576
0.391966
0.390242
0.391919
0.397531
0.405985
0.426431
0.47432
0.5795
0.778155
1.03875
0.478604
0.495168
1.0508
0.803609
0.608575
0.499088
0.444968
0.418201
0.403061
0.394805
0.391285
0.389722
0.39023
0.395844
0.403657
0.422623
0.468285
0.570884
0.769108
1.03454
0.475056
0.491261
1.04667
0.794499
0.600335
0.493603
0.441569
0.416548
0.401276
0.39454
0.391257
0.389631
0.38989
0.394584
0.401292
0.419105
0.462491
0.562098
0.759564
1.03023
0.471139
0.487284
1.0425
0.784644
0.591492
0.488009
0.437974
0.414786
0.401007
0.394481
0.391291
0.38939
0.389532
0.392884
0.398841
0.415973
0.457133
0.553499
0.749594
1.02535
0.466423
0.482308
1.03763
0.773684
0.582016
0.482431
0.434252
0.412227
0.400958
0.394523
0.391464
0.389319
0.389684
0.39109
0.396294
0.41306
0.451959
0.544845
0.739078
1.01996
0.460971
0.475963
1.03146
0.76073
0.571147
0.476456
0.430771
0.409635
0.401943
0.394561
0.392402
0.389174
0.387997
0.389021
0.393989
0.41052
0.446899
0.535781
0.7273
1.01313
0.453949
0.468069
1.02389
0.746386
0.559419
0.470043
0.427482
0.407194
0.400207
0.39378
0.391081
0.389263
0.388135
0.387756
0.392254
0.407787
0.441549
0.526179
0.714298
1.00535
0.445928
0.457679
1.01358
0.729603
0.546327
0.462659
0.42337
0.405256
0.399153
0.393652
0.391501
0.389569
0.389338
0.387932
0.391957
0.405555
0.436277
0.51597
0.699399
0.994649
0.435559
0.445318
1.00091
0.711229
0.532876
0.45503
0.419551
0.40256
0.397576
0.393678
0.390841
0.390224
0.388132
0.387832
0.391016
0.402915
0.430759
0.505235
0.683028
0.981958
0.423981
0.430495
0.985012
0.69076
0.519077
0.447676
0.419002
0.401692
0.396051
0.392806
0.390726
0.389432
0.388312
0.388979
0.39057
0.400754
0.425606
0.494453
0.665638
0.96746
0.410931
0.413969
0.966017
0.668896
0.505314
0.440043
0.413368
0.400576
0.395251
0.393642
0.390979
0.389583
0.38853
0.388731
0.389912
0.39873
0.420845
0.483762
0.646936
0.949939
0.396196
0.396425
0.944761
0.646406
0.492087
0.43411
0.412565
0.400441
0.395143
0.392744
0.391126
0.390577
0.389574
0.388815
0.389241
0.396811
0.416525
0.473461
0.628019
0.931174
0.381082
0.377674
0.920582
0.623098
0.479027
0.427305
0.40815
0.40067
0.395846
0.393463
0.391795
0.389696
0.38851
0.38825
0.388986
0.3954
0.412719
0.463503
0.608224
0.909241
0.364625
0.35942
0.895556
0.600963
0.467727
0.422547
0.405928
0.397945
0.393666
0.391875
0.390829
0.389669
0.388379
0.387166
0.388784
0.393905
0.409238
0.454111
0.588828
0.886506
0.348641
0.340354
0.868122
0.578549
0.45622
0.417017
0.403167
0.396202
0.394281
0.392052
0.39112
0.39
0.389294
0.386881
0.387579
0.392621
0.405649
0.44481
0.568892
0.860873
0.33168
0.322887
0.84099
0.558583
0.447066
0.412815
0.40102
0.394118
0.393476
0.392087
0.391914
0.390754
0.388408
0.386584
0.385871
0.390889
0.40177
0.4359
0.549628
0.834464
0.315495
0.304974
0.811783
0.538159
0.437273
0.407921
0.398457
0.393345
0.392606
0.391429
0.390533
0.389707
0.388691
0.386857
0.385337
0.389665
0.398646
0.427647
0.530661
0.806228
0.299485
0.288882
0.78219
0.519691
0.429263
0.403899
0.395599
0.392684
0.390708
0.389572
0.388735
0.388012
0.387253
0.386151
0.384453
0.387791
0.394806
0.419354
0.512371
0.776696
0.284441
0.273738
0.75107
0.501153
0.420512
0.399165
0.392008
0.389098
0.387563
0.386488
0.385786
0.385335
0.385021
0.384759
0.383633
0.386122
0.391448
0.412236
0.495735
0.747318
0.271696
0.261193
0.719548
0.484179
0.412878
0.394584
0.388261
0.385369
0.383669
0.382618
0.382025
0.381794
0.381826
0.382045
0.38268
0.383514
0.387805
0.405709
0.480222
0.717796
0.260943
0.252002
0.688804
0.468324
0.405529
0.389965
0.384705
0.382161
0.38061
0.379643
0.379121
0.378963
0.379092
0.379403
0.379802
0.380906
0.384871
0.400673
0.466935
0.689806
0.253724
0.246947
0.659432
0.454529
0.399488
0.385955
0.381342
0.37905
0.377671
0.376843
0.376433
0.376358
0.376546
0.37696
0.377646
0.378933
0.382614
0.396908
0.455475
0.66314
0.250823
0.245797
0.632823
0.443366
0.394907
0.383125
0.379009
0.376888
0.375582
0.374785
0.374403
0.374397
0.374708
0.375268
0.376043
0.377412
0.381089
0.394083
0.445467
0.637388
0.245745
0.240811
0.607982
0.434516
0.391714
0.381191
0.377318
0.375287
0.374005
0.373214
0.37284
0.37286
0.373235
0.373924
0.374895
0.376467
0.380226
0.392152
0.437142
0.613109
0.243057
0.238971
0.585468
0.42796
0.389975
0.380219
0.376438
0.374393
0.373076
0.372249
0.371847
0.371877
0.372325
0.373163
0.374318
0.376136
0.380077
0.39074
0.42953
0.588612
0.239711
0.237974
0.562652
0.422133
0.389411
0.380043
0.376071
0.373959
0.372582
0.371697
0.371245
0.371256
0.371739
0.372696
0.373983
0.376056
0.380011
0.389694
0.422885
0.564458
0.238597
0.235945
0.54027
0.417419
0.3894
0.38069
0.376594
0.374105
0.372527
0.37152
0.371006
0.371008
0.371546
0.372656
0.374434
0.377254
0.381257
0.389542
0.417476
0.540751
0.236328
0.23707
0.517323
0.41291
0.389939
0.382338
0.377966
0.375006
0.372872
0.371604
0.371005
0.371017
0.371649
0.372878
0.374849
0.377878
0.382215
0.389888
0.412935
0.517447
0.237311
0.2399
0.496018
0.409653
0.390971
0.383662
0.379083
0.375786
0.373468
0.372006
0.371308
0.371323
0.372041
0.373551
0.375826
0.379017
0.383587
0.391015
0.409781
0.496163
0.239838
0.242705
0.476187
0.407809
0.392184
0.384896
0.379919
0.376346
0.373841
0.372232
0.371436
0.371424
0.372208
0.373817
0.376366
0.380007
0.385023
0.392297
0.407889
0.476032
0.242699
0.248503
0.459158
0.407144
0.393617
0.386082
0.38069
0.376799
0.374092
0.372371
0.371524
0.371513
0.372343
0.374074
0.37679
0.380682
0.386097
0.393684
0.407225
0.459275
0.248439
0.254431
0.445229
0.407549
0.395483
0.387356
0.381393
0.37715
0.374236
0.372431
0.37157
0.371572
0.372437
0.374243
0.37715
0.3814
0.387375
0.395531
0.407638
0.445176
0.254318
0.262861
0.434804
0.409771
0.39761
0.388529
0.381947
0.377349
0.374298
0.37245
0.371575
0.371573
0.372446
0.374292
0.377341
0.381946
0.388531
0.397617
0.409808
0.434912
0.262824
0.271961
0.429312
0.413056
0.399818
0.389569
0.382291
0.37742
0.374303
0.372434
0.371557
0.371556
0.372429
0.374299
0.377415
0.382291
0.389574
0.399821
0.413047
0.42932
0.271796
0.282415
0.427163
0.417374
0.40204
0.390328
0.382422
0.377393
0.374224
0.372383
0.371547
0.371546
0.372379
0.37422
0.377387
0.382418
0.390329
0.402076
0.417452
0.427157
0.282441
0.293793
0.42771
0.42268
0.404132
0.390659
0.382352
0.377173
0.374059
0.372325
0.371562
0.371561
0.372322
0.374054
0.377166
0.382345
0.390658
0.404132
0.422672
0.427732
0.29362
0.306078
0.436145
0.429167
0.405537
0.390675
0.381886
0.376743
0.373825
0.372299
0.371644
0.371644
0.372296
0.37382
0.376737
0.38188
0.390675
0.405552
0.429218
0.436156
0.306139
0.318333
0.447468
0.435494
0.406062
0.389825
0.380952
0.376109
0.373543
0.372304
0.371808
0.371808
0.372303
0.37354
0.376104
0.380949
0.389829
0.406078
0.435523
0.447458
0.318197
0.330663
0.465078
0.440582
0.40561
0.388219
0.379633
0.375373
0.373355
0.37245
0.372116
0.372116
0.372449
0.373353
0.375368
0.379629
0.38822
0.405623
0.440618
0.465051
0.33068
0.341813
0.484426
0.442551
0.402563
0.385431
0.377917
0.374619
0.373292
0.372752
0.372575
0.372575
0.372752
0.373292
0.374616
0.377913
0.385428
0.40257
0.442586
0.484413
0.341824
0.351549
0.494232
0.439022
0.396606
0.381666
0.376114
0.37423
0.37349
0.373248
0.373183
0.373183
0.373248
0.373489
0.374221
0.376112
0.381667
0.396629
0.43904
0.494214
0.351484
0.360851
0.495673
0.421097
0.38641
0.377481
0.375014
0.374168
0.373932
0.373885
0.37388
0.37388
0.373886
0.373932
0.374164
0.375007
0.377486
0.386438
0.42108
0.49563
0.360973
0.367818
0.43044
0.384496
0.375964
0.374868
0.374642
0.374595
0.374613
0.374625
0.374629
0.374629
0.374625
0.374613
0.374594
0.374634
0.374835
0.375876
0.384481
0.430509
0.367779
1.0791
1.814
1.5988
1.28675
1.00031
0.785211
0.64536
0.563009
0.518616
0.498359
0.495557
0.510311
0.549137
0.626056
0.76192
0.973104
1.25821
1.57839
1.80156
1.05566
1.07602
1.81111
1.59176
1.27904
0.993378
0.779566
0.642066
0.560833
0.518051
0.498133
0.495017
0.509266
0.546932
0.621564
0.754339
0.961936
1.25125
1.57196
1.79764
1.04745
1.07022
1.80877
1.58355
1.27051
0.986108
0.776135
0.640548
0.560679
0.51767
0.497866
0.495043
0.509401
0.546956
0.621198
0.752472
0.959894
1.24558
1.55966
1.79482
1.04701
1.07363
1.80216
1.57873
1.26498
0.980536
0.772905
0.638977
0.560683
0.517734
0.498134
0.495096
0.50913
0.546247
0.620615
0.749044
0.953385
1.2318
1.55807
1.78796
1.04027
1.07116
1.80094
1.57172
1.25454
0.974134
0.76941
0.63794
0.560486
0.517519
0.497874
0.495295
0.509037
0.545751
0.619136
0.744404
0.947843
1.22509
1.54982
1.78625
1.03996
1.06937
1.79824
1.56633
1.24943
0.969997
0.766557
0.635746
0.559931
0.517489
0.498114
0.495276
0.509009
0.545445
0.61603
0.742004
0.941573
1.21593
1.54193
1.78231
1.03826
1.06287
1.79192
1.55986
1.24103
0.966855
0.765946
0.635157
0.558726
0.517504
0.498112
0.495198
0.508675
0.544842
0.615449
0.739796
0.936277
1.21106
1.53458
1.7784
1.03947
1.06275
1.79207
1.55328
1.23444
0.962302
0.762996
0.633813
0.558305
0.517344
0.498097
0.495179
0.508768
0.544225
0.614029
0.736664
0.929667
1.20453
1.52599
1.77513
1.04187
1.06002
1.79062
1.55005
1.22728
0.957407
0.759924
0.631771
0.557708
0.517141
0.498046
0.49488
0.508522
0.543666
0.612317
0.733701
0.926045
1.19894
1.52188
1.77061
1.0399
1.05902
1.79092
1.55305
1.22336
0.953515
0.756057
0.629987
0.557058
0.516957
0.498097
0.49512
0.508269
0.542395
0.61082
0.730555
0.920863
1.19281
1.51814
1.7704
1.03463
1.05863
1.79154
1.55385
1.22433
0.953234
0.75321
0.628823
0.55684
0.516598
0.498125
0.494954
0.507765
0.541937
0.60853
0.726857
0.917005
1.18844
1.51694
1.77032
1.03658
1.05631
1.78912
1.551
1.22613
0.954255
0.7513
0.627744
0.556983
0.516837
0.498241
0.495454
0.508186
0.541322
0.607178
0.724207
0.912275
1.18294
1.52041
1.76616
1.03499
1.04949
1.78229
1.53959
1.22458
0.953515
0.749775
0.627921
0.556913
0.516558
0.498259
0.495415
0.508398
0.541478
0.606152
0.721896
0.907942
1.17713
1.51698
1.77006
1.02942
1.04854
1.78195
1.53873
1.22078
0.950843
0.748469
0.628437
0.556843
0.516999
0.498352
0.495931
0.50817
0.540616
0.604796
0.718722
0.903573
1.17186
1.51113
1.76724
1.02753
1.04283
1.77901
1.53319
1.21565
0.942892
0.746338
0.626574
0.556093
0.517454
0.498327
0.496087
0.508647
0.540714
0.60354
0.716629
0.898964
1.16698
1.50624
1.76463
1.0237
1.04066
1.77453
1.52774
1.2118
0.941622
0.746146
0.627569
0.556692
0.517655
0.499077
0.496252
0.508769
0.54046
0.60223
0.713297
0.894336
1.16158
1.49768
1.7585
1.0179
1.03782
1.77159
1.52094
1.20001
0.935974
0.746461
0.625519
0.556365
0.517616
0.499587
0.496219
0.508803
0.539659
0.60103
0.710648
0.890744
1.1569
1.49185
1.7534
1.01435
1.03454
1.76318
1.51476
1.19515
0.930133
0.742095
0.625384
0.556084
0.517227
0.499905
0.496881
0.508966
0.539532
0.599957
0.708328
0.886255
1.15064
1.48528
1.74998
1.01009
1.03222
1.76198
1.50865
1.18565
0.925641
0.741213
0.624474
0.555748
0.517652
0.500033
0.49682
0.508985
0.539256
0.598652
0.705575
0.881892
1.14438
1.47895
1.74585
1.00597
1.02788
1.75883
1.50144
1.17941
0.918824
0.737604
0.622056
0.555235
0.517809
0.500131
0.497622
0.50909
0.538779
0.597374
0.703143
0.878318
1.14066
1.474
1.74143
1.00393
1.02168
1.75492
1.49537
1.17137
0.913552
0.734169
0.620966
0.554476
0.518286
0.500651
0.498129
0.509832
0.53892
0.596425
0.700853
0.874398
1.13433
1.46728
1.73754
1.00303
1.01877
1.75139
1.48886
1.16646
0.90978
0.731782
0.619719
0.554502
0.518738
0.501133
0.49848
0.510012
0.538905
0.59577
0.699147
0.871262
1.1295
1.46149
1.73436
1.00448
1.01381
1.74495
1.48074
1.15831
0.904373
0.728504
0.61813
0.554127
0.518657
0.501929
0.499264
0.510168
0.539202
0.595127
0.697489
0.867744
1.12464
1.45484
1.73143
0.999177
1.00957
1.73938
1.47108
1.15303
0.901101
0.726733
0.617334
0.553974
0.519239
0.50259
0.500155
0.510423
0.539196
0.594594
0.695926
0.864105
1.11839
1.44839
1.72858
1.00058
1.00541
1.73319
1.46433
1.14655
0.89644
0.72422
0.616176
0.553752
0.519221
0.502451
0.50041
0.510492
0.53914
0.59404
0.694436
0.860147
1.11279
1.44115
1.72591
0.994635
1.00048
1.72696
1.45557
1.14112
0.892685
0.722
0.615374
0.553209
0.51907
0.502851
0.50072
0.510987
0.539164
0.593532
0.692693
0.85687
1.10655
1.43397
1.72131
0.989339
0.997066
1.72214
1.45044
1.13535
0.888314
0.719768
0.614447
0.553028
0.519436
0.503206
0.501013
0.511572
0.53912
0.592969
0.69092
0.853838
1.10156
1.42752
1.71819
0.985807
0.993416
1.71852
1.44207
1.12855
0.884146
0.717522
0.613513
0.552629
0.519212
0.502875
0.501181
0.511659
0.538889
0.592566
0.689137
0.849987
1.09578
1.42131
1.71392
0.979854
0.989188
1.71305
1.43476
1.12209
0.879543
0.715345
0.612639
0.552291
0.519412
0.503558
0.50137
0.511735
0.539324
0.592128
0.687532
0.846649
1.09072
1.4147
1.70817
0.97654
0.985603
1.70991
1.42818
1.11625
0.875846
0.713367
0.611773
0.551915
0.519285
0.503782
0.501424
0.511854
0.539266
0.591583
0.6857
0.842615
1.08438
1.40787
1.70191
0.970883
0.981355
1.70469
1.42082
1.10994
0.871639
0.711353
0.610856
0.55147
0.519123
0.504112
0.502015
0.512379
0.539239
0.591187
0.684401
0.839385
1.07828
1.39939
1.69499
0.965691
0.977665
1.69999
1.41384
1.10363
0.867847
0.709378
0.609853
0.550907
0.518588
0.503709
0.501933
0.512078
0.538871
0.590703
0.682789
0.836001
1.07244
1.39152
1.68792
0.960221
0.973618
1.69497
1.40723
1.09762
0.863635
0.707209
0.608855
0.550375
0.518309
0.50372
0.501926
0.512192
0.53882
0.590288
0.681524
0.832972
1.06686
1.38337
1.68246
0.955259
0.968938
1.68891
1.39937
1.09127
0.85978
0.705124
0.607773
0.549778
0.518004
0.503525
0.501803
0.512246
0.538733
0.58983
0.680058
0.829632
1.06141
1.3762
1.67527
0.950941
0.965265
1.68418
1.39339
1.0859
0.856054
0.702984
0.606652
0.549221
0.517672
0.503338
0.501667
0.512113
0.538317
0.589306
0.678687
0.826436
1.05538
1.36917
1.67226
0.946755
0.961339
1.67862
1.38583
1.07979
0.852207
0.700781
0.605465
0.548533
0.517235
0.503016
0.501155
0.511664
0.538088
0.588765
0.677352
0.823292
1.05007
1.36268
1.66846
0.94368
0.958666
1.67495
1.38062
1.07473
0.848464
0.698536
0.604285
0.547944
0.516832
0.502581
0.5009
0.511252
0.537684
0.588153
0.675985
0.820459
1.04503
1.35687
1.6693
0.940677
0.954224
1.66925
1.37314
1.06852
0.844417
0.696105
0.602926
0.547185
0.516405
0.502273
0.500421
0.510808
0.537165
0.587458
0.674538
0.817453
1.0402
1.35152
1.67199
0.938748
0.950343
1.66439
1.36625
1.06244
0.840116
0.69353
0.601526
0.546449
0.515954
0.501901
0.500141
0.510506
0.536744
0.586595
0.672771
0.814168
1.03491
1.34584
1.6699
0.936401
0.945933
1.65783
1.3592
1.05653
0.836029
0.691007
0.600062
0.545589
0.515423
0.501511
0.499765
0.510032
0.536069
0.585566
0.670823
0.810441
1.02925
1.33968
1.66092
0.934265
0.942098
1.65317
1.35255
1.05064
0.831851
0.688422
0.598606
0.544773
0.514913
0.501154
0.499449
0.509653
0.535421
0.584372
0.668608
0.806686
1.02349
1.33329
1.6597
0.931969
0.938296
1.64859
1.34755
1.04599
0.828183
0.68594
0.597061
0.543815
0.514281
0.50067
0.499038
0.509134
0.534665
0.583031
0.666166
0.802503
1.01734
1.32618
1.6535
0.929012
0.935175
1.64516
1.34122
1.03991
0.823847
0.683198
0.595421
0.542806
0.513615
0.500164
0.498568
0.508599
0.53382
0.581546
0.663595
0.798369
1.01127
1.31926
1.64791
0.926386
0.932346
1.64286
1.33636
1.03479
0.819772
0.680388
0.593633
0.541668
0.51285
0.499579
0.498037
0.507997
0.532903
0.579946
0.660872
0.794108
1.00513
1.3112
1.63931
0.922195
0.929515
1.64065
1.3299
1.02806
0.814873
0.677205
0.591594
0.540318
0.51193
0.498912
0.497489
0.507363
0.531896
0.578176
0.657893
0.789479
0.998892
1.30461
1.63405
0.919744
0.926107
1.63777
1.32332
1.0212
0.809568
0.673621
0.589258
0.538785
0.510873
0.498125
0.496816
0.506649
0.530829
0.576341
0.654849
0.78478
0.992198
1.29623
1.626
0.915328
0.921483
1.63294
1.31532
1.01315
0.803376
0.669461
0.586538
0.536991
0.509652
0.497256
0.49611
0.50587
0.529627
0.574261
0.651464
0.779878
0.986071
1.29022
1.62201
0.912913
0.916885
1.62803
1.30671
1.00436
0.796359
0.664603
0.58339
0.534973
0.50827
0.49622
0.495219
0.504932
0.528307
0.57207
0.647906
0.774676
0.979137
1.28225
1.61528
0.908701
0.911668
1.6224
1.2978
0.995054
0.788707
0.659232
0.579943
0.532769
0.506743
0.495046
0.494216
0.503864
0.526837
0.569696
0.644086
0.769261
0.9723
1.27539
1.61129
0.905738
0.906775
1.61714
1.28754
0.984421
0.7803
0.653408
0.57623
0.5304
0.505089
0.493738
0.493033
0.502633
0.525292
0.567333
0.640265
0.76366
0.964897
1.26752
1.60594
0.901938
0.901544
1.61172
1.27708
0.973438
0.77159
0.64739
0.572372
0.5279
0.503302
0.492272
0.491671
0.501219
0.523562
0.564849
0.636431
0.758099
0.957371
1.25916
1.59972
0.897502
0.896674
1.60636
1.2655
0.961386
0.762293
0.641074
0.568324
0.525258
0.501411
0.490723
0.490221
0.499696
0.521721
0.562259
0.632439
0.752076
0.949145
1.25078
1.59456
0.893761
0.891165
1.60034
1.25329
0.948841
0.752604
0.634395
0.564052
0.522463
0.4994
0.489101
0.488733
0.498108
0.519756
0.55953
0.62842
0.746058
0.940785
1.24168
1.58855
0.889019
0.885096
1.59385
1.23985
0.93537
0.7426
0.627727
0.55976
0.519611
0.497348
0.487444
0.487214
0.496488
0.517717
0.556668
0.624198
0.739396
0.931732
1.23262
1.58376
0.885128
0.878357
1.58696
1.22527
0.921008
0.731851
0.620399
0.555046
0.516502
0.495141
0.485721
0.485689
0.494877
0.515627
0.553601
0.61974
0.732828
0.922884
1.22325
1.57935
0.880654
0.869633
1.57836
1.20918
0.905906
0.721021
0.613206
0.550429
0.513405
0.492909
0.483972
0.484152
0.4933
0.513644
0.55066
0.61526
0.726071
0.913418
1.21317
1.5744
0.875766
0.859707
1.56819
1.19174
0.889941
0.709652
0.605649
0.545544
0.510099
0.490516
0.482082
0.482513
0.491705
0.511811
0.548065
0.61122
0.719783
0.903901
1.20315
1.57063
0.871109
0.847778
1.55687
1.17295
0.873331
0.698194
0.598103
0.540657
0.506764
0.48809
0.480178
0.480871
0.49011
0.510024
0.54564
0.60723
0.712616
0.892234
1.1899
1.5646
0.863736
0.834824
1.54416
1.15283
0.856056
0.686538
0.590595
0.535758
0.503371
0.485581
0.478157
0.479066
0.488315
0.507992
0.542902
0.602826
0.704962
0.880417
1.17684
1.55862
0.856609
0.820304
1.5298
1.13175
0.838601
0.674825
0.583064
0.530783
0.499887
0.482974
0.476021
0.477124
0.486352
0.505776
0.539899
0.597673
0.696051
0.866421
1.16025
1.54972
0.846259
0.805051
1.5144
1.10984
0.8211
0.663355
0.575918
0.526002
0.496456
0.480318
0.473747
0.47496
0.484071
0.503127
0.536418
0.592182
0.686928
0.852197
1.14289
1.53976
0.835066
0.788801
1.49766
1.08776
0.804106
0.652145
0.568711
0.521111
0.492915
0.477511
0.471277
0.472559
0.481506
0.500082
0.532313
0.585809
0.676914
0.836503
1.12284
1.52733
0.821083
0.771966
1.48006
1.06473
0.787033
0.641349
0.561748
0.516371
0.489361
0.474548
0.468557
0.469859
0.478627
0.496782
0.528184
0.579836
0.666907
0.81993
1.10091
1.51286
0.805096
0.754319
1.46161
1.04134
0.770369
0.631226
0.555913
0.511934
0.485733
0.471382
0.465578
0.466847
0.475359
0.492963
0.523366
0.573147
0.655946
0.801968
1.07674
1.49678
0.78738
0.735703
1.4412
1.01678
0.75345
0.620984
0.549524
0.507053
0.48175
0.467884
0.462261
0.463478
0.471709
0.488724
0.51804
0.565749
0.644121
0.782827
1.05027
1.47722
0.76699
0.71652
1.42014
0.991864
0.73613
0.609954
0.541283
0.501262
0.47731
0.464052
0.458614
0.459733
0.467595
0.483881
0.511931
0.557365
0.631425
0.762488
1.02215
1.45633
0.745438
0.695832
1.39708
0.965752
0.718359
0.599223
0.535037
0.496251
0.472877
0.459947
0.454604
0.455578
0.463007
0.478428
0.504927
0.547745
0.617155
0.740241
0.991002
1.43082
0.720382
0.674129
1.37246
0.939016
0.700088
0.586813
0.525542
0.489324
0.467482
0.455262
0.450126
0.450964
0.457929
0.472453
0.497388
0.537419
0.602049
0.717015
0.958308
1.40333
0.693533
0.650234
1.34449
0.910622
0.681342
0.575073
0.517979
0.483307
0.462163
0.450293
0.445238
0.445875
0.452286
0.465749
0.48889
0.526016
0.585572
0.692062
0.922505
1.37043
0.663084
0.624665
1.31336
0.880812
0.661987
0.561899
0.508059
0.475596
0.45581
0.444637
0.439813
0.440305
0.446163
0.458495
0.479635
0.513461
0.567813
0.666101
0.884772
1.33306
0.628982
0.596507
1.27724
0.848372
0.641604
0.54861
0.498549
0.467958
0.449216
0.438604
0.433977
0.434322
0.439636
0.450847
0.470007
0.500605
0.54986
0.639625
0.844712
1.28981
0.59217
0.56659
1.23738
0.8145
0.620566
0.534355
0.487595
0.45916
0.441822
0.431993
0.427672
0.427928
0.43273
0.442859
0.460094
0.487529
0.531612
0.612587
0.802463
1.24025
0.551658
0.534077
1.19211
0.777815
0.597889
0.519013
0.476079
0.449978
0.434075
0.425047
0.421056
0.421249
0.425566
0.434651
0.450001
0.474332
0.513478
0.585499
0.758574
1.18461
0.509458
0.500862
1.14387
0.739816
0.573867
0.502627
0.463753
0.440215
0.425923
0.417803
0.414205
0.414374
0.418242
0.426347
0.439948
0.461396
0.49575
0.558954
0.714567
1.12412
0.466843
0.466514
1.09154
0.700638
0.549015
0.485465
0.450998
0.430248
0.417672
0.410518
0.407347
0.407514
0.410965
0.418152
0.430133
0.448879
0.478684
0.533505
0.671913
1.06193
0.427676
0.43308
1.03631
0.66168
0.524433
0.468401
0.438413
0.420474
0.409614
0.403426
0.40068
0.400839
0.403851
0.410103
0.420494
0.436752
0.462532
0.509712
0.631688
0.999363
0.391649
0.399787
0.977831
0.622996
0.500647
0.451937
0.426293
0.411141
0.401998
0.396782
0.394472
0.394645
0.397264
0.402652
0.41154
0.42539
0.447425
0.488181
0.595693
0.940136
0.36267
0.369752
0.918303
0.585816
0.478131
0.436703
0.415353
0.40282
0.395227
0.390866
0.388929
0.389092
0.391337
0.395947
0.403544
0.415409
0.434293
0.469152
0.563136
0.882773
0.337483
0.342366
0.858071
0.550927
0.458286
0.423696
0.406086
0.395763
0.389481
0.385847
0.384225
0.38437
0.386271
0.390157
0.396532
0.406479
0.422444
0.452517
0.53529
0.830871
0.318981
0.320913
0.800434
0.520243
0.441001
0.412622
0.398411
0.390051
0.384879
0.381831
0.380447
0.380566
0.382188
0.385502
0.390924
0.399394
0.413088
0.439047
0.511641
0.783112
0.306098
0.305242
0.747156
0.495549
0.428665
0.405083
0.393212
0.386083
0.381572
0.378863
0.377608
0.377685
0.37909
0.381968
0.386641
0.393883
0.405616
0.428243
0.492184
0.739477
0.298694
0.295914
0.698599
0.47587
0.41952
0.399728
0.389567
0.383302
0.379239
0.376753
0.375581
0.375633
0.376909
0.379528
0.383769
0.390307
0.400823
0.420772
0.476407
0.698019
0.293422
0.290975
0.657399
0.462803
0.414324
0.396855
0.38758
0.381721
0.377829
0.375411
0.374253
0.374273
0.375466
0.377926
0.381882
0.387908
0.397467
0.415366
0.463952
0.658791
0.290351
0.288826
0.619875
0.453396
0.412453
0.395938
0.38675
0.380897
0.377002
0.374586
0.373428
0.373434
0.374609
0.377034
0.380941
0.386868
0.396151
0.412682
0.454204
0.621485
0.288936
0.288322
0.589077
0.448199
0.411816
0.395885
0.386577
0.380551
0.376564
0.374114
0.372943
0.372935
0.374094
0.376515
0.38047
0.386484
0.39585
0.411835
0.448246
0.589588
0.288407
0.28915
0.559862
0.443444
0.411579
0.395975
0.386503
0.38031
0.376269
0.37382
0.372662
0.372658
0.373815
0.376254
0.380295
0.38649
0.395937
0.411585
0.443521
0.559792
0.289206
0.292627
0.534654
0.440579
0.411679
0.396165
0.386457
0.380118
0.376043
0.373614
0.372482
0.372474
0.373596
0.376004
0.380064
0.386393
0.396159
0.411686
0.440679
0.534868
0.292446
0.295835
0.512544
0.439156
0.412079
0.396277
0.386272
0.37984
0.375789
0.373423
0.372338
0.372335
0.373418
0.37578
0.379834
0.386272
0.396254
0.412156
0.439232
0.512637
0.295357
0.300334
0.494711
0.438719
0.412507
0.396295
0.386016
0.37951
0.375511
0.373237
0.372213
0.372209
0.373225
0.375493
0.379487
0.386002
0.396304
0.412565
0.438774
0.49488
0.300611
0.306433
0.481556
0.439688
0.413185
0.396253
0.385619
0.379082
0.375193
0.373059
0.372131
0.372131
0.373057
0.375194
0.379083
0.385633
0.396284
0.413223
0.439736
0.481137
0.306066
0.312976
0.473023
0.441533
0.413716
0.395911
0.385035
0.378556
0.37485
0.3729
0.372098
0.372099
0.372897
0.374851
0.378556
0.385039
0.395927
0.413778
0.441666
0.47316
0.312948
0.320293
0.469385
0.444456
0.414127
0.395359
0.384282
0.377954
0.374509
0.372794
0.372102
0.372103
0.372792
0.374506
0.377948
0.384276
0.395358
0.414136
0.444507
0.469396
0.320198
0.327937
0.468498
0.447994
0.414241
0.394376
0.383252
0.377236
0.374163
0.37275
0.372206
0.372206
0.372748
0.374161
0.377232
0.383247
0.39438
0.41427
0.448085
0.468582
0.327988
0.336178
0.47461
0.452263
0.413865
0.392863
0.381942
0.376438
0.373836
0.372745
0.37236
0.37236
0.372744
0.373833
0.376432
0.381933
0.392863
0.413892
0.452307
0.474634
0.335994
0.343686
0.484032
0.455623
0.412144
0.390577
0.38032
0.375599
0.373609
0.372847
0.3726
0.3726
0.372847
0.373609
0.3756
0.380323
0.390594
0.412178
0.455706
0.484106
0.343931
0.35129
0.498524
0.457165
0.409061
0.387641
0.378548
0.374831
0.37352
0.373043
0.37291
0.37291
0.373043
0.373522
0.374834
0.378539
0.387644
0.409063
0.457197
0.498485
0.351082
0.357066
0.511182
0.456475
0.403634
0.383878
0.376768
0.374368
0.373577
0.37336
0.373313
0.373314
0.373362
0.373579
0.374359
0.376744
0.383916
0.403632
0.456482
0.511239
0.357295
0.362506
0.516632
0.445226
0.394681
0.379563
0.375326
0.374201
0.373854
0.373779
0.373768
0.373769
0.37378
0.373859
0.374218
0.375469
0.379697
0.394521
0.444903
0.516638
0.362366
0.365977
0.506095
0.420597
0.383698
0.376486
0.374809
0.374296
0.374237
0.374244
0.374251
0.374252
0.374247
0.374241
0.374289
0.374678
0.376186
0.383089
0.419362
0.506244
0.366146
0.369823
0.430082
0.381186
0.374475
0.374473
0.37458
0.374703
0.374746
0.374755
0.374755
0.374755
0.374756
0.374753
0.374741
0.374742
0.375177
0.377048
0.385654
0.430584
0.369756
0.610842
1.18717
1.0557
0.867702
0.695887
0.567259
0.483968
0.43564
0.410398
0.399371
0.39851
0.408139
0.431058
0.475533
0.556045
0.68618
0.859413
1.04733
1.18093
0.603939
0.607666
1.18298
1.04953
0.861598
0.691006
0.564405
0.482583
0.435104
0.410601
0.399999
0.398618
0.408421
0.430408
0.472652
0.550087
0.67856
0.85091
1.0415
1.17808
0.602196
0.607125
1.18166
1.04684
0.857975
0.686713
0.560587
0.480486
0.434422
0.409953
0.399209
0.398447
0.407758
0.429803
0.471581
0.547808
0.675784
0.847962
1.03768
1.17531
0.601013
0.607316
1.17942
1.04327
0.855367
0.684901
0.560298
0.480611
0.434297
0.409965
0.399493
0.398963
0.408065
0.429075
0.469989
0.545173
0.670065
0.841373
1.03379
1.17363
0.59808
0.607502
1.17967
1.04377
0.855303
0.683053
0.558546
0.479438
0.433805
0.409212
0.398724
0.397545
0.406719
0.428262
0.468556
0.542433
0.666408
0.83749
1.02917
1.17223
0.596868
0.606858
1.18067
1.04624
0.854881
0.68091
0.558617
0.478767
0.43349
0.409101
0.398307
0.397286
0.406198
0.427548
0.467177
0.539617
0.660655
0.831109
1.02539
1.16906
0.594946
0.604267
1.17781
1.04462
0.85565
0.683395
0.555569
0.477412
0.433121
0.408463
0.397586
0.396646
0.406521
0.426865
0.465478
0.536352
0.655163
0.826326
1.02129
1.16668
0.592257
0.604523
1.17965
1.04207
0.8534
0.678106
0.557285
0.477207
0.432874
0.408387
0.398099
0.396549
0.4059
0.426002
0.463851
0.533255
0.651126
0.820815
1.01719
1.16498
0.591334
0.60326
1.17625
1.03953
0.84672
0.680494
0.556287
0.476334
0.432429
0.408214
0.397395
0.396311
0.405471
0.425348
0.462419
0.530912
0.647368
0.816691
1.01591
1.16533
0.590318
0.602517
1.1755
1.03633
0.845378
0.674698
0.552192
0.475329
0.432231
0.408425
0.39758
0.396291
0.405409
0.42472
0.461213
0.528586
0.644819
0.814665
1.01573
1.16688
0.589742
0.602552
1.17526
1.0306
0.839131
0.674195
0.551502
0.474633
0.431803
0.407721
0.397921
0.396162
0.404751
0.423845
0.459867
0.527248
0.644862
0.813759
1.01835
1.16753
0.589791
0.601559
1.17439
1.02846
0.836611
0.672195
0.550698
0.473801
0.431474
0.407483
0.397355
0.396128
0.403978
0.423092
0.458879
0.526462
0.647605
0.817541
1.01503
1.16608
0.590595
0.598539
1.17145
1.02548
0.833105
0.666293
0.548786
0.472928
0.431004
0.407255
0.397806
0.3966
0.403126
0.422388
0.457959
0.527058
0.642958
0.812468
1.02029
1.16902
0.592428
0.597903
1.17076
1.02395
0.830432
0.663498
0.544934
0.471729
0.430526
0.406966
0.396837
0.39575
0.403052
0.421937
0.457402
0.527797
0.647986
0.818761
1.01886
1.16843
0.590228
0.597207
1.16994
1.02401
0.826219
0.658573
0.541924
0.470449
0.430017
0.406739
0.396849
0.396484
0.403195
0.421309
0.456539
0.524074
0.641499
0.815946
1.01712
1.16792
0.59234
0.595853
1.16842
1.02169
0.822518
0.655915
0.539984
0.469295
0.429593
0.40659
0.397219
0.395884
0.403634
0.420661
0.456182
0.525347
0.642464
0.813872
1.01348
1.16613
0.589214
0.592889
1.16754
1.01538
0.817905
0.651857
0.537342
0.468099
0.429089
0.406333
0.39637
0.394999
0.402633
0.420025
0.45555
0.523549
0.639019
0.805552
1.01014
1.16456
0.588815
0.59209
1.16565
1.01061
0.813203
0.647863
0.534992
0.466948
0.428499
0.406107
0.39638
0.394894
0.402024
0.420006
0.455004
0.521956
0.634015
0.802882
1.0029
1.16029
0.587174
0.590511
1.16414
1.00769
0.809151
0.644385
0.532909
0.465887
0.427931
0.405946
0.397066
0.395089
0.40257
0.419295
0.45447
0.519459
0.631304
0.797173
0.999657
1.15998
0.585882
0.588859
1.16273
1.00412
0.805166
0.64107
0.53021
0.464596
0.427253
0.405687
0.396338
0.395036
0.401895
0.419084
0.453812
0.517808
0.628018
0.793114
0.994879
1.15833
0.584078
0.588885
1.16097
1.00124
0.80105
0.637482
0.528188
0.463483
0.426579
0.405459
0.396407
0.395154
0.402309
0.418923
0.452931
0.515807
0.62469
0.787786
0.990143
1.15705
0.582261
0.588728
1.16001
1.00048
0.797768
0.633954
0.52568
0.462317
0.425983
0.405319
0.397108
0.395783
0.401501
0.41881
0.452003
0.513987
0.620899
0.783454
0.985654
1.15358
0.580188
0.587486
1.15882
1.00006
0.794063
0.630641
0.523776
0.461311
0.425369
0.405021
0.396221
0.395078
0.401439
0.419105
0.451233
0.511555
0.6174
0.778956
0.98155
1.15183
0.578017
0.583985
1.15652
0.997608
0.790517
0.626872
0.521306
0.460171
0.424978
0.404959
0.396245
0.39516
0.401378
0.418278
0.450338
0.509774
0.613056
0.773569
0.977811
1.1493
0.575986
0.58193
1.15435
0.991064
0.786256
0.623573
0.51962
0.459325
0.424106
0.404905
0.396413
0.395389
0.401481
0.417633
0.449494
0.507604
0.610058
0.77023
0.97525
1.14733
0.573967
0.580242
1.15146
0.984911
0.781511
0.619842
0.517382
0.458292
0.423406
0.404903
0.396562
0.396154
0.402021
0.416994
0.448598
0.505465
0.606108
0.765511
0.9714
1.14538
0.571739
0.578075
1.14917
0.980156
0.777191
0.616797
0.515811
0.457595
0.423357
0.405612
0.397285
0.395202
0.401246
0.416846
0.447825
0.503377
0.60286
0.761582
0.967511
1.14554
0.570344
0.575872
1.14725
0.976191
0.772533
0.613761
0.514
0.456688
0.423298
0.405132
0.396555
0.395266
0.401841
0.41712
0.447154
0.501853
0.599758
0.756952
0.963226
1.14474
0.56878
0.573145
1.14479
0.972137
0.767636
0.610439
0.512177
0.455774
0.423646
0.404991
0.39714
0.395322
0.401133
0.416363
0.446235
0.499939
0.596499
0.75255
0.95919
1.14358
0.567599
0.570139
1.14217
0.967794
0.764069
0.607924
0.510626
0.454764
0.422686
0.404559
0.396421
0.39557
0.401245
0.416792
0.445516
0.498285
0.593572
0.748253
0.954186
1.14003
0.565904
0.568089
1.13956
0.963655
0.759553
0.604654
0.508681
0.453652
0.421956
0.40455
0.397266
0.396089
0.401752
0.415801
0.444511
0.496486
0.590248
0.744018
0.950823
1.13691
0.564004
0.565067
1.13688
0.958877
0.755149
0.601836
0.506988
0.452603
0.420933
0.404147
0.396907
0.39695
0.401185
0.415128
0.443687
0.494822
0.587241
0.739813
0.946678
1.13442
0.561916
0.562482
1.13341
0.953005
0.749814
0.598074
0.504828
0.451501
0.42022
0.403904
0.397274
0.396451
0.40145
0.414315
0.442844
0.493198
0.584186
0.735563
0.942856
1.13219
0.559666
0.558947
1.12959
0.947077
0.744763
0.595117
0.503137
0.45056
0.420155
0.40385
0.39747
0.39587
0.400403
0.413811
0.442148
0.491912
0.581829
0.731925
0.939214
1.1301
0.557251
0.556241
1.12574
0.940825
0.739112
0.59133
0.501021
0.449391
0.419201
0.403362
0.397035
0.396171
0.40047
0.413594
0.441393
0.49036
0.578897
0.727547
0.934402
1.12701
0.554402
0.553562
1.12289
0.936398
0.73505
0.588637
0.49938
0.44854
0.419611
0.403959
0.396513
0.395728
0.400461
0.413324
0.440619
0.48893
0.576223
0.7237
0.93009
1.12442
0.551968
0.551354
1.11991
0.931915
0.730235
0.585172
0.497391
0.44742
0.418855
0.403561
0.397276
0.396871
0.400761
0.413178
0.439828
0.487369
0.57327
0.719112
0.925078
1.121
0.549003
0.54914
1.11776
0.927234
0.726087
0.582491
0.495789
0.446489
0.418578
0.403112
0.396748
0.396747
0.40099
0.412967
0.43886
0.48566
0.569986
0.714263
0.920378
1.11847
0.546278
0.547211
1.11684
0.923054
0.721456
0.579209
0.493895
0.445391
0.418067
0.40318
0.396887
0.397013
0.401928
0.412924
0.438116
0.484222
0.567072
0.709345
0.915055
1.11657
0.543978
0.545895
1.11681
0.919122
0.717418
0.576357
0.492197
0.444394
0.417699
0.403912
0.397625
0.396857
0.401667
0.412765
0.436972
0.482499
0.563898
0.704643
0.910832
1.117
0.542009
0.544156
1.11838
0.914925
0.712525
0.572873
0.490207
0.443167
0.417011
0.40344
0.396913
0.396251
0.401372
0.41262
0.435851
0.480965
0.561081
0.700181
0.906101
1.11653
0.540489
0.542698
1.11697
0.910813
0.708446
0.570056
0.488474
0.441869
0.416234
0.402962
0.396964
0.396228
0.400657
0.412711
0.435562
0.479341
0.558181
0.695822
0.901866
1.11493
0.538637
0.540728
1.1122
0.906123
0.70358
0.566569
0.486473
0.440716
0.415408
0.40374
0.397218
0.39641
0.400664
0.413436
0.435569
0.477591
0.555211
0.69134
0.896989
1.11009
0.536456
0.538531
1.11041
0.901011
0.699004
0.563413
0.484551
0.44018
0.414945
0.402764
0.39782
0.397189
0.400637
0.412197
0.433703
0.475574
0.551942
0.686513
0.89192
1.10749
0.533867
0.53582
1.10656
0.895528
0.69378
0.559721
0.482165
0.438155
0.414109
0.40186
0.396661
0.395891
0.400727
0.41123
0.432229
0.47356
0.548579
0.681453
0.886356
1.1049
0.531334
0.532311
1.10031
0.889254
0.688548
0.556147
0.480124
0.437176
0.413851
0.40269
0.397718
0.396005
0.39952
0.409832
0.430783
0.47124
0.544608
0.675696
0.880268
1.10064
0.52783
0.529362
1.09751
0.883485
0.683067
0.552333
0.477857
0.436069
0.413133
0.401828
0.396982
0.396624
0.399626
0.408756
0.429566
0.46891
0.540731
0.669743
0.873007
1.09577
0.523694
0.525911
1.09322
0.877267
0.67747
0.548412
0.475532
0.43531
0.412869
0.40088
0.395918
0.395433
0.400244
0.408275
0.42815
0.46617
0.536263
0.663249
0.865405
1.08937
0.518908
0.522316
1.08861
0.870699
0.671746
0.544438
0.472987
0.433561
0.41134
0.401065
0.395933
0.395256
0.399306
0.407721
0.426197
0.463395
0.531795
0.656559
0.857715
1.08564
0.514854
0.519227
1.08578
0.864464
0.665634
0.540121
0.470311
0.431564
0.409024
0.399404
0.396282
0.395933
0.398839
0.405903
0.423983
0.460498
0.527138
0.649771
0.849501
1.07902
0.509638
0.515152
1.08046
0.857042
0.659302
0.53576
0.46765
0.430064
0.408393
0.399221
0.39617
0.395234
0.397988
0.405785
0.423041
0.457868
0.522454
0.642887
0.841361
1.07263
0.504853
0.511276
1.07582
0.849488
0.652229
0.530879
0.464754
0.428257
0.407864
0.398999
0.395652
0.396239
0.399041
0.406588
0.422343
0.455014
0.517705
0.636139
0.833805
1.06805
0.500878
0.507101
1.06999
0.841536
0.645183
0.525978
0.461896
0.426947
0.407396
0.399112
0.396297
0.395827
0.398204
0.404513
0.421036
0.45206
0.512866
0.629144
0.825993
1.06333
0.49689
0.503605
1.0657
0.833606
0.637421
0.520462
0.458548
0.425623
0.407034
0.399228
0.395488
0.395265
0.397649
0.403036
0.418671
0.449049
0.50819
0.622317
0.817975
1.05744
0.492689
0.499433
1.06007
0.824987
0.629476
0.514847
0.454948
0.422302
0.406712
0.400031
0.395773
0.396514
0.399124
0.402867
0.417353
0.446095
0.503528
0.615504
0.810642
1.05363
0.489625
0.496472
1.05647
0.816945
0.621284
0.508898
0.45163
0.420958
0.404396
0.39949
0.395992
0.395505
0.398015
0.40252
0.416126
0.442905
0.498972
0.608468
0.802277
1.04789
0.485696
0.492829
1.05206
0.808245
0.612794
0.502766
0.447947
0.420253
0.403738
0.398898
0.394682
0.394161
0.396753
0.401086
0.412938
0.439351
0.494502
0.601433
0.794632
1.04405
0.483011
0.489611
1.04862
0.799527
0.604019
0.496426
0.443889
0.417769
0.402983
0.397979
0.394488
0.393892
0.395223
0.399362
0.410039
0.436397
0.490195
0.594182
0.786484
1.03972
0.479759
0.485352
1.04384
0.789977
0.595043
0.490153
0.439946
0.41471
0.402376
0.396992
0.395275
0.394246
0.39547
0.399349
0.408021
0.433653
0.485318
0.586211
0.777793
1.0356
0.476375
0.481113
1.0395
0.779921
0.585635
0.483721
0.436184
0.41231
0.400061
0.39526
0.394282
0.394381
0.396578
0.400361
0.407234
0.430869
0.48025
0.577973
0.768359
1.0305
0.472245
0.475211
1.03323
0.768351
0.575783
0.477353
0.432441
0.409908
0.400316
0.395284
0.395528
0.395438
0.395364
0.397707
0.406162
0.428125
0.474519
0.569103
0.758582
1.02576
0.468151
0.468851
1.0262
0.755922
0.565516
0.470964
0.428862
0.407463
0.398053
0.394913
0.394567
0.394545
0.396248
0.397473
0.405821
0.427658
0.469068
0.559936
0.747608
1.01968
0.4629
0.460785
1.01731
0.741633
0.554486
0.464496
0.425405
0.405351
0.397818
0.395467
0.393495
0.394925
0.395243
0.396907
0.405403
0.425612
0.462956
0.550238
0.736156
1.01357
0.457345
0.451822
1.0071
0.726075
0.542807
0.457766
0.421932
0.403449
0.398148
0.393886
0.39285
0.393221
0.394226
0.396705
0.403439
0.421442
0.456848
0.539951
0.723055
1.00595
0.450306
0.44114
0.994484
0.708853
0.53056
0.450901
0.418535
0.402844
0.39629
0.393563
0.392637
0.393325
0.395068
0.397676
0.4017
0.418269
0.450408
0.529104
0.709025
0.997329
0.442309
0.429535
0.980353
0.69094
0.518245
0.443948
0.414932
0.403455
0.39716
0.393919
0.392608
0.39361
0.393212
0.395979
0.401022
0.415039
0.444399
0.517974
0.693568
0.987204
0.432812
0.416915
0.964549
0.672398
0.506325
0.437534
0.410994
0.400716
0.395353
0.394681
0.392301
0.391913
0.392529
0.396764
0.401399
0.411777
0.437854
0.506081
0.676663
0.974907
0.421575
0.403475
0.947274
0.653761
0.495084
0.432158
0.407394
0.398944
0.394757
0.393499
0.392157
0.391803
0.391946
0.394745
0.398448
0.40848
0.431814
0.494272
0.658641
0.960577
0.40873
0.389673
0.929069
0.63546
0.484745
0.428029
0.403756
0.396263
0.393376
0.392036
0.392032
0.39178
0.391486
0.393038
0.396493
0.405585
0.425681
0.482056
0.639024
0.942809
0.393427
0.374673
0.908567
0.617038
0.474883
0.424623
0.401367
0.394852
0.392519
0.392084
0.393109
0.392943
0.391577
0.391799
0.394994
0.402966
0.419996
0.4702
0.618413
0.922378
0.376605
0.359825
0.887704
0.59951
0.465828
0.420793
0.400858
0.395215
0.392694
0.392087
0.392256
0.392133
0.391649
0.391857
0.395176
0.400643
0.414456
0.458326
0.596297
0.897718
0.357408
0.343773
0.864152
0.581343
0.457052
0.416298
0.400478
0.39646
0.393076
0.392488
0.393098
0.39309
0.392634
0.392309
0.393397
0.397835
0.409173
0.44714
0.574049
0.87057
0.338019
0.328694
0.840275
0.564123
0.449421
0.413241
0.400375
0.395212
0.392506
0.391609
0.391486
0.391445
0.391452
0.390697
0.392128
0.395431
0.404271
0.436423
0.55118
0.839859
0.317722
0.313803
0.815386
0.547326
0.442003
0.409848
0.398275
0.393896
0.391408
0.390413
0.389888
0.389905
0.390543
0.390497
0.390594
0.392587
0.399502
0.426538
0.529191
0.807677
0.299129
0.299487
0.789003
0.530567
0.434783
0.40628
0.396597
0.39215
0.390179
0.389173
0.38856
0.388177
0.388107
0.387765
0.388306
0.389831
0.395191
0.417502
0.508293
0.774437
0.281953
0.286621
0.762847
0.514476
0.427538
0.402327
0.393822
0.389993
0.388187
0.386984
0.386201
0.385726
0.385389
0.385176
0.38561
0.386929
0.391218
0.409822
0.489869
0.742568
0.268477
0.273915
0.734203
0.497652
0.419853
0.397657
0.390094
0.386489
0.38423
0.382876
0.38213
0.381883
0.382103
0.382677
0.383208
0.384132
0.38769
0.403283
0.473582
0.711769
0.257829
0.263264
0.705391
0.481404
0.412166
0.392839
0.386
0.382827
0.381007
0.379853
0.379189
0.378926
0.378982
0.37932
0.38005
0.381371
0.384747
0.398194
0.460505
0.683818
0.25133
0.253618
0.67526
0.465528
0.404733
0.388351
0.382535
0.379657
0.377933
0.376896
0.376375
0.376283
0.376549
0.377107
0.37788
0.379111
0.382191
0.394227
0.450061
0.658511
0.247998
0.246272
0.645441
0.451159
0.398229
0.384443
0.37949
0.377034
0.375582
0.374713
0.374278
0.37422
0.374493
0.37507
0.375936
0.377273
0.380316
0.391549
0.441741
0.634608
0.246951
0.241782
0.61722
0.439438
0.393317
0.381562
0.377329
0.375221
0.37392
0.373118
0.372732
0.372732
0.373079
0.373743
0.374685
0.376073
0.379288
0.390396
0.435116
0.612243
0.241711
0.239649
0.589488
0.429648
0.390363
0.379999
0.376079
0.374139
0.372905
0.372138
0.371768
0.371794
0.372199
0.37297
0.374093
0.375695
0.379301
0.389843
0.428606
0.587995
0.239901
0.237191
0.56441
0.422918
0.389612
0.379935
0.375928
0.373908
0.372517
0.37166
0.371243
0.371272
0.371734
0.372627
0.373985
0.376032
0.380271
0.389708
0.422834
0.564696
0.236875
0.236894
0.53981
0.417222
0.389571
0.381148
0.376992
0.374221
0.372495
0.371492
0.371025
0.371056
0.371576
0.37257
0.374269
0.377079
0.381327
0.389602
0.417278
0.540027
0.236898
0.236789
0.517736
0.413317
0.390087
0.382485
0.378146
0.375204
0.373081
0.371665
0.371057
0.371083
0.371734
0.373118
0.375145
0.378113
0.38251
0.390256
0.413192
0.517627
0.236829
0.240392
0.495926
0.409556
0.390897
0.383535
0.378978
0.375706
0.373417
0.371972
0.371217
0.371219
0.371928
0.373397
0.375654
0.378893
0.383511
0.390879
0.409658
0.495947
0.240038
0.242626
0.476251
0.407808
0.392198
0.384939
0.379956
0.376371
0.373848
0.372235
0.371457
0.371439
0.372217
0.373821
0.376357
0.37998
0.384955
0.392247
0.407904
0.47648
0.24281
0.248367
0.458984
0.407115
0.393604
0.386041
0.380643
0.376766
0.374075
0.372364
0.371531
0.371528
0.372359
0.374067
0.376761
0.380646
0.386072
0.393675
0.407216
0.459196
0.248347
0.254607
0.445147
0.407557
0.395495
0.387377
0.381412
0.377144
0.37423
0.372427
0.371565
0.371563
0.372425
0.374233
0.377156
0.381433
0.387422
0.395573
0.407636
0.445181
0.254442
0.262727
0.434871
0.40979
0.397606
0.388515
0.381937
0.37735
0.374299
0.372449
0.371573
0.371571
0.372444
0.374291
0.377339
0.381936
0.38852
0.397623
0.409823
0.43486
0.262869
0.271985
0.429303
0.413006
0.399801
0.389567
0.382289
0.37742
0.374303
0.372435
0.371558
0.371557
0.372431
0.3743
0.377416
0.382293
0.389584
0.399839
0.413083
0.42934
0.271894
0.282438
0.427145
0.417389
0.402036
0.390326
0.382421
0.377393
0.374224
0.372384
0.371547
0.371547
0.37238
0.374222
0.377389
0.382421
0.390332
0.402069
0.41744
0.427184
0.282381
0.293741
0.4277
0.422669
0.404127
0.390654
0.382347
0.37717
0.374057
0.372324
0.371561
0.371561
0.372321
0.374053
0.377165
0.382343
0.390657
0.404138
0.422697
0.42773
0.293833
0.306121
0.436167
0.429172
0.405531
0.39067
0.381883
0.376741
0.373824
0.372298
0.371644
0.371643
0.372295
0.373819
0.376735
0.381878
0.390673
0.40555
0.429232
0.436188
0.305966
0.318277
0.447414
0.435473
0.406054
0.389822
0.380951
0.376108
0.373543
0.372304
0.371807
0.371807
0.372302
0.373539
0.376102
0.380946
0.389825
0.406072
0.435515
0.447447
0.318432
0.330702
0.465086
0.44057
0.405612
0.388223
0.379635
0.375375
0.373354
0.37245
0.372116
0.372116
0.372449
0.373352
0.375367
0.379629
0.388222
0.405628
0.440618
0.465074
0.330524
0.341815
0.484373
0.442536
0.402549
0.38542
0.377912
0.374617
0.373291
0.372751
0.372575
0.372575
0.372752
0.373291
0.374615
0.377909
0.385421
0.402559
0.44258
0.484418
0.34196
0.351529
0.494164
0.439022
0.396629
0.381672
0.376118
0.37423
0.37349
0.373248
0.373182
0.373183
0.373248
0.373489
0.374221
0.376111
0.381666
0.396624
0.439041
0.49421
0.351416
0.360953
0.495582
0.421025
0.386408
0.377488
0.375016
0.374168
0.373931
0.373884
0.37388
0.37388
0.373886
0.373932
0.374164
0.375005
0.377476
0.386406
0.421078
0.495628
0.36101
0.367797
0.430565
0.38449
0.375891
0.374841
0.374636
0.374593
0.374613
0.374625
0.374629
0.374629
0.374625
0.374613
0.374595
0.374639
0.374858
0.375938
0.384498
0.430517
0.367765
0.209351
0.529383
0.488719
0.429951
0.377513
0.338112
0.311973
0.296217
0.287932
0.285
0.285931
0.290461
0.29963
0.315963
0.342036
0.380466
0.431162
0.48807
0.52766
0.208524
0.209202
0.529197
0.488162
0.42956
0.377315
0.33848
0.312517
0.296876
0.288525
0.286661
0.287743
0.292059
0.30024
0.316709
0.342152
0.380418
0.431011
0.487967
0.527598
0.208395
0.209156
0.529186
0.488021
0.428939
0.376984
0.338077
0.313105
0.298017
0.288859
0.285453
0.286153
0.290535
0.299526
0.315813
0.342005
0.380106
0.430817
0.487737
0.527531
0.208397
0.208998
0.529005
0.487655
0.428628
0.376756
0.337907
0.312725
0.297929
0.290258
0.285978
0.286382
0.290685
0.299688
0.315871
0.341838
0.379943
0.430103
0.48704
0.527347
0.208337
0.208846
0.528745
0.487273
0.42804
0.376329
0.337821
0.312153
0.297457
0.290408
0.287606
0.288267
0.292431
0.300141
0.316102
0.342128
0.379809
0.430242
0.487226
0.527376
0.2083
0.208608
0.528448
0.486861
0.4277
0.375996
0.337287
0.312159
0.298076
0.290473
0.2872
0.28762
0.291967
0.300361
0.31618
0.341759
0.379655
0.430353
0.487052
0.527356
0.208362
0.208474
0.52826
0.486875
0.427317
0.375587
0.337134
0.312296
0.296907
0.290138
0.286703
0.286959
0.291823
0.301472
0.317057
0.341812
0.379489
0.430159
0.486943
0.527351
0.208289
0.208358
0.528062
0.486721
0.427229
0.375431
0.337021
0.311668
0.297257
0.289611
0.288018
0.287858
0.290803
0.300957
0.316444
0.34198
0.379398
0.429642
0.48682
0.527342
0.208375
0.208238
0.527849
0.48611
0.427034
0.375134
0.337135
0.312064
0.296088
0.290049
0.286393
0.28599
0.290306
0.300574
0.315736
0.341615
0.379155
0.429701
0.486925
0.527332
0.208349
0.208113
0.52764
0.486023
0.427125
0.374877
0.336771
0.311292
0.295579
0.28841
0.284846
0.286634
0.290379
0.299815
0.315433
0.341167
0.378971
0.429466
0.486811
0.527264
0.208333
0.208045
0.527496
0.485443
0.426744
0.37446
0.336503
0.311962
0.295378
0.287094
0.284154
0.285193
0.290276
0.300596
0.315461
0.341229
0.378657
0.428692
0.486263
0.527199
0.208292
0.207903
0.527288
0.485033
0.425864
0.374036
0.335839
0.31085
0.296078
0.287381
0.284493
0.285417
0.291177
0.299635
0.315267
0.340716
0.378378
0.428537
0.486166
0.52724
0.208252
0.20775
0.52698
0.484295
0.425165
0.373595
0.33524
0.310019
0.295201
0.287454
0.285743
0.285423
0.290222
0.300513
0.316099
0.341005
0.378319
0.428326
0.485696
0.527041
0.208099
0.207565
0.526672
0.483934
0.424786
0.373335
0.335499
0.310696
0.296325
0.287706
0.284725
0.285573
0.290185
0.299689
0.315249
0.340543
0.37795
0.427899
0.48539
0.526907
0.208013
0.207416
0.526368
0.483518
0.424389
0.372979
0.335043
0.309823
0.295405
0.288028
0.285193
0.28611
0.291334
0.298782
0.314335
0.340215
0.377606
0.427358
0.484887
0.526495
0.207836
0.207301
0.526211
0.483174
0.424072
0.372738
0.334734
0.309875
0.295556
0.288173
0.286376
0.287071
0.290241
0.298347
0.314001
0.339672
0.377155
0.426932
0.484465
0.52637
0.207768
0.207112
0.525892
0.482582
0.423601
0.372476
0.334995
0.310053
0.296044
0.28928
0.285052
0.285399
0.290814
0.29828
0.313923
0.340079
0.37696
0.426408
0.483938
0.526226
0.207651
0.206998
0.525701
0.482015
0.42292
0.372092
0.334458
0.309981
0.296787
0.288953
0.286033
0.285426
0.289473
0.297927
0.313625
0.339355
0.376376
0.425772
0.483507
0.526093
0.207507
0.206875
0.525476
0.481575
0.422426
0.371777
0.334598
0.309876
0.295469
0.287928
0.284971
0.285598
0.289974
0.298063
0.31362
0.339768
0.375907
0.425094
0.482862
0.525816
0.207313
0.206736
0.525171
0.481022
0.421719
0.37133
0.334144
0.309913
0.295678
0.28828
0.285075
0.285716
0.290833
0.298233
0.313484
0.33876
0.375273
0.424504
0.482365
0.525638
0.207186
0.206558
0.524862
0.480523
0.421239
0.371026
0.33455
0.310217
0.295935
0.288377
0.285378
0.285893
0.289981
0.298358
0.313588
0.337912
0.374705
0.423911
0.481879
0.525388
0.207011
0.206386
0.524581
0.479953
0.420584
0.370463
0.334001
0.310894
0.297398
0.290108
0.285916
0.286205
0.290316
0.299431
0.31278
0.337049
0.374199
0.423359
0.481478
0.525285
0.20688
0.20622
0.524398
0.479454
0.419974
0.370027
0.334143
0.310115
0.296884
0.289891
0.287277
0.287765
0.290859
0.298902
0.312638
0.337141
0.373812
0.42274
0.480895
0.525078
0.206673
0.206046
0.524217
0.478975
0.419444
0.369545
0.333525
0.310439
0.296645
0.289499
0.286455
0.286776
0.291731
0.300185
0.312462
0.336201
0.373209
0.422218
0.480429
0.524858
0.206419
0.205798
0.523853
0.478253
0.418773
0.369115
0.333232
0.311032
0.297073
0.28998
0.286759
0.286707
0.29018
0.299005
0.312231
0.335967
0.372762
0.421497
0.47972
0.524532
0.206145
0.205587
0.523564
0.477658
0.418155
0.368781
0.333551
0.311308
0.297603
0.291048
0.287446
0.288222
0.290448
0.298199
0.312153
0.33572
0.372149
0.420796
0.479165
0.524243
0.205883
0.205291
0.523104
0.477002
0.417554
0.368379
0.333401
0.311519
0.298067
0.292054
0.287889
0.287768
0.290789
0.298325
0.312235
0.335648
0.371714
0.42008
0.478572
0.523983
0.205674
0.205129
0.52287
0.476448
0.416984
0.36801
0.333282
0.311301
0.29855
0.291712
0.289485
0.288554
0.292495
0.299892
0.312606
0.335573
0.371057
0.419235
0.477751
0.523553
0.205334
0.204897
0.522501
0.475763
0.416283
0.367556
0.333106
0.31183
0.299344
0.29241
0.289968
0.289175
0.292146
0.299813
0.31274
0.335676
0.370455
0.418339
0.476832
0.523079
0.204993
0.204715
0.522255
0.475131
0.415705
0.367249
0.333285
0.312876
0.301774
0.294607
0.291098
0.289938
0.29274
0.300356
0.313643
0.336392
0.369744
0.417321
0.475855
0.522546
0.204652
0.204459
0.521915
0.474304
0.414859
0.366822
0.333781
0.313791
0.302311
0.294982
0.292153
0.291091
0.293588
0.300735
0.313291
0.335474
0.368787
0.416252
0.474901
0.522034
0.204388
0.204251
0.521686
0.473561
0.414124
0.366383
0.333784
0.314289
0.303179
0.295951
0.293625
0.293276
0.29557
0.301514
0.313085
0.335081
0.367962
0.415217
0.473983
0.521542
0.204082
0.203934
0.521315
0.472756
0.413318
0.365985
0.333968
0.315114
0.304274
0.298069
0.295428
0.294544
0.296592
0.302324
0.313278
0.334393
0.366997
0.414116
0.473003
0.521117
0.203809
0.203594
0.520802
0.47181
0.412466
0.365548
0.334096
0.31579
0.305419
0.299606
0.296789
0.296622
0.298694
0.303775
0.314269
0.333915
0.36615
0.413078
0.472026
0.520676
0.203502
0.203217
0.520261
0.470798
0.411558
0.365131
0.334275
0.316406
0.306498
0.301073
0.298419
0.298058
0.299771
0.304632
0.314466
0.333289
0.36534
0.412029
0.47114
0.520343
0.203286
0.202778
0.519557
0.469755
0.410554
0.364594
0.334344
0.317089
0.307476
0.302298
0.299902
0.29942
0.301076
0.305774
0.315093
0.332973
0.364694
0.411046
0.470207
0.519888
0.202981
0.202392
0.51891
0.468693
0.409623
0.364188
0.334806
0.31784
0.308496
0.303537
0.301213
0.300783
0.302374
0.306847
0.315868
0.333124
0.364148
0.410021
0.469235
0.519395
0.202672
0.202024
0.518317
0.467745
0.408734
0.363715
0.334864
0.318488
0.309562
0.304877
0.30269
0.302317
0.303831
0.307982
0.316816
0.33325
0.363501
0.409035
0.468266
0.51891
0.202346
0.201753
0.517848
0.466814
0.407913
0.363335
0.335025
0.319228
0.310706
0.30624
0.304189
0.303847
0.305251
0.309233
0.317544
0.333742
0.363049
0.408014
0.467109
0.518269
0.20194
0.201592
0.51756
0.466055
0.407195
0.362932
0.33491
0.319934
0.311879
0.307676
0.305732
0.305396
0.306706
0.310455
0.318308
0.333766
0.362452
0.407017
0.466106
0.517786
0.201627
0.201486
0.517358
0.465441
0.406548
0.362501
0.334367
0.320409
0.312833
0.30889
0.307042
0.30668
0.30787
0.311371
0.31902
0.333841
0.361898
0.405949
0.464955
0.517104
0.201215
0.201342
0.517058
0.464767
0.405827
0.362011
0.334212
0.320671
0.313601
0.309989
0.308314
0.307988
0.309074
0.312346
0.319474
0.333772
0.361334
0.404949
0.463906
0.516589
0.20092
0.201159
0.516718
0.464012
0.405056
0.361482
0.334059
0.320494
0.314251
0.310983
0.309475
0.309181
0.310171
0.313159
0.319802
0.333404
0.360728
0.40388
0.462741
0.515881
0.200502
0.200947
0.516336
0.463108
0.404168
0.360938
0.334124
0.319738
0.314626
0.311848
0.310602
0.310394
0.311296
0.313976
0.319839
0.332666
0.360075
0.402756
0.461539
0.515267
0.200186
0.20072
0.515974
0.462063
0.40315
0.360298
0.333068
0.320033
0.314814
0.312417
0.311469
0.311365
0.312167
0.314454
0.319093
0.332221
0.35931
0.401587
0.460316
0.514611
0.199826
0.20045
0.515518
0.460971
0.401992
0.359502
0.332932
0.318233
0.313979
0.312448
0.312022
0.312062
0.312741
0.314722
0.319633
0.33199
0.35857
0.400399
0.459062
0.513944
0.199534
0.200138
0.514949
0.459727
0.400688
0.358257
0.331199
0.3177
0.312592
0.311636
0.312062
0.312258
0.312679
0.313897
0.317879
0.331546
0.357643
0.399246
0.458026
0.513517
0.199378
0.199798
0.514348
0.458483
0.399335
0.35725
0.330298
0.317825
0.313631
0.310738
0.31134
0.311671
0.311787
0.31247
0.317381
0.331583
0.356908
0.398117
0.456927
0.513151
0.199211
0.199422
0.513686
0.457051
0.397751
0.355994
0.329966
0.317279
0.311479
0.311376
0.31012
0.31026
0.310707
0.312958
0.316988
0.330749
0.355808
0.396873
0.455851
0.51272
0.199012
0.198962
0.512912
0.455514
0.396052
0.354534
0.330084
0.316244
0.309264
0.309012
0.311324
0.31221
0.31216
0.310941
0.316058
0.329797
0.354793
0.395587
0.454614
0.512194
0.198724
0.198517
0.512116
0.453892
0.394301
0.352837
0.328169
0.314937
0.30858
0.30687
0.308252
0.309093
0.309568
0.310297
0.315811
0.328414
0.353465
0.394092
0.453265
0.511653
0.198427
0.198086
0.511317
0.452288
0.39255
0.3513
0.327025
0.313339
0.308463
0.306378
0.305836
0.306374
0.30736
0.309926
0.316684
0.328481
0.352374
0.392551
0.451774
0.51091
0.198008
0.197655
0.510502
0.45061
0.390781
0.349861
0.325779
0.313253
0.308439
0.307154
0.305694
0.306288
0.307312
0.310451
0.314358
0.326082
0.350545
0.390702
0.450158
0.510066
0.197548
0.197235
0.509705
0.448846
0.388827
0.348449
0.325564
0.31398
0.306214
0.303997
0.30526
0.306946
0.307819
0.309182
0.312299
0.325334
0.349182
0.38885
0.448398
0.509269
0.197077
0.19676
0.508863
0.446855
0.386564
0.346478
0.323505
0.311294
0.30588
0.303558
0.303875
0.303905
0.30483
0.307958
0.311631
0.325002
0.347454
0.386748
0.446412
0.508203
0.196439
0.196232
0.507939
0.444645
0.38398
0.344225
0.321259
0.30907
0.307059
0.30356
0.304816
0.305611
0.30631
0.307438
0.31081
0.32387
0.345781
0.38469
0.444359
0.507252
0.195878
0.195606
0.506869
0.442231
0.381107
0.341371
0.319636
0.308394
0.305079
0.302715
0.302793
0.303452
0.30433
0.306572
0.310067
0.32171
0.344115
0.382479
0.442064
0.506022
0.195119
0.194852
0.505643
0.439622
0.37825
0.338604
0.3174
0.308469
0.303505
0.302927
0.303196
0.303885
0.304626
0.307147
0.309593
0.320226
0.34274
0.380086
0.439588
0.504856
0.194418
0.193944
0.504179
0.43668
0.375212
0.335531
0.316013
0.307585
0.303684
0.303504
0.303905
0.30431
0.304693
0.305933
0.309337
0.31958
0.340792
0.377247
0.436787
0.503407
0.193532
0.192897
0.502551
0.433491
0.372304
0.333463
0.313808
0.305885
0.303999
0.304636
0.306542
0.307037
0.305711
0.307918
0.309464
0.317872
0.338619
0.374314
0.433911
0.501897
0.192631
0.191574
0.500516
0.42984
0.369202
0.334099
0.314973
0.307609
0.306441
0.306841
0.305981
0.306853
0.305736
0.307339
0.310601
0.317867
0.33665
0.371226
0.430799
0.50028
0.191613
0.190153
0.498358
0.425877
0.365224
0.330967
0.312985
0.306459
0.306064
0.305855
0.306409
0.307644
0.306296
0.306314
0.309009
0.318353
0.334284
0.36784
0.427329
0.498375
0.190359
0.188359
0.495714
0.421568
0.36143
0.32842
0.31351
0.307107
0.30719
0.307245
0.308956
0.308316
0.307066
0.306858
0.309024
0.31598
0.331387
0.364224
0.423593
0.496337
0.188976
0.186457
0.492841
0.416958
0.357608
0.326209
0.311728
0.307521
0.308649
0.308335
0.309301
0.309437
0.30972
0.308096
0.310134
0.314685
0.328929
0.360525
0.419383
0.493795
0.187205
0.184186
0.489402
0.41195
0.353626
0.324291
0.311283
0.309902
0.310485
0.311413
0.311243
0.312093
0.311055
0.308906
0.309079
0.312341
0.326126
0.356529
0.41477
0.490883
0.185209
0.181806
0.485754
0.406784
0.349648
0.322689
0.31241
0.310883
0.312195
0.313593
0.314683
0.314478
0.313397
0.311829
0.309553
0.31148
0.324079
0.352615
0.409777
0.487448
0.182838
0.179098
0.481664
0.401316
0.345553
0.320753
0.312561
0.312506
0.314636
0.316865
0.318069
0.31794
0.316422
0.313856
0.312487
0.312912
0.322288
0.34852
0.404332
0.483487
0.180147
0.176225
0.477268
0.395795
0.341817
0.319248
0.312504
0.314222
0.316851
0.319013
0.320172
0.320142
0.318641
0.316329
0.313605
0.312586
0.320497
0.344464
0.398607
0.479064
0.177168
0.173089
0.472413
0.390118
0.338339
0.318325
0.313336
0.315775
0.318953
0.321449
0.322714
0.3226
0.321268
0.31877
0.315647
0.313375
0.319638
0.340601
0.392604
0.474031
0.173851
0.16985
0.467194
0.384486
0.335102
0.317761
0.315217
0.317923
0.321341
0.323911
0.325137
0.324978
0.323502
0.32089
0.317572
0.31531
0.318111
0.336656
0.386492
0.468606
0.170417
0.166508
0.461643
0.379013
0.332338
0.31724
0.316308
0.319563
0.323289
0.326095
0.327542
0.327519
0.326123
0.323434
0.319655
0.316234
0.317826
0.333758
0.380676
0.462816
0.166868
0.163251
0.455925
0.373788
0.330069
0.317126
0.317732
0.321573
0.325425
0.328214
0.32967
0.32973
0.328342
0.325554
0.321687
0.317884
0.317441
0.331005
0.374891
0.456722
0.163387
0.160179
0.450175
0.369022
0.328555
0.317713
0.319365
0.323518
0.327391
0.330172
0.331623
0.331688
0.330365
0.327699
0.323889
0.319806
0.318687
0.32937
0.369736
0.450613
0.160181
0.157461
0.444456
0.364757
0.327805
0.319433
0.321303
0.32548
0.329328
0.332071
0.333511
0.333614
0.332378
0.329815
0.326092
0.321903
0.319905
0.328274
0.365111
0.444553
0.157405
0.155332
0.439042
0.361184
0.32776
0.32076
0.32317
0.327455
0.331236
0.333893
0.335297
0.33542
0.334239
0.331733
0.328003
0.323666
0.321132
0.328128
0.361362
0.438942
0.155309
0.153829
0.433823
0.358094
0.327521
0.322298
0.32518
0.329485
0.33317
0.335729
0.337075
0.337198
0.336084
0.333702
0.330115
0.325804
0.322808
0.327934
0.3583
0.433771
0.153907
0.153479
0.428864
0.355513
0.327916
0.323897
0.327168
0.331493
0.335087
0.337551
0.33884
0.338957
0.337889
0.335595
0.332108
0.327814
0.324509
0.32838
0.355765
0.428877
0.153518
0.151371
0.423607
0.353043
0.327944
0.325681
0.329318
0.333615
0.337085
0.339427
0.340631
0.340716
0.339674
0.337459
0.334068
0.329793
0.326127
0.328375
0.353489
0.423876
0.151506
0.149918
0.418076
0.350662
0.328623
0.327416
0.331352
0.335649
0.339032
0.341283
0.342423
0.34249
0.34148
0.339345
0.336052
0.331812
0.327897
0.329151
0.351264
0.418438
0.149819
0.147775
0.411915
0.348112
0.329175
0.329224
0.333487
0.337762
0.341035
0.34318
0.34425
0.344291
0.343303
0.341231
0.338018
0.333794
0.329581
0.329623
0.348733
0.412421
0.148448
0.146438
0.405044
0.34528
0.329652
0.330954
0.335592
0.339886
0.343078
0.345132
0.346138
0.346162
0.345202
0.343197
0.340051
0.335801
0.331198
0.329948
0.345689
0.405313
0.146851
0.144897
0.397199
0.342287
0.330263
0.332886
0.33786
0.342132
0.345212
0.347161
0.348103
0.348116
0.347198
0.345278
0.342223
0.337974
0.333013
0.330415
0.342524
0.397437
0.145397
0.143526
0.388346
0.339154
0.330943
0.334901
0.340205
0.344455
0.347421
0.349262
0.350141
0.35015
0.349287
0.347469
0.344528
0.340308
0.335034
0.331105
0.339363
0.388557
0.143911
0.142975
0.379018
0.336497
0.332187
0.337325
0.342811
0.346937
0.349725
0.351423
0.352225
0.35223
0.351437
0.349748
0.346964
0.342836
0.337335
0.332168
0.336463
0.379075
0.142859
0.142781
0.369244
0.334423
0.333834
0.340011
0.34558
0.34952
0.352093
0.353627
0.354341
0.354344
0.353633
0.352105
0.349538
0.345602
0.340039
0.333855
0.334409
0.369312
0.142765
0.144199
0.359832
0.333451
0.336126
0.343104
0.348562
0.35221
0.354508
0.355844
0.356458
0.356457
0.355842
0.354503
0.352203
0.34855
0.343087
0.336102
0.333426
0.359787
0.144168
0.146837
0.350904
0.333186
0.339032
0.346494
0.351676
0.354935
0.356905
0.358018
0.358519
0.358518
0.358015
0.3569
0.354932
0.351672
0.346496
0.339038
0.333172
0.35089
0.146817
0.15148
0.343135
0.334317
0.342694
0.350196
0.354881
0.35764
0.359226
0.360089
0.360468
0.360467
0.360087
0.359221
0.357636
0.354876
0.350195
0.342702
0.334333
0.343153
0.15147
0.157862
0.336837
0.336795
0.347011
0.354131
0.358115
0.360276
0.361432
0.362022
0.36227
0.362269
0.362021
0.361429
0.360276
0.358117
0.35414
0.347032
0.336822
0.336863
0.157864
0.166659
0.333198
0.340908
0.352024
0.358243
0.361319
0.362796
0.363484
0.363786
0.363898
0.363897
0.363785
0.363482
0.362794
0.36132
0.358244
0.352025
0.340906
0.33321
0.166647
0.177419
0.331754
0.346399
0.357382
0.362392
0.364423
0.365157
0.365357
0.365366
0.36534
0.365339
0.365364
0.365356
0.365157
0.364429
0.362404
0.357404
0.346434
0.331762
0.17743
0.190876
0.332104
0.353491
0.363264
0.36658
0.367389
0.367327
0.36703
0.36675
0.366591
0.36659
0.366748
0.367027
0.367323
0.367386
0.366577
0.363261
0.353494
0.332116
0.190871
0.207012
0.338539
0.362364
0.369374
0.370586
0.370088
0.369234
0.368469
0.367928
0.367652
0.367651
0.367925
0.368465
0.36923
0.370086
0.370589
0.369386
0.36239
0.338568
0.207014
0.225228
0.348073
0.372222
0.375418
0.374255
0.372415
0.370822
0.369655
0.368907
0.368542
0.368541
0.368904
0.369651
0.370817
0.372409
0.374253
0.37542
0.372231
0.348084
0.225212
0.245957
0.363781
0.38344
0.381234
0.377388
0.374246
0.372032
0.370586
0.369715
0.369306
0.369305
0.369712
0.370581
0.372026
0.37424
0.377386
0.381241
0.383457
0.363785
0.245946
0.267943
0.384237
0.39485
0.386007
0.379348
0.375306
0.372815
0.371295
0.370422
0.370024
0.370023
0.37042
0.371291
0.372809
0.375301
0.379346
0.386011
0.394869
0.38424
0.26793
0.291316
0.410215
0.40468
0.38835
0.380083
0.375743
0.373313
0.371906
0.371139
0.370803
0.370803
0.371138
0.371903
0.373308
0.37574
0.380081
0.388353
0.404692
0.410209
0.291299
0.314359
0.434507
0.408951
0.38885
0.380083
0.375807
0.37363
0.37251
0.371957
0.371733
0.371733
0.371958
0.372511
0.373629
0.375806
0.38008
0.388853
0.408958
0.434504
0.31436
0.338071
0.44494
0.406828
0.385645
0.378092
0.375062
0.373775
0.373204
0.372963
0.372876
0.372877
0.372964
0.373206
0.373778
0.375064
0.378093
0.385646
0.406831
0.444932
0.338063
0.364363
0.421479
0.386483
0.377504
0.375378
0.374627
0.374348
0.374272
0.374255
0.374253
0.374253
0.374255
0.374272
0.374348
0.374627
0.375378
0.377504
0.386483
0.421482
0.364367
)
;

boundaryField
{
    fixedWalls_1
    {
        type            kqRWallFunction;
        value           nonuniform List<scalar> 
200
(
0.208439
0.20824
0.208166
0.208248
0.208274
0.208298
0.208253
0.208388
0.208445
0.208612
0.208673
0.208606
0.208475
0.208434
0.208285
0.208227
0.208069
0.207904
0.207724
0.207455
0.207219
0.206974
0.206819
0.206586
0.206401
0.20618
0.205971
0.205728
0.205461
0.205158
0.20488
0.20465
0.204363
0.204046
0.203736
0.203346
0.203027
0.202682
0.202444
0.202178
0.201891
0.201546
0.201109
0.200684
0.20027
0.199821
0.19948
0.199082
0.198754
0.198327
0.197923
0.197537
0.197073
0.196684
0.196193
0.19567
0.194977
0.194202
0.193233
0.192147
0.190855
0.189429
0.187842
0.186046
0.184113
0.181857
0.17942
0.176699
0.173748
0.170665
0.167518
0.164441
0.161565
0.158978
0.156811
0.155074
0.153874
0.152496
0.150475
0.148814
0.147074
0.145273
0.143817
0.142915
0.142782
0.144199
0.146842
0.151484
0.157881
0.166634
0.177438
0.190857
0.207032
0.225213
0.245961
0.267952
0.291298
0.314376
0.338054
0.364369
0.208053
0.207915
0.208013
0.207983
0.208266
0.20834
0.208357
0.208505
0.208546
0.20839
0.208432
0.208333
0.208148
0.20796
0.207816
0.207611
0.207433
0.207302
0.207112
0.206895
0.206599
0.206354
0.205952
0.205698
0.205342
0.205172
0.204892
0.204574
0.204315
0.204025
0.203794
0.203588
0.203431
0.203261
0.20297
0.202625
0.202248
0.20185
0.201468
0.201172
0.200817
0.20051
0.200224
0.199986
0.199766
0.199492
0.199245
0.19889
0.198547
0.198144
0.197717
0.197235
0.196713
0.196156
0.195549
0.194852
0.194093
0.193215
0.192155
0.191023
0.189769
0.188406
0.18693
0.185318
0.183566
0.181541
0.179406
0.176894
0.174258
0.171239
0.168269
0.165124
0.162253
0.159432
0.157085
0.154926
0.153195
0.151543
0.149989
0.148337
0.146649
0.144953
0.1438
0.142856
0.142763
0.144185
0.146816
0.151484
0.157852
0.166652
0.177413
0.190867
0.207003
0.225211
0.24594
0.267924
0.291309
0.314349
0.338073
0.364364
)
;
    }
    frontAndBack_1
    {
        type            empty;
    }
    inlet_1
    {
        type            fixedValue;
        value           uniform 0.375;
    }
    outlet_1
    {
        type            zeroGradient;
    }
    fixedWalls_2
    {
        type            kqRWallFunction;
        value           nonuniform List<scalar> 
200
(
0.611354
0.610159
0.609435
0.606199
0.607529
0.606313
0.603
0.60294
0.601544
0.598349
0.597091
0.595568
0.592795
0.590887
0.588916
0.58696
0.58485
0.582969
0.58092
0.578182
0.57502
0.572505
0.570865
0.569935
0.570834
0.5705
0.569501
0.567984
0.566397
0.563614
0.562063
0.559587
0.558049
0.555993
0.554124
0.551759
0.549106
0.546848
0.544656
0.54269
0.540847
0.53924
0.537293
0.535941
0.534219
0.532248
0.53025
0.527862
0.525801
0.522844
0.52054
0.517695
0.514691
0.511431
0.508243
0.504721
0.501629
0.498061
0.495168
0.491261
0.487284
0.482308
0.475963
0.468069
0.457679
0.445318
0.430495
0.413969
0.396425
0.377674
0.35942
0.340354
0.322887
0.304974
0.288882
0.273738
0.261193
0.252002
0.246947
0.245797
0.240811
0.238971
0.237974
0.235945
0.23707
0.2399
0.242705
0.248503
0.254431
0.262861
0.271961
0.282415
0.293793
0.306078
0.318333
0.330663
0.341813
0.351549
0.360851
0.367818
0.607372
0.606393
0.60593
0.603391
0.604147
0.603449
0.601473
0.603528
0.602965
0.601828
0.601048
0.600075
0.599365
0.598572
0.597769
0.596584
0.59538
0.592305
0.591843
0.589622
0.588974
0.586607
0.583818
0.582121
0.580097
0.577686
0.575464
0.5741
0.572161
0.570154
0.567393
0.564049
0.561174
0.559056
0.556618
0.553983
0.551609
0.548748
0.546014
0.542723
0.540356
0.537311
0.534642
0.531709
0.528884
0.525881
0.523068
0.519476
0.516054
0.511851
0.507904
0.503095
0.49878
0.494241
0.489819
0.485774
0.482013
0.478604
0.475056
0.471139
0.466423
0.460971
0.453949
0.445928
0.435559
0.423981
0.410931
0.396196
0.381082
0.364625
0.348641
0.33168
0.315495
0.299485
0.284441
0.271696
0.260943
0.253724
0.250823
0.245745
0.243057
0.239711
0.238597
0.236328
0.237311
0.239838
0.242699
0.248439
0.254318
0.262824
0.271796
0.282441
0.29362
0.306139
0.318197
0.33068
0.341824
0.351484
0.360973
0.367779
)
;
    }
    frontAndBack_2
    {
        type            empty;
    }
    inlet_2
    {
        type            fixedValue;
        value           uniform 0.375;
    }
    outlet_2
    {
        type            zeroGradient;
    }
    fixedWalls_3
    {
        type            kqRWallFunction;
        value           nonuniform List<scalar> 
200
(
1.0791
1.07602
1.07022
1.07363
1.07116
1.06937
1.06287
1.06275
1.06002
1.05902
1.05863
1.05631
1.04949
1.04854
1.04283
1.04066
1.03782
1.03454
1.03222
1.02788
1.02168
1.01877
1.01381
1.00957
1.00541
1.00048
0.997066
0.993416
0.989188
0.985603
0.981355
0.977665
0.973618
0.968938
0.965265
0.961339
0.958666
0.954224
0.950343
0.945933
0.942098
0.938296
0.935175
0.932346
0.929515
0.926107
0.921483
0.916885
0.911668
0.906775
0.901544
0.896674
0.891165
0.885096
0.878357
0.869633
0.859707
0.847778
0.834824
0.820304
0.805051
0.788801
0.771966
0.754319
0.735703
0.71652
0.695832
0.674129
0.650234
0.624665
0.596507
0.56659
0.534077
0.500862
0.466514
0.43308
0.399787
0.369752
0.342366
0.320913
0.305242
0.295914
0.290975
0.288826
0.288322
0.28915
0.292627
0.295835
0.300334
0.306433
0.312976
0.320293
0.327937
0.336178
0.343686
0.35129
0.357066
0.362506
0.365977
0.369823
1.05566
1.04745
1.04701
1.04027
1.03996
1.03826
1.03947
1.04187
1.0399
1.03463
1.03658
1.03499
1.02942
1.02753
1.0237
1.0179
1.01435
1.01009
1.00597
1.00393
1.00303
1.00448
0.999177
1.00058
0.994635
0.989339
0.985807
0.979854
0.97654
0.970883
0.965691
0.960221
0.955259
0.950941
0.946755
0.94368
0.940677
0.938748
0.936401
0.934265
0.931969
0.929012
0.926386
0.922195
0.919744
0.915328
0.912913
0.908701
0.905738
0.901938
0.897502
0.893761
0.889019
0.885128
0.880654
0.875766
0.871109
0.863736
0.856609
0.846259
0.835066
0.821083
0.805096
0.78738
0.76699
0.745438
0.720382
0.693533
0.663084
0.628982
0.59217
0.551658
0.509458
0.466843
0.427676
0.391649
0.36267
0.337483
0.318981
0.306098
0.298694
0.293422
0.290351
0.288936
0.288407
0.289206
0.292446
0.295357
0.300611
0.306066
0.312948
0.320198
0.327988
0.335994
0.343931
0.351082
0.357295
0.362366
0.366146
0.369756
)
;
    }
    frontAndBack_3
    {
        type            empty;
    }
    inlet_3
    {
        type            fixedValue;
        value           uniform 0.375;
    }
    outlet_3
    {
        type            zeroGradient;
    }
    fixedWalls_4
    {
        type            kqRWallFunction;
        value           nonuniform List<scalar> 
200
(
0.610842
0.607666
0.607125
0.607316
0.607502
0.606858
0.604267
0.604523
0.60326
0.602517
0.602552
0.601559
0.598539
0.597903
0.597207
0.595853
0.592889
0.59209
0.590511
0.588859
0.588885
0.588728
0.587486
0.583985
0.58193
0.580242
0.578075
0.575872
0.573145
0.570139
0.568089
0.565067
0.562482
0.558947
0.556241
0.553562
0.551354
0.54914
0.547211
0.545895
0.544156
0.542698
0.540728
0.538531
0.53582
0.532311
0.529362
0.525911
0.522316
0.519227
0.515152
0.511276
0.507101
0.503605
0.499433
0.496472
0.492829
0.489611
0.485352
0.481113
0.475211
0.468851
0.460785
0.451822
0.44114
0.429535
0.416915
0.403475
0.389673
0.374673
0.359825
0.343773
0.328694
0.313803
0.299487
0.286621
0.273915
0.263264
0.253618
0.246272
0.241782
0.239649
0.237191
0.236894
0.236789
0.240392
0.242626
0.248367
0.254607
0.262727
0.271985
0.282438
0.293741
0.306121
0.318277
0.330702
0.341815
0.351529
0.360953
0.367797
0.603939
0.602196
0.601013
0.59808
0.596868
0.594946
0.592257
0.591334
0.590318
0.589742
0.589791
0.590595
0.592428
0.590228
0.59234
0.589214
0.588815
0.587174
0.585882
0.584078
0.582261
0.580188
0.578017
0.575986
0.573967
0.571739
0.570344
0.56878
0.567599
0.565904
0.564004
0.561916
0.559666
0.557251
0.554402
0.551968
0.549003
0.546278
0.543978
0.542009
0.540489
0.538637
0.536456
0.533867
0.531334
0.52783
0.523694
0.518908
0.514854
0.509638
0.504853
0.500878
0.49689
0.492689
0.489625
0.485696
0.483011
0.479759
0.476375
0.472245
0.468151
0.4629
0.457345
0.450306
0.442309
0.432812
0.421575
0.40873
0.393427
0.376605
0.357408
0.338019
0.317722
0.299129
0.281953
0.268477
0.257829
0.25133
0.247998
0.246951
0.241711
0.239901
0.236875
0.236898
0.236829
0.240038
0.24281
0.248347
0.254442
0.262869
0.271894
0.282381
0.293833
0.305966
0.318432
0.330524
0.34196
0.351416
0.36101
0.367765
)
;
    }
    frontAndBack_4
    {
        type            empty;
    }
    inlet_4
    {
        type            fixedValue;
        value           uniform 0.375;
    }
    outlet_4
    {
        type            zeroGradient;
    }
    fixedWalls_5
    {
        type            kqRWallFunction;
        value           nonuniform List<scalar> 
200
(
0.209351
0.209202
0.209156
0.208998
0.208846
0.208608
0.208474
0.208358
0.208238
0.208113
0.208045
0.207903
0.20775
0.207565
0.207416
0.207301
0.207112
0.206998
0.206875
0.206736
0.206558
0.206386
0.20622
0.206046
0.205798
0.205587
0.205291
0.205129
0.204897
0.204715
0.204459
0.204251
0.203934
0.203594
0.203217
0.202778
0.202392
0.202024
0.201753
0.201592
0.201486
0.201342
0.201159
0.200947
0.20072
0.20045
0.200138
0.199798
0.199422
0.198962
0.198517
0.198086
0.197655
0.197235
0.19676
0.196232
0.195606
0.194852
0.193944
0.192897
0.191574
0.190153
0.188359
0.186457
0.184186
0.181806
0.179098
0.176225
0.173089
0.16985
0.166508
0.163251
0.160179
0.157461
0.155332
0.153829
0.153479
0.151371
0.149918
0.147775
0.146438
0.144897
0.143526
0.142975
0.142781
0.144199
0.146837
0.15148
0.157862
0.166659
0.177419
0.190876
0.207012
0.225228
0.245957
0.267943
0.291316
0.314359
0.338071
0.364363
0.208524
0.208395
0.208397
0.208337
0.2083
0.208362
0.208289
0.208375
0.208349
0.208333
0.208292
0.208252
0.208099
0.208013
0.207836
0.207768
0.207651
0.207507
0.207313
0.207186
0.207011
0.20688
0.206673
0.206419
0.206145
0.205883
0.205674
0.205334
0.204993
0.204652
0.204388
0.204082
0.203809
0.203502
0.203286
0.202981
0.202672
0.202346
0.20194
0.201627
0.201215
0.20092
0.200502
0.200186
0.199826
0.199534
0.199378
0.199211
0.199012
0.198724
0.198427
0.198008
0.197548
0.197077
0.196439
0.195878
0.195119
0.194418
0.193532
0.192631
0.191613
0.190359
0.188976
0.187205
0.185209
0.182838
0.180147
0.177168
0.173851
0.170417
0.166868
0.163387
0.160181
0.157405
0.155309
0.153907
0.153518
0.151506
0.149819
0.148448
0.146851
0.145397
0.143911
0.142859
0.142765
0.144168
0.146817
0.15147
0.157864
0.166647
0.17743
0.190871
0.207014
0.225212
0.245946
0.26793
0.291299
0.31436
0.338063
0.364367
)
;
    }
    frontAndBack_5
    {
        type            empty;
    }
    inlet_5
    {
        type            fixedValue;
        value           uniform 0.375;
    }
    outlet_5
    {
        type            zeroGradient;
    }
}


// ************************************************************************* //
