/*--------------------------------*- C++ -*----------------------------------*\
  =========                 |
  \\      /  F ield         | OpenFOAM: The Open Source CFD Toolbox
   \\    /   O peration     | Website:  https://openfoam.org
    \\  /    A nd           | Version:  6
     \\/     M anipulation  |
\*---------------------------------------------------------------------------*/
FoamFile
{
    version     2.0;
    format      ascii;
    class       volScalarField;
    location    "28";
    object      p;
}
// * * * * * * * * * * * * * * * * * * * * * * * * * * * * * * * * * * * * * //

dimensions      [0 2 -2 0 0 0 0];

internalField   nonuniform List<scalar> 
10000
(
0.0279174
0.0279188
0.0272729
0.0256709
0.0229525
0.0208118
0.0196784
0.0192577
0.0191838
0.0191059
0.0189525
0.018619
0.0179416
0.0170054
0.0158541
0.0150956
0.0149341
0.0149707
0.0170587
0.0201827
0.0670465
0.0658143
0.0678843
0.0712014
0.0723515
0.071608
0.0702313
0.0691616
0.068646
0.0683708
0.0682968
0.0680306
0.0678391
0.0672473
0.0660824
0.0637547
0.0599426
0.0560057
0.0552606
0.057904
0.109758
0.106939
0.106493
0.108876
0.111795
0.114054
0.115486
0.116238
0.116587
0.116681
0.116529
0.116037
0.115006
0.11349
0.11154
0.109349
0.107374
0.106431
0.106463
0.106786
0.157881
0.156423
0.155799
0.157781
0.161027
0.163729
0.165526
0.166488
0.166893
0.166988
0.166822
0.166369
0.165538
0.164251
0.162388
0.160226
0.158021
0.156537
0.156317
0.156571
0.217449
0.219365
0.219626
0.219307
0.219624
0.219922
0.220136
0.220094
0.219944
0.219687
0.219413
0.219103
0.218624
0.218159
0.217612
0.217172
0.217065
0.217272
0.216744
0.215121
0.274008
0.276539
0.277823
0.277246
0.276295
0.275235
0.274302
0.27349
0.272876
0.272426
0.272112
0.271912
0.271955
0.272393
0.273402
0.275021
0.276757
0.277816
0.27697
0.274797
0.322245
0.322174
0.322495
0.322389
0.322334
0.322676
0.32306
0.323278
0.323371
0.32344
0.323647
0.324091
0.324809
0.325914
0.327337
0.328965
0.330381
0.330851
0.330261
0.329763
0.368428
0.367057
0.366869
0.367421
0.36842
0.37008
0.371672
0.372842
0.373537
0.37402
0.374364
0.374798
0.375455
0.376245
0.377091
0.377837
0.378308
0.378185
0.377717
0.378013
0.41961
0.419348
0.419712
0.420532
0.421482
0.422467
0.423388
0.42411
0.424603
0.424842
0.42493
0.424918
0.424661
0.424066
0.423058
0.421507
0.419655
0.418275
0.418688
0.420676
0.475733
0.477163
0.477936
0.47783
0.477365
0.476745
0.476429
0.476379
0.476473
0.476546
0.476557
0.476285
0.475724
0.474595
0.472873
0.470672
0.46825
0.466783
0.46734
0.468866
0.530213
0.530626
0.530922
0.530808
0.530194
0.529406
0.528791
0.528528
0.528489
0.528539
0.528551
0.528531
0.528352
0.528186
0.528011
0.527904
0.527977
0.528179
0.527531
0.525536
0.583936
0.583754
0.583351
0.582805
0.582098
0.581341
0.580681
0.580354
0.580243
0.580274
0.580252
0.580219
0.580231
0.580357
0.580777
0.581632
0.582736
0.583488
0.582863
0.580917
0.636305
0.635001
0.63357
0.632851
0.632606
0.632488
0.632417
0.632364
0.632359
0.632348
0.632362
0.632356
0.632307
0.632313
0.632492
0.632879
0.633399
0.633705
0.633651
0.633633
0.689208
0.688753
0.688381
0.688386
0.688275
0.687736
0.686995
0.686333
0.685882
0.685662
0.685574
0.685527
0.685655
0.685826
0.686126
0.686472
0.686837
0.687079
0.686897
0.686758
0.741127
0.743194
0.744708
0.744738
0.743791
0.742235
0.74073
0.73958
0.738898
0.738566
0.738564
0.73882
0.739258
0.73986
0.740411
0.740559
0.740442
0.740217
0.740121
0.740367
0.788741
0.788588
0.788995
0.790202
0.791335
0.791833
0.791699
0.791244
0.79081
0.790633
0.790741
0.791121
0.791917
0.792997
0.794203
0.795182
0.795695
0.795642
0.795121
0.794615
0.837885
0.838381
0.838554
0.839015
0.840128
0.84117
0.841678
0.841688
0.84145
0.841201
0.841038
0.841117
0.841323
0.841851
0.842625
0.843589
0.844546
0.844804
0.843919
0.842415
0.884713
0.885168
0.885511
0.88604
0.887267
0.888819
0.890144
0.890969
0.891308
0.891317
0.891167
0.890843
0.890339
0.889298
0.887559
0.885273
0.882651
0.880605
0.880998
0.882965
0.934892
0.935526
0.936138
0.936729
0.937752
0.93916
0.940511
0.941548
0.942181
0.942437
0.942503
0.942356
0.94186
0.940769
0.938908
0.936271
0.933495
0.931829
0.932028
0.93276
0.992414
0.993697
0.994317
0.994205
0.993864
0.993838
0.994117
0.994578
0.994939
0.995145
0.995129
0.99494
0.994741
0.994566
0.994665
0.995078
0.99575
0.996264
0.995096
0.991948
1.05187
1.05351
1.05411
1.05332
1.05172
1.05027
1.04937
1.04892
1.04875
1.04861
1.04848
1.04834
1.04818
1.04839
1.04913
1.05048
1.05222
1.05322
1.05227
1.04981
1.10644
1.10711
1.10775
1.10765
1.10658
1.10525
1.10412
1.10324
1.10273
1.10248
1.10248
1.10255
1.10289
1.10335
1.10389
1.1044
1.10464
1.10439
1.10413
1.10443
1.15744
1.15723
1.15785
1.15868
1.15875
1.15804
1.15707
1.15618
1.15561
1.15537
1.15552
1.15606
1.15696
1.15814
1.15945
1.16049
1.16087
1.16041
1.15966
1.15938
1.20786
1.20804
1.20806
1.20828
1.20838
1.20807
1.20765
1.20732
1.20711
1.20715
1.2074
1.20791
1.20864
1.20944
1.21041
1.21153
1.21245
1.21272
1.21208
1.21077
1.25664
1.2558
1.25473
1.25537
1.25678
1.25784
1.25848
1.25865
1.25857
1.25851
1.25867
1.25901
1.25924
1.25918
1.25864
1.25765
1.25648
1.25564
1.25569
1.25593
1.30754
1.30788
1.30778
1.30827
1.30936
1.31035
1.31095
1.31102
1.31079
1.31048
1.31024
1.30998
1.30958
1.30869
1.30723
1.30527
1.30308
1.30136
1.30101
1.30127
1.36162
1.36341
1.36425
1.36385
1.36349
1.36348
1.36354
1.36345
1.36327
1.36294
1.36258
1.36213
1.36136
1.36016
1.35851
1.35663
1.35487
1.35342
1.35278
1.35212
1.41624
1.41882
1.42009
1.41956
1.41848
1.41752
1.41687
1.41646
1.41622
1.41601
1.4158
1.41551
1.41523
1.41484
1.41443
1.41414
1.41393
1.4136
1.41272
1.41064
1.46779
1.46865
1.46949
1.46996
1.46993
1.46972
1.46942
1.46912
1.46898
1.46895
1.46905
1.46925
1.46962
1.47037
1.47155
1.47313
1.47476
1.47553
1.47441
1.47142
1.52026
1.52083
1.52148
1.52188
1.52195
1.52204
1.52205
1.52206
1.52212
1.52231
1.52269
1.52326
1.52422
1.52548
1.52705
1.52879
1.53017
1.53042
1.52953
1.52815
1.57527
1.57536
1.57536
1.5757
1.57589
1.57598
1.57593
1.57584
1.57573
1.5757
1.57585
1.57633
1.57709
1.57816
1.57935
1.58032
1.58089
1.58074
1.58019
1.57978
1.63304
1.63454
1.63544
1.63584
1.63535
1.63414
1.63259
1.63111
1.62993
1.62917
1.62869
1.62849
1.62844
1.62831
1.62786
1.62686
1.62542
1.62438
1.62491
1.6261
1.68459
1.68775
1.68988
1.69001
1.68878
1.68699
1.68518
1.68358
1.68241
1.68172
1.68143
1.68141
1.68128
1.6809
1.67998
1.67843
1.67659
1.67546
1.67581
1.67631
1.72813
1.72699
1.72681
1.72833
1.73028
1.73213
1.73339
1.73397
1.73406
1.73422
1.73448
1.73497
1.73555
1.73611
1.73652
1.73683
1.7371
1.73721
1.73598
1.73307
1.78027
1.77965
1.77901
1.78
1.78218
1.78448
1.7862
1.78714
1.78755
1.78776
1.78806
1.78858
1.78921
1.78996
1.79067
1.79134
1.79189
1.79197
1.79078
1.78833
1.84156
1.84479
1.84606
1.84558
1.84481
1.84395
1.84333
1.84288
1.84263
1.8425
1.84258
1.84278
1.84321
1.84362
1.84387
1.84393
1.84371
1.84318
1.84272
1.84217
1.90095
1.904
1.9055
1.90479
1.90293
1.90079
1.89903
1.89779
1.89706
1.89668
1.89665
1.8969
1.89737
1.89792
1.89841
1.89876
1.89887
1.89865
1.89799
1.89675
1.95417
1.95502
1.95577
1.9561
1.95555
1.95443
1.95296
1.95161
1.95055
1.94997
1.94971
1.94975
1.94998
1.95026
1.95052
1.95066
1.95054
1.95015
1.94944
1.94818
2.00299
2.00353
2.00422
2.00519
2.00583
2.00592
2.00537
2.00453
2.00367
2.00306
2.00271
2.0026
2.00249
2.00231
2.00184
2.00106
2.00007
1.99914
1.99852
1.99762
2.05143
2.05115
2.05086
2.05213
2.05415
2.05595
2.057
2.05741
2.05738
2.05731
2.05728
2.0574
2.05753
2.05748
2.05696
2.05587
2.05438
2.05321
2.05273
2.05198
2.10778
2.10888
2.109
2.10976
2.11105
2.11219
2.11284
2.11308
2.11315
2.11328
2.11363
2.11437
2.1154
2.11671
2.11798
2.11895
2.11939
2.11933
2.1182
2.11578
2.16934
2.17333
2.17492
2.17408
2.17254
2.17109
2.17006
2.16942
2.16909
2.16914
2.16946
2.17035
2.17179
2.17397
2.17686
2.18024
2.18342
2.18496
2.18299
2.17842
2.2271
2.22905
2.23018
2.23009
2.22898
2.22754
2.22614
2.22495
2.22411
2.22369
2.22369
2.22411
2.22482
2.22577
2.22674
2.22763
2.22809
2.22772
2.22709
2.22663
2.28127
2.28297
2.2843
2.28464
2.28402
2.28276
2.28122
2.27974
2.27857
2.27781
2.27747
2.27743
2.27749
2.27727
2.27621
2.27407
2.27109
2.26866
2.26885
2.27084
2.33032
2.33071
2.33123
2.33241
2.33338
2.3338
2.33362
2.33315
2.33258
2.33218
2.33199
2.33199
2.33189
2.33153
2.3305
2.32856
2.32619
2.3247
2.3243
2.32359
2.38225
2.3825
2.38256
2.38401
2.38596
2.3875
2.38824
2.38842
2.38826
2.38821
2.38825
2.38851
2.38883
2.38913
2.38925
2.38924
2.38933
2.38954
2.38816
2.38443
2.44111
2.44391
2.44481
2.44493
2.44525
2.44562
2.44574
2.44561
2.44536
2.44519
2.44522
2.44564
2.44636
2.44748
2.44883
2.45035
2.45171
2.45215
2.45037
2.44655
2.49996
2.50347
2.5056
2.50603
2.50545
2.50457
2.50366
2.50281
2.50214
2.50178
2.50182
2.50235
2.50336
2.50473
2.50628
2.50772
2.50865
2.50849
2.50727
2.50546
2.55451
2.55768
2.56007
2.56104
2.56067
2.55966
2.55855
2.5576
2.55691
2.5566
2.5567
2.55728
2.55819
2.55939
2.56061
2.5615
2.56187
2.56148
2.56039
2.55888
2.6076
2.60769
2.60745
2.60834
2.60957
2.61066
2.61131
2.61155
2.61145
2.61136
2.61131
2.61144
2.61154
2.61143
2.61081
2.60965
2.60816
2.60691
2.6067
2.60659
2.66761
2.66819
2.66792
2.6682
2.66885
2.66942
2.66962
2.66948
2.66909
2.66868
2.66835
2.66814
2.66775
2.66696
2.66548
2.66347
2.66131
2.65996
2.66008
2.65988
2.72947
2.73323
2.7355
2.73592
2.73488
2.73295
2.73095
2.72933
2.72813
2.72745
2.72715
2.72726
2.72757
2.72803
2.72845
2.72876
2.72884
2.72875
2.72748
2.72385
2.783
2.7861
2.78802
2.78891
2.78878
2.78782
2.78661
2.78556
2.78482
2.78459
2.78484
2.78573
2.7871
2.78913
2.79148
2.79395
2.79585
2.79628
2.79406
2.78934
2.83381
2.83399
2.83384
2.8352
2.83741
2.83937
2.84051
2.84099
2.84105
2.84125
2.8417
2.84266
2.84407
2.84604
2.84833
2.85078
2.85273
2.85296
2.85088
2.84735
2.8939
2.89593
2.89666
2.89739
2.8986
2.89949
2.8997
2.89944
2.89905
2.89879
2.8989
2.89942
2.90016
2.90081
2.90093
2.90026
2.89881
2.89694
2.89625
2.89616
2.95662
2.96169
2.96407
2.96368
2.96251
2.96106
2.9596
2.95826
2.95726
2.9566
2.95636
2.95641
2.95656
2.95629
2.95513
2.95294
2.95005
2.94784
2.9475
2.94707
3.01222
3.01467
3.01612
3.01697
3.01717
3.01699
3.01641
3.01561
3.0148
3.01427
3.01405
3.01417
3.01428
3.01418
3.01356
3.01231
3.01055
3.00897
3.00725
3.00358
3.06581
3.0678
3.06965
3.07191
3.07342
3.07394
3.07361
3.07292
3.07211
3.07157
3.07131
3.07137
3.07155
3.07169
3.07162
3.07133
3.07065
3.06948
3.06703
3.06216
3.11998
3.12381
3.1261
3.12779
3.12917
3.12998
3.13018
3.12989
3.12934
3.12883
3.12849
3.12841
3.12836
3.12839
3.12838
3.12836
3.1283
3.12778
3.12562
3.12107
3.17765
3.18
3.1806
3.18183
3.18377
3.18578
3.18721
3.18789
3.18802
3.18793
3.18796
3.1882
3.18868
3.18913
3.18914
3.18853
3.18726
3.18572
3.18419
3.18163
3.24533
3.2493
3.25057
3.25089
3.25091
3.25063
3.2501
3.2495
3.249
3.2487
3.2488
3.24943
3.25054
3.25202
3.2535
3.2545
3.25482
3.2542
3.25216
3.24795
3.31259
3.31898
3.32163
3.32077
3.31821
3.31529
3.31273
3.31076
3.30943
3.30876
3.30861
3.30903
3.30998
3.31148
3.3134
3.31551
3.31733
3.31773
3.31547
3.31003
3.36855
3.37156
3.37314
3.37414
3.37395
3.37295
3.37154
3.37001
3.36872
3.3679
3.36762
3.3679
3.36847
3.36909
3.36932
3.36878
3.36747
3.36588
3.3653
3.36388
3.42074
3.42393
3.42575
3.42774
3.42912
3.42948
3.42901
3.42814
3.4273
3.42678
3.42678
3.42721
3.42804
3.42883
3.42908
3.42849
3.42699
3.4257
3.42534
3.42312
3.47507
3.47987
3.48181
3.48325
3.48442
3.48508
3.48539
3.48554
3.4856
3.48585
3.48642
3.48752
3.48894
3.49074
3.4926
3.49415
3.49511
3.49526
3.49334
3.48695
3.53845
3.54355
3.54494
3.54594
3.54658
3.5468
3.54682
3.54679
3.54675
3.54691
3.54738
3.54826
3.54964
3.55138
3.5532
3.55478
3.55572
3.55547
3.55311
3.54645
3.61206
3.61987
3.62251
3.62207
3.61975
3.6166
3.6137
3.61151
3.61019
3.6095
3.60946
3.60996
3.61086
3.61196
3.61291
3.61327
3.61277
3.61117
3.60889
3.60364
3.68098
3.69031
3.69424
3.69376
3.69005
3.68485
3.67985
3.676
3.67363
3.67245
3.67226
3.6727
3.67382
3.67514
3.67639
3.67715
3.67683
3.67513
3.67216
3.66551
3.73494
3.74124
3.74433
3.74626
3.74587
3.74342
3.74004
3.73691
3.73475
3.73377
3.73383
3.73485
3.73653
3.73874
3.74102
3.74263
3.74294
3.74151
3.73829
3.73056
3.78316
3.78721
3.78931
3.79352
3.79723
3.79885
3.79835
3.79687
3.79544
3.79479
3.79501
3.79604
3.79786
3.80015
3.80263
3.80473
3.80564
3.80474
3.80171
3.79353
3.83868
3.8456
3.84827
3.85186
3.85587
3.8583
3.85877
3.85794
3.85682
3.85606
3.85601
3.85668
3.85769
3.85887
3.85988
3.86021
3.85963
3.85814
3.856
3.84907
3.90223
3.91228
3.91587
3.91788
3.91982
3.92098
3.92112
3.92039
3.91946
3.91866
3.91846
3.91863
3.91924
3.91957
3.91908
3.91724
3.91393
3.91061
3.90908
3.90393
3.96976
3.97946
3.98253
3.98341
3.98382
3.98406
3.984
3.98355
3.98294
3.98249
3.98248
3.983
3.98376
3.98456
3.98488
3.98412
3.98248
3.98078
3.97864
3.97057
4.04027
4.04743
4.0486
4.0488
4.04873
4.0488
4.04861
4.0482
4.04767
4.04742
4.04756
4.04812
4.04919
4.05055
4.0521
4.05362
4.0548
4.05524
4.05278
4.04265
4.11304
4.1198
4.12015
4.11899
4.11759
4.11636
4.11527
4.11428
4.11338
4.11274
4.1125
4.11283
4.11349
4.11458
4.11597
4.1175
4.11899
4.11985
4.11845
4.11002
4.18362
4.18891
4.18771
4.18583
4.18418
4.18279
4.18165
4.18065
4.17979
4.1791
4.17881
4.17876
4.17906
4.17929
4.17931
4.17908
4.17875
4.17913
4.18
4.17528
4.25461
4.25947
4.25736
4.25477
4.25272
4.25089
4.24943
4.24828
4.24744
4.24689
4.2468
4.24718
4.24787
4.24881
4.24982
4.25071
4.25169
4.25355
4.25497
4.24952
4.32764
4.33437
4.33251
4.32829
4.32446
4.32123
4.31893
4.31748
4.31662
4.31626
4.31637
4.31707
4.31852
4.32079
4.32404
4.32824
4.33277
4.33695
4.33741
4.32879
4.40017
4.40768
4.40668
4.40269
4.3984
4.39424
4.39096
4.3887
4.38729
4.3866
4.38657
4.38741
4.38906
4.39197
4.39606
4.40116
4.40627
4.41042
4.41069
4.40245
4.46989
4.48035
4.48236
4.47946
4.47457
4.46892
4.46404
4.46052
4.4584
4.4574
4.45742
4.45844
4.46054
4.4637
4.46767
4.47197
4.47539
4.47786
4.47781
4.47082
4.53065
4.54299
4.54774
4.5472
4.54373
4.53859
4.53377
4.53027
4.52817
4.52743
4.52783
4.52954
4.53241
4.53659
4.54161
4.54655
4.54991
4.55133
4.54844
4.538
4.58793
4.60001
4.60649
4.60954
4.6099
4.6075
4.60405
4.60107
4.59903
4.59833
4.59871
4.60043
4.60335
4.60755
4.6126
4.61725
4.61975
4.6192
4.61242
4.59788
4.65176
4.66732
4.67711
4.68184
4.68338
4.68133
4.67756
4.67391
4.67134
4.67019
4.67043
4.67203
4.67473
4.67809
4.68106
4.68198
4.67914
4.67326
4.66341
4.64914
4.71626
4.73461
4.74759
4.75369
4.75602
4.75432
4.75065
4.74684
4.74405
4.74266
4.74274
4.7441
4.74643
4.74888
4.75036
4.74886
4.74318
4.73485
4.72181
4.70491
4.77762
4.79203
4.80472
4.81379
4.82062
4.82315
4.82238
4.82007
4.81772
4.81626
4.81592
4.81655
4.81779
4.81867
4.81824
4.81509
4.80857
4.80014
4.7859
4.76803
4.85053
4.86252
4.87376
4.8818
4.8899
4.89464
4.89582
4.89483
4.89317
4.89186
4.8914
4.89166
4.89212
4.89168
4.88935
4.884
4.87611
4.8685
4.85727
4.84499
4.94346
4.9523
4.95926
4.96093
4.96522
4.96896
4.97081
4.97105
4.97046
4.96979
4.96959
4.96981
4.97034
4.97031
4.96931
4.96719
4.96496
4.96499
4.95852
4.94977
5.05793
5.06131
5.06275
5.0553
5.05232
5.05185
5.05192
5.05178
5.05132
5.05089
5.05076
5.0513
5.0523
5.054
5.05686
5.06149
5.06876
5.07845
5.07596
5.07072
5.18097
5.18189
5.18291
5.16688
5.15392
5.14518
5.13978
5.1366
5.13491
5.13409
5.13417
5.13527
5.13784
5.14237
5.1493
5.15908
5.17114
5.18481
5.18308
5.18444
5.28198
5.28166
5.29021
5.27293
5.25518
5.24021
5.22938
5.22258
5.21901
5.21754
5.21765
5.21969
5.22391
5.23129
5.24172
5.25443
5.26854
5.28295
5.27482
5.27747
5.34369
5.34026
5.36351
5.35416
5.3422
5.32923
5.3173
5.3085
5.30347
5.30133
5.30141
5.30369
5.30866
5.3167
5.32699
5.33816
5.34913
5.35901
5.33668
5.33958
5.38676
5.37572
5.4175
5.41592
5.41289
5.40737
5.39922
5.39137
5.3862
5.38394
5.38407
5.38667
5.39147
5.39843
5.40553
5.41031
5.41364
5.41586
5.37444
5.3851
5.45932
5.42467
5.48271
5.47881
5.47752
5.47778
5.47463
5.46926
5.46484
5.46269
5.46284
5.465
5.46921
5.47408
5.4774
5.47798
5.48023
5.4845
5.42615
5.46068
5.61114
5.52249
5.59498
5.57349
5.55749
5.55259
5.5488
5.54339
5.53852
5.53595
5.53598
5.53875
5.54328
5.54853
5.55291
5.55866
5.57553
5.59794
5.52578
5.61418
5.84168
5.65211
5.748
5.70333
5.66036
5.63991
5.62906
5.62044
5.61376
5.61019
5.61008
5.61351
5.62
5.62874
5.63994
5.66109
5.70448
5.74962
5.65343
5.8418
6.07528
5.7127
5.86207
5.81626
5.75619
5.72404
5.70844
5.69817
5.69054
5.68648
5.68615
5.69018
5.69729
5.70772
5.72373
5.75599
5.81589
5.86068
5.70984
6.07146
6.26707
5.62778
5.88116
5.87351
5.81508
5.77953
5.76292
5.75309
5.74592
5.74201
5.74199
5.74588
5.75301
5.76334
5.78026
5.81563
5.87333
5.87946
5.62557
6.26616
6.62142
5.51969
5.89515
5.93237
5.8628
5.81295
5.78923
5.77619
5.76753
5.76298
5.76313
5.76808
5.77665
5.79096
5.81374
5.86388
5.93097
5.89391
5.52021
6.62475
7.67536
5.54151
5.86113
5.95954
5.89848
5.8438
5.81878
5.80647
5.79911
5.79499
5.7953
5.79874
5.80581
5.81861
5.84303
5.89808
5.95945
5.86206
5.54299
7.67469
9.63003
5.21747
5.31534
5.70379
5.79593
5.79542
5.79274
5.79206
5.7907
5.7895
5.78952
5.79069
5.79203
5.79278
5.7954
5.79592
5.70377
5.3154
5.21762
9.63011
0.0223071
0.033856
0.0341313
0.0389054
0.03687
0.0354128
0.0366336
0.0387425
0.0402484
0.040869
0.0411388
0.0414142
0.0419808
0.0434533
0.0465475
0.0518271
0.0557806
0.0529798
0.0576936
0.0557231
0.116783
0.135276
0.144653
0.156937
0.161831
0.161851
0.160931
0.160883
0.161163
0.161252
0.161605
0.162334
0.164827
0.169378
0.176481
0.183476
0.185776
0.183607
0.185822
0.176972
0.285003
0.287128
0.293998
0.298329
0.295872
0.290587
0.285842
0.282837
0.281006
0.279838
0.278733
0.277992
0.276877
0.275778
0.274177
0.273477
0.276391
0.282402
0.287032
0.287855
0.426796
0.422594
0.421933
0.422861
0.419707
0.41304
0.406415
0.401757
0.398924
0.397033
0.395317
0.393209
0.389611
0.383124
0.371563
0.354609
0.334847
0.320035
0.322145
0.333867
0.527272
0.519664
0.514925
0.519793
0.526759
0.530299
0.529328
0.526165
0.522863
0.520444
0.518319
0.516143
0.512707
0.507209
0.498249
0.485554
0.471646
0.461754
0.457163
0.455031
0.633542
0.629578
0.62637
0.63285
0.642735
0.649304
0.65084
0.649484
0.646907
0.644945
0.642985
0.641441
0.639688
0.638446
0.638386
0.641402
0.647905
0.652992
0.645942
0.628238
0.767888
0.771581
0.765641
0.75895
0.758713
0.761631
0.764672
0.766538
0.767058
0.766988
0.766782
0.767242
0.768004
0.769842
0.773407
0.780823
0.790732
0.796256
0.793352
0.783383
0.88874
0.892706
0.887295
0.881712
0.879753
0.88063
0.882373
0.883704
0.88442
0.884827
0.885543
0.88696
0.889671
0.893497
0.898298
0.903608
0.908357
0.910141
0.910866
0.91152
0.994853
1.00907
1.01551
1.01132
1.00417
0.999
0.996621
0.995825
0.995916
0.996306
0.996957
0.997985
0.999547
1.00214
1.00525
1.00778
1.00997
1.01127
1.01295
1.01577
1.06569
1.07495
1.08299
1.08617
1.08895
1.09376
1.09876
1.10282
1.10582
1.10787
1.10907
1.10951
1.10902
1.10703
1.10242
1.09518
1.08607
1.07838
1.07982
1.08696
1.17217
1.16834
1.17302
1.18696
1.20184
1.21466
1.22281
1.22751
1.22995
1.23111
1.23112
1.22984
1.22646
1.22067
1.2121
1.20094
1.18816
1.17761
1.17464
1.17462
1.3695
1.37492
1.379
1.38011
1.37789
1.37513
1.37262
1.37069
1.36887
1.36739
1.36559
1.3631
1.35913
1.35346
1.34637
1.33898
1.33319
1.3302
1.32359
1.30973
1.56109
1.57447
1.57381
1.56091
1.54268
1.5277
1.51787
1.51166
1.50753
1.50495
1.50362
1.50352
1.50461
1.5066
1.50842
1.50849
1.5061
1.50166
1.49374
1.48096
1.69953
1.6984
1.69291
1.68944
1.67922
1.66549
1.65279
1.64343
1.63725
1.63392
1.63268
1.63368
1.63749
1.64476
1.65599
1.67007
1.68323
1.68911
1.68315
1.67048
1.80456
1.80227
1.79599
1.79131
1.78469
1.7754
1.76625
1.75899
1.75408
1.75117
1.75002
1.75075
1.75288
1.75677
1.76303
1.77289
1.78487
1.79346
1.79755
1.79817
1.84829
1.84345
1.83799
1.8436
1.85468
1.86395
1.86845
1.8685
1.86696
1.86537
1.86476
1.86488
1.86556
1.86527
1.86302
1.85768
1.84871
1.84175
1.84993
1.86605
1.90354
1.90813
1.91351
1.92792
1.94745
1.96436
1.97558
1.98108
1.98313
1.98363
1.98417
1.98467
1.98434
1.98207
1.97746
1.96926
1.95857
1.9521
1.95497
1.95986
2.01745
2.03733
2.05034
2.05868
2.0693
2.08113
2.09172
2.09938
2.10389
2.10633
2.10794
2.10931
2.11027
2.11011
2.10826
2.10494
2.10239
2.1038
2.10222
2.09107
2.1738
2.19282
2.20466
2.20928
2.21139
2.21555
2.22117
2.22618
2.2295
2.23123
2.23219
2.23309
2.23445
2.23669
2.23893
2.24062
2.24199
2.2428
2.23981
2.22897
2.35018
2.36587
2.37416
2.37263
2.36473
2.35822
2.35568
2.35582
2.35666
2.35718
2.35716
2.35675
2.35642
2.35655
2.35767
2.36064
2.36548
2.36869
2.36671
2.35801
2.5042
2.50611
2.50697
2.50791
2.50231
2.49369
2.48646
2.48257
2.48128
2.48092
2.48109
2.48133
2.48167
2.4815
2.48068
2.47885
2.47654
2.47319
2.47164
2.46966
2.63349
2.63205
2.62932
2.62775
2.6227
2.6155
2.6089
2.60474
2.60304
2.60289
2.60336
2.60399
2.60479
2.60529
2.60582
2.60636
2.60729
2.60737
2.60386
2.59638
2.72365
2.715
2.70922
2.7158
2.72365
2.72782
2.72897
2.72846
2.72777
2.72776
2.72825
2.72874
2.72867
2.72838
2.72827
2.72811
2.72746
2.72546
2.72265
2.71761
2.8309
2.82827
2.82638
2.8362
2.84866
2.85633
2.85942
2.85998
2.85953
2.85935
2.85973
2.86053
2.8614
2.86161
2.8607
2.85795
2.85321
2.84738
2.84456
2.84183
2.98645
2.99861
2.99915
2.99663
2.99699
2.99738
2.99653
2.99499
2.99358
2.99279
2.99321
2.99483
2.9975
3.0005
3.00277
3.00263
2.99908
2.9932
2.98969
2.98557
3.15085
3.16226
3.16075
3.15286
3.14444
3.13741
3.13137
3.1264
3.12293
3.1211
3.12092
3.12224
3.12536
3.13001
3.13671
3.14517
3.15346
3.15761
3.15548
3.14536
3.28268
3.29116
3.28862
3.27921
3.26799
3.25849
3.25139
3.2462
3.24279
3.2409
3.24003
3.2402
3.24068
3.24199
3.24481
3.25105
3.26137
3.27142
3.27396
3.26341
3.35299
3.34915
3.34443
3.34752
3.3526
3.35754
3.36087
3.36174
3.36115
3.36022
3.35969
3.35926
3.35862
3.35639
3.35091
3.34082
3.32653
3.31465
3.31795
3.32554
3.43216
3.43264
3.43549
3.44696
3.4603
3.47182
3.47962
3.48365
3.48488
3.48499
3.48515
3.4855
3.48533
3.48339
3.47863
3.46968
3.4574
3.44684
3.44323
3.44122
3.56511
3.58091
3.59034
3.59458
3.59916
3.60398
3.60815
3.61124
3.61275
3.61344
3.61381
3.61451
3.61531
3.61615
3.6173
3.61934
3.62224
3.62431
3.61916
3.60308
3.72458
3.73891
3.7449
3.74519
3.74315
3.74197
3.74195
3.74248
3.74279
3.74281
3.74275
3.74326
3.74454
3.74773
3.75338
3.76157
3.77053
3.77571
3.77266
3.75703
3.89163
3.90477
3.90719
3.90022
3.88858
3.87971
3.87513
3.8732
3.87227
3.87187
3.87154
3.87142
3.87128
3.87103
3.87109
3.87325
3.87816
3.88239
3.88304
3.87477
4.01892
4.02184
4.01872
4.0143
4.0083
4.00394
4.00182
4.00108
4.00102
4.00117
4.00185
4.00266
4.00357
4.00308
3.99929
3.99065
3.97805
3.96739
3.96925
3.97398
4.1243
4.11925
4.11958
4.13041
4.13789
4.13914
4.13689
4.13423
4.1325
4.13207
4.13299
4.13493
4.13811
4.14182
4.14573
4.14779
4.14615
4.14273
4.13982
4.13304
4.25997
4.27004
4.2773
4.28052
4.27967
4.27507
4.26935
4.26403
4.26018
4.25822
4.2579
4.25914
4.26138
4.26578
4.27383
4.28729
4.30444
4.31703
4.31462
4.29582
4.37959
4.38994
4.38966
4.38639
4.38552
4.38569
4.3853
4.38375
4.38179
4.38013
4.37907
4.37868
4.37855
4.37827
4.37763
4.37793
4.38095
4.38455
4.3872
4.38091
4.48286
4.48501
4.48092
4.48413
4.49137
4.49883
4.50407
4.50636
4.50679
4.50599
4.50529
4.50422
4.5025
4.49811
4.4889
4.47281
4.45293
4.43854
4.44045
4.44634
4.61351
4.61998
4.61981
4.62348
4.62853
4.6337
4.63816
4.64071
4.64167
4.64158
4.64158
4.64124
4.64061
4.6383
4.63368
4.62539
4.6135
4.60326
4.59851
4.59139
4.77532
4.78626
4.78898
4.79002
4.78892
4.78655
4.78453
4.78347
4.7829
4.78273
4.78313
4.78448
4.78656
4.79026
4.79661
4.80685
4.81889
4.82613
4.81943
4.79507
4.94
4.95316
4.95502
4.94955
4.94081
4.93239
4.92568
4.92167
4.91979
4.91977
4.92117
4.92436
4.9295
4.93727
4.94855
4.96404
4.98031
4.98949
4.98788
4.97123
5.0647
5.07118
5.06881
5.06373
5.05774
5.05324
5.04978
5.0476
5.04659
5.04707
5.04912
5.05325
5.05955
5.06794
5.07761
5.08722
5.09503
5.09887
5.10161
5.09798
5.16494
5.16182
5.15794
5.1634
5.17001
5.17348
5.17302
5.17121
5.1695
5.16909
5.16964
5.17155
5.17427
5.17735
5.17947
5.17924
5.17739
5.17616
5.17932
5.17852
5.28766
5.29574
5.29643
5.2962
5.29611
5.29516
5.29364
5.29188
5.29053
5.28991
5.29019
5.29056
5.2894
5.2847
5.27494
5.25984
5.24217
5.22935
5.2307
5.23227
5.39665
5.40885
5.40872
5.40508
5.40445
5.40704
5.41085
5.41334
5.41447
5.41472
5.41498
5.41444
5.41212
5.40576
5.3946
5.37908
5.36154
5.34763
5.34237
5.33364
5.50804
5.5105
5.51175
5.52441
5.53866
5.54844
5.55253
5.55263
5.55079
5.54839
5.54571
5.54267
5.53869
5.53395
5.5292
5.52605
5.5249
5.52261
5.51232
5.48657
5.69327
5.71236
5.7217
5.72301
5.71876
5.71184
5.70436
5.69741
5.69128
5.68622
5.682
5.67817
5.67422
5.67033
5.66754
5.66627
5.66534
5.66121
5.6538
5.63456
5.85193
5.87528
5.88052
5.86913
5.85256
5.83981
5.83185
5.82679
5.82329
5.82073
5.81951
5.81937
5.82034
5.82166
5.82305
5.8236
5.82257
5.81812
5.81428
5.80391
5.92669
5.92551
5.92184
5.92765
5.93584
5.94411
5.94975
5.95277
5.95421
5.95556
5.95754
5.96123
5.96714
5.97556
5.98611
5.9977
6.00836
6.01403
6.01382
6.00143
6.02952
6.02414
6.02414
6.04075
6.0608
6.07661
6.0861
6.09071
6.0927
6.09444
6.09693
6.10153
6.10846
6.11871
6.13177
6.1464
6.1598
6.16879
6.1747
6.16731
6.22121
6.23573
6.24179
6.24304
6.24185
6.2399
6.23845
6.23692
6.23516
6.23436
6.23494
6.23786
6.24272
6.24918
6.25549
6.26039
6.26373
6.26738
6.27654
6.27616
6.41995
6.44217
6.44332
6.42945
6.41087
6.39453
6.38296
6.37535
6.37065
6.36826
6.36817
6.36996
6.37228
6.37313
6.36992
6.36126
6.34963
6.34299
6.35068
6.35291
6.53462
6.54139
6.53559
6.52905
6.52021
6.51109
6.50336
6.49801
6.49503
6.4941
6.49509
6.49714
6.49887
6.49822
6.49361
6.48465
6.47329
6.46588
6.46708
6.45835
6.59399
6.58733
6.58054
6.59067
6.60484
6.61539
6.61973
6.62029
6.61929
6.61896
6.61918
6.62
6.62013
6.61961
6.61834
6.61812
6.62013
6.62244
6.61691
6.58927
6.68835
6.69401
6.6957
6.70872
6.72576
6.73964
6.74722
6.74984
6.74938
6.7483
6.74713
6.74598
6.74387
6.7402
6.73477
6.72935
6.72552
6.72123
6.71523
6.69265
6.83868
6.86216
6.86763
6.8692
6.87293
6.87851
6.88302
6.88492
6.88426
6.88217
6.88002
6.87782
6.8751
6.87043
6.86329
6.85395
6.84414
6.8333
6.8257
6.80963
7.01403
7.03931
7.04361
7.03927
7.03215
7.02764
7.02524
7.02343
7.0212
7.01861
7.01612
7.0138
7.01158
7.00938
7.00779
7.0068
7.00592
7.00132
6.99307
6.97207
7.17342
7.19372
7.19471
7.18699
7.17433
7.1645
7.15923
7.15696
7.15584
7.15499
7.15434
7.15419
7.15464
7.15614
7.15929
7.16445
7.1695
7.16915
7.16547
7.14687
7.28297
7.2847
7.27894
7.28327
7.28662
7.28911
7.29104
7.29242
7.29316
7.29394
7.29496
7.29711
7.30076
7.3063
7.31309
7.32012
7.32481
7.3243
7.32518
7.31241
7.41468
7.41672
7.41406
7.42517
7.43437
7.438
7.43781
7.43647
7.43525
7.4351
7.4365
7.44015
7.44593
7.45353
7.46135
7.4668
7.46679
7.46219
7.46529
7.45739
7.59304
7.61594
7.61756
7.61225
7.60273
7.59254
7.58437
7.57874
7.57526
7.5738
7.57446
7.57734
7.5823
7.58897
7.59659
7.60314
7.60487
7.60236
7.60643
7.59599
7.74007
7.76307
7.75822
7.74735
7.73585
7.72715
7.72095
7.71648
7.7132
7.71147
7.71105
7.71214
7.71368
7.71601
7.71918
7.72354
7.72898
7.73524
7.74289
7.72524
7.85533
7.86469
7.85944
7.86685
7.87157
7.87015
7.86438
7.85821
7.85357
7.8513
7.85124
7.85294
7.85543
7.85701
7.85554
7.85083
7.84496
7.84307
7.85193
7.83772
7.9988
8.02256
8.02323
8.02374
8.01943
8.01149
8.00276
7.99556
7.99077
7.98882
7.9897
7.99323
7.99856
8.00458
8.00881
8.00904
8.00591
8.00198
8.00277
7.97759
8.11386
8.14451
8.14387
8.14034
8.13529
8.13142
8.12837
8.12564
8.12372
8.12329
8.1248
8.12837
8.13389
8.14066
8.14776
8.15449
8.15981
8.15988
8.15729
8.1243
8.20568
8.22692
8.22715
8.24318
8.25732
8.26477
8.26576
8.26344
8.26089
8.2597
8.26032
8.26271
8.26593
8.2695
8.27279
8.27535
8.2775
8.27629
8.27576
8.24426
8.35782
8.39718
8.40496
8.41345
8.4163
8.41483
8.41043
8.40477
8.39996
8.39703
8.39673
8.39818
8.40073
8.40184
8.40008
8.3944
8.3854
8.37354
8.37185
8.34429
8.50523
8.55454
8.56044
8.55935
8.55304
8.54746
8.54257
8.53788
8.53379
8.53133
8.53101
8.53255
8.53468
8.53544
8.5335
8.52788
8.52013
8.50971
8.50499
8.46775
8.60932
8.64626
8.64839
8.66123
8.66917
8.67213
8.67111
8.66873
8.66634
8.66508
8.66525
8.66649
8.6682
8.66899
8.66824
8.66529
8.66007
8.65082
8.64611
8.60393
8.73279
8.77312
8.77641
8.78869
8.79774
8.80302
8.80422
8.80315
8.80141
8.80036
8.80042
8.80164
8.80326
8.80466
8.8056
8.80544
8.80406
8.79798
8.79483
8.75044
8.87459
8.91491
8.91563
8.92809
8.93825
8.94507
8.94673
8.94437
8.94073
8.93778
8.93622
8.93564
8.93572
8.93523
8.93452
8.93379
8.93284
8.92849
8.92943
8.88802
9.03883
9.08569
9.0844
9.08863
9.08966
9.0892
9.08709
9.08312
9.07873
9.07483
9.0723
9.07069
9.06915
9.06639
9.06185
9.05539
9.04833
9.04126
9.04675
9.011
9.17659
9.22416
9.21587
9.21165
9.20952
9.2114
9.21454
9.21599
9.21589
9.21482
9.21437
9.21409
9.21402
9.21251
9.20818
9.20001
9.18878
9.17878
9.18628
9.15343
9.2895
9.31919
9.30431
9.31448
9.3298
9.34436
9.35425
9.35942
9.36132
9.36217
9.3635
9.36601
9.36954
9.37402
9.37908
9.3835
9.38607
9.38618
9.39412
9.35412
9.47928
9.52215
9.51241
9.51102
9.51046
9.51149
9.51289
9.51378
9.51333
9.51293
9.5132
9.51516
9.5193
9.52665
9.53883
9.55777
9.58182
9.60215
9.61377
9.56263
9.6786
9.73323
9.72386
9.70558
9.68529
9.67141
9.6647
9.66166
9.65995
9.65866
9.65815
9.65908
9.66137
9.66563
9.67173
9.68069
9.69276
9.70587
9.72414
9.68899
9.81094
9.85055
9.83532
9.82263
9.81097
9.80415
9.80218
9.8024
9.80353
9.80423
9.80533
9.80676
9.80912
9.81119
9.81074
9.80577
9.79664
9.79224
9.8083
9.78729
9.94191
9.96727
9.95228
9.95058
9.95075
9.9515
9.95266
9.95433
9.95598
9.95774
9.95988
9.96309
9.96708
9.97131
9.97447
9.97533
9.97285
9.97165
9.97797
9.94345
10.1489
10.1868
10.1804
10.1707
10.1555
10.1396
10.1282
10.122
10.119
10.1185
10.1193
10.1219
10.1264
10.1333
10.143
10.1565
10.1712
10.1829
10.183
10.1315
10.3648
10.4171
10.417
10.3947
10.3606
10.3265
10.3021
10.2875
10.2803
10.2776
10.2777
10.2802
10.2846
10.2919
10.3026
10.3156
10.3271
10.3337
10.3321
10.2886
10.4891
10.5293
10.533
10.5263
10.5082
10.4829
10.4606
10.445
10.4369
10.4339
10.4349
10.4387
10.4454
10.4544
10.4646
10.4739
10.4779
10.4763
10.4698
10.4354
10.5491
10.5794
10.5968
10.6194
10.6321
10.6274
10.6143
10.6012
10.5925
10.5891
10.5898
10.5942
10.6015
10.6118
10.6236
10.6342
10.6386
10.6365
10.6236
10.5859
10.6197
10.6612
10.6963
10.7323
10.7604
10.7684
10.7638
10.7548
10.747
10.7433
10.7434
10.7468
10.7526
10.76
10.7675
10.7716
10.7669
10.7568
10.739
10.7053
10.7259
10.7733
10.8112
10.8428
10.876
10.8954
10.9027
10.9023
10.8992
10.8971
10.8971
10.8993
10.9027
10.9056
10.9051
10.8969
10.8767
10.8557
10.8321
10.8051
10.8923
10.9247
10.9537
10.9767
11.0099
11.0352
11.0498
11.0555
11.056
11.0551
11.0548
11.0554
11.0559
11.054
11.0467
11.0296
11.0006
10.9765
10.949
10.9269
11.134
11.1531
11.1713
11.1687
11.1814
11.1957
11.2072
11.214
11.2164
11.2163
11.2155
11.2142
11.212
11.2072
11.1987
11.1851
11.1666
11.1591
11.1336
11.1132
11.3807
11.3742
11.3775
11.3521
11.349
11.3544
11.3632
11.3714
11.3763
11.378
11.3772
11.3748
11.3703
11.364
11.3571
11.3509
11.3494
11.3677
11.3511
11.3395
11.6135
11.5801
11.5791
11.5441
11.5345
11.5316
11.5333
11.5375
11.5414
11.5431
11.5427
11.5405
11.5376
11.5345
11.532
11.5313
11.5337
11.5597
11.5491
11.5692
11.8664
11.83
11.8426
11.7885
11.7586
11.7355
11.7213
11.7154
11.7139
11.7136
11.7132
11.7131
11.7139
11.7183
11.7281
11.7449
11.77
11.8217
11.8076
11.8398
12.0923
12.0514
12.0844
12.0142
11.9713
11.9368
11.9128
11.8999
11.8948
11.8934
11.8936
11.8959
11.9016
11.9142
11.9356
11.967
12.0068
12.0735
12.0432
12.0901
12.2518
12.1921
12.266
12.2064
12.1737
12.1422
12.115
12.0975
12.0891
12.0864
12.0871
12.092
12.102
12.1213
12.15
12.1848
12.2234
12.2877
12.216
12.2763
12.3498
12.27
12.4108
12.3706
12.3568
12.3366
12.3125
12.2934
12.2832
12.2794
12.2797
12.2839
12.2937
12.3115
12.3342
12.3551
12.3723
12.4169
12.283
12.3694
12.4014
12.2637
12.4702
12.4444
12.459
12.4671
12.4613
12.4514
12.445
12.4429
12.4433
12.4465
12.4525
12.4615
12.4674
12.4604
12.4474
12.473
12.2701
12.4146
12.5453
12.2931
12.5547
12.5109
12.5316
12.5594
12.5701
12.5694
12.567
12.5658
12.5664
12.5679
12.571
12.572
12.5628
12.5377
12.5185
12.5604
12.2989
12.5529
12.9294
12.5056
12.8272
12.7126
12.6816
12.6902
12.695
12.6906
12.6847
12.6814
12.6814
12.6847
12.6897
12.6928
12.687
12.6781
12.7066
12.818
12.4979
12.9227
13.4815
12.7838
13.2055
13.0241
12.9214
12.8911
12.8789
12.8661
12.855
12.8489
12.8486
12.854
12.864
12.8764
12.8886
12.9194
13.0215
13.2057
12.7852
13.4732
13.9714
12.8598
13.474
13.2986
13.1599
13.1058
13.0836
13.0672
13.0541
13.0468
13.0462
13.053
13.0647
13.0815
13.1041
13.1585
13.2974
13.4718
12.8549
13.959
14.3303
12.5768
13.4827
13.4066
13.2722
13.2122
13.1879
13.1707
13.1567
13.1489
13.1489
13.1567
13.1704
13.189
13.2141
13.276
13.4111
13.4837
12.5755
14.3282
15.0897
12.2926
13.465
13.5016
13.3403
13.2461
13.203
13.1765
13.1582
13.1488
13.149
13.1597
13.1776
13.207
13.2477
13.3423
13.4976
13.4603
12.2929
15.1
17.2848
12.4364
13.3988
13.5694
13.4252
13.322
13.278
13.2551
13.2412
13.2336
13.2341
13.2406
13.254
13.2781
13.321
13.4249
13.5689
13.3995
12.439
17.2833
20.7329
12.375
12.4378
13.061
13.222
13.2315
13.2299
13.2285
13.2258
13.2236
13.2236
13.2257
13.2283
13.2299
13.2313
13.2218
13.0608
12.4377
12.3753
20.7329
-0.0620626
-0.0593868
-0.0739004
-0.0387841
-0.0182684
-0.00552906
0.00536013
0.0145674
0.0219623
0.0269373
0.0303864
0.0319025
0.0319395
0.0308981
0.0289418
0.0259277
0.00774755
-0.0393256
-0.0247488
-0.0126147
-0.0815449
-0.0497506
-0.0521909
-0.00253451
0.0544664
0.0998643
0.130792
0.150945
0.164445
0.173069
0.17995
0.184392
0.189096
0.192765
0.196022
0.195068
0.181127
0.16255
0.17978
0.155801
0.108229
0.120018
0.133857
0.164745
0.212566
0.263024
0.30148
0.325487
0.339097
0.346515
0.349768
0.350398
0.346765
0.338758
0.326232
0.315937
0.319873
0.342167
0.357425
0.34055
0.409076
0.413385
0.419154
0.443753
0.472742
0.500811
0.522247
0.534086
0.538945
0.539223
0.537297
0.532289
0.522963
0.50616
0.478032
0.435773
0.378439
0.327639
0.33019
0.348728
0.79877
0.830585
0.829135
0.812908
0.789007
0.770763
0.761078
0.755981
0.752127
0.748281
0.743791
0.737508
0.728126
0.714757
0.69812
0.678416
0.655969
0.631107
0.601947
0.572639
1.09735
1.12332
1.1021
1.05786
1.01159
0.978406
0.960311
0.953084
0.950436
0.949945
0.948813
0.947147
0.94422
0.942211
0.944993
0.958158
0.982658
1.00099
0.980633
0.929041
1.1928
1.18149
1.15796
1.14353
1.13512
1.13159
1.13095
1.13265
1.13496
1.13859
1.14261
1.1489
1.15786
1.17226
1.19208
1.21737
1.24149
1.25228
1.25069
1.23083
1.2034
1.19944
1.21109
1.24038
1.2702
1.29079
1.30176
1.30816
1.31234
1.31655
1.32169
1.32943
1.34089
1.35662
1.37503
1.39287
1.40542
1.4123
1.42671
1.43538
1.35044
1.37616
1.4178
1.43762
1.45328
1.46835
1.47981
1.48722
1.49209
1.49509
1.49726
1.49928
1.50054
1.50182
1.50321
1.50355
1.50343
1.50965
1.52906
1.54776
1.59936
1.62036
1.64153
1.64726
1.65404
1.66635
1.67926
1.68756
1.69177
1.6925
1.69088
1.68655
1.67818
1.664
1.64232
1.61138
1.5738
1.54828
1.5555
1.57458
1.87302
1.8976
1.91206
1.9254
1.92442
1.92115
1.92047
1.91981
1.91799
1.91476
1.91057
1.90419
1.89394
1.87614
1.84882
1.81221
1.7702
1.73438
1.71216
1.69569
2.21262
2.24516
2.25788
2.25129
2.22177
2.19214
2.17181
2.15903
2.15084
2.14585
2.14246
2.13965
2.13662
2.13213
2.12559
2.11833
2.11251
2.10408
2.06854
2.01092
2.47134
2.46277
2.4474
2.43945
2.42042
2.39896
2.3829
2.37306
2.36734
2.36529
2.36618
2.37075
2.37956
2.39463
2.41647
2.44336
2.4692
2.47826
2.45717
2.41064
2.60643
2.56919
2.54155
2.56036
2.57985
2.58398
2.57953
2.57446
2.57045
2.56944
2.57074
2.57621
2.58637
2.60351
2.63013
2.6693
2.71667
2.75297
2.76679
2.75424
2.76602
2.75808
2.74438
2.74991
2.7647
2.77145
2.77074
2.76674
2.76299
2.76067
2.76054
2.76253
2.76625
2.77156
2.7773
2.78175
2.78416
2.79421
2.83677
2.87602
2.93531
2.95614
2.94257
2.92593
2.92966
2.94015
2.94803
2.9513
2.95212
2.9514
2.9517
2.95215
2.95241
2.94935
2.93946
2.91623
2.8789
2.85418
2.87861
2.91655
3.09931
3.12383
3.1217
3.11954
3.12667
3.13722
3.14474
3.14899
3.15075
3.151
3.15083
3.15051
3.14847
3.14225
3.12941
3.11067
3.09322
3.08602
3.07664
3.06184
3.29946
3.34655
3.36661
3.36238
3.35481
3.353
3.35361
3.35436
3.35468
3.3553
3.35544
3.35519
3.35373
3.35049
3.34438
3.33882
3.34138
3.35299
3.34071
3.29636
3.48736
3.51978
3.53724
3.54142
3.54102
3.5442
3.54886
3.55322
3.55627
3.55929
3.56217
3.5655
3.56881
3.57345
3.58101
3.59404
3.61098
3.621
3.60885
3.57062
3.71415
3.70936
3.71132
3.72725
3.73937
3.74811
3.75391
3.7585
3.76138
3.76438
3.76731
3.77137
3.77621
3.78265
3.79283
3.81174
3.83824
3.85593
3.85398
3.83366
3.99234
3.99254
3.98779
3.98485
3.97985
3.97507
3.97231
3.97067
3.96941
3.96863
3.96891
3.97004
3.9721
3.97483
3.978
3.98135
3.98341
3.98169
3.99038
3.99773
4.1929
4.21872
4.21867
4.21371
4.20454
4.19424
4.18658
4.18124
4.17713
4.17404
4.17212
4.17061
4.16882
4.16519
4.15873
4.14769
4.13406
4.1232
4.12336
4.12204
4.39307
4.42522
4.43474
4.43091
4.41875
4.40471
4.39384
4.38668
4.38201
4.37861
4.3772
4.37612
4.3739
4.36757
4.35573
4.33495
4.30482
4.27352
4.25868
4.25165
4.60498
4.60603
4.60666
4.60574
4.60133
4.59549
4.58952
4.58491
4.58223
4.58047
4.58055
4.58135
4.5828
4.58287
4.58385
4.58469
4.58076
4.56504
4.53753
4.50584
4.75969
4.74437
4.73512
4.7461
4.7631
4.77631
4.78237
4.78379
4.78366
4.78286
4.78177
4.78104
4.78018
4.78182
4.7908
4.81209
4.8452
4.87095
4.86115
4.8165
4.90203
4.91503
4.91832
4.93898
4.96551
4.98535
4.99477
4.99677
4.99566
4.99331
4.99041
4.98748
4.98517
4.9845
4.9846
4.98434
4.98405
4.9855
5.00135
5.00092
5.1691
5.21325
5.22876
5.22771
5.22299
5.21915
5.21639
5.21295
5.21
5.20733
5.20652
5.20667
5.20876
5.21078
5.20849
5.19392
5.16401
5.13509
5.14504
5.16146
5.4635
5.50227
5.50187
5.47092
5.43922
5.42173
5.41627
5.41516
5.41568
5.41671
5.4197
5.4246
5.43251
5.44108
5.44977
5.45731
5.46049
5.45904
5.4557
5.44001
5.6169
5.6088
5.59302
5.60086
5.60871
5.61473
5.61847
5.62017
5.62093
5.62235
5.62467
5.62932
5.63577
5.64523
5.65858
5.67972
5.71216
5.7475
5.75825
5.72577
5.79476
5.79366
5.79249
5.81015
5.82457
5.83073
5.83173
5.8306
5.82875
5.82797
5.82805
5.82929
5.831
5.83316
5.83381
5.83202
5.83142
5.83854
5.86096
5.86001
6.02428
6.05224
6.05816
6.05188
6.04758
6.0443
6.0417
6.03951
6.03745
6.03577
6.03572
6.03636
6.03666
6.03336
6.02375
6.00381
5.97474
5.95211
5.95967
5.96788
6.24165
6.2609
6.25977
6.25837
6.25885
6.25849
6.25687
6.25429
6.2511
6.24837
6.24695
6.24601
6.24467
6.2403
6.23371
6.22694
6.22278
6.22014
6.20775
6.17667
6.47552
6.49295
6.49406
6.49193
6.4859
6.47995
6.47519
6.47061
6.46609
6.46234
6.45963
6.45727
6.45397
6.44995
6.44587
6.4459
6.45558
6.46708
6.45675
6.40837
6.70067
6.71643
6.71466
6.71017
6.70216
6.69381
6.68658
6.68041
6.67583
6.67264
6.67187
6.67217
6.6741
6.67612
6.6771
6.67456
6.66701
6.65402
6.64633
6.62296
6.88674
6.90068
6.89673
6.89288
6.88644
6.88042
6.87665
6.87481
6.87404
6.87464
6.877
6.88172
6.8884
6.8964
6.90681
6.92149
6.94077
6.95385
6.94798
6.91728
7.01492
7.02621
7.02396
7.02977
7.03766
7.04617
7.05429
7.06177
7.0677
7.07319
7.07841
7.08494
7.09168
7.09888
7.10785
7.12271
7.1429
7.15719
7.16584
7.15584
7.13894
7.15027
7.15512
7.17874
7.20849
7.23512
7.25434
7.26733
7.27592
7.28204
7.28704
7.29218
7.29748
7.30367
7.31027
7.31566
7.31503
7.30794
7.31765
7.32407
7.38215
7.40572
7.42137
7.44875
7.47536
7.49398
7.50359
7.50709
7.50727
7.50725
7.50718
7.50811
7.50834
7.50722
7.50395
7.49896
7.49394
7.49084
7.49158
7.48441
7.79001
7.83463
7.84821
7.83742
7.81354
7.78778
7.76717
7.75118
7.73949
7.73147
7.72743
7.72543
7.72305
7.71662
7.70313
7.68028
7.65003
7.62379
7.62267
7.62274
8.15263
8.18999
8.17277
8.11936
8.06029
8.01277
7.98154
7.96171
7.94914
7.9407
7.93632
7.93372
7.93217
7.92996
7.92866
7.92762
7.92324
7.91252
7.90049
7.87505
8.25498
8.23215
8.19147
8.18061
8.17649
8.17019
8.16143
8.15302
8.14586
8.14048
8.13646
8.13365
8.13071
8.12987
8.13523
8.15267
8.18344
8.2126
8.21164
8.16306
8.29111
8.26745
8.25393
8.28133
8.31549
8.33792
8.34677
8.34802
8.34593
8.34352
8.34127
8.33971
8.33851
8.33778
8.33523
8.33021
8.32557
8.32437
8.3353
8.32185
8.42811
8.45097
8.4711
8.48805
8.50952
8.53091
8.54521
8.55168
8.55398
8.5548
8.55678
8.56005
8.56518
8.56935
8.56717
8.55059
8.51725
8.48098
8.47818
8.48542
8.65955
8.70545
8.72096
8.7233
8.73263
8.74799
8.76083
8.76768
8.7705
8.77237
8.77606
8.78234
8.79141
8.80116
8.81211
8.82401
8.83126
8.82653
8.81356
8.79323
8.94057
8.98183
8.99374
8.9973
8.99091
8.98767
8.9882
8.98882
8.98823
8.98803
8.98942
8.99362
8.99921
9.00758
9.02202
9.04902
9.09017
9.12961
9.13858
9.10129
9.21341
9.24884
9.25141
9.24491
9.22681
9.21221
9.20463
9.20065
9.19795
9.19662
9.19661
9.19809
9.19959
9.20117
9.2009
9.19746
9.1952
9.2019
9.22749
9.2258
9.40513
9.41438
9.40452
9.41288
9.41417
9.40949
9.40516
9.40328
9.40286
9.40337
9.40526
9.40772
9.40963
9.40701
9.39433
9.36464
9.32013
9.28363
9.29302
9.30732
9.5933
9.59704
9.58839
9.59621
9.60462
9.61026
9.61374
9.61682
9.61914
9.62128
9.62392
9.62685
9.62887
9.62695
9.6201
9.6095
9.59571
9.58018
9.56705
9.5436
9.79693
9.79871
9.79294
9.81454
9.83837
9.85368
9.85836
9.85738
9.85449
9.85275
9.85211
9.85308
9.8538
9.85574
9.86127
9.87697
9.90565
9.93165
9.92471
9.86867
10.1037
10.1321
10.135
10.1409
10.1392
10.13
10.1163
10.1017
10.089
10.0807
10.0765
10.0765
10.079
10.084
10.0917
10.1049
10.1232
10.1363
10.1428
10.1111
10.4107
10.4566
10.4445
10.4095
10.3728
10.3444
10.3241
10.309
10.2974
10.2892
10.2856
10.2863
10.2903
10.2952
10.2989
10.2997
10.296
10.2901
10.2996
10.2935
10.5186
10.5283
10.4956
10.4839
10.4822
10.4857
10.4888
10.4897
10.4886
10.487
10.4867
10.4886
10.491
10.4925
10.4919
10.4879
10.4803
10.4727
10.4782
10.4708
10.5719
10.5701
10.5539
10.5815
10.6186
10.6503
10.6706
10.6813
10.6857
10.6876
10.6895
10.6926
10.6957
10.697
10.6947
10.6873
10.6746
10.6604
10.6615
10.647
10.77
10.8094
10.8221
10.8383
10.8533
10.8691
10.8819
10.8891
10.8918
10.8926
10.8934
10.8946
10.8957
10.8956
10.8952
10.896
10.8991
10.9001
10.8984
10.8637
11.0505
11.1249
11.1372
11.1224
11.1029
11.0951
11.0957
11.0979
11.0987
11.0985
11.0979
11.0966
11.0933
11.0881
11.0819
11.0782
11.0811
11.0885
11.0938
11.053
11.2691
11.3198
11.3194
11.3209
11.3125
11.3062
11.305
11.3067
11.3085
11.3089
11.3092
11.3085
11.3078
11.3054
11.2993
11.2849
11.2565
11.2232
11.224
11.2081
11.4856
11.5152
11.5131
11.53
11.5334
11.5316
11.53
11.5311
11.5325
11.5337
11.5346
11.5364
11.5388
11.5413
11.5451
11.5513
11.5581
11.5565
11.5474
11.5028
11.7477
11.7852
11.7834
11.7948
11.7943
11.7881
11.7807
11.7763
11.7736
11.7733
11.7738
11.7766
11.7796
11.784
11.79
11.7999
11.8162
11.8308
11.8397
11.7939
12.0368
12.0777
12.0706
12.0803
12.0766
12.0627
12.0442
12.0284
12.018
12.0134
12.0138
12.0189
12.0286
12.0429
12.0585
12.0668
12.0603
12.0433
12.0576
12.0375
12.3404
12.3924
12.377
12.3638
12.3363
12.3051
12.2768
12.2552
12.2412
12.2351
12.2357
12.2429
12.2563
12.2742
12.2958
12.3208
12.3481
12.3677
12.3832
12.3413
12.5198
12.5697
12.5338
12.5096
12.4882
12.4724
12.4598
12.4498
12.4429
12.4402
12.4418
12.4478
12.4552
12.4623
12.4677
12.4751
12.492
12.5183
12.5555
12.5179
12.5771
12.602
12.5713
12.6012
12.6336
12.6535
12.6588
12.6565
12.653
12.6514
12.6536
12.6583
12.664
12.6668
12.6614
12.6412
12.6057
12.5738
12.6
12.5791
12.7843
12.8558
12.8576
12.8737
12.8845
12.892
12.8916
12.885
12.8779
12.8744
12.8756
12.8812
12.8891
12.8958
12.8993
12.8979
12.8935
12.8807
12.8753
12.8037
13.0504
13.157
13.1601
13.1505
13.1342
13.1254
13.1183
13.1094
13.1008
13.0965
13.0969
13.1017
13.1086
13.1168
13.1281
13.148
13.1816
13.2049
13.2043
13.0986
13.2302
13.322
13.3204
13.3345
13.3353
13.3328
13.3282
13.3216
13.3144
13.3101
13.3103
13.315
13.3222
13.3306
13.3395
13.3501
13.3641
13.3662
13.3781
13.2908
13.3975
13.4739
13.4739
13.5046
13.5214
13.5301
13.531
13.527
13.5208
13.516
13.5154
13.5186
13.5247
13.5296
13.5301
13.5242
13.5118
13.4875
13.4966
13.4233
13.5938
13.6815
13.6808
13.7015
13.7109
13.718
13.7219
13.7219
13.7188
13.7156
13.7147
13.7164
13.7181
13.7167
13.7108
13.6987
13.6806
13.6517
13.6529
13.5635
13.7619
13.8508
13.8429
13.8666
13.8819
13.8954
13.9061
13.9123
13.9139
13.9134
13.9135
13.9145
13.9151
13.9118
13.9037
13.8891
13.867
13.8324
13.8313
13.7306
13.9372
14.0243
14.0132
14.0433
14.0688
14.0906
14.1051
14.113
14.1156
14.1152
14.1136
14.1119
14.1092
14.1044
14.0988
14.0936
14.0895
14.0727
14.0756
13.9561
14.1697
14.2617
14.2483
14.2755
14.2971
14.314
14.324
14.3283
14.3284
14.3265
14.3227
14.3173
14.3091
14.2973
14.2831
14.2698
14.2623
14.2529
14.2716
14.1473
14.4699
14.5744
14.5506
14.5495
14.5422
14.5391
14.5415
14.5443
14.5458
14.5453
14.5448
14.5426
14.5393
14.5316
14.5178
14.491
14.4474
14.3948
14.4134
14.317
14.7311
14.8293
14.781
14.7599
14.7462
14.745
14.7527
14.7619
14.7691
14.7731
14.7768
14.78
14.7853
14.7909
14.7987
14.8077
14.8139
14.8036
14.8155
14.6885
14.9413
15.0091
14.9553
14.9704
14.9872
14.9974
15.0027
15.0068
15.0098
15.0117
15.0131
15.0157
15.0201
15.0292
15.0471
15.0802
15.1311
15.177
15.2225
15.0843
15.3148
15.4205
15.3845
15.3636
15.3339
15.3057
15.2831
15.2679
15.2589
15.2536
15.2505
15.2494
15.2511
15.257
15.2673
15.2815
15.3016
15.3263
15.3967
15.2976
15.6624
15.7872
15.7352
15.6734
15.6096
15.5602
15.5261
15.5042
15.4917
15.485
15.4831
15.4844
15.4888
15.4947
15.4986
15.494
15.4798
15.4682
15.5247
15.4475
15.7872
15.8847
15.8256
15.7947
15.7683
15.747
15.7309
15.7199
15.7137
15.7116
15.7132
15.7183
15.7271
15.738
15.7499
15.7636
15.7764
15.7832
15.8146
15.7066
15.8447
15.9343
15.9103
15.9295
15.9473
15.9545
15.9532
15.9494
15.9462
15.9461
15.9482
15.9544
15.9632
15.9773
15.9969
16.0273
16.0682
16.1034
16.131
15.9964
16.0554
16.1854
16.2074
16.2262
16.2294
16.2233
16.2135
16.2035
16.1962
16.1935
16.1947
16.2001
16.2089
16.2214
16.236
16.2529
16.2669
16.2704
16.2884
16.1748
16.3671
16.5217
16.554
16.5503
16.5268
16.5008
16.479
16.4618
16.4505
16.4452
16.4458
16.4516
16.4618
16.4741
16.4842
16.4867
16.4745
16.4497
16.4414
16.3371
16.6213
16.7389
16.7646
16.7799
16.7724
16.7513
16.7298
16.7124
16.7008
16.6959
16.6972
16.7042
16.7159
16.7302
16.7445
16.7533
16.7468
16.7264
16.6951
16.5826
16.8336
16.9143
16.9381
16.9668
16.9807
16.974
16.9608
16.9484
16.9398
16.9369
16.9394
16.9476
16.9595
16.9745
16.9911
17.0053
17.0042
16.9895
16.954
16.8543
17.0138
17.0746
17.1
17.1273
17.158
17.1694
17.1708
17.1682
17.165
17.1637
17.1646
17.1678
17.1719
17.1762
17.1812
17.1851
17.1785
17.1716
17.144
17.0688
17.1412
17.1769
17.2107
17.2539
17.3157
17.3542
17.3735
17.3805
17.3818
17.3806
17.3778
17.373
17.3646
17.3498
17.3263
17.2922
17.2419
17.2109
17.1826
17.1519
17.3311
17.3656
17.4159
17.4456
17.5059
17.5504
17.5781
17.5918
17.5969
17.5961
17.5922
17.5828
17.5671
17.5412
17.5013
17.4396
17.3471
17.2823
17.2299
17.2288
17.6402
17.6708
17.7145
17.6884
17.715
17.7502
17.7822
17.8046
17.8159
17.8185
17.8152
17.8055
17.7895
17.7657
17.7343
17.6945
17.6492
17.6486
17.5761
17.5472
18.046
18.0222
18.0532
17.9935
17.9889
17.9999
18.0188
18.0378
18.0496
18.054
18.0521
18.0456
18.0344
18.0212
18.0098
18.0072
18.0217
18.1016
18.0607
18.0617
18.5279
18.4717
18.5091
18.3997
18.3441
18.3094
18.2976
18.2994
18.3049
18.3087
18.3094
18.3089
18.3092
18.3167
18.3388
18.3851
18.4508
18.5779
18.554
18.6247
18.9243
18.822
18.8794
18.7528
18.6872
18.6336
18.6027
18.5922
18.5916
18.5943
18.5972
18.6036
18.6153
18.6414
18.6867
18.7539
18.8338
18.9815
18.94
19.0638
19.2325
19.0878
19.2125
19.1066
19.0624
19.0052
18.9582
18.9326
18.9229
18.9207
18.9225
18.93
18.9468
18.9806
19.0309
19.086
19.124
19.2331
19.1183
19.2863
19.5059
19.3519
19.5783
19.467
19.4306
19.3762
19.3217
19.2846
19.2664
19.2597
19.2589
19.2649
19.279
19.307
19.3452
19.3788
19.3929
19.4874
19.2518
19.4205
19.6253
19.3956
19.7158
19.6142
19.6214
19.611
19.585
19.5619
19.5499
19.5461
19.5457
19.5485
19.5557
19.5684
19.5772
19.5684
19.5469
19.6377
19.2906
19.5027
19.6291
19.2419
19.6739
19.6048
19.6778
19.7236
19.7329
19.7289
19.7262
19.7263
19.7275
19.7294
19.7322
19.7352
19.7258
19.6858
19.6325
19.7214
19.2652
19.6108
19.8581
19.287
19.8356
19.6868
19.7388
19.8008
19.8253
19.8276
19.8267
19.8268
19.828
19.8289
19.8295
19.8258
19.8055
19.7595
19.7313
19.8974
19.3557
19.9267
20.4655
19.5923
20.2642
19.9842
19.9485
19.9815
19.998
19.994
19.9868
19.9828
19.9834
19.988
19.9943
19.9984
19.9866
19.9635
20.0012
20.2738
19.6212
20.5281
21.3612
20.0719
20.9634
20.5672
20.4041
20.3679
20.354
20.3348
20.318
20.3084
20.3078
20.3151
20.3301
20.35
20.366
20.4024
20.5495
20.9214
20.0348
21.3532
22.1302
20.1741
21.4117
21.0375
20.8203
20.75
20.7225
20.699
20.68
20.6694
20.6681
20.6777
20.6947
20.7185
20.7447
20.8123
21.029
21.4037
20.149
22.084
22.6268
19.6454
21.3628
21.1683
20.9625
20.8848
20.8526
20.8258
20.804
20.7917
20.7916
20.804
20.8256
20.8554
20.8888
20.9676
21.1761
21.3787
19.659
22.6272
23.7915
19.1897
21.2976
21.2868
21.0273
20.8897
20.8248
20.7821
20.7529
20.7383
20.7385
20.7553
20.7835
20.8303
20.8907
21.0282
21.2763
21.2823
19.1873
23.8082
27.1163
19.5056
21.1877
21.3998
21.1677
21.019
20.9567
20.9233
20.903
20.8921
20.893
20.9025
20.9221
20.9576
21.0182
21.1685
21.4
21.1878
19.5101
27.1117
31.9434
19.8336
19.8255
20.6374
20.8616
20.8853
20.887
20.8856
20.8817
20.8786
20.8786
20.8816
20.8854
20.8872
20.8855
20.8623
20.638
19.823
19.8284
31.9451
0.00456147
0.00457337
-0.00199158
0.00750179
0.015526
0.0229528
0.0299787
0.0352126
0.0380028
0.0388038
0.0384553
0.0372659
0.0351734
0.0326923
0.0312701
0.0333928
0.0372452
0.0360793
0.039652
0.0324215
0.0830518
0.0974388
0.100361
0.113956
0.127828
0.138041
0.145289
0.150843
0.154318
0.155633
0.15541
0.153504
0.150663
0.146848
0.143408
0.140763
0.13815
0.13513
0.135767
0.122132
0.268349
0.286807
0.294914
0.289562
0.283441
0.281316
0.282131
0.284059
0.285654
0.286034
0.285101
0.282828
0.27899
0.273854
0.267583
0.260753
0.255058
0.251399
0.250184
0.249016
0.439344
0.452092
0.460306
0.456689
0.445449
0.434151
0.426232
0.421792
0.41964
0.418357
0.417341
0.416337
0.415609
0.415294
0.414632
0.410964
0.40196
0.389206
0.381438
0.379309
0.607685
0.603052
0.602956
0.601541
0.592864
0.579666
0.566929
0.557804
0.552491
0.550012
0.548854
0.549167
0.550432
0.553769
0.559007
0.565752
0.572624
0.574685
0.566228
0.553081
0.740267
0.730448
0.721374
0.715113
0.708017
0.698378
0.688448
0.680623
0.675845
0.673854
0.673233
0.674044
0.675963
0.67966
0.684839
0.691473
0.697879
0.700705
0.69961
0.695381
0.809903
0.798969
0.787661
0.788353
0.794631
0.799521
0.800604
0.798788
0.796258
0.794878
0.794378
0.795133
0.796366
0.798428
0.800245
0.801235
0.800759
0.799361
0.801962
0.805769
0.902712
0.900813
0.897681
0.902049
0.910842
0.918113
0.92122
0.920872
0.91885
0.91745
0.917008
0.917808
0.918791
0.919026
0.916565
0.91009
0.900143
0.893036
0.897296
0.905489
1.02725
1.04173
1.04763
1.04483
1.04194
1.0408
1.04048
1.03967
1.03822
1.03724
1.03738
1.03892
1.04084
1.04243
1.04273
1.04107
1.0372
1.03439
1.03595
1.03562
1.11923
1.12834
1.1339
1.13789
1.14147
1.14552
1.14895
1.15114
1.15148
1.15131
1.15078
1.15071
1.15083
1.15165
1.1543
1.16111
1.17174
1.18182
1.18157
1.16687
1.22061
1.22557
1.2318
1.24043
1.24902
1.25615
1.26082
1.26378
1.26485
1.26431
1.26268
1.26028
1.25669
1.25181
1.24579
1.24065
1.2373
1.23626
1.23783
1.23542
1.35555
1.36674
1.37357
1.37502
1.37585
1.37848
1.38131
1.38313
1.38386
1.38309
1.38153
1.37847
1.37406
1.36695
1.35577
1.33923
1.31885
1.3021
1.29889
1.30564
1.49366
1.49868
1.5
1.49932
1.49834
1.5005
1.50425
1.50756
1.50948
1.51007
1.50966
1.50822
1.50578
1.50209
1.49688
1.48937
1.48022
1.47033
1.46
1.45129
1.63825
1.63715
1.63811
1.64264
1.64295
1.64112
1.64
1.64083
1.64219
1.6438
1.64478
1.64571
1.64677
1.64855
1.6517
1.65691
1.66362
1.66618
1.65704
1.6388
1.795
1.8009
1.80338
1.79989
1.79306
1.78506
1.77879
1.77568
1.77529
1.77655
1.77896
1.78267
1.78842
1.79674
1.80716
1.81746
1.82487
1.82546
1.82282
1.8181
1.91798
1.91477
1.91256
1.91497
1.91715
1.91617
1.91226
1.90757
1.90439
1.90349
1.90446
1.90743
1.91285
1.9211
1.93313
1.94853
1.96527
1.97834
1.98371
1.98058
2.04077
2.03953
2.03933
2.04231
2.04361
2.04098
2.0362
2.03053
2.02596
2.02299
2.0218
2.02174
2.02202
2.02227
2.02269
2.02443
2.02795
2.03476
2.04823
2.0582
2.16174
2.16533
2.16121
2.15456
2.15075
2.14845
2.14723
2.1455
2.14367
2.14162
2.14037
2.13885
2.13674
2.13197
2.12279
2.10849
2.09012
2.07738
2.08573
2.10252
2.27254
2.2697
2.26165
2.25927
2.26146
2.26529
2.2682
2.26894
2.26805
2.26644
2.265
2.26363
2.26144
2.25731
2.25
2.2396
2.22937
2.22319
2.21859
2.2119
2.4
2.40654
2.40699
2.40638
2.40557
2.40444
2.40204
2.39904
2.39615
2.39388
2.39209
2.39064
2.38915
2.38735
2.38544
2.38421
2.38531
2.38717
2.37861
2.35702
2.5137
2.5257
2.53094
2.52931
2.52524
2.52228
2.52029
2.51896
2.51831
2.51817
2.51859
2.51928
2.52014
2.52197
2.5255
2.52977
2.53253
2.53071
2.52218
2.50672
2.59895
2.60563
2.60925
2.61179
2.61568
2.62249
2.62985
2.63598
2.64029
2.64343
2.64657
2.65016
2.65526
2.66164
2.66914
2.67658
2.68202
2.68152
2.67664
2.66975
2.70454
2.706
2.71139
2.72626
2.74225
2.75508
2.76296
2.7675
2.7697
2.77116
2.7726
2.77534
2.77952
2.78581
2.79456
2.80648
2.82086
2.83122
2.83258
2.82469
2.888
2.9048
2.91531
2.91893
2.91672
2.91142
2.90594
2.90198
2.89888
2.89679
2.89518
2.89459
2.89412
2.89349
2.89285
2.89357
2.89623
2.90036
2.90783
2.91061
3.05553
3.07633
3.08183
3.07083
3.0529
3.03706
3.02698
3.02175
3.0191
3.01741
3.01614
3.01488
3.01292
3.00914
3.00195
2.98931
2.97106
2.95525
2.95746
2.96805
3.13745
3.13188
3.12636
3.12972
3.13353
3.1363
3.13766
3.13851
3.13924
3.14022
3.14094
3.14135
3.14082
3.13828
3.13308
3.125
3.11452
3.1048
3.09701
3.08888
3.23334
3.22084
3.21559
3.22865
3.24547
3.25675
3.26232
3.2649
3.26633
3.26772
3.26912
3.2707
3.27185
3.27276
3.27332
3.27423
3.27606
3.27684
3.26906
3.2503
3.39739
3.40347
3.40343
3.40311
3.40364
3.40248
3.40103
3.39951
3.39819
3.3974
3.39719
3.39737
3.39861
3.40193
3.40842
3.41747
3.42661
3.43016
3.42418
3.40778
3.56238
3.57725
3.57575
3.56435
3.55258
3.54288
3.5362
3.53119
3.52777
3.52525
3.52372
3.52275
3.52226
3.52219
3.5232
3.5265
3.53185
3.53517
3.53488
3.52831
3.67044
3.67417
3.66974
3.66568
3.66269
3.66026
3.65835
3.65651
3.65511
3.65382
3.65333
3.65312
3.65346
3.65258
3.64881
3.64052
3.62806
3.61748
3.62031
3.62762
3.76227
3.7618
3.75993
3.7664
3.77632
3.78391
3.7869
3.78707
3.78596
3.78518
3.78561
3.78746
3.79038
3.79366
3.79634
3.79646
3.7935
3.79024
3.78921
3.7847
3.89049
3.9095
3.92004
3.92291
3.92277
3.92125
3.91851
3.91592
3.9134
3.91205
3.91174
3.91323
3.916
3.92051
3.92777
3.93935
3.95406
3.96604
3.96613
3.95041
4.01533
4.04018
4.05252
4.04929
4.04108
4.03592
4.03396
4.0334
4.03318
4.03294
4.03279
4.03309
4.0336
4.03487
4.0368
4.03975
4.04313
4.04658
4.05168
4.04949
4.12005
4.1194
4.12174
4.13136
4.13962
4.14737
4.15307
4.1558
4.15691
4.15735
4.15798
4.15852
4.15887
4.15772
4.15357
4.14413
4.13017
4.11968
4.12285
4.1298
4.26281
4.25824
4.25697
4.26663
4.27523
4.28075
4.28414
4.28553
4.28566
4.28552
4.28583
4.28655
4.2872
4.28667
4.28406
4.27843
4.27132
4.2661
4.26239
4.25374
4.41668
4.42751
4.42589
4.42243
4.41941
4.41653
4.41516
4.41501
4.41493
4.41493
4.41471
4.4147
4.41453
4.41407
4.41331
4.41326
4.41558
4.41782
4.41206
4.39229
4.55327
4.561
4.55665
4.55227
4.54943
4.5474
4.54619
4.54585
4.54605
4.54632
4.54692
4.5478
4.5491
4.55027
4.5507
4.54956
4.54705
4.54244
4.53791
4.52722
4.68791
4.69504
4.69378
4.69118
4.68809
4.68529
4.68305
4.68153
4.68073
4.68064
4.68109
4.6822
4.68402
4.68639
4.69034
4.69653
4.705
4.7114
4.70884
4.69399
4.8137
4.82469
4.82911
4.8311
4.83067
4.82825
4.82454
4.82026
4.81658
4.81423
4.81337
4.81381
4.81505
4.81696
4.82011
4.82608
4.83432
4.84066
4.84247
4.83454
4.95265
4.96866
4.97841
4.97905
4.97278
4.96437
4.9566
4.95006
4.94511
4.94173
4.94019
4.94022
4.94186
4.94438
4.94695
4.94859
4.94757
4.94402
4.94531
4.94514
5.07157
5.08208
5.08556
5.08257
5.07658
5.07208
5.06942
5.06767
5.06621
5.06505
5.06437
5.06444
5.0645
5.06463
5.06427
5.06288
5.06086
5.05944
5.05918
5.05403
5.14833
5.13716
5.13234
5.14816
5.1662
5.17949
5.18715
5.19091
5.19252
5.19358
5.19475
5.19617
5.19688
5.19562
5.19061
5.18114
5.16837
5.15841
5.15958
5.16027
5.26702
5.27062
5.27123
5.28434
5.30088
5.31346
5.32113
5.32533
5.32734
5.32892
5.33104
5.33414
5.33782
5.34163
5.34467
5.34571
5.34336
5.3385
5.33476
5.32454
5.45008
5.46729
5.4681
5.4645
5.463
5.46353
5.46443
5.46504
5.46487
5.46512
5.46579
5.46774
5.47099
5.47673
5.48643
5.50127
5.5197
5.53285
5.52917
5.50418
5.64802
5.66268
5.65897
5.64553
5.62936
5.61602
5.60691
5.60117
5.59785
5.59596
5.59507
5.59522
5.59622
5.59794
5.60014
5.60432
5.61133
5.61755
5.62051
5.60982
5.78005
5.79096
5.78473
5.77035
5.75496
5.74257
5.73402
5.72838
5.72508
5.72309
5.72221
5.72188
5.72173
5.7197
5.71332
5.70158
5.68642
5.67438
5.67679
5.68028
5.83858
5.83958
5.83913
5.84684
5.85493
5.85901
5.85843
5.85578
5.85312
5.85167
5.85146
5.85189
5.85172
5.84958
5.84448
5.83541
5.82276
5.81091
5.80652
5.79907
5.91381
5.92605
5.93864
5.9545
5.96872
5.9782
5.98222
5.98292
5.98203
5.98176
5.98236
5.98412
5.98598
5.98778
5.9897
5.99219
5.99489
5.99503
5.98832
5.96598
6.04865
6.06569
6.07434
6.08115
6.0893
6.09849
6.10597
6.1105
6.11238
6.11331
6.11433
6.11641
6.11925
6.12362
6.12985
6.1382
6.14668
6.14919
6.14426
6.12366
6.2343
6.24462
6.24383
6.24488
6.24558
6.24749
6.24942
6.25035
6.25007
6.2495
6.249
6.24923
6.2495
6.2495
6.24922
6.25008
6.25253
6.25314
6.25254
6.2393
6.42252
6.44233
6.44398
6.43759
6.42399
6.41078
6.40109
6.39427
6.38979
6.3866
6.38488
6.38374
6.38287
6.38027
6.37373
6.36127
6.34418
6.32991
6.33206
6.33226
6.55733
6.57106
6.56996
6.56478
6.55457
6.54411
6.5355
6.52881
6.52415
6.52107
6.51971
6.51941
6.52
6.52027
6.51936
6.51546
6.50834
6.50177
6.50024
6.48881
6.64542
6.64433
6.64095
6.65086
6.66053
6.66497
6.66413
6.66074
6.65684
6.6541
6.65258
6.65262
6.65356
6.65613
6.66125
6.67071
6.68323
6.69291
6.692
6.66806
6.74096
6.74974
6.75242
6.76446
6.77733
6.7858
6.78917
6.78903
6.78703
6.78537
6.78475
6.78577
6.78783
6.79084
6.79439
6.7994
6.80472
6.80796
6.81098
6.79846
6.85731
6.87463
6.87589
6.87959
6.88766
6.89746
6.90583
6.91107
6.91342
6.91442
6.91594
6.9188
6.92307
6.92744
6.9298
6.92793
6.92153
6.91497
6.91803
6.91523
6.99386
7.00934
7.00913
7.01383
7.02049
7.02818
7.03519
7.04041
7.04347
7.04528
7.0469
7.0492
7.05235
7.05583
7.05909
7.06128
7.06262
7.06338
7.06388
7.05078
7.16213
7.18503
7.18834
7.18659
7.18149
7.178
7.17718
7.17788
7.17882
7.17959
7.18022
7.18088
7.18061
7.17902
7.17614
7.17375
7.17418
7.1767
7.17768
7.15952
7.3222
7.3393
7.3385
7.33524
7.32921
7.32429
7.32134
7.31986
7.31935
7.31903
7.31916
7.3192
7.31893
7.31672
7.31047
7.29852
7.28133
7.26589
7.26519
7.2578
7.47951
7.48676
7.48234
7.48579
7.48645
7.48302
7.47684
7.47114
7.46681
7.46432
7.46312
7.46315
7.46376
7.46478
7.46599
7.4668
7.46652
7.46399
7.45887
7.43661
7.65424
7.67297
7.67124
7.66541
7.65351
7.63952
7.6266
7.61703
7.61039
7.60707
7.60569
7.60651
7.60851
7.61284
7.62052
7.63324
7.64992
7.66209
7.66096
7.63213
7.77273
7.79326
7.78753
7.77736
7.7652
7.7557
7.74918
7.74496
7.74232
7.74169
7.74294
7.74666
7.75266
7.76133
7.77189
7.78284
7.79106
7.7934
7.79692
7.7829
7.83938
7.84455
7.83651
7.8479
7.86147
7.87074
7.87426
7.87472
7.87442
7.87525
7.87746
7.88199
7.88872
7.89743
7.90688
7.91543
7.92082
7.92181
7.92485
7.91057
7.97757
7.9996
8.00044
8.0077
8.01413
8.01719
8.01709
8.01523
8.01315
8.01207
8.01283
8.01576
8.02007
8.02426
8.02586
8.02313
8.01548
8.00564
8.00719
7.99556
8.1524
8.19427
8.20006
8.19529
8.18468
8.1744
8.16614
8.15926
8.15406
8.15066
8.14957
8.15009
8.15137
8.15094
8.147
8.13831
8.12496
8.11057
8.10755
8.08787
8.28709
8.32372
8.32808
8.32969
8.32373
8.31497
8.30583
8.29797
8.2922
8.28878
8.28741
8.28736
8.2868
8.28445
8.27991
8.2732
8.26593
8.25895
8.25461
8.22093
8.39326
8.42226
8.42616
8.4374
8.44254
8.44228
8.43796
8.433
8.42906
8.42708
8.42727
8.42904
8.43201
8.43487
8.43675
8.43638
8.43272
8.42588
8.42282
8.3877
8.505
8.53924
8.54525
8.5587
8.56791
8.57232
8.57198
8.56931
8.56642
8.56518
8.56583
8.56884
8.57383
8.5815
8.59199
8.60416
8.61576
8.61982
8.61813
8.57682
8.631
8.66762
8.67345
8.68954
8.70182
8.70893
8.71053
8.70828
8.70488
8.70286
8.70288
8.70526
8.70977
8.7159
8.72293
8.73098
8.73989
8.74372
8.74794
8.7128
8.78066
8.82485
8.83075
8.84031
8.84487
8.84613
8.84492
8.84176
8.8385
8.83616
8.83615
8.83841
8.84257
8.84637
8.84697
8.84105
8.82894
8.81469
8.81899
8.79356
8.90985
8.95465
8.95396
8.95607
8.95848
8.96271
8.9666
8.96833
8.96878
8.96867
8.96962
8.97124
8.97324
8.97303
8.96965
8.96156
8.9491
8.93541
8.93468
8.8982
9.02278
9.04814
9.03949
9.05587
9.07555
9.09183
9.10182
9.10653
9.10808
9.1087
9.10956
9.11079
9.11086
9.10829
9.10255
9.09479
9.08839
9.08328
9.08336
9.03542
9.21846
9.25644
9.2503
9.25407
9.25737
9.25939
9.2597
9.25864
9.25671
9.25491
9.25426
9.25433
9.25519
9.25509
9.25319
9.24922
9.24401
9.23777
9.23946
9.1912
9.42524
9.47487
9.46586
9.45102
9.43388
9.42083
9.41232
9.40629
9.40157
9.39789
9.39532
9.39381
9.39295
9.39291
9.39463
9.39892
9.40554
9.40902
9.41268
9.3606
9.55322
9.58806
9.57072
9.56021
9.55201
9.54758
9.54536
9.54349
9.54151
9.53932
9.53707
9.53455
9.53153
9.52738
9.52315
9.52167
9.52462
9.52848
9.539
9.49714
9.65726
9.67761
9.65755
9.65841
9.66652
9.67576
9.68253
9.6862
9.68752
9.68749
9.68725
9.68693
9.68648
9.68481
9.68085
9.67341
9.6635
9.65613
9.66844
9.63894
9.83029
9.86351
9.85033
9.84455
9.84192
9.84164
9.84288
9.8442
9.84489
9.84525
9.84632
9.84848
9.85264
9.85894
9.86795
9.87868
9.88811
9.89484
9.90393
9.8635
10.0427
10.0926
10.0845
10.0639
10.0398
10.0209
10.0106
10.006
10.0041
10.0039
10.005
10.0087
10.0151
10.027
10.0462
10.0751
10.1094
10.1374
10.1487
10.0993
10.2158
10.2573
10.2487
10.2319
10.2088
10.1868
10.1716
10.1632
10.1594
10.1584
10.1592
10.1627
10.1693
10.1805
10.1962
10.2171
10.2395
10.2584
10.2734
10.2408
10.3518
10.3856
10.3821
10.3767
10.3634
10.3451
10.329
10.3185
10.3132
10.3113
10.3119
10.3151
10.3207
10.3287
10.3366
10.3408
10.337
10.3317
10.3392
10.3205
10.4777
10.5167
10.5247
10.5277
10.5219
10.5071
10.491
10.4787
10.4717
10.4691
10.4698
10.4732
10.4785
10.4849
10.4905
10.4916
10.4821
10.4688
10.46
10.4281
10.5947
10.6368
10.6556
10.6705
10.6762
10.6687
10.6552
10.6422
10.6332
10.6296
10.6301
10.6347
10.6417
10.6507
10.659
10.6634
10.6592
10.6498
10.6289
10.5777
10.7138
10.7643
10.7944
10.8134
10.8237
10.8202
10.8096
10.798
10.7893
10.7852
10.7853
10.7892
10.7964
10.8059
10.8156
10.8217
10.8188
10.8095
10.784
10.7328
10.8045
10.853
10.8866
10.9075
10.9281
10.939
10.9416
10.9394
10.9361
10.9341
10.9343
10.9366
10.9398
10.9427
10.9442
10.9426
10.9351
10.926
10.9011
10.861
10.8967
10.9174
10.9475
10.985
11.0305
11.0627
11.0799
11.0865
11.0878
11.0874
11.0871
11.0868
11.0853
11.0799
11.0682
11.0469
11.015
10.9889
10.964
10.9494
11.1211
11.1378
11.1626
11.1752
11.2016
11.2242
11.2397
11.2477
11.2504
11.2499
11.2485
11.2456
11.2415
11.2329
11.2181
11.1932
11.1569
11.1314
11.1044
11.0995
11.419
11.4279
11.4365
11.4071
11.3984
11.3999
11.4066
11.4127
11.4157
11.4157
11.4139
11.4107
11.406
11.3989
11.3909
11.3826
11.378
11.3933
11.3747
11.3651
11.6808
11.6589
11.6559
11.6086
11.5852
11.5742
11.5729
11.5762
11.5797
11.5811
11.5804
11.5781
11.5748
11.5722
11.5732
11.5828
11.6057
11.6563
11.6535
11.6625
11.9021
11.8542
11.8595
11.8093
11.7832
11.7636
11.7524
11.7491
11.7498
11.751
11.7518
11.7526
11.7546
11.7617
11.7765
11.8005
11.8324
11.8891
11.8829
11.9235
12.1115
12.063
12.0972
12.0398
12.006
11.9745
11.9507
11.9376
11.9325
11.9314
11.9323
11.9357
11.9437
11.9602
11.9864
12.0215
12.0612
12.1247
12.0932
12.1439
12.2789
12.2286
12.306
12.2468
12.2137
12.1807
12.1521
12.1336
12.1247
12.1218
12.1225
12.1275
12.1377
12.1571
12.1846
12.2149
12.2433
12.2957
12.22
12.2856
12.3745
12.2972
12.4349
12.3939
12.3824
12.3658
12.3442
12.3264
12.3167
12.3133
12.3137
12.3181
12.3276
12.3438
12.363
12.3775
12.387
12.4262
12.2896
12.374
12.443
12.3078
12.5118
12.4812
12.4926
12.5004
12.4956
12.4866
12.4805
12.4785
12.4786
12.4813
12.4862
12.4932
12.4956
12.4864
12.4773
12.512
12.311
12.4455
12.5961
12.344
12.6044
12.5592
12.5769
12.6015
12.6099
12.6079
12.6048
12.6033
12.6037
12.605
12.6076
12.608
12.5986
12.5752
12.5582
12.6018
12.3412
12.5932
12.9737
12.5466
12.8671
12.7535
12.722
12.7291
12.7324
12.7275
12.7215
12.7183
12.7184
12.7217
12.7268
12.7309
12.7285
12.7238
12.7554
12.8688
12.5478
12.9712
13.5109
12.81
13.2309
13.0529
12.9535
12.9252
12.9139
12.9014
12.8906
12.8847
12.8845
12.8899
12.8999
12.9126
12.925
12.9552
13.0558
13.2363
12.8137
13.5077
13.9985
12.8883
13.5028
13.3287
13.1917
13.1396
13.1189
13.103
13.09
13.0828
13.0822
13.0892
13.1012
13.1183
13.1406
13.1943
13.3328
13.5074
12.8888
13.9929
14.3661
12.62
13.5269
13.4483
13.3115
13.2499
13.225
13.2074
13.1933
13.1854
13.1852
13.1931
13.2068
13.2255
13.2506
13.3117
13.4462
13.5208
12.6137
14.3676
15.1284
12.3306
13.5016
13.5375
13.3765
13.2822
13.2391
13.2127
13.1945
13.1852
13.1854
13.1961
13.214
13.2432
13.2838
13.3783
13.5328
13.4953
12.3291
15.1368
17.3209
12.4717
13.4342
13.6057
13.4618
13.3584
13.3143
13.2915
13.2776
13.27
13.2706
13.277
13.2904
13.3145
13.3574
13.4616
13.6063
13.4369
12.4755
17.3188
20.7692
12.4117
12.4742
13.0972
13.2583
13.2677
13.2662
13.2648
13.2621
13.26
13.26
13.2621
13.2648
13.2663
13.2677
13.2583
13.0973
12.4743
12.4118
20.7693
0.0228071
0.0211536
0.0196474
0.0193747
0.0191667
0.0193835
0.0198927
0.020345
0.0206215
0.0206646
0.0205804
0.0203456
0.0198341
0.0192212
0.0187001
0.018935
0.019988
0.0208639
0.0225331
0.0243774
0.0620467
0.0611482
0.0625562
0.0659326
0.0686676
0.0700478
0.070593
0.0709885
0.0714948
0.0719722
0.0726064
0.0731985
0.0741877
0.0753001
0.0764461
0.0768174
0.0754162
0.0723888
0.0706249
0.0717504
0.113171
0.112766
0.11221
0.112343
0.113703
0.115899
0.118187
0.120152
0.121632
0.122745
0.123599
0.124448
0.125296
0.126471
0.127935
0.129526
0.130999
0.131669
0.130639
0.129022
0.166879
0.167298
0.167983
0.168808
0.169719
0.170686
0.171589
0.172422
0.173084
0.17367
0.174034
0.17438
0.174672
0.174904
0.174816
0.174414
0.173653
0.172733
0.172748
0.173908
0.226461
0.228565
0.230242
0.230285
0.22926
0.227863
0.226662
0.225884
0.225424
0.22514
0.224811
0.224455
0.223783
0.222848
0.221425
0.219652
0.217862
0.216803
0.217404
0.218994
0.28045
0.281916
0.282884
0.282607
0.281317
0.279696
0.278382
0.277562
0.276997
0.276707
0.276389
0.275997
0.275268
0.274183
0.272741
0.27116
0.269646
0.269015
0.269181
0.269086
0.326845
0.324559
0.323481
0.32432
0.325571
0.326726
0.327539
0.328143
0.32849
0.328795
0.32904
0.329343
0.3294
0.329405
0.32922
0.328877
0.328343
0.327881
0.327377
0.326419
0.379212
0.377475
0.376257
0.376674
0.37806
0.379538
0.38048
0.381095
0.381429
0.381772
0.382083
0.382531
0.383267
0.384446
0.386048
0.388063
0.390042
0.390975
0.389705
0.38719
0.435343
0.437494
0.438516
0.438094
0.437314
0.436158
0.435025
0.434151
0.433644
0.433367
0.433298
0.433481
0.433939
0.434919
0.436403
0.438314
0.440267
0.44112
0.440362
0.439142
0.483181
0.484406
0.485242
0.485201
0.484911
0.484397
0.48396
0.483598
0.483384
0.483204
0.483064
0.482851
0.482654
0.482215
0.481464
0.480383
0.47902
0.477886
0.47858
0.480906
0.529134
0.527229
0.526173
0.526875
0.528678
0.530797
0.532499
0.533545
0.534012
0.534116
0.534019
0.533725
0.533095
0.531957
0.530166
0.527643
0.524905
0.523343
0.524318
0.526534
0.584341
0.58439
0.584122
0.584253
0.584997
0.586024
0.586848
0.587418
0.587662
0.587802
0.587785
0.587685
0.587475
0.587061
0.586427
0.585619
0.584694
0.58427
0.584067
0.583193
0.643361
0.646281
0.647698
0.646726
0.644887
0.643179
0.642021
0.641469
0.641329
0.641455
0.641728
0.642267
0.642983
0.644107
0.645469
0.64696
0.648348
0.64906
0.648048
0.645456
0.695534
0.69623
0.697438
0.698003
0.697414
0.696365
0.695261
0.69437
0.693804
0.693644
0.693722
0.694093
0.694941
0.696388
0.698501
0.701289
0.704279
0.706032
0.705082
0.702475
0.741714
0.741795
0.742784
0.743959
0.74461
0.744755
0.744536
0.74409
0.743701
0.743404
0.743335
0.74341
0.74352
0.743619
0.743732
0.743935
0.744247
0.744275
0.744535
0.745599
0.785942
0.784555
0.783761
0.784697
0.786687
0.788892
0.790756
0.791977
0.792688
0.792977
0.793067
0.792871
0.7924
0.791248
0.789332
0.786609
0.783438
0.781172
0.782017
0.785301
0.84071
0.839836
0.83856
0.83854
0.839819
0.841564
0.843213
0.844416
0.845191
0.845565
0.845705
0.845553
0.844942
0.843814
0.842154
0.839837
0.837327
0.835779
0.835712
0.835946
0.904813
0.907773
0.908863
0.907528
0.905386
0.903266
0.901788
0.900939
0.900522
0.900347
0.900315
0.900307
0.900413
0.900482
0.900653
0.901056
0.901623
0.901995
0.900594
0.897266
0.961897
0.964295
0.965873
0.964868
0.962185
0.959196
0.956773
0.955122
0.954174
0.953723
0.953638
0.9539
0.954468
0.955576
0.957267
0.959595
0.962157
0.963508
0.961942
0.958388
1.00876
1.00791
1.00836
1.00924
1.00931
1.00881
1.00797
1.00709
1.00637
1.006
1.00594
1.00612
1.00658
1.00721
1.00809
1.00933
1.01063
1.01109
1.0108
1.01063
1.05288
1.05194
1.05248
1.0545
1.0564
1.05749
1.05778
1.05753
1.05712
1.05678
1.05671
1.05691
1.05728
1.05759
1.05766
1.05722
1.05623
1.05487
1.05498
1.05683
1.0989
1.099
1.09922
1.10065
1.10277
1.10468
1.10607
1.10681
1.10709
1.10713
1.107
1.10679
1.1066
1.10625
1.10571
1.10485
1.1037
1.10276
1.10281
1.10325
1.15105
1.15117
1.15057
1.15121
1.15312
1.15536
1.15723
1.15841
1.15903
1.15922
1.1592
1.15902
1.15852
1.15772
1.15661
1.15523
1.15394
1.15336
1.15356
1.15326
1.21067
1.21289
1.21335
1.21264
1.21193
1.21173
1.21189
1.21219
1.2125
1.21277
1.21302
1.21319
1.21338
1.21345
1.21338
1.21314
1.21257
1.21199
1.21154
1.21047
1.26931
1.2719
1.27287
1.27178
1.26953
1.26745
1.26618
1.26568
1.2657
1.26598
1.26642
1.26705
1.26786
1.2691
1.27067
1.27244
1.27401
1.27458
1.27334
1.27074
1.32407
1.32411
1.32418
1.32413
1.3233
1.32205
1.32084
1.31998
1.31945
1.31931
1.31939
1.31965
1.32015
1.32096
1.3222
1.32384
1.32545
1.32612
1.32515
1.32317
1.37886
1.37908
1.3794
1.37939
1.37877
1.37751
1.37589
1.37428
1.37304
1.37215
1.37165
1.37135
1.37107
1.37061
1.36989
1.36874
1.36743
1.36645
1.36673
1.36788
1.42951
1.43066
1.43122
1.43097
1.43037
1.42936
1.42816
1.42682
1.42571
1.42486
1.42432
1.42389
1.42355
1.42285
1.42169
1.41997
1.41798
1.41687
1.41731
1.41832
1.47411
1.47415
1.47438
1.47545
1.47671
1.47757
1.47796
1.47796
1.47782
1.47773
1.47783
1.47818
1.47862
1.47917
1.4797
1.48006
1.48013
1.48005
1.47924
1.47734
1.52063
1.5208
1.52153
1.52334
1.5255
1.52733
1.52859
1.52936
1.5298
1.53023
1.53079
1.53163
1.53285
1.53442
1.53626
1.53814
1.53964
1.54003
1.5385
1.53563
1.57433
1.57518
1.57559
1.57635
1.57763
1.57916
1.58044
1.58129
1.58181
1.58213
1.58248
1.58299
1.58367
1.58462
1.58572
1.5869
1.58802
1.58828
1.58706
1.58517
1.635
1.63748
1.63816
1.63753
1.63649
1.63572
1.63529
1.63509
1.63502
1.63497
1.63493
1.63484
1.6347
1.63415
1.6329
1.63094
1.62868
1.62694
1.62691
1.62824
1.69441
1.69747
1.69893
1.69814
1.69591
1.69348
1.69149
1.69017
1.6894
1.68901
1.68884
1.68872
1.68838
1.68754
1.68596
1.68357
1.68101
1.6793
1.6792
1.6796
1.74862
1.74906
1.74978
1.7503
1.74979
1.74859
1.74703
1.74567
1.74459
1.74402
1.74374
1.74375
1.74387
1.74401
1.7442
1.7445
1.74481
1.74482
1.7434
1.74017
1.80151
1.8019
1.80243
1.80304
1.80315
1.8025
1.80127
1.79992
1.79877
1.79807
1.79778
1.79796
1.79844
1.79934
1.80058
1.80215
1.8036
1.80417
1.80285
1.79981
1.85047
1.85146
1.85181
1.85216
1.85258
1.85264
1.85235
1.85179
1.85125
1.85093
1.85093
1.85125
1.85192
1.85286
1.85406
1.8553
1.85607
1.85602
1.85545
1.85473
1.89666
1.89655
1.89654
1.89804
1.90026
1.90211
1.90327
1.90372
1.90373
1.90362
1.90372
1.90415
1.90482
1.90569
1.90657
1.90718
1.90735
1.90701
1.90653
1.90619
1.94901
1.94996
1.95043
1.95151
1.95331
1.95507
1.95631
1.95696
1.95719
1.95726
1.95733
1.95758
1.958
1.95836
1.95837
1.95781
1.95678
1.95586
1.95589
1.95625
2.00983
2.01248
2.01314
2.01221
2.01143
2.0113
2.01146
2.01174
2.012
2.01227
2.01257
2.01304
2.01353
2.01398
2.01404
2.01359
2.01278
2.01211
2.01189
2.01115
2.0736
2.07685
2.0781
2.07664
2.07403
2.07157
2.06977
2.0688
2.06832
2.06834
2.06854
2.0691
2.06985
2.07077
2.07167
2.07244
2.07304
2.07323
2.07198
2.06875
2.13247
2.134
2.13537
2.13534
2.13352
2.13087
2.12814
2.12597
2.12454
2.12389
2.1238
2.1242
2.12487
2.12577
2.12652
2.12692
2.1267
2.12587
2.12474
2.12304
2.18327
2.1843
2.18576
2.18667
2.18625
2.18482
2.18273
2.18067
2.17903
2.17809
2.1777
2.17776
2.17811
2.17861
2.17914
2.17963
2.17994
2.1798
2.17868
2.17662
2.22693
2.2262
2.22609
2.22785
2.23011
2.23181
2.23248
2.23233
2.23177
2.23128
2.231
2.23095
2.23082
2.23052
2.22999
2.22937
2.2288
2.2284
2.228
2.22697
2.27639
2.27606
2.2754
2.27697
2.28004
2.2831
2.2852
2.28617
2.28637
2.28635
2.28638
2.28658
2.28683
2.28685
2.28626
2.28494
2.28299
2.28134
2.28101
2.28111
2.33658
2.34025
2.34158
2.34152
2.34166
2.34213
2.34268
2.34302
2.34307
2.34306
2.34319
2.34371
2.34457
2.34578
2.34698
2.34796
2.34862
2.34869
2.34703
2.34373
2.39816
2.40191
2.40351
2.40265
2.40103
2.39983
2.39928
2.39914
2.39905
2.3991
2.39922
2.3997
2.40046
2.40163
2.40319
2.40523
2.40739
2.40825
2.40625
2.40231
2.45706
2.45856
2.4596
2.45954
2.45834
2.45702
2.45592
2.45515
2.45461
2.45434
2.45429
2.45453
2.45488
2.45526
2.45543
2.45528
2.45455
2.45322
2.45238
2.45217
2.51209
2.5136
2.51499
2.5156
2.51493
2.51367
2.51228
2.51113
2.51023
2.50964
2.50926
2.50906
2.50885
2.50844
2.50756
2.50613
2.50425
2.50279
2.50272
2.50295
2.56375
2.56419
2.56467
2.566
2.56694
2.56722
2.56694
2.56649
2.566
2.56568
2.56549
2.56547
2.56532
2.565
2.56432
2.56334
2.5623
2.56181
2.56153
2.55991
2.61998
2.62066
2.62042
2.62145
2.62293
2.62389
2.6241
2.6239
2.62356
2.62345
2.6236
2.62411
2.62478
2.62556
2.6262
2.62665
2.62681
2.62676
2.62586
2.62326
2.68095
2.68366
2.68423
2.68404
2.68399
2.68377
2.68325
2.68259
2.682
2.68171
2.68182
2.68253
2.68376
2.68563
2.68789
2.69037
2.69255
2.69337
2.69165
2.68793
2.73962
2.74265
2.74432
2.74452
2.74389
2.74284
2.7416
2.74042
2.73948
2.73897
2.7389
2.73941
2.74042
2.74196
2.74381
2.74575
2.74734
2.74761
2.74625
2.74381
2.7921
2.79521
2.79727
2.79816
2.79816
2.79754
2.79669
2.79585
2.7952
2.79489
2.795
2.79549
2.79611
2.79651
2.79625
2.79504
2.7931
2.79132
2.79137
2.7922
2.84165
2.8421
2.84253
2.84454
2.8471
2.84926
2.85059
2.85111
2.85114
2.85118
2.85143
2.85193
2.85248
2.85258
2.85176
2.84986
2.84728
2.84546
2.84523
2.84477
2.90021
2.90227
2.90335
2.90466
2.90639
2.90786
2.90864
2.90876
2.90851
2.90827
2.90819
2.90838
2.90864
2.90892
2.90898
2.9088
2.90845
2.90789
2.90579
2.90113
2.9623
2.96728
2.96989
2.96994
2.96917
2.96819
2.96729
2.96653
2.96588
2.96535
2.96492
2.96462
2.96433
2.96398
2.96345
2.96286
2.96225
2.96125
2.95896
2.95463
3.02017
3.02296
3.0249
3.02598
3.02623
3.02596
3.02534
3.02456
3.02381
3.0232
3.02284
3.02265
3.02243
3.02188
3.02074
3.01897
3.01686
3.01472
3.01309
3.01109
3.07761
3.07995
3.08157
3.08289
3.08371
3.08396
3.08367
3.08309
3.08245
3.08203
3.08199
3.08227
3.08287
3.08354
3.08411
3.08448
3.08435
3.08338
3.08124
3.07752
3.13506
3.13698
3.13779
3.13921
3.14062
3.14152
3.14178
3.14164
3.14127
3.14102
3.14102
3.14152
3.14239
3.14384
3.14589
3.14846
3.1508
3.15141
3.14892
3.14337
3.19466
3.19815
3.19966
3.20102
3.20192
3.20202
3.20149
3.20073
3.2
3.19956
3.19951
3.19996
3.20084
3.202
3.20316
3.20398
3.20377
3.20248
3.20122
3.19927
3.25214
3.25752
3.26003
3.26056
3.26019
3.25942
3.25861
3.25789
3.2573
3.25698
3.257
3.25745
3.25809
3.25875
3.25903
3.25843
3.25686
3.25521
3.25468
3.25343
3.30736
3.30941
3.31007
3.31145
3.31308
3.31451
3.31542
3.31579
3.31574
3.31567
3.31574
3.31606
3.31651
3.31681
3.3166
3.31569
3.31411
3.31286
3.31214
3.3093
3.37222
3.376
3.3771
3.3776
3.37802
3.37807
3.37771
3.37715
3.37662
3.37629
3.37631
3.37675
3.37733
3.37787
3.3779
3.37712
3.37572
3.37445
3.37319
3.36937
3.43965
3.44667
3.44936
3.44852
3.446
3.44309
3.44061
3.43879
3.43773
3.43722
3.43725
3.4377
3.43865
3.43983
3.44095
3.44189
3.44244
3.4424
3.44035
3.43454
3.49926
3.50432
3.5068
3.50756
3.50639
3.50413
3.50172
3.49965
3.49825
3.49756
3.49754
3.49819
3.49938
3.50111
3.5031
3.505
3.50646
3.50675
3.50443
3.49804
3.5545
3.55952
3.56217
3.56389
3.56413
3.56302
3.56127
3.55953
3.55825
3.55762
3.55774
3.55845
3.55983
3.56156
3.56336
3.56487
3.56547
3.56468
3.56246
3.55741
3.60931
3.61407
3.61593
3.61806
3.61967
3.62016
3.61973
3.61895
3.61823
3.61793
3.61818
3.61915
3.62062
3.62243
3.62417
3.62522
3.62524
3.62398
3.62162
3.61619
3.67138
3.67826
3.68072
3.6825
3.68347
3.68331
3.68225
3.68103
3.68009
3.67973
3.68
3.68094
3.68248
3.68423
3.68572
3.68634
3.68556
3.68365
3.68122
3.67533
3.73718
3.74749
3.75193
3.7527
3.75133
3.74881
3.74609
3.74384
3.74233
3.74172
3.74194
3.74304
3.74468
3.74677
3.74873
3.74979
3.7495
3.74771
3.74434
3.7364
3.79698
3.80522
3.80958
3.81219
3.81248
3.811
3.80855
3.80612
3.8042
3.80322
3.80301
3.80353
3.80471
3.8063
3.80792
3.80916
3.80952
3.80818
3.80394
3.79411
3.85311
3.86077
3.86477
3.86814
3.87005
3.87009
3.86873
3.86684
3.86517
3.86413
3.86383
3.86422
3.86484
3.86531
3.86505
3.86347
3.86065
3.85718
3.85432
3.84795
3.90961
3.91568
3.91739
3.9204
3.92371
3.926
3.9269
3.9268
3.92638
3.9261
3.92634
3.92691
3.92789
3.92859
3.92856
3.92737
3.92488
3.92206
3.91948
3.91212
3.97693
3.98349
3.98408
3.98552
3.98788
3.98975
3.9906
3.99062
3.9903
3.99011
3.99032
3.9911
3.99225
3.99378
3.99545
3.99682
3.99746
3.99678
3.99334
3.98259
4.05194
4.06211
4.06434
4.0637
4.06245
4.0608
4.05907
4.05741
4.05606
4.05512
4.05474
4.05478
4.05534
4.05611
4.05709
4.0581
4.05868
4.05823
4.05582
4.04674
4.12021
4.12861
4.13002
4.12887
4.12704
4.1251
4.12331
4.12166
4.12031
4.11928
4.11875
4.11858
4.11854
4.11828
4.11755
4.11609
4.11429
4.11314
4.11312
4.10824
4.18538
4.18932
4.18765
4.18654
4.18645
4.1868
4.18691
4.18661
4.18607
4.18554
4.1853
4.18522
4.18541
4.18547
4.18527
4.1848
4.1843
4.18504
4.18625
4.18123
4.25893
4.26341
4.26104
4.25856
4.25737
4.25677
4.25628
4.25574
4.25511
4.25464
4.25451
4.25498
4.25586
4.25751
4.25994
4.26328
4.26728
4.27152
4.27271
4.26485
4.33587
4.34444
4.34399
4.33987
4.33548
4.33154
4.32864
4.3267
4.32545
4.32478
4.32473
4.32546
4.32718
4.33011
4.33443
4.34014
4.34637
4.352
4.3537
4.3461
4.40554
4.41432
4.41422
4.41012
4.40526
4.40074
4.3975
4.39549
4.3944
4.39403
4.39439
4.39578
4.39817
4.40197
4.40702
4.41293
4.41855
4.42313
4.42463
4.41829
4.47348
4.48083
4.48048
4.47745
4.4739
4.47028
4.46735
4.46545
4.46439
4.46418
4.46475
4.46635
4.4691
4.47308
4.47799
4.48305
4.48692
4.48937
4.48864
4.48075
4.54599
4.55684
4.55968
4.55738
4.55293
4.5472
4.542
4.53827
4.5361
4.53524
4.53549
4.53693
4.5394
4.54285
4.54652
4.54926
4.54979
4.54877
4.54516
4.53543
4.61182
4.62685
4.63438
4.63419
4.62972
4.62267
4.61588
4.61079
4.60776
4.60647
4.60661
4.60796
4.61034
4.61332
4.61613
4.61746
4.61606
4.61273
4.60541
4.59167
4.66308
4.67719
4.68747
4.69328
4.69487
4.69202
4.68727
4.68275
4.67954
4.67799
4.67787
4.67906
4.68119
4.68386
4.6863
4.6873
4.68561
4.68123
4.67021
4.65215
4.71259
4.72851
4.74204
4.75213
4.75903
4.76053
4.75829
4.75484
4.75188
4.75024
4.75001
4.75103
4.75288
4.7548
4.75604
4.75517
4.75104
4.74407
4.73157
4.71483
4.77176
4.78833
4.80249
4.81296
4.82214
4.82697
4.82779
4.82644
4.82468
4.82358
4.82358
4.82457
4.82627
4.82776
4.8283
4.82658
4.82176
4.81467
4.80178
4.78594
4.85275
4.86544
4.87592
4.88297
4.89141
4.89772
4.90074
4.90117
4.90042
4.89969
4.89965
4.9004
4.90158
4.9024
4.90215
4.89958
4.89461
4.8889
4.87827
4.86618
4.96006
4.96895
4.97477
4.97388
4.97555
4.97797
4.97954
4.97979
4.97924
4.97852
4.97827
4.9785
4.97922
4.97965
4.97934
4.97781
4.97541
4.97456
4.9684
4.96122
5.07986
5.08349
5.0851
5.07555
5.06854
5.06435
5.06222
5.061
5.06011
5.05943
5.0592
5.05963
5.06058
5.06207
5.06406
5.06659
5.07043
5.07729
5.07493
5.0715
5.19359
5.19158
5.19226
5.17773
5.16512
5.15546
5.149
5.14523
5.14324
5.14232
5.14229
5.14326
5.14557
5.14957
5.15536
5.16343
5.17385
5.18689
5.18503
5.18533
5.28621
5.28402
5.29203
5.27681
5.2618
5.24843
5.23791
5.23093
5.22713
5.22561
5.22572
5.22771
5.23163
5.23852
5.24842
5.26111
5.27612
5.29173
5.28341
5.28417
5.34687
5.34494
5.36818
5.3586
5.34753
5.33574
5.32463
5.31617
5.31122
5.30916
5.30935
5.31173
5.31679
5.32503
5.33587
5.34812
5.36043
5.37098
5.34789
5.34971
5.39138
5.38119
5.423
5.42138
5.41881
5.41391
5.40643
5.39908
5.39419
5.39198
5.3921
5.39468
5.39953
5.40663
5.4141
5.41942
5.42335
5.42565
5.38404
5.39512
5.46803
5.43448
5.4929
5.48842
5.48654
5.48642
5.48305
5.47759
5.47321
5.47105
5.47116
5.4733
5.47757
5.48253
5.48586
5.48623
5.48838
5.49262
5.43466
5.46995
5.6219
5.53425
5.60736
5.58465
5.56718
5.56142
5.55727
5.55171
5.54682
5.54425
5.54424
5.54699
5.5516
5.55697
5.56144
5.5671
5.58343
5.60524
5.53341
5.62249
5.85038
5.65945
5.75541
5.7113
5.6686
5.64817
5.63725
5.62857
5.62184
5.61831
5.61821
5.62165
5.62801
5.63653
5.64765
5.66878
5.71193
5.7568
5.66089
5.84963
6.08364
5.71998
5.86911
5.82373
5.76426
5.73239
5.71676
5.70638
5.69868
5.69465
5.69434
5.69837
5.70544
5.71592
5.732
5.76426
5.82419
5.86908
5.71827
6.07962
6.27521
5.63565
5.88894
5.88121
5.82283
5.78743
5.77097
5.7612
5.75403
5.75013
5.75012
5.75404
5.76122
5.77161
5.7884
5.82362
5.88131
5.88758
5.63367
6.27407
6.62933
5.52783
5.90352
5.94076
5.8712
5.82123
5.79745
5.78441
5.77573
5.77112
5.77125
5.7762
5.78476
5.79907
5.82187
5.87214
5.9394
5.90246
5.52857
6.63288
7.68339
5.54992
5.86941
5.96756
5.90646
5.85179
5.82681
5.81456
5.80723
5.80311
5.80342
5.80686
5.81395
5.82674
5.85113
5.90609
5.96737
5.87003
5.55112
7.68278
9.63813
5.22559
5.32346
5.7119
5.80404
5.80354
5.80086
5.80018
5.79883
5.79762
5.79764
5.79881
5.80016
5.8009
5.80352
5.80404
5.71189
5.32352
5.22573
9.63821
)
;

boundaryField
{
    fixedWalls_1
    {
        type            zeroGradient;
    }
    frontAndBack_1
    {
        type            empty;
    }
    inlet_1
    {
        type            zeroGradient;
    }
    outlet_1
    {
        type            fixedValue;
        value           uniform 0;
    }
    fixedWalls_2
    {
        type            zeroGradient;
    }
    frontAndBack_2
    {
        type            empty;
    }
    inlet_2
    {
        type            zeroGradient;
    }
    outlet_2
    {
        type            fixedValue;
        value           uniform 0;
    }
    fixedWalls_3
    {
        type            zeroGradient;
    }
    frontAndBack_3
    {
        type            empty;
    }
    inlet_3
    {
        type            zeroGradient;
    }
    outlet_3
    {
        type            fixedValue;
        value           uniform 0;
    }
    fixedWalls_4
    {
        type            zeroGradient;
    }
    frontAndBack_4
    {
        type            empty;
    }
    inlet_4
    {
        type            zeroGradient;
    }
    outlet_4
    {
        type            fixedValue;
        value           uniform 0;
    }
    fixedWalls_5
    {
        type            zeroGradient;
    }
    frontAndBack_5
    {
        type            empty;
    }
    inlet_5
    {
        type            zeroGradient;
    }
    outlet_5
    {
        type            fixedValue;
        value           uniform 0;
    }
}


// ************************************************************************* //
