/*--------------------------------*- C++ -*----------------------------------*\
  =========                 |
  \\      /  F ield         | OpenFOAM: The Open Source CFD Toolbox
   \\    /   O peration     | Website:  https://openfoam.org
    \\  /    A nd           | Version:  6
     \\/     M anipulation  |
\*---------------------------------------------------------------------------*/
FoamFile
{
    version     2.0;
    format      ascii;
    class       volScalarField;
    location    "23";
    object      epsilon;
}
// * * * * * * * * * * * * * * * * * * * * * * * * * * * * * * * * * * * * * //

dimensions      [0 2 -3 0 0 0 0];

internalField   nonuniform List<scalar> 
10000
(
264.495
358.039
230.705
146.877
95.4469
65.6811
48.9394
39.6672
34.8052
32.7931
33.0041
35.4368
40.7321
50.4537
67.4262
96.904
147.3
228.958
353.902
264.37
263.825
357.438
229.866
145.797
94.4535
65.0446
48.5975
39.5914
34.7735
32.7372
32.9347
35.3199
40.5995
50.3421
67.2483
96.6121
147.114
228.749
353.157
263.899
264.241
357.8
230.229
146.101
94.8122
65.3826
48.8518
39.5246
34.7165
32.7897
32.9928
35.3762
40.4624
50.2532
67.1104
95.7433
146.996
228.594
353.595
263.634
264.273
357.544
230.031
145.851
95.0214
65.6577
49.108
39.7315
34.8505
32.8111
32.9966
35.3893
40.4492
49.9723
67.0146
96.5816
146.859
227.533
353.439
263.269
263.798
357.724
230.301
145.877
94.0181
65.1142
49.0677
39.6038
34.846
32.792
32.9817
35.3964
40.4888
50.2491
66.4538
95.7172
146.692
228.341
353.484
263.248
263.837
357.618
231.072
146.474
95.1421
65.8146
49.1529
39.8137
34.8765
32.8556
32.9215
35.4058
40.5115
50.3502
67.1417
96.4735
146.377
227.022
353.465
263.463
263.842
356.912
230.974
147.493
96.0732
65.4395
49.1114
39.8139
34.9283
32.8892
32.9931
35.4375
40.6679
50.3665
67.1502
95.7436
145.538
228.327
353.565
263.275
263.921
357.329
230.721
147.207
95.9277
65.9576
48.9641
39.6305
34.8975
32.9048
33.0556
35.4179
40.6493
50.3671
67.5046
97.0359
146.636
227.655
353.513
263.723
263.913
356.756
229.445
145.924
95.6651
65.5174
49.2292
39.7795
34.8599
32.9149
33.0307
35.4578
40.4394
50.2714
67.4169
96.9885
145.713
229.084
353.537
263.929
263.648
357.482
230.877
146.939
95.026
65.9861
49.2284
39.8941
34.9693
32.9466
33.1292
35.5189
40.6733
49.9921
66.9567
97.0903
146.449
229.057
353.122
264.367
264.378
357.174
230.744
146.013
95.1689
65.6046
48.9304
39.7481
34.8987
32.9255
33.1473
35.5501
40.8425
50.5313
67.6269
97.2282
147.219
228.934
353.854
264.67
264.682
357.632
230.619
147.05
95.5481
66.1224
49.3192
39.9858
34.9909
32.9581
33.1469
35.5235
40.8001
50.4706
67.5316
97.0848
147.014
228.61
353.664
264.839
264.61
357.001
229.681
145.888
96.0889
65.8147
49.1286
39.9066
35.0309
33.0322
33.1539
35.4969
40.7408
50.3973
67.3638
96.9837
146.03
227.201
354.227
264.953
264.275
357.428
230.053
146.234
96.1285
66.6011
49.6208
40.2284
35.1321
33.0408
33.1362
35.388
40.5362
50.0513
66.726
96.8808
147.125
228.372
354.281
264.839
265.172
357.358
229.919
146.369
95.534
66.4876
49.3743
40.2006
35.1965
33.0438
33.1046
35.4884
40.7119
50.3564
67.2597
96.7464
146.938
228.933
354.197
264.699
264.883
357.346
230.323
147.303
96.5081
66.2265
49.6277
40.201
35.17
33.0076
33.1469
35.472
40.664
50.2508
67.1184
95.8713
145.651
227.799
354.002
264.79
265.47
357.315
231.062
146.26
96.3647
66.5913
49.6204
40.1455
35.0714
32.9907
33.1322
35.4227
40.4465
49.8715
66.6852
96.368
146.444
228.196
354.056
264.723
265.501
357.261
230.957
147.361
95.6977
66.053
49.4681
39.9724
35.1252
32.9914
33.1178
35.3673
40.5475
50.0586
67.025
96.7915
147.227
228.432
354.728
264.539
265.692
356.819
229.885
146.261
96.4241
66.3409
49.2356
39.992
35.1227
33.0249
33.1234
35.3864
40.3405
49.7983
66.4437
96.4658
147.082
229.13
354.899
264.884
265.348
357.025
230.721
146.935
96.4413
65.8678
49.211
40.0414
35.0586
33.0157
33.0768
35.3848
40.4682
49.8514
66.8672
95.5848
146.635
227.953
354.956
265.057
265.425
356.347
230.363
147.326
96.3161
65.93
49.1946
40.0184
35.0932
33.0058
33.1035
35.4335
40.5871
50.0571
66.5582
95.8609
146.355
228.894
355.051
264.873
265.321
356.838
229.896
146.964
96.1419
65.9547
49.1419
39.8707
35.0504
32.974
33.0725
35.3163
40.3599
49.7434
66.9535
96.2028
145.032
227.732
354.936
264.808
265.103
356.103
228.296
145.566
95.8551
66.214
49.1738
39.8727
34.9715
32.8956
32.9989
35.3402
40.4077
49.831
66.8774
96.1389
145.435
228
354.936
264.521
264.553
356.667
229.13
145.808
95.6535
66.0511
49.2976
39.9263
34.9978
32.8971
32.9785
35.2447
40.4374
49.9303
66.6996
95.909
145.884
227.974
354.827
264.418
265.154
356.166
229.476
145.648
94.8603
65.7965
49.2147
39.7315
34.9553
32.8654
32.9441
35.242
40.3524
49.8112
66.5
95.5885
144.754
228.437
354.734
264.309
265.245
356.077
228.425
146.001
95.3176
65.3142
49.1129
39.8202
34.9323
32.7928
32.8786
35.1794
40.2211
49.3907
65.7999
94.6868
145.494
228.136
354.15
264.198
264.714
355.845
228.698
145.653
95.0511
65.6503
49.0595
39.82
34.9045
32.7852
32.8233
35.0473
40.1379
49.4116
65.9164
94.8015
145.047
226.999
354.657
263.928
264.605
355.752
227.27
144.181
93.9402
64.9594
48.6414
39.5998
34.7915
32.7437
32.7754
34.9463
39.9048
49.3763
65.953
94.8916
143.93
226.917
354.258
263.541
264.308
355.922
227.761
144.25
94.1096
65.0521
48.6665
39.6371
34.8053
32.7238
32.727
34.8691
39.7664
49.2052
65.7031
94.6241
144.499
226.74
354.597
263.208
264.115
355.701
226.96
143.876
94.2365
65.1178
48.5734
39.6503
34.8034
32.6799
32.7027
34.8318
39.6718
48.8048
64.9689
93.5578
143.242
226.79
354.384
262.787
263.909
355.102
227.318
143.967
93.9608
64.8856
48.5071
39.6089
34.7833
32.6838
32.7009
34.8045
39.6447
48.7946
64.9016
93.4653
143.066
226.315
353.545
262.328
263.225
354.781
226.753
142.646
92.8841
64.1939
48.5242
39.5576
34.7463
32.6408
32.6707
34.8049
39.6862
48.8295
64.7017
93.1333
142.58
225.161
353.611
261.982
262.778
354.416
225.546
143.058
92.9969
64.2999
48.4772
39.5109
34.67
32.62
32.6672
34.82
39.5921
48.7566
64.7505
93.1645
142.608
225.472
353.827
261.308
262.449
353.833
225.374
142.529
92.9714
64.4499
48.3988
39.4547
34.6914
32.5999
32.6364
34.7844
39.612
48.6258
64.525
92.1601
141.967
224.888
353.447
260.879
262.146
353.624
224.108
141.838
92.5589
63.8321
48.0424
39.3545
34.5801
32.5285
32.5557
34.6614
39.4924
48.4754
64.3306
92.4189
141.083
223.318
353.668
260.41
261.848
353.423
223.667
141.18
91.5841
63.9723
48.1684
39.2254
34.5104
32.4822
32.516
34.6028
39.3528
48.0811
63.9841
92.0143
140.364
223.961
353.606
260.046
261.337
353.041
222.814
139.718
91.1403
63.4249
47.8258
39.0831
34.46
32.4441
32.4714
34.5281
39.2514
47.9628
63.6883
91.102
140.059
223.538
353.465
260.004
261.092
352.681
222.16
139.105
90.5737
63.3346
47.8017
39.0846
34.4485
32.4109
32.4258
34.4388
39.0337
47.6846
63.1076
90.9612
138.743
222.901
353.183
259.786
260.489
352.298
221.333
138.051
90.1015
62.7818
47.6236
38.9297
34.3632
32.3727
32.3779
34.373
38.9274
47.4665
62.9561
90.5632
138.356
221.529
352.894
259.589
259.901
351.838
220.632
137.399
89.4772
62.5576
47.3503
38.8541
34.3362
32.3438
32.3382
34.3208
38.8308
47.2481
62.5992
89.579
137.695
221.034
352.522
259.007
259.231
351.55
219.897
136.665
89.2865
62.3362
47.3019
38.8248
34.288
32.2965
32.2826
34.2494
38.7309
47.0651
62.1244
89.0743
137.085
220.015
352.099
258.475
258.645
351.053
219.065
136.007
88.7414
61.8909
47.1443
38.7111
34.2458
32.2817
32.2604
34.1912
38.6334
46.9054
61.7822
88.5267
136.577
219.228
351.706
258.017
258.379
350.101
218.188
135.433
88.3322
61.6335
46.864
38.6491
34.2419
32.2734
32.2355
34.1378
38.5156
46.734
61.5342
88.2334
135.905
218.613
350.793
257.674
258.046
349.703
217.268
134.801
87.8027
61.3044
46.701
38.6245
34.2481
32.2818
32.2207
34.0994
38.4321
46.5499
61.1703
87.6782
135.313
217.93
350.499
257.091
257.766
349.148
216.423
134.119
87.2312
60.9858
46.5093
38.5529
34.2204
32.2665
32.193
34.0367
38.3081
46.3286
60.8552
87.2997
134.625
217.17
350.347
256.738
257.223
348.498
215.36
133.217
86.3849
60.5813
46.2829
38.4077
34.1484
32.247
32.1731
33.9851
38.2013
46.1197
60.4595
86.5507
133.351
216.117
349.931
256.338
256.638
347.984
214.188
132.152
85.7861
60.2162
46.125
38.3193
34.1161
32.2356
32.1564
33.9277
38.078
45.8746
60.0066
85.702
132.487
214.966
348.912
255.784
255.887
347.261
213.134
131.152
85.0547
59.8038
45.9288
38.2458
34.0783
32.2083
32.1345
33.8763
37.969
45.6699
59.6439
85.0737
131.422
213.79
348.614
255.487
255.01
346.499
212.025
130.064
84.2871
59.3959
45.7596
38.1752
34.0578
32.2106
32.1385
33.8341
37.8535
45.4247
59.1686
84.235
130.284
212.685
347.472
255.159
254.548
345.711
210.864
128.96
83.5676
59.0242
45.5764
38.0949
34.0197
32.1979
32.1285
33.8018
37.7417
45.1776
58.6594
83.4011
129.08
211.429
346.811
254.874
253.998
344.95
209.735
127.993
82.9234
58.652
45.3889
37.9786
33.9696
32.1595
32.0958
33.7887
37.6524
44.97
58.2785
82.7446
128.132
210.3
346.12
254.524
253.489
344.2
208.464
126.794
82.1092
58.2019
45.1615
37.8837
33.9254
32.1365
32.0707
33.7275
37.5528
44.7391
57.7943
81.8919
126.948
209.002
345.437
254.13
253.059
343.454
207.315
125.791
81.4396
57.8129
44.9479
37.7746
33.8708
32.1
32.0313
33.6781
37.4578
44.554
57.4536
81.2607
125.842
207.611
344.341
253.62
252.641
342.653
206.095
124.759
80.7982
57.4314
44.7434
37.6669
33.7989
32.0476
31.9845
33.5987
37.3311
44.3098
56.9938
80.4772
124.702
206.315
343.378
253.042
252.031
341.806
204.814
123.652
80.0386
56.9704
44.487
37.5361
33.7286
32.0022
31.9356
33.5299
37.2079
44.0871
56.5932
79.7984
123.582
205.017
342.523
252.486
251.537
340.956
203.485
122.545
79.3144
56.5372
44.2435
37.3999
33.6477
31.9365
31.8645
33.4361
37.0679
43.8432
56.1574
79.04
122.433
203.654
341.528
252.034
250.922
339.9
202.031
121.338
78.5236
56.085
43.9865
37.2441
33.5465
31.863
31.7972
33.3483
36.9261
43.593
55.6926
78.2245
121.167
202.167
340.587
251.398
250.489
338.863
200.534
120.134
77.7868
55.6289
43.7023
37.0706
33.438
31.7821
31.7132
33.2406
36.7678
43.3293
55.2329
77.4336
119.927
200.601
339.534
250.599
249.95
337.917
198.933
118.798
76.9316
55.1275
43.4009
36.8846
33.3144
31.6927
31.6337
33.1426
36.6144
43.0637
54.7589
76.5995
118.588
198.968
338.449
250.002
249.334
336.907
197.35
117.469
76.0803
54.6097
43.0904
36.6894
33.1833
31.5911
31.5362
33.0237
36.4389
42.7778
54.2632
75.7269
117.218
197.235
337.209
249.291
248.699
335.756
195.534
116.017
75.1338
54.0556
42.7529
36.4756
33.0387
31.4769
31.4273
32.8948
36.2536
42.4768
53.7571
74.8616
115.798
195.459
335.993
248.452
247.753
334.63
193.73
114.547
74.1878
53.4906
42.4176
36.2555
32.8813
31.351
31.3061
32.7507
36.0471
42.1455
53.2013
73.9104
114.257
193.514
334.56
247.293
246.822
333.285
191.839
113.005
73.2178
52.9142
42.0571
36.0205
32.7106
31.2087
31.1684
32.5924
35.8361
41.8211
52.644
72.9496
112.731
191.536
333.062
246.326
245.688
331.993
189.844
111.35
72.1748
52.3144
41.6781
35.7555
32.5184
31.0531
31.0173
32.4153
35.5913
41.4508
52.0528
71.9351
111.069
189.374
331.387
244.816
244.281
330.535
187.616
109.552
71.0702
51.6681
41.2865
35.4875
32.3149
30.8812
30.8499
32.2249
35.3376
41.0699
51.4339
70.871
109.323
187.067
329.714
243.553
242.904
329.019
185.262
107.682
69.9013
50.9759
40.8384
35.1837
32.0896
30.6898
30.6633
32.0151
35.0685
40.6803
50.7963
69.7543
107.467
184.614
327.791
241.891
241.07
327.098
182.537
105.62
68.6192
50.2039
40.3543
34.8549
31.8369
30.472
30.4511
31.7781
34.7668
40.2426
50.0887
68.5597
105.491
182.002
325.811
240.505
238.918
324.812
179.635
103.505
67.334
49.4256
39.8578
34.4977
31.5511
30.2225
30.2079
31.511
34.4351
39.7828
49.3736
67.3108
103.35
179.077
323.382
238.339
236.468
322.036
176.366
101.188
65.9513
48.5812
39.3077
34.0993
31.2309
29.9376
29.9276
31.205
34.062
39.262
48.551
65.9393
101.085
175.936
320.796
236.357
233.607
318.733
172.74
98.7534
64.5242
47.7062
38.7266
33.671
30.8795
29.6161
29.6056
30.854
33.6393
38.6876
47.6641
64.4697
98.6409
172.326
317.429
233.596
230.226
314.736
168.536
96.0325
62.9428
46.7517
38.0914
33.1927
30.4705
29.2423
29.2367
30.4554
33.1639
38.0508
46.7141
62.9303
96.0211
168.356
313.586
230.716
226.314
309.926
163.863
93.0876
61.2538
45.7129
37.3794
32.6494
30.0125
28.8141
28.8059
29.9929
32.6276
37.3643
45.7057
61.26
93.1389
163.739
308.579
226.643
221.659
303.989
158.646
89.8631
59.3859
44.5719
36.6052
32.054
29.4966
28.3326
28.3262
29.4793
32.031
36.6006
44.6032
59.4608
89.9912
158.586
302.751
222.18
216.484
296.947
152.984
86.5002
57.4663
43.3743
35.7549
31.3767
28.9142
27.7876
27.7802
28.8975
31.3649
35.7609
43.4129
57.5415
86.5892
152.858
295.646
216.79
210.786
288.711
146.857
82.9673
55.4656
42.1241
34.859
30.6528
28.2736
27.1865
27.1833
28.2665
30.6467
34.8585
42.1407
55.5255
83.0502
146.708
287.364
210.908
204.768
279.375
140.461
79.3945
53.4208
40.796
33.8825
29.8529
27.5641
26.5142
26.5121
27.5626
29.8639
33.9162
40.8623
53.5018
79.44
140.207
277.949
204.628
198.736
269.048
133.836
75.8181
51.3858
39.4631
32.8728
29.0046
26.7965
25.7857
25.7903
26.8114
29.0336
32.9188
39.525
51.4494
75.8197
133.512
267.651
198.394
192.934
257.984
127.187
72.3306
49.3588
38.0881
31.8067
28.0959
25.9717
24.9993
25.0092
26.0022
28.1538
31.896
38.207
49.4733
72.3312
126.825
256.654
192.388
188.053
246.513
120.656
68.98
47.4319
36.7582
30.741
27.1644
25.1141
24.1783
24.1943
25.1626
27.2492
30.86
36.9016
47.5681
69.0196
120.374
245.458
187.64
183.957
234.74
114.338
65.8265
45.56
35.4145
29.6518
26.2125
24.2357
23.3334
23.3532
24.2962
26.3201
29.8105
35.6177
45.7754
65.974
114.226
234.046
183.72
181.872
223.133
108.399
62.931
43.8317
34.1535
28.6065
25.2808
23.3662
22.4926
22.5142
23.4325
25.3992
28.7841
34.3909
44.1062
63.1729
108.497
223.008
182.135
180.355
211.805
102.872
60.2907
42.2333
32.9593
27.603
24.3817
22.5261
21.679
21.6994
22.589
24.4948
27.7769
33.2026
42.5385
60.6083
103.134
212.099
181.37
180.325
201.031
97.8278
57.903
40.7698
31.8539
26.6673
23.5397
21.7378
20.9162
20.9337
21.7934
23.6401
26.8226
32.0749
41.0599
58.2346
98.1538
201.452
180.059
179.179
190.902
93.2582
55.7718
39.4539
30.8514
25.8144
22.7694
21.0135
20.2113
20.2248
21.0565
22.8471
25.9364
31.0286
39.6938
56.0544
93.5583
191.394
180.402
180.976
181.605
89.0604
53.879
38.2981
29.9627
25.0506
22.076
20.3601
19.5747
19.5837
20.3893
22.1291
25.1352
30.088
38.4728
54.0924
89.2693
181.826
180.686
184.415
172.892
85.1392
52.2258
37.2831
29.1674
24.3606
21.4481
19.7686
18.999
19.0041
19.7856
21.4787
24.4097
29.2406
37.3885
52.3699
85.3245
173.162
184.445
188.063
164.796
81.838
50.8481
36.3898
28.4418
23.7241
20.8698
19.2266
18.4737
18.4764
19.2356
20.8863
23.7515
28.4832
36.4484
50.921
81.9019
164.859
187.885
194.282
157.503
79.1044
49.6778
35.5715
27.7535
23.1174
20.3223
18.7186
17.9849
17.986
18.7224
20.3291
23.1279
27.7694
35.5949
49.7157
79.1597
157.597
194.386
202.703
151.14
77.1496
48.671
34.7722
27.0598
22.5099
19.7842
18.2285
17.5187
17.5192
18.2302
19.7882
22.517
27.0726
34.7914
48.6943
77.1556
151.066
202.524
213.803
146.022
75.5516
47.6999
33.9398
26.3318
21.8826
19.2414
17.7449
17.0653
17.0654
17.7452
19.2427
21.8854
26.3384
33.9521
47.723
75.596
146.04
213.804
227.772
142.202
74.3009
46.691
33.0115
25.5301
21.2132
18.6818
17.2616
16.6206
16.6207
17.2616
18.6826
21.2153
25.5365
33.0261
46.719
74.3462
142.217
227.775
244.861
139.803
73.2275
45.5482
31.9431
24.6339
20.4924
18.1027
16.7793
16.1869
16.1868
16.7788
18.1022
20.4915
24.6329
31.9423
45.5474
73.2296
139.767
244.805
265.412
138.78
72.0711
44.1036
30.6523
23.6085
19.7096
17.5055
16.3052
15.7741
15.774
16.3049
17.5053
19.7102
23.6109
30.6603
44.1224
72.1036
138.793
265.586
288.738
138.409
70.4968
42.248
29.1069
22.4492
18.8713
16.9019
15.8537
15.3971
15.3969
15.8531
16.9007
18.8696
22.4467
29.1041
42.2453
70.4937
138.397
288.523
315.023
138.418
68.2178
39.8409
27.2574
21.1484
17.9878
16.309
15.4441
15.0752
15.0751
15.4439
16.3085
17.9873
21.1486
27.2607
39.852
68.2408
138.397
315.142
343.186
137.996
64.7616
36.7442
25.0883
19.7286
17.0901
15.7564
15.1036
14.836
14.836
15.1034
15.7559
17.0889
19.7269
25.0872
36.746
64.7747
138.027
343.103
372.955
135.607
59.4793
32.7885
22.6015
18.2362
16.2271
15.2797
14.8604
14.7116
14.7115
14.8603
15.2795
16.2264
18.2357
22.6019
32.7911
59.4868
135.613
372.873
402.326
127.855
51.1976
27.8256
19.8644
16.7643
15.4754
14.9582
14.7554
14.6777
14.6777
14.7555
14.9583
15.4756
16.7651
19.8648
27.8275
51.2053
127.895
402.414
432.74
107.392
38.6336
21.9374
17.0637
15.4926
14.9843
14.8103
14.7305
14.7009
14.701
14.7311
14.8116
14.9861
15.4936
17.0632
21.9349
38.6231
107.348
432.632
466.409
57.3864
21.6797
16.2889
15.234
14.9475
14.8449
14.8046
14.7968
14.7964
14.7964
14.7968
14.8048
14.8454
14.9485
15.2352
16.2893
21.6818
57.3957
466.443
749.736
1099.66
721.656
437.048
256.039
152.467
97.4149
69.785
56.2175
50.5455
50.4931
56.1995
69.7698
96.4462
149.013
250.056
428.279
710.352
1091.04
732.839
747.446
1096.93
718.156
433.865
253.778
151.073
95.7411
68.4797
55.4044
49.8943
49.7969
55.4226
69.3881
95.6257
147.491
244.612
420.783
707.598
1089.67
730.736
743.522
1091.43
709.304
426.197
248.021
147.537
96.0156
68.9502
55.8411
50.2771
50.1751
55.9401
69.1428
93.5658
144.441
250.814
429.358
701.304
1088.06
727.118
749.697
1097.32
718.895
437.21
253.922
150.705
97.3049
69.2351
56.1352
50.5247
50.383
55.762
68.9029
95.4699
147.716
249.81
428.487
710.446
1082.52
730.762
743.418
1088.63
707.884
434.923
248.527
147.195
96.9442
68.3688
55.9636
50.3824
50.2104
54.9574
67.5865
93.3384
145.992
244.353
421.671
703.897
1083.76
725.268
749.842
1091.32
713.384
433.785
252.834
149.581
96.9096
68.6083
55.7563
49.8081
49.7266
55.1808
68.1268
95.1784
142.648
249.414
429.493
713.755
1079.05
725.743
749.202
1090.49
716.321
431.206
251.181
145.919
96.4466
69.0989
55.2385
49.824
49.9253
55.4066
68.1651
94.5148
147.047
248.079
427.66
713.279
1084.95
725.925
748.036
1093.6
714.08
422.291
245.305
148.595
96.1204
68.1189
55.1981
49.6986
49.4982
54.835
68.7464
96.4946
149.577
242.187
422.378
711.916
1089
727.763
746.647
1098.99
705.64
427.823
249.282
145.978
95.6724
68.4377
55.302
49.8202
49.6243
55.4149
67.7181
95.9213
149.126
244.001
419.469
710.553
1083.17
722.535
743.002
1096.73
706.027
420.918
247.888
147.797
95.2017
68.776
55.6729
50.1544
49.6437
55.0435
68.7572
95.4
148.72
246.217
420.244
708.964
1088.37
729.974
741.049
1098.34
706.006
421.349
246.252
146.628
94.4737
68.4699
55.5357
50.1298
49.9502
55.5408
68.4631
93.234
147.692
240.841
417.659
706.805
1083.13
732.761
738.697
1096.59
710.063
419.352
240.571
142.799
92.942
68.0581
55.279
49.9839
49.4272
55.3911
68.3498
94.5903
147.425
246.356
420.995
700.145
1091.11
728.768
736.597
1094.04
703.059
418.231
244.759
144.701
93.8811
67.2884
55.0205
49.9245
49.862
54.8467
67.8886
93.8646
146.327
241.524
427.344
708.482
1090.86
732.443
731.149
1095.44
709.557
418.71
240.177
145.385
92.4956
67.9142
54.3946
49.4671
49.4135
55.2589
66.8836
92.8857
145.564
245.972
426.68
706.684
1090.22
728.544
732.659
1093.4
707.55
421.473
243.457
145.056
93.6896
67.4075
54.8895
49.884
49.556
55.2175
68.0815
90.6811
141.995
244.121
425.138
704.496
1088.75
735.719
728.304
1091.15
705.113
418.726
241.545
143.915
91.9865
67.9186
55.2583
49.8732
49.3495
54.8091
68.1159
92.8538
143.887
237.711
423.668
696.986
1084.31
735.48
733.014
1088.99
701.874
409.912
239.374
141.053
92.0246
67.8036
55.11
49.7638
49.4523
54.7074
67.9956
93.7989
141.359
241.486
422.348
707.459
1094.07
734.867
728.149
1080.57
693.824
412.915
234.708
142.589
91.7985
67.554
54.882
49.4022
49.7026
54.9628
67.617
93.3353
143.652
235.495
420.282
704.759
1093.38
728.584
733.772
1087.86
699.864
408.122
238.237
141.896
91.5159
67.3643
54.4283
49.6008
49.6131
54.7433
66.564
91.6036
141.182
241.199
418.049
695.465
1093.65
731.207
727.505
1089.58
692.217
406.359
233.143
138.581
91.2148
66.7112
54.8342
49.2437
49.1136
54.1705
67.2606
93.0219
142.716
239.233
415.757
701.973
1094.32
733.295
730.03
1083.47
692.155
409.738
233.215
138.661
91.6734
67.0798
54.7508
49.5079
49.3824
54.2723
66.2466
91.3208
139.476
237.117
407.645
693.369
1093.48
729.403
732.556
1087.93
691.025
402.309
230.897
137.626
91.2273
66.7922
54.5993
49.4055
49.2773
54.5744
66.6097
92.194
141.177
231.989
408.982
693.75
1092.75
735.258
731.069
1092.83
693.72
401.323
229.442
137.274
90.7311
66.3814
54.398
49.2544
48.7248
54.4538
66.8954
91.677
138.6
234.137
405.917
691.013
1091.57
733.904
724.652
1090.89
690.728
398.038
227.729
137.665
89.4038
65.3746
54.1567
49.1421
49.1196
54.2194
66.5983
90.3071
138.307
228.841
397.474
688.578
1089.8
733.666
724.397
1088.49
686.715
395.444
227.169
136.827
90.2111
65.8232
53.6825
48.6261
49.0681
54.133
66.3016
90.585
137.646
231.456
398.449
686.701
1083.91
732.181
722.163
1082.3
682.579
394.835
221.454
133.675
88.7696
66.0586
53.7756
48.7729
48.9731
53.5334
65.3865
89.1953
137.519
228.989
395.12
684.573
1089.72
731.697
717.215
1086.81
674.064
391.024
221.277
133.76
89.0373
65.8856
53.9691
48.9255
48.879
53.9336
65.9414
89.8522
136.338
223.663
393.316
684.688
1083.65
727.215
716.344
1084.45
671.6
385.913
219.821
133.534
87.7568
65.0318
53.7374
48.7825
48.7073
53.3374
65.0248
88.3204
133.742
223.158
391.864
688.438
1087.45
729.528
713.563
1081.76
669.846
381.547
219.721
131.329
88.2268
65.2499
53.486
48.5122
48.2588
53.4471
65.142
88.3531
133.119
221.061
389.635
686.042
1091.41
728.205
710.569
1074.53
661.134
381.863
215.427
131.838
87.0674
64.8962
53.3695
48.4864
48.4004
52.9386
64.5438
87.7277
131.123
219.576
387.926
682.87
1085.18
723.892
707.703
1076.93
663.1
377.824
216.413
129.71
86.5468
64.0916
53.0879
48.2843
48.2453
53.1128
64.5154
86.4807
130.212
218.118
386.815
679.861
1090.95
723.029
705.368
1079.03
663.921
378.078
211.939
128.647
85.9077
63.9391
52.8081
48.0245
47.9405
52.4807
63.7185
86.1133
129.326
218.213
388.062
671.346
1084.15
720.73
702.365
1077.19
660.482
375.006
210.041
127.218
85.1926
63.1706
52.5426
47.7888
47.4447
52.2618
63.3952
85.3608
128.031
214.564
385.144
671.229
1088.33
716.296
702.697
1074.51
651.684
367.831
207.274
125.692
84.4654
62.8826
51.9969
47.5133
47.2408
51.8644
62.8132
84.573
126.931
212.442
378.024
668.758
1093
716.218
701.476
1072.26
652.753
367.153
205.114
124.583
83.7035
62.4272
51.7163
47.1403
47.054
51.5006
62.3085
83.7218
125.445
209.751
377.661
670.152
1086.94
714.224
701.54
1064.73
648.731
363.515
202.999
123.377
83.0668
62.1211
51.4184
46.9242
46.8348
51.1647
61.7883
83.0411
124.209
206.879
373.566
666.54
1092.61
710.972
700.649
1065.16
644.502
359.483
200.033
122.082
82.3409
61.7998
51.0984
46.6405
46.5215
50.8566
61.3384
82.4838
122.855
203.249
364.93
656.15
1086.39
708.932
698.965
1064.22
639.794
355.269
198.077
120.834
81.6296
61.3511
50.7883
46.2916
46.1361
50.6035
60.8982
81.6576
121.558
200.963
361.665
654.219
1086.24
703.671
697.676
1065.55
632.876
348.393
195.392
119.45
80.838
60.8252
50.2806
45.8701
45.8793
50.2459
60.3346
80.6825
120.356
198.877
356.52
644.996
1084.31
701.732
693.486
1062.66
624.28
344.51
193.593
118.365
80.0696
60.2145
49.937
45.5947
45.5813
49.8145
59.8661
80.011
118.975
196.459
353.339
641.474
1083.01
697.653
691.628
1058.54
618.215
339.288
191.411
117.1
79.3334
59.8028
49.5866
45.1667
45.1956
49.4403
59.3594
78.9977
117.29
193.72
347.918
635.507
1081.57
694.649
687.983
1054.51
612.403
335.64
189.3
115.947
78.6718
59.2099
49.1925
44.8459
44.7749
48.9257
58.792
78.0878
115.599
191.165
342.277
629.467
1079.83
691.235
684.788
1044.4
606.511
331.001
186.812
114.787
78.1082
58.8526
48.8877
44.5627
44.4967
48.6436
58.3708
77.4916
114.487
188.579
338.226
624.238
1080.18
687.415
678.842
1041.89
600.348
326.546
184.667
113.656
77.4773
58.4184
48.5178
44.2129
44.1262
48.2235
57.8506
76.6687
113.077
186.054
332.938
617.063
1077.18
683.449
675.601
1038.21
594.776
322.939
182.712
112.671
76.944
58.0392
48.1804
43.9034
43.7901
47.8453
57.3816
75.9355
111.63
182.819
328.874
611.721
1069.77
679.982
673.084
1040.63
589.582
319.081
180.749
111.685
76.3501
57.5965
47.7943
43.549
43.4273
47.4454
56.913
75.2378
110.31
180.137
323.214
606.232
1069
675.994
670.335
1032.58
584.873
316.078
178.806
110.652
75.7512
57.1816
47.4474
43.2141
43.0743
47.0382
56.3949
74.4636
108.906
177.267
318.971
601.433
1068.21
672.051
668.682
1037.06
580.278
312.219
176.703
109.62
75.1257
56.7188
47.0493
42.8185
42.6806
46.6211
55.8994
73.7972
107.799
175.216
314.693
595.616
1063.98
668.029
666.878
1027.84
575.178
308.495
174.546
108.461
74.4519
56.247
46.6562
42.4266
42.2656
46.1523
55.3328
72.9653
106.313
172.41
309.605
589.423
1053.17
664.092
665.574
1026.19
569.828
304.307
172.275
107.346
73.7814
55.7608
46.2555
42.0548
41.8732
45.713
54.7998
72.2477
105.155
170.098
305.023
581.167
1049.48
660.118
663.339
1021.64
564.588
300.519
170.193
106.243
73.1467
55.2974
45.8436
41.6378
41.4417
45.2435
54.2355
71.4396
103.703
167.264
299.769
573.654
1044.06
656.284
661.155
1015.71
558.485
296.537
168.113
105.219
72.5239
54.825
45.427
41.2424
41.0247
44.7662
53.647
70.6492
102.446
164.794
295.259
567.27
1038.27
652.201
658.622
1009.71
553.183
292.832
166.085
104.042
71.8009
54.2893
44.9624
40.7906
40.5636
44.2631
53.0513
69.8376
101.111
162.13
289.564
558.37
1031.77
647.345
655.619
1001.74
546.421
288.79
163.933
102.962
71.1271
53.7824
44.5215
40.3746
40.1356
43.7918
52.4741
69.0418
99.8234
159.57
284.541
550.507
1024.91
641.204
652.982
995.38
540.536
284.779
161.828
101.709
70.3208
53.1977
44.0404
39.9354
39.6951
43.3063
51.8884
68.2519
98.5166
156.906
278.996
541.137
1016.9
634.913
649.005
989.107
533.469
280.401
159.58
100.488
69.5504
52.6402
43.5854
39.5217
39.2707
42.8264
51.2985
67.4425
97.2133
154.512
274.424
533.442
1009.83
628.726
645.539
982.045
526.365
276.159
157.412
99.2628
68.723
52.0242
43.0864
39.0774
38.8258
42.3203
50.6672
66.571
95.7999
151.839
269.178
525.069
1001.79
622.081
641.385
974.442
519.252
271.766
155.119
97.9702
67.8872
51.4093
42.588
38.6313
38.3792
41.8125
50.0321
65.7032
94.463
149.361
264.007
515.908
993.405
615.644
635.833
966.868
511.617
267.253
152.718
96.6312
67.0084
50.768
42.0762
38.1726
37.9172
41.2908
49.3722
64.7627
92.9773
146.771
259.188
508.059
985.311
608.823
630.926
958.333
503.527
262.507
150.229
95.2354
66.1111
50.112
41.5434
37.6948
37.4426
40.7588
48.6893
63.7681
91.3993
143.986
253.838
499.554
978.063
603.917
625.225
949.511
495.221
257.417
147.498
93.6788
65.1261
49.4095
40.9801
37.1913
36.9392
40.1926
47.9761
62.7604
89.8428
141.326
248.81
491.168
969.799
598.473
620.842
942.33
487.548
252.624
144.841
92.099
64.0838
48.6535
40.3805
36.6722
36.4363
39.6302
47.2383
61.6906
88.1724
138.351
243.384
483.015
962.503
594.477
615.987
934.58
478.842
247.078
141.751
90.2749
62.9187
47.8303
39.7343
36.1167
35.9041
39.0486
46.5143
60.6792
86.5657
135.553
238.074
474.167
954.549
590.376
611.269
927.706
470.521
241.519
138.614
88.411
61.6861
46.9542
39.0655
35.5523
35.3677
38.4626
45.7762
59.6396
84.9183
132.609
232.579
465.196
947.458
585.063
607.266
921.477
461.398
235.236
135.09
86.3448
60.3396
46.0056
38.341
34.9424
34.7934
37.848
45.0149
58.5634
83.2448
129.753
227.131
456.02
938.833
580.821
601.3
913.751
451.442
228.53
131.246
84.0406
58.8706
44.9933
37.577
34.3012
34.1855
37.1889
44.1957
57.429
81.5298
126.824
221.423
446.062
930.245
574.345
596.219
906.088
440.152
221.078
127.029
81.5537
57.2759
43.901
36.7566
33.6108
33.5282
36.4744
43.314
56.2091
79.657
123.621
215.303
435.11
919.764
566.891
586.916
895.908
427.971
213.387
122.553
78.841
55.571
42.7355
35.88
32.8688
32.8147
35.6992
42.3556
54.8646
77.5699
120.089
208.576
422.758
907.64
556.515
576.307
883.719
413.493
204.862
117.827
76.0009
53.7579
41.495
34.9445
32.0749
32.0437
34.8495
41.3035
53.4211
75.3883
116.327
201.25
409.094
892.73
544.928
559.321
866.911
397.244
195.484
112.681
72.9564
51.8322
40.1889
33.957
31.2291
31.2222
33.9426
40.1784
51.8702
73.0135
112.287
193.418
394.034
874.649
530.554
540.528
846.301
379.001
185.735
107.411
69.8219
49.8216
38.7957
32.8988
30.3234
30.3378
32.9603
38.9527
50.1639
70.3977
107.887
185.168
377.603
852.109
512.304
518.583
820.763
359.111
175.102
101.731
66.4874
47.6914
37.3392
31.7975
29.377
29.4092
31.9211
37.6536
48.3662
67.689
103.412
176.521
359.997
826.438
493.566
494.771
790.786
338.173
164.495
96.0445
63.097
45.5035
35.8184
30.6336
28.371
28.4181
30.8101
36.2441
46.3977
64.7236
98.5317
167.408
341.006
795.9
471.852
470.36
756.174
316.042
153.467
89.9997
59.52
43.2428
34.2541
29.4304
27.3253
27.3844
29.6468
34.7651
44.3128
61.57
93.4235
158.021
321.166
761.985
450.918
445.104
717.914
293.828
142.803
84.0693
55.8905
40.8992
32.6185
28.1675
26.2272
26.2977
28.42
33.2044
42.1093
58.2196
87.9932
148.139
300.317
723.466
430.036
420.128
675.627
271.307
131.892
78.0644
52.2709
38.5566
30.9629
26.8768
25.0989
25.1737
27.1416
31.5645
39.7863
54.6477
82.1716
137.865
278.857
680.987
408.049
396.513
629.987
249.012
121.135
72.1366
48.6723
36.1902
29.279
25.5537
23.9353
24.0142
25.8248
29.8672
37.3652
50.9233
76.0851
127.118
256.404
634.53
386.228
371.466
580.361
226.376
110.408
66.216
45.1198
33.8607
27.606
24.2263
22.7613
22.8427
24.4937
28.1581
34.9238
47.1144
69.7613
115.924
233.435
584.5
363.672
348.079
527.99
203.874
100.031
60.4918
41.6342
31.5634
25.9523
22.9165
21.6045
21.6853
23.1779
26.4685
32.5074
43.3365
63.4714
104.807
210.349
531.601
340.82
324.23
474.151
182.003
90.2344
55.1269
38.3503
29.3876
24.3854
21.6757
20.5046
20.5797
21.917
24.8496
30.198
39.7476
57.5399
94.2546
187.995
478.556
320.712
305.574
422.499
161.756
80.9987
50.0861
35.2955
27.3726
22.936
20.5262
19.483
19.5487
20.7362
23.3332
28.0557
36.4572
52.0754
84.3233
166.787
427.014
303.625
292.301
375.075
143.813
72.95
45.7186
32.6368
25.6033
21.653
19.5043
18.5724
18.6278
19.6816
21.9855
26.1683
33.5873
47.3381
75.7126
148.439
380.837
295.998
289.914
335.028
129.027
66.2736
42.0503
30.3679
24.0798
20.546
18.621
17.7824
17.8249
18.7587
20.8074
24.5232
31.1064
43.2916
68.335
132.36
339.621
294.168
289.919
301.258
116.949
60.9312
39.1048
28.5301
22.8296
19.6276
17.8845
17.1224
17.1515
17.9806
19.8145
23.1478
29.0393
39.9365
62.3356
119.319
304.83
293.879
292.776
274.033
107.409
56.86
36.7901
27.0392
21.8006
18.8698
17.279
16.582
16.5995
17.3365
18.9802
21.9952
27.3629
37.2872
57.574
108.376
274.982
295.334
301.716
250.846
99.4754
53.5922
34.9351
25.8391
20.9677
18.2564
16.7921
16.1512
16.1621
16.8274
18.3218
21.0755
26.0137
35.2157
54.0096
100.016
251.205
302.653
309.048
230.031
93.5033
51.0824
33.4424
24.8406
20.2663
17.7432
16.3923
15.8033
15.809
16.411
17.7778
20.3225
24.9281
33.5754
51.2801
93.7153
229.982
309.409
316.46
211.368
88.4475
48.8137
32.1024
23.9539
19.6516
17.3043
16.0618
15.5242
15.5276
16.0724
17.3244
19.6844
24.0078
32.1929
48.9831
88.824
212.002
317.265
326.224
197.182
84.5114
46.9317
30.9073
23.1348
19.0831
16.9088
15.7772
15.2932
15.2947
15.7816
16.9183
19.0992
23.1608
30.9447
46.9858
84.565
197.15
326.453
336.864
184.416
80.6959
44.9255
29.6356
22.2949
18.5261
16.5411
15.5287
15.1025
15.103
15.5296
16.5439
18.5321
22.3122
29.6837
45.0518
81.002
184.926
337.647
349.107
174.481
77.5939
43.063
28.3784
21.4525
17.9758
16.1922
15.3075
14.9435
14.9437
15.3076
16.1927
17.9755
21.4502
28.3689
43.0277
77.4762
174.082
348.642
362.137
166.086
74.3423
40.9686
27.0007
20.5653
17.4226
15.8618
15.1146
14.8163
14.8164
15.1146
15.8617
17.423
20.5678
27.0112
41.0002
74.4288
166.243
362.078
377.04
159.021
70.9764
38.6922
25.5219
19.6422
16.8717
15.5533
14.9516
14.7209
14.7209
14.9522
15.5537
16.8725
19.6436
25.5271
38.7086
71.0135
159.05
376.99
392.137
153.511
67.543
36.2207
23.9477
18.6997
16.3403
15.2792
14.8254
14.6673
14.6678
14.8261
15.2784
16.3388
18.6961
23.9396
36.198
67.4672
153.271
391.342
407.745
147.627
63.1307
33.3004
22.2204
17.7328
15.836
15.0458
14.74
14.6451
14.645
14.7395
15.0464
15.8389
17.7393
22.238
33.351
63.284
148.034
408.336
423.613
142.346
58.265
30.1469
20.4576
16.8148
15.4027
14.8733
14.7023
14.6424
14.6427
14.7035
14.8761
15.4009
16.8089
20.4441
30.1111
58.1607
142
422.821
437.351
133.735
51.4649
26.3908
18.5997
15.9581
15.057
14.7862
14.6962
14.6706
14.6706
14.6962
14.786
15.0587
15.9628
18.613
26.4239
51.5658
134
437.593
450.159
120.697
42.8507
22.3412
16.8768
15.3182
14.8851
14.7613
14.7232
14.7157
14.7159
14.724
14.7635
14.8892
15.323
16.8716
22.3189
42.7858
120.554
449.951
461.617
95.316
31.1219
17.9461
15.4527
14.917
14.8072
14.772
14.7683
14.769
14.769
14.7686
14.7727
14.8091
14.9191
15.4582
17.9571
31.147
95.3937
461.527
470.954
47.539
18.2502
15.5513
14.9891
14.8532
14.8217
14.8249
14.8267
14.8271
14.8271
14.8266
14.8248
14.8219
14.8537
14.9904
15.5554
18.2567
47.5234
471.019
1313.81
1810.5
1205.66
732.565
425.996
249.062
152.963
102.55
77.3506
66.467
65.8474
75.0704
99.3787
146.28
237.071
413.153
715.141
1195.37
1832.59
1265.93
1308.85
1792.31
1186.57
727.269
422.46
247.059
151.858
101.863
76.8906
65.3699
64.7648
73.5658
98.9307
145.208
234.38
409.87
709.344
1172.99
1827
1256.98
1302.07
1805.66
1204.18
723.726
419.04
245.089
150.808
101.239
76.5834
66.6337
66.0997
74.9425
98.6886
144.291
229.506
406.92
696.033
1185.58
1824.43
1273.24
1308.58
1816.28
1199.21
705.12
407.749
238.925
147.34
99.0882
75.0514
66.4888
66.0014
73.9417
98.3048
141.535
233.162
398.535
717.721
1195.28
1804.47
1273.78
1299.48
1813.51
1180.16
707.852
409.475
239.869
147.919
99.5739
75.471
66.3193
65.8272
75.4659
97.5013
143.167
238.121
404.438
713.684
1178.72
1814.84
1271.35
1306.44
1808.86
1182.39
710.108
408.364
239.365
147.493
99.6466
75.8799
66.137
65.5212
75.2359
98.7085
144.532
236.807
410.683
701.942
1201.83
1827.53
1268.47
1297.18
1803.33
1175.97
721.483
412.276
241.579
148.47
100.639
77.1413
65.4521
65.0682
74.8701
97.2823
141.279
234.33
408.727
719.44
1194.91
1809.97
1258.13
1309.62
1786.57
1173.65
720.107
419.974
245.996
150.46
99.1391
77.1115
65.8067
63.8989
73.7753
98.7819
144.929
228.363
404.329
714.89
1175.07
1829.94
1269.64
1306.97
1795.3
1169.27
716.411
418.239
244.944
149.823
100.804
77.0394
66.1555
65.4297
74.6584
98.4128
144.39
230.626
399.512
712.912
1185.07
1813.84
1268.56
1304.97
1803.47
1167.67
712.417
414.716
243.186
148.6
98.8935
76.7716
66.5799
66.5298
75.4559
97.8323
143.738
232.214
392.536
709.746
1194.86
1823.73
1257.84
1301.68
1799.59
1171.73
700.798
412.073
241.745
145.698
100.172
75.8456
65.3951
66.3175
75.2118
96.0531
140.766
230.718
399.472
705.008
1189.85
1808.36
1261.8
1299.08
1793
1185.51
713.938
409.53
237.192
147.803
99.1097
76.5072
65.7125
66.2442
74.2925
97.0656
142.216
225.38
388.866
689.186
1183.61
1825.1
1253.19
1287.41
1769.5
1180.18
710.467
399.923
240.937
145.466
101.257
75.6483
65.4178
66.157
74.9878
98.0143
141.69
225.961
392.934
698.163
1166.01
1808.51
1261.02
1288.91
1788.88
1163.95
706.733
408.1
240.599
145.983
101.24
76.1196
65.6501
65.4672
75.5686
97.79
139.064
224.419
396.088
694.132
1186.76
1823.62
1255.14
1281.56
1798.62
1178.62
703.218
398.561
239.166
146.596
101.233
75.9266
66.3962
66.2741
75.3525
97.5576
140.197
224.418
392.918
676.905
1169.12
1835.59
1264.72
1286.05
1780.47
1172.82
697.956
403.238
238.313
148.922
100.864
76.7093
65.7018
65.8221
74.9651
97.1788
141.42
226.291
386.107
689.768
1182.43
1833.97
1261.94
1290.61
1783.54
1166.23
692.967
398.309
233.476
148.342
99.6801
75.8268
66.6463
66.263
73.7301
95.4981
140.594
222.99
385.651
673.888
1176.42
1828.79
1259.24
1281.1
1781.07
1148.05
686.096
399.985
236.457
147.846
100.785
76.9844
65.7926
66.0331
73.925
96.2224
139.713
225.596
383.114
682.791
1158.34
1824.3
1256.02
1279.91
1784.06
1159.33
680.194
396.723
235.015
147.056
100.262
76.6043
65.9082
65.8976
73.7236
95.6168
138.567
223.8
379.176
669.175
1167.66
1810.43
1253.14
1275.3
1792.58
1141.63
662.836
393.568
230.273
144.437
98.4184
75.379
65.8253
65.2114
74.0269
94.5543
135.435
222.306
377.158
671.166
1162.88
1828.42
1248.09
1272.12
1787.54
1143.44
664.858
390.965
232.105
145.803
98.6756
75.6447
66.3981
65.8483
73.1239
95.6569
137.013
218.526
376.238
674.007
1143.17
1826.69
1254.4
1269.58
1767.87
1140.91
660.234
388.208
230.52
145.066
98.2953
75.4636
66.1868
65.7109
73.8064
94.5318
138.149
220.391
378.35
670.342
1149.16
1822.67
1248.36
1270.48
1777.23
1148.17
657.65
380.598
225.917
144.134
98.2956
75.7707
65.2144
64.7572
74.2425
94.5613
137.207
218.499
375.16
657.237
1153.9
1818.46
1253.86
1264.35
1784.44
1144.32
654.999
379.867
225.789
143.532
98.9106
74.8879
65.3812
64.8677
73.454
94.2434
134.629
213.419
367.052
661.508
1147.09
1801.39
1246.31
1270.83
1765.65
1137.07
652.384
376.752
223.95
142.701
98.5273
75.6932
65.4369
64.9405
74.0272
94.7472
135.816
215.787
370.062
656.027
1127.85
1802.61
1246.99
1262.98
1786
1131.47
653.889
373.305
222.341
141.782
96.8826
74.5234
65.7891
65.3426
73.7772
94.2572
133.491
214.115
367
642.996
1126.75
1798.73
1243.86
1264.37
1781.23
1112.55
639.766
368.661
220.493
139.721
96.7258
74.5131
65.5804
65.0804
73.4122
93.0216
135.092
212.486
359.804
645.405
1119.43
1800.23
1234.31
1261.17
1764.22
1116.59
634.127
364.908
219.658
139.623
96.4611
74.1388
65.1888
64.7352
73.0646
93.0985
134.299
208.582
358.948
640.417
1116.46
1807.97
1232.37
1261.75
1784.36
1099.51
625.113
359.551
217.894
138.595
94.8103
74.1935
64.8472
64.3575
71.9746
93.2105
133.769
210.246
355.243
634.105
1111.28
1803.61
1229.07
1253.82
1778.89
1106.86
620.039
357.306
214.117
136.269
94.5633
73.7879
64.3519
63.9589
71.8729
92.6937
132.794
208.362
352.213
627.753
1113.42
1786.7
1224.05
1257.92
1773.08
1098.3
615.617
353.069
213.068
136.086
93.9731
72.6426
63.852
63.5862
71.7157
91.9475
131.877
206.635
350.513
611.439
1105.79
1796.48
1225.57
1254.12
1752.79
1076.2
608.65
350.09
211.186
133.878
93.3679
72.2633
63.2551
62.4742
71.1197
90.5126
129.785
203.611
347.438
608.488
1084.83
1790.75
1228.11
1246.44
1771.78
1077.47
605.443
347.036
209.4
133.223
92.7263
71.6225
62.1975
62.0859
70.258
90.1552
129.133
201.579
340.413
602.903
1079.86
1773.22
1220.01
1244.5
1767.62
1081.42
601.086
343.011
207.343
132.187
91.9159
70.912
61.9961
61.4848
69.7585
89.4792
128.154
199.801
338.657
604.655
1071.87
1781.63
1223.33
1239.31
1760.18
1073.59
596.309
340.697
204.6
131.026
91.0905
70.3609
61.2994
60.8893
69.2297
88.8557
126.848
197.993
332.67
598.378
1056.52
1775.06
1214.88
1237.88
1741.58
1064.62
591.969
337.714
203.118
129.997
90.1736
69.5022
60.6531
60.2551
68.6406
88.1175
125.786
196.049
328.579
585.477
1048.44
1767.12
1211.35
1231.28
1751.21
1055.92
587.422
334.93
201.024
128.81
89.3111
68.6717
59.8981
59.7721
68.0635
87.3294
124.313
194.232
325.55
580.144
1039.11
1758.78
1205.57
1224.18
1731.16
1045.13
579.623
331.236
198.893
127.528
88.3224
67.862
59.1195
58.9894
67.4037
86.5345
123.345
191.785
322.063
572.162
1033.22
1748.86
1197.29
1221.76
1728.95
1035.45
572.848
326.745
196.509
126.021
87.4035
67.1466
58.4514
58.4819
66.7751
85.8016
122.172
190.007
318.009
564.031
1022.39
1739.24
1192.86
1217.91
1718.26
1018.18
564.228
322.604
194.526
124.818
86.4866
66.4172
57.8404
57.8871
66.0573
85.0474
121.164
188.187
314.139
554.918
1008.4
1725.44
1185.43
1213.61
1708.3
1009.19
558.153
318.924
192.779
123.622
85.6362
65.7845
57.3674
57.3225
65.3805
84.269
120.132
186.306
310.345
548.268
996.007
1712.73
1182.84
1209.13
1697.36
997.988
552.022
315.902
190.689
122.32
84.7875
65.1526
56.7997
56.8341
64.8199
83.4815
119.073
184.451
306.115
540.207
985.057
1714.07
1178.85
1204.04
1684.74
986.887
546.282
312.279
188.858
121.311
84.0632
64.5614
56.2528
56.1638
64.121
82.6855
118.061
182.75
302.881
534.032
973.961
1699.26
1175.48
1198.48
1678.11
975.227
540.094
309.167
187.086
120.137
83.1795
63.808
55.5487
55.4155
63.4083
81.983
116.908
180.69
298.686
527.059
965.716
1694.43
1171.55
1192.27
1670.1
963.462
533.307
305.5
184.975
118.929
82.3578
63.1044
54.859
54.6574
62.5162
80.9981
115.85
179.017
295.166
519.739
954.576
1692.12
1166.95
1187.43
1673.96
955.028
527.135
302.026
183.149
117.7
81.4172
62.3127
54.0855
53.8543
61.5797
79.9378
114.555
176.98
291.531
513.34
947.515
1683.64
1163.61
1183.01
1663.5
942.937
519.452
298.13
180.965
116.393
80.4908
61.5364
53.3393
53.0516
60.7222
78.9794
113.465
175.352
288.344
507.332
938.928
1662.17
1160.36
1178.94
1638.3
932.938
513.094
294.427
178.985
115.044
79.431
60.6292
52.4941
52.2673
59.9348
77.96
112.12
173.339
285.249
502.135
932.822
1659.96
1157.28
1173.61
1626.28
922.166
505.385
290.351
176.709
113.593
78.3348
59.7244
51.6706
51.4507
59.0818
77.0842
111.025
171.687
281.959
495.695
925.123
1657.49
1154.21
1168.08
1613.43
910.973
498.18
286.431
174.518
112.051
77.12
58.7485
50.8864
50.7262
58.2681
76.05
109.683
169.787
278.952
490.552
916.211
1647.64
1151.48
1162.75
1604.59
899.67
490.721
282.451
172.081
110.373
75.8432
57.6949
49.9588
49.8802
57.4089
75.0672
108.412
167.982
275.714
484.025
903.841
1620.05
1148.46
1154.88
1593.53
887.558
483.475
278.398
169.649
108.708
74.6025
56.72
49.1348
49.0824
56.5307
74.0053
107.038
165.943
272.392
478.109
892.964
1608.52
1144.54
1148.58
1580.47
874.889
475.729
274.163
167.013
106.888
73.2814
55.6888
48.2479
48.2597
55.6569
72.9847
105.736
164.117
269.045
471.026
879.589
1586.68
1141.64
1139.89
1560.1
862.171
468.477
270.016
164.4
105.102
72.024
54.7191
47.3872
47.3989
54.7246
71.874
104.329
162.115
265.679
464.265
867.228
1574.89
1135.58
1132.48
1549.57
850.197
460.133
265.187
161.507
103.2
70.6495
53.6545
46.4956
46.5611
53.835
70.8317
102.995
160.236
262.336
457.116
853.583
1557.19
1132.44
1124.94
1535.2
837.744
452.753
260.914
158.755
101.34
69.3734
52.6796
45.6326
45.7138
52.9138
69.7065
101.535
158.143
258.821
450.599
841.632
1545.72
1126.29
1118.6
1523.12
826.024
444.082
255.661
155.626
99.3306
67.9807
51.6406
44.7716
44.898
52.023
68.6105
100.049
155.96
255.156
443.444
828.702
1529.95
1120.87
1113.28
1509.97
812.706
435.781
250.872
152.56
97.3149
66.5887
50.5783
43.859
44.0223
51.0763
67.4547
98.526
153.785
251.508
436.472
815.694
1516.05
1115.24
1106.8
1499.54
800.137
426.875
245.367
149.233
95.1984
65.1428
49.487
42.9429
43.1399
50.1093
66.2613
96.8972
151.446
247.792
429.425
802.648
1501.04
1109.6
1097.47
1486.15
785.436
417.332
239.9
145.889
93.0365
63.6412
48.3569
41.9871
42.2213
49.1018
65.0074
95.2176
149.017
243.663
421.627
790.168
1487.48
1104.22
1085.72
1472.66
770.332
407.367
234.046
142.405
90.7998
62.101
47.2033
41.0234
41.2865
48.0507
63.6792
93.364
146.257
239.283
413.764
776.55
1473.62
1096.42
1071.59
1457.5
754.279
396.761
227.85
138.638
88.3704
60.4395
45.9789
39.9967
40.2781
46.8948
62.1842
91.2767
143.146
234.351
405.457
763.983
1462.39
1089.79
1054.24
1441.05
736.754
385.887
221.656
134.892
85.9378
58.7839
44.7714
38.9921
39.2826
45.7197
60.6029
88.9585
139.659
229.086
396.685
750.045
1450.74
1081.12
1036.04
1423.72
718.218
374.414
215.012
130.588
83.1537
56.9886
43.4925
37.9314
38.225
44.4579
58.881
86.4141
135.845
223.261
386.94
734.638
1437.32
1071.15
1015.75
1403.19
699.018
362.95
208.259
126.499
80.5868
55.2777
42.2545
36.8975
37.1781
43.1792
57.0897
83.7263
131.758
216.928
376.428
718.132
1423.99
1058.73
994.722
1380.27
678.334
350.957
201.291
122.054
77.7339
53.4303
40.9584
35.8331
36.1065
41.8675
55.2369
80.9143
127.389
210.02
364.758
698.954
1405.34
1040.36
972.744
1355.7
656.906
338.498
194.067
117.639
74.9452
51.6009
39.6545
34.7486
35.0054
40.5096
53.3086
77.9866
122.843
202.742
352.358
678.743
1386.27
1022.86
950.356
1327.64
633.948
325.511
186.562
112.928
71.938
49.6644
38.3103
33.6517
33.8964
39.1268
51.2947
74.8162
117.791
194.666
338.67
655.675
1362.14
999.369
926.804
1297.09
609.866
311.787
178.38
107.829
68.7787
47.6664
36.9259
32.517
32.7465
37.699
49.2374
71.588
112.565
186.093
324.167
631.425
1335.86
974.744
903.394
1263.64
585.114
297.703
169.876
102.492
65.4649
45.5888
35.5044
31.3622
31.574
36.2222
47.0702
68.1509
106.957
176.826
308.43
604.444
1304.31
949.575
876.881
1225.75
558.251
282.698
160.63
96.7579
62.0108
43.4412
34.0278
30.1589
30.353
34.6879
44.8127
64.5316
100.973
166.916
291.923
576.339
1269.05
922.523
849.953
1183.79
529.925
266.686
150.837
90.8452
58.4811
41.2437
32.5205
28.9327
29.1067
33.1047
42.4426
60.6693
94.5427
156.33
274.322
545.34
1227.22
887.827
820.442
1135.87
499.632
249.908
140.681
84.6962
54.7997
38.9539
30.9489
27.6564
27.8202
31.4922
40.0535
56.7638
87.9127
145.283
256.051
512.901
1180.94
855.855
792.607
1083.01
467.163
232.25
130.143
78.4057
51.0663
36.6392
29.3602
26.365
26.5125
29.8405
37.5806
52.6975
81.0569
133.831
236.7
477.431
1124.72
817.476
759.136
1023.07
432.214
213.695
119.463
72.0404
47.2456
34.2646
27.7282
25.0401
25.1811
28.1815
35.1227
48.632
74.0709
122.056
216.697
439.846
1059.9
774.813
723.21
958.309
396.48
194.203
108.195
65.5122
43.4141
31.901
26.1035
23.7169
23.8451
26.513
32.6666
44.6182
67.1626
110.01
195.426
398.765
984.053
724.388
684.09
888.201
359.104
174.253
96.9542
59.0941
39.6498
29.5631
24.4901
22.4035
22.523
24.8675
30.2515
40.6782
60.3468
98.0102
174.002
356.661
900.548
663.258
640.602
813.573
321.347
154.195
85.6632
52.6758
35.9202
27.2726
22.9214
21.1317
21.2426
23.2721
27.9111
36.8728
53.812
86.4515
152.951
314.79
811.849
599.917
600.94
736.204
283.722
134.895
74.9701
46.6697
32.4561
25.1358
21.4501
19.9359
20.0371
21.7696
25.7108
33.2966
47.6167
75.4448
133.107
275.377
724.65
549.724
553.203
653.48
245.793
116.048
64.8775
41.0673
29.2232
23.1485
20.0924
18.8403
18.9355
20.3961
23.7065
30.0735
42.1007
65.495
114.353
236.947
634.699
494.315
511.379
573.66
211.033
98.9719
55.7779
36.0785
26.3765
21.4082
18.904
17.878
17.961
19.1703
21.9035
27.1539
37.0929
56.6132
98.0071
203.254
552.293
454.994
468.073
493.677
177.831
83.4764
47.8331
31.8175
23.9689
19.9369
17.8978
17.0626
17.1337
18.1285
20.375
24.6916
32.8623
48.9197
83.2594
172.242
473.936
413.191
427.459
421.606
149.92
70.943
41.5743
28.4794
22.0597
18.755
17.0823
16.3971
16.4531
17.2644
19.1013
22.639
29.367
42.7411
71.8298
148.026
409.04
386.675
397.361
358.727
126.532
60.9422
36.6849
25.8977
20.5866
17.8397
16.448
15.8772
15.9186
16.5845
18.1042
21.0455
26.6516
37.8238
62.2741
126.945
352.807
371.682
385.029
307.808
108.65
53.7596
33.2542
24.0574
19.5055
17.1537
15.9688
15.4832
15.5103
16.0582
17.3276
19.8103
24.5751
34.1254
55.1923
110.743
307.848
368.234
381.401
267.528
96.4746
49.0267
30.9424
22.7717
18.7282
16.654
15.6207
15.1991
15.2148
15.6724
16.7555
18.9089
23.0897
31.5013
49.9856
98.0161
269.473
367.842
372.805
236.97
88.6212
45.7839
29.2578
21.7912
18.1244
16.2703
15.3631
14.9966
15.0045
15.3882
16.3197
18.2113
21.9478
29.5526
46.3616
89.7182
239.266
370.769
374.266
215.439
83.285
43.6231
28.0683
21.0572
17.6603
15.9798
15.1788
14.8611
14.8644
15.1878
15.9964
17.6834
21.087
28.1035
43.6805
83.5174
216.665
377.093
384.615
200.589
79.3334
41.6845
26.9176
20.3449
17.2262
15.7265
15.0354
14.7688
14.7705
15.0398
15.7365
17.2433
20.3745
26.9633
41.7485
79.3398
199.99
384.158
393.779
184.615
74.9923
39.6457
25.751
19.6513
16.8233
15.5078
14.9262
14.7105
14.7112
14.9273
15.5109
16.8292
19.6663
25.7918
39.7549
75.3281
185.636
392.456
401.3
173.914
71.7806
37.8395
24.6408
18.983
16.4454
15.3152
14.8405
14.6723
14.6728
14.841
15.316
16.4458
18.9827
24.6425
37.8554
71.8462
173.931
402.203
410.9
162.766
67.7797
35.6067
23.3516
18.2572
16.0633
15.1369
14.7721
14.6545
14.6548
14.7739
15.1408
16.0717
18.273
23.3845
35.6849
67.9797
163.235
410.008
420.566
155.271
64.5459
33.5969
22.1679
17.6054
15.7383
14.9994
14.728
14.6486
14.6487
14.7281
14.9977
15.7355
17.5978
22.1508
33.562
64.481
155.149
420.698
431.042
147.065
60.3073
31.08
20.7791
16.8918
15.4096
14.8749
14.7044
14.6522
14.6524
14.7054
14.8786
15.4201
16.9106
20.8126
31.1494
60.4771
147.409
430.649
439.862
140.614
56.262
28.6506
19.5012
16.2877
15.1661
14.801
14.6977
14.6692
14.6694
14.6989
14.8039
15.1656
16.2843
19.4864
28.6054
56.1429
140.31
439.629
450.504
132.866
50.8821
25.7137
18.0981
15.6857
14.9554
14.7609
14.7047
14.6928
14.693
14.7054
14.7635
14.9635
15.7088
18.1321
25.781
51.0718
133.268
450.325
456.615
123.307
44.6935
22.7512
16.8796
15.2513
14.8564
14.7536
14.73
14.7264
14.7264
14.7304
14.7561
14.8648
15.2612
16.8585
22.6936
44.5761
123.007
456.591
464.332
108.737
36.4049
19.4652
15.764
14.977
14.8011
14.7643
14.7604
14.7607
14.7607
14.7605
14.765
14.8009
14.9644
15.7529
19.4692
36.5678
108.955
464.269
468.206
83.629
26.2545
16.5506
15.0902
14.8432
14.7983
14.7968
14.7981
14.7986
14.7985
14.798
14.7967
14.8021
14.8758
15.1835
16.777
26.4646
83.4661
468.49
473.599
41.7144
17.6363
15.3373
14.9126
14.8401
14.8369
14.8368
14.8364
14.8362
14.8362
14.8359
14.8342
14.8248
14.7893
14.7156
14.7209
16.6225
41.741
473.477
745.604
1093.42
717.105
436.714
256.752
153.442
98.4544
70.102
56.4506
50.6205
50.4326
56.1511
69.9901
97.6451
153.128
257.226
438.818
721.492
1095.82
745.788
743.979
1091.09
714.128
433.999
254.684
152.197
97.7569
68.8405
56.1489
50.3919
49.8943
55.3591
69.5799
96.1451
151.633
254.903
435.954
719.066
1094.22
744.06
743.327
1089.13
711.251
431.512
252.764
151.006
97.0942
69.1123
55.9728
50.2607
50.1388
55.9692
69.4477
95.7289
150.411
252.967
433.542
716.675
1092.82
738.541
735.887
1081.71
701.145
422.829
246.361
147.165
95.0846
69.2018
55.3508
49.6524
50.4209
55.8315
69.2212
96.1578
146.576
246.309
425.177
708.003
1086.41
741.179
738.324
1083.89
708.258
428.993
250.392
148.354
95.5099
68.5881
55.6473
49.8847
50.4299
55.0737
68.7965
95.6783
147.37
249.615
431.143
715.221
1092.21
738.37
737.825
1085.3
701.133
426.403
244.596
146.962
95.1826
69.2929
55.1818
50.2782
50.4843
55.1794
67.6484
93.7086
147.4
252.569
423.782
708.409
1098.04
736.899
741.359
1090.7
711.042
420.088
249.256
148.328
95.2876
68.7436
55.7133
49.9885
50.508
55.3454
67.9405
94.781
149.122
251.423
430.641
720.066
1099.31
737.339
737.762
1089.83
708.583
420.446
244.419
149.996
95.9316
69.3949
56.3127
50.622
50.5197
55.8123
67.6723
92.4118
148.066
245.901
422.006
718.93
1098.73
739.847
743.068
1089.04
701.39
421.635
248.561
149.886
94.512
68.3748
56.0344
50.4541
50.3463
55.828
68.283
94.4337
145.753
250.353
426.476
718.356
1098.17
738.384
737.489
1089
709.824
426.141
243.495
148.685
94.9905
69.1865
55.9057
50.2917
50.0118
55.6766
68.9704
96.0267
148.404
249.071
429.984
716.493
1093.87
740.282
741.635
1087.25
707.053
418.506
249.682
146.216
95.7494
68.3305
55.1358
49.701
49.635
55.4692
68.685
95.4617
147.435
242.485
426.797
714.744
1100.47
738.773
744.627
1081.36
698.369
425.227
248.457
146.184
94.3287
68.5245
55.3066
49.8541
49.7105
55.2305
68.2303
94.934
146.559
243.724
418.569
711.277
1099.71
734.268
743.508
1089.36
708.731
418.219
246.797
145.4
94.3637
68.9221
55.3491
49.8135
49.5215
54.5962
67.1018
94.1659
145.603
244.766
419.013
702.593
1098.97
736.978
741.492
1087.36
706.806
417.877
242.041
145.413
93.9451
68.7114
55.6107
50.0332
49.7026
55.3066
67.8263
93.5383
144.031
242.728
416.648
710.267
1098.92
735.949
738.381
1085.55
705.044
415.949
244.952
146.642
93.5885
67.8898
55.3943
49.6092
49.9137
55.1487
66.7412
91.4372
140.354
237.013
414.762
707.309
1097.3
731.106
743.154
1079.38
702.703
414.415
243.594
145.611
93.5338
68.3158
54.9021
49.8579
49.8304
55.109
67.1146
92.1699
142.94
236.951
413.95
704.461
1092.39
732.562
738.487
1082.38
700.294
412.109
241.4
144.161
93.8597
68.1328
54.95
49.3816
49.2832
54.94
67.3929
92.3998
141.957
235.295
415.982
696.152
1093.03
730.038
743.614
1076.4
697.396
410.385
239.492
142.677
92.1337
67.0366
55.0005
49.4545
49.5064
54.8186
67.0952
91.7875
141.019
235.153
414.166
697.904
1095.08
722.998
742.854
1079.83
689.584
409.26
235.472
138.853
93.4917
67.3448
54.7058
49.4552
49.053
54.5926
66.6694
90.9446
138.111
236.756
411.272
686.719
1094.11
722.018
741.857
1084.12
696.56
410.86
238.683
140.216
93.3345
67.2968
55.2991
49.832
49.4678
54.4638
66.3032
90.3629
139.556
235.319
409.081
688.423
1093.52
719.832
740.483
1076.47
693.379
407.321
236.919
140.853
92.9462
67.7036
55.2653
49.7715
49.2964
53.9099
65.2606
88.223
138.479
233.37
401.985
689.176
1092.74
719.742
735.79
1079.88
690.854
396.813
231.379
141.593
91.5086
66.7683
55.0857
49.6692
48.9389
54.3114
65.9911
88.4251
135.616
231.861
407.458
695.154
1091.25
714.544
735.993
1071.09
687.932
395.062
233.559
140.956
92.2112
67.5175
55.0482
49.6474
49.3538
54.2199
65.9689
88.1049
135.432
226.492
405.302
692.489
1085.86
717.284
734.1
1077.71
685.778
394.77
231.869
137.728
90.4084
67.1023
54.8284
49.4896
49.1819
53.6499
65.7828
88.426
135.226
226.97
403.279
689.749
1090.23
715.571
732.87
1080.91
682.997
389.045
229.743
138.463
91.2971
66.8619
54.6578
49.3769
49.0947
53.9141
65.1852
89.2307
135.926
224.884
400.583
686.266
1083.76
712.756
730.084
1073.78
674.206
388.341
228.051
136.087
89.5361
66.3715
54.4221
49.2139
48.9136
53.7923
65.5402
87.8344
135.138
223.098
393.427
677.847
1084.64
708.61
728.984
1077.77
678.586
386.008
223.244
136.364
89.6235
66.0452
54.24
49.0805
48.4615
53.5574
65.3682
88.7664
134.356
221.91
397.107
680.318
1085.44
712.247
727.648
1080.35
671.073
383.472
222.719
133.815
89.485
65.4522
53.9662
48.9319
48.7271
52.9873
64.4659
87.2153
133.196
219.798
394.746
684.018
1086.84
714.686
722.387
1078.28
669.636
380.89
222.263
133.309
89.0192
64.8356
53.7421
48.7517
48.5738
53.2906
64.647
86.9762
130.572
217.957
386.603
681.698
1092.35
708.561
722.195
1071.34
665.095
378.873
217.92
131.944
88.4163
64.6236
53.4833
48.465
48.0651
52.7209
64.3369
86.465
130.123
218.119
388.307
678.534
1091.39
710.371
721.797
1074.41
662.105
377.159
219.323
130.984
87.9124
64.4068
53.0378
48.4748
48.3023
52.9725
63.9902
85.8536
128.866
215.492
384.977
675.021
1089.86
706.291
723.135
1077.49
657.999
376.762
217.508
129.454
86.6587
64.3141
52.9936
48.3153
48.0826
52.4031
63.6106
85.2941
127.573
209.009
376.208
670.195
1088.41
706.995
721.018
1075.68
652.476
373.783
212.824
127.673
86.6295
64.5333
52.9917
47.8663
47.843
52.2056
63.1265
84.9168
126.674
209.12
375.452
660.572
1086.04
705.321
718.785
1068.89
650.403
373.762
211.51
126.779
86.1132
64.1896
52.719
47.8722
47.4226
51.9393
62.3923
83.6238
125.329
206.511
369.289
664.008
1080.42
706.723
715.48
1068.63
643.694
369.993
208.606
125.649
84.8286
63.2969
52.2082
47.6593
47.4989
51.8222
62.2069
83.0981
124.092
205.278
367.259
655.029
1085.64
708.904
714.757
1066.05
640.361
361.527
205.988
124.509
84.3847
63.0939
51.8388
47.1282
46.9438
51.5132
61.7924
82.1414
122.704
204.338
365.759
652.988
1078.62
707.048
708.249
1063.86
635.867
359.476
203.711
123.502
83.6008
62.5971
51.6902
46.9315
46.5622
50.9107
61.272
81.5389
121.251
201.575
361.989
654.332
1080.07
704.88
704.337
1062.67
631.445
358.962
202.469
122.368
82.8906
62.231
51.3428
46.6315
46.2782
50.4143
60.5691
80.6524
119.779
198.974
356.808
649.81
1079.68
699.24
701.24
1063.62
627.575
355.727
201.097
121.187
82.0415
61.6434
51.0479
46.1998
45.9479
50.0882
60.1508
79.8249
118.333
196.515
350.785
638.782
1083.69
700.717
697.668
1060.68
622.53
348.034
196.598
119.853
81.085
61.1115
50.6366
45.8884
45.6453
49.664
59.5369
78.9106
116.931
193.525
346.538
634.066
1080.8
694.452
694.197
1056.56
617.641
344.568
194.279
118.516
80.3216
60.3508
50.0825
45.5477
45.287
49.2296
58.9454
78.1777
115.345
190.419
341.107
627.5
1072.99
691.928
691.344
1052.65
613.093
339.329
191.547
117.223
79.5285
59.842
49.7402
45.2086
44.947
48.8613
58.4896
77.3213
113.798
187.898
337.248
622.146
1072.34
687.663
687.332
1046.64
608.39
335.63
188.951
115.771
78.7357
59.3613
49.358
44.8754
44.583
48.4552
57.9977
76.7081
112.63
185.049
332.607
616.588
1069.6
682.366
684.147
1047.64
601.915
330.999
186.163
114.317
78.0076
58.8465
48.9302
44.5056
44.2573
48.0808
57.4884
75.8626
111.181
182.344
327.95
609.568
1070.08
679.069
680.628
1050.99
598.176
326.709
183.461
112.884
77.2145
58.3668
48.5601
44.145
43.8591
47.6937
57.0512
75.2356
109.929
179.276
322.076
602.803
1067.3
676.645
677.434
1048.76
592.621
321.693
180.892
111.675
76.4578
57.8835
48.1281
43.7616
43.4911
47.3322
56.5608
74.4964
108.655
176.664
316.97
596.732
1059.35
673.548
674.764
1046.14
587.298
316.474
178.559
110.432
75.8045
57.394
47.7318
43.4029
43.1369
46.9397
56.0859
73.7777
107.401
174.352
312.724
590.82
1058.92
669.994
671.554
1043.29
582.179
312.906
176.14
109.202
75.0122
56.8234
47.2274
42.9513
42.704
46.4966
55.5615
73.0222
106.07
171.462
307.472
584.332
1051.96
667.013
668.993
1034.85
576.229
307.902
173.891
107.995
74.2907
56.2912
46.7871
42.5491
42.2986
46.0534
55.0184
72.2936
104.915
169.336
303.475
578.362
1051.73
663.704
666.123
1034.85
570.839
304.023
171.585
106.736
73.4967
55.7313
46.338
42.1405
41.9021
45.6267
54.5088
71.5812
103.698
166.855
298.672
572.385
1051.57
660.5
662.027
1028.85
564.017
299.347
169.207
105.48
72.7525
55.1875
45.8759
41.7242
41.5043
45.2081
54.0128
70.8922
102.547
164.685
294.435
565.414
1043.74
656.322
658.262
1019.2
557.224
295.214
167.007
104.258
71.9793
54.617
45.4073
41.3114
41.1058
44.7864
53.5134
70.2043
101.338
162.205
289.511
558.016
1037.18
651.087
653.849
1013.01
550.843
290.805
164.613
103.046
71.2174
54.0447
44.9317
40.8803
40.698
44.3644
53.0161
69.4964
100.207
160.037
285.027
549.944
1027.66
644.767
649.044
1006.37
543.922
286.423
162.401
101.82
70.4035
53.4246
44.424
40.4379
40.2742
43.9256
52.5071
68.791
98.9701
157.609
280.254
542.297
1017.27
637.438
644.407
1002.14
537.189
281.903
160.023
100.587
69.6144
52.8081
43.8975
39.9681
39.8341
43.477
51.9956
68.0999
97.8284
155.385
275.601
534.159
1009.44
630.369
639.871
996.635
530.079
277.192
157.568
99.2448
68.7397
52.1532
43.365
39.4965
39.3808
43.0022
51.4442
67.3605
96.5813
152.94
270.863
526.574
1001.77
624.354
633.569
990.931
522.834
272.55
155.121
97.8904
67.8704
51.4946
42.8057
38.9938
38.9072
42.5233
50.893
66.6179
95.416
150.69
266.162
518.094
993.533
618.383
628.789
983.596
515.346
267.757
152.577
96.4668
66.9372
50.8119
42.259
38.509
38.4365
42.0179
50.2978
65.8391
94.1981
148.376
261.427
510.361
985.805
611.426
623.096
974.236
507.695
262.903
149.947
94.9737
65.9578
50.0933
41.6762
37.9922
37.9387
41.4952
49.6949
65.0475
92.941
146.017
256.703
501.807
976.636
606.374
618.254
965.352
499.906
258.111
147.294
93.4098
64.9408
49.3564
41.0825
37.4663
37.4221
40.9382
49.0416
64.1985
91.6491
143.651
252.081
494.49
969.161
602.349
613.732
957.483
492.14
252.968
144.397
91.7341
63.8796
48.5983
40.4691
36.9186
36.8805
40.3449
48.3286
63.2555
90.2621
141.224
247.419
486.52
961.318
599.126
609.247
948.296
483.766
247.902
141.521
89.9925
62.7576
47.8031
39.8516
36.3768
36.3373
39.7352
47.5848
62.2765
88.8062
138.705
242.706
478.953
953.304
595.249
604.387
940.417
475.154
242.333
138.389
88.1548
61.5862
46.9842
39.2083
35.8056
35.7663
39.0951
46.784
61.201
87.2412
136.125
238
470.866
945.718
590.836
598.014
931.83
465.698
236.559
135.199
86.2407
60.3507
46.132
38.552
35.2307
35.1897
38.4411
45.9688
60.0909
85.6189
133.495
233.077
462.658
937.9
586.773
591.709
922.352
455.342
230.203
131.82
84.2695
59.079
45.251
37.8702
34.6254
34.5814
37.7549
45.1048
58.9002
83.8591
130.653
227.846
453.645
929.053
581.273
583.632
912.674
444.361
223.477
128.222
82.2154
57.7555
44.3217
37.1525
33.9964
33.9507
37.0336
44.1927
57.6595
82.0661
127.737
222.366
444.327
920.696
576.21
575.283
900.874
431.998
216.11
124.332
80.0338
56.385
43.3538
36.4005
33.3384
33.2912
36.2853
43.2357
56.3345
80.1153
124.532
216.34
433.751
910.088
568.77
563.827
887.713
418.553
208.319
120.147
77.5989
54.8588
42.3104
35.5955
32.6339
32.5952
35.4979
42.231
54.9466
78.0923
121.223
210.159
422.88
899.359
561.771
551.14
871.682
403.84
200.156
115.87
75.1154
53.2727
41.2075
34.7375
31.8858
31.8561
34.6659
41.1736
53.4668
75.8402
117.467
203.235
410.642
886.061
551.564
535.777
853.384
388.249
191.486
111.295
72.4493
51.5564
40.0059
33.8169
31.0907
31.0683
33.7787
40.0439
51.8779
73.4107
113.462
195.949
397.57
872.023
541.701
519.438
832.057
372.077
182.703
106.6
69.6937
49.7694
38.7507
32.8451
30.2438
30.2291
32.8316
38.8361
50.1518
70.7489
109.078
187.975
382.821
854.125
528.873
504.529
807.993
355.117
174.013
101.623
66.6362
47.8087
37.3819
31.7909
29.3325
29.3314
31.814
37.5254
48.2936
67.8944
104.365
179.465
366.633
833.159
514.915
486.47
778.891
336.539
164.875
96.6296
63.539
45.7548
35.9395
30.678
28.366
28.3753
30.7323
36.1373
46.3028
64.7738
99.1737
170.152
348.542
806.952
496.348
467.843
745.763
317.196
155.348
91.2636
60.227
43.5842
34.4114
29.4991
27.3435
27.3598
29.5736
34.649
44.1838
61.4873
93.7538
160.357
328.536
774.764
475.064
446.808
708.143
296.516
145.383
85.6187
56.7862
41.3524
32.8293
28.262
26.2612
26.2838
28.3535
33.0798
41.9251
57.9829
87.9983
149.823
306.584
736.27
449.968
424.696
666.702
274.915
135.067
79.8013
53.1736
39.0008
31.1823
26.9809
25.1369
25.1635
27.0801
31.4388
39.5691
54.2915
81.8245
138.571
282.804
691.841
422.101
404.035
622.992
253.125
124.456
73.8574
49.5444
36.6321
29.4963
25.6561
23.9733
24.0073
25.7729
29.7575
37.1382
50.4796
75.4962
126.984
258.079
641.444
392.487
381.037
575.714
230.982
113.901
67.9717
45.925
34.2578
27.8083
24.3265
22.7997
22.837
24.4484
28.0548
34.7012
46.6889
69.137
115.334
233.228
587.781
363.041
362.68
528.636
209.793
103.641
62.2072
42.389
31.9212
26.1328
23.0033
21.6352
21.6794
23.1414
26.3869
32.3274
42.98
62.8862
103.903
209.092
532.445
337.989
344.044
480.056
188.435
93.4888
56.5698
38.9771
29.6918
24.5371
21.7451
20.5267
20.5712
21.8834
24.7867
30.0812
39.5207
57.0743
93.2328
186.314
478.586
316.655
328.826
432.589
168.378
83.9401
51.354
35.8436
27.6237
23.0485
20.5721
19.4951
19.5406
20.7114
23.2884
27.9689
36.2695
51.6448
83.4364
165.817
428.371
304.053
315.218
386.411
149.52
75.1133
46.5868
32.9995
25.7562
21.7148
19.5266
18.5758
18.6188
19.6594
21.9449
26.0875
33.4101
46.9846
75.1614
148.135
382.783
296.222
304.205
343.537
133.141
67.7235
42.5842
30.571
24.1506
20.5671
18.6254
17.7814
17.8194
18.7441
20.7755
24.4585
30.9694
43.0479
68.165
132.985
342.063
293.496
297.578
305.754
119.161
61.695
39.3238
28.5727
22.8286
19.6202
17.8792
17.1205
17.1511
17.9767
19.796
23.1021
28.9622
39.8653
62.4995
120.229
306.643
293.694
296.861
274.353
107.729
56.8718
36.7571
27.0167
21.7868
18.8616
17.2749
16.5816
16.6029
17.3442
18.9901
21.9965
27.3375
37.2668
57.7838
109.375
277.017
295.734
300.104
249.561
99.3153
53.5271
34.8803
25.801
20.9456
18.2447
16.7863
16.1489
16.1618
16.8288
18.3255
21.083
26.0201
35.2221
54.0593
100.143
251.507
302.153
308.292
229.235
93.2439
50.9752
33.4055
24.8309
20.2643
17.7429
16.3925
15.8041
15.8107
16.4139
17.7828
20.3316
24.9419
33.5804
51.2307
93.5789
229.786
308.289
317.425
211.469
88.5531
48.8584
32.1149
23.9542
19.6491
17.3021
16.0605
15.5235
15.527
16.0715
17.3228
19.6834
24.0116
32.2085
49.0207
88.8615
212.139
317.09
326.301
197.214
84.5526
46.947
30.9137
23.1382
19.0856
16.9106
15.7784
15.2942
15.2957
15.7824
16.9183
19.0963
23.1522
30.9287
46.9619
84.5858
197.457
327.123
337.289
184.362
80.6827
44.9097
29.6211
22.2862
18.5217
16.5391
15.5278
15.1021
15.103
15.5301
16.5455
18.5354
22.3173
29.6852
45.0234
80.8257
184.248
336.187
349.306
174.616
77.6786
43.1076
28.4028
21.4648
17.9816
16.1949
15.3087
14.944
14.9441
15.3082
16.194
17.9788
21.4591
28.3945
43.1084
77.7617
175.001
349.806
361.953
165.675
74.1742
40.9024
26.9711
20.5511
17.4157
15.8585
15.1131
14.8154
14.8159
15.1141
15.861
17.4217
20.5649
27.0043
40.9743
74.2963
165.748
361.597
377.174
159.441
71.1601
38.7541
25.5446
19.6519
16.8763
15.5555
14.9528
14.7213
14.7212
14.9526
15.5543
16.8735
19.6455
25.5327
38.7343
71.1449
159.545
377.618
391.704
152.959
67.3136
36.1413
23.9186
18.6879
16.335
15.2766
14.8246
14.6674
14.6678
14.826
15.2788
16.3396
18.6981
23.9435
36.2019
67.4398
153.087
391.35
408.45
148.263
63.3614
33.3754
22.2472
17.743
15.8403
15.047
14.7401
14.6451
14.645
14.7396
15.046
15.8371
17.7361
22.2324
33.3435
63.2907
148.123
408.402
422.776
141.714
58.034
30.0715
20.4313
16.8038
15.3986
14.8734
14.7025
14.6425
14.6427
14.7034
14.876
15.4027
16.813
20.4517
30.1261
58.19
142.052
423.066
438.077
134.308
51.6582
26.4517
18.6219
15.9641
15.0592
14.7865
14.6963
14.6706
14.6706
14.6962
14.7859
15.0581
15.9608
18.6077
26.4139
51.5489
133.993
437.664
449.559
120.234
42.6735
22.2836
16.8578
15.3166
14.8851
14.7612
14.7232
14.7157
14.7159
14.724
14.7635
14.8893
15.3231
16.8747
22.3254
42.7961
120.556
449.974
461.996
95.6998
31.1942
17.9755
15.463
14.9193
14.8077
14.7721
14.7683
14.769
14.769
14.7686
14.7727
14.8091
14.919
15.4575
17.9551
31.1456
95.4185
461.753
470.828
47.4651
18.3163
15.5754
14.994
14.8542
14.8219
14.8249
14.8267
14.8271
14.8271
14.8266
14.8248
14.8219
14.8537
14.9907
15.5567
18.2606
47.5139
470.908
266.58
358.488
232.173
148.524
96.9933
66.7665
49.668
40.1813
35.1419
33.0317
33.2173
35.6454
40.9446
50.6192
67.5701
96.8697
147.222
228.999
353.82
265.705
266.415
358.376
231.977
148.197
96.7362
66.5899
49.5777
40.1559
35.1197
32.9656
33.1936
35.6129
40.8834
50.5155
67.4022
96.492
146.945
228.834
353.758
265.391
266.387
358.436
231.739
147.829
96.4401
66.4302
49.4888
40.1335
35.1078
33.0091
33.1892
35.5904
40.8287
50.4219
67.2644
95.3265
145.938
228.052
353.687
265.622
266.688
358.338
230.581
146.363
95.3667
65.7338
49.0885
40.0848
35.02
32.9559
33.1584
35.54
40.6242
50.0366
66.986
96.5057
147.621
229.353
353.766
265.436
266.41
358.281
230.96
146.982
95.8311
65.9638
49.2443
40.1243
35.1251
33.0125
33.1107
35.4742
40.6782
50.1723
67.591
97.3565
147.565
229.215
353.587
265.012
266.513
357.777
231.102
147.648
96.1164
65.966
49.3115
40.1219
35.1153
33.0072
33.1336
35.5326
40.7344
50.1506
67.5446
97.287
147.328
228.921
353.032
265.218
266.38
358.099
230.353
146.527
95.787
66.1449
49.5334
40.1217
35.04
32.9903
33.1595
35.5916
40.8746
50.2833
67.435
97.1059
146.698
227.788
353.383
264.904
266.185
358.013
230.622
147.766
96.6182
66.5903
49.4853
40.0974
35.0784
32.9372
33.1358
35.5775
40.8993
50.531
66.9797
97.0076
146.443
228.087
353.821
264.998
266.071
357.419
230.623
146.617
96.3803
66.4324
49.4755
40.029
34.9826
32.9225
33.0678
35.4752
40.8502
50.5498
67.7108
96.5724
146.791
228.203
353.821
265.056
265.813
357.552
231.226
146.873
95.5653
65.7441
49.056
39.8031
34.9872
32.9437
33.1244
35.5372
40.7954
50.2207
67.6988
97.3551
147.574
228.852
353.749
264.886
266.027
357.402
230.269
147.01
96.0643
65.9382
49.1323
39.8334
34.9327
32.9186
33.1049
35.5225
40.7993
50.4133
67.5797
97.21
147.401
227.892
353.7
264.905
265.913
357.504
231.681
147.888
96.614
66.014
49.073
39.8037
34.9786
32.8676
33.0314
35.4142
40.7307
50.0627
67.3901
96.921
147.128
228.939
353.808
264.834
265.688
357.503
231.525
146.864
96.4429
66.4
49.1514
39.8546
34.976
32.9075
33.0564
35.4618
40.736
50.2854
67.1983
96.6386
146.033
227.796
353.719
264.591
265.68
357.754
231.506
148.203
95.8596
66.3026
49.3407
39.6888
34.9435
32.8813
32.9775
35.3555
40.6672
50.0439
66.5535
95.8155
146.389
228.579
353.703
264.304
265.666
357.178
231.123
148.014
96.4532
66.0812
49.3113
39.7439
34.929
32.839
33.0063
35.4318
40.6552
50.1687
66.7383
95.9643
145.873
227.592
353.59
264.607
265.554
357.549
230.137
147.734
96.2344
65.8204
49.2633
39.8504
34.929
32.8352
33.0147
35.3198
40.4506
49.9407
66.8095
96.1131
146.349
228.841
353.283
264.484
264.911
357.095
231.015
147.377
95.4171
66.1782
49.2627
39.7159
34.851
32.8196
32.9798
35.3509
40.5645
50.321
67.215
96.6653
146.888
228.658
353.862
264.914
264.929
357.068
230.018
146.162
95.8732
66.1311
49.2236
39.8715
34.9206
32.8441
33.001
35.3902
40.6401
50.2541
67.0528
96.4079
146.535
227.927
353.833
264.974
264.711
356.909
230.712
146.389
95.6439
65.9145
49.0939
39.8228
34.8904
32.822
32.9385
35.3045
40.5052
50.177
66.4102
95.3418
146.048
228.19
353.348
264.425
264.692
356.886
230.452
146.013
94.7016
65.6985
48.833
39.7582
34.8588
32.7652
32.9673
35.3819
40.6348
50.1793
66.6581
95.7161
145.28
227.835
353.404
264.815
264.763
356.983
229.572
146.117
94.9325
65.2536
48.9698
39.6394
34.7407
32.7306
32.8938
35.3389
40.5706
50.0912
66.8688
96.0688
145.382
226.711
353.454
264.75
264.743
356.86
230.262
146.579
95.1018
65.3419
48.7858
39.6996
34.7523
32.7379
32.8763
35.2939
40.504
49.7593
66.3272
95.3874
146.284
227.873
354.014
264.782
264.711
356.296
230.039
146.218
94.1456
65.4879
48.9546
39.7013
34.7718
32.7227
32.8401
35.1718
40.4751
50.0683
66.9347
96.2058
145.544
228.444
353.872
264.752
264.696
356.497
229.737
145.196
94.5019
65.0584
48.6529
39.5362
34.6853
32.6979
32.8297
35.1452
40.395
49.9327
66.7436
95.9881
146.045
227.528
354.627
265.003
264.437
356.61
229.476
146.024
95.0606
65.5738
48.9718
39.7025
34.7827
32.6934
32.7827
35.1284
40.1834
49.7776
66.5177
95.6635
145.729
228.19
354.699
264.928
264.408
356.304
228.296
145.571
94.0493
65.3058
48.7926
39.6687
34.7642
32.6427
32.759
35.0398
40.1969
49.4114
65.8136
94.549
144.234
226.872
354.604
264.793
264.111
355.71
228.295
144.624
94.2457
64.897
48.8083
39.6231
34.7421
32.6557
32.7398
35.0477
40.1522
49.4252
65.8681
94.7174
144.444
227.795
354.541
264.56
263.796
355.543
228.367
144.953
94.5371
65.3095
48.746
39.5763
34.7148
32.602
32.6921
34.9487
40.0406
49.4072
65.8931
94.7845
144.121
227.388
354.324
263.929
263.482
355.239
227.904
144.404
94.1649
64.6897
48.3485
39.3639
34.6029
32.601
32.6715
34.8776
39.843
49.0238
65.6145
94.4704
144.446
227.022
354.125
263.572
263.327
355.024
226.666
142.873
93.1566
64.7915
48.4122
39.3998
34.6205
32.5959
32.6466
34.8605
39.8816
49.1152
64.9204
93.3331
143.996
225.811
353.192
263.198
262.975
354.921
226.551
143.044
93.3019
64.3593
48.4338
39.3915
34.5984
32.5816
32.6237
34.821
39.7348
49.0381
65.2238
93.8458
143.645
225.881
353.894
262.698
262.537
354.922
226.071
142.785
93.3803
64.6391
48.2316
39.3356
34.5832
32.5677
32.6154
34.8157
39.6879
48.6959
65.1988
93.7652
143.21
225.614
354.29
262.388
262.375
354.686
225.96
143.036
92.5073
64.402
48.3693
39.3858
34.5861
32.5639
32.6204
34.7175
39.4911
48.6162
64.9539
93.3572
142.569
225.595
354.163
261.958
262.026
353.913
224.709
142.512
92.8164
64.1928
48.083
39.2356
34.5913
32.5455
32.618
34.7731
39.5123
48.4571
64.3012
92.2524
140.892
224.986
353.947
261.792
261.819
354
224.919
141.223
91.8008
63.7913
48.1182
39.3239
34.5947
32.5045
32.5653
34.6962
39.5658
48.486
64.376
92.4223
141.047
224.378
353.157
261.369
261.558
353.03
224.243
141.128
91.9115
63.3488
47.9965
39.2031
34.5764
32.5318
32.5931
34.7164
39.4943
48.3246
64.0829
92.0027
139.469
223.075
353.128
260.976
261.114
352.942
223.497
140.406
91.5174
63.2439
47.909
39.2368
34.5729
32.5383
32.5751
34.6772
39.4192
48.1426
63.629
91.1764
139.532
223.464
352.903
260.642
260.719
352.487
222.677
139.212
90.5014
62.9367
47.7955
39.1857
34.5115
32.4941
32.5145
34.563
39.2146
47.961
63.2702
91.2439
139.286
222.369
352.638
260.384
260.013
351.961
221.252
138.311
90.3291
62.7799
47.6733
39.0515
34.4942
32.5018
32.5246
34.5593
39.1643
47.6262
62.9361
90.885
139.476
222.065
352.424
260.081
259.385
351.596
220.753
138.051
89.6022
62.6888
47.5584
39.0207
34.4944
32.4959
32.5201
34.5337
39.0993
47.4942
62.5354
89.8811
138.815
221.351
352.194
259.871
258.75
351.189
220.079
137.315
89.1654
62.3295
47.3432
38.9404
34.5095
32.5008
32.4828
34.4512
38.9532
47.3199
62.2607
89.6585
137.431
220.613
351.865
259.42
258.343
351.226
219.863
136.956
88.6777
62.0792
47.1964
38.9374
34.5105
32.5305
32.5026
34.4456
38.9213
47.1675
61.9401
88.7135
136.845
219.857
351.75
258.877
257.97
350.224
219.059
135.96
88.1311
61.8401
47.1791
38.9679
34.4852
32.5218
32.5282
34.4473
38.8616
47.0031
61.74
88.3816
135.873
218.939
351.315
258.514
257.73
349.973
217.449
135.127
87.6305
61.4467
46.9311
38.9151
34.5389
32.5819
32.5274
34.4169
38.7259
46.8004
61.3666
87.5644
134.924
217.805
350.268
257.837
257.535
349.867
216.799
133.976
87.1375
61.1525
46.7918
38.7861
34.5147
32.5987
32.5529
34.3656
38.6371
46.6281
61.0977
87.1855
134.069
216.773
350.077
257.343
257.219
349.418
215.722
133.199
86.4754
60.7954
46.6173
38.7225
34.4569
32.5976
32.5574
34.3352
38.5226
46.4152
60.6442
86.4517
132.989
215.572
348.872
256.77
256.817
348.21
214.479
132.067
85.6572
60.4302
46.4353
38.6925
34.4577
32.6035
32.5678
34.3386
38.4528
46.2171
60.2091
85.5836
132.193
214.374
348.412
256.098
256.345
347.532
213.452
131.139
85.133
60.0581
46.2719
38.6308
34.4361
32.5827
32.5648
34.3137
38.3684
46.0343
59.8789
84.9725
131.067
213.45
347.484
255.682
255.881
346.846
212.291
130.126
84.4988
59.7171
46.106
38.5313
34.4349
32.6031
32.5672
34.32
38.3143
45.8435
59.4866
84.3335
130.136
212.37
347.216
255.164
255.617
346.219
211.245
129.233
83.8167
59.3489
45.9259
38.4481
34.4061
32.5945
32.5557
34.2987
38.2527
45.6879
59.1742
83.6409
128.989
211.162
346.843
254.589
255.172
345.382
210.102
128.243
83.2272
58.9809
45.7377
38.3676
34.3748
32.5736
32.5311
34.2332
38.1792
45.4882
58.748
83.0112
128.119
209.952
346.249
254.285
254.706
344.76
208.994
127.321
82.6298
58.6759
45.5813
38.2789
34.3021
32.5498
32.5112
34.1936
38.0791
45.2976
58.3451
82.3189
127.08
208.879
344.967
254.056
254.146
343.974
207.91
126.345
81.9915
58.2962
45.3814
38.1772
34.2579
32.5021
32.4569
34.1205
37.9524
45.0867
57.9726
81.6443
126.006
207.682
344.339
253.98
253.41
343.171
206.732
125.356
81.3589
57.9324
45.1786
38.0545
34.19
32.4582
32.4222
34.0689
37.8569
44.8762
57.5438
80.9499
124.998
206.557
343.451
253.871
252.884
342.513
205.525
124.328
80.6855
57.531
44.9534
37.9395
34.1274
32.4192
32.3812
34.0032
37.7306
44.6561
57.1617
80.234
123.785
205.076
342.48
253.5
252.323
341.693
204.122
123.165
79.9411
57.1071
44.7083
37.8016
34.0425
32.3613
32.3282
33.9324
37.6054
44.4244
56.7493
79.5389
122.762
203.745
341.54
252.964
251.623
340.704
202.678
122.016
79.1944
56.6634
44.4493
37.6592
33.9597
32.2916
32.25
33.8392
37.466
44.1817
56.326
78.8169
121.56
202.284
340.514
252.439
251.227
339.67
201.319
120.883
78.4839
56.2105
44.1801
37.5035
33.8632
32.2213
32.173
33.733
37.3062
43.9302
55.902
78.0754
120.422
200.882
339.548
251.653
250.529
338.718
199.726
119.623
77.6397
55.7145
43.9007
37.3317
33.7505
32.136
32.0904
33.6124
37.1102
43.6234
55.4296
77.3001
119.176
199.308
338.42
251.109
250.198
337.724
198.274
118.376
76.8397
55.2353
43.5996
37.1401
33.6227
32.0337
31.9904
33.4875
36.9213
43.3257
54.941
76.523
117.966
197.807
337.29
250.31
249.558
336.813
196.702
117.015
75.9767
54.7475
43.3003
36.9471
33.4862
31.9224
31.8777
33.3499
36.7239
43.0086
54.4278
75.6653
116.627
196.152
336.078
249.576
249
335.813
195.008
115.606
75.0193
54.1517
42.9389
36.7114
33.3215
31.7922
31.7514
33.2003
36.5227
42.7116
53.9188
74.806
115.273
194.445
334.912
248.757
248.11
334.718
193.229
114.126
74.0352
53.5561
42.5838
36.4766
33.1536
31.6594
31.6224
33.0461
36.305
42.3681
53.3539
73.8504
113.809
192.609
333.652
247.839
247.186
333.669
191.221
112.459
72.964
52.8971
42.1747
36.215
32.9603
31.4974
31.4688
32.8756
36.0819
42.0303
52.7764
72.8738
112.287
190.689
332.437
247.016
245.848
332.202
189.07
110.704
71.8555
52.2387
41.763
35.9309
32.7491
31.3184
31.2932
32.6786
35.8251
41.641
52.145
71.8232
110.625
188.575
331.028
245.921
244.347
330.776
186.713
108.744
70.648
51.5265
41.3164
35.6269
32.5094
31.1107
31.0942
32.4604
35.5478
41.2385
51.4939
70.7171
108.859
186.362
329.622
244.892
242.395
329.032
184.069
106.657
69.3667
50.7555
40.8236
35.2825
32.2429
30.8782
30.8657
32.2078
35.237
40.814
50.8252
69.5556
106.925
183.855
327.95
243.366
240.144
326.963
181.083
104.398
67.968
49.9151
40.2864
34.9029
31.946
30.6134
30.6039
31.9222
34.8867
40.3246
50.0507
68.2458
104.815
181.053
325.938
241.44
237.338
324.343
177.674
101.924
66.4967
49.0274
39.7226
34.5
31.6138
30.311
30.3036
31.5963
34.4943
39.7878
49.2383
66.9044
102.518
177.91
323.603
239.205
234.087
321.111
173.914
99.3
64.9229
48.0914
39.1142
34.048
31.2382
29.9693
29.9654
31.2271
34.0459
39.1775
48.3119
65.3865
99.9717
174.309
320.647
236.217
230.352
317.141
169.697
96.4987
63.2834
47.1
38.4465
33.542
30.8099
29.5725
29.5684
30.8003
33.5463
38.5232
47.3337
63.7712
97.2174
170.206
316.881
232.525
225.826
312.23
164.958
93.5067
61.5595
46.0465
37.7218
32.9835
30.3343
29.1319
29.1261
30.3276
32.9965
37.7983
46.2519
61.9993
94.1992
165.54
312.191
228.005
220.974
306.427
159.746
90.3331
59.7582
44.9229
36.9391
32.3676
29.798
28.6296
28.6286
29.7965
32.3792
37.0004
45.0898
60.1218
90.9274
160.264
306.369
222.733
215.382
299.406
154.003
86.965
57.8251
43.7196
36.0798
31.6824
29.2034
28.0695
28.0664
29.2009
31.7011
36.1529
43.8964
58.1622
87.4602
154.477
299.322
216.833
209.453
291.202
147.846
83.4618
55.8411
42.4615
35.1615
30.9277
28.5326
27.4406
27.4433
28.5443
30.9577
35.2273
42.5937
56.0736
83.7629
148.069
290.74
210.004
203.054
281.731
141.331
79.8454
53.8035
41.1341
34.1766
30.1149
27.8034
26.7437
26.7453
27.8125
30.1449
34.2425
41.2521
53.9762
80.0413
141.347
281.06
203.079
196.671
271.295
134.63
76.2239
51.7059
39.7454
33.1206
29.2234
26.9982
25.9812
25.99
27.0273
29.2813
33.2133
39.8728
51.8465
76.2829
134.309
270.109
195.771
190.768
260.113
127.929
72.7173
49.6744
38.359
32.0347
28.2911
26.1455
25.1625
25.1726
26.1776
28.3543
32.1351
38.4981
49.8155
72.6999
127.458
258.679
189.696
185.48
248.317
121.292
69.3469
47.7054
36.9794
30.9286
27.3234
25.2505
24.3038
24.3195
25.2966
27.4027
31.0457
37.1306
47.8374
69.3036
120.728
246.578
184.254
181.538
236.384
114.968
66.2168
45.8602
35.6418
29.8239
26.3446
24.3432
23.4281
23.4449
24.3932
26.4313
29.9494
35.7989
46.001
66.2102
114.493
234.763
181.033
179.543
224.395
108.891
63.233
44.0552
34.3207
28.7323
25.377
23.4439
22.5614
22.5792
23.4968
25.4689
28.8692
34.5023
44.2469
63.3205
108.605
223.069
180.277
177.985
212.808
103.302
60.5668
42.4229
33.0914
27.6975
24.4504
22.5791
21.7246
21.741
22.6279
24.5339
27.8197
33.253
42.6044
60.6975
103.18
211.81
178.193
178.138
201.566
98.103
58.081
40.8937
31.942
26.7314
23.5868
21.773
20.9436
20.9571
21.8139
23.659
26.8416
32.095
41.0822
58.2636
98.1675
201.255
178.599
177.242
191.154
93.4628
55.8915
39.5297
30.9037
25.8533
22.799
21.036
20.2287
20.2377
21.065
22.8529
25.9389
31.0239
39.6839
56.0495
93.5502
191.307
179.509
179.418
181.624
89.1541
53.9341
38.3331
29.9872
25.0703
22.093
20.3743
19.5862
19.5922
20.395
22.1324
25.1359
30.084
38.4651
54.0986
89.3526
182.111
180.674
183.357
172.926
85.2156
52.2517
37.2978
29.1787
24.371
21.458
19.7772
19.0063
19.0101
19.7899
21.4811
24.4095
29.237
37.3811
52.3616
85.3427
173.338
184.635
187.522
164.89
81.8742
50.8626
36.3995
28.4501
23.7316
20.8766
19.2326
18.4789
18.4808
19.2396
20.8898
23.7544
28.4858
36.451
50.9281
81.93
164.951
188.013
194.275
157.699
79.1682
49.7044
35.586
27.7628
23.1238
20.3273
18.7227
17.9884
17.9891
18.7254
20.3324
23.1327
27.7771
35.6062
49.7306
79.191
157.673
194.433
202.459
151.139
77.1545
48.6856
34.7849
27.0689
22.516
19.7883
18.2313
17.5209
17.521
18.2319
19.7899
22.5198
27.078
34.8031
48.7195
77.2065
151.143
202.606
213.945
146.212
75.6344
47.7339
33.9556
26.3401
21.8875
19.2445
17.7471
17.0669
17.0667
17.7464
19.2439
21.8866
26.3397
33.9544
47.7289
75.6112
146.073
213.819
227.838
142.22
74.3298
46.7116
33.0238
25.5371
21.2172
18.6841
17.2631
16.6217
16.6215
17.2624
18.6835
21.2166
25.5384
33.0289
46.7244
74.3606
142.252
227.768
244.856
139.943
73.2597
45.5587
31.9473
24.6361
20.4939
18.1039
16.7802
16.1877
16.1876
16.7796
18.1032
20.4932
24.6357
31.9476
45.5573
73.2468
139.807
244.806
265.608
138.737
72.0795
44.1113
30.6565
23.6107
19.7109
17.5063
16.3058
15.7745
15.7744
16.3054
17.5059
19.7109
23.6121
30.6625
44.1274
72.118
138.843
265.602
288.591
138.393
70.4941
42.2455
29.1054
22.4485
18.8711
16.902
15.8539
15.3974
15.3973
15.8536
16.9015
18.871
22.4494
29.1098
42.2575
70.5202
138.451
288.616
315.144
138.379
68.2183
39.8422
27.258
21.1487
17.988
16.3092
15.4444
15.0755
15.0754
15.4441
16.3088
17.9876
21.1491
27.2616
39.8549
68.2545
138.485
315.132
343.112
137.995
64.7601
36.7431
25.0878
19.7283
17.0901
15.7566
15.1039
14.8362
14.8362
15.1037
15.7563
17.0896
19.7282
25.0899
36.7524
64.7896
138.052
343.183
372.929
135.595
59.473
32.7864
22.6008
18.2361
16.2272
15.2798
14.8603
14.7115
14.7115
14.8603
15.2797
16.2266
18.2359
22.6023
32.7927
59.4949
135.647
372.931
402.363
127.874
51.2026
27.8274
19.865
16.7646
15.476
14.9587
14.7556
14.6778
14.6778
14.7556
14.9586
15.476
16.7653
19.8649
27.828
51.2067
127.896
402.4
432.638
107.343
38.6207
21.9349
17.0624
15.4921
14.9839
14.8101
14.7305
14.7009
14.701
14.7311
14.8115
14.9859
15.4934
17.0628
21.9354
38.6309
107.388
432.742
466.437
57.3951
21.6818
16.2884
15.2345
14.948
14.845
14.8046
14.7968
14.7964
14.7964
14.7968
14.8049
14.8456
14.9493
15.2367
16.2907
21.6807
57.3891
466.413
)
;

boundaryField
{
    fixedWalls_1
    {
        Cmu             0.09;
        kappa           0.41;
        E               9.8;
        type            epsilonWallFunction;
        value           nonuniform List<scalar> 
200
(
264.495
263.825
264.241
264.273
263.798
263.837
263.842
263.921
263.913
263.648
264.378
264.682
264.61
264.275
265.172
264.883
265.47
265.501
265.692
265.348
265.425
265.321
265.103
264.553
265.154
265.245
264.714
264.605
264.308
264.115
263.909
263.225
262.778
262.449
262.146
261.848
261.337
261.092
260.489
259.901
259.231
258.645
258.379
258.046
257.766
257.223
256.638
255.887
255.01
254.548
253.998
253.489
253.059
252.641
252.031
251.537
250.922
250.489
249.95
249.334
248.699
247.753
246.822
245.688
244.281
242.904
241.07
238.918
236.468
233.607
230.226
226.314
221.659
216.484
210.786
204.768
198.736
192.934
188.053
183.957
181.872
180.355
180.325
179.179
180.976
184.415
188.063
194.282
202.703
213.803
227.772
244.861
265.412
288.738
315.023
343.186
372.955
402.326
432.74
466.409
264.37
263.899
263.634
263.269
263.248
263.463
263.275
263.723
263.929
264.367
264.67
264.839
264.953
264.839
264.699
264.79
264.723
264.539
264.884
265.057
264.873
264.808
264.521
264.418
264.309
264.198
263.928
263.541
263.208
262.787
262.328
261.982
261.308
260.879
260.41
260.046
260.004
259.786
259.589
259.007
258.475
258.017
257.674
257.091
256.738
256.338
255.784
255.487
255.159
254.874
254.524
254.13
253.62
253.042
252.486
252.034
251.398
250.599
250.002
249.291
248.452
247.293
246.326
244.816
243.553
241.891
240.505
238.339
236.357
233.596
230.716
226.643
222.18
216.79
210.908
204.628
198.394
192.388
187.64
183.72
182.135
181.37
180.059
180.402
180.686
184.445
187.885
194.386
202.524
213.804
227.775
244.805
265.586
288.523
315.142
343.103
372.873
402.414
432.632
466.443
)
;
    }
    frontAndBack_1
    {
        type            empty;
    }
    inlet_1
    {
        type            fixedValue;
        value           uniform 14.855;
    }
    outlet_1
    {
        type            zeroGradient;
    }
    fixedWalls_2
    {
        Cmu             0.09;
        kappa           0.41;
        E               9.8;
        type            epsilonWallFunction;
        value           nonuniform List<scalar> 
200
(
749.736
747.446
743.522
749.697
743.418
749.842
749.202
748.036
746.647
743.002
741.049
738.697
736.597
731.149
732.659
728.304
733.014
728.149
733.772
727.505
730.03
732.556
731.069
724.652
724.397
722.163
717.215
716.344
713.563
710.569
707.703
705.368
702.365
702.697
701.476
701.54
700.649
698.965
697.676
693.486
691.628
687.983
684.788
678.842
675.601
673.084
670.335
668.682
666.878
665.574
663.339
661.155
658.622
655.619
652.982
649.005
645.539
641.385
635.833
630.926
625.225
620.842
615.987
611.269
607.266
601.3
596.219
586.916
576.307
559.321
540.528
518.583
494.771
470.36
445.104
420.128
396.513
371.466
348.079
324.23
305.574
292.301
289.914
289.919
292.776
301.716
309.048
316.46
326.224
336.864
349.107
362.137
377.04
392.137
407.745
423.613
437.351
450.159
461.617
470.954
732.839
730.736
727.118
730.762
725.268
725.743
725.925
727.763
722.535
729.974
732.761
728.768
732.443
728.544
735.719
735.48
734.867
728.584
731.207
733.295
729.403
735.258
733.904
733.666
732.181
731.697
727.215
729.528
728.205
723.892
723.029
720.73
716.296
716.218
714.224
710.972
708.932
703.671
701.732
697.653
694.649
691.235
687.415
683.449
679.982
675.994
672.051
668.029
664.092
660.118
656.284
652.201
647.345
641.204
634.913
628.726
622.081
615.644
608.823
603.917
598.473
594.477
590.376
585.063
580.821
574.345
566.891
556.515
544.928
530.554
512.304
493.566
471.852
450.918
430.036
408.049
386.228
363.672
340.82
320.712
303.625
295.998
294.168
293.879
295.334
302.653
309.409
317.265
326.453
337.647
348.642
362.078
376.99
391.342
408.336
422.821
437.593
449.951
461.527
471.019
)
;
    }
    frontAndBack_2
    {
        type            empty;
    }
    inlet_2
    {
        type            fixedValue;
        value           uniform 14.855;
    }
    outlet_2
    {
        type            zeroGradient;
    }
    fixedWalls_3
    {
        Cmu             0.09;
        kappa           0.41;
        E               9.8;
        type            epsilonWallFunction;
        value           nonuniform List<scalar> 
200
(
1313.81
1308.85
1302.07
1308.58
1299.48
1306.44
1297.18
1309.62
1306.97
1304.97
1301.68
1299.08
1287.41
1288.91
1281.56
1286.05
1290.61
1281.1
1279.91
1275.3
1272.12
1269.58
1270.48
1264.35
1270.83
1262.98
1264.37
1261.17
1261.75
1253.82
1257.92
1254.12
1246.44
1244.5
1239.31
1237.88
1231.28
1224.18
1221.76
1217.91
1213.61
1209.13
1204.04
1198.48
1192.27
1187.43
1183.01
1178.94
1173.61
1168.08
1162.75
1154.88
1148.58
1139.89
1132.48
1124.94
1118.6
1113.28
1106.8
1097.47
1085.72
1071.59
1054.24
1036.04
1015.75
994.722
972.744
950.356
926.804
903.394
876.881
849.953
820.442
792.607
759.136
723.21
684.09
640.602
600.94
553.203
511.379
468.073
427.459
397.361
385.029
381.401
372.805
374.266
384.615
393.779
401.3
410.9
420.566
431.042
439.862
450.504
456.615
464.332
468.206
473.599
1265.93
1256.98
1273.24
1273.78
1271.35
1268.47
1258.13
1269.64
1268.56
1257.84
1261.8
1253.19
1261.02
1255.14
1264.72
1261.94
1259.24
1256.02
1253.14
1248.09
1254.4
1248.36
1253.86
1246.31
1246.99
1243.86
1234.31
1232.37
1229.07
1224.05
1225.57
1228.11
1220.01
1223.33
1214.88
1211.35
1205.57
1197.29
1192.86
1185.43
1182.84
1178.85
1175.48
1171.55
1166.95
1163.61
1160.36
1157.28
1154.21
1151.48
1148.46
1144.54
1141.64
1135.58
1132.44
1126.29
1120.87
1115.24
1109.6
1104.22
1096.42
1089.79
1081.12
1071.15
1058.73
1040.36
1022.86
999.369
974.744
949.575
922.523
887.827
855.855
817.476
774.813
724.388
663.258
599.917
549.724
494.315
454.994
413.191
386.675
371.682
368.234
367.842
370.769
377.093
384.158
392.456
402.203
410.008
420.698
430.649
439.629
450.325
456.591
464.269
468.49
473.477
)
;
    }
    frontAndBack_3
    {
        type            empty;
    }
    inlet_3
    {
        type            fixedValue;
        value           uniform 14.855;
    }
    outlet_3
    {
        type            zeroGradient;
    }
    fixedWalls_4
    {
        Cmu             0.09;
        kappa           0.41;
        E               9.8;
        type            epsilonWallFunction;
        value           nonuniform List<scalar> 
200
(
745.604
743.979
743.327
735.887
738.324
737.825
741.359
737.762
743.068
737.489
741.635
744.627
743.508
741.492
738.381
743.154
738.487
743.614
742.854
741.857
740.483
735.79
735.993
734.1
732.87
730.084
728.984
727.648
722.387
722.195
721.797
723.135
721.018
718.785
715.48
714.757
708.249
704.337
701.24
697.668
694.197
691.344
687.332
684.147
680.628
677.434
674.764
671.554
668.993
666.123
662.027
658.262
653.849
649.044
644.407
639.871
633.569
628.789
623.096
618.254
613.732
609.247
604.387
598.014
591.709
583.632
575.283
563.827
551.14
535.777
519.438
504.529
486.47
467.843
446.808
424.696
404.035
381.037
362.68
344.044
328.826
315.218
304.205
297.578
296.861
300.104
308.292
317.425
326.301
337.289
349.306
361.953
377.174
391.704
408.45
422.776
438.077
449.559
461.996
470.828
745.788
744.06
738.541
741.179
738.37
736.899
737.339
739.847
738.384
740.282
738.773
734.268
736.978
735.949
731.106
732.562
730.038
722.998
722.018
719.832
719.742
714.544
717.284
715.571
712.756
708.61
712.247
714.686
708.561
710.371
706.291
706.995
705.321
706.723
708.904
707.048
704.88
699.24
700.717
694.452
691.928
687.663
682.366
679.069
676.645
673.548
669.994
667.013
663.704
660.5
656.322
651.087
644.767
637.438
630.369
624.354
618.383
611.426
606.374
602.349
599.126
595.249
590.836
586.773
581.273
576.21
568.77
561.771
551.564
541.701
528.873
514.915
496.348
475.064
449.968
422.101
392.487
363.041
337.989
316.655
304.053
296.222
293.496
293.694
295.734
302.153
308.289
317.09
327.123
336.187
349.806
361.597
377.618
391.35
408.402
423.066
437.664
449.974
461.753
470.908
)
;
    }
    frontAndBack_4
    {
        type            empty;
    }
    inlet_4
    {
        type            fixedValue;
        value           uniform 14.855;
    }
    outlet_4
    {
        type            zeroGradient;
    }
    fixedWalls_5
    {
        Cmu             0.09;
        kappa           0.41;
        E               9.8;
        type            epsilonWallFunction;
        value           nonuniform List<scalar> 
200
(
266.58
266.415
266.387
266.688
266.41
266.513
266.38
266.185
266.071
265.813
266.027
265.913
265.688
265.68
265.666
265.554
264.911
264.929
264.711
264.692
264.763
264.743
264.711
264.696
264.437
264.408
264.111
263.796
263.482
263.327
262.975
262.537
262.375
262.026
261.819
261.558
261.114
260.719
260.013
259.385
258.75
258.343
257.97
257.73
257.535
257.219
256.817
256.345
255.881
255.617
255.172
254.706
254.146
253.41
252.884
252.323
251.623
251.227
250.529
250.198
249.558
249
248.11
247.186
245.848
244.347
242.395
240.144
237.338
234.087
230.352
225.826
220.974
215.382
209.453
203.054
196.671
190.768
185.48
181.538
179.543
177.985
178.138
177.242
179.418
183.357
187.522
194.275
202.459
213.945
227.838
244.856
265.608
288.591
315.144
343.112
372.929
402.363
432.638
466.437
265.705
265.391
265.622
265.436
265.012
265.218
264.904
264.998
265.056
264.886
264.905
264.834
264.591
264.304
264.607
264.484
264.914
264.974
264.425
264.815
264.75
264.782
264.752
265.003
264.928
264.793
264.56
263.929
263.572
263.198
262.698
262.388
261.958
261.792
261.369
260.976
260.642
260.384
260.081
259.871
259.42
258.877
258.514
257.837
257.343
256.77
256.098
255.682
255.164
254.589
254.285
254.056
253.98
253.871
253.5
252.964
252.439
251.653
251.109
250.31
249.576
248.757
247.839
247.016
245.921
244.892
243.366
241.44
239.205
236.217
232.525
228.005
222.733
216.833
210.004
203.079
195.771
189.696
184.254
181.033
180.277
178.193
178.599
179.509
180.674
184.635
188.013
194.433
202.606
213.819
227.768
244.806
265.602
288.616
315.132
343.183
372.931
402.4
432.742
466.413
)
;
    }
    frontAndBack_5
    {
        type            empty;
    }
    inlet_5
    {
        type            fixedValue;
        value           uniform 14.855;
    }
    outlet_5
    {
        type            zeroGradient;
    }
}


// ************************************************************************* //
