/*--------------------------------*- C++ -*----------------------------------*\
  =========                 |
  \\      /  F ield         | OpenFOAM: The Open Source CFD Toolbox
   \\    /   O peration     | Website:  https://openfoam.org
    \\  /    A nd           | Version:  6
     \\/     M anipulation  |
\*---------------------------------------------------------------------------*/
FoamFile
{
    version     2.0;
    format      ascii;
    class       volScalarField;
    location    "23";
    object      k;
}
// * * * * * * * * * * * * * * * * * * * * * * * * * * * * * * * * * * * * * //

dimensions      [0 2 -2 0 0 0 0];

internalField   nonuniform List<scalar> 
10000
(
0.207108
0.526209
0.479767
0.419524
0.370908
0.338586
0.319598
0.309645
0.305178
0.304161
0.305416
0.308624
0.31512
0.326701
0.346318
0.377843
0.424017
0.480495
0.524559
0.206763
0.206916
0.52612
0.479882
0.419099
0.370896
0.338943
0.320077
0.310174
0.305642
0.304711
0.307116
0.309222
0.315566
0.327082
0.34653
0.377695
0.423813
0.480024
0.523925
0.206274
0.207012
0.526261
0.480123
0.420354
0.371633
0.339208
0.320394
0.310467
0.305757
0.304673
0.305809
0.309251
0.315811
0.327277
0.347007
0.377838
0.423696
0.479158
0.523952
0.206433
0.206943
0.526273
0.48021
0.420409
0.371402
0.339673
0.320824
0.312087
0.306412
0.304918
0.306004
0.310611
0.317294
0.328269
0.346742
0.377673
0.423641
0.479465
0.524119
0.206582
0.206857
0.526064
0.479115
0.419589
0.37202
0.33985
0.320955
0.312285
0.307915
0.306572
0.306267
0.309463
0.316314
0.327553
0.346735
0.377936
0.422879
0.479456
0.524246
0.206648
0.206769
0.526092
0.480292
0.420894
0.371776
0.33996
0.321099
0.312098
0.306935
0.305416
0.306274
0.309406
0.316725
0.327671
0.346806
0.378041
0.423822
0.479919
0.524319
0.206677
0.206537
0.525887
0.48021
0.421137
0.372475
0.340262
0.321169
0.311402
0.307077
0.305625
0.306232
0.30954
0.317358
0.328015
0.347155
0.377955
0.423828
0.47916
0.524341
0.206676
0.206861
0.525782
0.479019
0.420861
0.37258
0.340509
0.321531
0.31174
0.307583
0.307473
0.306904
0.309528
0.316106
0.328711
0.346741
0.377697
0.423677
0.480021
0.524299
0.20645
0.206603
0.52536
0.479354
0.420794
0.372639
0.340739
0.32183
0.312057
0.307812
0.307498
0.308479
0.310058
0.315895
0.327587
0.346706
0.377682
0.423724
0.481395
0.525013
0.206808
0.206982
0.525753
0.479807
0.420447
0.372821
0.341138
0.322933
0.313482
0.3083
0.307127
0.308427
0.31136
0.31687
0.326899
0.346283
0.377517
0.42333
0.481539
0.525029
0.206937
0.207098
0.525579
0.479929
0.41946
0.3728
0.341261
0.322369
0.312649
0.308504
0.308299
0.307727
0.31042
0.315883
0.32682
0.346646
0.377449
0.422379
0.481454
0.525087
0.207109
0.207504
0.526708
0.480016
0.421047
0.37299
0.341555
0.322652
0.312879
0.309561
0.307228
0.307725
0.311452
0.316135
0.32688
0.346404
0.377812
0.423256
0.481864
0.525371
0.207351
0.207352
0.526725
0.479869
0.422241
0.372995
0.34207
0.323626
0.313057
0.308653
0.307508
0.307898
0.310159
0.315869
0.32693
0.346546
0.378171
0.423897
0.481798
0.525528
0.20747
0.207798
0.527128
0.481451
0.422579
0.374006
0.342301
0.323059
0.313092
0.308758
0.308885
0.309615
0.310896
0.317156
0.327341
0.347087
0.378279
0.424484
0.481661
0.524955
0.207158
0.207803
0.526894
0.481917
0.422696
0.374634
0.342424
0.323374
0.313514
0.308895
0.307293
0.308062
0.311726
0.31658
0.327415
0.346867
0.377839
0.423488
0.481336
0.525313
0.207376
0.207834
0.526876
0.481541
0.421541
0.374051
0.342098
0.323363
0.314629
0.310289
0.307844
0.30918
0.311891
0.316837
0.328317
0.346807
0.378169
0.424046
0.480772
0.525408
0.207395
0.207836
0.526735
0.480831
0.421804
0.374323
0.342141
0.323752
0.312902
0.30836
0.308215
0.308026
0.311732
0.317748
0.328173
0.346819
0.377989
0.424754
0.481228
0.525077
0.207168
0.207857
0.527054
0.481364
0.421869
0.374295
0.342191
0.323087
0.312895
0.308167
0.306507
0.307793
0.310967
0.317003
0.32786
0.346904
0.378213
0.424819
0.481611
0.525367
0.207408
0.208144
0.527579
0.482056
0.4227
0.37422
0.342301
0.32326
0.313025
0.308393
0.306877
0.308066
0.312183
0.318192
0.328147
0.347149
0.378111
0.424494
0.480647
0.525063
0.207164
0.208053
0.527477
0.482006
0.422695
0.374512
0.342879
0.324406
0.313537
0.309016
0.30735
0.309071
0.311017
0.317081
0.328327
0.346941
0.378001
0.424245
0.480692
0.525324
0.207287
0.207896
0.52725
0.480802
0.422229
0.374284
0.342427
0.323947
0.313868
0.310431
0.307369
0.308864
0.311946
0.318348
0.328347
0.347265
0.377731
0.423163
0.480074
0.524716
0.206967
0.207379
0.526618
0.480959
0.421973
0.374091
0.342436
0.323359
0.314383
0.309099
0.30694
0.307497
0.310516
0.317611
0.328922
0.346753
0.377504
0.423047
0.479966
0.524933
0.206929
0.207348
0.526389
0.480081
0.420987
0.373595
0.341756
0.323151
0.314366
0.310508
0.307009
0.307353
0.310433
0.31668
0.327881
0.345779
0.376989
0.422743
0.479467
0.524811
0.206799
0.207272
0.525922
0.479657
0.420948
0.373485
0.341763
0.323134
0.313313
0.309527
0.306902
0.307372
0.311548
0.31754
0.327536
0.345376
0.376639
0.422234
0.478852
0.524487
0.206626
0.207158
0.525612
0.478623
0.420544
0.37325
0.341948
0.323733
0.313645
0.308289
0.306664
0.306874
0.30992
0.31567
0.326367
0.344946
0.375951
0.420881
0.478191
0.524305
0.206565
0.207015
0.525327
0.47819
0.419665
0.372918
0.341598
0.322354
0.312469
0.308245
0.308163
0.307197
0.311144
0.316677
0.325932
0.344674
0.375373
0.420047
0.477126
0.523606
0.206282
0.206787
0.524838
0.477723
0.419165
0.372497
0.34114
0.322427
0.313565
0.30923
0.307133
0.306835
0.30958
0.315171
0.32568
0.344583
0.374813
0.41922
0.476482
0.523188
0.206002
0.206653
0.524642
0.477269
0.418605
0.372192
0.340808
0.322402
0.312445
0.307817
0.308156
0.307405
0.31039
0.315881
0.326285
0.345021
0.374045
0.418234
0.475609
0.52289
0.205724
0.206438
0.524375
0.476533
0.418002
0.371868
0.340885
0.323526
0.313253
0.307698
0.306967
0.306212
0.308563
0.3137
0.32413
0.343423
0.372984
0.417167
0.474835
0.522559
0.205464
0.206204
0.524012
0.4762
0.417778
0.371541
0.340813
0.322976
0.313394
0.307497
0.305779
0.306167
0.309919
0.313929
0.323987
0.342587
0.372335
0.416525
0.474298
0.522087
0.205079
0.205912
0.523606
0.475545
0.417114
0.37122
0.34121
0.323893
0.312652
0.307663
0.306191
0.306342
0.309616
0.313909
0.323874
0.341619
0.371642
0.415793
0.473483
0.521571
0.204747
0.205399
0.522812
0.474633
0.416332
0.370632
0.340115
0.322685
0.313269
0.307883
0.307408
0.306701
0.309388
0.314415
0.324267
0.342008
0.371179
0.415014
0.472823
0.52117
0.204447
0.205179
0.52236
0.47356
0.415018
0.369938
0.33962
0.321481
0.311872
0.307419
0.305603
0.306219
0.308079
0.313811
0.325011
0.341148
0.370515
0.41436
0.472144
0.520567
0.203996
0.204876
0.52174
0.472705
0.414123
0.369421
0.339345
0.322148
0.312071
0.307789
0.305767
0.307029
0.308147
0.31436
0.323689
0.340182
0.369906
0.413587
0.471183
0.520077
0.203678
0.204653
0.521441
0.471962
0.413479
0.36886
0.338342
0.320927
0.311922
0.308862
0.305848
0.306254
0.308731
0.312553
0.322014
0.339764
0.369214
0.412895
0.470273
0.519569
0.203384
0.204349
0.521015
0.47098
0.412636
0.36845
0.338175
0.320936
0.311884
0.307463
0.305524
0.305555
0.307524
0.312381
0.321861
0.339919
0.368707
0.412039
0.46945
0.519439
0.203341
0.203984
0.520482
0.470302
0.412086
0.367961
0.337985
0.320915
0.312104
0.30909
0.30763
0.307382
0.308152
0.313604
0.321751
0.338652
0.367913
0.411208
0.468638
0.519439
0.203116
0.203699
0.51993
0.469316
0.411256
0.367464
0.337962
0.321147
0.312309
0.308309
0.307355
0.307207
0.308138
0.312527
0.321798
0.339025
0.367481
0.41028
0.467872
0.519237
0.202932
0.203176
0.51917
0.468313
0.410465
0.366995
0.33796
0.321408
0.312812
0.308768
0.307795
0.306992
0.309516
0.312892
0.32253
0.338418
0.36675
0.40954
0.467216
0.518581
0.202605
0.202757
0.518554
0.467277
0.409551
0.366543
0.338582
0.322024
0.313719
0.309765
0.308538
0.307362
0.308962
0.313068
0.321452
0.33778
0.366104
0.4086
0.466287
0.51783
0.202096
0.202332
0.518011
0.466435
0.408634
0.365805
0.337932
0.323163
0.315147
0.312005
0.309755
0.309292
0.309735
0.314534
0.321861
0.337948
0.365584
0.407704
0.465332
0.517087
0.201725
0.201982
0.517383
0.465578
0.407648
0.365129
0.338019
0.322564
0.315026
0.312411
0.31021
0.309587
0.311176
0.313852
0.322422
0.337414
0.364736
0.406559
0.464346
0.516451
0.201348
0.201832
0.517119
0.464771
0.406738
0.364472
0.337471
0.323731
0.31702
0.313966
0.312508
0.311953
0.312082
0.31504
0.321669
0.336844
0.363958
0.405515
0.463317
0.5159
0.20105
0.201509
0.516518
0.463633
0.405717
0.36401
0.337983
0.324278
0.317676
0.314947
0.313367
0.31269
0.312426
0.315099
0.32228
0.336777
0.363239
0.404431
0.462159
0.515117
0.200623
0.201224
0.516044
0.462519
0.404569
0.363317
0.337932
0.324915
0.319007
0.316245
0.314587
0.313918
0.314373
0.315932
0.322899
0.336414
0.362436
0.403408
0.461088
0.514767
0.20041
0.20073
0.51529
0.46135
0.403507
0.36285
0.338113
0.325556
0.319839
0.317406
0.315887
0.315047
0.315179
0.317547
0.323336
0.336455
0.361851
0.402537
0.46
0.514168
0.200016
0.200245
0.514615
0.459938
0.402368
0.362208
0.33806
0.326332
0.320962
0.318587
0.317139
0.316261
0.316186
0.318341
0.323432
0.33644
0.361161
0.40151
0.459048
0.513583
0.19968
0.199639
0.513649
0.458664
0.401346
0.361692
0.338857
0.327265
0.322089
0.319697
0.318358
0.317682
0.317923
0.319744
0.324013
0.33635
0.360547
0.400615
0.458068
0.513136
0.199504
0.199089
0.512646
0.457176
0.400079
0.360737
0.33858
0.328158
0.323322
0.320919
0.319664
0.319055
0.319223
0.320788
0.325487
0.336217
0.359627
0.399484
0.45694
0.512511
0.199202
0.198803
0.512127
0.45604
0.399155
0.36012
0.339559
0.329263
0.324315
0.322057
0.32107
0.320665
0.320803
0.322085
0.326433
0.33707
0.358853
0.398482
0.455851
0.512017
0.199
0.198359
0.511335
0.454691
0.39807
0.359709
0.339171
0.330128
0.325487
0.323272
0.322324
0.322027
0.322381
0.323856
0.327836
0.337282
0.358047
0.397363
0.454737
0.511535
0.198684
0.198004
0.5106
0.453407
0.397065
0.359626
0.340193
0.331063
0.32666
0.324558
0.323771
0.323557
0.323823
0.325057
0.32857
0.337509
0.357799
0.396268
0.453365
0.510985
0.198349
0.197658
0.509881
0.452053
0.395877
0.359528
0.339845
0.331962
0.327847
0.32596
0.325137
0.324865
0.325086
0.326174
0.329371
0.337109
0.357563
0.395045
0.451991
0.510211
0.197933
0.197286
0.509181
0.450766
0.394699
0.358787
0.340514
0.332633
0.329136
0.327525
0.326741
0.326419
0.326517
0.327339
0.330019
0.337418
0.356202
0.393636
0.450447
0.509285
0.19749
0.196821
0.508324
0.449154
0.393164
0.357475
0.33885
0.332665
0.330077
0.328825
0.328227
0.327952
0.32791
0.328435
0.330601
0.336623
0.354993
0.392278
0.448907
0.508428
0.19707
0.196449
0.507579
0.447603
0.391608
0.355985
0.337335
0.332251
0.330806
0.330102
0.329699
0.329385
0.329178
0.329424
0.331197
0.337147
0.354684
0.391012
0.447413
0.507684
0.196674
0.196014
0.506747
0.446071
0.390067
0.354219
0.336762
0.331088
0.331289
0.33116
0.330947
0.330613
0.330264
0.330249
0.331531
0.336287
0.354308
0.389395
0.44558
0.506674
0.196106
0.195683
0.506022
0.444512
0.388547
0.352615
0.336708
0.331873
0.331727
0.332021
0.332076
0.331823
0.331359
0.331027
0.33176
0.336021
0.352992
0.387758
0.443728
0.505646
0.195534
0.195224
0.505268
0.44286
0.38695
0.351331
0.336236
0.329811
0.331253
0.332682
0.333081
0.332862
0.332227
0.331535
0.331599
0.336231
0.352161
0.386146
0.44194
0.504744
0.195048
0.194707
0.504339
0.440825
0.385113
0.350646
0.335437
0.329327
0.330231
0.333075
0.333887
0.333763
0.333007
0.331881
0.33052
0.334916
0.350738
0.384189
0.439849
0.503654
0.194399
0.194109
0.50333
0.438695
0.383007
0.350183
0.33434
0.328931
0.331521
0.333809
0.334724
0.334629
0.333719
0.332294
0.331369
0.335113
0.350068
0.382183
0.437498
0.502301
0.19362
0.193276
0.501855
0.436102
0.380485
0.347635
0.333305
0.328454
0.329992
0.333751
0.335339
0.335403
0.334281
0.332003
0.329502
0.332821
0.348607
0.379725
0.434794
0.500615
0.19267
0.192454
0.500311
0.433337
0.377908
0.345543
0.332066
0.328377
0.33029
0.33363
0.335987
0.336178
0.33486
0.331362
0.329484
0.33222
0.346504
0.37712
0.432087
0.499008
0.191785
0.191399
0.498474
0.430212
0.37511
0.343681
0.330752
0.328201
0.331601
0.335004
0.336691
0.336865
0.335715
0.333542
0.330575
0.332213
0.344543
0.374263
0.428793
0.496851
0.190536
0.190205
0.496427
0.426621
0.371978
0.342393
0.331629
0.328264
0.329833
0.333888
0.336583
0.337008
0.335722
0.332812
0.328596
0.329695
0.342094
0.371291
0.425516
0.494946
0.189481
0.188927
0.49435
0.422761
0.368496
0.342183
0.33004
0.329332
0.33077
0.332291
0.335829
0.336479
0.335317
0.332492
0.329181
0.329997
0.340063
0.368198
0.421797
0.492533
0.188085
0.187256
0.491724
0.418476
0.364316
0.338491
0.329759
0.327571
0.329005
0.331925
0.334241
0.334698
0.333686
0.330785
0.327201
0.32736
0.337705
0.364862
0.417995
0.490343
0.186801
0.185383
0.488691
0.413885
0.360324
0.3358
0.327406
0.326751
0.329906
0.333528
0.336425
0.334943
0.333612
0.33256
0.327184
0.327251
0.337898
0.361692
0.413665
0.48739
0.18494
0.183234
0.485284
0.409279
0.35658
0.333035
0.324968
0.325358
0.327609
0.331196
0.334742
0.335816
0.334601
0.331434
0.326864
0.326907
0.335582
0.35775
0.4092
0.484641
0.183183
0.180726
0.48136
0.404253
0.353127
0.330999
0.323231
0.324676
0.328106
0.33149
0.333348
0.333572
0.332124
0.329313
0.326341
0.327352
0.333016
0.353943
0.404404
0.481068
0.180759
0.177811
0.476854
0.398755
0.349917
0.329672
0.323793
0.3274
0.331079
0.332686
0.334328
0.334333
0.332757
0.329806
0.326349
0.325373
0.330753
0.350415
0.39943
0.477258
0.17816
0.174448
0.47154
0.392426
0.346056
0.327987
0.324199
0.328222
0.332417
0.33543
0.335665
0.335313
0.333613
0.33056
0.326775
0.324389
0.328839
0.346943
0.393792
0.472235
0.174695
0.170599
0.465345
0.385584
0.341696
0.326014
0.325941
0.329634
0.334345
0.3374
0.339041
0.339012
0.337376
0.334235
0.329929
0.325246
0.327623
0.343489
0.387605
0.466648
0.171017
0.166442
0.458393
0.378698
0.337973
0.324856
0.326797
0.332053
0.336639
0.339734
0.340723
0.340427
0.338663
0.335428
0.330879
0.325837
0.326245
0.339701
0.380752
0.459862
0.166681
0.162017
0.450726
0.37168
0.334879
0.325907
0.329011
0.334175
0.338698
0.341838
0.343321
0.342869
0.341079
0.337976
0.333685
0.328359
0.325342
0.336099
0.37377
0.452325
0.162194
0.157556
0.442549
0.364913
0.331818
0.325939
0.330279
0.336159
0.34076
0.34386
0.345082
0.344884
0.34326
0.340141
0.335583
0.330311
0.32659
0.333588
0.366994
0.444031
0.157577
0.153294
0.434153
0.358767
0.329731
0.326346
0.332072
0.338113
0.34268
0.345573
0.346902
0.346789
0.34529
0.342328
0.3378
0.331949
0.326995
0.331014
0.360274
0.435307
0.153205
0.149458
0.425695
0.353312
0.328427
0.32739
0.333751
0.339766
0.344197
0.346989
0.348308
0.348355
0.347097
0.344359
0.339968
0.334061
0.328286
0.329611
0.354423
0.426357
0.149275
0.146423
0.417617
0.349001
0.328548
0.329947
0.336064
0.341638
0.345719
0.348248
0.349374
0.349461
0.348484
0.346111
0.342119
0.336511
0.330333
0.329061
0.349527
0.41782
0.146303
0.144132
0.409503
0.345259
0.32848
0.331222
0.337586
0.343132
0.347016
0.349212
0.349616
0.349738
0.349345
0.347637
0.343962
0.338452
0.331883
0.329132
0.345608
0.409388
0.144359
0.14312
0.401663
0.342607
0.329539
0.333353
0.339641
0.344837
0.34843
0.350544
0.351552
0.351711
0.351001
0.349119
0.345705
0.340623
0.33432
0.330324
0.342897
0.401665
0.143116
0.14299
0.393747
0.340426
0.330934
0.335412
0.341561
0.346488
0.349886
0.351918
0.35281
0.352927
0.352316
0.350504
0.34725
0.342369
0.336146
0.331439
0.340583
0.393814
0.142363
0.14133
0.385699
0.338545
0.332185
0.337406
0.343461
0.348134
0.351359
0.353371
0.354275
0.354469
0.353724
0.351926
0.348847
0.344209
0.338076
0.33265
0.338586
0.385836
0.142127
0.141762
0.37753
0.336894
0.333557
0.339487
0.345452
0.349839
0.352781
0.354604
0.355521
0.355603
0.354869
0.353212
0.35038
0.34602
0.339998
0.333848
0.336651
0.377509
0.141125
0.141995
0.369086
0.335296
0.335281
0.341909
0.347698
0.351751
0.354397
0.355997
0.356755
0.356795
0.356137
0.354654
0.352097
0.348074
0.342263
0.335504
0.335123
0.368817
0.142016
0.144387
0.360024
0.334198
0.337337
0.344532
0.350063
0.353738
0.356048
0.357402
0.358034
0.358053
0.357479
0.356182
0.353918
0.350257
0.344705
0.337435
0.334168
0.359978
0.144312
0.146986
0.351452
0.333882
0.339957
0.347457
0.352623
0.355861
0.357811
0.358908
0.359406
0.359414
0.358936
0.357861
0.355952
0.352751
0.347604
0.34009
0.333892
0.351334
0.146881
0.151819
0.343521
0.334979
0.343376
0.350825
0.355441
0.358139
0.359677
0.360505
0.360866
0.360866
0.360512
0.359695
0.358166
0.355468
0.350842
0.343395
0.335023
0.343587
0.151853
0.158261
0.337277
0.337304
0.347474
0.3545
0.35841
0.360517
0.36163
0.362189
0.362417
0.362412
0.362178
0.361625
0.36052
0.358429
0.354529
0.347503
0.337278
0.337151
0.158131
0.166951
0.333601
0.341365
0.352399
0.358507
0.3615
0.36292
0.36357
0.363849
0.363946
0.363944
0.363841
0.363564
0.362912
0.361495
0.358494
0.352368
0.341333
0.333554
0.166987
0.177823
0.332156
0.346783
0.357666
0.362584
0.364551
0.36524
0.365414
0.365409
0.365377
0.365379
0.365409
0.365417
0.365243
0.364561
0.362606
0.357705
0.34685
0.33213
0.177809
0.19116
0.332673
0.353894
0.363531
0.366753
0.3675
0.367393
0.367068
0.366773
0.366605
0.366604
0.366766
0.36706
0.367381
0.367483
0.366732
0.363505
0.353893
0.332714
0.191167
0.207275
0.33896
0.362668
0.369565
0.370713
0.370174
0.369288
0.368501
0.367947
0.367664
0.367662
0.36794
0.368491
0.369277
0.370165
0.370718
0.369598
0.362747
0.339049
0.20734
0.225468
0.348538
0.372537
0.375583
0.374349
0.372473
0.370856
0.369673
0.368914
0.368543
0.368541
0.368906
0.369659
0.370839
0.37245
0.374329
0.375571
0.372535
0.348522
0.225341
0.246068
0.364181
0.383706
0.381347
0.377428
0.374261
0.372037
0.370584
0.369708
0.369296
0.369295
0.369703
0.370574
0.372025
0.374248
0.377426
0.381368
0.383777
0.364265
0.246153
0.268093
0.38468
0.395107
0.386069
0.379356
0.375297
0.372801
0.37128
0.370406
0.370007
0.370007
0.370402
0.371273
0.372791
0.375289
0.379354
0.386084
0.395127
0.384663
0.267996
0.291337
0.410582
0.404838
0.388382
0.380081
0.37573
0.373296
0.371891
0.371126
0.370792
0.370792
0.371126
0.371889
0.373289
0.375724
0.380075
0.388382
0.404851
0.410577
0.291321
0.314341
0.434653
0.409055
0.38887
0.380074
0.375793
0.37362
0.372502
0.371951
0.371728
0.371729
0.371954
0.372506
0.37362
0.375794
0.38007
0.388873
0.409062
0.434657
0.314365
0.338075
0.444934
0.406887
0.385651
0.378079
0.375053
0.373769
0.373199
0.372959
0.372874
0.372874
0.372963
0.373205
0.373775
0.375058
0.378083
0.385655
0.406895
0.444936
0.338019
0.364379
0.421544
0.386485
0.377508
0.37538
0.374626
0.374347
0.374272
0.374255
0.374253
0.374253
0.374255
0.374272
0.374347
0.374627
0.37538
0.377506
0.386479
0.421541
0.364396
0.593541
1.17171
1.02399
0.824097
0.65723
0.542625
0.473568
0.43574
0.416562
0.408299
0.407666
0.414615
0.432624
0.469474
0.538218
0.649281
0.810493
0.999495
1.15162
0.578882
0.58908
1.17021
1.02193
0.820503
0.649827
0.538336
0.471539
0.435367
0.41713
0.409192
0.408501
0.414915
0.431907
0.467087
0.537115
0.647651
0.809093
0.997176
1.15069
0.574623
0.593517
1.16979
1.02039
0.81769
0.651014
0.538965
0.471811
0.435486
0.41694
0.408759
0.408203
0.414681
0.432181
0.467511
0.536077
0.646591
0.808686
0.991371
1.14927
0.577343
0.592553
1.16288
1.01725
0.811616
0.651635
0.538091
0.471256
0.435363
0.416742
0.408287
0.407977
0.414428
0.431993
0.467057
0.531807
0.63934
0.807689
1.00272
1.14578
0.576288
0.591214
1.1639
1.0101
0.81892
0.647582
0.536964
0.471706
0.435178
0.416213
0.408397
0.40736
0.414417
0.431542
0.468124
0.534454
0.641784
0.807561
1.00245
1.14958
0.574911
0.590305
1.16054
1.01116
0.816217
0.650483
0.536374
0.471203
0.434846
0.416199
0.407873
0.40746
0.413696
0.431432
0.467439
0.53339
0.640647
0.804297
1.00199
1.14705
0.572036
0.586133
1.16074
1.01104
0.813918
0.644032
0.534486
0.469527
0.434189
0.415168
0.406652
0.406428
0.413269
0.430727
0.46482
0.528824
0.642441
0.796938
0.999758
1.15422
0.576185
0.586419
1.16233
1.00962
0.80447
0.643557
0.533196
0.469138
0.43379
0.41525
0.406496
0.406874
0.413184
0.430662
0.465123
0.529227
0.641864
0.803701
0.998598
1.15385
0.580402
0.584344
1.16051
1.00773
0.807621
0.644548
0.532004
0.468209
0.433008
0.414385
0.406137
0.405961
0.412879
0.430473
0.465306
0.527692
0.634569
0.794199
0.988901
1.15271
0.579651
0.581226
1.15589
1.00383
0.801047
0.642329
0.530699
0.467392
0.432817
0.414354
0.406046
0.406063
0.412788
0.430003
0.46489
0.527123
0.635541
0.795507
0.991253
1.15205
0.578334
0.580199
1.15039
1.00199
0.805683
0.636491
0.528699
0.466642
0.432665
0.414379
0.405908
0.405934
0.412803
0.429946
0.46437
0.526095
0.635172
0.79383
0.989003
1.15087
0.582303
0.579379
1.14991
0.992918
0.797866
0.634386
0.52825
0.465954
0.432649
0.414563
0.405586
0.404923
0.411935
0.42952
0.463935
0.525359
0.637976
0.794868
0.989117
1.15051
0.581901
0.58
1.15096
0.993521
0.799375
0.630979
0.526457
0.465222
0.432824
0.414306
0.405569
0.404887
0.411824
0.429351
0.462715
0.525516
0.637633
0.792757
0.989448
1.14657
0.581612
0.582354
1.15463
0.994071
0.797127
0.628107
0.522488
0.464054
0.431976
0.413723
0.40561
0.404865
0.41167
0.42918
0.463062
0.526317
0.636254
0.796799
0.992484
1.14846
0.580828
0.582095
1.15442
0.988581
0.790156
0.625932
0.520158
0.462988
0.43147
0.41403
0.405813
0.404949
0.41156
0.428837
0.462287
0.523254
0.634552
0.790619
0.987622
1.15125
0.580529
0.581072
1.15354
0.994315
0.794147
0.625816
0.518536
0.462022
0.430602
0.413064
0.406318
0.405333
0.411525
0.428474
0.461915
0.524601
0.628968
0.795316
0.994378
1.15116
0.576525
0.580741
1.15318
0.991493
0.791807
0.619329
0.51723
0.461152
0.429758
0.412898
0.405146
0.40415
0.410924
0.427957
0.459953
0.521066
0.628903
0.787178
0.985754
1.14569
0.577849
0.579112
1.14753
0.988522
0.784474
0.622922
0.516974
0.460454
0.428878
0.411823
0.404307
0.404137
0.410945
0.427748
0.459855
0.520395
0.629261
0.788593
0.985896
1.14672
0.578806
0.578225
1.14812
0.984435
0.785765
0.623992
0.515983
0.459686
0.428436
0.412084
0.404484
0.404752
0.411056
0.427336
0.458535
0.519417
0.627516
0.782219
0.981941
1.14815
0.57619
0.57643
1.14781
0.981303
0.782916
0.618196
0.51519
0.458983
0.427727
0.411612
0.404973
0.403732
0.411415
0.426954
0.457995
0.519245
0.62607
0.786566
0.979345
1.14849
0.580479
0.573367
1.14394
0.971872
0.779732
0.61742
0.514569
0.458589
0.42791
0.411792
0.404363
0.403511
0.410708
0.426286
0.457064
0.51758
0.623763
0.780448
0.979068
1.14526
0.579263
0.575814
1.1465
0.972447
0.77739
0.615251
0.514431
0.457878
0.427379
0.411323
0.40486
0.403473
0.40992
0.425604
0.456305
0.514814
0.618151
0.782682
0.980602
1.14568
0.57871
0.57081
1.14032
0.968701
0.769701
0.612409
0.513002
0.457229
0.426697
0.410775
0.404553
0.403252
0.409058
0.424926
0.455608
0.513788
0.616963
0.780835
0.982756
1.14532
0.576563
0.56999
1.13824
0.966518
0.768334
0.609169
0.509715
0.456294
0.426068
0.410043
0.403721
0.403417
0.409096
0.424562
0.454579
0.511687
0.613922
0.778235
0.980468
1.14261
0.574649
0.565908
1.13523
0.96135
0.760645
0.606063
0.508694
0.455561
0.426341
0.410132
0.402848
0.402642
0.409412
0.423686
0.453756
0.509867
0.612028
0.775146
0.97309
1.14142
0.574623
0.56393
1.13154
0.957709
0.756287
0.602916
0.507339
0.454859
0.426027
0.410798
0.403373
0.403156
0.40865
0.423434
0.453103
0.507943
0.607025
0.766748
0.973925
1.14103
0.573519
0.561927
1.1274
0.950188
0.748347
0.599419
0.505565
0.453996
0.425583
0.409293
0.402039
0.401949
0.40853
0.423377
0.45226
0.506488
0.605508
0.765046
0.971686
1.14154
0.573881
0.559667
1.12562
0.945793
0.7451
0.595745
0.504413
0.453165
0.425001
0.408435
0.401876
0.401871
0.409319
0.422803
0.451711
0.505362
0.603194
0.761053
0.963998
1.13946
0.572767
0.557304
1.12187
0.942129
0.739971
0.593238
0.503005
0.452239
0.424569
0.408391
0.402131
0.401917
0.408352
0.422459
0.451192
0.504015
0.600969
0.757278
0.962517
1.1406
0.569102
0.55518
1.11859
0.936234
0.735396
0.590292
0.501775
0.451579
0.42396
0.408287
0.403095
0.402163
0.409068
0.421502
0.450475
0.502729
0.598493
0.753184
0.959061
1.13673
0.568031
0.553526
1.11568
0.931783
0.731475
0.587911
0.500556
0.450773
0.423377
0.408171
0.402629
0.402444
0.407829
0.421014
0.449903
0.501009
0.595252
0.749374
0.954229
1.13645
0.565547
0.552882
1.11313
0.926834
0.727775
0.585721
0.499296
0.449426
0.422298
0.408173
0.401918
0.401469
0.406817
0.420591
0.449243
0.499969
0.592478
0.744295
0.947164
1.13318
0.564365
0.553425
1.11346
0.926565
0.724896
0.583823
0.498417
0.448569
0.421593
0.408023
0.402112
0.401608
0.40693
0.420436
0.448696
0.498629
0.590458
0.744268
0.947098
1.13493
0.563951
0.552808
1.11601
0.928852
0.722876
0.582286
0.49763
0.448435
0.421753
0.409089
0.403047
0.402003
0.407203
0.420306
0.448044
0.497324
0.587356
0.741426
0.946165
1.13368
0.560022
0.551561
1.11441
0.926795
0.721131
0.580648
0.496568
0.448369
0.42185
0.408874
0.403282
0.402255
0.407223
0.420149
0.447429
0.496097
0.584781
0.73358
0.942276
1.12675
0.558204
0.550355
1.11266
0.924134
0.718617
0.579011
0.4958
0.447721
0.422314
0.408548
0.403524
0.40326
0.40815
0.419963
0.446832
0.494741
0.581686
0.727855
0.933438
1.1239
0.555151
0.547467
1.1087
0.921714
0.716417
0.577335
0.495045
0.447676
0.421871
0.408565
0.403343
0.402906
0.407894
0.419782
0.446295
0.493669
0.579665
0.724119
0.928968
1.1205
0.553113
0.547121
1.11118
0.91418
0.712443
0.575486
0.494344
0.448019
0.422078
0.408681
0.402925
0.402617
0.407736
0.419625
0.44562
0.492185
0.576444
0.718934
0.924468
1.11692
0.549834
0.544973
1.10893
0.910816
0.709858
0.573763
0.493511
0.447646
0.422811
0.408973
0.403097
0.403282
0.407258
0.419501
0.444865
0.490722
0.573786
0.714717
0.918128
1.11422
0.547862
0.54227
1.1066
0.90596
0.707418
0.57216
0.492676
0.44776
0.422432
0.409095
0.403245
0.402658
0.407281
0.419413
0.444102
0.489165
0.570398
0.709614
0.913569
1.1134
0.544743
0.539918
1.09916
0.900223
0.704126
0.570151
0.491807
0.447694
0.423129
0.409418
0.403489
0.403529
0.408105
0.419556
0.443631
0.48778
0.567536
0.704634
0.90655
1.10918
0.542481
0.536791
1.09664
0.89435
0.701019
0.568457
0.490881
0.447053
0.422303
0.409994
0.403709
0.403107
0.407472
0.419811
0.442922
0.486363
0.564985
0.701081
0.902471
1.10544
0.53947
0.533777
1.09171
0.889052
0.696556
0.566049
0.489802
0.446511
0.421511
0.409258
0.403836
0.403802
0.406828
0.418244
0.44124
0.484951
0.562622
0.696662
0.898038
1.10231
0.536599
0.530078
1.08892
0.884414
0.692266
0.563789
0.488666
0.445988
0.421535
0.410041
0.404102
0.40325
0.406784
0.417318
0.440028
0.483547
0.559937
0.692314
0.892367
1.0979
0.533383
0.528639
1.08785
0.880941
0.68813
0.561375
0.487486
0.445454
0.421522
0.409542
0.404296
0.404244
0.407054
0.417266
0.438663
0.482085
0.557164
0.68752
0.886898
1.09508
0.530692
0.526867
1.08806
0.876518
0.684902
0.559359
0.486181
0.444824
0.421909
0.409747
0.404544
0.404265
0.407256
0.417479
0.438181
0.480661
0.554324
0.682694
0.880273
1.09085
0.527445
0.525223
1.08862
0.872497
0.681341
0.557142
0.484747
0.443934
0.421093
0.410424
0.404751
0.404326
0.407865
0.417134
0.437639
0.478836
0.551044
0.677672
0.874356
1.0872
0.524455
0.524018
1.08669
0.868917
0.67832
0.55524
0.483268
0.443008
0.421103
0.409925
0.404928
0.403964
0.40745
0.417296
0.437352
0.476677
0.547059
0.67129
0.866291
1.08249
0.521156
0.522451
1.08177
0.86549
0.675649
0.553394
0.481588
0.441714
0.421781
0.41011
0.405209
0.404127
0.407904
0.416356
0.437408
0.474401
0.543421
0.665979
0.859549
1.0791
0.518235
0.521195
1.08004
0.861146
0.672174
0.551381
0.479747
0.440434
0.420806
0.410231
0.406323
0.40432
0.407385
0.416065
0.435648
0.471824
0.539449
0.660143
0.852825
1.07447
0.515065
0.519045
1.07648
0.857
0.668841
0.54925
0.478002
0.440133
0.420165
0.410333
0.406343
0.404431
0.406653
0.416207
0.434389
0.469485
0.535659
0.654553
0.846005
1.0702
0.511865
0.51695
1.07051
0.851749
0.66483
0.546701
0.476146
0.440263
0.420926
0.410718
0.406879
0.405331
0.406436
0.414677
0.432375
0.466416
0.531414
0.648303
0.839019
1.06714
0.508403
0.514797
1.06763
0.847535
0.660991
0.543972
0.474428
0.439116
0.420375
0.410868
0.406998
0.404983
0.406278
0.413442
0.430253
0.46359
0.527467
0.642149
0.831395
1.06207
0.504092
0.512294
1.06275
0.841983
0.65656
0.54104
0.473715
0.437535
0.420266
0.411831
0.407093
0.405908
0.406266
0.412398
0.42813
0.46093
0.523373
0.635782
0.823917
1.05685
0.499238
0.509932
1.05959
0.836702
0.651824
0.537499
0.473566
0.4368
0.420116
0.411585
0.407785
0.405314
0.406338
0.412736
0.426783
0.458886
0.519006
0.629141
0.816439
1.05097
0.494441
0.506548
1.05433
0.830688
0.64684
0.53371
0.4705
0.436337
0.41982
0.41121
0.407297
0.405516
0.406667
0.411455
0.426167
0.456442
0.513685
0.621702
0.808016
1.04531
0.489587
0.503653
1.05016
0.824813
0.641456
0.529548
0.467815
0.436385
0.419452
0.411562
0.408694
0.406668
0.405468
0.411101
0.42423
0.452487
0.508143
0.614357
0.799289
1.03842
0.484434
0.499829
1.04489
0.818528
0.63613
0.525528
0.46494
0.433876
0.418754
0.4125
0.408553
0.406668
0.405071
0.408764
0.421163
0.448701
0.502642
0.60661
0.79001
1.03084
0.479518
0.495566
1.03902
0.811547
0.630173
0.521155
0.462254
0.431381
0.417831
0.412471
0.409971
0.407457
0.404931
0.4073
0.419129
0.445104
0.496748
0.598489
0.780723
1.0232
0.474737
0.491903
1.03436
0.804993
0.624478
0.517016
0.46023
0.429344
0.416937
0.412302
0.409773
0.407196
0.40495
0.406736
0.416915
0.440374
0.490118
0.590085
0.771848
1.0178
0.471247
0.48783
1.02926
0.797154
0.617929
0.512316
0.45813
0.428724
0.416922
0.411887
0.409748
0.407481
0.405231
0.406552
0.416102
0.436182
0.483682
0.581289
0.762652
1.01226
0.467328
0.484613
1.02483
0.790368
0.611809
0.507224
0.455058
0.428058
0.417118
0.412779
0.409496
0.406854
0.404711
0.406408
0.411787
0.431305
0.47693
0.572334
0.753444
1.00865
0.46446
0.480826
1.01999
0.781931
0.604873
0.501941
0.452041
0.427713
0.417877
0.412243
0.408538
0.405706
0.403738
0.404165
0.409455
0.428302
0.471062
0.563904
0.744319
1.00388
0.460797
0.477346
1.01566
0.773326
0.59787
0.497804
0.449688
0.427384
0.416942
0.412144
0.409519
0.406084
0.404403
0.402773
0.407265
0.425856
0.465769
0.555754
0.734784
0.99853
0.456586
0.473694
1.01197
0.763941
0.590249
0.49532
0.449814
0.428446
0.417986
0.411333
0.408782
0.406652
0.403441
0.402513
0.406796
0.423659
0.460919
0.548122
0.726041
0.994804
0.452654
0.468553
1.00677
0.752167
0.580464
0.492192
0.450851
0.426661
0.416896
0.410668
0.407293
0.405169
0.403247
0.402237
0.406688
0.421167
0.456768
0.540787
0.716054
0.988551
0.446497
0.4631
1.00161
0.739929
0.56936
0.487049
0.447026
0.425995
0.415817
0.41073
0.40731
0.405408
0.403548
0.40208
0.404245
0.418804
0.452057
0.532614
0.704705
0.981707
0.439536
0.453918
0.992251
0.724385
0.556625
0.477279
0.442438
0.426407
0.416295
0.411883
0.407307
0.406287
0.404782
0.402305
0.403708
0.416178
0.446277
0.523291
0.690845
0.971286
0.430136
0.443303
0.981316
0.70806
0.545317
0.470268
0.437721
0.422706
0.413751
0.410523
0.406902
0.404936
0.403455
0.402266
0.403306
0.413288
0.440927
0.513354
0.675621
0.959611
0.419709
0.428123
0.964599
0.687374
0.530531
0.461485
0.432536
0.4205
0.41357
0.409846
0.406891
0.405133
0.403947
0.403661
0.403584
0.411315
0.435961
0.502914
0.658424
0.943931
0.406622
0.412283
0.945332
0.666272
0.518261
0.454409
0.427619
0.416996
0.410998
0.408452
0.406818
0.405364
0.404791
0.403352
0.402116
0.407971
0.430013
0.491925
0.640038
0.925298
0.391568
0.393896
0.921366
0.641816
0.503386
0.447297
0.422326
0.413786
0.410497
0.409598
0.407952
0.405606
0.403849
0.403303
0.402705
0.405803
0.427791
0.482528
0.621271
0.904987
0.376169
0.374807
0.893798
0.617497
0.490838
0.442267
0.419314
0.411585
0.408721
0.408743
0.406916
0.406057
0.403942
0.402857
0.400981
0.405246
0.424608
0.472471
0.600949
0.880596
0.358965
0.355399
0.864557
0.592735
0.477651
0.435977
0.418023
0.412306
0.408634
0.408472
0.406816
0.404676
0.404128
0.401881
0.400443
0.405336
0.420386
0.463351
0.580991
0.855155
0.34273
0.33569
0.833361
0.569079
0.466584
0.429026
0.415552
0.411034
0.408196
0.407472
0.40678
0.404298
0.402722
0.402243
0.399892
0.40249
0.417078
0.454725
0.56056
0.826868
0.325785
0.316605
0.80184
0.547066
0.456766
0.423971
0.412679
0.409846
0.407906
0.405715
0.405842
0.403883
0.402238
0.400423
0.399501
0.402175
0.41403
0.445758
0.54024
0.79635
0.308335
0.297974
0.768705
0.52633
0.447575
0.420886
0.408517
0.408046
0.406989
0.4046
0.404503
0.403647
0.402567
0.400186
0.399229
0.399518
0.410449
0.43706
0.520498
0.764327
0.291108
0.27887
0.734083
0.507009
0.438649
0.418997
0.406921
0.406352
0.404652
0.402598
0.400932
0.400103
0.399793
0.39978
0.399043
0.397548
0.407541
0.426938
0.500123
0.729153
0.273597
0.261374
0.69617
0.487771
0.429756
0.415209
0.405091
0.403304
0.400056
0.397864
0.396692
0.39629
0.396392
0.396676
0.397136
0.396129
0.402139
0.417037
0.481464
0.692829
0.257257
0.244968
0.656828
0.469432
0.421434
0.408107
0.402705
0.398173
0.395285
0.393411
0.392413
0.392191
0.392556
0.393206
0.393867
0.394928
0.396664
0.409387
0.464419
0.655898
0.243845
0.233513
0.61688
0.450762
0.412372
0.402251
0.396779
0.393223
0.390583
0.388851
0.388
0.387933
0.38845
0.389175
0.389594
0.390118
0.391768
0.402823
0.448717
0.619687
0.23475
0.228964
0.580834
0.434911
0.404366
0.396247
0.391901
0.388555
0.386123
0.38458
0.38388
0.383954
0.384648
0.385564
0.385989
0.386719
0.38891
0.398765
0.436702
0.588284
0.232367
0.22801
0.550576
0.422492
0.398031
0.391264
0.387339
0.38441
0.38225
0.380849
0.380226
0.380384
0.381291
0.382687
0.38364
0.384491
0.388185
0.39716
0.426738
0.559354
0.231281
0.227377
0.526681
0.415033
0.393783
0.387784
0.384097
0.381282
0.37919
0.377818
0.377181
0.377293
0.378212
0.379993
0.382536
0.383973
0.388904
0.396414
0.419441
0.535196
0.231283
0.231584
0.508359
0.411292
0.391714
0.385527
0.381819
0.379024
0.376948
0.375573
0.374907
0.374939
0.375674
0.377107
0.379383
0.382964
0.387055
0.393366
0.413321
0.512655
0.232337
0.237453
0.491464
0.40926
0.390928
0.3844
0.380501
0.37763
0.375491
0.374062
0.373366
0.373404
0.374183
0.375662
0.377801
0.380594
0.384617
0.391339
0.410019
0.493865
0.238179
0.242033
0.475386
0.408097
0.391602
0.384439
0.380099
0.376995
0.374684
0.373145
0.372381
0.372388
0.373169
0.374704
0.377004
0.38022
0.384512
0.391644
0.408352
0.476184
0.242308
0.247823
0.459492
0.407767
0.394019
0.38613
0.380556
0.376935
0.374344
0.372673
0.371853
0.371865
0.372712
0.374407
0.376964
0.380665
0.386123
0.393791
0.407906
0.460296
0.248357
0.255148
0.446803
0.408489
0.39602
0.387597
0.381469
0.37714
0.374266
0.372489
0.371625
0.371629
0.372504
0.374329
0.377211
0.38162
0.387716
0.396132
0.40857
0.44622
0.255196
0.263147
0.435929
0.410471
0.398079
0.388766
0.382006
0.377361
0.374358
0.372482
0.371581
0.371578
0.372456
0.374314
0.37736
0.382056
0.388849
0.398335
0.41113
0.436753
0.263532
0.272634
0.4305
0.413827
0.40017
0.389758
0.382421
0.377499
0.374331
0.372443
0.371559
0.371559
0.372437
0.374325
0.377458
0.382381
0.389753
0.400161
0.413803
0.430563
0.272198
0.282834
0.428307
0.418261
0.402496
0.390515
0.382533
0.377455
0.37426
0.372403
0.371553
0.371551
0.37239
0.374241
0.377435
0.382509
0.390508
0.402497
0.418308
0.428309
0.282885
0.294367
0.428851
0.423368
0.404424
0.390811
0.382447
0.377227
0.374088
0.372343
0.371575
0.371574
0.372337
0.374075
0.377208
0.382419
0.390796
0.40444
0.423446
0.428847
0.294154
0.30623
0.437101
0.429843
0.405754
0.390776
0.381934
0.376769
0.373839
0.372306
0.371652
0.371651
0.372303
0.373828
0.376755
0.381916
0.390766
0.405766
0.429833
0.436966
0.305884
0.318565
0.44833
0.436025
0.406228
0.389856
0.380953
0.376103
0.373535
0.3723
0.371803
0.371802
0.372298
0.373527
0.376089
0.380937
0.389845
0.406242
0.436082
0.448384
0.318856
0.330837
0.465866
0.440945
0.405652
0.388189
0.379598
0.375347
0.373342
0.372435
0.372103
0.372102
0.372435
0.373339
0.37534
0.379595
0.388195
0.405679
0.44099
0.465806
0.330289
0.341716
0.48492
0.442814
0.402577
0.385425
0.377909
0.374602
0.373282
0.372746
0.372571
0.372571
0.372746
0.373281
0.374592
0.377893
0.385403
0.402561
0.442851
0.484904
0.341977
0.351643
0.494398
0.439033
0.396454
0.381643
0.376121
0.374219
0.37348
0.373242
0.373179
0.37318
0.373246
0.37349
0.374227
0.376136
0.381651
0.39646
0.439027
0.494364
0.351402
0.360691
0.495664
0.421234
0.38594
0.377221
0.374904
0.374135
0.373922
0.37388
0.373876
0.373876
0.373883
0.373927
0.374142
0.37491
0.377223
0.385888
0.421203
0.495638
0.360722
0.367912
0.430547
0.384774
0.376969
0.375282
0.374719
0.374618
0.37462
0.374628
0.37463
0.37463
0.374627
0.37462
0.374617
0.374721
0.375293
0.377039
0.384797
0.430568
0.367911
1.03939
1.7675
1.53299
1.22026
0.951194
0.755707
0.63027
0.554077
0.512902
0.492977
0.48982
0.502788
0.537305
0.605779
0.727325
0.91964
1.18526
1.50378
1.74819
1.01212
1.03137
1.76528
1.52025
1.20685
0.941832
0.749419
0.629542
0.553564
0.512818
0.492129
0.488835
0.501516
0.536549
0.604458
0.725257
0.916898
1.17256
1.50032
1.74694
1.01062
1.0402
1.7662
1.52673
1.21173
0.949012
0.751772
0.629654
0.552209
0.512926
0.492954
0.489481
0.502233
0.536121
0.603316
0.723455
0.915456
1.18524
1.49939
1.74683
1.00988
1.03932
1.76566
1.53001
1.2134
0.947734
0.75113
0.629374
0.554282
0.513052
0.492478
0.490046
0.501408
0.535585
0.601699
0.715905
0.905116
1.18166
1.48425
1.74335
1.00648
1.03697
1.7639
1.52731
1.20176
0.938212
0.752703
0.629055
0.554375
0.512959
0.493781
0.490243
0.502195
0.53513
0.598688
0.718744
0.909778
1.16899
1.49239
1.73913
0.99734
1.03521
1.75458
1.51498
1.21176
0.942185
0.748667
0.628
0.553741
0.51269
0.493682
0.490035
0.501198
0.533633
0.601329
0.716976
0.907048
1.16791
1.49006
1.7336
1.00237
1.03244
1.75923
1.52202
1.20787
0.943594
0.75214
0.627432
0.553046
0.511451
0.493539
0.489923
0.501579
0.534357
0.600298
0.709726
0.903566
1.16247
1.47816
1.74064
1.00657
1.03079
1.75783
1.51948
1.19585
0.940365
0.746635
0.625983
0.551766
0.511811
0.493595
0.490114
0.501917
0.535258
0.599786
0.710306
0.901309
1.16328
1.48442
1.74019
1.00557
1.02217
1.74816
1.50741
1.20619
0.932963
0.747162
0.62502
0.551283
0.512387
0.493492
0.489822
0.502592
0.53511
0.599029
0.707756
0.891179
1.1696
1.47391
1.73725
0.99813
1.02368
1.75438
1.51243
1.20188
0.930884
0.745249
0.622179
0.550852
0.5123
0.493288
0.488984
0.502503
0.534587
0.598435
0.708284
0.893881
1.16828
1.48319
1.73396
1.00361
1.0205
1.75202
1.50108
1.19922
0.929437
0.741707
0.622263
0.550548
0.511677
0.492817
0.4896
0.502436
0.533313
0.595991
0.710371
0.896978
1.1642
1.46931
1.73045
1.00217
1.01958
1.74324
1.50746
1.19575
0.930566
0.740873
0.622839
0.550433
0.512275
0.493401
0.490149
0.502464
0.534863
0.597797
0.70719
0.894584
1.1621
1.47545
1.72049
0.999816
1.02005
1.74455
1.49201
1.18963
0.921723
0.741548
0.622397
0.551099
0.512183
0.493853
0.489476
0.50216
0.534653
0.595894
0.709889
0.884398
1.15865
1.46514
1.72797
0.999185
1.01743
1.74023
1.4891
1.17743
0.924176
0.740031
0.621311
0.550003
0.512195
0.493939
0.489759
0.501213
0.533554
0.597579
0.708296
0.886899
1.156
1.47305
1.72687
0.997118
1.01407
1.72885
1.47898
1.17389
0.917068
0.734857
0.620385
0.550907
0.511508
0.493849
0.490157
0.501491
0.533646
0.595348
0.706465
0.88867
1.15143
1.45965
1.72134
0.994837
1.00886
1.73341
1.47716
1.16555
0.915969
0.73569
0.619316
0.550496
0.511595
0.493758
0.489799
0.50209
0.533737
0.596288
0.702813
0.886616
1.14714
1.45775
1.71654
0.98685
1.01214
1.73788
1.47395
1.16222
0.914417
0.734051
0.618402
0.550228
0.51143
0.493409
0.490963
0.501709
0.533935
0.594626
0.705031
0.883188
1.13375
1.45089
1.70539
0.986836
1.00758
1.73731
1.47074
1.15786
0.911487
0.729141
0.617197
0.549346
0.511445
0.494009
0.49121
0.503046
0.534907
0.596642
0.701088
0.88058
1.13226
1.44931
1.70651
0.985107
1.00202
1.73437
1.47126
1.15467
0.90529
0.727553
0.615654
0.549857
0.511768
0.49367
0.49104
0.502833
0.533749
0.596318
0.703792
0.877
1.12961
1.4376
1.70918
0.986749
1.00172
1.73232
1.47618
1.15233
0.90533
0.725249
0.615626
0.549824
0.511297
0.494805
0.491692
0.502396
0.535228
0.594826
0.69986
0.874064
1.11821
1.44039
1.70569
0.99088
1.00218
1.72104
1.47221
1.15189
0.90316
0.72459
0.615665
0.54969
0.512263
0.494914
0.492244
0.503883
0.536094
0.596172
0.700873
0.871381
1.11724
1.4445
1.71504
0.989986
1.00704
1.72505
1.46143
1.15479
0.896981
0.724437
0.615133
0.548855
0.513005
0.495463
0.492759
0.504727
0.535898
0.594283
0.69949
0.868119
1.1128
1.43373
1.7051
0.986977
1.00563
1.72267
1.46317
1.1513
0.898131
0.722388
0.613884
0.549029
0.512999
0.495803
0.49305
0.505416
0.535715
0.593811
0.695302
0.860783
1.1099
1.43927
1.70582
0.984575
1.00345
1.71257
1.45839
1.14582
0.891913
0.721984
0.614485
0.549212
0.513437
0.496347
0.493478
0.505376
0.535366
0.593453
0.694556
0.859756
1.10652
1.42773
1.70294
0.981457
1.00201
1.71564
1.4473
1.14128
0.89452
0.722204
0.614346
0.549845
0.513027
0.495958
0.492855
0.505135
0.534617
0.592733
0.691026
0.85329
1.10296
1.42876
1.70309
0.97871
0.999418
1.71892
1.4491
1.13436
0.888102
0.720903
0.613932
0.549913
0.513712
0.496982
0.493545
0.505693
0.535192
0.591552
0.690211
0.853179
1.10121
1.42447
1.69692
0.971488
0.9973
1.7175
1.44548
1.1273
0.888079
0.719743
0.613578
0.549773
0.514173
0.497261
0.494143
0.505777
0.53465
0.591248
0.689185
0.848722
1.08991
1.41884
1.70228
0.97002
0.993791
1.70505
1.43947
1.12425
0.885863
0.718267
0.613023
0.549242
0.514511
0.497258
0.4937
0.505932
0.535021
0.590763
0.689093
0.847009
1.08786
1.41401
1.69961
0.965948
0.991061
1.70386
1.43516
1.1199
0.880215
0.716678
0.612597
0.550287
0.515667
0.497173
0.494616
0.50606
0.534865
0.590314
0.688082
0.845223
1.08208
1.40428
1.68935
0.965485
0.987907
1.69838
1.422
1.11386
0.878602
0.714774
0.61196
0.550093
0.516041
0.498537
0.494485
0.506105
0.534324
0.590183
0.685917
0.842918
1.07802
1.39777
1.69057
0.96692
0.985153
1.69472
1.41819
1.10875
0.873551
0.712933
0.611478
0.54951
0.516392
0.499642
0.495107
0.506188
0.534752
0.589391
0.685017
0.840126
1.07382
1.39218
1.6875
0.96088
0.978281
1.69176
1.40874
1.10353
0.870261
0.711556
0.610967
0.550024
0.516526
0.49986
0.494994
0.506189
0.534435
0.589669
0.683649
0.836204
1.06922
1.38763
1.67811
0.962699
0.975557
1.68126
1.40272
1.09898
0.867739
0.710533
0.610193
0.550287
0.516635
0.500116
0.495526
0.506166
0.535105
0.589042
0.68207
0.833971
1.0642
1.37823
1.67942
0.959413
0.972174
1.68053
1.39655
1.09363
0.864677
0.709267
0.60973
0.54997
0.516575
0.50036
0.49605
0.505584
0.53539
0.589114
0.681174
0.831154
1.05965
1.37025
1.67611
0.956444
0.969588
1.67817
1.38922
1.08785
0.861291
0.708007
0.609269
0.549651
0.516514
0.500643
0.496763
0.506754
0.536264
0.588679
0.679849
0.828131
1.05477
1.36144
1.66413
0.948794
0.965615
1.67248
1.38184
1.08242
0.858435
0.706658
0.608595
0.548788
0.51627
0.500737
0.497505
0.507682
0.536527
0.588966
0.679083
0.82542
1.05011
1.35475
1.65557
0.945645
0.959362
1.6567
1.37265
1.07629
0.855209
0.705081
0.607734
0.548499
0.516069
0.500722
0.498585
0.509088
0.536707
0.58881
0.678053
0.822907
1.04423
1.34669
1.64996
0.940004
0.956317
1.65445
1.36783
1.07181
0.852442
0.703633
0.606888
0.547811
0.515439
0.501127
0.499161
0.509783
0.536736
0.588397
0.677297
0.81981
1.03748
1.34073
1.64302
0.934543
0.953704
1.64977
1.36008
1.06641
0.849328
0.701875
0.60609
0.547424
0.515055
0.500846
0.498808
0.5096
0.53619
0.58826
0.676595
0.818108
1.03357
1.33377
1.63432
0.930632
0.950196
1.64483
1.35478
1.06217
0.846385
0.700143
0.605164
0.546872
0.514771
0.500615
0.498278
0.509476
0.536571
0.588051
0.675858
0.816027
1.02921
1.32672
1.6298
0.926859
0.946521
1.63765
1.34641
1.05596
0.842969
0.698299
0.604174
0.546177
0.514356
0.500349
0.498115
0.508791
0.536375
0.587735
0.675087
0.813761
1.02425
1.32007
1.62411
0.924138
0.942815
1.63307
1.33941
1.05063
0.839354
0.69613
0.603052
0.545684
0.513994
0.500049
0.497864
0.508608
0.535787
0.587378
0.674301
0.811828
1.02014
1.31312
1.61962
0.920958
0.938638
1.6272
1.33248
1.04513
0.835851
0.694054
0.601875
0.544942
0.513449
0.499163
0.497441
0.508086
0.535259
0.586723
0.673035
0.809027
1.01571
1.30809
1.61532
0.918215
0.934424
1.62303
1.32571
1.03999
0.83233
0.6919
0.600677
0.54424
0.51291
0.498914
0.497378
0.507609
0.534786
0.585973
0.671445
0.805884
1.00977
1.2998
1.6102
0.915022
0.929895
1.61688
1.3205
1.03551
0.828839
0.689686
0.599471
0.543476
0.512453
0.498466
0.496991
0.507073
0.534183
0.584973
0.669433
0.802616
1.0044
1.29264
1.60904
0.912249
0.92654
1.61286
1.31451
1.03086
0.825593
0.68735
0.598182
0.542694
0.511955
0.497976
0.496402
0.506459
0.53347
0.58384
0.66739
0.799431
0.999901
1.2865
1.61123
0.909954
0.922991
1.60848
1.31
1.02661
0.822493
0.685141
0.596942
0.54185
0.511334
0.497183
0.495447
0.505895
0.532604
0.582564
0.665226
0.796137
0.995178
1.28003
1.60291
0.907435
0.91962
1.60473
1.30337
1.02126
0.819596
0.683349
0.595675
0.540816
0.510549
0.49671
0.495158
0.505415
0.531934
0.581259
0.663039
0.792377
0.989843
1.27455
1.60578
0.905575
0.915463
1.60106
1.29747
1.01571
0.816166
0.681382
0.594081
0.539606
0.5096
0.496
0.49447
0.504994
0.531135
0.579757
0.660815
0.78896
0.984991
1.2682
1.60048
0.902809
0.911011
1.59627
1.29068
1.00942
0.811495
0.678786
0.59208
0.538201
0.508465
0.495175
0.493999
0.504488
0.530214
0.577937
0.657859
0.784553
0.979158
1.26217
1.59565
0.900426
0.906212
1.59093
1.2827
1.002
0.805156
0.674066
0.589381
0.536537
0.50708
0.494265
0.493684
0.504038
0.529352
0.575937
0.654213
0.780041
0.973922
1.25568
1.58368
0.897179
0.899958
1.58353
1.2742
0.994108
0.799128
0.670142
0.586848
0.534934
0.505995
0.493295
0.492813
0.503393
0.528411
0.57418
0.65087
0.774818
0.967789
1.24944
1.58012
0.894302
0.894928
1.57753
1.26525
0.985083
0.791555
0.664663
0.583481
0.532873
0.504498
0.492037
0.491569
0.502417
0.527288
0.572168
0.646723
0.770062
0.962345
1.24293
1.57284
0.891226
0.888403
1.5703
1.25483
0.975231
0.783907
0.659129
0.580251
0.530886
0.502971
0.490762
0.490294
0.501076
0.525927
0.570178
0.642463
0.765212
0.955405
1.23444
1.56395
0.886384
0.883224
1.56423
1.24385
0.964346
0.775743
0.653731
0.576898
0.528728
0.501286
0.489021
0.488503
0.499428
0.524404
0.568474
0.639693
0.761473
0.948869
1.22801
1.55862
0.883689
0.877793
1.55787
1.23229
0.953233
0.76731
0.647581
0.573192
0.526358
0.499482
0.487471
0.487152
0.498002
0.522631
0.566496
0.637752
0.755918
0.940193
1.21788
1.54905
0.878174
0.873245
1.55269
1.21991
0.941061
0.758366
0.641546
0.56954
0.523995
0.497758
0.48603
0.485788
0.496477
0.520372
0.562612
0.633656
0.748539
0.93218
1.20957
1.54151
0.874218
0.868188
1.54504
1.20684
0.928573
0.74867
0.63459
0.565375
0.521271
0.495742
0.484359
0.484263
0.494937
0.518376
0.558922
0.627187
0.741333
0.924536
1.20055
1.536
0.869759
0.861519
1.53746
1.1923
0.915152
0.738838
0.627877
0.561379
0.51852
0.493643
0.482626
0.482716
0.493413
0.516525
0.555886
0.62336
0.736493
0.917497
1.19206
1.5304
0.865359
0.852648
1.52801
1.17644
0.900922
0.728744
0.620656
0.557079
0.515534
0.491459
0.480916
0.481231
0.492005
0.514838
0.552614
0.619018
0.731646
0.909494
1.18237
1.52643
0.860644
0.84201
1.51657
1.1583
0.885059
0.718285
0.612409
0.552527
0.512274
0.489055
0.479041
0.479648
0.490576
0.513562
0.551106
0.617127
0.72695
0.900001
1.17124
1.51988
0.854361
0.829537
1.50412
1.13956
0.86848
0.707345
0.606413
0.548043
0.508956
0.48675
0.477309
0.47811
0.489026
0.511987
0.549873
0.615109
0.720923
0.889572
1.15989
1.51478
0.848626
0.815102
1.48884
1.11889
0.851852
0.696434
0.604569
0.543385
0.505485
0.484329
0.475472
0.476488
0.487367
0.510161
0.54807
0.609613
0.712367
0.878014
1.14598
1.5061
0.840426
0.800178
1.47317
1.09792
0.834398
0.683115
0.59107
0.536713
0.50185
0.481923
0.473579
0.474728
0.485454
0.507914
0.545821
0.603445
0.704631
0.86602
1.13068
1.4977
0.83112
0.783731
1.45553
1.07646
0.817472
0.671734
0.587023
0.533068
0.498856
0.479533
0.471539
0.472757
0.483339
0.505332
0.541913
0.598077
0.695798
0.852285
1.11257
1.48473
0.818795
0.766976
1.43671
1.05488
0.802086
0.660538
0.577838
0.52757
0.495316
0.47687
0.469224
0.470502
0.480928
0.502606
0.538909
0.593961
0.686955
0.838184
1.0927
1.47001
0.803373
0.749366
1.41576
1.03195
0.786639
0.651908
0.573147
0.523812
0.492129
0.474114
0.466677
0.467981
0.478205
0.499394
0.535068
0.590575
0.678984
0.823509
1.0708
1.45326
0.787857
0.73141
1.39408
1.00859
0.771646
0.643305
0.566655
0.518957
0.488445
0.471083
0.463891
0.465184
0.475142
0.495704
0.530187
0.583953
0.668477
0.806791
1.04664
1.43294
0.767969
0.712503
1.37047
0.983475
0.75517
0.633357
0.56011
0.514122
0.484667
0.467908
0.460953
0.462207
0.471879
0.491875
0.525315
0.576632
0.658305
0.789268
1.02041
1.41116
0.748273
0.693233
1.34751
0.959549
0.738787
0.623368
0.55295
0.508851
0.480618
0.464489
0.457731
0.458884
0.468157
0.487464
0.520058
0.570388
0.647846
0.770026
0.99194
1.38575
0.726812
0.671695
1.32178
0.934136
0.721857
0.611553
0.54551
0.50345
0.476297
0.460762
0.454223
0.455234
0.464002
0.482384
0.513585
0.561527
0.634652
0.748302
0.96115
1.35728
0.702713
0.649873
1.29383
0.907814
0.703512
0.59955
0.538294
0.497841
0.471624
0.45664
0.450274
0.451113
0.45926
0.476387
0.505537
0.550725
0.618694
0.724621
0.927999
1.32492
0.674409
0.626062
1.26166
0.881061
0.68568
0.587292
0.529978
0.491287
0.466296
0.452054
0.445966
0.446684
0.45426
0.470239
0.497444
0.539351
0.601097
0.69988
0.893376
1.28995
0.646837
0.601995
1.22526
0.852868
0.66898
0.575447
0.521373
0.48434
0.460551
0.447008
0.441164
0.441712
0.44861
0.463139
0.487831
0.526354
0.583357
0.674216
0.855744
1.24626
0.612461
0.573142
1.18237
0.82107
0.652043
0.563894
0.511353
0.476225
0.454009
0.441369
0.43588
0.436345
0.442683
0.455909
0.478
0.511974
0.563282
0.647723
0.816559
1.19651
0.574767
0.543197
1.13578
0.78653
0.630425
0.549955
0.50029
0.467564
0.44695
0.435189
0.430035
0.430403
0.436201
0.448323
0.468504
0.499375
0.545659
0.620847
0.772897
1.13614
0.530575
0.510602
1.08503
0.749603
0.60814
0.535288
0.488894
0.45826
0.439224
0.42843
0.423687
0.423984
0.42921
0.440121
0.458225
0.485782
0.526374
0.592478
0.726832
1.06932
0.482422
0.476512
1.03097
0.710915
0.581518
0.516439
0.474433
0.44739
0.430658
0.421107
0.416883
0.417148
0.421822
0.431529
0.447546
0.471881
0.508063
0.565356
0.681687
0.99956
0.437582
0.443905
0.97494
0.673569
0.55699
0.49782
0.460715
0.43682
0.422035
0.413601
0.409873
0.410105
0.414229
0.422778
0.436859
0.458115
0.489219
0.538762
0.639136
0.930399
0.400255
0.406901
0.911235
0.632932
0.531341
0.478915
0.446184
0.425621
0.413089
0.405971
0.402836
0.403074
0.406664
0.414085
0.426388
0.445182
0.47283
0.514721
0.598778
0.860435
0.361383
0.375539
0.847593
0.593121
0.503611
0.458973
0.431676
0.414822
0.404575
0.398719
0.396129
0.396337
0.399347
0.405549
0.415833
0.431619
0.455148
0.491397
0.563012
0.796415
0.334855
0.343055
0.77877
0.552452
0.47724
0.440094
0.418385
0.405083
0.396899
0.392161
0.390053
0.390241
0.392751
0.397903
0.40647
0.419719
0.43958
0.469496
0.528985
0.735451
0.30761
0.316693
0.714538
0.516505
0.454391
0.424979
0.40768
0.397018
0.390406
0.386536
0.3848
0.384939
0.386979
0.391135
0.397985
0.408574
0.424841
0.45077
0.503507
0.686789
0.294424
0.300973
0.655268
0.486067
0.435503
0.412309
0.398944
0.390557
0.385205
0.382002
0.380544
0.380656
0.382376
0.385868
0.391593
0.400389
0.413939
0.435889
0.481042
0.642048
0.288561
0.295314
0.604898
0.462119
0.422344
0.40409
0.393143
0.386027
0.381386
0.378573
0.377271
0.377337
0.378795
0.381771
0.386613
0.393959
0.405208
0.423911
0.46371
0.603405
0.287455
0.292097
0.565163
0.447579
0.414802
0.399058
0.389452
0.383048
0.37879
0.376191
0.374972
0.375008
0.376312
0.379022
0.383453
0.390201
0.400455
0.417148
0.450653
0.567829
0.287571
0.288876
0.535083
0.442023
0.412515
0.397117
0.38758
0.381264
0.377135
0.374635
0.373457
0.373469
0.374664
0.377177
0.381293
0.387569
0.397217
0.412903
0.442498
0.537639
0.290472
0.294275
0.514116
0.44027
0.412576
0.396901
0.386882
0.380362
0.376216
0.373749
0.372593
0.372597
0.373744
0.376195
0.380285
0.386716
0.396628
0.412405
0.44038
0.5139
0.29533
0.301521
0.497266
0.439798
0.412974
0.39676
0.386298
0.379688
0.375621
0.373306
0.372251
0.372252
0.373296
0.375626
0.379691
0.386309
0.396735
0.413054
0.439949
0.497808
0.300583
0.307247
0.483164
0.440723
0.41366
0.396552
0.385817
0.379188
0.375237
0.373072
0.372128
0.372129
0.373054
0.375206
0.379129
0.385752
0.396534
0.413776
0.440823
0.483433
0.306898
0.313344
0.474805
0.443029
0.414313
0.39626
0.385215
0.378635
0.374878
0.372908
0.372091
0.372093
0.372902
0.374872
0.378617
0.385177
0.396203
0.414203
0.443162
0.474808
0.313823
0.320978
0.470736
0.44546
0.414482
0.395548
0.384373
0.377997
0.374532
0.372811
0.372115
0.372114
0.372804
0.374513
0.377967
0.384329
0.39552
0.414609
0.44572
0.470942
0.320227
0.328411
0.469793
0.449016
0.414633
0.394551
0.383341
0.377285
0.374192
0.372767
0.372225
0.372223
0.372763
0.374181
0.377266
0.383308
0.394519
0.414643
0.449084
0.469957
0.32864
0.336542
0.475878
0.453126
0.414148
0.392931
0.381961
0.376446
0.373842
0.372756
0.372371
0.372369
0.372754
0.373831
0.376423
0.381923
0.392884
0.414121
0.453202
0.475864
0.336123
0.343737
0.484946
0.456308
0.412316
0.390578
0.38029
0.375578
0.3736
0.372835
0.372591
0.372591
0.372837
0.373599
0.375581
0.380301
0.390596
0.412351
0.456352
0.484974
0.343691
0.351774
0.499477
0.457694
0.409128
0.387608
0.378494
0.374799
0.373507
0.373034
0.372905
0.372904
0.373034
0.373506
0.37479
0.378485
0.387573
0.409102
0.457793
0.499387
0.351651
0.356746
0.511689
0.45663
0.403559
0.383849
0.376704
0.374363
0.373577
0.373361
0.373314
0.373314
0.373361
0.373579
0.374357
0.376759
0.383869
0.403638
0.456762
0.511672
0.356782
0.362757
0.51689
0.444981
0.394502
0.379664
0.375424
0.374203
0.37385
0.373777
0.373767
0.373768
0.373778
0.373854
0.37418
0.375304
0.379506
0.394589
0.4452
0.516948
0.362754
0.365782
0.505537
0.419308
0.38305
0.376169
0.374673
0.374284
0.374236
0.374242
0.374248
0.374248
0.374244
0.374242
0.374303
0.374807
0.376492
0.383786
0.420719
0.5055
0.365928
0.370038
0.431095
0.38564
0.377039
0.37517
0.374739
0.374741
0.374754
0.374757
0.374756
0.374756
0.374754
0.374744
0.374701
0.37458
0.374474
0.374469
0.381226
0.430427
0.369897
0.588892
1.16402
1.01313
0.819541
0.652912
0.536872
0.468156
0.430632
0.411936
0.404016
0.403686
0.410982
0.429286
0.46631
0.535458
0.651957
0.816903
1.01092
1.15842
0.58743
0.585045
1.16245
1.00501
0.811072
0.645777
0.532268
0.467342
0.430446
0.412654
0.405006
0.404585
0.411406
0.429117
0.465481
0.53369
0.649652
0.813409
1.00285
1.15294
0.583197
0.587602
1.16104
1.01159
0.816323
0.650254
0.53482
0.466721
0.430663
0.412806
0.404879
0.404543
0.411372
0.428719
0.46372
0.529634
0.648088
0.808873
1.00394
1.15378
0.584372
0.591062
1.16576
1.01803
0.821805
0.653609
0.536924
0.467604
0.430983
0.413261
0.405253
0.404887
0.411635
0.429315
0.465396
0.532701
0.643456
0.81401
1.00611
1.15509
0.583461
0.591381
1.16567
1.01868
0.821742
0.651501
0.536078
0.465973
0.431169
0.413738
0.405841
0.405255
0.411823
0.428835
0.463515
0.529102
0.647339
0.812176
1.00415
1.15454
0.580459
0.590985
1.1607
1.01753
0.820027
0.643927
0.531795
0.466614
0.431681
0.414383
0.406506
0.405693
0.412279
0.429451
0.464658
0.530841
0.64616
0.810037
0.996241
1.15343
0.583259
0.590914
1.16538
1.01767
0.820539
0.64855
0.534989
0.467906
0.432284
0.41487
0.406949
0.406078
0.412477
0.429386
0.463083
0.528339
0.639391
0.806629
1.00182
1.15115
0.580504
0.58949
1.16319
1.01503
0.818112
0.652487
0.537654
0.469652
0.432921
0.415394
0.407584
0.406531
0.412788
0.429395
0.464485
0.527866
0.64269
0.800685
0.996513
1.15395
0.58439
0.588484
1.16083
1.01092
0.815533
0.651779
0.537292
0.469624
0.433044
0.415504
0.407699
0.406502
0.412633
0.428812
0.463862
0.529707
0.641389
0.806486
1.00185
1.15023
0.583151
0.587016
1.15965
1.00227
0.805772
0.649292
0.533599
0.468976
0.433051
0.415367
0.407449
0.406017
0.412235
0.428849
0.462944
0.524932
0.633069
0.797549
0.994476
1.15315
0.582412
0.583334
1.15488
1.00235
0.806896
0.648165
0.535855
0.468823
0.433111
0.414884
0.406788
0.40641
0.412004
0.428432
0.461347
0.52416
0.632835
0.79871
0.994311
1.15238
0.579204
0.586399
1.15365
0.998017
0.803409
0.645617
0.534656
0.467257
0.432908
0.415273
0.40711
0.405343
0.411966
0.428128
0.460574
0.522473
0.630202
0.796053
0.991551
1.14772
0.580064
0.582493
1.15201
0.995229
0.801358
0.643733
0.531029
0.467379
0.432874
0.414317
0.405853
0.404507
0.410911
0.427495
0.459535
0.520321
0.627107
0.786273
0.98947
1.14923
0.579195
0.585124
1.15397
0.995803
0.800149
0.638814
0.531281
0.468078
0.432531
0.414676
0.405941
0.404377
0.410753
0.427019
0.458454
0.517961
0.623002
0.783938
0.985935
1.14871
0.576036
0.587727
1.15729
0.999605
0.800596
0.638389
0.53042
0.467814
0.432359
0.413744
0.406267
0.404205
0.410753
0.426458
0.457576
0.51545
0.618454
0.778267
0.977114
1.1465
0.575964
0.587535
1.15736
0.998238
0.798105
0.636924
0.530011
0.466847
0.432189
0.413486
0.40522
0.404026
0.411125
0.426407
0.456812
0.513344
0.61458
0.77211
0.976558
1.14561
0.574637
0.586291
1.15589
0.994315
0.78901
0.635485
0.531029
0.467476
0.432231
0.413499
0.405781
0.403941
0.410613
0.426512
0.455829
0.511245
0.610221
0.766716
0.973184
1.13983
0.570067
0.585256
1.15418
0.991775
0.791796
0.63529
0.530236
0.466278
0.432099
0.413429
0.40489
0.403665
0.410034
0.425852
0.45448
0.508609
0.605904
0.762626
0.974159
1.14046
0.569491
0.581068
1.15196
0.983864
0.793872
0.6356
0.527296
0.466068
0.432307
0.413539
0.404918
0.403754
0.410506
0.425703
0.453862
0.506871
0.603722
0.759474
0.970404
1.14141
0.567074
0.581428
1.15047
0.983844
0.787835
0.630828
0.526932
0.465866
0.43201
0.413646
0.405061
0.403771
0.409811
0.425207
0.45311
0.505442
0.601483
0.756808
0.970468
1.14097
0.568859
0.579922
1.14785
0.983155
0.791955
0.63331
0.527623
0.465653
0.431698
0.413579
0.405189
0.403937
0.40984
0.424849
0.452456
0.504673
0.60254
0.757867
0.971822
1.13723
0.564754
0.579898
1.14749
0.984927
0.784716
0.630616
0.524572
0.465176
0.431707
0.414186
0.405986
0.404629
0.410462
0.424499
0.45201
0.504274
0.605531
0.762137
0.97046
1.13931
0.566453
0.578215
1.14765
0.982506
0.783137
0.628326
0.525062
0.464781
0.431754
0.413673
0.40541
0.40393
0.409319
0.423787
0.45141
0.504134
0.601393
0.753745
0.967821
1.1381
0.565176
0.573888
1.14556
0.978675
0.779878
0.624493
0.521647
0.463542
0.431165
0.414048
0.406058
0.404495
0.408745
0.423286
0.451098
0.505563
0.606535
0.762186
0.966822
1.13253
0.56037
0.573439
1.14026
0.975552
0.778934
0.619985
0.519732
0.462934
0.43046
0.413028
0.40504
0.403648
0.408673
0.422719
0.450624
0.505308
0.6019
0.762872
0.963552
1.1343
0.561983
0.571699
1.1407
0.969629
0.775341
0.617001
0.518013
0.462285
0.430612
0.413112
0.405222
0.403869
0.408802
0.422362
0.450242
0.503435
0.604368
0.760566
0.961242
1.1367
0.563915
0.570991
1.13812
0.965973
0.767057
0.612633
0.516033
0.461658
0.429899
0.413092
0.405371
0.404096
0.409113
0.422641
0.45004
0.504204
0.603209
0.758235
0.952075
1.13605
0.561099
0.570525
1.141
0.967812
0.765091
0.610155
0.514837
0.461009
0.429833
0.413296
0.405875
0.404494
0.409885
0.422676
0.449768
0.502656
0.597256
0.750351
0.952966
1.13449
0.564294
0.570158
1.13644
0.965209
0.764648
0.606955
0.513236
0.460232
0.429897
0.413824
0.406361
0.404756
0.409458
0.422477
0.44933
0.501678
0.596431
0.749025
0.950305
1.13306
0.562805
0.56691
1.13757
0.961417
0.761086
0.604831
0.51187
0.459578
0.42902
0.413124
0.405985
0.405371
0.410364
0.422719
0.449002
0.49993
0.594142
0.745555
0.948163
1.12691
0.561402
0.568954
1.13613
0.958233
0.754151
0.601574
0.510548
0.459061
0.429111
0.413872
0.406246
0.405148
0.4104
0.423335
0.448752
0.498221
0.589411
0.739126
0.943722
1.12681
0.560176
0.567342
1.13077
0.950031
0.751507
0.599819
0.509325
0.458358
0.428325
0.413568
0.407066
0.405505
0.410691
0.423189
0.448326
0.497157
0.588147
0.736941
0.940723
1.12492
0.55907
0.56307
1.12989
0.948625
0.747578
0.597046
0.507931
0.457702
0.42815
0.413182
0.406526
0.406308
0.410899
0.42294
0.447866
0.495857
0.584538
0.731947
0.935528
1.12455
0.557977
0.561911
1.12785
0.948111
0.74503
0.595251
0.506766
0.456984
0.428172
0.413877
0.407248
0.406169
0.41078
0.422282
0.447239
0.494381
0.580883
0.727451
0.932449
1.12542
0.554712
0.55993
1.12417
0.94459
0.74062
0.592326
0.505296
0.45623
0.427751
0.412779
0.406188
0.40541
0.410131
0.422427
0.446395
0.493288
0.578522
0.723079
0.929334
1.12413
0.556445
0.557043
1.12074
0.935308
0.735866
0.590282
0.504056
0.455361
0.427255
0.411824
0.405501
0.40603
0.410739
0.421447
0.445471
0.491966
0.575822
0.718999
0.925818
1.12179
0.552189
0.552271
1.1156
0.92744
0.730232
0.587538
0.502659
0.454442
0.426301
0.411722
0.405466
0.40489
0.409634
0.42138
0.445238
0.491256
0.574158
0.716276
0.921136
1.12004
0.550743
0.550221
1.11319
0.922719
0.726494
0.585494
0.501327
0.453555
0.426432
0.411924
0.405607
0.405059
0.409843
0.421811
0.445137
0.490201
0.571828
0.712924
0.91645
1.11471
0.548672
0.54753
1.10944
0.918068
0.721055
0.582564
0.499901
0.452445
0.425908
0.41246
0.405837
0.405175
0.410337
0.421319
0.445142
0.48917
0.569411
0.709611
0.911327
1.1129
0.546572
0.544616
1.10539
0.912822
0.716846
0.580108
0.498517
0.451248
0.425486
0.411705
0.405916
0.405328
0.40967
0.421151
0.444399
0.488024
0.567099
0.70538
0.907106
1.10791
0.542057
0.542268
1.10286
0.9083
0.712602
0.577617
0.497357
0.450418
0.42512
0.411891
0.40614
0.405592
0.410434
0.420911
0.44412
0.48694
0.564454
0.700117
0.901832
1.10457
0.539913
0.53976
1.1001
0.903351
0.708816
0.575063
0.495998
0.450229
0.425271
0.412121
0.406401
0.405835
0.410079
0.420243
0.443538
0.485643
0.561726
0.6953
0.896397
1.10034
0.536109
0.536822
1.09721
0.898991
0.704421
0.572554
0.494665
0.448961
0.424632
0.412891
0.407339
0.40676
0.409788
0.420132
0.443061
0.484521
0.559733
0.691181
0.890094
1.09672
0.532853
0.534652
1.09491
0.894432
0.699917
0.569744
0.493417
0.448765
0.424645
0.412461
0.406721
0.40608
0.40986
0.420118
0.442296
0.482983
0.556866
0.685962
0.884897
1.09254
0.53074
0.532248
1.09338
0.889714
0.695955
0.567325
0.492143
0.448749
0.424799
0.412976
0.406884
0.407034
0.410811
0.420549
0.441322
0.48195
0.555036
0.682009
0.879147
1.09021
0.528561
0.529836
1.09026
0.884902
0.691501
0.56452
0.490648
0.449211
0.424957
0.413022
0.406841
0.40658
0.41018
0.419682
0.440009
0.480968
0.552951
0.678615
0.875101
1.0884
0.526192
0.527893
1.08961
0.880389
0.688066
0.562229
0.489083
0.447774
0.425239
0.412407
0.406789
0.405957
0.409471
0.419985
0.439749
0.480172
0.550656
0.674526
0.869862
1.08786
0.52389
0.525533
1.09041
0.875856
0.683511
0.559324
0.487447
0.446622
0.424482
0.412865
0.407033
0.406046
0.409308
0.419265
0.439399
0.478447
0.548106
0.670472
0.8654
1.08867
0.521662
0.523434
1.08822
0.870585
0.679418
0.556596
0.48571
0.444814
0.423403
0.412401
0.407175
0.406318
0.409368
0.418948
0.43887
0.476886
0.545389
0.665971
0.859901
1.08564
0.518898
0.520393
1.08062
0.864466
0.674388
0.553416
0.483987
0.443475
0.422566
0.412115
0.407521
0.406594
0.409459
0.417933
0.437287
0.475064
0.54236
0.661147
0.853689
1.08126
0.515688
0.516798
1.07462
0.858535
0.669958
0.550354
0.482161
0.443298
0.422787
0.413065
0.408627
0.407628
0.41028
0.41785
0.437097
0.473049
0.539018
0.65595
0.846928
1.0773
0.511809
0.513925
1.07135
0.852955
0.665225
0.547135
0.480066
0.443542
0.423413
0.412852
0.407802
0.406888
0.409359
0.417414
0.435543
0.470423
0.535478
0.650541
0.838834
1.0663
0.506642
0.509984
1.06511
0.846885
0.660544
0.544022
0.477884
0.441824
0.422548
0.412812
0.408012
0.407091
0.409332
0.416496
0.433583
0.46783
0.53159
0.644646
0.831038
1.0595
0.501436
0.506329
1.06014
0.84069
0.655471
0.540623
0.47558
0.440161
0.421829
0.412652
0.408913
0.407461
0.409593
0.416383
0.432767
0.465029
0.527441
0.638711
0.822895
1.05139
0.495847
0.502531
1.05491
0.83399
0.650015
0.537184
0.473523
0.43805
0.420864
0.412097
0.408546
0.407702
0.409839
0.416233
0.430773
0.462672
0.523006
0.632429
0.815141
1.04498
0.490887
0.498529
1.04958
0.826331
0.643598
0.533092
0.471482
0.436382
0.420105
0.412215
0.409532
0.408179
0.410727
0.417131
0.430539
0.461334
0.518747
0.626634
0.808037
1.03964
0.486438
0.493722
1.04272
0.818172
0.636979
0.52871
0.46927
0.436006
0.420483
0.412401
0.40886
0.408307
0.410693
0.415933
0.430179
0.457799
0.513762
0.620077
0.800063
1.03358
0.481744
0.490169
1.03761
0.810303
0.629738
0.523669
0.466244
0.43579
0.41991
0.413323
0.409181
0.408893
0.410851
0.416065
0.427281
0.454077
0.509904
0.614268
0.792208
1.026
0.476942
0.485904
1.03194
0.801828
0.622219
0.518391
0.462764
0.43261
0.418885
0.41248
0.409678
0.40927
0.410695
0.415058
0.426249
0.452398
0.506381
0.607916
0.784799
1.02113
0.47387
0.482531
1.02698
0.793733
0.614333
0.512562
0.459277
0.430559
0.418122
0.411554
0.408719
0.408306
0.410269
0.415967
0.426289
0.452354
0.503828
0.60175
0.777038
1.01642
0.470938
0.479006
1.02254
0.785327
0.606235
0.506596
0.456176
0.429915
0.418542
0.412382
0.408774
0.408317
0.410572
0.415164
0.425932
0.451022
0.501071
0.595294
0.769897
1.01174
0.468215
0.475397
1.01846
0.777053
0.598076
0.500143
0.4523
0.429903
0.417285
0.41147
0.408667
0.408305
0.410861
0.416144
0.426009
0.45051
0.497673
0.588404
0.76178
1.00685
0.464881
0.471109
1.01384
0.767714
0.589766
0.493871
0.448503
0.427158
0.41607
0.412211
0.408556
0.408046
0.410272
0.414821
0.426049
0.448318
0.491236
0.580973
0.753605
1.00148
0.461337
0.465863
1.00823
0.757605
0.581284
0.487697
0.444409
0.425101
0.414405
0.410816
0.408319
0.407872
0.409911
0.413765
0.423831
0.444328
0.486685
0.573797
0.745071
0.99696
0.457779
0.460371
1.00195
0.746565
0.572794
0.482292
0.440366
0.422353
0.412478
0.409332
0.408063
0.40752
0.409376
0.413401
0.422755
0.441147
0.480665
0.565423
0.735228
0.991307
0.453166
0.453294
0.993656
0.733659
0.563317
0.477327
0.437696
0.419608
0.411987
0.409683
0.40897
0.407396
0.408504
0.411319
0.42002
0.437169
0.475227
0.557018
0.72485
0.986003
0.448558
0.445592
0.984517
0.719157
0.552884
0.471825
0.435723
0.41713
0.411588
0.408936
0.407786
0.406929
0.407459
0.40948
0.417931
0.433696
0.469511
0.547649
0.71275
0.978275
0.442133
0.435325
0.971201
0.702074
0.541064
0.464178
0.432345
0.416297
0.412549
0.409042
0.408055
0.407013
0.407205
0.408005
0.4152
0.429986
0.463957
0.53814
0.69997
0.970473
0.435732
0.424469
0.957443
0.684085
0.529237
0.45496
0.427525
0.415444
0.411037
0.408704
0.407535
0.407055
0.40758
0.407436
0.412926
0.426914
0.458169
0.527528
0.685335
0.959973
0.426924
0.411752
0.940536
0.664386
0.516629
0.448196
0.42437
0.415148
0.411076
0.408888
0.407638
0.406977
0.40673
0.406814
0.410742
0.423607
0.451941
0.516245
0.670018
0.949562
0.418162
0.398966
0.921581
0.644921
0.503979
0.446427
0.424588
0.416623
0.41163
0.409162
0.407814
0.407269
0.407883
0.406789
0.410573
0.420755
0.445859
0.504506
0.652738
0.935923
0.406558
0.386251
0.903199
0.627117
0.492501
0.445612
0.426052
0.414923
0.412496
0.409756
0.407905
0.40736
0.407415
0.406287
0.407762
0.417523
0.439651
0.492432
0.634149
0.919276
0.393537
0.370925
0.879746
0.607991
0.482177
0.438224
0.4199
0.414108
0.41078
0.408021
0.407525
0.40798
0.407009
0.406322
0.40732
0.415619
0.433469
0.479751
0.61367
0.897993
0.376824
0.355563
0.855744
0.589691
0.472184
0.433554
0.417159
0.410933
0.408731
0.40751
0.407387
0.407265
0.407681
0.406888
0.407046
0.414338
0.427608
0.468217
0.592641
0.873002
0.358364
0.33844
0.828095
0.570991
0.463463
0.428987
0.417576
0.409055
0.406574
0.407136
0.40802
0.407611
0.406443
0.405593
0.406572
0.410301
0.422015
0.457177
0.569669
0.842504
0.33714
0.321588
0.799389
0.552426
0.455572
0.42424
0.414772
0.408582
0.40575
0.406892
0.406616
0.40589
0.40488
0.403755
0.404242
0.408749
0.416868
0.446084
0.545439
0.807252
0.314743
0.305474
0.770479
0.535135
0.448587
0.420666
0.412742
0.405999
0.404182
0.405054
0.404557
0.403915
0.403395
0.403435
0.40455
0.405283
0.411128
0.435245
0.521125
0.769357
0.292289
0.288817
0.739183
0.517943
0.44249
0.41786
0.410574
0.405009
0.402799
0.402703
0.401424
0.400672
0.400546
0.400977
0.401104
0.401819
0.406265
0.425476
0.49712
0.727688
0.271493
0.275613
0.709352
0.502793
0.436853
0.414516
0.40732
0.404061
0.401014
0.398357
0.39689
0.396446
0.396803
0.39756
0.398344
0.398818
0.402025
0.416267
0.475249
0.687801
0.254856
0.261877
0.675911
0.485253
0.430001
0.409868
0.403319
0.399277
0.396066
0.393829
0.392539
0.392158
0.392575
0.39364
0.395008
0.396307
0.399266
0.409058
0.455315
0.647407
0.241715
0.251174
0.642496
0.468052
0.422101
0.405589
0.399226
0.394693
0.391308
0.389087
0.38794
0.387742
0.388364
0.389638
0.391331
0.393206
0.395628
0.401312
0.439011
0.613376
0.234763
0.241444
0.606924
0.44966
0.411649
0.399863
0.39382
0.38947
0.38649
0.384627
0.383703
0.3836
0.384223
0.385434
0.387007
0.388495
0.389875
0.395123
0.427494
0.583147
0.231227
0.234746
0.573246
0.434659
0.402972
0.393964
0.388511
0.384851
0.382355
0.380784
0.380032
0.380024
0.380693
0.381922
0.383525
0.385114
0.386702
0.391691
0.420913
0.557921
0.230736
0.232852
0.541221
0.421627
0.396094
0.387916
0.383817
0.381051
0.379043
0.377711
0.377075
0.377122
0.377832
0.379099
0.380753
0.382434
0.38444
0.390362
0.416556
0.534691
0.229993
0.233022
0.513867
0.412744
0.391643
0.385236
0.381543
0.378902
0.376908
0.375539
0.374877
0.374923
0.375685
0.377114
0.379136
0.381495
0.384229
0.390366
0.412663
0.513234
0.232886
0.236018
0.492575
0.409817
0.390841
0.383788
0.379944
0.377336
0.375366
0.373994
0.373318
0.37335
0.374113
0.375594
0.377789
0.380558
0.384172
0.391504
0.409519
0.493042
0.2373
0.242446
0.475597
0.408283
0.391679
0.384459
0.380309
0.3771
0.374726
0.373166
0.372395
0.372397
0.373178
0.374752
0.3772
0.380661
0.385088
0.392557
0.408276
0.475175
0.241853
0.248402
0.460509
0.407901
0.394103
0.386164
0.380561
0.37687
0.374314
0.372662
0.371847
0.371849
0.372663
0.374314
0.376899
0.380588
0.386105
0.393813
0.407788
0.460214
0.248464
0.255088
0.446514
0.408432
0.396
0.387573
0.381473
0.377112
0.374295
0.372503
0.371634
0.371635
0.372491
0.374257
0.377091
0.381409
0.387392
0.395879
0.408452
0.447027
0.255359
0.263476
0.436138
0.410653
0.397996
0.388634
0.38197
0.377388
0.374318
0.372464
0.371579
0.371582
0.372467
0.374342
0.377404
0.382023
0.388873
0.398314
0.410849
0.436149
0.262809
0.272595
0.430472
0.413882
0.400308
0.389837
0.3824
0.377471
0.374328
0.37245
0.371561
0.371561
0.372438
0.374326
0.377464
0.382404
0.389775
0.400209
0.413945
0.430607
0.273087
0.282754
0.428267
0.418246
0.402452
0.39049
0.382523
0.377454
0.374255
0.3724
0.371552
0.371552
0.372389
0.37424
0.377435
0.382511
0.390506
0.402565
0.418438
0.428411
0.282441
0.2944
0.42872
0.423273
0.404375
0.390787
0.382432
0.377221
0.374087
0.372343
0.371576
0.371574
0.372338
0.374076
0.377206
0.382413
0.390783
0.404393
0.423348
0.428891
0.294699
0.306079
0.437126
0.429906
0.405737
0.390776
0.381936
0.376771
0.37384
0.372306
0.371652
0.37165
0.372302
0.373827
0.376754
0.381917
0.390769
0.405771
0.430025
0.43715
0.305748
0.318878
0.448276
0.435945
0.406203
0.389843
0.380947
0.376101
0.373536
0.372301
0.371804
0.371803
0.372298
0.373527
0.376087
0.380934
0.389841
0.406232
0.436017
0.448312
0.319002
0.330369
0.465881
0.440932
0.405686
0.388218
0.379615
0.375356
0.373344
0.372437
0.372104
0.372103
0.372436
0.37334
0.375342
0.379597
0.388201
0.405692
0.441006
0.465922
0.330415
0.342186
0.484906
0.442798
0.402542
0.385399
0.377895
0.374598
0.373282
0.372746
0.372571
0.372571
0.372746
0.373281
0.374593
0.377895
0.385408
0.402569
0.442864
0.484928
0.341997
0.351212
0.494336
0.439066
0.396503
0.381672
0.376133
0.374221
0.373481
0.373243
0.373179
0.373181
0.373246
0.37349
0.374227
0.376133
0.381653
0.396473
0.439044
0.494379
0.351459
0.361023
0.495588
0.421137
0.385881
0.377203
0.3749
0.374133
0.373921
0.373879
0.373876
0.373876
0.373883
0.373928
0.374143
0.374914
0.377225
0.385933
0.42123
0.495645
0.360828
0.367801
0.430684
0.38484
0.376991
0.375285
0.374719
0.374619
0.374621
0.374628
0.37463
0.37463
0.374627
0.374619
0.374617
0.37472
0.375284
0.376974
0.38478
0.430574
0.36786
0.20877
0.528048
0.482543
0.422808
0.374215
0.341059
0.321427
0.310935
0.306002
0.304789
0.306038
0.309293
0.315331
0.32669
0.346602
0.378786
0.425246
0.481996
0.525414
0.207842
0.208655
0.527973
0.482469
0.422231
0.374324
0.341298
0.321807
0.311365
0.306338
0.305257
0.306733
0.31105
0.31602
0.326935
0.34669
0.378763
0.42488
0.481878
0.525302
0.207716
0.208727
0.528085
0.482575
0.422558
0.374535
0.341498
0.322006
0.311549
0.306521
0.305669
0.308032
0.31011
0.315788
0.326992
0.346651
0.378389
0.424935
0.481749
0.525231
0.207687
0.208673
0.528006
0.481817
0.423045
0.374727
0.342077
0.323119
0.312972
0.306833
0.306707
0.307309
0.310932
0.316809
0.327285
0.346685
0.378147
0.423962
0.481272
0.525031
0.207393
0.208542
0.527644
0.48221
0.422486
0.374756
0.341815
0.32227
0.311988
0.306563
0.305358
0.307181
0.30923
0.315482
0.327688
0.346698
0.378008
0.424133
0.481264
0.525039
0.207436
0.208473
0.527991
0.48323
0.424015
0.374924
0.34195
0.322413
0.313115
0.306894
0.305399
0.306278
0.309294
0.315479
0.326865
0.346939
0.377973
0.424112
0.480676
0.52479
0.20739
0.208183
0.52816
0.483389
0.423907
0.374694
0.342364
0.322437
0.31194
0.30731
0.307315
0.308201
0.309706
0.31558
0.326726
0.346619
0.377716
0.423634
0.481251
0.524942
0.207323
0.208151
0.527995
0.483146
0.423913
0.375002
0.342463
0.323353
0.313118
0.308551
0.307148
0.307701
0.310738
0.316781
0.326902
0.346258
0.377685
0.424254
0.481307
0.524942
0.207249
0.208059
0.527701
0.482774
0.42375
0.37479
0.342072
0.322474
0.312134
0.307602
0.306694
0.306794
0.309405
0.315684
0.326902
0.346193
0.377691
0.423394
0.481194
0.524437
0.207258
0.208074
0.527136
0.482487
0.423376
0.374564
0.341677
0.32253
0.312543
0.308686
0.305851
0.30764
0.309476
0.315829
0.327827
0.346661
0.377597
0.423545
0.481334
0.524617
0.207241
0.208053
0.527287
0.481236
0.422181
0.373954
0.341519
0.323314
0.313782
0.308518
0.305527
0.305906
0.30915
0.316655
0.327037
0.346153
0.377643
0.423417
0.481337
0.524996
0.207233
0.207794
0.52672
0.481078
0.422313
0.373835
0.341295
0.32217
0.312993
0.308034
0.306475
0.306064
0.309155
0.315663
0.32695
0.346196
0.377616
0.423676
0.481419
0.525204
0.207138
0.207835
0.526784
0.481587
0.422299
0.373566
0.341214
0.321813
0.311991
0.306565
0.304962
0.305951
0.309383
0.315811
0.327164
0.346297
0.377403
0.422951
0.481298
0.525179
0.207173
0.207633
0.526972
0.481463
0.421926
0.373454
0.341213
0.321781
0.313084
0.306333
0.304721
0.306198
0.310684
0.317258
0.328249
0.346852
0.377859
0.42363
0.481443
0.525264
0.207424
0.207642
0.526641
0.4812
0.421044
0.373153
0.341172
0.3214
0.311323
0.305964
0.304588
0.306839
0.309418
0.316321
0.327209
0.346368
0.377781
0.423864
0.481335
0.525101
0.207425
0.207505
0.526726
0.4811
0.421401
0.373027
0.34045
0.320952
0.310543
0.305677
0.304078
0.305205
0.309031
0.317454
0.327513
0.346511
0.377737
0.424353
0.481332
0.524743
0.207417
0.207426
0.526301
0.47982
0.421117
0.372955
0.34098
0.321166
0.310768
0.306089
0.304322
0.30526
0.308766
0.316473
0.327886
0.346862
0.377703
0.423721
0.48056
0.525082
0.20746
0.207359
0.526241
0.480213
0.420688
0.372378
0.340584
0.321778
0.310873
0.30775
0.304809
0.305292
0.308378
0.314937
0.326732
0.346328
0.377907
0.424381
0.48088
0.525376
0.207394
0.207195
0.525927
0.479891
0.419676
0.372087
0.340173
0.320571
0.31062
0.307226
0.305928
0.305707
0.308556
0.315019
0.32751
0.346828
0.378095
0.424399
0.481172
0.525317
0.207314
0.207112
0.525571
0.478765
0.419811
0.372017
0.340103
0.320544
0.31058
0.306278
0.304653
0.305757
0.308757
0.314958
0.326587
0.346277
0.37749
0.424033
0.481139
0.525088
0.20732
0.207041
0.525345
0.478882
0.419005
0.372
0.339827
0.320623
0.310765
0.307411
0.304915
0.307472
0.30971
0.31517
0.326551
0.346539
0.377381
0.422941
0.480821
0.524764
0.207262
0.20687
0.525354
0.479061
0.419575
0.372029
0.340221
0.321335
0.310271
0.305652
0.304553
0.306611
0.308833
0.314985
0.326496
0.345682
0.377154
0.42312
0.480682
0.524472
0.207298
0.206877
0.525311
0.478769
0.419531
0.371529
0.339566
0.320486
0.310375
0.306889
0.304509
0.305702
0.308941
0.315949
0.327156
0.345597
0.376795
0.422727
0.47965
0.524862
0.20729
0.206754
0.52512
0.478409
0.418517
0.371211
0.339474
0.320629
0.310418
0.305645
0.304478
0.306666
0.308088
0.314023
0.325536
0.345443
0.376366
0.421728
0.479428
0.524815
0.20724
0.206623
0.524622
0.477174
0.418086
0.370961
0.3395
0.321557
0.311121
0.305954
0.304377
0.305193
0.308033
0.314046
0.326301
0.345686
0.37598
0.421411
0.479005
0.524984
0.207054
0.206416
0.52444
0.477238
0.41731
0.370703
0.339485
0.320662
0.312009
0.306326
0.304814
0.305581
0.308273
0.313915
0.325314
0.344858
0.375514
0.421215
0.478512
0.524407
0.206825
0.206189
0.524086
0.476905
0.417198
0.37045
0.33903
0.320384
0.311761
0.307588
0.305428
0.30758
0.310239
0.314517
0.324936
0.344138
0.375102
0.420712
0.477765
0.524051
0.206552
0.20595
0.523642
0.476496
0.416778
0.370199
0.339011
0.320424
0.311154
0.306771
0.305548
0.307272
0.310029
0.314749
0.325618
0.34353
0.37466
0.419581
0.476627
0.523544
0.206055
0.205722
0.523156
0.475418
0.416235
0.369698
0.338539
0.320694
0.312294
0.307307
0.305683
0.306853
0.310374
0.315855
0.324829
0.343213
0.374219
0.418785
0.476218
0.523341
0.205899
0.20558
0.522969
0.474959
0.415778
0.369442
0.338583
0.321404
0.311091
0.30655
0.305846
0.308077
0.310217
0.315422
0.324714
0.342867
0.373791
0.418233
0.47631
0.523052
0.205529
0.20529
0.522706
0.47483
0.415383
0.369044
0.338502
0.321061
0.312061
0.306619
0.306543
0.306881
0.309221
0.314667
0.324736
0.342549
0.373302
0.417606
0.475798
0.522592
0.20519
0.205081
0.522336
0.473906
0.414923
0.368754
0.338385
0.320347
0.31104
0.306191
0.304677
0.305508
0.30994
0.315747
0.325796
0.342202
0.372728
0.416884
0.474631
0.522023
0.204892
0.204873
0.521931
0.473043
0.414197
0.368271
0.337927
0.320654
0.312278
0.306544
0.304859
0.305289
0.307983
0.313625
0.32484
0.341693
0.37223
0.41626
0.473559
0.521741
0.204648
0.204625
0.521572
0.47247
0.413362
0.367802
0.337425
0.320622
0.311135
0.30663
0.305133
0.305637
0.308067
0.313389
0.324469
0.341166
0.37153
0.415347
0.472617
0.521203
0.204385
0.204454
0.521177
0.471636
0.412854
0.367564
0.337498
0.320647
0.312776
0.308686
0.30605
0.307342
0.308266
0.313006
0.323604
0.340708
0.370875
0.414383
0.471439
0.520562
0.204009
0.204116
0.520585
0.470652
0.411997
0.367275
0.337667
0.321685
0.312921
0.308615
0.306623
0.306573
0.308521
0.312963
0.322538
0.340234
0.370034
0.413406
0.470678
0.520138
0.20375
0.203749
0.520005
0.469674
0.411167
0.366778
0.337726
0.321739
0.313295
0.309017
0.306648
0.308066
0.310091
0.31329
0.322614
0.340516
0.369452
0.412382
0.469671
0.519533
0.20347
0.203349
0.519438
0.468425
0.410171
0.366433
0.338323
0.32232
0.313973
0.309826
0.308091
0.307086
0.308729
0.313213
0.322645
0.339303
0.368506
0.411366
0.469019
0.519214
0.203274
0.202786
0.518602
0.467483
0.409313
0.365873
0.338177
0.322739
0.314582
0.310506
0.308829
0.308953
0.310604
0.313925
0.323067
0.339164
0.367808
0.410448
0.468119
0.51872
0.203007
0.202337
0.517808
0.46624
0.408205
0.365196
0.338035
0.322966
0.314948
0.310934
0.309135
0.308962
0.310594
0.315228
0.322784
0.339171
0.366906
0.409278
0.467054
0.518394
0.20278
0.20189
0.516896
0.465121
0.407255
0.364674
0.338816
0.323853
0.317232
0.31222
0.310321
0.309992
0.311406
0.315216
0.323648
0.338201
0.366133
0.408331
0.466203
0.51778
0.20237
0.201618
0.516239
0.464175
0.406575
0.364506
0.338677
0.325384
0.318537
0.314955
0.313608
0.313059
0.314183
0.316147
0.323916
0.338171
0.365523
0.407213
0.46492
0.517235
0.202015
0.201358
0.515791
0.463419
0.405819
0.364474
0.339584
0.32629
0.319936
0.316581
0.314784
0.314399
0.315128
0.317857
0.324523
0.338208
0.364784
0.406169
0.464011
0.516622
0.201635
0.201237
0.515629
0.463042
0.405465
0.364484
0.339994
0.32735
0.321305
0.318041
0.316292
0.315697
0.316315
0.318754
0.325147
0.338849
0.364388
0.405307
0.46275
0.515949
0.201148
0.201073
0.515456
0.462287
0.40493
0.364226
0.340429
0.32832
0.322568
0.319599
0.317923
0.317238
0.317487
0.319321
0.3253
0.338725
0.363712
0.404332
0.461819
0.515422
0.200817
0.200763
0.515063
0.461558
0.404276
0.364058
0.340404
0.329237
0.323653
0.320939
0.319623
0.318861
0.318816
0.320514
0.326773
0.338821
0.363311
0.403255
0.460395
0.514536
0.200297
0.200445
0.514492
0.46047
0.403404
0.363717
0.340757
0.329943
0.324722
0.322199
0.321007
0.320643
0.321081
0.323148
0.32815
0.339211
0.362859
0.402178
0.459233
0.513683
0.199885
0.20013
0.513918
0.459445
0.402666
0.363551
0.341858
0.331025
0.325868
0.323456
0.322361
0.32201
0.322412
0.324171
0.329116
0.340151
0.362535
0.401094
0.457899
0.513008
0.199536
0.199815
0.513351
0.458381
0.402039
0.363579
0.342648
0.332051
0.327026
0.324754
0.323804
0.323574
0.32405
0.325897
0.330383
0.340544
0.362155
0.400035
0.45655
0.512259
0.199127
0.199607
0.513007
0.45761
0.401321
0.363648
0.343116
0.332883
0.328105
0.325996
0.325175
0.325035
0.325474
0.327018
0.331273
0.341119
0.361763
0.399109
0.455375
0.511604
0.198822
0.199226
0.512415
0.456396
0.400334
0.362793
0.343245
0.333599
0.32916
0.327248
0.326516
0.326377
0.326788
0.328291
0.332237
0.341405
0.36134
0.398216
0.454496
0.511197
0.198629
0.198832
0.511724
0.455154
0.39923
0.361855
0.342952
0.334184
0.330229
0.328567
0.327951
0.327838
0.328169
0.329435
0.332906
0.341103
0.360662
0.397393
0.453509
0.511204
0.19857
0.198348
0.510863
0.453735
0.398128
0.361505
0.342187
0.334348
0.33111
0.329757
0.32925
0.329137
0.329381
0.330371
0.333179
0.340127
0.360066
0.396686
0.452686
0.510625
0.19846
0.197845
0.510015
0.452314
0.396902
0.361643
0.34289
0.333965
0.331836
0.33088
0.330515
0.330389
0.330495
0.331135
0.332954
0.339772
0.359848
0.39587
0.451636
0.510271
0.198259
0.197451
0.509278
0.450855
0.395523
0.360249
0.341165
0.3333
0.332275
0.331806
0.331627
0.331501
0.331429
0.33163
0.332261
0.339202
0.359106
0.394839
0.450422
0.509465
0.197868
0.196993
0.508504
0.449387
0.394136
0.359259
0.339961
0.334039
0.332697
0.332649
0.332673
0.332535
0.332254
0.332097
0.333102
0.338765
0.357837
0.393628
0.449207
0.508807
0.197456
0.196526
0.507596
0.447823
0.392599
0.357955
0.339896
0.331993
0.332023
0.333154
0.333527
0.333369
0.332721
0.331602
0.331403
0.337949
0.356173
0.392209
0.447633
0.507916
0.196984
0.196225
0.506987
0.44637
0.390955
0.35605
0.337467
0.330586
0.330738
0.333419
0.334255
0.334116
0.333109
0.330671
0.331323
0.337751
0.35588
0.39087
0.445949
0.506856
0.196384
0.195714
0.505955
0.444623
0.389025
0.35367
0.336911
0.330346
0.331679
0.333811
0.334859
0.334733
0.33358
0.331816
0.332055
0.337728
0.356232
0.389238
0.444144
0.505934
0.19593
0.195421
0.505264
0.442753
0.387077
0.35127
0.335103
0.329637
0.329659
0.332956
0.335086
0.335093
0.333387
0.330245
0.331251
0.337488
0.354278
0.38714
0.442037
0.504562
0.195234
0.194819
0.504146
0.440452
0.384959
0.350658
0.335174
0.331002
0.329694
0.331647
0.335266
0.335523
0.333109
0.330332
0.330458
0.335497
0.352624
0.385091
0.439941
0.503405
0.194655
0.194287
0.503148
0.438054
0.382313
0.35036
0.335668
0.329736
0.33028
0.331587
0.335592
0.336231
0.334772
0.330798
0.329826
0.33488
0.351188
0.382861
0.437559
0.502101
0.193953
0.193445
0.50172
0.43508
0.37909
0.346734
0.332967
0.328051
0.328101
0.331216
0.335672
0.336596
0.335201
0.332581
0.331128
0.33334
0.349112
0.380328
0.435046
0.500773
0.193229
0.192536
0.500191
0.431916
0.375954
0.343916
0.330628
0.327578
0.328093
0.331085
0.335304
0.336751
0.335421
0.332099
0.330228
0.332671
0.347011
0.3778
0.432472
0.499501
0.192492
0.191288
0.498146
0.428286
0.372664
0.341479
0.328451
0.326178
0.328124
0.331178
0.333949
0.336316
0.334834
0.331278
0.329025
0.332379
0.344753
0.375023
0.429485
0.497858
0.191524
0.189876
0.495835
0.42426
0.369268
0.340057
0.328491
0.327587
0.328929
0.331637
0.33558
0.335542
0.334022
0.33249
0.328976
0.329848
0.342295
0.372044
0.426289
0.496233
0.190505
0.188096
0.493087
0.419748
0.365461
0.339642
0.329233
0.32613
0.33064
0.332828
0.33398
0.334701
0.335254
0.331157
0.329715
0.329579
0.340965
0.36901
0.422547
0.49399
0.189013
0.18607
0.490034
0.414783
0.360994
0.335753
0.326299
0.325241
0.328979
0.33108
0.334856
0.335648
0.334016
0.330968
0.328536
0.329232
0.338215
0.365079
0.418147
0.491422
0.18727
0.183607
0.486392
0.409356
0.356737
0.333642
0.324381
0.326061
0.327657
0.330485
0.33259
0.333043
0.331591
0.32878
0.32664
0.330102
0.337283
0.361447
0.413364
0.488372
0.185136
0.180815
0.482177
0.40357
0.352221
0.331246
0.324042
0.325032
0.328027
0.331048
0.333162
0.333606
0.332031
0.32887
0.326039
0.327675
0.334745
0.356763
0.407671
0.484496
0.182388
0.177613
0.477448
0.397459
0.347765
0.32895
0.325342
0.326967
0.328823
0.331668
0.333886
0.335269
0.333964
0.329289
0.325794
0.32577
0.331277
0.352029
0.401482
0.479882
0.179133
0.173896
0.471809
0.390936
0.343466
0.326531
0.3237
0.326188
0.331442
0.33473
0.335314
0.33485
0.333323
0.331286
0.326569
0.324866
0.328531
0.347162
0.394617
0.474337
0.175274
0.169939
0.465661
0.384169
0.339457
0.32478
0.323312
0.328591
0.333027
0.336054
0.337017
0.338013
0.33643
0.332774
0.327662
0.323636
0.325812
0.342385
0.387276
0.467868
0.170923
0.165469
0.458474
0.377025
0.335576
0.323353
0.325313
0.330663
0.33557
0.33915
0.340398
0.340024
0.338121
0.334603
0.329253
0.32468
0.324802
0.338182
0.379619
0.460389
0.166119
0.160873
0.450616
0.369897
0.332292
0.322513
0.326786
0.332346
0.337512
0.340988
0.342746
0.342419
0.340595
0.337286
0.33254
0.326936
0.324774
0.334035
0.371532
0.451742
0.160884
0.156099
0.441972
0.362767
0.329466
0.322952
0.32842
0.33491
0.339884
0.343148
0.34457
0.34448
0.342841
0.339576
0.334669
0.328749
0.324397
0.330382
0.363682
0.442585
0.155796
0.151624
0.433104
0.356011
0.326768
0.32352
0.33013
0.336546
0.341397
0.344573
0.346273
0.346313
0.344878
0.341915
0.337229
0.330711
0.324215
0.327488
0.35619
0.432695
0.150833
0.147672
0.424325
0.35045
0.325593
0.32561
0.332081
0.338375
0.342916
0.345272
0.347469
0.347821
0.346606
0.343745
0.339081
0.332737
0.326441
0.326083
0.350141
0.423458
0.147017
0.14443
0.415668
0.345941
0.325585
0.327053
0.334022
0.340177
0.344531
0.347229
0.348745
0.348916
0.348062
0.34556
0.341209
0.334984
0.327824
0.325652
0.345302
0.414278
0.143957
0.142339
0.407581
0.342759
0.32659
0.329902
0.336536
0.342231
0.346242
0.348781
0.349961
0.350264
0.349569
0.347296
0.343228
0.337311
0.330234
0.326621
0.342505
0.406391
0.143154
0.141402
0.399446
0.340054
0.32747
0.33176
0.33854
0.344065
0.347908
0.350299
0.351585
0.351903
0.351063
0.348893
0.345188
0.339748
0.332948
0.32838
0.340958
0.398738
0.141571
0.141448
0.391841
0.338639
0.329519
0.334454
0.340911
0.345975
0.34944
0.351626
0.352743
0.352983
0.352177
0.350208
0.346796
0.341657
0.335041
0.330114
0.340344
0.391612
0.141578
0.140883
0.383856
0.337806
0.331243
0.336843
0.343166
0.347921
0.351091
0.35301
0.353917
0.354057
0.353113
0.351318
0.348389
0.343767
0.33752
0.331894
0.338095
0.384268
0.140208
0.140635
0.37608
0.335989
0.332872
0.339164
0.34538
0.349868
0.352793
0.354578
0.355427
0.355386
0.354448
0.352727
0.350023
0.345689
0.339589
0.333469
0.337397
0.376854
0.14123
0.141062
0.367989
0.335205
0.334899
0.341763
0.347735
0.351894
0.354576
0.356148
0.356853
0.356817
0.3561
0.354569
0.352007
0.347983
0.342159
0.3354
0.335135
0.368945
0.142018
0.143934
0.359547
0.333759
0.337121
0.344476
0.350097
0.353824
0.356151
0.357493
0.358119
0.358136
0.357542
0.356214
0.353919
0.350234
0.34468
0.337467
0.334531
0.360323
0.144476
0.146806
0.351337
0.333815
0.339925
0.347471
0.352666
0.35592
0.357878
0.358974
0.35946
0.359454
0.358969
0.357889
0.355966
0.352754
0.347611
0.340133
0.334061
0.351505
0.146929
0.151856
0.343785
0.33506
0.343425
0.350849
0.355456
0.358157
0.359701
0.360536
0.360902
0.360907
0.360553
0.359725
0.358186
0.355482
0.350849
0.343373
0.334941
0.343583
0.151876
0.158138
0.337173
0.337234
0.347463
0.354509
0.358417
0.360518
0.361627
0.362183
0.362409
0.362409
0.362184
0.361632
0.360528
0.358441
0.354553
0.347551
0.337375
0.337202
0.15817
0.167074
0.333612
0.341382
0.352405
0.358511
0.361503
0.362923
0.363573
0.363852
0.363952
0.363952
0.36385
0.363572
0.362916
0.361495
0.358487
0.352354
0.341312
0.333548
0.166976
0.177821
0.332172
0.346843
0.357709
0.362608
0.364563
0.365246
0.365416
0.365409
0.365374
0.365373
0.365401
0.365408
0.365235
0.364554
0.362601
0.357702
0.346847
0.332122
0.177809
0.191192
0.332695
0.353867
0.363506
0.36674
0.367496
0.367395
0.367072
0.366779
0.366612
0.366611
0.366774
0.367068
0.367389
0.367492
0.366744
0.363521
0.35391
0.332714
0.191175
0.20735
0.33901
0.362705
0.369584
0.37072
0.370175
0.369287
0.368499
0.367945
0.367662
0.36766
0.367938
0.368489
0.369275
0.370162
0.370714
0.369593
0.362735
0.339035
0.207364
0.225381
0.348507
0.37252
0.375569
0.374338
0.372465
0.370852
0.36967
0.368912
0.368543
0.368541
0.368907
0.369661
0.370842
0.372457
0.374344
0.375599
0.372582
0.348595
0.225393
0.246149
0.364223
0.383718
0.381349
0.377427
0.374259
0.372035
0.370582
0.369707
0.369296
0.369294
0.369702
0.370573
0.372023
0.374245
0.377421
0.381359
0.383742
0.364209
0.246143
0.268019
0.384664
0.395101
0.386066
0.379354
0.375296
0.372801
0.37128
0.370406
0.370008
0.370008
0.370403
0.371274
0.372792
0.375287
0.37935
0.386076
0.395148
0.384721
0.268057
0.291348
0.410577
0.40484
0.388384
0.380082
0.375731
0.373297
0.371892
0.371127
0.370793
0.370792
0.371126
0.371889
0.37329
0.375724
0.380074
0.388383
0.404853
0.410576
0.291333
0.314338
0.434657
0.409057
0.388872
0.380076
0.375794
0.373621
0.372503
0.371952
0.371729
0.37173
0.371954
0.372507
0.37362
0.375794
0.380069
0.388872
0.40906
0.434654
0.314372
0.338029
0.444944
0.406896
0.385657
0.378082
0.375054
0.373769
0.3732
0.372959
0.372874
0.372874
0.372963
0.373205
0.373775
0.375057
0.378082
0.385651
0.406887
0.444927
0.338069
0.364391
0.421536
0.38648
0.377506
0.37538
0.374626
0.374347
0.374272
0.374255
0.374253
0.374253
0.374255
0.374272
0.374347
0.374627
0.37538
0.377508
0.386483
0.42155
0.364383
)
;

boundaryField
{
    fixedWalls_1
    {
        type            kqRWallFunction;
        value           nonuniform List<scalar> 
200
(
0.207108
0.206916
0.207012
0.206943
0.206857
0.206769
0.206537
0.206861
0.206603
0.206982
0.207098
0.207504
0.207352
0.207798
0.207803
0.207834
0.207836
0.207857
0.208144
0.208053
0.207896
0.207379
0.207348
0.207272
0.207158
0.207015
0.206787
0.206653
0.206438
0.206204
0.205912
0.205399
0.205179
0.204876
0.204653
0.204349
0.203984
0.203699
0.203176
0.202757
0.202332
0.201982
0.201832
0.201509
0.201224
0.20073
0.200245
0.199639
0.199089
0.198803
0.198359
0.198004
0.197658
0.197286
0.196821
0.196449
0.196014
0.195683
0.195224
0.194707
0.194109
0.193276
0.192454
0.191399
0.190205
0.188927
0.187256
0.185383
0.183234
0.180726
0.177811
0.174448
0.170599
0.166442
0.162017
0.157556
0.153294
0.149458
0.146423
0.144132
0.14312
0.14299
0.14133
0.141762
0.141995
0.144387
0.146986
0.151819
0.158261
0.166951
0.177823
0.19116
0.207275
0.225468
0.246068
0.268093
0.291337
0.314341
0.338075
0.364379
0.206763
0.206274
0.206433
0.206582
0.206648
0.206677
0.206676
0.20645
0.206808
0.206937
0.207109
0.207351
0.20747
0.207158
0.207376
0.207395
0.207168
0.207408
0.207164
0.207287
0.206967
0.206929
0.206799
0.206626
0.206565
0.206282
0.206002
0.205724
0.205464
0.205079
0.204747
0.204447
0.203996
0.203678
0.203384
0.203341
0.203116
0.202932
0.202605
0.202096
0.201725
0.201348
0.20105
0.200623
0.20041
0.200016
0.19968
0.199504
0.199202
0.199
0.198684
0.198349
0.197933
0.19749
0.19707
0.196674
0.196106
0.195534
0.195048
0.194399
0.19362
0.19267
0.191785
0.190536
0.189481
0.188085
0.186801
0.18494
0.183183
0.180759
0.17816
0.174695
0.171017
0.166681
0.162194
0.157577
0.153205
0.149275
0.146303
0.144359
0.143116
0.142363
0.142127
0.141125
0.142016
0.144312
0.146881
0.151853
0.158131
0.166987
0.177809
0.191167
0.20734
0.225341
0.246153
0.267996
0.291321
0.314365
0.338019
0.364396
)
;
    }
    frontAndBack_1
    {
        type            empty;
    }
    inlet_1
    {
        type            fixedValue;
        value           uniform 0.375;
    }
    outlet_1
    {
        type            zeroGradient;
    }
    fixedWalls_2
    {
        type            kqRWallFunction;
        value           nonuniform List<scalar> 
200
(
0.593541
0.58908
0.593517
0.592553
0.591214
0.590305
0.586133
0.586419
0.584344
0.581226
0.580199
0.579379
0.58
0.582354
0.582095
0.581072
0.580741
0.579112
0.578225
0.57643
0.573367
0.575814
0.57081
0.56999
0.565908
0.56393
0.561927
0.559667
0.557304
0.55518
0.553526
0.552882
0.553425
0.552808
0.551561
0.550355
0.547467
0.547121
0.544973
0.54227
0.539918
0.536791
0.533777
0.530078
0.528639
0.526867
0.525223
0.524018
0.522451
0.521195
0.519045
0.51695
0.514797
0.512294
0.509932
0.506548
0.503653
0.499829
0.495566
0.491903
0.48783
0.484613
0.480826
0.477346
0.473694
0.468553
0.4631
0.453918
0.443303
0.428123
0.412283
0.393896
0.374807
0.355399
0.33569
0.316605
0.297974
0.27887
0.261374
0.244968
0.233513
0.228964
0.22801
0.227377
0.231584
0.237453
0.242033
0.247823
0.255148
0.263147
0.272634
0.282834
0.294367
0.30623
0.318565
0.330837
0.341716
0.351643
0.360691
0.367912
0.578882
0.574623
0.577343
0.576288
0.574911
0.572036
0.576185
0.580402
0.579651
0.578334
0.582303
0.581901
0.581612
0.580828
0.580529
0.576525
0.577849
0.578806
0.57619
0.580479
0.579263
0.57871
0.576563
0.574649
0.574623
0.573519
0.573881
0.572767
0.569102
0.568031
0.565547
0.564365
0.563951
0.560022
0.558204
0.555151
0.553113
0.549834
0.547862
0.544743
0.542481
0.53947
0.536599
0.533383
0.530692
0.527445
0.524455
0.521156
0.518235
0.515065
0.511865
0.508403
0.504092
0.499238
0.494441
0.489587
0.484434
0.479518
0.474737
0.471247
0.467328
0.46446
0.460797
0.456586
0.452654
0.446497
0.439536
0.430136
0.419709
0.406622
0.391568
0.376169
0.358965
0.34273
0.325785
0.308335
0.291108
0.273597
0.257257
0.243845
0.23475
0.232367
0.231281
0.231283
0.232337
0.238179
0.242308
0.248357
0.255196
0.263532
0.272198
0.282885
0.294154
0.305884
0.318856
0.330289
0.341977
0.351402
0.360722
0.367911
)
;
    }
    frontAndBack_2
    {
        type            empty;
    }
    inlet_2
    {
        type            fixedValue;
        value           uniform 0.375;
    }
    outlet_2
    {
        type            zeroGradient;
    }
    fixedWalls_3
    {
        type            kqRWallFunction;
        value           nonuniform List<scalar> 
200
(
1.03939
1.03137
1.0402
1.03932
1.03697
1.03521
1.03244
1.03079
1.02217
1.02368
1.0205
1.01958
1.02005
1.01743
1.01407
1.00886
1.01214
1.00758
1.00202
1.00172
1.00218
1.00704
1.00563
1.00345
1.00201
0.999418
0.9973
0.993791
0.991061
0.987907
0.985153
0.978281
0.975557
0.972174
0.969588
0.965615
0.959362
0.956317
0.953704
0.950196
0.946521
0.942815
0.938638
0.934424
0.929895
0.92654
0.922991
0.91962
0.915463
0.911011
0.906212
0.899958
0.894928
0.888403
0.883224
0.877793
0.873245
0.868188
0.861519
0.852648
0.84201
0.829537
0.815102
0.800178
0.783731
0.766976
0.749366
0.73141
0.712503
0.693233
0.671695
0.649873
0.626062
0.601995
0.573142
0.543197
0.510602
0.476512
0.443905
0.406901
0.375539
0.343055
0.316693
0.300973
0.295314
0.292097
0.288876
0.294275
0.301521
0.307247
0.313344
0.320978
0.328411
0.336542
0.343737
0.351774
0.356746
0.362757
0.365782
0.370038
1.01212
1.01062
1.00988
1.00648
0.99734
1.00237
1.00657
1.00557
0.99813
1.00361
1.00217
0.999816
0.999185
0.997118
0.994837
0.98685
0.986836
0.985107
0.986749
0.99088
0.989986
0.986977
0.984575
0.981457
0.97871
0.971488
0.97002
0.965948
0.965485
0.96692
0.96088
0.962699
0.959413
0.956444
0.948794
0.945645
0.940004
0.934543
0.930632
0.926859
0.924138
0.920958
0.918215
0.915022
0.912249
0.909954
0.907435
0.905575
0.902809
0.900426
0.897179
0.894302
0.891226
0.886384
0.883689
0.878174
0.874218
0.869759
0.865359
0.860644
0.854361
0.848626
0.840426
0.83112
0.818795
0.803373
0.787857
0.767969
0.748273
0.726812
0.702713
0.674409
0.646837
0.612461
0.574767
0.530575
0.482422
0.437582
0.400255
0.361383
0.334855
0.30761
0.294424
0.288561
0.287455
0.287571
0.290472
0.29533
0.300583
0.306898
0.313823
0.320227
0.32864
0.336123
0.343691
0.351651
0.356782
0.362754
0.365928
0.369897
)
;
    }
    frontAndBack_3
    {
        type            empty;
    }
    inlet_3
    {
        type            fixedValue;
        value           uniform 0.375;
    }
    outlet_3
    {
        type            zeroGradient;
    }
    fixedWalls_4
    {
        type            kqRWallFunction;
        value           nonuniform List<scalar> 
200
(
0.588892
0.585045
0.587602
0.591062
0.591381
0.590985
0.590914
0.58949
0.588484
0.587016
0.583334
0.586399
0.582493
0.585124
0.587727
0.587535
0.586291
0.585256
0.581068
0.581428
0.579922
0.579898
0.578215
0.573888
0.573439
0.571699
0.570991
0.570525
0.570158
0.56691
0.568954
0.567342
0.56307
0.561911
0.55993
0.557043
0.552271
0.550221
0.54753
0.544616
0.542268
0.53976
0.536822
0.534652
0.532248
0.529836
0.527893
0.525533
0.523434
0.520393
0.516798
0.513925
0.509984
0.506329
0.502531
0.498529
0.493722
0.490169
0.485904
0.482531
0.479006
0.475397
0.471109
0.465863
0.460371
0.453294
0.445592
0.435325
0.424469
0.411752
0.398966
0.386251
0.370925
0.355563
0.33844
0.321588
0.305474
0.288817
0.275613
0.261877
0.251174
0.241444
0.234746
0.232852
0.233022
0.236018
0.242446
0.248402
0.255088
0.263476
0.272595
0.282754
0.2944
0.306079
0.318878
0.330369
0.342186
0.351212
0.361023
0.367801
0.58743
0.583197
0.584372
0.583461
0.580459
0.583259
0.580504
0.58439
0.583151
0.582412
0.579204
0.580064
0.579195
0.576036
0.575964
0.574637
0.570067
0.569491
0.567074
0.568859
0.564754
0.566453
0.565176
0.56037
0.561983
0.563915
0.561099
0.564294
0.562805
0.561402
0.560176
0.55907
0.557977
0.554712
0.556445
0.552189
0.550743
0.548672
0.546572
0.542057
0.539913
0.536109
0.532853
0.53074
0.528561
0.526192
0.52389
0.521662
0.518898
0.515688
0.511809
0.506642
0.501436
0.495847
0.490887
0.486438
0.481744
0.476942
0.47387
0.470938
0.468215
0.464881
0.461337
0.457779
0.453166
0.448558
0.442133
0.435732
0.426924
0.418162
0.406558
0.393537
0.376824
0.358364
0.33714
0.314743
0.292289
0.271493
0.254856
0.241715
0.234763
0.231227
0.230736
0.229993
0.232886
0.2373
0.241853
0.248464
0.255359
0.262809
0.273087
0.282441
0.294699
0.305748
0.319002
0.330415
0.341997
0.351459
0.360828
0.36786
)
;
    }
    frontAndBack_4
    {
        type            empty;
    }
    inlet_4
    {
        type            fixedValue;
        value           uniform 0.375;
    }
    outlet_4
    {
        type            zeroGradient;
    }
    fixedWalls_5
    {
        type            kqRWallFunction;
        value           nonuniform List<scalar> 
200
(
0.20877
0.208655
0.208727
0.208673
0.208542
0.208473
0.208183
0.208151
0.208059
0.208074
0.208053
0.207794
0.207835
0.207633
0.207642
0.207505
0.207426
0.207359
0.207195
0.207112
0.207041
0.20687
0.206877
0.206754
0.206623
0.206416
0.206189
0.20595
0.205722
0.20558
0.20529
0.205081
0.204873
0.204625
0.204454
0.204116
0.203749
0.203349
0.202786
0.202337
0.20189
0.201618
0.201358
0.201237
0.201073
0.200763
0.200445
0.20013
0.199815
0.199607
0.199226
0.198832
0.198348
0.197845
0.197451
0.196993
0.196526
0.196225
0.195714
0.195421
0.194819
0.194287
0.193445
0.192536
0.191288
0.189876
0.188096
0.18607
0.183607
0.180815
0.177613
0.173896
0.169939
0.165469
0.160873
0.156099
0.151624
0.147672
0.14443
0.142339
0.141402
0.141448
0.140883
0.140635
0.141062
0.143934
0.146806
0.151856
0.158138
0.167074
0.177821
0.191192
0.20735
0.225381
0.246149
0.268019
0.291348
0.314338
0.338029
0.364391
0.207842
0.207716
0.207687
0.207393
0.207436
0.20739
0.207323
0.207249
0.207258
0.207241
0.207233
0.207138
0.207173
0.207424
0.207425
0.207417
0.20746
0.207394
0.207314
0.20732
0.207262
0.207298
0.20729
0.20724
0.207054
0.206825
0.206552
0.206055
0.205899
0.205529
0.20519
0.204892
0.204648
0.204385
0.204009
0.20375
0.20347
0.203274
0.203007
0.20278
0.20237
0.202015
0.201635
0.201148
0.200817
0.200297
0.199885
0.199536
0.199127
0.198822
0.198629
0.19857
0.19846
0.198259
0.197868
0.197456
0.196984
0.196384
0.19593
0.195234
0.194655
0.193953
0.193229
0.192492
0.191524
0.190505
0.189013
0.18727
0.185136
0.182388
0.179133
0.175274
0.170923
0.166119
0.160884
0.155796
0.150833
0.147017
0.143957
0.143154
0.141571
0.141578
0.140208
0.14123
0.142018
0.144476
0.146929
0.151876
0.15817
0.166976
0.177809
0.191175
0.207364
0.225393
0.246143
0.268057
0.291333
0.314372
0.338069
0.364383
)
;
    }
    frontAndBack_5
    {
        type            empty;
    }
    inlet_5
    {
        type            fixedValue;
        value           uniform 0.375;
    }
    outlet_5
    {
        type            zeroGradient;
    }
}


// ************************************************************************* //
