/*--------------------------------*- C++ -*----------------------------------*\
  =========                 |
  \\      /  F ield         | OpenFOAM: The Open Source CFD Toolbox
   \\    /   O peration     | Website:  https://openfoam.org
    \\  /    A nd           | Version:  6
     \\/     M anipulation  |
\*---------------------------------------------------------------------------*/
FoamFile
{
    version     2.0;
    format      ascii;
    class       volScalarField;
    location    "23";
    object      p;
}
// * * * * * * * * * * * * * * * * * * * * * * * * * * * * * * * * * * * * * //

dimensions      [0 2 -2 0 0 0 0];

internalField   nonuniform List<scalar> 
10000
(
0.021742
0.0201472
0.0191916
0.0186458
0.0167401
0.0150831
0.0142722
0.0141349
0.0143565
0.0144723
0.0143778
0.0138297
0.0125633
0.0106314
0.00802888
0.00553687
0.00357882
0.00221452
0.00528682
0.0111005
0.0437413
0.0412495
0.0450369
0.0529182
0.0585332
0.0609635
0.061407
0.0613524
0.0614487
0.061465
0.0614821
0.0608935
0.0601681
0.0585633
0.0558173
0.0509362
0.0434634
0.0357893
0.0333418
0.0361537
0.0847402
0.0806028
0.0804634
0.0855695
0.092544
0.0989988
0.103812
0.106883
0.108632
0.109415
0.109436
0.108665
0.106952
0.10451
0.101562
0.0984036
0.0954568
0.0936176
0.0926142
0.0916156
0.138969
0.138159
0.138018
0.141254
0.146646
0.151863
0.155929
0.158647
0.160228
0.161009
0.161147
0.160787
0.159995
0.158803
0.157158
0.155364
0.153275
0.151271
0.149916
0.148748
0.209816
0.213698
0.214451
0.213549
0.213367
0.213703
0.214463
0.215149
0.215705
0.215985
0.216118
0.216253
0.21636
0.216884
0.217684
0.218868
0.22028
0.221145
0.219821
0.216586
0.271023
0.27459
0.276254
0.275032
0.273158
0.271541
0.27058
0.270112
0.270021
0.270098
0.270241
0.270542
0.271305
0.272819
0.275246
0.278491
0.281649
0.283366
0.282139
0.279308
0.318354
0.317499
0.317523
0.317148
0.316983
0.317623
0.318595
0.31964
0.320586
0.32139
0.322204
0.323199
0.324407
0.325937
0.327623
0.329299
0.330558
0.330706
0.330161
0.330666
0.365668
0.363403
0.363032
0.363682
0.364759
0.366638
0.368606
0.370395
0.37173
0.372781
0.373487
0.374058
0.374613
0.374918
0.374876
0.374477
0.37386
0.373034
0.372783
0.37438
0.422689
0.422463
0.42307
0.423916
0.424368
0.424453
0.424544
0.424812
0.425175
0.425405
0.425432
0.425132
0.424198
0.422483
0.419968
0.416699
0.413376
0.411247
0.412082
0.415313
0.485758
0.487541
0.488269
0.487526
0.485879
0.483613
0.481756
0.480583
0.480016
0.479751
0.479557
0.478988
0.477989
0.476239
0.473844
0.471076
0.46831
0.466874
0.467671
0.469294
0.542223
0.54186
0.541593
0.541081
0.539833
0.538114
0.536514
0.535386
0.534728
0.534433
0.5343
0.534359
0.534392
0.534789
0.53555
0.536774
0.538405
0.53993
0.539325
0.535918
0.5955
0.594342
0.593244
0.592494
0.59178
0.590897
0.589937
0.589192
0.588655
0.588428
0.588318
0.58844
0.588865
0.589722
0.591213
0.593475
0.596105
0.598154
0.598005
0.595735
0.645323
0.643199
0.64133
0.640849
0.641357
0.642006
0.642415
0.642494
0.642418
0.642304
0.642346
0.642528
0.642777
0.643191
0.643828
0.644624
0.645574
0.646393
0.646982
0.648055
0.696033
0.695771
0.695976
0.696835
0.697769
0.698181
0.698055
0.697672
0.697278
0.697071
0.697057
0.697154
0.697538
0.697915
0.698315
0.698578
0.698809
0.699148
0.699272
0.699877
0.746761
0.750085
0.752572
0.753073
0.752684
0.751921
0.751236
0.750683
0.750364
0.750222
0.750358
0.75074
0.751246
0.751803
0.752082
0.751639
0.750838
0.750195
0.750185
0.751098
0.792654
0.792125
0.792402
0.794142
0.796523
0.7988
0.800432
0.801324
0.801727
0.802016
0.802313
0.802655
0.803279
0.803987
0.804667
0.804992
0.804899
0.804492
0.803984
0.803856
0.845889
0.846206
0.845792
0.845662
0.846903
0.848852
0.850614
0.851809
0.852428
0.852614
0.852514
0.852335
0.851929
0.85162
0.851442
0.851599
0.852208
0.852543
0.851838
0.850299
0.89836
0.898558
0.898364
0.897859
0.898206
0.899519
0.901195
0.902722
0.903758
0.904194
0.90414
0.903493
0.902319
0.90016
0.896972
0.893182
0.889293
0.886649
0.887521
0.890609
0.956704
0.956989
0.957119
0.956444
0.955848
0.955868
0.956388
0.957202
0.957976
0.958447
0.958662
0.958543
0.957947
0.956751
0.954912
0.952449
0.950008
0.948755
0.949063
0.949554
1.0228
1.02349
1.02343
1.02188
1.01947
1.01722
1.01568
1.01502
1.01485
1.01494
1.01498
1.01501
1.01531
1.01614
1.01795
1.02075
1.02392
1.02613
1.02483
1.02012
1.08533
1.08596
1.08573
1.08387
1.08071
1.07731
1.07457
1.07272
1.07172
1.07123
1.07109
1.07129
1.07172
1.07294
1.07516
1.07838
1.08198
1.08419
1.08356
1.08112
1.13551
1.13463
1.13457
1.1344
1.13328
1.13148
1.12962
1.12797
1.1269
1.1264
1.12643
1.12676
1.12759
1.12855
1.12946
1.1301
1.13018
1.1297
1.12984
1.13182
1.18023
1.1785
1.17862
1.18007
1.18124
1.18137
1.18082
1.17996
1.17929
1.17897
1.17913
1.17978
1.1808
1.18202
1.18313
1.18357
1.18315
1.18204
1.18128
1.18205
1.22746
1.22695
1.22645
1.22687
1.22797
1.22886
1.22947
1.2298
1.22991
1.23004
1.23019
1.23036
1.23052
1.23046
1.23035
1.23031
1.23022
1.23003
1.22949
1.22858
1.27517
1.2739
1.27244
1.2735
1.276
1.27837
1.28019
1.28116
1.28151
1.28148
1.28139
1.28113
1.28039
1.27897
1.27672
1.27375
1.27076
1.26895
1.26927
1.27041
1.32847
1.32962
1.33009
1.33081
1.3321
1.33346
1.3345
1.33499
1.33503
1.33471
1.33415
1.33318
1.33191
1.33001
1.3275
1.3245
1.32137
1.31897
1.31851
1.31906
1.38656
1.38951
1.39121
1.39051
1.38946
1.38899
1.38892
1.38899
1.38908
1.38889
1.38848
1.38778
1.38668
1.38531
1.3838
1.38243
1.38133
1.3802
1.37947
1.37846
1.4443
1.44748
1.44925
1.44846
1.44671
1.44511
1.44414
1.44375
1.44372
1.4438
1.44385
1.44381
1.44401
1.44447
1.44541
1.44686
1.44835
1.44914
1.4485
1.44597
1.49621
1.49611
1.49692
1.49775
1.49796
1.4979
1.49773
1.49762
1.49772
1.498
1.49847
1.49918
1.50028
1.50217
1.50486
1.50817
1.51138
1.51329
1.51269
1.50975
1.54972
1.54926
1.54978
1.55041
1.55076
1.55115
1.55141
1.55161
1.55186
1.55226
1.5529
1.55376
1.55511
1.55675
1.55864
1.56052
1.56188
1.56218
1.56198
1.56206
1.60538
1.60451
1.60425
1.60486
1.60537
1.60576
1.6059
1.60592
1.60588
1.60586
1.60596
1.60632
1.6068
1.60735
1.60771
1.60751
1.60692
1.60623
1.6063
1.60753
1.66371
1.66484
1.6657
1.66634
1.66602
1.66485
1.6632
1.66159
1.66027
1.65935
1.65855
1.65781
1.65692
1.65554
1.65351
1.65063
1.64738
1.64536
1.64635
1.64882
1.71339
1.71657
1.71858
1.71852
1.71726
1.71567
1.71425
1.7131
1.71228
1.71177
1.71146
1.71111
1.71031
1.709
1.70704
1.70441
1.70155
1.69976
1.69988
1.70018
1.75375
1.75077
1.74955
1.75129
1.75431
1.75773
1.76067
1.76272
1.76384
1.76464
1.76517
1.76567
1.76609
1.76652
1.76706
1.76781
1.76864
1.76908
1.76711
1.76253
1.81101
1.80983
1.80857
1.80911
1.81127
1.81386
1.81613
1.81771
1.81867
1.8192
1.81955
1.81996
1.82034
1.82091
1.82163
1.82259
1.82363
1.82402
1.82264
1.81976
1.87967
1.8841
1.88564
1.88407
1.88161
1.87898
1.8771
1.87596
1.87542
1.87506
1.87487
1.87463
1.87456
1.87439
1.87413
1.87386
1.87348
1.87288
1.87265
1.87298
1.93913
1.94226
1.94372
1.94232
1.93935
1.93598
1.93322
1.9313
1.93015
1.92945
1.92911
1.92898
1.92901
1.9291
1.9292
1.92932
1.92938
1.9292
1.92864
1.92783
1.98708
1.98665
1.98693
1.98752
1.98746
1.98686
1.98569
1.98441
1.98328
1.98259
1.98212
1.98187
1.98175
1.98162
1.98152
1.98142
1.98117
1.98071
1.98003
1.9791
2.03191
2.03173
2.03221
2.03367
2.03525
2.03652
2.03698
2.03686
2.03638
2.03593
2.03558
2.03541
2.03511
2.03473
2.03402
2.033
2.03181
2.03072
2.03002
2.02927
2.07999
2.0795
2.07907
2.08068
2.08341
2.08627
2.08844
2.08985
2.09051
2.0909
2.09111
2.09142
2.09171
2.09185
2.09151
2.09056
2.08913
2.0879
2.08717
2.08631
2.1411
2.14302
2.14352
2.14419
2.14511
2.14597
2.14657
2.14697
2.14727
2.14763
2.1482
2.14922
2.15059
2.15243
2.15437
2.15613
2.15731
2.15756
2.15612
2.15322
2.20669
2.2122
2.21453
2.213
2.21003
2.20715
2.2051
2.20388
2.20323
2.20316
2.20339
2.20422
2.20561
2.20779
2.21086
2.21471
2.21856
2.22064
2.21863
2.21361
2.26151
2.26289
2.26415
2.26432
2.26323
2.2616
2.25989
2.25831
2.2571
2.25632
2.25595
2.25585
2.25569
2.25532
2.2545
2.25343
2.25219
2.25087
2.25075
2.25211
2.31144
2.31231
2.31364
2.31459
2.31483
2.31428
2.3131
2.31169
2.3104
2.3094
2.30867
2.308
2.30708
2.30531
2.30212
2.29747
2.2921
2.28816
2.28848
2.29202
2.35661
2.35604
2.35633
2.35834
2.36065
2.36248
2.36342
2.36376
2.36365
2.36344
2.36322
2.36298
2.3624
2.36147
2.35985
2.35743
2.3548
2.35323
2.35238
2.35074
2.40959
2.40961
2.40961
2.41162
2.41444
2.41691
2.41845
2.41933
2.41965
2.41997
2.42021
2.42065
2.42117
2.42192
2.42287
2.42421
2.4259
2.42725
2.42539
2.41981
2.47344
2.4773
2.47846
2.47816
2.47784
2.47764
2.47745
2.47728
2.47713
2.4771
2.47727
2.47794
2.47908
2.48096
2.48344
2.48646
2.48935
2.49074
2.48891
2.48452
2.53461
2.53853
2.54087
2.54093
2.53944
2.53749
2.53574
2.53439
2.5335
2.53308
2.53315
2.53379
2.53497
2.53657
2.53836
2.54011
2.54133
2.54142
2.54076
2.5402
2.58829
2.59102
2.59307
2.59374
2.59287
2.59118
2.58946
2.58813
2.58724
2.58685
2.5869
2.58741
2.58815
2.58906
2.58985
2.59023
2.59026
2.5899
2.58943
2.58912
2.63974
2.63815
2.63658
2.63715
2.63865
2.64014
2.64106
2.64149
2.64146
2.64139
2.6412
2.64109
2.64074
2.63997
2.63844
2.63632
2.63406
2.63256
2.63283
2.63366
2.7014
2.70138
2.70051
2.7004
2.70092
2.70136
2.7013
2.70093
2.70035
2.69983
2.69938
2.6991
2.69859
2.69772
2.6961
2.69397
2.6917
2.69026
2.69034
2.69006
2.7642
2.76883
2.7716
2.77178
2.77011
2.76726
2.76428
2.76191
2.76025
2.75946
2.75923
2.75971
2.76065
2.76219
2.76397
2.76578
2.76709
2.76753
2.76558
2.76034
2.81365
2.81687
2.81864
2.81934
2.81925
2.81846
2.81734
2.81634
2.81567
2.81565
2.81621
2.81768
2.81984
2.82307
2.82676
2.83054
2.83345
2.83422
2.83161
2.82617
2.8611
2.86045
2.85954
2.86075
2.86362
2.86672
2.86888
2.87009
2.87056
2.87105
2.87162
2.8727
2.87415
2.87614
2.87829
2.88046
2.88218
2.88233
2.88058
2.87797
2.9248
2.92729
2.92812
2.92833
2.92904
2.92959
2.92957
2.92915
2.92862
2.92815
2.92798
2.92805
2.92808
2.9276
2.92608
2.92333
2.91996
2.91714
2.91721
2.9193
2.99068
2.99703
2.9999
2.99858
2.99597
2.99312
2.99057
2.98849
2.98701
2.98592
2.98521
2.98464
2.98401
2.98275
2.98036
2.97687
2.97293
2.97042
2.97056
2.97093
3.04364
3.04528
3.04645
3.0471
3.04704
3.04677
3.04616
3.0453
3.04439
3.04375
3.04334
3.04329
3.04322
3.04322
3.04304
3.04262
3.04189
3.04118
3.03941
3.03468
3.0966
3.09757
3.09916
3.10151
3.10304
3.10366
3.10342
3.10282
3.10206
3.10164
3.10149
3.1018
3.10245
3.10355
3.10495
3.10661
3.10795
3.10828
3.10607
3.10055
3.15381
3.15762
3.15962
3.1605
3.16102
3.16126
3.16117
3.1608
3.16029
3.15998
3.15994
3.16039
3.16112
3.16245
3.16416
3.16619
3.16825
3.16952
3.16819
3.16413
3.215
3.21655
3.21638
3.21665
3.21761
3.21884
3.21977
3.22025
3.22047
3.22071
3.22129
3.22236
3.22398
3.22586
3.22734
3.22804
3.22778
3.22705
3.22638
3.22558
3.28701
3.29073
3.29195
3.29159
3.29021
3.28806
3.28581
3.28403
3.28298
3.28268
3.28318
3.28464
3.28687
3.28975
3.29268
3.29495
3.29628
3.2964
3.29487
3.29168
3.35224
3.35881
3.36196
3.3608
3.3572
3.35266
3.34847
3.34525
3.34316
3.34226
3.34222
3.34304
3.34454
3.34665
3.34912
3.35176
3.35408
3.35496
3.35301
3.34822
3.39801
3.39913
3.40087
3.40328
3.4047
3.40483
3.40389
3.40233
3.40083
3.39989
3.39967
3.40012
3.40073
3.40099
3.40019
3.39796
3.3948
3.39186
3.39142
3.39194
3.44397
3.44601
3.4484
3.4522
3.45599
3.45839
3.45913
3.45875
3.45804
3.45756
3.45769
3.45821
3.45904
3.45941
3.45865
3.45654
3.45322
3.45037
3.44915
3.44713
3.49855
3.50338
3.50612
3.50876
3.51166
3.51384
3.51508
3.51563
3.51583
3.51617
3.51688
3.51813
3.51954
3.52116
3.52256
3.52337
3.52339
3.52236
3.51864
3.5104
3.56589
3.57079
3.5729
3.57507
3.57715
3.57842
3.57874
3.57846
3.57797
3.57768
3.57783
3.57834
3.5793
3.58029
3.58093
3.58097
3.58018
3.57827
3.57431
3.56674
3.64242
3.65017
3.65367
3.65423
3.65294
3.65028
3.64711
3.64406
3.64176
3.64015
3.63939
3.63917
3.63918
3.63895
3.63804
3.63596
3.63294
3.62927
3.62587
3.62126
3.70568
3.71399
3.71821
3.71902
3.71739
3.71411
3.71016
3.70637
3.70353
3.70167
3.70088
3.7006
3.70096
3.70111
3.70078
3.69964
3.69748
3.69448
3.69082
3.68483
3.74809
3.75124
3.75333
3.75701
3.76059
3.76286
3.76328
3.76238
3.76109
3.7602
3.76
3.7606
3.76164
3.76295
3.7641
3.76437
3.76365
3.76185
3.7589
3.75241
3.792
3.79282
3.79332
3.79842
3.80568
3.81249
3.81688
3.81886
3.81926
3.81926
3.81946
3.81998
3.82103
3.82219
3.82342
3.82449
3.82503
3.82475
3.82308
3.81697
3.85664
3.86283
3.86395
3.8658
3.86979
3.87428
3.87777
3.87962
3.88023
3.88015
3.88004
3.88015
3.88014
3.87994
3.87948
3.87865
3.87787
3.87748
3.87748
3.87321
3.93518
3.94582
3.94778
3.94581
3.94403
3.94346
3.94383
3.94423
3.94441
3.94413
3.94395
3.94366
3.94369
3.94328
3.94209
3.93988
3.93682
3.93463
3.93506
3.93231
4.01467
4.02428
4.0254
4.0216
4.01661
4.01289
4.01102
4.01033
4.01012
4.01009
4.01029
4.01097
4.01195
4.0135
4.01524
4.01666
4.01786
4.01893
4.01818
4.01013
4.09092
4.09725
4.09664
4.09296
4.08766
4.08311
4.07989
4.07811
4.07721
4.0771
4.0775
4.0785
4.08047
4.08358
4.08794
4.09339
4.09898
4.10298
4.10169
4.09064
4.16341
4.17086
4.17106
4.1674
4.16139
4.15517
4.15011
4.14673
4.1447
4.14374
4.14357
4.14449
4.1462
4.14926
4.15348
4.15855
4.16366
4.16711
4.16658
4.15764
4.22605
4.23358
4.23413
4.23212
4.2278
4.2224
4.21755
4.21399
4.21183
4.21075
4.21068
4.21136
4.21297
4.21509
4.21741
4.21956
4.22101
4.222
4.22256
4.21715
4.28559
4.29473
4.29676
4.29673
4.29432
4.28986
4.28519
4.28151
4.27928
4.27839
4.27874
4.28035
4.28289
4.2864
4.29032
4.29369
4.29579
4.29662
4.29526
4.2863
4.34585
4.35907
4.36368
4.36432
4.36226
4.35793
4.35322
4.34953
4.34731
4.3466
4.34719
4.34915
4.35265
4.3576
4.36374
4.37004
4.37463
4.37596
4.37119
4.35642
4.40367
4.41768
4.42453
4.42814
4.4288
4.42612
4.42202
4.41813
4.41544
4.41423
4.41443
4.41621
4.41921
4.42354
4.42843
4.43263
4.43436
4.43273
4.42647
4.41242
4.46014
4.4766
4.48666
4.49283
4.49525
4.49355
4.48967
4.48557
4.48261
4.48115
4.48127
4.48267
4.48517
4.48785
4.48977
4.48947
4.48574
4.4798
4.4727
4.46107
4.51057
4.52654
4.53724
4.54557
4.55109
4.55266
4.55149
4.54934
4.54748
4.5467
4.54712
4.54875
4.55107
4.55331
4.55443
4.55278
4.54753
4.54016
4.53048
4.51545
4.56678
4.5786
4.58725
4.59733
4.60716
4.61349
4.61594
4.61605
4.61515
4.61462
4.61464
4.61537
4.61636
4.61687
4.61622
4.61302
4.60695
4.59925
4.58811
4.57068
4.64411
4.65714
4.66492
4.67208
4.67997
4.68534
4.68743
4.68725
4.68618
4.68516
4.6847
4.68457
4.68431
4.68263
4.67854
4.67088
4.66018
4.64992
4.64028
4.62795
4.72981
4.74275
4.74886
4.75152
4.75543
4.75842
4.75978
4.75961
4.75874
4.7577
4.75701
4.75637
4.75548
4.7532
4.74901
4.7421
4.73377
4.72757
4.72024
4.70841
4.81404
4.81871
4.81951
4.81999
4.82412
4.82885
4.83224
4.8337
4.83368
4.83292
4.83195
4.83074
4.82925
4.82694
4.82397
4.82091
4.81906
4.82032
4.81722
4.80716
4.91459
4.917
4.91425
4.90845
4.90758
4.90904
4.91074
4.91177
4.91195
4.91155
4.91098
4.91047
4.90984
4.90907
4.90828
4.90824
4.91064
4.91744
4.92063
4.91873
5.02976
5.0322
5.02672
5.01206
5.00205
4.99646
4.99399
4.9933
4.99327
4.99339
4.99366
4.99447
4.99627
4.99968
5.00525
5.0142
5.02703
5.04356
5.05004
5.04886
5.14684
5.14872
5.14396
5.12387
5.10654
5.09383
5.08572
5.08129
5.07921
5.0787
5.07915
5.08141
5.08552
5.09329
5.10559
5.12311
5.14477
5.16676
5.17051
5.16715
5.24417
5.25075
5.25612
5.23711
5.21563
5.19639
5.18171
5.17203
5.16685
5.1649
5.16547
5.16874
5.17527
5.18597
5.20048
5.21799
5.23544
5.24999
5.24445
5.24231
5.29308
5.30374
5.32665
5.31895
5.30412
5.28666
5.27076
5.25883
5.25174
5.24878
5.24906
5.25292
5.26006
5.27085
5.28359
5.29546
5.30423
5.30837
5.28684
5.27941
5.30137
5.30963
5.35133
5.36031
5.36261
5.35818
5.34927
5.33998
5.33349
5.33041
5.33041
5.33317
5.33852
5.34518
5.35084
5.3529
5.35059
5.34385
5.30366
5.29369
5.32723
5.32465
5.38082
5.39501
5.40771
5.41603
5.41719
5.4137
5.4099
5.40784
5.40792
5.41004
5.41289
5.41485
5.413
5.40513
5.39439
5.38176
5.32552
5.3268
5.43446
5.40072
5.46302
5.4629
5.46725
5.47672
5.4828
5.48339
5.48175
5.48045
5.48056
5.48158
5.48299
5.48227
5.47782
5.47098
5.46876
5.46931
5.4057
5.43874
5.65176
5.55495
5.62272
5.59299
5.56803
5.56069
5.55952
5.55729
5.55415
5.5521
5.55198
5.55413
5.55686
5.55951
5.56238
5.57148
5.59763
5.62828
5.56039
5.65656
5.93026
5.72596
5.81507
5.76108
5.70201
5.66998
5.6547
5.64541
5.63876
5.63505
5.63473
5.63802
5.64448
5.65438
5.67037
5.7033
5.76232
5.81629
5.72645
5.92911
6.15526
5.77447
5.92002
5.8784
5.81002
5.76737
5.74627
5.73446
5.72652
5.72232
5.72177
5.72589
5.73321
5.74551
5.76718
5.80942
5.87665
5.91607
5.76856
6.14866
6.29903
5.64227
5.88881
5.90155
5.85017
5.81184
5.79269
5.78276
5.77617
5.77271
5.77276
5.77632
5.78309
5.79391
5.81337
5.85092
5.9006
5.88557
5.63888
6.29837
6.62395
5.52575
5.87895
5.9339
5.8774
5.82873
5.80378
5.79081
5.78273
5.77864
5.77889
5.78368
5.7917
5.80654
5.83007
5.87895
5.93183
5.87764
5.52747
6.62997
7.68447
5.60296
5.89097
5.98575
5.93141
5.87714
5.8504
5.83718
5.82975
5.82553
5.82597
5.82914
5.83601
5.85
5.87567
5.93076
5.98593
5.89302
5.6057
7.68299
9.65686
5.24578
5.34173
5.72911
5.82149
5.82112
5.81836
5.81761
5.81626
5.81509
5.81511
5.81625
5.81752
5.81842
5.82109
5.82154
5.7292
5.342
5.24613
9.65684
0.00238586
0.0179052
0.0176701
0.0271868
0.0240621
0.018948
0.0176166
0.0190149
0.020738
0.0215615
0.0217221
0.0213793
0.0208235
0.0209821
0.022899
0.0272997
0.029
0.0211379
0.027887
0.0240505
0.0920022
0.111622
0.12001
0.138606
0.146783
0.145679
0.142149
0.140207
0.139504
0.138613
0.137599
0.135697
0.134551
0.13396
0.134753
0.133865
0.126541
0.115488
0.116421
0.101962
0.292472
0.281346
0.281316
0.283607
0.280084
0.272737
0.265224
0.259467
0.255468
0.252199
0.248501
0.243702
0.236421
0.226472
0.213678
0.200913
0.19405
0.194586
0.197069
0.197819
0.430332
0.41201
0.401218
0.397964
0.3944
0.38775
0.380415
0.3742
0.36959
0.365528
0.361009
0.354575
0.344861
0.329761
0.30717
0.276819
0.24215
0.213809
0.209577
0.222212
0.50425
0.487554
0.474655
0.477266
0.487468
0.495864
0.498281
0.496158
0.492361
0.488595
0.484338
0.479209
0.472151
0.46297
0.451124
0.436296
0.419903
0.405835
0.393615
0.384071
0.597851
0.59251
0.586447
0.591059
0.60192
0.611181
0.615573
0.616176
0.614277
0.612166
0.609172
0.606346
0.603627
0.603119
0.606975
0.617476
0.632571
0.642698
0.631836
0.60494
0.737843
0.746647
0.740434
0.726925
0.721119
0.721859
0.725629
0.7294
0.731615
0.732391
0.73233
0.732762
0.73371
0.736642
0.742768
0.754366
0.768374
0.775508
0.773207
0.764255
0.853558
0.86281
0.860467
0.853568
0.848245
0.846507
0.847237
0.848586
0.84974
0.850294
0.850894
0.851822
0.85411
0.857186
0.860619
0.863218
0.864075
0.862096
0.86416
0.872002
0.963541
0.984909
0.999025
0.996632
0.986825
0.977566
0.971729
0.96833
0.966752
0.965719
0.96499
0.96417
0.96341
0.962942
0.961916
0.958684
0.954395
0.950678
0.952412
0.961417
1.03954
1.04965
1.06257
1.06943
1.074
1.07889
1.08277
1.0851
1.08636
1.08662
1.08596
1.08403
1.08054
1.07431
1.06387
1.04932
1.03195
1.01705
1.01694
1.0288
1.17385
1.16385
1.16943
1.18755
1.20526
1.21815
1.22413
1.22583
1.22525
1.22373
1.22141
1.21802
1.21251
1.20463
1.19408
1.18091
1.16588
1.15227
1.1465
1.14565
1.41764
1.4209
1.42371
1.42024
1.41103
1.40005
1.39016
1.38242
1.37605
1.37134
1.3673
1.36371
1.35989
1.35607
1.35286
1.35135
1.35246
1.35512
1.3483
1.32984
1.59988
1.61323
1.60904
1.5898
1.5649
1.54391
1.5295
1.52006
1.51356
1.50954
1.50778
1.5089
1.51311
1.52061
1.52983
1.53845
1.54389
1.54532
1.54106
1.53024
1.67652
1.66795
1.66043
1.66347
1.66114
1.6534
1.6442
1.63682
1.63171
1.6293
1.62904
1.63177
1.63828
1.64985
1.66716
1.68917
1.71125
1.72577
1.72727
1.72162
1.72882
1.72216
1.71765
1.72219
1.72885
1.73252
1.73376
1.7339
1.7339
1.73403
1.73471
1.73648
1.73851
1.74112
1.74502
1.75282
1.76517
1.77816
1.79203
1.8056
1.73626
1.73053
1.73007
1.74807
1.7763
1.80328
1.82258
1.83333
1.83891
1.84158
1.84323
1.84364
1.84271
1.83806
1.82839
1.813
1.79338
1.78003
1.79264
1.82073
1.81496
1.82444
1.83809
1.86095
1.88926
1.91535
1.93566
1.94918
1.95744
1.96196
1.96461
1.9652
1.96299
1.95692
1.94717
1.93299
1.91654
1.90624
1.9065
1.90984
2.00095
2.02748
2.04485
2.04931
2.05347
2.06073
2.07034
2.07986
2.08728
2.09218
2.09509
2.0965
2.09669
2.09541
2.09264
2.08962
2.08885
2.09198
2.08591
2.0657
2.22543
2.24117
2.24887
2.24378
2.23258
2.22468
2.22197
2.22254
2.22434
2.22573
2.22644
2.22676
2.22762
2.23023
2.23379
2.23791
2.24207
2.24357
2.23722
2.22217
2.43908
2.44362
2.44168
2.42805
2.40606
2.38573
2.37202
2.36457
2.36116
2.35947
2.35817
2.35654
2.35505
2.35427
2.35541
2.35979
2.367
2.37117
2.36788
2.35945
2.58295
2.56687
2.55515
2.54949
2.53852
2.52305
2.5082
2.49777
2.49201
2.489
2.4879
2.48742
2.4872
2.48603
2.48381
2.47996
2.47512
2.46855
2.46602
2.46886
2.6849
2.67008
2.65798
2.65215
2.6464
2.63875
2.63007
2.62264
2.61784
2.61558
2.61497
2.61512
2.61586
2.61619
2.61646
2.61653
2.61693
2.61645
2.61189
2.60695
2.7393
2.72309
2.71284
2.72058
2.73355
2.74349
2.74815
2.74801
2.746
2.74448
2.74398
2.74398
2.74367
2.74327
2.74306
2.74247
2.74099
2.73837
2.73585
2.73499
2.83535
2.83549
2.83517
2.84625
2.86177
2.87344
2.87948
2.881
2.88002
2.87872
2.87815
2.87849
2.87946
2.87987
2.87896
2.87571
2.87019
2.86406
2.86216
2.86378
2.9994
3.02261
3.02662
3.01934
3.01571
3.01509
3.01469
3.01351
3.01195
3.01045
3.01013
3.01128
3.01396
3.01733
3.02014
3.02052
3.01782
3.01317
3.01062
3.00949
3.15568
3.17467
3.17643
3.16634
3.15513
3.14753
3.14225
3.13818
3.13514
3.13314
3.1324
3.1329
3.1353
3.13945
3.14627
3.1561
3.16767
3.17615
3.17616
3.16745
3.26334
3.27603
3.27815
3.27153
3.26214
3.25533
3.25145
3.24905
3.24748
3.24627
3.24511
3.24427
3.2429
3.24175
3.24161
3.24551
3.25606
3.26965
3.27564
3.26696
3.30215
3.2982
3.29963
3.31327
3.32839
3.34256
3.3536
3.36007
3.36293
3.36364
3.3635
3.36236
3.36023
3.35517
3.34483
3.32715
3.30332
3.28363
3.28691
3.30167
3.3904
3.39468
3.40693
3.42822
3.44879
3.46592
3.47832
3.4863
3.49041
3.4923
3.49329
3.49386
3.49348
3.49121
3.48628
3.47702
3.46382
3.45141
3.44404
3.44087
3.57023
3.59379
3.61061
3.61491
3.61626
3.61733
3.61925
3.62222
3.6247
3.62659
3.62772
3.62905
3.63069
3.63348
3.63851
3.64693
3.65768
3.66614
3.65965
3.63836
3.76514
3.77979
3.78634
3.78354
3.77576
3.76817
3.76314
3.761
3.76052
3.76076
3.7612
3.76256
3.76515
3.77094
3.78059
3.79397
3.80856
3.81851
3.81715
3.80192
3.94612
3.95469
3.95425
3.94364
3.92662
3.9116
3.90174
3.89614
3.89323
3.89223
3.89201
3.89239
3.89289
3.89312
3.89318
3.8952
3.90053
3.90641
3.90993
3.90707
4.05397
4.04776
4.04086
4.03744
4.03326
4.02907
4.0256
4.02303
4.02163
4.02118
4.02198
4.02321
4.02469
4.0242
4.01896
4.00633
3.98741
3.97113
3.97331
3.98587
4.13349
4.11915
4.11929
4.13791
4.15364
4.15947
4.15826
4.15489
4.15214
4.15114
4.15199
4.15422
4.158
4.16263
4.16816
4.17201
4.17132
4.16758
4.16169
4.15415
4.27284
4.28249
4.29106
4.29424
4.29501
4.29208
4.28741
4.2821
4.27777
4.27525
4.27449
4.27543
4.2772
4.2814
4.29018
4.30649
4.3288
4.34612
4.34206
4.31903
4.39207
4.40112
4.39692
4.38945
4.38942
4.39311
4.39658
4.39777
4.39735
4.3962
4.39506
4.39409
4.39286
4.39031
4.38554
4.38012
4.37762
4.37779
4.37984
4.37617
4.49407
4.4924
4.48456
4.48716
4.4968
4.5078
4.5166
4.52175
4.52427
4.52456
4.52443
4.5232
4.52082
4.51448
4.50126
4.4777
4.44761
4.42412
4.42244
4.43244
4.63954
4.6464
4.64593
4.64814
4.6511
4.65454
4.65844
4.6613
4.6631
4.66396
4.66489
4.66529
4.66567
4.66486
4.66291
4.65791
4.6478
4.63656
4.6263
4.61504
4.8147
4.82748
4.83081
4.82889
4.82302
4.81553
4.80951
4.80619
4.80482
4.80484
4.80591
4.80856
4.8126
4.82007
4.83282
4.8529
4.87608
4.89097
4.88208
4.85044
4.9745
4.98857
4.98984
4.9803
4.9673
4.95513
4.94508
4.93859
4.93523
4.93476
4.93621
4.93992
4.94588
4.9548
4.96758
4.98538
5.00453
5.01624
5.01635
5.00195
5.06871
5.07345
5.07007
5.06426
5.05927
5.05679
5.05455
5.05251
5.05104
5.05084
5.05213
5.0551
5.05951
5.06442
5.06829
5.06958
5.06882
5.06772
5.0719
5.07667
5.13924
5.13355
5.13135
5.14263
5.15666
5.16666
5.17002
5.16964
5.16764
5.16592
5.16426
5.16271
5.16039
5.15612
5.14837
5.13593
5.12234
5.11419
5.11612
5.12048
5.26869
5.28184
5.28733
5.28917
5.29111
5.29248
5.29303
5.29217
5.29037
5.28803
5.28576
5.28221
5.27548
5.26307
5.24391
5.21838
5.19063
5.17071
5.16852
5.17116
5.39028
5.40883
5.41229
5.40797
5.40705
5.4109
5.41686
5.42075
5.422
5.42114
5.41958
5.4167
5.41198
5.40364
5.39181
5.37726
5.36121
5.34772
5.3382
5.3246
5.51252
5.51543
5.52022
5.53819
5.55636
5.56817
5.57295
5.57293
5.57042
5.56707
5.56335
5.56013
5.55761
5.55778
5.56217
5.57248
5.58639
5.59564
5.58504
5.55186
5.7362
5.75942
5.77175
5.76965
5.75919
5.74659
5.73554
5.72691
5.72011
5.71519
5.71187
5.71061
5.7114
5.71555
5.72402
5.7365
5.74948
5.75647
5.75453
5.73752
5.90227
5.92491
5.92656
5.90702
5.88303
5.86652
5.85801
5.85437
5.85307
5.85334
5.85572
5.86086
5.86898
5.87952
5.8911
5.90194
5.91088
5.91549
5.91915
5.91743
5.94639
5.93298
5.92307
5.93049
5.94378
5.95821
5.96908
5.97656
5.98184
5.9872
5.99329
6.00217
6.01426
6.03003
6.0481
6.06725
6.08599
6.10056
6.1073
6.10214
6.05095
6.03746
6.03621
6.05545
6.07865
6.0968
6.108
6.11437
6.11824
6.12225
6.12705
6.13406
6.14282
6.15415
6.16681
6.18012
6.19288
6.20433
6.2151
6.21506
6.27518
6.29211
6.299
6.29275
6.28158
6.27072
6.26363
6.25927
6.25636
6.25526
6.25555
6.25745
6.25952
6.26041
6.25789
6.25174
6.2448
6.24284
6.25148
6.25586
6.4743
6.49857
6.49677
6.47291
6.44401
6.41907
6.40152
6.39027
6.38356
6.37976
6.37806
6.37678
6.37362
6.36556
6.35025
6.32751
6.30211
6.28493
6.28537
6.28602
6.54154
6.54281
6.53392
6.52751
6.52091
6.51397
6.50731
6.50236
6.49935
6.4978
6.49723
6.49609
6.49274
6.48512
6.47292
6.45702
6.43915
6.42441
6.41416
6.39566
6.56259
6.55023
6.54517
6.56349
6.5884
6.6085
6.61903
6.62282
6.62285
6.62214
6.62065
6.6187
6.61543
6.61215
6.61017
6.61247
6.61855
6.62168
6.60597
6.56383
6.67584
6.68653
6.69531
6.71222
6.73192
6.74784
6.75702
6.76076
6.7605
6.75878
6.75627
6.75355
6.75022
6.74642
6.74237
6.7399
6.73888
6.73423
6.72299
6.69531
6.87369
6.90779
6.91856
6.91468
6.90988
6.90797
6.90787
6.90764
6.90609
6.90349
6.90122
6.89969
6.89898
6.89785
6.89552
6.89085
6.88402
6.87308
6.86359
6.84982
7.08129
7.11046
7.11578
7.10543
7.08881
7.07444
7.06425
7.05771
7.05331
7.05054
7.04923
7.04982
7.05251
7.05776
7.06571
7.07463
7.0819
7.08258
7.07589
7.0579
7.24532
7.26226
7.26165
7.25075
7.23305
7.21649
7.20462
7.19771
7.19445
7.1941
7.19594
7.20057
7.20775
7.21789
7.23034
7.24411
7.25582
7.261
7.26251
7.25039
7.32782
7.31941
7.31198
7.32177
7.33118
7.33628
7.33716
7.33615
7.33517
7.3364
7.33983
7.34664
7.35645
7.36886
7.38134
7.39158
7.39726
7.39904
7.40561
7.40143
7.44765
7.44486
7.44546
7.46439
7.48122
7.48812
7.48679
7.48233
7.47829
7.47718
7.47958
7.48602
7.49499
7.50492
7.51259
7.51475
7.50963
7.50296
7.50914
7.5087
7.6325
7.65991
7.66639
7.66083
7.65164
7.64069
7.63013
7.62104
7.61432
7.6109
7.61097
7.61393
7.61829
7.62238
7.62489
7.62454
7.61941
7.61393
7.61779
7.6103
7.75603
7.77955
7.77615
7.76582
7.75925
7.75605
7.75284
7.74856
7.74388
7.74059
7.73883
7.73823
7.73637
7.73261
7.72702
7.72183
7.72032
7.72537
7.73106
7.7114
7.83234
7.8343
7.83258
7.85147
7.87136
7.88244
7.88381
7.88037
7.87589
7.87279
7.87173
7.87175
7.8711
7.86644
7.85487
7.83738
7.81928
7.80998
7.81378
7.79942
7.97101
7.99233
7.9986
8.00476
8.00974
8.01166
8.01067
8.00795
8.00476
8.00268
8.0027
8.00462
8.00729
8.00907
8.00719
7.99967
7.98841
7.97757
7.96947
7.94148
8.08193
8.10852
8.11034
8.10805
8.11008
8.11715
8.12457
8.12891
8.13037
8.1305
8.13093
8.13187
8.13356
8.13526
8.13705
8.13941
8.14164
8.13884
8.1294
8.09671
8.17112
8.17985
8.18143
8.20418
8.22955
8.24941
8.26074
8.26491
8.26529
8.26413
8.26302
8.26188
8.25993
8.25685
8.2533
8.25006
8.24861
8.24623
8.24355
8.21964
8.36408
8.39423
8.40222
8.40677
8.4085
8.40976
8.41018
8.40844
8.40544
8.40199
8.39981
8.3978
8.39585
8.3911
8.38318
8.37193
8.35861
8.34464
8.34284
8.32814
8.54287
8.57958
8.57893
8.5657
8.55163
8.54475
8.54297
8.54217
8.54044
8.53825
8.53662
8.53574
8.5349
8.53297
8.52986
8.52536
8.52102
8.51567
8.51333
8.48726
8.65361
8.66811
8.65984
8.66546
8.67035
8.67385
8.67591
8.67736
8.67759
8.67723
8.67679
8.67657
8.67695
8.67806
8.68064
8.6846
8.68847
8.68918
8.69088
8.66145
8.80425
8.82512
8.81819
8.81821
8.81829
8.81933
8.82052
8.82146
8.82152
8.82134
8.82135
8.82263
8.82499
8.82961
8.83712
8.8471
8.85802
8.8651
8.87153
8.84167
8.97276
8.99661
8.98694
8.98483
8.98189
8.98031
8.97857
8.9757
8.97245
8.96997
8.96886
8.96946
8.97216
8.97675
8.984
8.99422
9.00568
9.01474
9.02668
9.00083
9.16234
9.1992
9.18905
9.17595
9.15858
9.14348
9.13318
9.12617
9.12137
9.11818
9.11706
9.11835
9.12139
9.12582
9.13054
9.13469
9.13829
9.14216
9.15689
9.13431
9.30277
9.34617
9.33099
9.30987
9.2892
9.27568
9.26975
9.26785
9.26781
9.26857
9.27109
9.27547
9.28222
9.29035
9.2975
9.30137
9.30023
9.29808
9.30974
9.28332
9.39512
9.42198
9.40691
9.41366
9.42
9.4227
9.42262
9.42225
9.42246
9.42464
9.42924
9.43757
9.44914
9.4649
9.4837
9.50274
9.51763
9.52494
9.53139
9.48795
9.59293
9.64804
9.64832
9.6441
9.62983
9.61191
9.59655
9.58658
9.58079
9.57949
9.58161
9.58806
9.5989
9.61526
9.63794
9.66821
9.70245
9.72869
9.73528
9.67207
9.77835
9.85358
9.85847
9.83991
9.80805
9.77576
9.75119
9.73505
9.72606
9.72226
9.72249
9.72648
9.7328
9.74065
9.74762
9.75298
9.75732
9.76088
9.76948
9.72413
9.84993
9.90673
9.90809
9.90968
9.90372
9.89211
9.87982
9.86983
9.86439
9.86242
9.86406
9.86757
9.87248
9.87477
9.86974
9.85237
9.82307
9.79589
9.79342
9.75831
9.92334
9.96719
9.97486
10.0006
10.0203
10.0271
10.0238
10.0175
10.0125
10.0109
10.0127
10.0174
10.0231
10.0273
10.0274
10.0198
10.0022
9.97991
9.96157
9.89975
10.1034
10.17
10.191
10.2106
10.2165
10.2084
10.1939
10.18
10.1696
10.1643
10.1632
10.1655
10.1702
10.1759
10.1828
10.1906
10.1953
10.1914
10.1691
10.0849
10.2783
10.3614
10.3851
10.3909
10.3829
10.3648
10.3453
10.3283
10.3164
10.3096
10.3074
10.3081
10.3102
10.3128
10.3155
10.3154
10.3093
10.2967
10.2793
10.214
10.3293
10.3865
10.4047
10.4317
10.4556
10.466
10.4654
10.4589
10.4527
10.4487
10.4481
10.4492
10.452
10.4528
10.4497
10.4391
10.4202
10.3985
10.3822
10.3376
10.3512
10.3868
10.4097
10.4628
10.5218
10.563
10.5834
10.5894
10.5889
10.5874
10.5869
10.5875
10.5886
10.5881
10.5845
10.5752
10.5602
10.5458
10.5313
10.4895
10.4717
10.5149
10.5419
10.585
10.6392
10.6827
10.7106
10.7243
10.7291
10.7298
10.7292
10.7278
10.7252
10.7194
10.71
10.695
10.6747
10.6607
10.6524
10.6245
10.6913
10.7327
10.7417
10.7483
10.7773
10.8117
10.842
10.8628
10.8738
10.878
10.8783
10.8759
10.871
10.8618
10.8472
10.8257
10.7994
10.7862
10.7828
10.7693
10.993
11.0067
10.9908
10.967
10.9697
10.9859
11.0064
11.0239
11.0348
11.0395
11.0399
11.0372
11.0318
11.0232
11.0108
10.9944
10.9764
10.9759
10.977
10.9705
11.3574
11.3552
11.3266
11.2645
11.2245
11.2048
11.2009
11.2052
11.2102
11.2128
11.2126
11.2102
11.2069
11.2042
11.2044
11.2106
11.2243
11.257
11.2645
11.2575
11.6494
11.6237
11.5909
11.5135
11.4565
11.4179
11.398
11.3918
11.3916
11.3928
11.3926
11.3925
11.3927
11.398
11.4116
11.4378
11.4798
11.5442
11.5584
11.5561
11.8451
11.8039
11.7921
11.7319
11.6857
11.6432
11.6112
11.593
11.5851
11.5828
11.5831
11.5863
11.594
11.6096
11.633
11.6644
11.7007
11.7542
11.7593
11.7869
12.0179
11.9967
12.0296
11.9769
11.9301
11.8785
11.8339
11.8038
11.7873
11.781
11.7809
11.7877
11.8014
11.8262
11.8614
11.9051
11.9524
12.0132
11.991
12.0139
12.1186
12.1076
12.1823
12.139
12.1069
12.0687
12.0318
12.004
11.988
11.9817
11.9824
11.9906
12.0066
12.0331
12.0679
12.1073
12.1446
12.1922
12.1305
12.1562
12.1414
12.1102
12.2364
12.228
12.2353
12.2292
12.2118
12.1935
12.1816
12.1771
12.1783
12.1864
12.2003
12.2217
12.2453
12.2627
12.2714
12.2918
12.1728
12.2075
12.1621
12.1024
12.2911
12.3036
12.3377
12.358
12.3592
12.3513
12.3446
12.3416
12.3421
12.3451
12.3512
12.3575
12.357
12.341
12.3136
12.3071
12.1284
12.1984
12.2264
12.0874
12.3152
12.3189
12.3664
12.4137
12.4399
12.4486
12.451
12.4519
12.4526
12.4526
12.4501
12.4407
12.4165
12.3712
12.3233
12.3156
12.0898
12.237
12.4919
12.2158
12.4668
12.4165
12.4348
12.4793
12.512
12.527
12.5327
12.5342
12.5348
12.533
12.5283
12.5141
12.4837
12.4422
12.4226
12.4669
12.2127
12.4876
13.0587
12.6041
12.8992
12.7499
12.6762
12.6667
12.6712
12.6705
12.6666
12.6632
12.6627
12.6648
12.6666
12.665
12.6579
12.6654
12.7333
12.8764
12.5813
13.0329
13.7146
12.9833
13.3842
13.1807
13.0272
12.9612
12.9347
12.9178
12.9049
12.8974
12.8965
12.902
12.9128
12.9296
12.956
13.0224
13.1747
13.3819
12.9819
13.6954
14.1533
13.0087
13.6161
13.4654
13.305
13.2234
13.1875
13.1668
13.1521
13.144
13.1429
13.1503
13.163
13.1852
13.2224
13.3044
13.4643
13.6125
13.0017
14.1354
14.3755
12.5884
13.4747
13.4627
13.3448
13.2772
13.2476
13.2301
13.2169
13.2096
13.2097
13.2173
13.2306
13.2507
13.2818
13.3521
13.4701
13.4769
12.589
14.377
15.0562
12.2766
13.3853
13.4708
13.3388
13.2463
13.2013
13.1752
13.1578
13.1492
13.1496
13.1603
13.1772
13.2076
13.2491
13.3414
13.4643
13.3789
12.2792
15.0748
17.2757
12.5588
13.4399
13.6048
13.4761
13.3755
13.3296
13.3056
13.2916
13.2838
13.2846
13.2907
13.3038
13.3299
13.3739
13.4757
13.6042
13.4415
12.5632
17.2731
20.7729
12.4186
12.4778
13.0998
13.2616
13.2714
13.2698
13.2683
13.2656
13.2634
13.2634
13.2654
13.268
13.2698
13.2713
13.2615
13.0999
12.4782
12.4193
20.7728
-0.201616
-0.1907
-0.212081
-0.150526
-0.107179
-0.0764567
-0.0515906
-0.033252
-0.021064
-0.0147876
-0.0120928
-0.0133611
-0.017942
-0.0257063
-0.0370656
-0.0538083
-0.0972064
-0.181515
-0.158906
-0.137811
-0.30575
-0.249411
-0.251665
-0.176141
-0.0878252
-0.0129122
0.0418365
0.0781347
0.100631
0.111842
0.117195
0.115378
0.110485
0.0997842
0.0843265
0.0595863
0.0166373
-0.0258056
-0.00447988
-0.0403731
0.0103247
0.0305255
0.0487532
0.0764879
0.124238
0.181275
0.229193
0.260916
0.278662
0.285671
0.284546
0.276362
0.259842
0.234497
0.201389
0.170128
0.159681
0.18067
0.193876
0.169756
0.43205
0.43926
0.442587
0.452184
0.457347
0.466434
0.477783
0.484946
0.487282
0.484043
0.476927
0.463604
0.443815
0.414053
0.370901
0.309084
0.223964
0.142379
0.133243
0.154929
0.883134
0.927931
0.921456
0.87881
0.816407
0.765194
0.734635
0.718613
0.709445
0.702355
0.694662
0.684647
0.67189
0.657475
0.644483
0.633002
0.619488
0.595764
0.550453
0.50346
1.12693
1.15657
1.12958
1.07014
1.00397
0.953565
0.923963
0.911134
0.906332
0.905754
0.904838
0.90451
0.904709
0.910224
0.926287
0.959592
1.01029
1.05297
1.03657
0.974249
1.10162
1.07753
1.06078
1.06414
1.07196
1.07857
1.08271
1.08663
1.09004
1.09506
1.10079
1.11055
1.12509
1.14814
1.17736
1.21095
1.24153
1.25978
1.27373
1.27138
1.05647
1.04905
1.08642
1.14956
1.20743
1.24437
1.26272
1.27187
1.27652
1.28043
1.28522
1.29292
1.30447
1.31919
1.33285
1.34057
1.3403
1.34115
1.36957
1.40463
1.29685
1.32778
1.39503
1.42478
1.44475
1.46008
1.46992
1.47502
1.47751
1.47751
1.47634
1.4737
1.46812
1.45905
1.44614
1.42825
1.40999
1.40673
1.42956
1.46491
1.6708
1.68214
1.70144
1.69865
1.69657
1.69937
1.70453
1.70659
1.70601
1.70238
1.69662
1.68718
1.67218
1.64834
1.61364
1.56599
1.50927
1.46718
1.46451
1.48795
2.00221
2.01102
2.00994
2.01716
2.00648
1.98955
1.97649
1.96637
1.958
1.95047
1.94353
1.93561
1.92494
1.90749
1.88159
1.84833
1.8099
1.77211
1.73408
1.70358
2.3599
2.37463
2.36585
2.34728
2.30705
2.26556
2.23393
2.2124
2.1986
2.19119
2.18761
2.1875
2.19062
2.19759
2.20877
2.22714
2.25236
2.26986
2.23279
2.15868
2.54884
2.5057
2.46245
2.45058
2.43899
2.42482
2.41211
2.40366
2.39896
2.39885
2.40272
2.41282
2.43011
2.45913
2.50075
2.55343
2.60908
2.64623
2.6441
2.60871
2.56443
2.50062
2.4573
2.48954
2.53453
2.56129
2.57166
2.57591
2.57769
2.58086
2.58512
2.59355
2.60662
2.62739
2.65862
2.70538
2.76665
2.82497
2.86793
2.88696
2.67707
2.67691
2.66874
2.67861
2.7061
2.72859
2.74164
2.74749
2.75032
2.75165
2.75286
2.75335
2.75238
2.74861
2.73984
2.72407
2.70559
2.70655
2.76698
2.84316
2.84536
2.89141
2.88868
2.86611
2.87065
2.88978
2.90887
2.92192
2.92993
2.93301
2.93434
2.93191
2.92551
2.91039
2.88312
2.83646
2.77039
2.71892
2.73034
2.77633
3.02783
3.07055
3.08329
3.08505
3.09251
3.10553
3.11749
3.12697
3.13319
3.13606
3.13611
3.13326
3.12586
3.11201
3.09118
3.06709
3.04748
3.03239
2.99068
2.94859
3.28425
3.34524
3.38002
3.37566
3.36025
3.35195
3.34909
3.34866
3.34902
3.34995
3.34932
3.347
3.34265
3.33753
3.33257
3.33348
3.34617
3.36236
3.32722
3.25327
3.51415
3.53975
3.55939
3.56349
3.55876
3.55699
3.55773
3.55962
3.56126
3.5635
3.56564
3.56833
3.57135
3.57784
3.59092
3.61307
3.63744
3.64554
3.62019
3.57241
3.77981
3.74909
3.74396
3.76167
3.77284
3.77713
3.77755
3.77778
3.77727
3.77779
3.77869
3.78126
3.78526
3.79158
3.80253
3.82275
3.849
3.86165
3.85521
3.84399
4.09493
4.07785
4.06605
4.05408
4.03884
4.02308
4.01098
4.00191
3.99504
3.98965
3.98635
3.98419
3.98343
3.98286
3.98069
3.97291
3.95713
3.93698
3.94423
3.9719
4.26197
4.28453
4.28142
4.27214
4.2582
4.24186
4.22825
4.21758
4.209
4.20194
4.1967
4.19191
4.18716
4.17996
4.16847
4.14745
4.11828
4.09277
4.08726
4.09488
4.43283
4.46003
4.47003
4.46712
4.45735
4.44458
4.43335
4.42486
4.41852
4.41306
4.40983
4.40697
4.40334
4.39567
4.3828
4.35886
4.32119
4.28011
4.25893
4.25746
4.63755
4.61888
4.61765
4.62028
4.62465
4.62756
4.62692
4.62481
4.62319
4.62151
4.62157
4.62284
4.62626
4.63043
4.63904
4.65081
4.65883
4.65229
4.62467
4.59542
4.78137
4.74897
4.73859
4.75507
4.78284
4.80705
4.82094
4.82694
4.82954
4.83027
4.83016
4.8311
4.83316
4.84068
4.8588
4.89401
4.94828
5.00128
5.00911
4.9739
4.9251
4.94275
4.95202
4.97555
5.0051
5.02873
5.04216
5.04727
5.04857
5.04813
5.04702
5.04637
5.04754
5.05118
5.05334
5.05097
5.04805
5.05659
5.09733
5.12733
5.24644
5.30294
5.32426
5.3126
5.29407
5.28068
5.27434
5.2704
5.26858
5.26781
5.26989
5.27348
5.27955
5.28463
5.28197
5.26143
5.22112
5.18591
5.20667
5.24738
5.57583
5.61343
5.60747
5.55794
5.50948
5.48227
5.47356
5.47236
5.47441
5.47788
5.48402
5.49228
5.50345
5.514
5.52408
5.5357
5.54691
5.55404
5.54973
5.5347
5.67283
5.64404
5.62275
5.63964
5.65676
5.66887
5.67535
5.67794
5.67927
5.68169
5.68502
5.69042
5.69631
5.70419
5.71577
5.73915
5.78243
5.83395
5.8467
5.80818
5.83541
5.82648
5.83327
5.86194
5.88353
5.89229
5.8933
5.89113
5.8881
5.88643
5.88541
5.8843
5.88167
5.87686
5.86763
5.85355
5.84109
5.83967
5.85958
5.86493
6.08413
6.11924
6.13483
6.12434
6.11526
6.1082
6.10331
6.09986
6.09699
6.09438
6.09332
6.09161
6.0876
6.07675
6.05715
6.02446
5.97902
5.9372
5.92779
5.93722
6.2961
6.31496
6.31802
6.31702
6.31785
6.31747
6.31583
6.31334
6.31019
6.30732
6.30551
6.30327
6.29994
6.29291
6.28564
6.28241
6.28398
6.28095
6.24698
6.1979
6.52325
6.53802
6.54445
6.54429
6.53836
6.53267
6.52886
6.5255
6.52222
6.51949
6.51741
6.51526
6.51213
6.50988
6.51072
6.5204
6.5431
6.5637
6.54416
6.48094
6.73143
6.74339
6.74632
6.74575
6.74168
6.73712
6.73314
6.72979
6.72788
6.72694
6.72827
6.73058
6.73537
6.74144
6.74801
6.75071
6.7441
6.72641
6.71685
6.70017
6.90105
6.91118
6.9119
6.91456
6.91565
6.91669
6.91868
6.9214
6.92403
6.92716
6.93142
6.93816
6.94734
6.95873
6.97442
6.99673
7.02422
7.04368
7.03939
7.01494
7.0307
7.03948
7.04273
7.05656
7.07377
7.09039
7.10397
7.11481
7.12235
7.12837
7.13305
7.13861
7.14378
7.14891
7.15547
7.16816
7.18608
7.19878
7.21245
7.21759
7.19298
7.20447
7.21516
7.24384
7.278
7.30686
7.32564
7.33645
7.34215
7.3449
7.34627
7.34738
7.3482
7.3492
7.34881
7.34303
7.32569
7.30198
7.31021
7.33083
7.50878
7.53537
7.55426
7.57565
7.59214
7.59935
7.59843
7.59266
7.58489
7.57812
7.57202
7.56729
7.56166
7.55389
7.54283
7.52815
7.51245
7.50147
7.4941
7.48568
7.97745
8.02442
8.03247
7.99908
7.94953
7.90148
7.86504
7.83759
7.81738
7.80249
7.79302
7.78615
7.77908
7.76751
7.74812
7.71736
7.67693
7.64134
7.6331
7.63081
8.29525
8.32495
8.29095
8.21431
8.13965
8.08378
8.0492
8.02785
8.01415
8.00425
7.99844
7.99448
7.99251
7.9918
7.99549
8.00277
8.00755
8.00251
7.98432
7.9469
8.23403
8.18637
8.13733
8.14379
8.16667
8.18567
8.1952
8.19871
8.1988
8.19794
8.19675
8.1966
8.19686
8.20163
8.21553
8.24599
8.29536
8.34595
8.35138
8.29103
8.19005
8.16185
8.16771
8.22657
8.29316
8.34383
8.37409
8.39051
8.39859
8.40344
8.40663
8.4102
8.41468
8.42016
8.42147
8.41577
8.40767
8.40735
8.4295
8.42617
8.38714
8.43252
8.48288
8.50863
8.5351
8.5647
8.58932
8.60566
8.61629
8.62403
8.63215
8.64126
8.65233
8.66189
8.6627
8.6439
8.60212
8.55658
8.55578
8.57768
8.72602
8.7933
8.82068
8.81338
8.81135
8.81964
8.83094
8.83998
8.84647
8.8525
8.86027
8.87039
8.88275
8.8954
8.91082
8.9319
8.9521
8.95843
8.94468
8.92389
9.09002
9.13455
9.14445
9.13692
9.11271
9.09249
9.08211
9.07793
9.07609
9.07631
9.07832
9.08272
9.08712
9.09382
9.10759
9.13943
9.19495
9.25617
9.27455
9.23302
9.39823
9.424
9.41383
9.39335
9.3596
9.32976
9.31072
9.29986
9.29369
9.2906
9.28898
9.28794
9.28535
9.28092
9.27138
9.25444
9.23811
9.23895
9.27181
9.27989
9.56612
9.5529
9.52668
9.53234
9.53372
9.52529
9.51534
9.50879
9.5052
9.50335
9.50297
9.50239
9.50026
9.49151
9.46988
9.42643
9.36246
9.30585
9.3057
9.32533
9.74727
9.73395
9.71559
9.7179
9.72563
9.73006
9.7306
9.73031
9.72934
9.72849
9.72811
9.72806
9.72717
9.72308
9.71717
9.71354
9.70929
9.69579
9.66551
9.62725
9.94076
9.93337
9.92389
9.94232
9.9659
9.98034
9.98197
9.97664
9.96933
9.96374
9.95968
9.95835
9.9578
9.96186
9.97483
10.0065
10.0585
10.1045
10.0924
10.0182
10.2538
10.288
10.2921
10.2866
10.2732
10.2546
10.2343
10.2147
10.1979
10.1866
10.1803
10.1797
10.1831
10.1908
10.2019
10.2188
10.2401
10.2553
10.2649
10.2382
10.539
10.5942
10.5776
10.522
10.4705
10.435
10.4136
10.3999
10.3899
10.3827
10.3799
10.3815
10.3869
10.3925
10.3945
10.3886
10.3729
10.3561
10.3662
10.3767
10.5514
10.5554
10.5196
10.5125
10.522
10.5383
10.5528
10.5634
10.5696
10.5731
10.576
10.5796
10.5822
10.5824
10.5791
10.5698
10.5537
10.5391
10.5402
10.5427
10.5684
10.5652
10.5651
10.6146
10.671
10.7165
10.7464
10.7642
10.7744
10.7809
10.786
10.791
10.7948
10.7959
10.7923
10.782
10.7643
10.7449
10.7394
10.7281
10.8536
10.9094
10.9482
10.9708
10.9821
10.9908
10.9979
11.0018
11.0035
11.0051
11.0072
11.0098
11.0123
11.0143
11.0169
11.0217
11.0295
11.0355
11.029
10.9905
11.241
11.3303
11.3552
11.33
11.2933
11.267
11.2522
11.2435
11.2381
11.2353
11.2344
11.2343
11.233
11.2311
11.229
11.23
11.2387
11.2553
11.2627
11.2213
11.4904
11.5274
11.5262
11.5303
11.5205
11.5045
11.4899
11.4799
11.4737
11.4702
11.4699
11.4717
11.4759
11.48
11.4796
11.4672
11.4332
11.3921
11.3933
11.3915
11.7156
11.7161
11.7118
11.7381
11.7493
11.7458
11.7351
11.7256
11.7182
11.7149
11.7154
11.721
11.7303
11.742
11.756
11.7742
11.7947
11.8066
11.7969
11.7571
11.9788
11.9925
11.9888
12.0028
12.0085
12.0035
11.9907
11.9776
11.9664
11.9613
11.9608
11.9667
11.9748
11.9854
11.997
12.0129
12.0393
12.0713
12.0899
12.0559
12.2278
12.2479
12.2379
12.2503
12.2569
12.2511
12.2343
12.2146
12.1985
12.1898
12.1892
12.1961
12.2088
12.2255
12.2403
12.2425
12.2253
12.2021
12.2215
12.2262
12.4689
12.5061
12.4889
12.4747
12.4571
12.4396
12.4223
12.4055
12.3916
12.384
12.3838
12.3909
12.4032
12.4169
12.4306
12.4478
12.4721
12.4965
12.5093
12.4803
12.5454
12.5841
12.5464
12.5251
12.524
12.536
12.549
12.5561
12.5574
12.557
12.5576
12.56
12.5596
12.5532
12.5397
12.527
12.5294
12.5534
12.5871
12.5627
12.4982
12.5099
12.4919
12.5518
12.623
12.6811
12.7179
12.7368
12.7447
12.7466
12.7474
12.7461
12.7414
12.7285
12.7024
12.6567
12.589
12.5263
12.5324
12.527
12.7421
12.8235
12.8522
12.8792
12.9023
12.928
12.9479
12.9577
12.96
12.9592
12.9584
12.9579
12.9564
12.9513
12.9434
12.9347
12.925
12.902
12.8643
12.7884
13.0757
13.1925
13.209
13.1909
13.1696
13.1651
13.17
13.1743
13.1745
13.1733
13.1716
13.1703
13.1681
13.1663
13.1705
13.1908
13.2324
13.2638
13.2455
13.1397
13.2725
13.3507
13.3488
13.3617
13.3635
13.3653
13.3709
13.3772
13.3797
13.3795
13.3787
13.3783
13.3777
13.377
13.3767
13.3785
13.3831
13.3792
13.386
13.325
13.4742
13.5212
13.5144
13.5408
13.5566
13.5672
13.5752
13.5821
13.5853
13.5851
13.5841
13.5828
13.5824
13.5791
13.5706
13.5534
13.5258
13.4901
13.4962
13.463
13.7463
13.8062
13.7922
13.7918
13.7848
13.7818
13.7846
13.7906
13.7947
13.7959
13.7953
13.7938
13.7902
13.7837
13.7752
13.7627
13.7436
13.7177
13.7188
13.6656
13.9892
14.0482
14.0204
14.0172
14.0095
14.0047
14.006
14.0117
14.017
14.0199
14.0214
14.022
14.022
14.0207
14.019
14.0151
14.0044
13.9846
13.9909
13.9273
14.2492
14.3059
14.2742
14.2737
14.2708
14.2663
14.2615
14.2599
14.2601
14.2609
14.2611
14.2626
14.265
14.2711
14.2832
14.3023
14.326
14.3409
14.3599
14.2776
14.5683
14.6343
14.6029
14.5959
14.5821
14.5635
14.5446
14.5307
14.5223
14.5189
14.5174
14.5183
14.5204
14.5256
14.5345
14.5497
14.5738
14.6031
14.6476
14.5625
14.9395
15.0254
14.9866
14.9467
14.8974
14.8516
14.8191
14.798
14.7868
14.7828
14.7859
14.794
14.8071
14.8228
14.8369
14.8374
14.8143
14.7815
14.82
14.7706
15.2002
15.2837
15.2247
15.1732
15.1287
15.0933
15.0692
15.0539
15.0465
15.0457
15.0531
15.0686
15.0939
15.1275
15.1697
15.2184
15.2648
15.2919
15.314
15.2118
15.327
15.3814
15.3373
15.3596
15.3749
15.3673
15.3459
15.3247
15.3099
15.304
15.3063
15.3191
15.3399
15.3717
15.4157
15.4783
15.5632
15.6479
15.7075
15.5819
15.6503
15.7734
15.772
15.7588
15.7245
15.6792
15.6317
15.5912
15.563
15.5477
15.5436
15.5492
15.5622
15.5808
15.5995
15.6133
15.6252
15.6462
15.7174
15.6286
15.8818
16.0358
16.0204
15.9743
15.9227
15.8767
15.8359
15.8011
15.7766
15.7632
15.7612
15.7682
15.7803
15.7905
15.7902
15.7671
15.7195
15.6701
15.6964
15.6059
15.8075
15.9273
15.9115
15.9336
15.96
15.9775
15.9817
15.9765
15.9693
15.9657
15.9687
15.9775
15.9899
15.9993
16.0027
15.9998
15.9868
15.957
15.937
15.7755
15.7343
15.8516
15.8866
15.98
16.0681
16.1293
16.1609
16.1726
16.1743
16.1752
16.1777
16.1841
16.1904
16.1962
16.2006
16.2089
16.223
16.2254
16.2049
15.9963
15.9617
16.134
16.2126
16.2856
16.338
16.3733
16.3927
16.3985
16.3975
16.3956
16.3955
16.3966
16.3971
16.3923
16.3793
16.3562
16.3211
16.2723
16.2493
16.0725
16.3336
16.523
16.5776
16.5977
16.6036
16.61
16.6158
16.6164
16.6138
16.6102
16.6082
16.6062
16.603
16.5917
16.5679
16.5239
16.4584
16.3821
16.3416
16.1809
16.5925
16.7126
16.7232
16.7547
16.7782
16.7947
16.807
16.814
16.8162
16.8154
16.8137
16.8098
16.8037
16.7912
16.7733
16.7454
16.7047
16.6591
16.6164
16.454
16.8103
16.8774
16.8618
16.8913
16.9287
16.9584
16.9814
16.9977
17.0066
17.0099
17.0093
17.0048
16.9963
16.9832
16.9698
16.956
16.9369
16.9205
16.9041
16.7777
17.0411
17.091
17.0624
17.0643
17.0962
17.1295
17.1597
17.183
17.1967
17.2016
17.1986
17.1884
17.1715
17.1493
17.1281
17.1123
17.1027
17.1171
17.1369
17.059
17.257
17.2858
17.2609
17.2619
17.3018
17.3403
17.3714
17.3933
17.4058
17.4085
17.4021
17.3867
17.3632
17.3313
17.2923
17.2506
17.2097
17.2119
17.2446
17.2316
17.607
17.6486
17.6449
17.6096
17.6115
17.6197
17.6315
17.6419
17.6488
17.6491
17.6442
17.6325
17.6157
17.5941
17.5664
17.528
17.47
17.4488
17.4522
17.4698
18.0944
18.1447
18.1372
18.027
17.9659
17.9344
17.9249
17.9273
17.9309
17.9326
17.9315
17.9298
17.9294
17.9364
17.9532
17.9824
18.0241
18.108
18.0825
18.0436
18.5995
18.5892
18.5864
18.4684
18.383
18.3175
18.2778
18.2611
18.2554
18.2556
18.2578
18.2667
18.283
18.3171
18.3718
18.4543
18.5659
18.7325
18.7367
18.7264
19.0755
19.0457
19.0845
18.9547
18.8442
18.7428
18.6695
18.6276
18.609
18.6053
18.6103
18.6274
18.6588
18.7154
18.7993
18.9139
19.041
19.2031
19.1926
19.2569
19.301
19.2332
19.3262
19.2357
19.1737
19.0981
19.0318
18.9889
18.9679
18.9634
18.9689
18.989
19.0236
19.0817
19.1575
19.2418
19.3183
19.4347
19.3598
19.4624
19.3567
19.2528
19.4443
19.4274
19.445
19.4173
19.3709
19.3333
19.3128
19.3052
19.307
19.3183
19.341
19.3768
19.4138
19.4268
19.3929
19.4051
19.2134
19.3459
19.4268
19.3221
19.6201
19.5997
19.6429
19.651
19.6286
19.6006
19.5827
19.5747
19.5721
19.5736
19.5773
19.5806
19.5718
19.5321
19.4597
19.4526
19.1253
19.2424
19.4169
19.2074
19.5623
19.526
19.6067
19.6762
19.7078
19.7144
19.7153
19.7156
19.7145
19.7092
19.6985
19.6745
19.6227
19.5366
19.4476
19.4735
19.0724
19.2525
19.4312
19.0225
19.4491
19.4134
19.5277
19.6366
19.7006
19.7294
19.7423
19.748
19.7497
19.7457
19.734
19.7084
19.6555
19.5693
19.4937
19.5642
19.1081
19.4663
19.8983
19.302
19.8159
19.6316
19.6491
19.721
19.7708
19.7913
19.7989
19.8012
19.8027
19.8004
19.7934
19.7752
19.7383
19.6948
19.7088
19.9146
19.4212
20.0369
20.8057
19.9039
20.5321
20.1908
20.0682
20.0637
20.0759
20.0743
20.0676
20.0621
20.0623
20.0671
20.073
20.0775
20.0737
20.0896
20.205
20.526
19.9293
20.8904
21.8763
20.5693
21.4433
21.022
20.767
20.6687
20.631
20.6039
20.5828
20.5699
20.5684
20.5771
20.5957
20.6249
20.6645
20.759
20.9847
21.365
20.4946
21.8407
22.5632
20.5723
21.8051
21.4903
21.2363
21.1213
21.0733
21.0436
21.0221
21.0099
21.008
21.0189
21.038
21.0687
21.1138
21.223
21.4765
21.7947
20.5348
22.488
22.8168
19.78
21.4599
21.3887
21.2108
21.121
21.082
21.055
21.0341
21.0222
21.0224
21.035
21.0565
21.0883
21.1292
21.2202
21.4023
21.4894
19.8107
22.8271
23.8523
19.2785
21.273
21.3458
21.13
20.9935
20.9258
20.8837
20.8556
20.8418
20.8423
20.8594
20.8862
20.9341
20.9953
21.131
21.3305
21.2526
19.2792
23.8823
27.2183
19.8171
21.3654
21.572
21.3655
21.2224
21.1587
21.1244
21.1045
21.0935
21.0949
21.1039
21.1228
21.1605
21.2214
21.3677
21.5749
21.3705
19.8293
27.2109
32.1289
20.0204
20.0093
20.8215
21.0474
21.0722
21.0742
21.0727
21.069
21.0659
21.066
21.0689
21.0725
21.0745
21.0721
21.0472
20.8214
20.0129
20.0274
32.1274
-0.00785297
-0.00426375
-0.0128542
0.000685246
0.00874931
0.0144381
0.0202413
0.0252636
0.0282932
0.0291233
0.0283231
0.0260407
0.0224504
0.0188717
0.017869
0.0223233
0.0278332
0.0238898
0.0279219
0.015641
0.0946243
0.118654
0.123251
0.139385
0.151265
0.15613
0.157814
0.159575
0.161028
0.16103
0.159546
0.155798
0.15111
0.145746
0.141506
0.137621
0.131419
0.122965
0.122464
0.103203
0.350779
0.37184
0.378447
0.362978
0.34363
0.328307
0.317924
0.311509
0.307846
0.305101
0.302265
0.298747
0.294254
0.289318
0.283757
0.276735
0.269068
0.262021
0.259235
0.261799
0.528239
0.534434
0.537579
0.528024
0.508562
0.487101
0.46904
0.455985
0.447775
0.442884
0.44012
0.438907
0.439403
0.441846
0.444804
0.443573
0.433454
0.415732
0.405089
0.406855
0.667607
0.647607
0.639358
0.637376
0.63019
0.616116
0.599988
0.586378
0.577037
0.571921
0.569418
0.569915
0.5723
0.578043
0.586715
0.598325
0.610886
0.617368
0.609754
0.598053
0.749035
0.728249
0.712607
0.707446
0.707152
0.704643
0.699449
0.693422
0.688495
0.685835
0.684552
0.685121
0.686799
0.69003
0.694132
0.699766
0.705987
0.710558
0.714432
0.718071
0.755651
0.743116
0.732511
0.740529
0.759194
0.777965
0.790575
0.795888
0.796574
0.796125
0.795379
0.795289
0.794742
0.793818
0.79092
0.785931
0.779914
0.776148
0.782541
0.794975
0.833304
0.838846
0.84427
0.856706
0.873886
0.890871
0.903326
0.909951
0.91184
0.911902
0.911223
0.910472
0.908528
0.904216
0.895398
0.881153
0.86371
0.85196
0.856714
0.869477
0.982926
1.00931
1.02492
1.02372
1.01967
1.01953
1.02292
1.02651
1.02839
1.02895
1.02899
1.02899
1.02801
1.02577
1.02207
1.01682
1.01029
1.00555
1.00432
1.00097
1.09037
1.10299
1.11327
1.11991
1.12363
1.12844
1.13436
1.13998
1.14324
1.1447
1.14405
1.14238
1.13989
1.13789
1.1386
1.14563
1.15857
1.17119
1.16822
1.14536
1.22259
1.22538
1.23264
1.24196
1.24935
1.255
1.25912
1.263
1.26559
1.26607
1.26441
1.26086
1.25536
1.24795
1.2387
1.22963
1.22181
1.2167
1.21631
1.21355
1.40433
1.41304
1.41749
1.41313
1.40661
1.40245
1.40032
1.3996
1.39972
1.39922
1.3982
1.39548
1.39172
1.38534
1.37447
1.35612
1.33094
1.30777
1.30076
1.3102
1.56999
1.56727
1.56255
1.55589
1.54748
1.54214
1.53989
1.53961
1.54003
1.54084
1.54165
1.54251
1.54365
1.54548
1.54802
1.54952
1.54873
1.5434
1.53114
1.51913
1.7218
1.71062
1.70698
1.70985
1.70583
1.69709
1.68883
1.6846
1.68313
1.68422
1.6861
1.68971
1.69524
1.70398
1.71693
1.73505
1.75677
1.77222
1.76812
1.74784
1.87646
1.87674
1.87593
1.8676
1.85607
1.84252
1.83032
1.82209
1.81821
1.81786
1.82031
1.82571
1.83451
1.84727
1.86302
1.87915
1.89308
1.90056
1.90709
1.91145
1.96591
1.95488
1.94885
1.95127
1.95618
1.95756
1.95388
1.94736
1.94175
1.93879
1.93841
1.94056
1.94525
1.95229
1.96273
1.97713
1.99521
2.01382
2.02838
2.0338
2.06169
2.05738
2.05703
2.06132
2.0653
2.06574
2.06376
2.05926
2.05444
2.04999
2.0469
2.04405
2.03999
2.03339
2.02423
2.01497
2.00853
2.01089
2.02888
2.04629
2.16447
2.17016
2.16677
2.15878
2.15607
2.15742
2.16145
2.16419
2.16515
2.16374
2.16185
2.15799
2.15206
2.14086
2.1221
2.09501
2.06149
2.03535
2.03793
2.05555
2.25779
2.2566
2.2516
2.25348
2.26074
2.27059
2.27983
2.28599
2.28889
2.28935
2.28862
2.28693
2.28373
2.27826
2.2695
2.25743
2.24538
2.23558
2.21971
2.2001
2.3883
2.40173
2.41058
2.41606
2.41862
2.41981
2.41991
2.41983
2.41965
2.41955
2.4191
2.41861
2.41839
2.41913
2.42181
2.42696
2.43483
2.44062
2.42545
2.39086
2.51013
2.52805
2.54077
2.54363
2.54124
2.53941
2.53919
2.54044
2.54254
2.54478
2.54707
2.54942
2.55227
2.5575
2.56638
2.57723
2.58561
2.58634
2.57659
2.55911
2.60512
2.61184
2.61847
2.6242
2.63036
2.6397
2.64982
2.65884
2.6657
2.67085
2.67554
2.68038
2.68702
2.69512
2.70458
2.71409
2.7216
2.72234
2.71983
2.71946
2.73396
2.73113
2.73743
2.75646
2.77465
2.78747
2.79398
2.7973
2.79879
2.79977
2.80061
2.80253
2.80548
2.81001
2.81666
2.82696
2.8413
2.8535
2.859
2.85776
2.96303
2.97845
2.98696
2.98506
2.97441
2.95981
2.94659
2.93729
2.93074
2.92629
2.92251
2.91923
2.91496
2.90875
2.90067
2.89278
2.887
2.88611
2.89628
2.90684
3.14066
3.15649
3.15342
3.13141
3.10347
3.07989
3.06445
3.05563
3.05072
3.04748
3.04476
3.04141
3.03643
3.02814
3.01451
2.99261
2.96214
2.93445
2.93294
2.94877
3.1848
3.16352
3.14731
3.15016
3.15856
3.16658
3.17074
3.17223
3.17273
3.17353
3.17394
3.17384
3.17263
3.16946
3.16419
3.15699
3.14724
3.13644
3.12293
3.1098
3.26882
3.24589
3.23647
3.25255
3.27578
3.29258
3.3009
3.30403
3.30509
3.3061
3.30726
3.30906
3.31092
3.31399
3.31861
3.32604
3.33601
3.34398
3.33646
3.31303
3.45408
3.46316
3.46433
3.45935
3.45564
3.45164
3.44843
3.44521
3.44227
3.44017
3.43916
3.43921
3.44144
3.44756
3.45879
3.47403
3.48994
3.49992
3.49853
3.48451
3.62068
3.64105
3.64093
3.62368
3.60654
3.59359
3.58492
3.57804
3.57303
3.56914
3.56685
3.56577
3.56574
3.56628
3.56756
3.57093
3.5775
3.58485
3.59144
3.59328
3.69678
3.70018
3.69851
3.69705
3.69719
3.69805
3.69859
3.69811
3.69741
3.69635
3.6962
3.69641
3.69746
3.69653
3.69095
3.67815
3.6595
3.64565
3.65304
3.67111
3.76514
3.76428
3.76831
3.78233
3.80003
3.8143
3.82185
3.82499
3.82564
3.82607
3.82754
3.83055
3.83461
3.83909
3.84301
3.84403
3.84159
3.83933
3.83883
3.83605
3.9074
3.9326
3.95104
3.95631
3.95641
3.95501
3.95294
3.95174
3.95047
3.95021
3.95051
3.95246
3.95537
3.96013
3.96831
3.98282
4.00268
4.0199
4.02048
4.00255
4.04997
4.07652
4.09044
4.08421
4.07266
4.0661
4.06473
4.06591
4.06751
4.06853
4.06889
4.06882
4.06804
4.06708
4.06551
4.06398
4.06292
4.06323
4.0682
4.07003
4.16069
4.1473
4.14436
4.15556
4.16736
4.17873
4.18713
4.19166
4.19408
4.19542
4.19658
4.19684
4.1961
4.19228
4.18347
4.16662
4.14348
4.12448
4.12315
4.13398
4.32739
4.31318
4.30691
4.31548
4.32342
4.32743
4.32928
4.32965
4.32927
4.32896
4.32925
4.32985
4.33025
4.32929
4.32643
4.32104
4.31458
4.30831
4.29799
4.28385
4.49444
4.50771
4.5037
4.49369
4.48406
4.47479
4.46857
4.46553
4.46389
4.46313
4.4623
4.46191
4.46168
4.46217
4.46409
4.46937
4.47906
4.48649
4.47748
4.45069
4.61885
4.62881
4.62439
4.61777
4.61242
4.60728
4.60282
4.59982
4.59826
4.59748
4.59759
4.59854
4.60049
4.60314
4.60612
4.60836
4.60925
4.60582
4.60089
4.59205
4.73872
4.74813
4.75072
4.74987
4.74718
4.74341
4.73932
4.73571
4.73316
4.73195
4.73186
4.73306
4.73552
4.73918
4.7457
4.75613
4.77017
4.78161
4.78055
4.76778
4.84375
4.85796
4.86801
4.87466
4.87825
4.8782
4.87523
4.87035
4.8656
4.86226
4.86084
4.86113
4.86235
4.86414
4.86694
4.87267
4.88098
4.88819
4.89199
4.88945
4.97566
4.99318
5.00697
5.01071
5.00784
5.00239
4.99694
4.99182
4.98759
4.98445
4.98303
4.98315
4.98488
4.98686
4.98741
4.9846
4.97682
4.96695
4.96705
4.97269
5.09199
5.09871
5.09993
5.09658
5.09425
5.09552
5.09844
5.10119
5.10284
5.10362
5.10398
5.10447
5.10414
5.10317
5.10074
5.09594
5.08971
5.08514
5.08183
5.07653
5.1626
5.14108
5.13173
5.15299
5.18024
5.20244
5.21672
5.22508
5.22968
5.23273
5.23503
5.23689
5.23726
5.23478
5.22756
5.21474
5.19745
5.18314
5.18112
5.18184
5.30977
5.31609
5.31626
5.32717
5.34207
5.35375
5.36139
5.36618
5.36883
5.37095
5.37333
5.37652
5.38028
5.3848
5.38966
5.39373
5.39428
5.38986
5.38172
5.36656
5.52861
5.55372
5.55382
5.5394
5.52605
5.51757
5.51294
5.51062
5.50879
5.50803
5.50756
5.50835
5.5105
5.51608
5.52751
5.54711
5.57319
5.59326
5.58817
5.55652
5.73021
5.74702
5.74211
5.72066
5.69436
5.67212
5.65657
5.64655
5.64058
5.63678
5.63416
5.63242
5.63116
5.62984
5.62773
5.62713
5.63059
5.63602
5.64056
5.63374
5.82172
5.8322
5.8272
5.81246
5.79697
5.78452
5.77565
5.76928
5.76505
5.76199
5.75997
5.75815
5.75609
5.75077
5.7388
5.71869
5.69341
5.67352
5.67497
5.68662
5.83418
5.83158
5.83727
5.8564
5.8766
5.89019
5.89537
5.89551
5.89366
5.89217
5.89153
5.89141
5.89045
5.88761
5.88249
5.87387
5.86081
5.84744
5.83991
5.83334
5.91942
5.93353
5.95457
5.97786
5.99854
6.0135
6.02189
6.02569
6.02627
6.02657
6.02712
6.02914
6.0317
6.03577
6.04236
6.05243
6.06417
6.07172
6.06502
6.03989
6.10279
6.12071
6.12998
6.13238
6.13628
6.14364
6.15179
6.15805
6.1613
6.1629
6.16409
6.16669
6.17071
6.1779
6.18865
6.20335
6.21921
6.2285
6.22756
6.21041
6.32999
6.33499
6.32857
6.32203
6.31438
6.30938
6.30709
6.30605
6.30497
6.30399
6.30311
6.30332
6.30388
6.30454
6.30482
6.30668
6.31149
6.31687
6.32251
6.31718
6.52334
6.54126
6.53905
6.52593
6.50346
6.4816
6.46537
6.4544
6.44772
6.44339
6.44123
6.4401
6.43979
6.43787
6.43106
6.41643
6.39577
6.38027
6.38691
6.39651
6.62263
6.63104
6.62624
6.61959
6.6094
6.59911
6.59028
6.58343
6.57893
6.57645
6.57604
6.5773
6.58018
6.58391
6.5877
6.58927
6.58735
6.58547
6.58479
6.57255
6.67162
6.66193
6.65676
6.67258
6.69153
6.7042
6.70887
6.70916
6.70777
6.7073
6.70786
6.7105
6.7144
6.72132
6.73249
6.75073
6.77393
6.79317
6.79341
6.76378
6.7674
6.77729
6.78223
6.79636
6.81275
6.82508
6.83212
6.83554
6.83662
6.8379
6.83995
6.84382
6.84859
6.85406
6.85902
6.86474
6.87037
6.87437
6.87803
6.86586
6.91195
6.93501
6.93695
6.93488
6.93789
6.94498
6.95311
6.95998
6.9648
6.9685
6.97263
6.97785
6.98394
6.98879
6.9892
6.9822
6.96854
6.95594
6.95591
6.95473
7.07971
7.09829
7.09817
7.09793
7.09746
7.09774
7.09888
7.10076
7.10272
7.1049
7.10734
7.11023
7.11327
7.11573
7.11711
7.11653
7.11503
7.11356
7.10857
7.09012
7.27789
7.3045
7.30924
7.30169
7.28684
7.27188
7.26028
7.25265
7.24838
7.24651
7.24592
7.24566
7.24389
7.23996
7.23416
7.22884
7.22733
7.229
7.22509
7.19957
7.43567
7.45107
7.45045
7.44461
7.43446
7.42295
7.41159
7.40192
7.39524
7.39112
7.38935
7.38845
7.38774
7.38492
7.37716
7.36146
7.33766
7.31477
7.30819
7.29909
7.56511
7.56633
7.56335
7.57154
7.57711
7.57457
7.56472
7.5533
7.54358
7.53751
7.53454
7.53447
7.53603
7.53926
7.54398
7.54914
7.55284
7.55192
7.5413
7.51328
7.71474
7.73274
7.73553
7.73343
7.72615
7.71501
7.70203
7.69021
7.68044
7.67493
7.67258
7.67391
7.6772
7.6837
7.69437
7.71133
7.73355
7.75081
7.74837
7.71722
7.79006
7.8094
7.80775
7.8028
7.80003
7.80069
7.80177
7.80133
7.79968
7.79913
7.80069
7.80532
7.8123
7.82089
7.82902
7.83442
7.83495
7.83118
7.83401
7.82835
7.8131
7.81159
7.81007
7.83752
7.87122
7.89833
7.91395
7.92075
7.92282
7.92413
7.92614
7.93
7.935
7.93946
7.94131
7.93925
7.93315
7.92649
7.92695
7.92035
7.97015
7.99339
8.00435
8.0207
8.03743
8.0501
8.05744
8.0597
8.05879
8.05688
8.05596
8.05602
8.05563
8.05185
8.04196
8.02531
8.00386
7.98462
7.98239
7.97846
8.17508
8.21979
8.23232
8.22812
8.21903
8.21204
8.2077
8.20319
8.19847
8.19381
8.19055
8.18741
8.18345
8.1754
8.16236
8.14462
8.12372
8.10511
8.09834
8.08289
8.30818
8.33619
8.34121
8.34536
8.34511
8.34345
8.34074
8.33733
8.33369
8.3305
8.32797
8.32552
8.32128
8.31477
8.30718
8.30013
8.29612
8.29526
8.29104
8.2594
8.41011
8.42291
8.42371
8.4376
8.45045
8.46026
8.46535
8.46768
8.46816
8.46824
8.46892
8.47039
8.47314
8.47668
8.48092
8.48526
8.48812
8.48919
8.49028
8.46375
8.54025
8.5599
8.56035
8.56993
8.58062
8.5911
8.59876
8.60333
8.6053
8.60673
8.60843
8.61205
8.61781
8.62776
8.64268
8.6622
8.68395
8.6995
8.7045
8.67557
8.69678
8.71895
8.71587
8.72246
8.72961
8.73712
8.74312
8.74615
8.74671
8.74692
8.74777
8.75018
8.75434
8.76001
8.76655
8.7756
8.78878
8.80072
8.81336
8.79701
8.8886
8.92007
8.91452
8.90726
8.89778
8.891
8.88797
8.88652
8.88571
8.88487
8.88543
8.88737
8.89048
8.89227
8.88972
8.87978
8.86409
8.8498
8.85922
8.85478
9.04675
9.07944
9.06477
9.04562
9.02983
9.02231
9.02126
9.02262
9.02449
9.02558
9.02701
9.0281
9.02888
9.02731
9.0239
9.01841
9.0104
9.00218
9.00318
8.9794
9.16817
9.178
9.15818
9.16217
9.16895
9.17379
9.1761
9.17716
9.17753
9.17805
9.17887
9.18022
9.18046
9.17978
9.17901
9.18081
9.18737
9.19488
9.19789
9.15711
9.39549
9.43089
9.42124
9.40968
9.39204
9.3732
9.35792
9.34754
9.34087
9.3371
9.33604
9.33722
9.34139
9.34811
9.35688
9.3669
9.37545
9.37948
9.38435
9.34329
9.60364
9.65922
9.65041
9.62065
9.58217
9.54724
9.5216
9.50453
9.49394
9.48806
9.48563
9.48687
9.49135
9.50094
9.51661
9.53791
9.56045
9.57455
9.58042
9.53183
9.67865
9.7178
9.70499
9.69348
9.67909
9.66449
9.65198
9.6426
9.63676
9.63405
9.63379
9.63588
9.64006
9.6459
9.65345
9.66408
9.67626
9.68441
9.695
9.65489
9.73085
9.75957
9.75342
9.76697
9.78123
9.78861
9.78933
9.78726
9.78543
9.78568
9.78881
9.79526
9.80445
9.81473
9.82256
9.82247
9.81199
9.79708
9.80181
9.76757
9.89116
9.94684
9.95746
9.96768
9.97031
9.96506
9.95683
9.94943
9.94476
9.94406
9.94795
9.95669
9.97072
9.98928
10.0111
10.0311
10.0415
10.0397
10.0335
9.97287
10.0876
10.1671
10.1854
10.1824
10.1651
10.1421
10.122
10.1072
10.0983
10.0953
10.0975
10.1057
10.1184
10.1372
10.1621
10.1925
10.2223
10.2391
10.2325
10.1552
10.203
10.2657
10.2807
10.2919
10.2911
10.2793
10.2636
10.2495
10.2399
10.2356
10.2358
10.2402
10.2477
10.2562
10.2625
10.2643
10.26
10.2517
10.2474
10.1917
10.274
10.3224
10.3399
10.3693
10.3915
10.398
10.3929
10.3841
10.3764
10.3718
10.3706
10.3716
10.373
10.3702
10.3578
10.3292
10.2841
10.2402
10.2243
10.1847
10.3639
10.4165
10.4401
10.4739
10.5057
10.5232
10.5272
10.5236
10.5184
10.5145
10.513
10.5121
10.5098
10.5018
10.4857
10.4567
10.4128
10.3688
10.3377
10.2799
10.4776
10.5269
10.5497
10.5853
10.6241
10.6513
10.6641
10.6662
10.6635
10.6606
10.6589
10.658
10.6562
10.651
10.6403
10.6223
10.5976
10.575
10.5439
10.4704
10.6401
10.6905
10.709
10.7291
10.7567
10.7801
10.7955
10.8027
10.8041
10.8029
10.801
10.7984
10.7954
10.7905
10.7837
10.7739
10.7614
10.7538
10.737
10.6816
10.8055
10.8427
10.8463
10.8455
10.8639
10.8901
10.9145
10.9317
10.9409
10.9438
10.9428
10.9386
10.931
10.9198
10.907
10.8961
10.8908
10.8996
10.9016
10.876
10.9922
10.9874
10.9762
10.9807
11.0087
11.0403
11.0671
11.0862
11.0973
11.1013
11.1005
11.0954
11.0862
11.072
11.0533
11.0312
11.0101
11.0097
11.0217
11.0353
11.3523
11.3503
11.3333
11.2932
11.2727
11.265
11.2672
11.2733
11.2783
11.2797
11.2782
11.2738
11.2687
11.263
11.2579
11.2528
11.2471
11.2595
11.2693
11.2875
11.7331
11.7321
11.7052
11.6188
11.5499
11.5031
11.4792
11.4702
11.4677
11.4668
11.4658
11.4658
11.4681
11.4767
11.4955
11.528
11.5754
11.6431
11.6564
11.6548
11.9615
11.9343
11.9159
11.8376
11.7722
11.7187
11.6831
11.6645
11.6572
11.6559
11.6569
11.6617
11.6715
11.6919
11.7257
11.7779
11.8477
11.9388
11.9549
11.9648
12.072
12.0322
12.053
12.009
11.9724
11.9296
11.8914
11.8661
11.8539
11.8508
11.8535
11.8631
11.8804
11.9108
11.9531
12.0035
12.0527
12.1115
12.0964
12.1316
12.153
12.1338
12.2107
12.1869
12.1694
12.1369
12.1007
12.0726
12.0563
12.0505
12.0525
12.0626
12.0819
12.1126
12.1503
12.1873
12.2146
12.2493
12.1809
12.2104
12.2008
12.187
12.3169
12.3052
12.3089
12.2992
12.279
12.2592
12.2463
12.241
12.2417
12.2491
12.2614
12.2791
12.2954
12.2999
12.2891
12.2901
12.1634
12.2032
12.2212
12.1666
12.3484
12.3561
12.3905
12.4144
12.4189
12.4129
12.4069
12.4041
12.4043
12.4065
12.4101
12.4114
12.4029
12.3771
12.3408
12.3303
12.1478
12.2117
12.3093
12.1746
12.398
12.3935
12.4346
12.4797
12.5059
12.5152
12.5174
12.5182
12.518
12.5167
12.5118
12.4991
12.4709
12.426
12.3889
12.3986
12.1765
12.3076
12.5791
12.3033
12.5532
12.5026
12.5178
12.5574
12.5859
12.5984
12.6025
12.6033
12.6034
12.6014
12.5966
12.583
12.555
12.5191
12.5043
12.5507
12.2975
12.5707
13.1279
12.6693
12.9635
12.8176
12.7452
12.7351
12.7384
12.7373
12.7334
12.7303
12.73
12.7326
12.7354
12.7368
12.7366
12.7514
12.8234
12.9682
12.6718
13.1233
13.7613
13.0274
13.428
13.2302
13.0824
13.021
12.9972
12.9814
12.9692
12.9622
12.9616
12.9675
12.9787
12.9962
13.0224
13.0868
13.2356
13.4366
13.0339
13.7583
14.2025
13.0628
13.6711
13.5217
13.3631
13.2844
13.2509
13.2313
13.2171
13.2092
13.2082
13.2159
13.2292
13.2516
13.2876
13.3675
13.5265
13.6759
13.0634
14.1977
14.4428
12.6674
13.5551
13.5387
13.4164
13.3454
13.3144
13.2963
13.2829
13.2754
13.2753
13.2829
13.2962
13.3163
13.347
13.4158
13.5329
13.5434
12.6575
14.4478
15.1265
12.3454
13.4509
13.5353
13.404
13.3114
13.2664
13.2405
13.2232
13.2146
13.2151
13.2258
13.2426
13.2727
13.314
13.4062
13.5281
13.4422
12.3441
15.1401
17.3412
12.6212
13.5026
13.6694
13.5418
13.441
13.3949
13.3709
13.357
13.3492
13.3501
13.3562
13.3692
13.3953
13.4392
13.5419
13.6717
13.5089
12.6286
17.3365
20.8383
12.4835
12.5427
13.165
13.3268
13.3367
13.3351
13.3337
13.3309
13.3288
13.3288
13.3309
13.3335
13.3353
13.3367
13.3271
13.1655
12.5438
12.4847
20.8384
0.0182848
0.0150191
0.0127314
0.0130511
0.0135218
0.0144033
0.0155555
0.0165627
0.0172468
0.0174588
0.0173602
0.0169527
0.0161654
0.0152957
0.0145311
0.0145431
0.0151464
0.0151365
0.0171868
0.0209505
0.049548
0.0488033
0.0516405
0.0575981
0.0624313
0.0649954
0.0661573
0.0670534
0.0680598
0.0688939
0.0698097
0.0705021
0.071738
0.0730247
0.0741066
0.073449
0.0695018
0.0629583
0.0591273
0.0607462
0.107992
0.107714
0.107238
0.107342
0.108873
0.111501
0.114392
0.116988
0.118977
0.120357
0.121233
0.121872
0.122294
0.122882
0.123626
0.124294
0.124758
0.12458
0.122915
0.121136
0.168111
0.16897
0.170297
0.171265
0.171652
0.171742
0.171772
0.171953
0.172158
0.172344
0.172187
0.171819
0.17115
0.17004
0.168179
0.165746
0.162953
0.160532
0.160463
0.162719
0.233809
0.236179
0.238088
0.237622
0.235427
0.232525
0.229851
0.227873
0.226537
0.225534
0.224472
0.223294
0.221567
0.21938
0.216471
0.213119
0.209907
0.207898
0.208419
0.21045
0.287521
0.288115
0.288255
0.287376
0.285618
0.283524
0.281715
0.280434
0.279437
0.278812
0.27813
0.277388
0.276283
0.274895
0.273264
0.271638
0.270085
0.269366
0.269121
0.268097
0.329194
0.324857
0.322583
0.323666
0.325951
0.32831
0.330057
0.331278
0.331902
0.332357
0.332703
0.333256
0.333642
0.334262
0.334918
0.335602
0.335927
0.335732
0.334794
0.332953
0.382243
0.379982
0.378341
0.378812
0.380791
0.383064
0.384627
0.385646
0.386151
0.386608
0.387012
0.387682
0.38885
0.390732
0.393283
0.396541
0.399792
0.401535
0.400255
0.397223
0.441763
0.445363
0.446914
0.446034
0.444671
0.442924
0.441338
0.440093
0.439351
0.438873
0.438668
0.438743
0.439078
0.439931
0.441202
0.442876
0.444801
0.445923
0.445815
0.445503
0.488627
0.490283
0.491276
0.490969
0.490552
0.490086
0.489842
0.489647
0.489567
0.489408
0.489198
0.488681
0.48799
0.486647
0.484499
0.481606
0.478525
0.476519
0.477953
0.482175
0.534868
0.532129
0.530773
0.531599
0.533917
0.536864
0.539372
0.541068
0.541964
0.542309
0.542287
0.541883
0.540941
0.539273
0.536697
0.533112
0.529365
0.527294
0.528426
0.531024
0.596016
0.596585
0.59673
0.596732
0.597028
0.59757
0.597986
0.598409
0.598629
0.59889
0.598986
0.599012
0.599004
0.598981
0.599005
0.599109
0.599104
0.599275
0.598686
0.596424
0.659481
0.663552
0.665645
0.664091
0.660949
0.657838
0.655566
0.654353
0.653929
0.654028
0.654413
0.655247
0.65636
0.658238
0.660713
0.663617
0.666472
0.668142
0.666997
0.663353
0.709582
0.709233
0.710318
0.711146
0.710689
0.709702
0.708546
0.707502
0.706771
0.706497
0.706453
0.706682
0.707408
0.7088
0.711041
0.714248
0.717955
0.720485
0.720028
0.717619
0.754095
0.752896
0.753286
0.754581
0.755815
0.756684
0.757092
0.757001
0.756754
0.756376
0.756101
0.755737
0.755101
0.754021
0.752591
0.751126
0.750057
0.749433
0.750392
0.753303
0.799674
0.797187
0.795427
0.796012
0.7983
0.801221
0.803953
0.805903
0.807094
0.807527
0.807498
0.806858
0.805722
0.80346
0.799986
0.795389
0.790297
0.786687
0.787574
0.792159
0.861584
0.860574
0.858931
0.858273
0.858856
0.860021
0.861354
0.862433
0.863196
0.863525
0.863563
0.863269
0.86252
0.8614
0.859897
0.857822
0.855585
0.854095
0.85343
0.85248
0.932276
0.936435
0.938202
0.936186
0.932475
0.928404
0.925228
0.923178
0.922039
0.921486
0.921306
0.921382
0.92193
0.922913
0.924584
0.927065
0.92985
0.931654
0.929815
0.924654
0.985473
0.987585
0.989497
0.988695
0.985905
0.982515
0.97956
0.977419
0.976115
0.97545
0.975318
0.975762
0.976731
0.978679
0.981706
0.985822
0.990295
0.993039
0.991891
0.988281
1.0239
1.02105
1.02112
1.02323
1.02521
1.0267
1.0274
1.0275
1.0273
1.02718
1.02722
1.02738
1.02777
1.02816
1.02875
1.02974
1.03086
1.03144
1.03229
1.0344
1.06582
1.06368
1.06386
1.06685
1.07052
1.07365
1.0758
1.07696
1.07748
1.07762
1.07774
1.07789
1.07794
1.07757
1.07658
1.07467
1.07213
1.0698
1.07064
1.07479
1.11705
1.11716
1.11682
1.11786
1.12017
1.12278
1.12519
1.12706
1.12827
1.12892
1.12903
1.12868
1.12806
1.12702
1.12566
1.12388
1.12191
1.12063
1.12093
1.12172
1.17838
1.17865
1.1773
1.17674
1.17755
1.17909
1.18075
1.18214
1.18316
1.18371
1.18392
1.18379
1.18311
1.18204
1.18064
1.17903
1.17765
1.17717
1.17739
1.17665
1.24691
1.24985
1.25009
1.24784
1.24483
1.24238
1.24084
1.24014
1.24004
1.24024
1.24059
1.24094
1.24146
1.24198
1.24247
1.24289
1.24286
1.24245
1.24176
1.24019
1.30694
1.30958
1.31043
1.3085
1.30465
1.30065
1.29768
1.29594
1.2952
1.29509
1.2954
1.29613
1.29722
1.29903
1.30136
1.3041
1.30665
1.30782
1.30657
1.30364
1.35613
1.35471
1.35444
1.35496
1.35473
1.3537
1.35227
1.35091
1.34979
1.34915
1.34881
1.34873
1.34896
1.3495
1.3505
1.35196
1.35361
1.35457
1.35404
1.35269
1.40535
1.40457
1.4049
1.40585
1.40664
1.40663
1.4058
1.40442
1.40305
1.40181
1.40094
1.40017
1.39928
1.39791
1.39595
1.39325
1.3905
1.3888
1.3896
1.39237
1.45111
1.45202
1.45268
1.45326
1.45417
1.45491
1.45532
1.45514
1.45472
1.45416
1.45368
1.45308
1.45249
1.45135
1.44957
1.44707
1.44428
1.44265
1.44305
1.44461
1.49313
1.49269
1.4929
1.49503
1.49804
1.50093
1.50337
1.50514
1.50631
1.50707
1.50768
1.50837
1.50905
1.50996
1.51102
1.51204
1.51271
1.51285
1.51151
1.50871
1.54441
1.54454
1.54547
1.54774
1.55053
1.55324
1.55561
1.55756
1.55898
1.5601
1.56106
1.56211
1.56351
1.56527
1.56745
1.56991
1.572
1.57267
1.57094
1.56771
1.60736
1.60847
1.60876
1.60874
1.60902
1.60987
1.61091
1.61182
1.61255
1.61294
1.61316
1.61331
1.61338
1.61357
1.61389
1.61447
1.61532
1.61572
1.61489
1.6137
1.67609
1.67893
1.67932
1.67738
1.67443
1.67178
1.66987
1.6687
1.66807
1.66759
1.66705
1.66621
1.6651
1.66324
1.66044
1.65684
1.65317
1.65076
1.65128
1.65426
1.73622
1.739
1.74018
1.73869
1.73528
1.73148
1.72818
1.72585
1.72435
1.72345
1.72285
1.72222
1.72129
1.71991
1.71794
1.7153
1.71259
1.71089
1.71093
1.71163
1.78453
1.78309
1.78311
1.78404
1.78435
1.78389
1.78269
1.78141
1.7802
1.7795
1.77906
1.779
1.77922
1.77991
1.78128
1.78329
1.78535
1.7865
1.78493
1.78056
1.8326
1.8316
1.83147
1.83247
1.83381
1.83465
1.83468
1.83419
1.83354
1.83312
1.833
1.83341
1.83421
1.83579
1.83813
1.84107
1.84385
1.84536
1.84437
1.84136
1.87895
1.87951
1.87932
1.87964
1.88089
1.8823
1.88355
1.88431
1.88476
1.88512
1.88557
1.88615
1.88697
1.88796
1.88913
1.89026
1.89085
1.89075
1.89079
1.89165
1.92579
1.92539
1.92514
1.92682
1.92969
1.93252
1.93483
1.93636
1.93726
1.93775
1.93822
1.93877
1.93933
1.93973
1.93984
1.93943
1.93866
1.93776
1.93749
1.9383
1.9844
1.98609
1.98693
1.98761
1.98866
1.98981
1.99076
1.99148
1.99196
1.99229
1.99245
1.99253
1.99249
1.992
1.99079
1.98879
1.98637
1.98455
1.98447
1.98541
2.05192
2.05576
2.05688
2.05486
2.05218
2.05016
2.04886
2.0483
2.0482
2.04838
2.04858
2.04883
2.04884
2.04858
2.04776
2.0464
2.04476
2.04348
2.04279
2.04159
2.11626
2.12008
2.12193
2.12017
2.11635
2.11222
2.10878
2.10657
2.10523
2.10476
2.10457
2.10478
2.10511
2.10559
2.10615
2.10682
2.10748
2.10767
2.10579
2.10117
2.16814
2.16871
2.17049
2.17164
2.17072
2.1684
2.16539
2.16261
2.16049
2.15924
2.15864
2.15853
2.15861
2.1589
2.15903
2.1589
2.1582
2.15691
2.15557
2.15393
2.2106
2.21064
2.21226
2.21458
2.21611
2.21657
2.2158
2.2144
2.21287
2.21177
2.21104
2.21064
2.2104
2.21026
2.2102
2.2103
2.21054
2.2105
2.20946
2.20755
2.24936
2.24777
2.24728
2.25003
2.25432
2.25852
2.26152
2.26313
2.26362
2.26361
2.26343
2.26324
2.26276
2.26196
2.26088
2.25981
2.25905
2.2587
2.25855
2.258
2.30351
2.30351
2.30263
2.30419
2.30769
2.31167
2.31499
2.3172
2.31836
2.31898
2.31935
2.31978
2.32023
2.32044
2.31992
2.31853
2.31629
2.31424
2.3138
2.31442
2.37419
2.37983
2.38169
2.38037
2.37846
2.37701
2.37637
2.3763
2.3764
2.3766
2.37694
2.37778
2.37909
2.3811
2.38334
2.38552
2.3873
2.38801
2.38599
2.38185
2.44057
2.44493
2.44664
2.44454
2.44068
2.43703
2.43456
2.43327
2.43265
2.43258
2.43269
2.43325
2.43413
2.43562
2.43774
2.44065
2.4438
2.44543
2.44358
2.43947
2.49779
2.49797
2.49861
2.49836
2.49639
2.49383
2.4913
2.48934
2.48803
2.48736
2.48713
2.48728
2.48747
2.4876
2.48731
2.48646
2.48486
2.48297
2.48275
2.48426
2.54867
2.54906
2.55018
2.55116
2.55074
2.54926
2.54717
2.54522
2.54366
2.54267
2.54204
2.54171
2.54137
2.54081
2.53961
2.53764
2.53511
2.53335
2.53373
2.53479
2.59596
2.59544
2.59545
2.59737
2.5993
2.60038
2.60042
2.59999
2.59937
2.59901
2.59887
2.59909
2.59927
2.5995
2.59943
2.59906
2.59853
2.59834
2.59792
2.5955
2.65182
2.65238
2.65174
2.65303
2.65521
2.65684
2.65745
2.65743
2.65712
2.65712
2.65748
2.65848
2.65989
2.66173
2.66355
2.66515
2.66611
2.66627
2.66486
2.66133
2.71367
2.71738
2.7181
2.71755
2.71724
2.71688
2.7163
2.71561
2.71496
2.71465
2.71482
2.7158
2.71747
2.72009
2.72318
2.72649
2.72931
2.73027
2.72812
2.72392
2.77029
2.77384
2.77587
2.77601
2.77521
2.77408
2.77285
2.77168
2.77068
2.7701
2.76988
2.7702
2.77089
2.77198
2.77315
2.77426
2.77508
2.77484
2.77355
2.77183
2.81964
2.82294
2.82504
2.82591
2.82605
2.82577
2.82531
2.82479
2.82432
2.82402
2.82396
2.82402
2.8238
2.82283
2.82062
2.81709
2.81301
2.80992
2.81025
2.81261
2.86798
2.86756
2.86737
2.8694
2.87256
2.87566
2.87788
2.87908
2.87948
2.87959
2.87963
2.87965
2.87944
2.8785
2.87644
2.8734
2.86996
2.86768
2.86726
2.86661
2.93281
2.93503
2.9359
2.93637
2.93719
2.93795
2.93829
2.93822
2.93784
2.93742
2.93701
2.93679
2.93661
2.93674
2.93713
2.93798
2.93901
2.93943
2.93689
2.93034
3.00087
3.00671
3.00931
3.00776
3.00474
3.00167
2.99929
2.99767
2.99657
2.9958
2.99515
2.99469
2.99438
2.99438
2.99469
2.9955
2.9965
2.99676
2.99479
2.98998
3.05873
3.06038
3.06159
3.06181
3.06098
3.05972
3.05835
3.05701
3.05597
3.05531
3.05512
3.05533
3.05575
3.05615
3.05619
3.05568
3.05481
3.05373
3.05304
3.05235
3.11573
3.11676
3.11749
3.11809
3.11834
3.11812
3.11741
3.11654
3.11578
3.11554
3.11596
3.11711
3.119
3.12143
3.12408
3.12667
3.12868
3.1294
3.12827
3.12545
3.1723
3.17314
3.17306
3.17387
3.17497
3.17562
3.17562
3.17533
3.17494
3.17492
3.17536
3.1767
3.1787
3.18175
3.18563
3.19025
3.19469
3.19713
3.19585
3.19111
3.23241
3.2357
3.23681
3.23762
3.23802
3.23748
3.23619
3.2348
3.23373
3.2333
3.23351
3.23448
3.23601
3.23776
3.23908
3.23961
3.23887
3.23756
3.23767
3.23828
3.28974
3.29548
3.29803
3.29779
3.29652
3.29484
3.29315
3.29172
3.29072
3.2903
3.29046
3.2912
3.29207
3.29273
3.29245
3.2907
3.28791
3.28584
3.28611
3.28658
3.34248
3.34317
3.34364
3.34534
3.34742
3.34911
3.34991
3.34999
3.34964
3.34946
3.34959
3.35007
3.35065
3.35091
3.35029
3.34872
3.34643
3.34488
3.34404
3.34105
3.40861
3.41208
3.41383
3.41498
3.41582
3.41559
3.41441
3.41293
3.41166
3.41094
3.41089
3.41153
3.41237
3.41315
3.41323
3.41224
3.41042
3.40867
3.40653
3.40193
3.47422
3.48178
3.48575
3.48574
3.48368
3.4805
3.4772
3.4744
3.47254
3.47157
3.4715
3.47207
3.47334
3.47491
3.47638
3.47759
3.47823
3.47795
3.47472
3.46793
3.52507
3.5287
3.53207
3.53508
3.53663
3.53651
3.53515
3.53316
3.53142
3.5304
3.53026
3.531
3.5323
3.53406
3.53588
3.5373
3.53808
3.53765
3.53433
3.52782
3.57323
3.5768
3.58017
3.58433
3.58812
3.59044
3.59101
3.59035
3.58934
3.58866
3.58874
3.5893
3.59046
3.59143
3.59182
3.59139
3.58988
3.58738
3.58435
3.58062
3.62529
3.62872
3.6309
3.63497
3.63988
3.64399
3.64643
3.64739
3.64745
3.64733
3.6475
3.6482
3.64903
3.64958
3.64934
3.64774
3.64524
3.64221
3.63913
3.63506
3.69073
3.69705
3.69973
3.70253
3.70554
3.70783
3.70884
3.70891
3.70854
3.7082
3.70819
3.70847
3.70903
3.70912
3.70834
3.70628
3.70305
3.69966
3.69681
3.69228
3.76111
3.77118
3.77555
3.77602
3.77508
3.77375
3.77235
3.771
3.76986
3.76916
3.76895
3.76932
3.76981
3.7703
3.77032
3.76938
3.7677
3.76541
3.76207
3.75525
3.82142
3.82693
3.82981
3.83196
3.83304
3.83345
3.83299
3.83196
3.83068
3.82971
3.82904
3.82863
3.82859
3.82863
3.82865
3.82879
3.82907
3.82857
3.82519
3.81657
3.88014
3.88483
3.88638
3.88805
3.88982
3.89126
3.89188
3.8917
3.89106
3.89031
3.88981
3.8896
3.88925
3.88845
3.88681
3.88416
3.88115
3.87854
3.87763
3.87439
3.94223
3.94583
3.94449
3.94449
3.94604
3.94842
3.95061
3.95212
3.95297
3.95334
3.95381
3.95425
3.9551
3.95581
3.95621
3.95617
3.9555
3.95496
3.95452
3.94914
4.01932
4.02531
4.02369
4.02139
4.01998
4.01936
4.01925
4.01929
4.01935
4.01949
4.01988
4.02091
4.02254
4.02536
4.02935
4.03414
4.03885
4.04183
4.04038
4.0298
4.10201
4.11422
4.11611
4.11179
4.10521
4.0986
4.09347
4.08997
4.08783
4.08659
4.08614
4.08636
4.08761
4.08984
4.09325
4.09764
4.10202
4.10483
4.10446
4.09596
4.16682
4.17709
4.17908
4.17579
4.16982
4.16355
4.15851
4.15496
4.15277
4.15155
4.15121
4.1517
4.15279
4.15437
4.15606
4.15733
4.15815
4.15884
4.15991
4.15538
4.22305
4.2289
4.22895
4.22803
4.22611
4.22388
4.22172
4.22005
4.219
4.21864
4.21907
4.22023
4.22247
4.22546
4.22889
4.23215
4.23441
4.23593
4.23582
4.228
4.28991
4.29912
4.30113
4.30094
4.29908
4.2959
4.29256
4.28999
4.28838
4.28797
4.28861
4.29083
4.29429
4.29964
4.30643
4.31381
4.32009
4.32343
4.32046
4.30649
4.35828
4.37428
4.38084
4.3811
4.37728
4.37094
4.3647
4.36004
4.35727
4.35631
4.35687
4.35907
4.36302
4.36866
4.37553
4.38249
4.38743
4.38866
4.38406
4.36997
4.41248
4.42793
4.43551
4.43826
4.43719
4.4331
4.42837
4.4245
4.42217
4.42141
4.42216
4.42447
4.42793
4.4323
4.4366
4.43929
4.43884
4.43524
4.42885
4.41661
4.46519
4.47734
4.48433
4.49023
4.49402
4.49445
4.49253
4.49004
4.4881
4.48735
4.48779
4.48928
4.49159
4.49373
4.49474
4.49297
4.48756
4.47992
4.47068
4.45681
4.52945
4.5445
4.55419
4.56122
4.56568
4.56585
4.56307
4.55943
4.55647
4.55469
4.55411
4.55438
4.5549
4.55453
4.55206
4.54596
4.53609
4.52531
4.51461
4.50018
4.59099
4.60797
4.61969
4.62729
4.63219
4.63296
4.63087
4.62765
4.62481
4.62288
4.62202
4.62164
4.62134
4.61976
4.61618
4.60941
4.59979
4.59008
4.57904
4.56272
4.64366
4.65439
4.66336
4.67396
4.68491
4.69228
4.69539
4.6954
4.69405
4.69265
4.69168
4.69105
4.69037
4.68888
4.6862
4.68191
4.67641
4.67112
4.66138
4.64425
4.71284
4.72235
4.72874
4.73685
4.74821
4.75776
4.76339
4.76557
4.76566
4.76499
4.7644
4.76395
4.76341
4.76203
4.75973
4.7563
4.75233
4.74947
4.74416
4.73422
4.80763
4.81561
4.81719
4.81718
4.82233
4.82913
4.83477
4.83826
4.8399
4.8404
4.8406
4.84074
4.84096
4.84086
4.8406
4.84041
4.84096
4.84365
4.84266
4.83674
4.92842
4.93112
4.92606
4.91649
4.91292
4.91378
4.91632
4.91862
4.91998
4.92053
4.9208
4.92129
4.92203
4.9233
4.92525
4.92808
4.93277
4.94056
4.94415
4.94298
5.06279
5.06425
5.05692
5.03817
5.02277
5.01281
5.00761
5.00527
5.00435
5.0039
5.00384
5.00439
5.006
5.00911
5.01391
5.02114
5.03096
5.0444
5.05085
5.05194
5.17788
5.17912
5.17495
5.15326
5.13106
5.11277
5.10044
5.09335
5.08985
5.08848
5.08844
5.09014
5.09349
5.09976
5.10911
5.12173
5.13709
5.15448
5.15811
5.15659
5.25218
5.25403
5.25918
5.24406
5.22563
5.20715
5.19202
5.18176
5.17606
5.17379
5.174
5.1768
5.18251
5.1919
5.20445
5.21978
5.23578
5.25032
5.24454
5.23975
5.28814
5.2968
5.31913
5.31486
5.30548
5.29231
5.27848
5.26723
5.26021
5.2573
5.25756
5.26131
5.26801
5.27836
5.29115
5.30442
5.31612
5.32295
5.30122
5.29072
5.30043
5.31195
5.35372
5.3617
5.36495
5.36253
5.35552
5.34739
5.34148
5.33871
5.339
5.34203
5.34782
5.35537
5.36274
5.3674
5.3678
5.3623
5.32122
5.31018
5.33294
5.33208
5.38841
5.40195
5.41433
5.42281
5.42466
5.42194
5.41871
5.41683
5.41695
5.41915
5.42227
5.42472
5.42365
5.41659
5.40659
5.39401
5.33791
5.34066
5.44792
5.4157
5.47865
5.47735
5.48
5.48799
5.49301
5.49307
5.49135
5.49003
5.4901
5.49113
5.49271
5.49213
5.4875
5.47993
5.47708
5.47743
5.4148
5.44955
5.66707
5.57102
5.63951
5.60796
5.58066
5.57172
5.56962
5.56686
5.56355
5.56145
5.56126
5.5634
5.56623
5.56899
5.57181
5.58048
5.60547
5.63507
5.56783
5.66515
5.94023
5.73303
5.82193
5.76901
5.71084
5.6792
5.66396
5.65453
5.64773
5.64403
5.64373
5.64701
5.65319
5.66267
5.67844
5.71128
5.7699
5.82347
5.73402
5.93702
6.16414
5.78143
5.92645
5.88552
5.81833
5.77647
5.75554
5.74363
5.73555
5.73139
5.73085
5.73498
5.74224
5.75464
5.77641
5.81869
5.88606
5.92568
5.77809
6.15748
6.30759
5.65059
5.89709
5.90967
5.85834
5.82029
5.80146
5.79169
5.78514
5.78167
5.78174
5.78536
5.79223
5.80315
5.82241
5.85975
5.9095
5.89473
5.64792
6.30691
6.63235
5.53478
5.88848
5.94343
5.88686
5.83792
5.81284
5.79988
5.79178
5.78761
5.78782
5.7926
5.8006
5.81543
5.83902
5.88814
5.94135
5.88739
5.53691
6.639
7.69322
5.61249
5.90033
5.99462
5.94011
5.88579
5.85913
5.84602
5.83866
5.83445
5.83491
5.83807
5.84496
5.85893
5.88452
5.93944
5.99448
5.90167
5.61464
7.6919
9.66567
5.25468
5.35063
5.738
5.8304
5.83004
5.82727
5.82653
5.82519
5.82401
5.82403
5.82517
5.82644
5.82734
5.83002
5.83047
5.73813
5.35089
5.25501
9.66575
)
;

boundaryField
{
    fixedWalls_1
    {
        type            zeroGradient;
    }
    frontAndBack_1
    {
        type            empty;
    }
    inlet_1
    {
        type            zeroGradient;
    }
    outlet_1
    {
        type            fixedValue;
        value           uniform 0;
    }
    fixedWalls_2
    {
        type            zeroGradient;
    }
    frontAndBack_2
    {
        type            empty;
    }
    inlet_2
    {
        type            zeroGradient;
    }
    outlet_2
    {
        type            fixedValue;
        value           uniform 0;
    }
    fixedWalls_3
    {
        type            zeroGradient;
    }
    frontAndBack_3
    {
        type            empty;
    }
    inlet_3
    {
        type            zeroGradient;
    }
    outlet_3
    {
        type            fixedValue;
        value           uniform 0;
    }
    fixedWalls_4
    {
        type            zeroGradient;
    }
    frontAndBack_4
    {
        type            empty;
    }
    inlet_4
    {
        type            zeroGradient;
    }
    outlet_4
    {
        type            fixedValue;
        value           uniform 0;
    }
    fixedWalls_5
    {
        type            zeroGradient;
    }
    frontAndBack_5
    {
        type            empty;
    }
    inlet_5
    {
        type            zeroGradient;
    }
    outlet_5
    {
        type            fixedValue;
        value           uniform 0;
    }
}


// ************************************************************************* //
