/*--------------------------------*- C++ -*----------------------------------*\
  =========                 |
  \\      /  F ield         | OpenFOAM: The Open Source CFD Toolbox
   \\    /   O peration     | Website:  https://openfoam.org
    \\  /    A nd           | Version:  6
     \\/     M anipulation  |
\*---------------------------------------------------------------------------*/
FoamFile
{
    version     2.0;
    format      ascii;
    class       volScalarField;
    location    "19";
    object      epsilon;
}
// * * * * * * * * * * * * * * * * * * * * * * * * * * * * * * * * * * * * * //

dimensions      [0 2 -3 0 0 0 0];

internalField   nonuniform List<scalar> 
10000
(
259.392
351.029
219.617
135.75
87.0829
60.5384
46.055
38.1055
33.9569
32.2506
32.4371
34.5397
39.1061
47.4841
62.2903
89.0004
136.596
217.886
347.191
261.328
258.836
350.67
219.499
134.759
86.0984
60.1942
45.9574
38.0446
33.9108
32.2015
32.3202
34.3691
38.8305
47.3233
62.0014
88.661
136.293
217.49
346.09
259.862
258.496
350.322
218.76
136.576
87.1435
60.7564
45.8033
37.8593
33.7777
32.1919
32.3941
34.468
38.8742
47.1896
61.2167
87.5847
135.982
216.91
347.415
260.647
260.319
351.239
220.576
136.726
88.031
60.8321
46.0034
38.042
33.8828
32.1742
32.3774
34.4617
38.9262
47.0278
61.8037
88.6634
135.633
215.308
347.338
261.097
261.474
351.89
220.123
135.245
87.8874
60.7501
45.6566
37.8466
33.8202
32.0506
32.3295
34.4178
38.773
47.2523
62.1558
88.5917
134.029
217.33
346.822
261.038
259.771
350.321
218.246
136.871
87.8267
60.6072
45.6642
37.9433
33.8194
32.0643
32.3049
34.4063
38.9206
47.1531
61.5545
87.7515
135.42
218.721
347.944
260.859
260.689
351.472
219.837
137.07
87.6734
60.0581
45.5751
37.9054
33.7208
32.1009
32.2185
34.2586
38.6969
46.8461
61.8089
87.8495
136.051
218.107
346.386
260.408
259.355
352.337
221.345
136.96
87.4403
60.486
45.6799
37.8844
33.7522
32.1133
32.2889
34.3648
38.8438
46.9848
61.3885
87.5574
134.435
216.316
347.223
260.19
260.17
352.161
221.246
136.861
86.4739
59.9581
45.8676
37.7767
33.7437
32.1068
32.2742
34.3483
38.7031
47.2651
62.0472
87.9529
134.792
216.392
346.389
259.215
259.601
351.61
221.065
136.771
87.7068
60.6528
45.9364
37.9625
33.8358
32.0998
32.1805
34.3278
38.8935
47.256
61.9073
86.7949
135.332
216.128
346.826
258.781
258.773
350.028
220.909
136.48
86.8645
60.1232
45.7389
37.7969
33.8152
32.1015
32.2359
34.2885
38.8187
47.1548
61.8712
87.5989
134.346
216.588
346.745
258.494
259.909
351.524
220.767
135.323
88.0206
60.8695
46.0668
37.9595
33.8177
32.0832
32.1905
34.1279
38.7145
46.9909
61.7458
88.311
135.992
217.74
346.645
258.54
258.718
350.993
220.843
137.262
88.2643
60.8803
46.0755
37.7805
33.7077
32.0679
32.2085
34.194
38.4543
46.488
60.9181
87.1094
135.479
217.4
346.33
258.227
259.303
349.697
220.532
137.204
88.2073
60.7696
46.0641
37.9476
33.8247
32.0265
32.1287
34.1127
38.4634
46.5571
61.0221
87.2187
134.242
215.669
345.751
259.364
259.127
351.391
220.217
137.279
88.2649
60.2834
45.7717
38.0475
33.9507
32.1219
32.2073
34.1992
38.432
46.5278
60.9094
87.228
134.447
217.16
344.336
259.401
258.978
351.241
218.312
137.014
88.2712
61.1755
46.2868
38.2604
33.9782
32.0886
32.125
34.2089
38.498
46.6916
61.0771
87.6072
134.464
216.106
345.695
259.087
258.56
351.323
219.144
137.046
88.1994
61.0853
45.9669
38.228
33.9814
32.1392
32.2108
34.2262
38.6427
46.4138
61.7183
88.553
134.994
218.685
346.55
260.154
259.802
351.504
219.534
136.856
88.0347
60.8924
46.1711
38.2267
33.879
32.1635
32.1887
34.1014
38.6279
46.8454
61.3268
88.5828
135.603
218.698
345.366
260.032
260.841
351.739
220.961
136.556
87.8369
61.0258
46.3948
38.1441
33.9469
32.1448
32.2539
34.2879
38.9912
47.3833
62.2362
88.0131
136.984
218.891
346.523
259.611
261.422
351.482
220.679
134.729
86.6024
60.3038
46.3222
38.3334
34.0926
32.2436
32.307
34.393
38.9834
47.3448
62.269
89.0461
136.897
218.727
345.515
260.31
259.812
349.669
220.345
135.038
87.1299
60.5993
46.3481
38.3408
34.1031
32.1896
32.3296
34.4326
38.9402
47.2527
62.0955
88.8195
136.616
218.425
346.826
260.052
260.516
350.339
220.241
135.348
87.7069
60.8088
46.1134
38.2831
34.1057
32.302
32.413
34.4022
38.699
46.8017
61.2988
87.5492
134.91
216.768
345.37
260.75
259.487
350.659
219.952
136.303
87.0693
61.3682
46.366
38.1301
33.9908
32.2737
32.4055
34.3976
38.7587
46.9057
61.492
87.8941
135.66
218.426
346.376
259.958
260.354
349.298
219.485
134.928
88.3464
61.5401
46.61
38.3385
34.1327
32.2399
32.399
34.2836
38.7161
46.8081
61.2902
87.5024
134.814
218.158
347.591
261.113
259.334
350.133
219.073
136.586
88.2465
61.4017
46.3865
38.4932
34.2213
32.3671
32.4172
34.3472
38.8095
46.8338
61.3337
87.5384
134.795
216.661
347.679
260.869
260.371
350.33
216.685
135.102
87.2191
60.9052
46.6273
38.5092
34.2165
32.3647
32.3569
34.4311
38.7146
46.9656
61.5344
87.8344
135.168
217.818
347.8
261.333
261.18
350.559
218.849
136.802
88.4886
61.5555
46.6753
38.3702
34.1835
32.3651
32.4447
34.4746
38.9539
47.2847
62.0745
88.6477
136.149
216.336
347.846
261.731
261
349.629
220.305
136.594
88.3728
61.4321
46.6104
38.4704
34.0839
32.2617
32.4055
34.4272
38.9183
47.2042
61.9582
88.4566
136.013
217.989
347.957
262.442
261.074
350.872
220.053
135.642
88.0322
61.2168
46.4165
38.2887
34.1007
32.2839
32.2974
34.36
38.6648
47.0519
61.7165
88.0986
135.451
216.141
347.505
261.395
261.51
350.674
219.717
134.727
87.8184
61.0209
46.1628
38.3586
34.0006
32.2646
32.3041
34.334
38.7588
46.8406
61.0484
86.9499
134.003
217.332
347.323
261.618
260.715
350.15
219.3
135.264
87.107
60.3634
46.1518
38.3686
34.0853
32.2203
32.3237
34.2057
38.571
46.9967
61.9321
88.5239
136.063
216.072
346.099
261.593
261.205
349.764
218.874
136.385
88.1271
60.7517
46.2871
38.3749
34.1286
32.2792
32.3266
34.3155
38.7037
46.6205
61.7514
88.2883
135.921
217.816
347.336
261.657
261.022
347.883
216.804
136.111
88.0611
61.1834
46.1696
38.3285
34.1126
32.2604
32.2183
34.1685
38.6454
46.5896
61.617
88.0047
135.591
216.246
346.287
261.694
260.029
348.875
217.75
135.873
87.8569
61.1484
46.3413
38.1879
34.0659
32.242
32.2744
34.2325
38.6329
46.5598
61.4202
87.3695
135.143
217.411
347.789
261.519
260.493
349.767
218.896
135.726
87.6338
60.9845
46.049
38.1631
33.9559
32.132
32.2241
34.1064
38.5836
46.6906
61.3125
86.804
133.449
215.497
347.28
260.378
259.826
349.59
218.503
134.145
86.5813
60.8661
46.3483
38.2507
34.01
32.1593
32.1571
34.1703
38.5325
46.3243
61.2399
87.415
134.801
217.103
346.179
260.378
260.571
349.307
218.123
135.43
87.4198
60.7601
46.2748
38.3274
34.0704
32.21
32.1948
34.0711
38.5001
46.5913
61.1018
87.065
133.332
215.545
346.499
259.543
260.347
348.851
217.536
135.122
87.2137
60.1673
45.9054
38.2508
34.0348
32.2002
32.2064
34.1133
38.3161
46.4574
60.8754
86.1072
134.074
216.506
347.103
258.778
261.087
347.283
215.631
134.608
87.0053
60.6694
46.1808
38.2107
33.9053
32.1668
32.2175
34.042
38.4223
46.1547
60.7934
86.5193
132.564
215.936
346.83
257.914
260.521
347.991
216.048
134.254
86.6221
60.4063
45.8029
37.9806
33.8696
32.1418
32.2172
34.141
38.4485
46.4056
60.5882
85.9181
133.518
214.385
346.469
257.468
260.749
347.363
216.358
133.685
85.4239
59.7136
45.8538
38.0191
33.8512
32.059
32.1838
34.1122
38.3978
46.2856
60.0225
85.6608
132.364
215.223
346.257
257.309
259.919
347.826
215.748
133.134
85.4756
59.8748
45.6455
38.0762
33.89
32.1059
32.1788
34.0915
38.3503
46.2372
60.4081
86.2412
133.073
213.51
344.976
257.074
258.935
347.062
213.649
132.42
85.1109
59.9698
45.7136
38.0436
33.7675
32.0071
32.1334
34.0377
38.2721
46.0665
59.7191
85.0513
132.633
214.784
346.493
256.971
258.049
345.471
213.575
131.85
84.8316
59.8139
45.8324
38.0462
33.8063
32.0628
32.1083
33.9912
38.1946
45.9919
59.8818
84.9076
131.155
213.07
346.246
257.332
257.46
345.888
213.645
130.247
84.3455
59.1842
45.4412
37.8392
33.815
31.9772
31.9817
33.8198
38.0584
45.601
59.3247
84.6313
131.676
213.787
345.968
257.033
257.013
344.423
212.923
129.965
84.093
59.1486
45.4454
37.8262
33.7305
31.9842
31.9865
33.8202
38.0076
45.6083
59.5542
84.3356
131.059
213.077
345.643
256.863
256.943
345.22
211.062
129.29
83.8602
58.9933
45.3512
37.7627
33.7106
31.913
31.9194
33.6988
37.8036
45.3892
59.0065
83.9112
129.385
210.876
345.12
256.637
256.528
343.934
210.534
129.347
83.972
59.0567
45.3903
37.7429
33.717
31.9612
31.9291
33.6989
37.813
45.3774
59.027
84.0319
129.698
211.15
343.741
255.631
256.422
343.819
209.724
128.592
83.4865
58.8077
45.1091
37.7001
33.7458
31.9217
31.935
33.652
37.7224
45.1895
58.6941
83.5549
128.994
209.137
344.193
255.501
255.609
343.641
208.742
126.611
82.2684
58.5413
45.2277
37.77
33.7512
31.9538
31.9176
33.6098
37.5145
44.73
57.8556
82.3722
127.431
209.726
343.779
255.013
254.876
342.888
207.917
126.893
82.2452
58.3465
44.9422
37.6869
33.6523
31.9234
31.8812
33.5295
37.4788
44.7453
57.923
82.4049
127.365
208.806
342.344
254.603
254.16
341.999
206.772
125.395
81.2282
57.7492
44.8285
37.6277
33.6789
31.9097
31.8577
33.4856
37.3887
44.5917
57.8923
81.8712
126.518
207.766
342.749
254.305
253.49
341.112
205.64
125.143
81.1276
57.7249
44.8143
37.4866
33.6364
31.8305
31.7809
33.4325
37.2698
44.4003
57.235
81.147
125.492
206.55
342.179
254.297
253.054
340.146
204.367
123.907
80.4699
57.4479
44.6932
37.5153
33.5782
31.8379
31.7923
33.4032
37.2061
44.2435
56.9395
79.9208
124.574
204.712
340.332
253.668
252.43
339.277
202.793
122.622
79.8106
56.8642
44.3592
37.3569
33.6107
31.8716
31.8058
33.3984
37.1847
44.0707
56.5663
79.4653
122.844
203.346
340.582
253.991
252.18
337.095
201.494
121.791
79.3008
56.7323
44.2975
37.4202
33.6037
31.8537
31.7328
33.3444
37.0451
43.8771
56.256
78.9046
122.029
202.039
339.67
253.064
251.502
336.726
200.531
120.741
78.5492
56.1471
44.082
37.2663
33.5073
31.8376
31.7829
33.3646
36.9743
43.7069
55.8851
78.2825
120.818
200.718
337.819
252.526
250.801
336.121
200.05
119.825
77.8702
55.9059
43.9522
37.2485
33.5282
31.8187
31.7554
33.3103
36.8348
43.4908
55.4858
77.57
119.561
199.396
337.213
252.05
250.425
334.736
197.887
118.644
77.3317
55.5882
43.7537
37.1707
33.4806
31.7604
31.6411
33.1754
36.7194
43.2943
55.1416
76.9899
118.485
198.258
336.72
251.425
249.511
333.975
196.135
117.537
76.635
55.2333
43.6027
36.9953
33.3419
31.7036
31.5842
33.0968
36.5709
43.0534
54.7106
76.186
117.202
196.677
335.457
250.725
248.865
331.998
194.625
116.377
75.9347
54.8354
43.377
36.8691
33.2383
31.593
31.5083
33.0072
36.4649
42.8645
54.3317
75.45
116.069
194.591
333.23
250.14
248.28
330.755
192.565
114.976
75.0868
54.3753
43.0815
36.6871
33.1465
31.525
31.4343
32.9333
36.3267
42.6245
53.919
74.7631
114.848
193.077
331.915
249.25
247.421
329.104
190.534
113.471
74.2595
53.9712
42.8623
36.5583
33.0329
31.4093
31.349
32.8361
36.1984
42.4018
53.4813
73.9393
113.541
191.075
330.358
248.535
246.634
327.308
188.839
112.262
73.5213
53.5117
42.6022
36.3862
32.9086
31.3028
31.245
32.7058
36.0429
42.169
53.0936
73.2157
112.187
189.285
328.717
247.518
245.692
326.032
186.697
110.679
72.6205
53.0412
42.3158
36.1939
32.7673
31.1814
31.1202
32.5698
35.8736
41.9024
52.624
72.3922
110.743
187.217
327.053
246.633
244.482
324.493
185.004
109.492
71.9049
52.6049
42.0617
36.0184
32.6158
31.0382
30.9752
32.4243
35.7
41.6534
52.1973
71.6012
109.284
185.164
325.401
245.149
243.49
323.058
182.814
107.838
70.9715
52.084
41.732
35.7889
32.4347
30.8906
30.8363
32.2677
35.5063
41.3668
51.7105
70.7287
107.811
183.036
323.505
243.966
242.517
321.458
180.713
106.342
70.0459
51.5584
41.4198
35.578
32.2782
30.7447
30.6858
32.1017
35.296
41.0651
51.2136
69.8197
106.169
180.608
321.267
242.553
241.021
319.53
178.343
104.617
69.0487
50.9751
41.0637
35.3326
32.0797
30.5688
30.5123
31.9115
35.0646
40.744
50.6968
68.8891
104.542
178.278
319.288
241.473
239.448
317.542
175.915
102.944
68.1126
50.4068
40.6757
35.0538
31.8649
30.383
30.3341
31.7217
34.8336
40.4137
50.1461
67.8799
102.798
175.725
316.904
239.623
237.299
315.202
173.03
101.091
67.0569
49.7922
40.269
34.7579
31.6317
30.1809
30.1389
31.5064
34.5593
40.018
49.5168
66.7947
100.91
172.944
314.303
238.011
235.082
312.622
169.821
98.9972
65.8608
49.0794
39.8141
34.4307
31.3691
29.9492
29.9113
31.2592
34.2605
39.5991
48.8436
65.6387
98.9045
169.928
311.55
236.235
232.433
309.201
166.287
96.6717
64.5602
48.3267
39.3206
34.069
31.0757
29.6867
29.6528
30.9756
33.9101
39.1189
48.12
64.4143
96.6823
166.298
308.066
233.634
229.128
305
162.244
94.2205
63.1714
47.4821
38.7545
33.6484
30.7299
29.3724
29.3392
30.6342
33.5048
38.5766
47.293
63.027
94.1804
162.164
303.851
230.355
225.253
299.722
157.661
91.4619
61.6435
46.5704
38.121
33.1601
30.3231
29.0027
28.9723
30.2359
33.0323
37.9539
46.3696
61.4909
91.3871
157.477
298.495
226.335
220.434
293.26
152.512
88.4911
59.9555
45.5089
37.3892
32.6
29.8499
28.5689
28.5401
29.7679
32.4822
37.2469
45.3425
59.7912
88.3446
152.194
291.815
220.789
215.204
285.536
146.776
85.2679
58.1506
44.3875
36.5994
31.9697
29.3014
28.0604
28.0352
29.2277
31.8554
36.4512
44.205
57.9366
84.9887
146.156
283.726
214.891
208.643
276.16
140.425
81.8047
56.1936
43.1354
35.6884
31.2404
28.6701
27.4706
27.4474
28.6024
31.1405
35.5631
42.9721
55.9671
81.4108
139.523
273.92
207.155
201.571
265.359
133.646
78.1906
54.1553
41.8122
34.7065
30.4264
27.944
26.7927
26.7773
27.8966
30.3457
34.5945
41.6514
53.8813
77.6532
132.471
262.677
199.414
194.473
253.215
126.583
74.4796
52.0103
40.3863
33.6131
29.5117
27.1314
26.0254
26.0138
27.0977
29.4588
33.5385
40.2661
51.7831
73.9344
125.293
250.351
191.628
187.539
239.896
119.352
70.7788
49.8273
38.868
32.4353
28.5131
26.2323
25.1774
25.1743
26.2276
28.5062
32.4235
38.827
49.6679
70.2946
118.09
237.14
184.367
181.108
225.846
112.23
67.2129
47.6495
37.3009
31.175
27.4313
25.2517
24.2445
24.2484
25.2684
27.4675
31.2373
37.3604
47.6192
66.8934
111.307
223.986
179.138
176.374
211.498
105.233
63.7461
45.5114
35.7141
29.8709
26.2924
24.2109
23.2541
23.2651
24.2495
26.3707
30.0076
35.9047
45.6962
63.7554
104.889
210.698
175.932
174.844
197.719
98.7451
60.5309
43.4492
34.1343
28.5465
25.1272
23.1424
22.2328
22.2477
23.194
25.2307
28.7282
34.4053
43.7937
60.8641
99.0062
198.077
175.38
175.222
185.59
93.2466
57.6715
41.4904
32.5852
27.2361
23.9698
22.0809
21.218
21.2347
22.1374
24.085
27.4431
32.9208
41.9674
58.2012
93.721
186.321
176.01
178.316
175.033
88.3361
55.133
39.7129
31.1455
26.0009
22.87
21.0673
20.245
20.2598
21.1179
22.9744
26.1851
31.4447
40.1564
55.6956
88.9494
175.921
179.848
184.856
166.224
84.0348
52.9071
38.1003
29.8209
24.862
21.8577
20.1324
19.3465
19.3591
20.1729
21.9398
25.0089
30.0704
38.4959
53.4473
84.6137
166.92
185.22
191.954
158.401
80.6189
51.1031
36.7171
28.6527
23.8454
20.9481
19.2932
18.5411
18.55
19.3213
21.0025
23.934
28.7953
36.9502
51.4587
81.0966
159.012
192.407
201.611
151.819
78.1134
49.5553
35.4538
27.5788
22.9261
20.1421
18.5565
17.8358
17.8412
18.5728
20.174
22.9797
27.6675
35.601
49.7929
78.4358
152.22
202.364
213.74
146.631
76.2941
48.2734
34.338
26.6148
22.0995
19.4225
17.9085
17.2227
17.2259
17.9177
19.4399
22.1251
26.647
34.3701
48.2956
76.2928
146.516
213.238
227.728
142.683
74.7524
47.0011
33.2133
25.6679
21.3148
18.7631
17.3325
16.6878
16.6894
17.3371
18.7726
21.3329
25.7016
33.2717
47.0918
74.9006
143.017
228.337
245.919
140.417
73.6225
45.7647
32.0655
24.7086
20.5417
18.1382
16.8074
16.212
16.2121
16.8075
18.1384
20.543
24.7128
32.077
45.7874
73.6581
140.496
245.231
266.16
139.255
72.3127
44.226
30.7194
23.6474
19.7332
17.5206
16.3158
15.7828
15.7826
16.3153
17.5195
19.7321
23.6476
30.729
44.2618
72.4037
139.409
266.396
289.499
138.784
70.7186
42.3501
29.1531
22.4713
18.8827
16.9082
15.8574
15.3998
15.3993
15.8563
16.906
18.8801
22.4688
29.1531
42.3573
70.7361
138.802
289.65
315.898
138.682
68.3591
39.8884
27.2711
21.1517
17.9882
16.3087
15.4437
15.0746
15.0744
15.4434
16.3081
17.9874
21.1514
27.2739
39.9006
68.3897
138.7
315.53
343.277
138.112
64.8251
36.7568
25.0883
19.7261
17.0879
15.7547
15.1025
14.8352
14.8352
15.1022
15.7542
17.087
19.7259
25.0926
36.7783
64.8991
138.29
343.692
373.141
135.821
59.5587
32.8064
22.6046
18.2356
16.226
15.2785
14.8592
14.7107
14.7107
14.8593
15.2784
16.2248
18.234
22.6024
32.8031
59.5518
135.778
372.748
402.357
128.024
51.242
27.8338
19.8647
16.7633
15.4753
14.9581
14.7551
14.6773
14.6774
14.7553
14.9585
15.4761
16.7657
19.8684
27.8456
51.2803
128.161
402.657
432.5
107.411
38.6497
21.9405
17.0626
15.4917
14.9833
14.8097
14.7301
14.7007
14.7008
14.7308
14.8111
14.9852
15.4923
17.0607
21.936
38.6414
107.397
432.485
466.516
57.4214
21.6838
16.29
15.2358
14.9486
14.845
14.8045
14.7967
14.7964
14.7964
14.7968
14.8048
14.8457
14.9504
15.2386
16.2923
21.6869
57.4308
466.53
706.902
1037.6
640.621
367.149
210.042
126.827
83.9217
61.9125
50.7439
45.9715
45.9022
50.6037
61.9507
83.8734
126.681
210.672
367.207
636.361
1033.27
703.725
704.441
1033.91
636.39
363.848
208.146
125.49
82.6584
60.8857
49.9328
45.2501
45.1541
50.0291
61.5917
83.2442
125.512
205.874
358.885
631.97
1030.32
700.689
701.256
1022.84
624.307
354.725
202.58
124.591
83.4233
61.4765
50.2572
45.5123
45.3215
49.8437
61.3433
81.7435
123.196
212.288
369.062
620.824
1027.38
698.739
705.836
1039.93
636.858
364.034
209.765
127.901
84.6021
61.9363
50.4271
45.6858
45.4242
49.9157
60.8149
82.9715
125.667
211.864
368.972
634.476
1018.06
691.383
702.312
1037.41
622.629
353.586
208.252
127.724
84.3063
61.189
49.6186
45.1494
44.7624
50.2869
61.2959
81.403
122.108
210.336
366.543
631.057
1023.94
691.589
697.687
1037.78
626.777
361.225
205.45
127.225
83.3899
61.9695
50.264
45.8522
45.2101
50.2262
61.245
81.7577
122.676
209.179
363.944
617.057
1031.54
692.063
704.275
1036.18
624.264
368.109
212.972
127.151
84.1108
61.4173
50.4892
45.9289
45.4205
49.5715
60.5652
81.4373
121.725
204.63
356.376
628.412
1030.9
690.054
697.678
1034.55
624.79
367.348
211.906
125.14
82.6592
61.7107
51.0577
46.3074
45.8901
49.9211
61.4218
81.9078
122.975
210.642
364.259
616.609
1028.13
686.541
703.153
1031.85
627.426
365.771
210.706
124.455
83.3484
62.1816
50.5883
45.8436
45.3556
50.0366
61.4885
82.2918
125.152
210.168
362.959
620.108
1018.58
688.068
706.454
1028.68
635.791
358.097
209.269
124.66
83.8873
62.1123
51.0383
46.2941
45.7483
50.6621
61.4879
81.063
122.538
208.924
360.377
623.876
1028.53
690.776
707.304
1017.24
625.015
370.525
205.336
125.144
83.5342
61.2097
50.812
46.1559
46.1106
50.6524
61.5991
82.2318
126.614
207.666
350.674
608.989
1020.47
689.391
707.048
1029.52
639.44
369.706
206.576
127.385
82.351
61.2205
50.2059
45.5173
45.9578
50.4522
61.5623
83.0514
126.309
206.815
360.435
624.35
1028.21
690.09
706.787
1038.41
627.477
366.956
207.456
127.359
82.8598
61.4253
50.3438
45.6273
45.8092
49.8029
61.3625
81.4946
125.86
201.135
350.628
631.282
1018.6
685.632
700.77
1030.87
636.599
359.101
210.758
127.064
83.4556
60.6335
50.4819
45.5379
45.4592
50.5915
61.3529
83.0799
125.874
203.281
354.663
621.056
1027.69
695.77
711.099
1051.46
647.724
361.97
210.293
126.459
82.1091
61.1686
50.1126
45.4724
45.9095
50.5178
61.0584
81.4782
125.665
204.734
360.094
624.155
1034.6
693.938
714.824
1049.89
647.108
362.972
208.899
125.688
83.3743
61.7584
50.6236
45.5454
45.8736
50.3766
60.7589
82.2788
125.253
208.891
353.076
621.367
1032.82
695.652
708.649
1048.06
644.296
368.822
207.655
124.694
81.721
60.8246
50.0118
45.5508
45.7349
50.1971
59.952
81.3157
124.303
208.707
364.318
626.746
1029.73
693.923
709.922
1045.61
640.218
366.447
201.521
121.606
81.7
61.3216
50.4203
45.941
45.6402
50.1647
60.3389
80.8553
123.07
207.346
362.592
635.642
1026.53
692.427
704.811
1041.86
635.607
363.963
202.012
122.014
81.4071
61.1381
50.0587
45.8827
45.0099
50.0244
61.1551
81.8544
119.44
205.881
353.639
634.074
1016.25
687.042
703.576
1037.59
622.136
360.747
200.227
121.585
81.2456
60.5042
50.0977
45.9225
45.2697
49.4294
60.9968
80.9392
121.988
205.315
363.669
631.596
1028.4
689.4
696.869
1027.99
634.236
358.622
199.488
122.53
81.6464
61.0724
50.7852
46.0168
45.6934
50.0562
61.0299
81.805
123.085
199.816
359.863
618.287
1019.76
692.101
697.332
1028.94
630.854
349.782
199.173
120.645
82.5191
61.6437
50.7191
45.8622
45.5506
49.3161
60.31
82.5841
120.986
204.617
352.439
635.818
1036.92
690.192
694.069
1025.3
619.998
356.313
201.012
122.501
82.4679
61.5319
50.5203
45.3395
45.087
49.7199
61.2607
82.7742
121.459
201.156
355.25
632.935
1035.62
697.019
692.752
1025.72
628.828
349.403
198.828
119.814
81.1306
61.2536
50.2902
45.7925
45.4454
50.1604
61.1881
82.6941
122.275
205.864
359.347
630.194
1034.3
696.438
688.992
1024.77
619.041
349.682
194.698
120.374
82.3104
61.2004
49.8618
45.7295
45.22
50.0243
61.0346
82.6124
124.072
204.828
356.423
617.069
1031.92
695.914
690.677
1028.41
621.282
349.286
197.337
121.154
82.2947
60.6052
49.9916
45.6702
45.5693
49.4234
60.7009
82.1388
123.246
203.296
348.513
626.596
1029.32
690.307
692.924
1024.4
621.942
351.514
200.881
122.611
82.1342
61.1483
50.3114
45.5789
45.5887
50.0351
60.4864
81.7756
122.294
202.231
353.663
617.603
1019.92
690.713
689.336
1016.17
627.419
356.222
196.858
121.893
81.7649
60.9717
50.152
44.9598
45.4527
49.9609
59.4958
81.2123
119.364
197.639
358.758
627.846
1026.5
691.965
692.971
1015.96
623.918
353.804
200.914
120.117
81.2384
60.254
49.6404
45.1963
45.3825
49.9373
59.8326
81.092
120.797
199.821
357.604
617.307
1032.44
689.451
687.033
1024.58
611.863
344.544
196.349
121.683
80.4226
60.829
50.1452
45.6331
45.2409
49.931
60.2415
79.9328
121.634
201.992
356.228
626.398
1030.88
683.168
690.318
1014.1
612.562
345.037
199.216
121.659
81.469
60.7564
49.6558
45.6196
44.6145
49.7991
59.7333
80.8245
120.775
200.372
353.615
623.59
1027.18
685.55
693.784
1027.85
611.702
343.049
198.174
120.883
80.708
60.0328
50.1146
45.7103
45.3606
49.703
60.7978
79.8181
117.845
195.108
344.91
619.398
1017.62
688.906
691.777
1023.98
613.204
344.068
196.964
120.173
80.1432
60.3689
49.6769
45.6526
45.827
50.3795
60.8738
81.3628
119.49
199.102
351.385
609.917
1027.85
688.613
685.254
1012.86
607.754
340.314
195.151
117.732
79.9851
60.5947
49.9732
45.199
45.6463
50.1945
60.6167
81.1046
120.417
197.565
349.599
620.651
1020.46
687.198
684.154
1021.25
593.033
329.824
190.613
118.079
80.0661
60.5145
50.1187
45.5439
45.5329
50.014
60.3208
80.6431
119.604
195.687
341.15
608.822
1031.03
687.256
683.132
1018.48
594.996
331.341
192.326
118.718
80.4707
60.3341
49.9729
45.3624
44.9274
49.3675
59.8797
79.219
116.866
191.226
341.836
611.1
1029.95
682.654
685.885
1014.9
591.575
328.973
188.735
117.998
80.1408
60.0871
49.3908
44.801
44.9557
49.6004
59.3157
79.2583
117.437
194.342
339.609
609.122
1028.92
689.185
684.53
1004.24
593.892
330.734
191.745
117.463
79.727
59.5935
49.5715
44.8049
45.0512
49.4975
59.6615
78.7706
116.551
190.313
337.364
608.213
1019.46
689.772
682.249
1009.7
599.366
333.851
190.535
115.274
78.5209
59.2733
49.4266
44.6923
44.8633
48.8743
59.3553
78.4555
117.292
191.516
335.069
610.326
1034.38
688.574
680.69
1016.4
588.53
325.957
189.002
116.494
79.1121
59.2085
49.2756
44.4862
44.6292
48.8094
59.1259
78.1808
116.49
189.578
333.311
614.413
1026.13
686.016
675.372
1014.61
595.489
329.92
185.44
115.529
77.9712
58.9222
49.1177
44.7247
44.2223
48.6132
58.7902
77.4077
114.307
188.844
332.276
611.662
1036.21
687.611
675.679
1010.33
583.703
322.169
184.81
114.912
77.8861
58.9265
48.8739
44.5747
44.4524
48.6624
58.5345
77.5668
114.74
184.579
333.968
601.029
1033.21
680.616
673.097
1006.67
584.087
322.529
184.371
114.068
77.0321
58.6003
48.5687
43.9677
44.1879
48.3949
58.1263
76.7377
114.067
185.783
330.923
606.932
1023.81
681.676
672.722
995.937
581.121
314.304
182.549
113.2
76.7238
57.8542
48.2127
43.8264
43.9047
48.0627
57.7549
76.4397
111.72
183.756
328.989
603.273
1034.5
681.785
674.238
1004.77
583.77
314.092
180.845
111.119
76.1171
57.4808
47.9124
43.5559
43.6336
47.749
56.9536
75.6532
111.1
178.716
320.072
589.65
1033.14
679.635
673.286
992.898
579.187
310.535
177.836
110.381
75.6162
57.1103
47.4421
43.1976
43.2272
47.395
56.669
75.0899
110.48
180.262
320.558
588.603
1030.25
671.811
669.449
1002.34
568.918
307.762
176.795
109.337
75.1233
56.7503
46.9915
42.9205
42.7252
46.7687
56.2795
74.2572
108.804
178.187
316.967
582.986
1027.23
671.918
666.311
988.503
565.151
305.177
175.159
108.77
74.6507
56.3734
46.6224
42.7193
42.5113
46.5072
55.7986
73.6184
107.84
173.606
308.508
577.27
1015.23
668.269
664.005
988.083
560.512
304.086
173.815
108.037
74.2582
56.0298
46.2773
42.1725
42.1145
46.1462
55.4085
73.0769
106.49
171.915
306.403
572.244
1017.25
666.433
660.742
981.908
554.977
300.613
171.855
107.369
73.7813
55.6279
45.8999
41.8258
41.7274
45.669
54.841
72.4603
105.453
169.293
299.752
568.117
1017.11
662.594
657.559
977.283
549.632
296.192
169.522
106.052
73.02
54.9877
45.4832
41.3427
41.2216
45.1522
54.3743
71.8736
104.443
168.36
298.02
567.924
1023.28
659.587
653.797
971.8
543.63
292.09
166.865
105.296
72.5449
54.6308
45.1203
40.9822
40.8274
44.7697
53.8998
71.1907
103.259
165.637
293.748
561.744
1020.35
656.795
652.274
967.551
538.217
287.947
165.166
104.225
71.9349
54.1654
44.7232
40.5723
40.4028
44.2638
53.3563
70.5151
102.095
163.025
288.96
553.637
1016.43
653.453
649.846
967.046
533.144
284.033
163.154
103.234
71.3895
53.7782
44.3248
40.1323
39.9164
43.7543
52.7841
69.7992
101.077
161.279
285.68
549.819
1012.76
651.037
648.612
971.557
526.531
280.953
161.464
102.447
70.8592
53.2895
43.8395
39.6014
39.3854
43.2064
52.1892
69.0758
99.9084
158.594
280.035
543.119
1007.26
646.643
647.223
958.548
522.496
277.278
159.664
101.396
70.2264
52.8016
43.3668
39.0956
38.8711
42.6668
51.5987
68.3979
98.9347
156.323
273.816
528.37
1000.29
641.915
645.772
967.644
517.13
273.704
157.796
100.435
69.5446
52.2824
42.9102
38.6714
38.4104
42.1591
51.0003
67.6736
97.8183
154.387
270.138
520.943
983.07
634.579
644.313
953.212
510.311
269.97
156.335
99.5744
68.8897
51.7251
42.4177
38.2168
37.9755
41.6855
50.4632
66.9486
96.6782
152.047
265.096
512.61
977.579
628.08
641.837
950.524
504.141
265.757
154.418
98.5082
68.1236
51.1181
41.9089
37.7463
37.4921
41.1632
49.865
66.2623
95.7641
150.446
261.08
502.606
965.255
621.003
639.422
948.045
497.653
262.768
152.889
97.6311
67.4803
50.5506
41.4222
37.3186
37.0745
40.6931
49.2935
65.4918
94.6144
148.247
256.555
494.988
956.312
613.627
636.126
940.315
489.301
258.81
151.05
96.5433
66.6996
49.9448
40.8971
36.8352
36.5921
40.1622
48.6685
64.7221
93.5467
146.494
252.372
485.294
948.567
608.369
629.567
921.033
481.944
254.919
149.215
95.4817
65.9505
49.3757
40.4165
36.3886
36.1326
39.6454
48.0177
63.8744
92.357
144.382
248.123
476.731
944.869
601.195
624.336
914.11
472.58
250.533
147.186
94.3247
65.1394
48.7219
39.8588
35.8744
35.6205
39.086
47.3459
62.9528
90.9855
142.096
243.701
469.477
929.612
595.931
617.63
900.528
464.913
246.69
145.154
93.0582
64.2483
48.0377
39.2799
35.3521
35.1131
38.538
46.669
62.0283
89.597
139.721
239.082
460.76
920.436
590.226
613.873
890.239
454.947
242.039
142.839
91.6539
63.2601
47.289
38.6759
34.8191
34.6003
37.9774
45.9666
61.0608
88.1295
137.233
234.453
452.431
910.431
585.315
607.816
881.89
448.401
237.688
140.315
90.0492
62.145
46.4711
38.0397
34.2844
34.0953
37.4262
45.2638
60.0367
86.5717
134.76
229.679
444
901.129
580.927
603.509
872.562
439.046
232.463
137.474
88.2636
60.9111
45.5921
37.3808
33.7362
33.5836
36.8716
44.5689
59.0909
85.1976
132.38
224.977
435.252
889.405
577.135
596.625
861.138
430.137
226.795
134.238
86.2731
59.5721
44.6566
36.6896
33.176
33.0641
36.3159
43.8707
58.088
83.6747
130.007
220.571
426.542
878.941
573.207
592.665
850.448
420.564
221.209
130.913
84.1385
58.1395
43.6673
35.9594
32.5743
32.504
35.7083
43.092
56.9802
81.9952
127.373
215.85
417.302
866.926
564.317
589.047
839.495
410.208
214.729
127.111
81.7967
56.6464
42.6512
35.2021
31.9448
31.9044
35.0516
42.2679
55.8515
80.3312
124.639
210.463
406.773
854.43
557.669
581.073
829.246
398.983
208.066
123.234
79.3407
55.0427
41.5577
34.3839
31.2524
31.2277
34.2897
41.3263
54.5772
78.4512
121.485
204.549
395.745
840.88
549.045
568.182
813.462
385.044
200.366
118.884
76.7386
53.4107
40.4368
33.5302
30.5233
30.5145
33.4899
40.3406
53.2131
76.3986
118.112
198.118
383.506
825.096
537.787
550.761
795.639
370.484
192.217
114.31
73.9019
51.5754
39.1885
32.5986
29.7364
29.7482
32.6323
39.2456
51.6824
74.1047
114.356
191.12
369.646
805.269
524.116
529.45
773.404
353.407
182.964
109.144
70.8623
49.6653
37.8975
31.6317
28.9069
28.9234
31.695
38.0637
50.0147
71.5416
110.298
183.921
355.203
782.495
503.882
510.713
747.091
335.149
173.502
103.64
67.4686
47.569
36.5081
30.5967
28.0276
28.0557
30.7033
36.7844
48.2397
68.907
106.035
176.114
338.918
755.078
482.078
485.445
715.715
315.276
163.52
98.0145
64.0592
45.4089
35.0515
29.5183
27.1154
27.1575
29.6784
35.4428
46.3117
66.0029
101.402
167.826
322.106
725.14
462.438
463.148
681.54
295.08
153.17
92.0206
60.4041
43.1233
33.5307
28.3955
26.1637
26.2131
28.5878
34.0146
44.2449
62.8032
96.3095
159.09
303.991
690.996
441.271
437.769
643.638
274.631
142.677
85.9515
56.7546
40.8087
31.9623
27.2322
25.1818
25.2448
27.467
32.5244
42.0385
59.317
90.7978
150.077
285.323
653.83
422.921
416.841
602.94
254.499
131.89
79.5483
52.8903
38.3779
30.3292
26.0146
24.1437
24.2147
26.2665
30.9104
39.6408
55.5256
84.6503
139.938
265.129
611.955
403.578
392.296
556.393
233.506
121.188
73.288
49.0541
35.9401
28.6689
24.7603
23.0712
23.1495
25.0295
29.2549
37.1766
51.581
78.0747
129.044
244.34
565.85
382.852
367.999
506.461
212.022
110.373
67.0222
45.2265
33.4838
26.9777
23.4753
21.9644
22.0426
23.7387
27.5235
34.5878
47.4223
71.1273
117.347
221.566
514.896
358.939
341.524
452.895
189.378
99.2674
60.7061
41.4369
31.0555
25.2915
22.1946
20.8633
20.9429
22.4593
25.8217
32.0467
43.2824
64.0991
105.043
197.956
461.219
334.96
316.954
399.165
167.051
88.3403
54.5525
37.7104
28.6687
23.6455
20.9446
19.783
19.856
21.1889
24.1371
29.5733
39.3613
57.473
93.0901
174.336
406.86
310.7
297.156
348.835
145.918
77.8632
48.8247
34.3191
26.4912
22.1306
19.784
18.7749
18.8383
19.9957
22.5597
27.2691
35.6856
51.2435
81.9778
152.553
357.659
296.175
288.118
304.854
127.863
68.9696
43.8403
31.2848
24.5131
20.7481
18.7251
17.8544
17.9047
18.8917
21.0834
25.1223
32.35
45.6631
72.1158
133.197
312.817
292.464
288.574
268.725
112.583
61.4016
39.6159
28.7149
22.8332
19.5688
17.8184
17.064
17.1011
17.9401
19.8132
23.2723
29.4817
40.919
63.5858
116.472
274.296
293.047
298.59
242.903
101.792
55.9853
36.3464
26.6239
21.4368
18.5812
17.0585
16.4024
16.4274
17.139
18.7403
21.7177
27.1079
37.1343
57.1723
103.247
244.091
300.259
311.943
220.453
93.0072
51.4308
33.6647
24.9409
20.3161
17.789
16.4525
15.8784
15.8945
16.5027
17.8854
20.4764
25.2045
34.1079
52.1408
93.9189
220.348
311.64
322.478
200.918
86.9351
48.2673
31.6705
23.6186
19.414
17.1534
15.976
15.4747
15.4847
16.0064
17.2121
19.5095
23.7614
31.8578
48.4654
86.9923
200.275
321.34
333.626
186.843
82.104
45.5925
29.9914
22.5146
18.6719
16.6464
15.6127
15.1788
15.1841
15.629
16.6777
18.7238
22.5964
30.1207
45.7806
82.4215
187.474
333.877
348.113
174.797
77.8008
43.2041
28.4708
21.5137
18.0198
16.2255
15.3341
14.9674
14.9699
15.3422
16.2423
18.0519
21.5737
28.5927
43.4884
78.4523
176.085
350.632
361.896
167.228
74.9935
41.2131
27.0965
20.6112
17.4473
15.876
15.1234
14.8232
14.8236
15.125
15.8776
17.4492
20.6114
27.0904
41.17
74.837
166.867
360.685
376.895
159.255
71.1052
38.7427
25.5445
19.6534
16.8775
15.5567
14.9544
14.7244
14.7246
14.9566
15.5603
16.8856
19.6719
25.5955
38.8932
71.5321
160.259
378.824
393.838
154.462
68.007
36.3778
23.9981
18.7161
16.346
15.2815
14.8261
14.6681
14.6683
14.8263
15.279
16.3405
18.7037
23.9688
36.3087
67.8169
153.892
392.359
407.893
147.879
63.2527
33.3155
22.2145
17.7263
15.8314
15.0434
14.7393
14.6447
14.6446
14.7392
15.0448
15.8352
17.7342
22.2339
33.3641
63.3812
148.154
407.771
424.11
142.877
58.4908
30.2021
20.4702
16.817
15.402
14.8718
14.7011
14.6414
14.6416
14.7023
14.8746
15.4008
16.8136
20.4638
30.1892
58.4755
142.909
424.336
437.139
133.882
51.4719
26.372
18.5873
15.9529
15.0545
14.7851
14.6953
14.67
14.67
14.6953
14.785
15.0557
15.9557
18.5951
26.3895
51.5273
133.928
436.484
450.622
121.067
42.9476
22.3666
16.8843
15.3177
14.8841
14.7606
14.7229
14.7155
14.7157
14.7237
14.7631
14.8883
15.3226
16.8792
22.3429
42.8757
120.972
450.754
461.39
95.2144
31.1138
17.9394
15.449
14.916
14.8069
14.7716
14.7678
14.7685
14.7685
14.7682
14.7726
14.809
14.9186
15.4566
17.9575
31.1497
95.3745
460.919
471.103
47.6164
18.2342
15.5444
14.9875
14.8527
14.8216
14.8249
14.8268
14.8272
14.8272
14.8267
14.8248
14.8219
14.8538
14.9914
15.5619
18.2834
47.6184
471.378
1243.42
1652.68
1043.84
612.733
353.287
209.159
131.524
89.8992
68.2375
58.3644
57.5838
65.4728
85.4278
124.693
198.064
338.137
595.73
1045.12
1695.24
1202.92
1241.13
1624.13
1021.04
608.214
350.795
207.82
130.787
89.4479
67.9045
57.2284
56.397
64.1109
83.8422
123.846
196.166
334.752
588.663
1018.83
1687.34
1192.28
1235.03
1643.4
1048.76
605.666
348.4
206.607
130.127
89.0947
67.7819
58.6135
57.6186
64.9266
85.3465
123.256
192.778
331.455
580.15
1033.14
1683.01
1194.32
1244.85
1657.75
1045.25
588.431
339.379
202.038
127.588
87.4933
66.5422
58.508
57.4537
64.2856
85.1434
121.325
194.587
322.949
579.844
1044.49
1659.18
1193.4
1242.33
1632.82
1038.68
601.561
346.092
205.168
129.127
88.7367
67.4278
58.2726
56.4642
65.0351
85.083
123.016
191.234
328.036
590.45
1040.09
1678.49
1191.47
1237.58
1671.46
1019.45
585.899
337.501
200.662
128.202
88.3573
66.3115
57.9404
57.1741
66.1728
83.9662
121.567
195.126
320.214
572.357
1029.86
1657.43
1187.77
1244.2
1668.45
1054.05
606.113
345.804
204.341
130.453
87.1834
67.5579
57.0688
57.7396
66.3353
86.3491
124.871
193.16
328.798
584.716
1006.79
1692.13
1191.65
1237.51
1661.72
1048.38
601.017
336.77
199.15
130.302
87.5674
67.506
57.1302
57.4886
66.0098
86.0361
124.654
199.688
339.523
597.972
1034.69
1690.37
1190.46
1245.89
1638.04
1043.31
584.972
342.802
201.603
130.367
88.0871
67.4808
56.7953
56.3515
65.6562
85.6839
122.399
198.666
337.199
594.467
1024.34
1689.76
1190.91
1244.44
1651.9
1024.19
600.243
349.52
203.776
130.383
89.415
67.4457
56.7464
56.4675
65.2422
84.5676
125.237
196.145
331.56
580.995
991.992
1686.47
1191.18
1237.18
1663.32
1028.21
594.367
348.246
199.378
129.908
89.2685
67.2557
56.8229
56.3881
64.3391
85.6409
124.858
200.795
342.615
599.605
1025.98
1685.02
1189.6
1243.85
1657.77
1023.32
576.891
346.234
203.19
129.431
88.9626
66.9589
57.5218
56.8893
65.722
85.32
122.457
199.365
340.021
596.332
1044.39
1679.9
1185.31
1241.5
1629.55
1022.4
592.532
345.229
206.806
127.412
88.7812
65.9252
57.7063
57.6483
65.469
84.0272
125.092
198.042
337.922
579.916
1036.82
1652.75
1194.83
1232.82
1632.59
1020.11
601.233
342.568
205.787
128.257
88.6555
67.015
56.9244
57.4325
64.6828
85.0035
124.586
193.231
336.352
590.439
1030.23
1657.66
1198.63
1237.25
1635.56
1016.88
588.411
332.268
202.17
128.254
88.4121
66.5962
57.8448
56.6829
66.187
86.1215
124.411
197.239
329.769
599.262
1007.86
1647.48
1193.7
1242.88
1649.7
1015.87
600.071
342.378
207.679
130.255
88.0709
65.0255
56.849
56.9404
65.9382
85.871
123.493
194.073
342.547
598.574
1016.33
1648.77
1199.91
1243.3
1630.14
1018.71
596.585
346.69
206.8
129.809
86.9093
65.9519
57.9491
57.6707
65.6828
84.7237
121.353
199.402
341.194
585.537
1020.99
1654.23
1198.15
1240.65
1653.59
1028.57
581.769
338.83
202.693
127.715
88.1726
66.7217
59.0099
56.8835
64.5409
86.7005
124.03
198.278
340.005
599.946
1041.83
1630.89
1194.87
1237.49
1629.31
1006.75
588.634
345.511
205.928
129.216
86.916
67.576
59.2734
58.1947
65.523
86.9524
125.69
194.491
331.754
594.441
1039.32
1668.79
1203.25
1232.76
1647.76
1026.72
596.328
344.041
204.824
128.573
87.1708
66.4954
59.1492
57.7254
66.3082
86.8062
125.207
199.796
339.569
582.823
1030.36
1696.79
1201.73
1235.4
1639.52
1003.34
591.207
335.588
200.752
126.131
87.3173
67.3264
59.3071
57.4599
66.0427
86.7416
122.744
198.268
338.845
580.573
1003.08
1693.92
1196.8
1233.42
1629.51
1013.11
581.61
341.768
204.596
128.145
88.6104
68.1702
59.2522
58.4598
64.8031
86.6756
123.512
194.352
337.116
580.646
1039.05
1694.63
1203.35
1231.2
1598.21
986.44
584.771
340.441
203.866
130.117
87.6773
67.9163
58.8914
58.4382
66.2468
86.8659
124.128
197.911
336.129
577.189
1043.12
1689.73
1206.83
1229.17
1630.02
1009.07
593.777
338.487
202.659
130.08
89.4336
66.9019
57.6676
57.9703
65.1135
86.7298
125.475
194.055
334.15
576.187
1036.83
1684.34
1211.14
1219.5
1640.99
1019.02
591.131
330.179
198.454
129.564
89.1536
67.1659
57.8595
57.1695
66.6418
86.6075
125.367
196.31
332.764
579.355
1030.1
1662.66
1208.74
1220.39
1614.39
994.734
580.101
340.394
203.991
129.659
88.8553
67.1689
57.7985
57.8147
66.3853
86.1015
124.694
192.371
330.019
572.417
1010.95
1683.67
1207.87
1220.96
1627.01
1001.41
594.596
339.361
203.205
129.078
87.3512
67.6457
58.245
58.7861
65.4871
84.7353
124.388
194.741
327.809
557.583
1013.34
1680.29
1208.8
1225.45
1600.22
1003.13
594.309
333.503
199.671
127.296
88.4982
68.7227
58.9763
58.9564
66.7256
86.1743
123.726
190.536
322
564.595
1007.17
1657.32
1208.53
1224.68
1624.18
1018.38
593.858
341.122
204.937
130.342
89.7669
68.6983
57.8669
58.6988
65.5461
84.6863
123.21
191.155
326.404
571.289
1005.07
1676.34
1211.2
1222.72
1636.72
1014.11
591.214
334.378
203.854
128.563
89.3767
68.5667
59.154
58.7796
65.9102
85.3437
121.433
189.936
324.023
557.64
998.789
1669.44
1211.9
1221.63
1611.84
1007.31
588.419
340.796
203.437
129.433
88.3367
68.1151
58.7711
58.5332
65.844
86.3757
122.043
190.556
318.566
566.984
996.766
1642.78
1204.31
1220.4
1616.68
989.697
585.74
339.211
199.669
127.407
87.9762
67.7949
57.6044
58.3135
66.119
86.3151
122.47
193.503
321.945
554.152
1001.94
1648.08
1204.38
1217.86
1616.05
1008.13
582.957
337.277
199.836
127.788
87.7582
66.8561
58.508
57.4627
66.7083
86.0524
123.675
192.727
320.213
554.943
994.13
1648.52
1199.16
1220.25
1623.56
990.909
579.883
335.506
198.882
127.548
87.7706
67.0913
57.6498
57.8919
66.5604
85.6477
123.221
191.546
313.416
553.203
969.628
1658.98
1197.8
1224.74
1642.45
994.043
576.762
333.033
198.459
128.131
88.1823
66.0106
57.7904
58.4426
66.2929
84.1248
122.43
190.9
314.567
559.191
979.075
1652.16
1194.34
1224.94
1637.65
988.84
573.201
330.83
199.184
127.66
87.1617
66.7121
57.9156
58.2926
66.0432
84.7603
120.843
188.018
313.098
555.572
993.776
1625.45
1190.82
1224.39
1630.83
987.219
568.582
327.842
195.721
126.794
88.0196
67.3163
58.3943
57.9794
64.8189
85.2596
122.365
190.163
314.304
540.398
989.708
1629.81
1190.17
1221.38
1609.27
979.356
564.301
325.133
197.349
125.017
87.361
65.9522
57.9753
57.7446
65.235
84.9595
120.603
189.153
312.501
541.67
984.408
1624.21
1187.39
1225.18
1640.48
976.072
552.58
320.423
194.23
125.543
86.9336
65.8297
56.7811
56.586
65.4793
84.6516
121.143
187.883
306.115
536.843
978.957
1630.58
1186.18
1217.69
1633.12
968.818
553.797
321.247
193.916
124.58
86.1962
65.6605
56.5388
56.5558
65.1031
84.1348
120.398
187.097
307.2
535.966
971.786
1644.79
1186.92
1217.32
1626.3
968.706
548.644
318.444
192.223
123.613
85.4749
65.0111
56.004
55.8991
63.783
82.6198
119.412
185.846
307.997
538.272
949.937
1639.37
1184.67
1215.48
1600.91
947.136
539.758
312.031
191.078
122.276
83.6823
63.7957
55.1236
55.6119
63.6926
82.7681
118.544
184.502
305.549
534.327
961.785
1615.66
1178.05
1213.25
1607.46
953.678
534.047
310.187
188.49
120.663
83.1238
63.2354
54.7306
55.4696
63.104
82.139
116.525
181.264
302.666
528.246
941.862
1632.36
1175.72
1210.65
1607.45
958.321
530.564
306.693
187.08
119.526
82.1547
62.6541
54.2681
55.0301
62.6506
80.8284
116.328
180.721
300.188
523.647
939.741
1623.81
1170.82
1207.09
1619.17
950.272
526.264
304.004
185.061
118.591
81.4742
62.0469
54.0591
53.8961
62.3982
80.3775
115.573
179.695
294.213
517.861
930.056
1598.67
1169.93
1202.92
1611.51
939.356
523.645
301.411
183.609
117.506
80.6734
61.2571
53.3067
53.4443
61.8767
80.2862
114.513
177.208
292.531
512.846
923.025
1599.51
1165.77
1195.39
1599.97
928.992
517.287
298.683
181.778
116.49
79.9082
60.6125
52.6588
52.5508
60.4361
79.6019
113.815
176.284
288.016
501.244
914.195
1590.14
1163.45
1186.77
1588.83
912.02
510.594
295.648
180.342
115.398
79.0911
59.9586
52.2529
51.8472
59.4279
78.1268
112.722
174.449
284.465
495.694
904.892
1582.55
1158.92
1184.99
1564.67
902.161
504.351
292.581
178.538
114.221
78.2233
59.2093
50.8669
50.7366
58.607
76.9832
111.589
172.819
281.519
487.534
895.989
1573.69
1156.62
1179.8
1574.09
893.687
497.908
288.597
176.591
113.101
77.4256
58.5595
50.2824
49.7772
57.6444
76.0062
110.446
170.812
278.432
481.653
892.783
1563.92
1150.21
1175.69
1545.58
882.895
489.069
284.795
174.631
111.735
76.3207
57.6132
49.4782
49.1149
56.8305
75.1584
109.394
169.581
275.624
474.957
874.276
1556.9
1147.65
1170.27
1541.81
873.063
483.061
281.893
172.965
110.438
75.1914
56.6289
48.6061
48.2112
55.9459
74.0973
108.167
167.876
273.051
471.153
877.247
1554.28
1141.87
1163.71
1538.39
863.113
474.608
277.828
170.721
108.933
73.7629
55.3127
47.6592
47.4905
55.1005
73.1919
106.955
166.194
270.377
466.319
858.569
1558.7
1140.73
1158.18
1524.6
847.296
469.03
275.265
168.788
107.328
72.6045
54.4106
46.7224
46.655
54.2046
72.0916
105.621
164.465
267.423
462.123
863.285
1548.95
1138.84
1149.5
1489.73
834.043
461.159
271.205
166.512
105.635
71.2385
53.3776
45.891
45.8452
53.2741
71.0597
104.371
162.809
264.743
455.218
842.098
1518.53
1136.3
1143.88
1491.72
818.441
454.747
268.27
164.248
103.96
69.9089
52.2482
44.8622
44.8758
52.2755
69.8684
103.126
161.374
261.995
449.011
838.638
1514.65
1133.95
1135.41
1474.09
808.786
448.693
264.399
161.94
102.227
68.6511
51.233
43.9767
43.9707
51.2987
68.6896
101.591
159.449
259.487
443.607
818.391
1500.51
1129.91
1122.66
1456.7
796.686
441.521
260.702
159.46
100.465
67.3167
50.2648
43.0884
43.1379
50.4146
67.5962
100.344
157.776
256.453
437.369
810.564
1488.06
1127.22
1112.77
1443.06
784.794
434.969
256.721
156.986
98.7378
66.087
49.2823
42.277
42.3598
49.5464
66.5781
98.9663
155.937
253.89
432.361
795.5
1472.98
1122.68
1111.15
1428.79
773.227
427.551
252.191
153.952
96.7298
64.6905
48.2119
41.3171
41.4295
48.5711
65.4176
97.5543
154.099
250.902
426.408
781.491
1455.77
1118.96
1107.31
1413.71
761.341
420.914
248.237
151.413
95.0163
63.437
47.2308
40.4904
40.6287
47.7135
64.401
96.2832
152.41
248.239
420.609
769.403
1435.94
1117.47
1102.89
1399.49
748.858
413.16
243.356
148.2
92.8975
61.9817
46.1157
39.5486
39.7355
46.7695
63.2915
94.8514
150.378
245.037
414.318
755.021
1407.79
1108.11
1094.25
1382.37
736.696
405.152
238.607
145.193
90.9242
60.6232
45.0516
38.6298
38.8383
45.7686
62.0585
93.2616
148.117
241.451
407.873
741.95
1394.17
1106.56
1081.47
1364.84
721.765
396.228
233.524
141.911
88.7155
59.0913
43.9158
37.6841
37.9315
44.7577
60.771
91.4847
145.515
237.604
401.134
728.511
1375.12
1087.39
1066.86
1351.48
707.183
386.851
228.007
138.404
86.4298
57.5492
42.7145
36.6425
36.9094
43.5988
59.2995
89.4759
142.646
233.432
394.75
717.373
1359.69
1084.63
1049.55
1333.09
691.268
377.37
222.349
134.739
84.0282
55.9314
41.5399
35.6812
35.9557
42.4316
57.6446
86.9865
139.077
228.497
387.209
704.32
1346.06
1079.24
1029.2
1313.15
674.032
367.201
216.084
130.746
81.5151
54.2769
40.3464
34.683
34.9428
41.2025
55.9518
84.464
135.423
223.236
378.951
691.591
1332.08
1067.23
1009.22
1292.29
657.168
357.168
210.011
126.872
78.9615
52.5666
39.1637
33.7311
33.9706
39.9614
54.1421
81.7038
131.39
217.531
369.596
675.618
1314.56
1057.43
985.741
1268.46
638.051
346.459
203.593
122.76
76.3196
50.8279
37.9467
32.739
32.9679
38.7034
52.3022
78.8238
127.068
211.166
359.229
658.828
1297.05
1044.55
965.253
1243.54
618.177
334.777
196.646
118.426
73.5509
49.0723
36.7786
31.8065
32.007
37.4542
50.4183
75.8306
122.421
204.172
347.949
639.487
1274.54
1014.41
943.007
1215.34
597.627
323.074
189.515
113.706
70.531
47.2152
35.548
30.8234
31.0101
36.187
48.5464
72.8898
117.672
196.523
335.476
618.905
1250.16
996.335
924.795
1184.75
576.538
311.111
181.68
108.615
67.4356
45.3484
34.343
29.8815
30.036
34.889
46.5279
69.6045
112.398
188.03
321.676
595.697
1221.5
978.274
897.408
1150.23
553.794
298.056
173.317
103.229
64.154
43.384
33.0706
28.8859
29.0288
33.574
44.4935
66.2459
106.792
178.955
307.105
570.989
1188.22
950.019
866.072
1112.66
530.112
283.755
163.804
97.3919
60.7617
41.3807
31.7891
27.8911
28.0111
32.219
42.3459
62.6543
100.786
169.067
291.261
544.268
1150.19
921.996
841.413
1070.06
503.421
268.587
154.15
91.4342
57.2767
39.3353
30.4685
26.8638
26.9791
30.867
40.1847
58.8958
94.3042
158.568
274.794
516.928
1110.66
892.624
813.094
1020.99
474.912
252.436
143.979
85.1789
53.6231
37.1973
29.0987
25.8069
25.9207
29.486
37.9928
55.053
87.6149
147.618
257.384
487.076
1063.57
859.161
794.687
969.206
444.993
235.26
133.331
78.8038
49.9644
35.061
27.7146
24.7252
24.8323
28.0726
35.7713
51.167
80.6178
135.902
239.067
455.556
1012.24
847.011
759.597
909.665
411.48
215.878
121.87
72.1639
46.1612
32.8366
26.2794
23.6128
23.7206
26.6387
33.541
47.3327
73.8214
123.879
218.317
417.939
943.535
796.801
725.643
849.611
378.38
196.312
110.111
65.4343
42.3792
30.6294
24.8402
22.4823
22.5803
25.1632
31.2448
43.3526
66.6623
111.396
197.232
379.418
869.056
739.937
691.97
782.221
342.096
175.529
98.0972
58.7459
38.6436
28.4303
23.3995
21.3506
21.4408
23.6926
28.974
39.4578
59.6474
98.6439
174.64
338.37
788.172
671.722
645.785
710.547
305.275
154.964
86.4389
52.198
34.9361
26.2458
21.9745
20.2362
20.3211
22.2503
26.7549
35.6717
52.8763
86.4626
153.293
299.371
706.398
610.279
605.79
635.798
267.449
134.083
74.7466
45.786
31.3875
24.1701
20.6225
19.1808
19.2601
20.8808
24.6552
32.123
46.5723
74.935
132.001
259.054
621.095
559.979
563.386
558.762
229.256
113.689
63.5926
39.7116
28.0485
22.2298
19.3668
18.2049
18.2784
19.6073
22.6909
28.79
40.6407
64.0081
111.793
220.951
537.003
505.454
525.186
481.288
192.753
95.0416
53.6888
34.4535
25.1654
20.5376
18.2605
17.3406
17.4078
18.4788
20.9569
25.8538
35.4138
54.4763
93.9649
185.741
457.229
458.7
467.295
407.652
159.405
78.179
44.9472
29.9033
22.6896
19.0859
17.3117
16.5972
16.655
17.5012
19.4611
23.3356
30.9099
46.1805
78.5691
155.707
388.114
410.685
425.412
338.764
130.357
64.7002
38.2706
26.4457
20.7695
17.9346
16.5463
15.9917
16.0381
16.697
18.2346
21.2905
27.2842
39.4576
65.8392
130.218
329.705
387.564
416.045
283.603
108.022
54.4534
33.2725
23.8307
19.2988
17.0423
15.9474
15.514
15.5482
16.0586
17.2689
19.711
24.5572
34.4827
56.2765
110.051
280.671
379.5
410.742
233.258
91.272
47.1193
29.7072
21.952
18.2245
16.3836
15.5053
15.1619
15.1837
15.5756
16.5278
18.491
22.4492
30.6567
48.8507
94.1779
238.472
379.339
380.264
205.011
82.012
43.0509
27.6234
20.7563
17.4974
15.9262
15.1981
14.9186
14.93
15.2345
15.9974
17.6193
20.9603
27.9848
43.7692
83.5489
207.432
380.764
384.837
185.552
75.7904
39.8974
25.867
19.7412
16.9024
15.5751
14.9817
14.7574
14.7627
15.0011
15.6153
16.9769
19.8719
26.0873
40.2411
76.1874
186.581
385.892
399.073
174.643
72.2985
38.1052
24.8007
19.0794
16.5029
15.3495
14.8605
14.6871
14.688
14.8631
15.3531
16.5064
19.0778
24.7875
38.063
72.2302
174.609
398.107
411.687
163.385
68.1141
35.714
23.3806
18.2657
16.0668
15.139
14.7757
14.6582
14.6586
14.7793
15.1476
16.086
18.3058
23.4698
35.9317
68.6833
164.654
411.466
419.685
155.648
64.9905
33.8006
22.257
17.6467
15.7578
15.0081
14.7308
14.6508
14.6506
14.731
15.0031
15.7461
17.6214
22.2088
33.7183
64.8482
155.489
419.263
432.8
147.779
60.5971
31.1291
20.7702
16.8797
15.403
14.8728
14.7046
14.6513
14.6511
14.7051
14.8773
15.4165
16.9089
20.8343
31.2891
61.0645
148.933
432.923
439.774
141.004
56.5388
28.7404
19.5346
16.3054
15.1751
14.8032
14.698
14.6675
14.6674
14.698
14.8027
15.1664
16.2851
19.4894
28.6325
56.3067
140.614
439.769
450.916
133.375
51.0628
25.7488
18.1006
15.6894
14.957
14.7626
14.7045
14.6928
14.6928
14.7044
14.7626
14.9612
15.711
18.1458
25.8423
51.3268
133.813
450.102
456.981
123.56
44.731
22.7448
16.8639
15.2617
14.8649
14.7554
14.7302
14.726
14.726
14.73
14.7554
14.8628
15.2531
16.8361
22.6591
44.6115
123.469
457.231
464.018
108.853
36.4426
19.4661
15.7215
14.9544
14.8
14.7644
14.76
14.7601
14.7602
14.76
14.7651
14.8014
14.9675
15.7615
19.4821
36.5836
108.957
463.521
468.727
83.7045
26.2654
16.4985
15.097
14.8637
14.803
14.7974
14.7981
14.7984
14.7983
14.7978
14.7964
14.8019
14.8759
15.1848
16.7799
26.4854
83.5438
468.703
473.426
41.7838
17.6357
15.3485
14.9255
14.8445
14.8369
14.8367
14.8364
14.8362
14.8362
14.8359
14.8343
14.8248
14.7891
14.7149
14.7205
16.6256
41.8086
473.525
702.311
1037.66
639.796
368.032
212.585
128.452
84.6174
62.5021
51.0552
46.1286
45.9202
50.6831
61.9532
85.1554
129.187
213.505
367.113
635.4
1032.11
687.964
699.76
1034.58
635.877
365.166
211.507
127.719
83.2435
62.207
50.8132
45.7274
45.1927
49.9381
60.7846
84.7684
128.34
212.213
363.981
630.965
1028.37
681.067
698.688
1031.28
631.5
362.117
210.718
127.091
84.4017
62.1622
50.3412
46.1191
45.606
50.6962
61.8431
84.7479
127.392
211.106
361.296
627.333
1026.27
684.407
690.234
1017.91
616.709
352.264
209.524
124.49
84.007
61.5416
50.8659
46.1559
45.8961
50.6382
61.0741
84.5291
124.42
206.428
350.476
613.845
1015.18
686.232
693.281
1021.01
624.869
355.295
209.304
126.807
83.805
62.0971
50.4427
45.7072
45.3428
50.5093
62.1839
84.7726
127.491
213.755
358.323
623.121
1021.26
684.133
693.339
1021.16
628.818
355.888
205.905
124.864
82.9553
61.5775
50.9974
46.4078
46.119
49.9457
61.9319
84.4069
124.33
213.844
366.267
632.935
1008.33
690.521
697.874
1027.26
617.844
360.437
212.326
128.797
83.6788
62.6928
50.7111
46.368
46.1069
50.4759
61.7187
84.4191
127.255
212.88
356.632
623.366
1020.03
687.301
697.26
1023.89
629.642
355.774
212.063
128.896
85.0986
62.9594
51.4661
46.5037
46.0137
49.7115
60.6042
84.0016
124.352
212.457
369.485
640.781
1027.49
694.434
695.58
1010.18
617.473
356.456
211.493
128.42
84.74
62.7498
50.9021
46.3711
45.639
50.1357
61.2116
84.0772
126.589
211.38
360.896
637.258
1015.66
693.782
692.513
1017.49
627.191
366.511
211.488
127.987
83.4632
62.4691
51.3075
46.3696
46.3135
50.6942
60.1443
83.6631
123.777
207.18
371.122
628.405
1025.83
693.183
699.961
1016.77
636.29
364.924
210.117
125.885
84.829
61.8113
50.7409
46.3169
46.2792
50.7804
61.1729
83.693
126.621
211.771
370.136
643.417
1036.47
702.565
693.587
1026.64
635.652
362.481
208.723
127.077
84.6218
62.2417
51.0786
45.8252
46.043
50.2411
61.8971
83.1797
123.323
210.045
366.34
632.104
1035.12
697.692
699.36
1024.92
632.228
352.092
203.314
124.596
84.1732
61.6657
50.673
45.9582
45.6259
50.7142
61.7608
82.0935
124.689
205.029
357.897
643.223
1034.95
705.994
703.406
1018.31
630.375
355.411
204.914
125.156
83.2538
61.6505
51.0884
46.1912
45.6619
50.5757
61.6655
83.5249
126.594
209.497
365.102
640.513
1026.01
706.723
699.692
1031.32
618.843
354.745
203.97
124.766
83.4163
62.1718
51.0023
46.0841
45.4787
49.854
60.586
81.7008
125.712
208.076
355.766
630.434
1042.32
704.894
704.866
1031.03
626.879
361.431
205.817
125.416
83.2069
61.4038
50.7174
45.6323
45.4807
49.9469
60.844
82.0679
124.681
206.657
361.279
640.579
1041.45
700.659
700.078
1028.41
634.345
353.364
208.3
126.678
83.2457
61.5319
50.305
46.0485
45.6908
49.7929
60.6789
81.686
123.578
200.84
349.53
637.889
1039.61
707.99
707.864
1026.63
631.602
362.616
207.618
126.056
83.1533
61.6634
50.9523
46.0679
45.3124
49.8884
61.0191
82.1829
121.5
205.703
358.808
627.3
1035.84
707.329
705.187
1014.33
617.454
359.196
202.483
123.432
83.5667
62.0317
50.8469
45.9976
45.904
50.186
61.5895
83.2573
123.759
201.117
363.583
634.26
1028.18
705.382
709.733
1018.1
620.425
352.774
204.161
124.945
82.7484
61.338
50.2519
45.4729
45.7589
49.3297
61.3967
83.011
121.621
202.37
354.914
640.409
1036.14
697.887
707.501
1018.9
618.434
360.374
205.466
126.488
84.3103
62.137
50.9593
46.0466
45.7995
49.893
61.2205
82.783
124.471
205.473
359.507
638.5
1045.73
699.283
705.646
1028.96
622.363
354.04
208.348
126.169
83.9804
61.2695
50.2963
45.4327
45.2349
50.2282
60.9438
82.2611
123.398
200.783
362.828
626.05
1043.38
700.143
699.861
1028.95
634.295
360.587
208.045
125.296
83.7241
61.64
50.6584
45.7364
45.3821
50.0428
59.9307
80.582
122.608
204.367
360.982
627.848
1033.96
697.943
702.689
1027.32
632.172
351.408
206.422
124.214
83.2174
61.9619
50.9124
46.0069
45.5779
49.9939
60.2222
80.9832
119.734
198.873
352.059
623.591
1043.14
692.101
701.761
1026.44
629.461
358.613
205.623
122.564
82.6857
61.7285
50.3133
45.9011
45.0419
49.3949
60.186
81.6304
120.356
198.769
352.938
623.761
1041.97
691.294
698.882
1023.66
625.986
349.714
203.933
119.887
81.118
61.4165
50.6757
45.9258
45.5301
49.7482
60.1266
81.499
121.148
196.784
349.911
624.484
1039.37
690.614
694.227
1022.24
622.591
355.617
203.039
120.324
81.3098
61.2342
50.4997
45.8027
44.9937
50.0255
60.4916
81.0725
120.607
196.339
348.381
629.353
1029.12
688.432
701.942
1018.92
612.433
346.943
197.531
119.458
80.9065
60.4647
49.812
45.6922
45.2253
49.9638
60.2414
80.4962
119.846
197.186
345.455
625.573
1038.76
682.285
707.318
1010.32
624.419
353.88
199.914
119.775
81.1436
60.8481
49.9902
45.6909
45.5794
49.8291
59.3682
80.1786
117.411
193.129
343.417
620.562
1026.9
681.068
706.937
1021.62
620.737
344.94
200.966
119.823
81.7549
61.2974
49.89
45.2351
45.4829
49.7929
59.4716
79.2452
119.527
195.875
341.505
616.111
1028.56
680.414
705.809
1011.05
616.829
346.484
200.184
120.342
81.0263
61.2222
49.8525
45.6395
45.098
49.6347
59.327
79.3195
118.73
191.769
339.491
608.527
1025.49
679.119
704.926
1019.99
605.564
345.565
198.506
121.565
81.9574
61.157
49.7977
45.6521
45.6166
49.3821
59.4998
78.9686
118.239
192.044
338.642
600.628
1028.24
673.429
699.245
1017.78
614.922
349.319
194.05
118.92
81.4238
61.0292
49.7017
45.4939
45.6249
50.0888
60.0056
78.8726
116.335
191.082
340.175
603.38
1034.19
672.329
700.072
1014.38
602.853
346.797
197.861
120.621
81.1349
60.8707
49.6563
45.0127
45.1257
49.9444
59.9202
79.0806
117.613
191.098
343.724
605.014
1032.26
670.228
699.65
1003.71
611.088
339.188
195.79
118.057
79.6471
60.7318
49.8821
45.6497
45.5136
49.8273
59.2525
78.8824
116.994
189.757
341.866
611.594
1029
669.013
697.811
1012.56
599.876
338.224
194.207
118.989
80.6532
60.6546
50.2103
45.5571
45.3824
49.7567
59.859
79.4739
114.834
189.728
333.334
597.799
1017.98
668.319
693.483
1000.95
605.77
335.624
189.592
116.424
80.1564
60.4185
50.0876
45.397
44.7848
49.4704
59.6381
79.3997
115.831
192.22
338.314
607.259
1028.34
670.126
691.028
1007.07
595.039
333.444
192.366
118.097
79.1661
59.526
49.8292
45.205
44.7806
48.863
58.8849
79.0145
116.598
190.913
335.427
594.868
1018.65
672.577
691.23
997.745
603.185
331.666
190.942
115.971
79.7144
59.6651
49.6853
44.7357
44.9239
48.879
58.8118
78.5569
115.795
189.181
328.528
600.733
1026.99
668.293
687.635
1007.24
593.821
327.412
186.798
116.783
78.7405
59.3213
49.5731
45.0706
44.829
48.7139
58.5198
77.279
113.157
187.804
332.686
606.582
1024.81
672.745
689.403
1019.3
594.182
324.092
186.323
115.084
78.5835
59.1958
49.0426
44.5132
44.2705
48.7209
58.6134
77.5612
113.09
183.006
323.528
603.508
1021.31
666.83
688.97
1017.21
588.947
319.225
186.136
115.424
78.739
59.3461
49.2175
44.644
44.2647
48.4739
58.3012
77.1639
113.007
184.497
328.848
600.959
1011.75
671.925
687.21
1016.38
586.956
318.981
182.489
113.432
78.2083
59.0419
49.0016
44.4358
43.7262
48.0974
57.8637
76.5144
111.876
179.813
319.739
598.4
1025.58
676.24
685.124
1014.19
583.025
314.643
183.829
113.965
77.6361
58.1313
48.3185
44.2191
43.6666
47.765
57.4677
75.9167
109.815
181.278
319.738
594.749
1014.9
675.214
683.049
1011.99
579.522
315.063
180.261
111.762
76.3596
57.9069
48.3212
44.0533
43.6774
47.194
56.5598
74.8116
109.085
177.297
316.29
591.13
1025.16
672.248
676.679
1008.4
574.963
316.983
179.97
111.216
76.2927
57.5068
48.0245
43.4684
43.3972
46.8215
56.3483
74.4113
108.155
177.043
315.694
585.954
1021.43
667.519
673.888
1005
572.463
309.532
175.805
109.849
75.535
57.1302
47.7318
43.2412
42.8518
46.5321
55.7767
73.7835
107.006
172.46
311.718
580.809
1008.75
669.094
670.604
1001.7
562.34
310.593
174.867
108.727
74.8414
56.7655
47.4595
42.9406
42.5992
46.2589
55.4951
73.099
105.928
171.539
302.893
568.017
1013.38
662.177
667.245
998.627
559.112
303.56
172.403
107.61
74.3394
56.3477
46.8249
42.5182
42.1634
45.9265
55.0939
72.4108
104.73
168.681
299.811
565.413
1017.58
661.879
663.976
994.461
552.948
299.524
170.51
106.479
73.649
55.8382
46.307
42.0854
41.6656
45.4747
54.5409
71.7407
103.58
165.605
293.971
558.345
1013.62
661.006
660.626
989.701
547.815
295.498
168.131
105.56
72.8976
55.29
45.9066
41.5647
41.2466
44.978
53.9585
70.9158
102.561
163.874
290.206
551.386
1008.11
658.018
657.994
976.238
541.59
291.098
166.608
104.353
72.1407
54.6935
45.3951
41.1598
40.7897
44.4699
53.3358
70.3215
101.413
161.454
285.644
544.704
994.266
652.315
654.324
982.08
536.209
287.272
164.553
103.317
71.5553
54.2263
44.8747
40.6504
40.3731
44.0593
52.9095
69.7267
100.508
159.539
281.247
536.787
1004.49
648.903
651.503
968.564
529.703
283.151
162.295
102.218
70.791
53.6542
44.4731
40.2802
39.9518
43.6004
52.3856
69.0471
99.4504
157.278
276.876
531.816
998.943
646.484
647.668
975.629
522.925
279.383
160.389
101.278
70.141
53.0923
43.9381
39.7949
39.5228
43.1829
51.9411
68.4691
98.5685
155.587
273.27
524.664
982.75
643.454
644.647
961.881
514.981
275.27
158.465
100.338
69.5296
52.5538
43.4597
39.3835
39.1204
42.7588
51.4422
67.8623
97.5982
153.744
268.703
519.534
986.876
637.811
640.206
965.087
508.085
270.679
156.315
99.3143
68.7741
51.9099
42.8822
38.8771
38.6539
42.3126
50.9581
67.2302
96.6307
151.825
264.825
510.191
969.457
631.526
636.772
958.303
501.2
267.052
154.687
98.3147
68.0163
51.2404
42.2841
38.3227
38.1706
41.85
50.4573
66.6133
95.7144
150.044
260.628
504.188
966.501
624.712
631.344
941.084
494.162
262.404
152.613
97.2547
67.212
50.5994
41.7038
37.7766
37.6722
41.3763
49.9633
65.9966
94.7694
148.173
256.234
493.881
964.592
617.403
625.684
945.473
487.343
258.462
150.677
96.1331
66.4281
49.9602
41.1783
37.3055
37.2124
40.9127
49.4652
65.3717
93.8358
146.33
251.817
485.798
956.854
609.957
620.668
927.803
481.332
254.319
148.753
95.0486
65.6313
49.2909
40.5631
36.7414
36.6925
40.4028
48.9153
64.6845
92.8001
144.465
248.107
477.006
937.499
601.9
615.397
934.854
475.05
250.616
146.699
93.814
64.7617
48.5894
39.9587
36.1851
36.1655
39.8622
48.3085
63.9464
91.7511
142.581
244.163
469.425
932.219
598.262
611.954
917.246
467.265
246.317
144.473
92.5086
63.8779
47.892
39.3514
35.6258
35.6066
39.2687
47.6206
63.0872
90.5387
140.515
240.232
462.044
919.239
594.722
607.275
909.999
459.798
242.238
142.147
91.0435
62.8592
47.1218
38.72
35.0591
35.0436
38.6565
46.9082
62.2128
89.3423
138.544
236.344
454.634
912.005
592.107
602.043
896.29
452.068
237.979
139.794
89.5564
61.8586
46.3757
38.1095
34.5044
34.4867
38.0357
46.1495
61.2211
87.9796
136.416
232.284
446.651
902.8
587.597
595.854
885.792
443.663
233.276
137.167
87.8785
60.7035
45.5605
37.4744
33.943
33.9165
37.3878
45.367
60.216
86.6081
134.377
228.6
439.343
893.134
584.817
588.787
872.393
434.571
228.363
134.614
86.3254
59.6511
44.7906
36.8566
33.3778
33.3324
36.7176
44.5317
59.1247
85.1105
132.039
224.257
431.364
882.25
578.778
580.795
859.9
424.88
222.793
131.526
84.4618
58.4379
43.9472
36.2069
32.8062
32.7491
36.0382
43.6711
57.9813
83.5714
129.782
220.084
422.975
871.458
574.489
574.037
849.112
414.653
216.917
128.272
82.5145
57.1981
43.0926
35.5473
32.2213
32.1504
35.3418
42.7749
56.7851
81.9467
127.373
215.662
414.738
858.444
568.226
568.067
834.297
402.801
210.612
124.86
80.4741
55.8681
42.1608
34.8405
31.6089
31.5346
34.6318
41.8702
55.5576
80.2154
124.719
210.798
405.277
847.191
562.56
555.097
819.021
390.131
203.581
121.16
78.248
54.4223
41.1706
34.0872
30.9551
30.8783
33.8778
40.9133
54.2519
78.2928
121.665
205.401
395.496
835.559
553.251
538.925
802.278
377.163
196.139
116.979
75.7916
52.885
40.1228
33.2964
30.2784
30.2063
33.1059
39.9142
52.8449
76.2194
118.464
199.71
384.212
819.411
543.27
524.444
784.927
363.59
188.644
112.801
73.2374
51.2356
38.9909
32.4384
29.5423
29.4786
32.2757
38.8425
51.3303
73.9679
114.929
193.476
372.477
802.472
533.842
510.045
763.408
349.503
181.383
108.583
70.5664
49.49
37.7991
31.5484
28.7849
28.729
31.4089
37.6891
49.6371
71.3806
110.866
186.554
359.91
786.106
524.363
499.149
739.283
334.713
173.562
104.023
67.7494
47.6549
36.5289
30.5868
27.9658
27.926
30.4923
36.4753
47.8519
68.6047
106.453
179.166
345.85
762.107
510.183
480.153
709.992
317.98
165.516
99.1363
64.6355
45.6665
35.1784
29.5754
27.1052
27.0759
29.5121
35.177
45.9407
65.6121
101.663
171.076
330.113
737.723
493.589
463.684
677.159
299.975
156.671
93.875
61.3105
43.5176
33.712
28.482
26.1826
26.1704
28.4703
33.7906
43.875
62.3148
96.2888
161.932
311.901
704.679
475.327
444.36
639.521
279.996
146.61
88.0409
57.7539
41.2687
32.1843
27.3346
25.2068
25.2085
27.3633
32.3194
41.6838
58.8169
90.5604
152.008
291.741
667.457
449.526
421.618
597.107
259.227
136.029
81.9414
54.0086
38.8706
30.5537
26.1129
24.1691
24.1845
26.1788
30.7315
39.3059
54.966
84.0703
140.732
269.48
621.916
420.978
398.732
552.187
237.962
125.049
75.5051
50.1082
36.4208
28.8887
24.8543
23.0926
23.1205
24.9526
29.1051
36.8799
51.019
77.3373
128.887
245.973
571.125
388
375.261
504.877
216.816
113.989
68.9646
46.1103
33.8821
27.1553
23.5517
21.983
22.0204
23.677
27.4053
34.355
46.9601
70.3952
116.476
221.165
516.487
352.661
354.164
457.693
195.327
102.642
62.4248
42.2015
31.4035
25.4504
22.2583
20.8755
20.92
22.401
25.712
31.8429
42.8932
63.4236
103.993
196.401
460.871
326.159
337.92
410.1
173.364
91.1566
55.9802
38.3996
28.9793
23.7756
20.9931
19.7944
19.8436
21.148
24.0516
29.4005
38.9953
56.7454
91.9849
173.455
408.908
314.904
327.469
363.354
152.897
80.617
49.994
34.7949
26.674
22.1954
19.8048
18.7788
18.8301
19.966
22.4812
27.1005
35.3652
50.6751
81.2315
152.141
359.168
302.548
315.333
318.736
133.542
71.0193
44.659
31.592
24.6164
20.78
18.7351
17.8599
17.9095
18.8923
21.0646
25.0461
32.1589
45.3409
71.8779
133.965
314.635
292.986
300.638
276.461
116.157
62.5841
39.9498
28.7856
22.8352
19.5597
17.8118
17.0624
17.1041
17.946
19.8169
23.26
29.4297
40.9028
64.1457
118.481
278.31
294.813
299.06
244.607
102.869
56.2978
36.4034
26.6183
21.4229
18.5711
17.0539
16.403
16.4335
17.1512
18.7608
21.7473
27.143
37.1875
57.4776
104.796
247.706
302.891
307.359
218.393
92.4134
51.1451
33.5227
24.8721
20.2814
17.7718
16.445
15.8767
15.8969
16.5088
17.8972
20.4998
25.2492
34.1741
52.2776
94.1014
220.278
308.131
320.552
200.247
86.9427
48.3026
31.6921
23.6235
19.4123
17.1514
15.9756
15.4762
15.488
16.0116
17.2197
19.5219
23.7898
31.9348
48.6763
87.6548
202.358
322.926
332.318
185.752
81.6805
45.4182
29.9043
22.4684
18.6511
16.6381
15.6101
15.1786
15.1854
15.6309
16.6794
18.723
22.5905
30.1141
45.7635
82.1705
186.598
333.606
349.482
176.231
78.4137
43.3849
28.5319
21.5435
18.0352
16.2329
15.3376
14.9694
14.9718
15.3447
16.2459
18.0553
21.5697
28.5582
43.3768
78.2977
176.03
349.791
361.278
166.027
74.5142
41.0743
27.0524
20.5934
17.4391
15.8718
15.1214
14.8221
14.8232
15.1253
15.8799
17.4569
20.6324
27.1433
41.2823
74.9597
166.732
360.179
379.26
160.504
71.6326
38.9102
25.5993
19.6734
16.8857
15.5602
14.956
14.7247
14.7243
14.955
15.5565
16.8771
19.6538
25.5584
38.8267
71.4595
160.276
378.44
391.416
153.166
67.5351
36.2251
23.9458
18.6975
16.3387
15.2782
14.8252
14.6681
14.6684
14.8271
15.2818
16.3469
18.718
24.0008
36.3806
67.9684
154.193
393.088
409.455
148.927
63.6283
33.4389
22.2585
17.7428
15.8383
15.0454
14.7394
14.6446
14.6444
14.7389
15.0432
15.8312
17.7268
22.2198
33.3406
63.3618
148.232
408.185
423.305
142.097
58.183
30.1013
20.4356
16.8034
15.3972
14.8714
14.7012
14.6414
14.6416
14.7023
14.8747
15.4024
16.8173
20.4714
30.2067
58.5044
142.835
424.049
437.566
134.464
51.7045
26.4495
18.6151
15.9603
15.0566
14.7855
14.6954
14.67
14.67
14.6953
14.7849
15.0552
15.955
18.5924
26.3861
51.5288
134.055
437.204
450.472
120.66
42.7805
22.3093
16.8648
15.3159
14.8838
14.7606
14.7229
14.7154
14.7157
14.7237
14.763
14.8882
15.323
16.885
22.3619
42.9291
121.019
450.571
461.288
95.4181
31.1737
17.9631
15.4574
14.9179
14.8073
14.7717
14.7678
14.7685
14.7685
14.7682
14.7725
14.8087
14.9175
15.4517
17.9427
31.1251
95.2377
461.428
471.169
47.577
18.2615
15.5558
14.9899
14.8533
14.8217
14.825
14.8268
14.8272
14.8272
14.8267
14.8248
14.8217
14.8531
14.9878
15.5436
18.2269
47.606
471.095
262.27
350.311
218.537
135.703
88.1883
61.1815
46.3691
38.3348
34.1137
32.3473
32.5061
34.5785
39.1317
47.5537
62.5423
89.3426
136.623
218.061
345.636
262.094
262.498
350.088
216.808
134.073
88.0854
61.0787
46.2748
38.2703
34.0607
32.2839
32.465
34.5244
39.0412
47.4316
62.3585
89.1425
136.321
218.145
344.427
261.185
263.14
350.158
217.672
136.115
88.381
61.0181
45.9199
38.1619
33.9115
32.1961
32.4251
34.4663
38.8001
47.305
62.1807
88.8736
134.821
218.321
345.686
261.902
264.064
349.873
218.027
135
88.3296
60.5551
46.1103
38.0388
33.933
32.215
32.3563
34.3869
38.9466
46.9615
61.4387
88.6584
136.238
218.359
346.077
261.911
264.493
351.126
219.323
137.414
88.6128
61.1827
45.9064
38.0751
33.988
32.2791
32.4431
34.4709
38.9265
47.1508
61.522
88.3516
134.679
218.021
346.395
262.098
264.271
349.934
216.672
137.163
88.4605
61.1348
46.0139
38.0854
33.9716
32.2739
32.4449
34.456
38.8188
47.0885
61.3778
87.5315
135.009
217.698
345.162
261.15
263.936
351.674
219.544
137.274
88.2915
60.9911
46.1898
38.2099
33.8735
32.2003
32.4269
34.3689
38.9965
46.8698
61.5563
87.9874
135.191
216.45
345.369
260.862
263.726
351.601
221.157
137.09
88.0676
60.694
45.8192
38.1809
33.9372
32.2858
32.4514
34.4532
39.0732
47.1967
60.7985
86.8657
136.416
218.214
345.558
261.106
263.181
351.286
220.989
136.767
87.2006
60.4717
46.1933
38.2631
34.0587
32.3159
32.4716
34.564
39.1108
47.3208
61.3246
87.9379
136.328
218.122
344.938
260.155
263.477
349.939
220.735
135.359
88.3183
60.9411
46.1407
38.2383
34.0529
32.2998
32.4492
34.5425
39.0766
47.3309
61.6389
88.6773
135.119
217.849
345.537
260.855
263.049
351.555
220.703
136.621
88.2786
60.6614
45.7043
38.0497
34.0181
32.2831
32.4106
34.4928
39.0245
47.2999
62.0576
88.1373
136.448
217.648
346.368
261.013
263.551
351.041
220.302
134.888
87.4173
60.9813
46.1381
38.26
34.0348
32.2807
32.3158
34.3451
38.9097
46.8577
61.4763
89.0921
136.238
216.963
345.992
261.333
262.513
349.485
219.928
137
88.3546
60.5699
46.2946
38.1607
33.9157
32.2887
32.4367
34.3993
38.7877
46.9228
61.6466
89.1181
134.938
214.748
345.085
260.968
262.554
350.474
218.55
136.556
88.1039
60.6063
46.111
38.357
34.0346
32.3198
32.4554
34.5072
38.8471
46.917
61.7353
89.2498
136.55
216.837
345.556
261.316
262.767
351.446
221.115
135.446
87.1633
60.6935
46.423
38.4374
34.1507
32.3336
32.4456
34.5174
38.9338
47.0538
62.1865
89.2767
136.433
218.322
346.08
261.523
262.664
350.444
221.102
137.551
87.7234
61.1092
46.3852
38.4194
34.1557
32.3251
32.4099
34.4496
39.0946
47.2981
61.6633
89.1464
134.753
217.093
346.829
261.045
263.838
352.335
220.824
137.316
87.8269
60.6449
46.2228
38.3872
34.1408
32.3223
32.3174
34.5448
39.0694
47.1806
62.4994
89.4244
136.228
219.111
346.816
260.611
263.626
352.139
218.886
136.838
88.2209
61.1885
46.4197
38.3558
34.1012
32.319
32.3894
34.5619
39.0992
47.3537
62.3975
89.3255
137.484
219.173
346.608
260.073
263.655
352.094
219.435
135.385
86.9987
60.4386
46.0078
38.257
34.0796
32.3106
32.4676
34.5463
38.9154
47.3
62.1913
89.0703
137.473
219.093
345.61
260.609
263.483
351.843
219.749
135.661
87.2957
60.6215
46.0836
38.121
33.9421
32.2019
32.4394
34.5457
39.0155
46.9088
61.3863
87.7884
137.106
218.973
347.128
260.589
263.389
351.604
220.957
135.521
87.3654
60.6708
46.0951
38.1246
34.007
32.2557
32.4349
34.5296
39.0454
47.1222
61.7714
88.35
136.823
218.871
346.806
260.798
262.682
350.672
220.729
135.307
87.8937
61.0223
46.2528
38.1868
33.9846
32.1795
32.3918
34.4846
39.0237
47.3422
62.1743
88.9338
136.272
218.467
345.859
261.036
262.453
351.484
220.584
135.297
87.7215
60.8665
45.9535
37.9496
33.8372
32.1796
32.3
34.3383
38.821
46.9901
61.5672
88.7931
134.795
218.006
347.174
261.696
262.266
351.159
220.37
135.788
86.8271
60.2276
46.2671
38.1348
33.9504
32.2353
32.3954
34.4844
39.0631
47.4479
62.3849
88.7966
134.999
216.363
346.992
262.477
261.138
349.648
220.035
133.934
87.4936
60.8209
46.3141
38.2496
33.9835
32.1384
32.2664
34.3097
38.8328
47.0705
62.2235
88.6755
135.197
216.957
346.051
262.405
261.672
350.681
220.075
135.514
86.8646
60.8234
46.2394
38.06
33.852
32.104
32.264
34.3312
38.9702
47.3212
62.0692
88.3284
135.729
217.782
346.198
262.299
261.961
350.361
219.718
136.575
87.6687
60.3153
46.1182
38.1447
33.8936
32.082
32.2223
34.2674
38.8777
47.2178
61.8289
86.939
134.317
216.33
345.924
261.634
261.979
350.022
217.81
135.91
86.6377
60.3538
46.0629
38.1162
33.7833
32.0427
32.1935
34.2037
38.6087
46.8332
61.3969
87.9691
135.304
218.545
346.815
262.108
262.031
349.244
219.874
134.684
86.7578
60.6228
45.9931
38.1019
33.8703
32.0602
32.1992
34.2202
38.6745
47.0097
61.5886
88.5701
134.949
218.388
347.722
262.096
261.475
350.569
219.821
135.402
87.0088
60.5
45.603
38.0542
33.7588
32.0807
32.2356
34.2683
38.7237
46.7456
61.7795
88.2978
135.92
218.016
347.666
262.026
261.821
350.339
219.398
136.181
87.5959
60.0941
45.7894
38.0682
33.7703
32.003
32.2073
34.1404
38.5784
46.9676
61.6077
87.0836
134.184
215.993
347.334
262.066
262.334
349.288
217.43
135.761
87.3927
60.579
46.0172
38.0586
33.7837
32.0751
32.2126
34.2618
38.7436
46.7019
61.1806
87.2513
134.664
216.413
346.832
261.693
262.099
350.291
218.17
134.408
86.2069
59.8087
45.6114
37.8662
33.806
32.0443
32.1726
34.1335
38.7357
46.97
61.6354
87.3837
135.101
215.998
346.394
261.4
261.641
349.853
218.999
135.464
87.0004
60.1984
45.8584
38.0069
33.8027
32.0098
32.1423
34.2001
38.6909
46.8871
61.6
87.9476
133.88
216.456
347.78
260.379
261.503
348.349
218.54
134.982
85.9919
60.5186
46.0799
37.8395
33.6414
31.8719
32.0853
34.1534
38.5996
46.7343
60.9361
87.7674
135.088
217.472
347.709
259.958
260.383
348.564
218.073
133.628
86.7426
60.4996
46.0717
37.9039
33.691
31.8567
31.9762
33.9996
38.5019
46.6382
61.2105
87.3731
133.337
216.989
347.459
259.639
260.533
348.968
217.706
134.351
85.8116
59.8137
45.987
37.9804
33.716
31.8972
32.0518
34.0548
38.4011
46.1674
60.4461
87.1064
133.768
216.466
347.069
259.215
259.718
348.471
216.969
132.817
85.8445
60.1063
46.0274
37.9502
33.5887
31.9121
32.0241
34.0156
38.3604
46.2024
60.5076
86.1637
132.912
214.796
346.874
259.157
259.914
347.254
216.227
134.008
85.8784
60.3916
46.0148
37.7916
33.6519
31.8501
31.9016
33.8699
38.1654
46.0953
60.6965
86.6562
132.905
216.252
346.123
258.764
259.249
347.478
213.754
132.519
85.8374
60.3544
45.9915
37.8818
33.7874
31.9613
31.9546
33.9442
38.2313
45.9842
60.4214
86.3716
132.489
215.799
346.798
258.473
259.502
347.811
214.39
133.425
86.278
60.2591
45.943
37.9812
33.8027
31.9647
31.9895
33.9215
38.1875
45.8769
59.6373
85.3471
131.943
215.191
346.536
258.028
259.32
347.29
214.167
133.017
85.9694
60.0837
45.8383
37.8117
33.7658
31.9456
31.8991
33.8736
38.1042
45.9802
59.7234
85.7562
131.573
213.643
345.321
258.308
258.883
346.816
214.866
132.521
84.8787
59.4471
45.5603
37.9355
33.7836
31.899
31.9725
33.8545
37.9685
45.9009
59.8231
85.5361
131.389
214.527
346.314
257.854
258.468
346.198
214.006
131.913
85.3345
59.8411
45.7888
37.8349
33.703
31.941
31.9451
33.7593
37.9373
45.7379
59.0256
85.1511
131.018
213.83
345.96
258.557
257.781
344.687
211.678
130.174
84.9697
59.7177
45.7706
37.9614
33.7956
31.9299
31.8862
33.8521
38.0084
45.7081
59.2866
84.8729
131.13
211.749
344.276
258.104
257.382
345.003
211.526
130.514
84.6424
59.5239
45.689
37.8259
33.7434
31.9895
32.0157
33.8497
37.8327
45.5475
59.2858
83.6616
130.527
211.881
344.521
257.827
257.343
344.352
211.552
129.046
84.2321
59.3374
45.6198
37.9549
33.7643
32.0841
32.1204
33.9193
37.9493
45.2843
58.7837
83.3438
128.958
211.859
343.951
256.973
256.885
343.476
209.541
129.589
83.2832
58.6991
45.2798
37.8928
33.7855
32.0885
32.1285
33.9079
37.8583
45.4841
58.9605
83.4722
128.69
211.174
343.557
256.657
256.518
341.592
210.416
129.09
83.2156
58.7811
45.3792
37.8574
33.8171
32.0525
32.1301
33.9245
37.9509
45.3948
58.7041
82.3709
127.952
209.193
342.875
256.089
256.056
341.815
209.654
128.394
83.1889
58.8421
45.4795
37.8862
33.886
32.1361
32.1367
33.9
37.8843
45.2435
58.2103
82.837
127.909
209.062
342.255
255.679
255.506
341.452
207.458
126.571
82.6822
58.607
45.4107
38.015
33.9751
32.1403
32.1315
33.8785
37.8445
45.1598
58.1249
82.3867
127.115
206.705
341.547
255.107
255.427
342.04
206.96
125.973
81.6732
58.2949
45.2792
37.9625
33.9466
32.1148
32.123
33.7786
37.7641
45.0273
57.8817
81.8461
125.608
206.591
340.857
254.511
255.026
341.429
205.688
125.116
81.338
58.0906
45.1599
37.8049
33.8418
32.121
32.086
33.8304
37.6169
44.9258
57.882
81.4579
125.452
205.287
340.229
253.488
254.973
340.657
204.521
123.84
80.7313
57.5446
44.8705
37.8493
33.8998
32.1861
32.1445
33.84
37.6895
44.7833
57.6377
80.9046
124.73
204.359
340.394
253.089
254.119
339.865
203.795
123.262
80.2687
57.3701
44.8408
37.8345
33.9499
32.1698
32.0517
33.7151
37.5149
44.5998
57.0448
80.3076
123.039
203.961
338.858
252.903
253.563
337.95
201.652
121.982
79.9765
57.1991
44.7955
37.7443
33.93
32.1249
32.0825
33.7571
37.5135
44.4555
56.7999
79.2772
122.12
202.799
339.684
253.094
252.56
337.602
201.234
121.54
79.0523
56.8653
44.6674
37.6742
33.9085
32.1764
32.1264
33.6709
37.4276
44.1454
56.3628
78.741
120.803
200.701
338.921
252.988
251.961
337.26
200.378
120.298
78.4799
56.5365
44.398
37.6079
33.879
32.0994
32.1181
33.7166
37.3023
44.0001
56.0317
78.0907
119.716
199.27
338.075
252.766
251.299
335.039
199.012
119.436
77.9002
56.2598
44.2718
37.5334
33.7988
32.1425
32.0896
33.6222
37.3026
43.9489
55.7197
77.1949
118.512
197.768
335.737
252.147
250.385
334.846
196.3
118.151
77.1913
55.6763
44.0428
37.4269
33.7539
32.0972
31.9929
33.5762
37.2243
43.7901
55.3343
76.6843
117.534
196.334
334.965
251.471
249.834
333.74
195.051
117.017
76.5523
55.3645
43.8531
37.3116
33.6851
32.0602
31.9939
33.533
37.0247
43.453
54.9818
76.0431
116.441
194.898
333.607
250.854
249.277
331.277
193.298
115.653
75.8192
55.0304
43.6682
37.1924
33.5972
31.9266
31.9243
33.4559
36.9224
43.2783
54.5988
75.3944
115.297
193.359
332.481
250.217
248.694
330.714
191.727
114.556
75.1037
54.6677
43.4413
37.0634
33.4985
31.8639
31.8008
33.2955
36.702
42.9863
54.1382
74.7175
114.218
191.689
331.168
249.461
248.229
329.566
190.038
113.202
74.4469
54.2685
43.2127
36.9022
33.3908
31.7841
31.7236
33.2027
36.5716
42.7354
53.7428
73.986
113.016
190.031
329.654
248.595
247.527
328.26
188.216
112
73.6603
53.8274
42.9625
36.7665
33.2929
31.6997
31.6304
33.0891
36.4129
42.5046
53.3608
73.3313
111.817
188.236
328.365
247.752
246.81
326.21
186.417
110.653
72.8678
53.3525
42.6892
36.5956
33.1642
31.5811
31.5054
32.9502
36.2337
42.2271
52.8946
72.4877
110.447
186.317
326.104
246.642
245.562
324.322
184.402
109.222
72.0115
52.8761
42.3958
36.3974
33.0099
31.4426
31.3658
32.7921
36.0219
41.9415
52.4454
71.6744
109.014
184.321
324.406
245.992
244.522
323.056
182.392
107.69
71.0656
52.3162
42.0507
36.1534
32.8223
31.2739
31.2114
32.6224
35.8262
41.6451
51.9334
70.7553
107.471
182.239
322.999
245.244
243.257
321.553
180.157
105.981
70.0642
51.7562
41.6931
35.8994
32.6278
31.1043
31.0452
32.4438
35.5999
41.314
51.3979
69.8413
105.851
179.88
320.921
243.949
241.415
319.748
177.633
104.117
68.964
51.1046
41.2726
35.5892
32.3774
30.889
30.8386
32.2271
35.3487
40.9683
50.8437
68.8818
104.194
177.37
319.016
242.682
239.465
317.646
174.861
102.118
67.7695
50.4039
40.8256
35.2786
32.1297
30.6699
30.6259
31.9978
35.076
40.5977
50.2335
67.7932
102.275
174.598
316.738
241.166
236.733
314.98
171.617
99.9547
66.4969
49.649
40.3337
34.9176
31.8398
30.4092
30.3682
31.7259
34.7602
40.1783
49.6033
66.6898
100.288
171.665
314.358
239.39
233.299
311.55
167.862
97.5654
65.1607
48.8583
39.8229
34.5365
31.5117
30.1039
30.0665
31.4034
34.3787
39.6752
48.8471
65.386
97.904
167.972
311.05
236.161
229.156
307.392
163.698
94.9933
63.7305
48.03
39.2599
34.1041
31.1525
29.7757
29.7409
31.0529
33.9625
39.1189
48.0149
64.0081
95.454
164.12
307.162
232.722
224.325
302.236
159.036
92.2169
62.1983
47.0983
38.6209
33.6113
30.7347
29.3945
29.3651
30.6503
33.4916
38.4974
47.0723
62.4488
92.7312
159.621
302.304
227.869
219.302
296.038
153.905
89.2952
60.6015
46.1013
37.9025
33.0366
30.2395
28.938
28.9131
30.1676
32.9307
37.7768
46.0302
60.7514
89.7025
154.439
296.222
222.683
213.048
288.299
148.03
86.0552
58.7965
44.9564
37.08
32.3776
29.6664
28.4056
28.3853
29.6084
32.2974
36.9904
44.907
58.8952
86.3031
148.367
288.26
215.464
206.246
279.085
141.726
82.6536
56.8824
43.7003
36.1458
31.6229
29.0097
27.7921
27.7746
28.9613
31.5608
36.0871
43.6689
56.9033
82.6784
141.747
278.685
207.613
198.687
268.281
134.892
78.9458
54.7664
42.3296
35.1304
30.7791
28.2551
27.0856
27.0757
28.2276
30.7377
35.0796
42.2913
54.7738
78.906
134.657
267.447
199.196
191.713
256.158
127.853
75.3096
52.6586
40.872
34.003
29.8379
27.4125
26.2817
26.2695
27.3824
29.806
33.9879
40.8693
52.6263
75.14
127.317
254.675
190.431
184.502
242.782
120.657
71.6028
50.4595
39.3423
32.789
28.7954
26.4689
25.3902
25.3846
26.4593
28.7962
32.8215
39.4037
50.5047
71.4679
120.035
241.112
182.875
178.638
228.707
113.602
68.0559
48.2706
37.7462
31.4942
27.6705
25.4432
24.4122
24.4099
25.4438
27.6878
31.5514
37.8448
48.3632
67.9464
112.835
226.572
176.28
173.836
214.275
106.778
64.6874
46.1056
36.0954
30.1303
26.4836
24.3615
23.3822
23.3857
24.3798
26.5327
30.2365
36.2594
46.2653
64.6279
106.059
212.167
172.154
172.811
200.466
100.197
61.3642
43.9715
34.458
28.7573
25.2719
23.2509
22.323
22.3296
23.2752
25.3251
28.8594
34.6185
44.1638
61.4662
99.6636
198.183
171.365
173.224
187.762
94.4651
58.3882
41.9098
32.8263
27.3893
24.0724
22.154
21.2766
21.2867
22.1878
24.1368
27.5037
33.0058
42.1244
58.4988
94.0286
185.996
172.339
176.552
176.353
89.1929
55.633
39.9923
31.2962
26.0911
22.9314
21.1123
20.2822
20.2928
21.1475
22.9985
26.2011
31.4624
40.2041
55.8315
89.1787
175.882
177.703
181.983
166.45
84.4531
53.1662
38.2277
29.8859
24.9028
21.8855
20.1555
19.3684
19.379
20.1901
21.9507
25.0061
30.0472
38.4593
53.4414
84.7233
167.137
185.02
190.178
158.855
80.8612
51.1879
36.7437
28.6635
23.8577
20.9619
19.3067
18.5541
18.5624
19.3329
21.0114
23.9365
28.785
36.9057
51.3644
81.0125
159.129
192.482
200.584
151.92
78.1702
49.5909
35.4736
27.5957
22.9393
20.1522
18.5654
17.8439
17.8488
18.5802
20.1804
22.9863
27.6761
35.5959
49.7498
78.3915
152.295
202.315
212.269
146.632
76.3242
48.2773
34.3424
26.6232
22.1089
19.4305
17.9149
17.2278
17.2301
17.9213
19.4433
22.1296
26.6582
34.3965
48.3392
76.3402
146.58
213.37
228.02
142.956
74.8364
47.051
33.2444
25.6865
21.3262
18.7702
17.3372
16.6909
16.6912
17.3375
18.7712
21.3287
25.6937
33.2602
47.0854
74.9409
143.169
228.589
245.496
140.624
73.682
45.7919
32.0801
24.7168
20.5467
18.1416
16.8098
16.2138
16.2134
16.8086
18.1397
20.5453
24.7167
32.0834
45.7971
73.6665
140.51
245.331
266.612
139.347
72.3897
44.2672
30.7389
23.6564
19.7375
17.5228
16.3171
15.7837
15.7831
16.3154
17.5192
19.7317
23.6468
30.7274
44.2604
72.4071
139.462
266.301
289.744
138.877
70.7681
42.368
29.1585
22.4729
18.8834
16.9087
15.858
15.4004
15.4001
15.8573
16.9074
18.8822
22.4719
29.1588
42.3692
70.7632
138.854
289.648
315.835
138.727
68.3539
39.8849
27.2719
21.1536
17.9899
16.31
15.4445
15.0752
15.0749
15.4439
16.3089
17.9888
21.1542
27.2793
39.9125
68.4181
138.772
315.721
343.628
138.249
64.9045
36.7889
25.1003
19.7308
17.09
15.7558
15.103
14.8355
14.8354
15.1025
15.7547
17.0877
19.7272
25.0949
36.7825
64.907
138.31
343.561
372.805
135.739
59.5155
32.7893
22.5983
18.2335
16.2256
15.2786
14.8594
14.7109
14.7108
14.8595
15.2787
16.2256
18.2355
22.6061
32.8152
59.5971
135.931
373.199
402.719
128.194
51.2962
27.8518
19.8715
16.7663
15.4775
14.9592
14.7555
14.6775
14.6775
14.7554
14.9587
15.4763
16.7653
19.8668
27.8407
51.2648
128.096
402.41
432.377
107.348
38.6237
21.9319
17.0576
15.4897
14.9822
14.8091
14.73
14.7006
14.7008
14.7308
14.8111
14.9852
15.4926
17.0618
21.9412
38.6753
107.546
432.937
466.558
57.4413
21.6907
16.2917
15.2391
14.9506
14.8454
14.8045
14.7968
14.7964
14.7964
14.7968
14.8049
14.8459
14.9513
15.2408
16.2948
21.68
57.3995
466.398
)
;

boundaryField
{
    fixedWalls_1
    {
        Cmu             0.09;
        kappa           0.41;
        E               9.8;
        type            epsilonWallFunction;
        value           nonuniform List<scalar> 
200
(
259.392
258.836
258.496
260.319
261.474
259.771
260.689
259.355
260.17
259.601
258.773
259.909
258.718
259.303
259.127
258.978
258.56
259.802
260.841
261.422
259.812
260.516
259.487
260.354
259.334
260.371
261.18
261
261.074
261.51
260.715
261.205
261.022
260.029
260.493
259.826
260.571
260.347
261.087
260.521
260.749
259.919
258.935
258.049
257.46
257.013
256.943
256.528
256.422
255.609
254.876
254.16
253.49
253.054
252.43
252.18
251.502
250.801
250.425
249.511
248.865
248.28
247.421
246.634
245.692
244.482
243.49
242.517
241.021
239.448
237.299
235.082
232.433
229.128
225.253
220.434
215.204
208.643
201.571
194.473
187.539
181.108
176.374
174.844
175.222
178.316
184.856
191.954
201.611
213.74
227.728
245.919
266.16
289.499
315.898
343.277
373.141
402.357
432.5
466.516
261.328
259.862
260.647
261.097
261.038
260.859
260.408
260.19
259.215
258.781
258.494
258.54
258.227
259.364
259.401
259.087
260.154
260.032
259.611
260.31
260.052
260.75
259.958
261.113
260.869
261.333
261.731
262.442
261.395
261.618
261.593
261.657
261.694
261.519
260.378
260.378
259.543
258.778
257.914
257.468
257.309
257.074
256.971
257.332
257.033
256.863
256.637
255.631
255.501
255.013
254.603
254.305
254.297
253.668
253.991
253.064
252.526
252.05
251.425
250.725
250.14
249.25
248.535
247.518
246.633
245.149
243.966
242.553
241.473
239.623
238.011
236.235
233.634
230.355
226.335
220.789
214.891
207.155
199.414
191.628
184.367
179.138
175.932
175.38
176.01
179.848
185.22
192.407
202.364
213.238
228.337
245.231
266.396
289.65
315.53
343.692
372.748
402.657
432.485
466.53
)
;
    }
    frontAndBack_1
    {
        type            empty;
    }
    inlet_1
    {
        type            fixedValue;
        value           uniform 14.855;
    }
    outlet_1
    {
        type            zeroGradient;
    }
    fixedWalls_2
    {
        Cmu             0.09;
        kappa           0.41;
        E               9.8;
        type            epsilonWallFunction;
        value           nonuniform List<scalar> 
200
(
706.902
704.441
701.256
705.836
702.312
697.687
704.275
697.678
703.153
706.454
707.304
707.048
706.787
700.77
711.099
714.824
708.649
709.922
704.811
703.576
696.869
697.332
694.069
692.752
688.992
690.677
692.924
689.336
692.971
687.033
690.318
693.784
691.777
685.254
684.154
683.132
685.885
684.53
682.249
680.69
675.372
675.679
673.097
672.722
674.238
673.286
669.449
666.311
664.005
660.742
657.559
653.797
652.274
649.846
648.612
647.223
645.772
644.313
641.837
639.422
636.126
629.567
624.336
617.63
613.873
607.816
603.509
596.625
592.665
589.047
581.073
568.182
550.761
529.45
510.713
485.445
463.148
437.769
416.841
392.296
367.999
341.524
316.954
297.156
288.118
288.574
298.59
311.943
322.478
333.626
348.113
361.896
376.895
393.838
407.893
424.11
437.139
450.622
461.39
471.103
703.725
700.689
698.739
691.383
691.589
692.063
690.054
686.541
688.068
690.776
689.391
690.09
685.632
695.77
693.938
695.652
693.923
692.427
687.042
689.4
692.101
690.192
697.019
696.438
695.914
690.307
690.713
691.965
689.451
683.168
685.55
688.906
688.613
687.198
687.256
682.654
689.185
689.772
688.574
686.016
687.611
680.616
681.676
681.785
679.635
671.811
671.918
668.269
666.433
662.594
659.587
656.795
653.453
651.037
646.643
641.915
634.579
628.08
621.003
613.627
608.369
601.195
595.931
590.226
585.315
580.927
577.135
573.207
564.317
557.669
549.045
537.787
524.116
503.882
482.078
462.438
441.271
422.921
403.578
382.852
358.939
334.96
310.7
296.175
292.464
293.047
300.259
311.64
321.34
333.877
350.632
360.685
378.824
392.359
407.771
424.336
436.484
450.754
460.919
471.378
)
;
    }
    frontAndBack_2
    {
        type            empty;
    }
    inlet_2
    {
        type            fixedValue;
        value           uniform 14.855;
    }
    outlet_2
    {
        type            zeroGradient;
    }
    fixedWalls_3
    {
        Cmu             0.09;
        kappa           0.41;
        E               9.8;
        type            epsilonWallFunction;
        value           nonuniform List<scalar> 
200
(
1243.42
1241.13
1235.03
1244.85
1242.33
1237.58
1244.2
1237.51
1245.89
1244.44
1237.18
1243.85
1241.5
1232.82
1237.25
1242.88
1243.3
1240.65
1237.49
1232.76
1235.4
1233.42
1231.2
1229.17
1219.5
1220.39
1220.96
1225.45
1224.68
1222.72
1221.63
1220.4
1217.86
1220.25
1224.74
1224.94
1224.39
1221.38
1225.18
1217.69
1217.32
1215.48
1213.25
1210.65
1207.09
1202.92
1195.39
1186.77
1184.99
1179.8
1175.69
1170.27
1163.71
1158.18
1149.5
1143.88
1135.41
1122.66
1112.77
1111.15
1107.31
1102.89
1094.25
1081.47
1066.86
1049.55
1029.2
1009.22
985.741
965.253
943.007
924.795
897.408
866.072
841.413
813.094
794.687
759.597
725.643
691.97
645.785
605.79
563.386
525.186
467.295
425.412
416.045
410.742
380.264
384.837
399.073
411.687
419.685
432.8
439.774
450.916
456.981
464.018
468.727
473.426
1202.92
1192.28
1194.32
1193.4
1191.47
1187.77
1191.65
1190.46
1190.91
1191.18
1189.6
1185.31
1194.83
1198.63
1193.7
1199.91
1198.15
1194.87
1203.25
1201.73
1196.8
1203.35
1206.83
1211.14
1208.74
1207.87
1208.8
1208.53
1211.2
1211.9
1204.31
1204.38
1199.16
1197.8
1194.34
1190.82
1190.17
1187.39
1186.18
1186.92
1184.67
1178.05
1175.72
1170.82
1169.93
1165.77
1163.45
1158.92
1156.62
1150.21
1147.65
1141.87
1140.73
1138.84
1136.3
1133.95
1129.91
1127.22
1122.68
1118.96
1117.47
1108.11
1106.56
1087.39
1084.63
1079.24
1067.23
1057.43
1044.55
1014.41
996.335
978.274
950.019
921.996
892.624
859.161
847.011
796.801
739.937
671.722
610.279
559.979
505.454
458.7
410.685
387.564
379.5
379.339
380.764
385.892
398.107
411.466
419.263
432.923
439.769
450.102
457.231
463.521
468.703
473.525
)
;
    }
    frontAndBack_3
    {
        type            empty;
    }
    inlet_3
    {
        type            fixedValue;
        value           uniform 14.855;
    }
    outlet_3
    {
        type            zeroGradient;
    }
    fixedWalls_4
    {
        Cmu             0.09;
        kappa           0.41;
        E               9.8;
        type            epsilonWallFunction;
        value           nonuniform List<scalar> 
200
(
702.311
699.76
698.688
690.234
693.281
693.339
697.874
697.26
695.58
692.513
699.961
693.587
699.36
703.406
699.692
704.866
700.078
707.864
705.187
709.733
707.501
705.646
699.861
702.689
701.761
698.882
694.227
701.942
707.318
706.937
705.809
704.926
699.245
700.072
699.65
697.811
693.483
691.028
691.23
687.635
689.403
688.97
687.21
685.124
683.049
676.679
673.888
670.604
667.245
663.976
660.626
657.994
654.324
651.503
647.668
644.647
640.206
636.772
631.344
625.684
620.668
615.397
611.954
607.275
602.043
595.854
588.787
580.795
574.037
568.067
555.097
538.925
524.444
510.045
499.149
480.153
463.684
444.36
421.618
398.732
375.261
354.164
337.92
327.469
315.333
300.638
299.06
307.359
320.552
332.318
349.482
361.278
379.26
391.416
409.455
423.305
437.566
450.472
461.288
471.169
687.964
681.067
684.407
686.232
684.133
690.521
687.301
694.434
693.782
693.183
702.565
697.692
705.994
706.723
704.894
700.659
707.99
707.329
705.382
697.887
699.283
700.143
697.943
692.101
691.294
690.614
688.432
682.285
681.068
680.414
679.119
673.429
672.329
670.228
669.013
668.319
670.126
672.577
668.293
672.745
666.83
671.925
676.24
675.214
672.248
667.519
669.094
662.177
661.879
661.006
658.018
652.315
648.903
646.484
643.454
637.811
631.526
624.712
617.403
609.957
601.9
598.262
594.722
592.107
587.597
584.817
578.778
574.489
568.226
562.56
553.251
543.27
533.842
524.363
510.183
493.589
475.327
449.526
420.978
388
352.661
326.159
314.904
302.548
292.986
294.813
302.891
308.131
322.926
333.606
349.791
360.179
378.44
393.088
408.185
424.049
437.204
450.571
461.428
471.095
)
;
    }
    frontAndBack_4
    {
        type            empty;
    }
    inlet_4
    {
        type            fixedValue;
        value           uniform 14.855;
    }
    outlet_4
    {
        type            zeroGradient;
    }
    fixedWalls_5
    {
        Cmu             0.09;
        kappa           0.41;
        E               9.8;
        type            epsilonWallFunction;
        value           nonuniform List<scalar> 
200
(
262.27
262.498
263.14
264.064
264.493
264.271
263.936
263.726
263.181
263.477
263.049
263.551
262.513
262.554
262.767
262.664
263.838
263.626
263.655
263.483
263.389
262.682
262.453
262.266
261.138
261.672
261.961
261.979
262.031
261.475
261.821
262.334
262.099
261.641
261.503
260.383
260.533
259.718
259.914
259.249
259.502
259.32
258.883
258.468
257.781
257.382
257.343
256.885
256.518
256.056
255.506
255.427
255.026
254.973
254.119
253.563
252.56
251.961
251.299
250.385
249.834
249.277
248.694
248.229
247.527
246.81
245.562
244.522
243.257
241.415
239.465
236.733
233.299
229.156
224.325
219.302
213.048
206.246
198.687
191.713
184.502
178.638
173.836
172.811
173.224
176.552
181.983
190.178
200.584
212.269
228.02
245.496
266.612
289.744
315.835
343.628
372.805
402.719
432.377
466.558
262.094
261.185
261.902
261.911
262.098
261.15
260.862
261.106
260.155
260.855
261.013
261.333
260.968
261.316
261.523
261.045
260.611
260.073
260.609
260.589
260.798
261.036
261.696
262.477
262.405
262.299
261.634
262.108
262.096
262.026
262.066
261.693
261.4
260.379
259.958
259.639
259.215
259.157
258.764
258.473
258.028
258.308
257.854
258.557
258.104
257.827
256.973
256.657
256.089
255.679
255.107
254.511
253.488
253.089
252.903
253.094
252.988
252.766
252.147
251.471
250.854
250.217
249.461
248.595
247.752
246.642
245.992
245.244
243.949
242.682
241.166
239.39
236.161
232.722
227.869
222.683
215.464
207.613
199.196
190.431
182.875
176.28
172.154
171.365
172.339
177.703
185.02
192.482
202.315
213.37
228.589
245.331
266.301
289.648
315.721
343.561
373.199
402.41
432.937
466.398
)
;
    }
    frontAndBack_5
    {
        type            empty;
    }
    inlet_5
    {
        type            fixedValue;
        value           uniform 14.855;
    }
    outlet_5
    {
        type            zeroGradient;
    }
}


// ************************************************************************* //
