/*--------------------------------*- C++ -*----------------------------------*\
  =========                 |
  \\      /  F ield         | OpenFOAM: The Open Source CFD Toolbox
   \\    /   O peration     | Website:  https://openfoam.org
    \\  /    A nd           | Version:  6
     \\/     M anipulation  |
\*---------------------------------------------------------------------------*/
FoamFile
{
    version     2.0;
    format      ascii;
    class       volScalarField;
    location    "19";
    object      k;
}
// * * * * * * * * * * * * * * * * * * * * * * * * * * * * * * * * * * * * * //

dimensions      [0 2 -2 0 0 0 0];

internalField   nonuniform List<scalar> 
10000
(
0.204022
0.520168
0.468934
0.410145
0.367143
0.342499
0.330057
0.324933
0.323532
0.324
0.325449
0.327665
0.33139
0.338475
0.352074
0.376799
0.417532
0.472013
0.520232
0.204902
0.203205
0.519289
0.469091
0.410364
0.367188
0.342847
0.330417
0.32539
0.324026
0.324745
0.32618
0.328376
0.332905
0.339803
0.352817
0.376808
0.417602
0.470805
0.519737
0.204565
0.204369
0.521252
0.469301
0.410241
0.367975
0.343047
0.33055
0.325756
0.324352
0.325131
0.327391
0.329339
0.331568
0.338525
0.352124
0.377179
0.417719
0.472173
0.519443
0.20448
0.204738
0.522245
0.471171
0.411633
0.368377
0.343676
0.330465
0.325839
0.325601
0.326273
0.325212
0.327127
0.331072
0.338298
0.351845
0.376672
0.417632
0.471281
0.520356
0.204899
0.205484
0.522995
0.469393
0.410304
0.367643
0.343151
0.330884
0.324536
0.323255
0.324479
0.3247
0.327041
0.331345
0.339183
0.351875
0.376549
0.416473
0.472739
0.521334
0.20441
0.205126
0.522788
0.469679
0.410659
0.367437
0.34248
0.329725
0.324375
0.323836
0.323966
0.324508
0.32719
0.332246
0.3384
0.351662
0.376216
0.415958
0.471887
0.520812
0.204255
0.204915
0.522237
0.469078
0.410213
0.367216
0.342519
0.329853
0.324131
0.322407
0.322859
0.324416
0.32688
0.331073
0.33904
0.351524
0.375872
0.41503
0.469943
0.51903
0.203608
0.204521
0.521178
0.468987
0.409632
0.367463
0.343302
0.331322
0.325596
0.322835
0.323511
0.326319
0.328882
0.332473
0.338464
0.351261
0.375705
0.414721
0.46975
0.518964
0.203341
0.204289
0.520969
0.469322
0.408024
0.366779
0.342938
0.330844
0.324525
0.323002
0.324768
0.325596
0.32785
0.331449
0.338796
0.350992
0.37531
0.413998
0.469009
0.518777
0.203051
0.20362
0.520797
0.46941
0.40912
0.36711
0.34287
0.330984
0.324801
0.323186
0.323978
0.324304
0.326696
0.332186
0.337452
0.350697
0.375003
0.413902
0.467908
0.518372
0.20328
0.203982
0.520352
0.467996
0.410037
0.367398
0.343393
0.330635
0.325987
0.32435
0.323021
0.324394
0.326741
0.331281
0.337273
0.350642
0.374411
0.41426
0.468743
0.518626
0.203917
0.203831
0.520115
0.468912
0.410076
0.36766
0.343202
0.330711
0.325146
0.323117
0.322894
0.323752
0.325893
0.33031
0.337708
0.350712
0.374213
0.413525
0.470024
0.518542
0.204162
0.203563
0.520188
0.46821
0.409685
0.368023
0.343696
0.331498
0.327042
0.325244
0.325211
0.325731
0.327549
0.329753
0.336602
0.350067
0.374404
0.415718
0.470033
0.520241
0.204418
0.203404
0.519281
0.468604
0.408765
0.368129
0.3445
0.332438
0.326571
0.324603
0.324616
0.324553
0.327015
0.330677
0.33762
0.350293
0.374638
0.416089
0.472576
0.520385
0.204556
0.202877
0.520101
0.469785
0.410291
0.368318
0.344334
0.331504
0.325724
0.323848
0.324516
0.324512
0.326107
0.329568
0.336793
0.350201
0.375015
0.416132
0.472277
0.520051
0.20446
0.20333
0.519295
0.469487
0.409092
0.368299
0.344938
0.331827
0.325871
0.323849
0.323967
0.32602
0.326621
0.329983
0.337692
0.35034
0.374952
0.414844
0.471936
0.519823
0.20449
0.203752
0.519969
0.468582
0.410124
0.368156
0.345456
0.333322
0.326465
0.324137
0.324075
0.326148
0.328176
0.331287
0.337048
0.350232
0.375007
0.415854
0.47187
0.519735
0.20451
0.203781
0.519863
0.469723
0.409819
0.369169
0.34599
0.333449
0.326798
0.324514
0.324429
0.325841
0.327514
0.330667
0.337178
0.350305
0.375055
0.414785
0.470714
0.519378
0.204184
0.205104
0.522739
0.471703
0.412642
0.370428
0.346433
0.334086
0.328437
0.326299
0.32587
0.324965
0.326547
0.331822
0.33812
0.350455
0.37534
0.416309
0.472375
0.519374
0.205025
0.205284
0.523077
0.473121
0.414386
0.371413
0.346915
0.334169
0.327809
0.325276
0.32443
0.324813
0.32636
0.330771
0.337011
0.350414
0.375411
0.416379
0.472724
0.520656
0.205229
0.204954
0.522152
0.472738
0.41409
0.370804
0.346977
0.334766
0.329213
0.326898
0.326071
0.326716
0.326724
0.329791
0.336823
0.350448
0.375246
0.417013
0.471767
0.520764
0.205156
0.204939
0.522376
0.471263
0.413863
0.37144
0.34699
0.334391
0.327833
0.325282
0.324696
0.326271
0.326885
0.330125
0.337917
0.35126
0.375946
0.417244
0.472228
0.519832
0.205133
0.204811
0.522214
0.472621
0.41314
0.371236
0.346446
0.333731
0.328162
0.326439
0.324703
0.326303
0.32822
0.330465
0.337273
0.351038
0.375972
0.417222
0.473
0.520236
0.205133
0.204731
0.520889
0.47309
0.413781
0.370942
0.346539
0.333809
0.328917
0.325228
0.324468
0.325266
0.32711
0.330537
0.337583
0.351545
0.375656
0.416536
0.471522
0.52075
0.205213
0.204672
0.521344
0.472961
0.414344
0.371673
0.34693
0.334561
0.327521
0.325008
0.324663
0.325628
0.327393
0.331006
0.338656
0.351414
0.376011
0.416356
0.472356
0.52078
0.205056
0.204567
0.522247
0.472136
0.413172
0.372071
0.347417
0.333817
0.327676
0.325374
0.325175
0.326465
0.329106
0.332576
0.338597
0.351701
0.375824
0.416955
0.472938
0.520699
0.204743
0.205385
0.522677
0.472488
0.413852
0.372067
0.346999
0.333877
0.327859
0.325592
0.3254
0.327816
0.328056
0.331539
0.337684
0.351246
0.376158
0.416111
0.471816
0.520314
0.205296
0.20522
0.522481
0.470763
0.414403
0.372094
0.347716
0.335087
0.329424
0.327328
0.325637
0.326971
0.328444
0.330416
0.337332
0.350987
0.376013
0.417015
0.473057
0.521446
0.205645
0.204934
0.522736
0.47127
0.414324
0.371955
0.347183
0.333844
0.328101
0.326303
0.325927
0.32533
0.326432
0.329868
0.337221
0.350782
0.375692
0.415513
0.471462
0.52079
0.205398
0.205391
0.522532
0.47114
0.41415
0.371822
0.346623
0.333823
0.328717
0.325006
0.324011
0.324485
0.327375
0.329804
0.337267
0.3505
0.375188
0.415295
0.471954
0.519991
0.20525
0.205224
0.522358
0.471807
0.413878
0.371755
0.346556
0.333322
0.327066
0.325185
0.324144
0.324347
0.325858
0.329201
0.336349
0.350165
0.374536
0.41482
0.471562
0.52026
0.205195
0.205105
0.522175
0.471388
0.4137
0.371573
0.346707
0.333643
0.327401
0.32476
0.324884
0.325716
0.326124
0.329209
0.336316
0.350398
0.373983
0.414079
0.469654
0.520388
0.204801
0.204392
0.520844
0.469748
0.412518
0.37147
0.347226
0.334015
0.329089
0.32601
0.324062
0.32443
0.3262
0.329364
0.33642
0.349065
0.373086
0.413185
0.469726
0.520279
0.204886
0.204694
0.521101
0.470342
0.412926
0.371338
0.346553
0.334444
0.328453
0.32491
0.324251
0.325688
0.325379
0.328586
0.336345
0.348997
0.372763
0.412585
0.469071
0.519103
0.204134
0.20469
0.520935
0.470067
0.412645
0.37108
0.34629
0.333186
0.327298
0.324784
0.324264
0.325142
0.325333
0.329272
0.335875
0.349137
0.371849
0.411096
0.468774
0.518997
0.203901
0.204504
0.520661
0.469387
0.411462
0.370841
0.346596
0.333035
0.327339
0.325162
0.325687
0.324283
0.324878
0.327899
0.334851
0.347784
0.371228
0.410595
0.468104
0.518501
0.203309
0.204419
0.520383
0.468992
0.411061
0.370397
0.345507
0.33297
0.327734
0.325492
0.325689
0.324336
0.325206
0.327871
0.333981
0.34693
0.370943
0.410995
0.466587
0.517726
0.202734
0.204145
0.519265
0.468259
0.41049
0.369974
0.345209
0.332791
0.328862
0.325933
0.325732
0.324619
0.325702
0.328292
0.33414
0.347044
0.370781
0.410601
0.46608
0.516532
0.202179
0.204025
0.519417
0.467903
0.410253
0.369689
0.344843
0.332338
0.327158
0.32647
0.324801
0.324488
0.32682
0.329457
0.334247
0.347307
0.370381
0.409134
0.465243
0.516401
0.201696
0.203818
0.519115
0.466594
0.409559
0.369242
0.34465
0.332288
0.326979
0.325894
0.325769
0.324385
0.325017
0.327995
0.33418
0.347476
0.370045
0.408612
0.464843
0.516008
0.201726
0.203564
0.518844
0.465655
0.409093
0.368977
0.34446
0.33214
0.326752
0.324612
0.324207
0.32427
0.325231
0.329054
0.335029
0.347072
0.369444
0.408008
0.464176
0.516583
0.201548
0.202817
0.517925
0.464687
0.408149
0.36867
0.344339
0.332392
0.328139
0.325196
0.324897
0.324858
0.325288
0.32784
0.333881
0.346339
0.36889
0.407454
0.463414
0.516228
0.201551
0.202039
0.516434
0.463376
0.406925
0.368052
0.344047
0.331961
0.326858
0.326282
0.327008
0.326735
0.325388
0.327694
0.333805
0.345925
0.368573
0.406605
0.462634
0.515422
0.2016
0.201548
0.515662
0.462767
0.406293
0.367701
0.344002
0.332012
0.326512
0.324735
0.325225
0.325078
0.325104
0.327683
0.334086
0.346209
0.368177
0.405981
0.462445
0.515255
0.201538
0.201349
0.515209
0.462703
0.405832
0.367194
0.343975
0.332679
0.327074
0.325768
0.324106
0.324007
0.324878
0.3275
0.33503
0.345646
0.367579
0.404905
0.461752
0.514532
0.200798
0.201241
0.51516
0.462029
0.405064
0.366987
0.344043
0.333176
0.326983
0.324836
0.324444
0.324906
0.326351
0.327525
0.333707
0.344606
0.366963
0.404037
0.460032
0.514209
0.200816
0.200793
0.514795
0.460366
0.404053
0.366328
0.344207
0.332463
0.327248
0.325415
0.325924
0.324628
0.325319
0.327386
0.332668
0.343571
0.366225
0.403206
0.459259
0.512989
0.200264
0.200684
0.514478
0.459101
0.403336
0.365805
0.343749
0.332852
0.328062
0.327134
0.325393
0.325057
0.325664
0.327559
0.332442
0.343373
0.365624
0.402534
0.45825
0.512733
0.20002
0.200158
0.513243
0.458086
0.402382
0.365154
0.344756
0.334782
0.330042
0.328
0.326393
0.32608
0.326656
0.329303
0.333774
0.343318
0.364997
0.401857
0.45756
0.512259
0.199648
0.199491
0.511869
0.456743
0.401589
0.364628
0.344734
0.334707
0.329716
0.328475
0.327321
0.32813
0.328418
0.328713
0.332959
0.343214
0.36473
0.401348
0.456563
0.511516
0.199267
0.198908
0.510952
0.455288
0.40059
0.364663
0.345119
0.335491
0.330448
0.329355
0.329247
0.327644
0.327607
0.32899
0.333217
0.343179
0.36412
0.400446
0.455499
0.511027
0.199071
0.198455
0.510091
0.454171
0.39973
0.364129
0.345919
0.336182
0.331782
0.32974
0.329849
0.329851
0.330101
0.33139
0.335082
0.343481
0.36415
0.399558
0.454411
0.51051
0.199038
0.197907
0.508872
0.45273
0.398612
0.363941
0.346262
0.337704
0.333719
0.33189
0.33111
0.330552
0.33057
0.331624
0.335035
0.343374
0.36326
0.398368
0.453109
0.510338
0.198558
0.197666
0.508361
0.451543
0.39767
0.36403
0.34667
0.338206
0.333701
0.331941
0.331692
0.331571
0.331773
0.332652
0.335705
0.344011
0.362542
0.397503
0.452176
0.509493
0.198368
0.197206
0.507669
0.450417
0.396897
0.363669
0.347305
0.339322
0.335325
0.33287
0.332124
0.331932
0.33271
0.333255
0.33579
0.343529
0.361785
0.39648
0.450803
0.508718
0.198114
0.196881
0.506871
0.449062
0.395922
0.363358
0.347877
0.340704
0.336648
0.334154
0.333497
0.334465
0.335145
0.335633
0.336682
0.343848
0.362216
0.395589
0.449157
0.507478
0.197415
0.196311
0.505918
0.447941
0.39501
0.362678
0.34849
0.341942
0.338897
0.337214
0.336369
0.33603
0.336351
0.336699
0.338515
0.344861
0.361324
0.394587
0.448141
0.507027
0.197132
0.195863
0.505036
0.446478
0.394129
0.362617
0.348919
0.342885
0.340179
0.338681
0.337789
0.337538
0.337937
0.338036
0.339043
0.344531
0.360578
0.393511
0.446538
0.506097
0.196675
0.195435
0.504143
0.445124
0.393045
0.361729
0.349294
0.343881
0.341641
0.340585
0.339936
0.339585
0.339419
0.339291
0.340436
0.344913
0.360903
0.392386
0.444917
0.505054
0.196158
0.194868
0.503434
0.443664
0.392042
0.361407
0.349728
0.344875
0.342994
0.342188
0.341861
0.341542
0.340951
0.340498
0.340957
0.345727
0.360101
0.391122
0.443336
0.503828
0.195545
0.19438
0.502515
0.442113
0.390997
0.361007
0.349721
0.345612
0.34418
0.34371
0.343406
0.342945
0.342253
0.34147
0.341489
0.345565
0.359405
0.389924
0.442024
0.503027
0.195123
0.193891
0.501665
0.440619
0.389868
0.360758
0.349115
0.34627
0.345228
0.344885
0.344618
0.344152
0.343411
0.34256
0.34234
0.34547
0.35837
0.388392
0.440076
0.501653
0.19436
0.193202
0.500331
0.438729
0.388494
0.361109
0.348549
0.34668
0.346104
0.345976
0.345809
0.345384
0.344627
0.343675
0.343259
0.34513
0.357362
0.386981
0.438419
0.500729
0.193818
0.192633
0.499374
0.436873
0.386798
0.359756
0.348754
0.346945
0.346894
0.347059
0.34703
0.346648
0.345865
0.344776
0.343935
0.345891
0.356607
0.385413
0.436248
0.499182
0.192948
0.191793
0.497954
0.434681
0.384841
0.358276
0.346293
0.346317
0.347512
0.348113
0.348265
0.347933
0.347095
0.345809
0.344398
0.344686
0.355124
0.383526
0.433834
0.497897
0.192171
0.190896
0.496331
0.431804
0.382305
0.356747
0.345473
0.345234
0.348057
0.349161
0.349491
0.349194
0.348297
0.346873
0.345175
0.344852
0.354884
0.381542
0.43092
0.495502
0.190927
0.190098
0.494862
0.429082
0.379585
0.354822
0.344763
0.346579
0.349018
0.350314
0.350772
0.350468
0.349434
0.347732
0.345772
0.345506
0.355471
0.379269
0.428172
0.49407
0.190095
0.189099
0.493032
0.425793
0.376101
0.352408
0.343621
0.345011
0.349312
0.351305
0.351998
0.351702
0.350493
0.348354
0.345361
0.343679
0.35331
0.376443
0.424961
0.491802
0.188929
0.187765
0.490748
0.422203
0.372298
0.349504
0.343193
0.345458
0.349854
0.352429
0.353264
0.352934
0.351529
0.348924
0.344506
0.343245
0.351605
0.373213
0.421453
0.489948
0.18792
0.186319
0.488305
0.418403
0.367934
0.34722
0.342956
0.347035
0.351338
0.353637
0.354519
0.354172
0.352628
0.34984
0.346019
0.343238
0.349376
0.369465
0.417465
0.487084
0.186324
0.184444
0.485279
0.414154
0.364266
0.345399
0.343575
0.345711
0.351658
0.354639
0.355771
0.355436
0.353696
0.350315
0.344865
0.343594
0.346649
0.365367
0.413396
0.484732
0.184995
0.182443
0.481892
0.409631
0.362992
0.345081
0.342258
0.345749
0.352422
0.355715
0.357029
0.356753
0.354959
0.351382
0.345226
0.342025
0.343549
0.361514
0.409317
0.48191
0.183158
0.179958
0.47778
0.404178
0.361937
0.346301
0.343247
0.345586
0.352113
0.356225
0.357978
0.357881
0.356098
0.35237
0.345803
0.341036
0.34174
0.359086
0.40476
0.478319
0.180691
0.176936
0.472667
0.398307
0.357506
0.342736
0.340271
0.344961
0.350414
0.355907
0.358473
0.358647
0.357033
0.353632
0.348291
0.343279
0.342536
0.357738
0.39957
0.473718
0.177645
0.173404
0.466555
0.391513
0.35338
0.342315
0.339966
0.346185
0.350691
0.354623
0.358149
0.358529
0.356907
0.353287
0.347108
0.341904
0.340244
0.353821
0.393134
0.468086
0.17389
0.169202
0.4592
0.384028
0.348425
0.33891
0.339103
0.344614
0.352035
0.354871
0.357057
0.357287
0.355699
0.352051
0.346553
0.340465
0.340162
0.349826
0.386167
0.460865
0.169166
0.164605
0.450991
0.376161
0.343943
0.337055
0.340497
0.345105
0.350735
0.355003
0.358462
0.357908
0.357496
0.354221
0.348704
0.340424
0.33713
0.345596
0.37839
0.452794
0.164131
0.159173
0.441096
0.367622
0.339261
0.334372
0.339175
0.347221
0.351758
0.355438
0.357507
0.357684
0.356069
0.35252
0.347099
0.340292
0.334938
0.34134
0.369765
0.44242
0.158007
0.153746
0.430395
0.359447
0.335681
0.33354
0.341522
0.348388
0.352739
0.356221
0.358378
0.358588
0.356988
0.353568
0.348346
0.341571
0.335162
0.337654
0.361173
0.431304
0.152316
0.148476
0.419288
0.35182
0.33289
0.335484
0.343797
0.350536
0.355855
0.35896
0.359633
0.359479
0.357887
0.354643
0.349675
0.343033
0.337086
0.334555
0.352921
0.419191
0.146735
0.143601
0.407856
0.345213
0.330779
0.336084
0.345224
0.35215
0.357112
0.359948
0.361206
0.361721
0.359779
0.356719
0.352338
0.346143
0.336888
0.332089
0.345571
0.406719
0.142079
0.139519
0.396218
0.340098
0.330271
0.337969
0.347255
0.354016
0.358393
0.360464
0.361881
0.362605
0.360987
0.359271
0.355066
0.348398
0.338453
0.331229
0.339982
0.395128
0.139035
0.137551
0.384938
0.336472
0.332431
0.341197
0.349631
0.355547
0.35993
0.36246
0.363705
0.363706
0.362617
0.36015
0.356232
0.350839
0.342797
0.333673
0.336619
0.384018
0.138002
0.137207
0.373407
0.334382
0.334611
0.343594
0.351273
0.356718
0.360504
0.362805
0.363902
0.36399
0.363004
0.360969
0.357683
0.35234
0.34457
0.335819
0.335302
0.374208
0.137764
0.137743
0.364735
0.333906
0.33643
0.34563
0.352678
0.357486
0.360493
0.363138
0.363876
0.363929
0.362969
0.361608
0.358718
0.354045
0.347235
0.338234
0.33463
0.365324
0.138373
0.140943
0.356921
0.333557
0.339457
0.348297
0.354659
0.358845
0.361868
0.36344
0.364719
0.364486
0.364094
0.362397
0.359704
0.355507
0.349155
0.340245
0.334437
0.35733
0.141662
0.145575
0.350489
0.334806
0.342296
0.350712
0.356301
0.359866
0.362099
0.363699
0.364864
0.364752
0.364324
0.362927
0.360651
0.35722
0.351672
0.343218
0.335104
0.350267
0.145556
0.150788
0.343815
0.336457
0.34576
0.35362
0.358408
0.36114
0.362853
0.36443
0.364854
0.36513
0.364281
0.363116
0.361536
0.35893
0.354042
0.346039
0.33654
0.343723
0.15108
0.158087
0.337832
0.338427
0.349144
0.356417
0.360463
0.362665
0.363627
0.364711
0.365146
0.365193
0.364931
0.364221
0.363011
0.36076
0.356723
0.349592
0.338969
0.337986
0.158287
0.16713
0.33426
0.342581
0.353775
0.359817
0.362711
0.364105
0.364709
0.364845
0.365025
0.365057
0.36492
0.364791
0.364217
0.362838
0.359813
0.353638
0.34242
0.334244
0.166872
0.178104
0.332816
0.347625
0.35849
0.363343
0.365227
0.365815
0.365875
0.365817
0.365633
0.365645
0.365839
0.365889
0.365802
0.365233
0.363405
0.358614
0.3478
0.332774
0.178382
0.191936
0.333327
0.354581
0.364085
0.367198
0.367855
0.367673
0.36728
0.366923
0.366745
0.366749
0.366926
0.36727
0.36764
0.367809
0.367139
0.363996
0.354474
0.33325
0.191505
0.207731
0.339664
0.363261
0.369941
0.370968
0.370353
0.369412
0.36859
0.368023
0.367738
0.36774
0.36803
0.368599
0.369416
0.370338
0.370969
0.370009
0.363434
0.33987
0.208023
0.226026
0.349258
0.37308
0.375864
0.374504
0.372569
0.370921
0.369716
0.368941
0.368562
0.368553
0.368916
0.369668
0.370859
0.372498
0.374444
0.375841
0.373113
0.349415
0.22596
0.246518
0.36506
0.384232
0.381552
0.377481
0.374261
0.372022
0.370564
0.369686
0.369275
0.369274
0.369684
0.370557
0.372013
0.374247
0.377476
0.381567
0.384278
0.364986
0.246386
0.268138
0.385339
0.395502
0.386162
0.379358
0.375269
0.372768
0.371245
0.370372
0.369975
0.369972
0.370365
0.371232
0.372749
0.375259
0.37936
0.386207
0.395606
0.385578
0.268351
0.291508
0.411232
0.405102
0.388438
0.380075
0.375704
0.373266
0.371863
0.371102
0.370771
0.370771
0.371102
0.37186
0.373254
0.375692
0.38006
0.388428
0.405107
0.411086
0.291238
0.314288
0.434926
0.409223
0.388905
0.380065
0.375773
0.373602
0.372488
0.37194
0.37172
0.371721
0.371944
0.372495
0.373601
0.375772
0.380053
0.388904
0.409229
0.434922
0.314512
0.337979
0.445005
0.406985
0.385669
0.378069
0.375042
0.373759
0.373192
0.372953
0.372869
0.37287
0.372959
0.373201
0.373768
0.375048
0.378072
0.385667
0.406983
0.444984
0.3379
0.364431
0.421638
0.38649
0.377505
0.375377
0.374623
0.374346
0.374271
0.374255
0.374252
0.374252
0.374254
0.374272
0.374346
0.374625
0.375378
0.377506
0.386489
0.421655
0.364459
0.563016
1.13342
0.960511
0.765586
0.612461
0.517047
0.463665
0.434915
0.42009
0.413373
0.412754
0.417841
0.431117
0.458363
0.510526
0.604134
0.751647
0.945251
1.11026
0.553729
0.556805
1.13194
0.958328
0.764285
0.609982
0.514404
0.463458
0.43537
0.420864
0.413665
0.41342
0.418418
0.431084
0.457488
0.507487
0.602098
0.748819
0.943176
1.1021
0.54801
0.562134
1.12961
0.956515
0.763686
0.60608
0.515091
0.463407
0.435103
0.420425
0.413662
0.413379
0.418157
0.430954
0.457348
0.5081
0.600762
0.746183
0.942383
1.10444
0.548283
0.560238
1.11979
0.944388
0.761525
0.608181
0.515922
0.463219
0.435237
0.420991
0.413817
0.413413
0.417931
0.430895
0.456913
0.508256
0.595554
0.742476
0.940685
1.10837
0.548052
0.555337
1.12613
0.951483
0.760618
0.612208
0.518008
0.463664
0.435638
0.420644
0.413853
0.413181
0.417956
0.431023
0.456663
0.507827
0.59929
0.734136
0.938715
1.1025
0.544715
0.56124
1.12571
0.949121
0.759728
0.609579
0.516939
0.463974
0.435937
0.421316
0.414515
0.413885
0.418092
0.430743
0.456327
0.505935
0.598536
0.739625
0.93077
1.11004
0.548372
0.560464
1.12348
0.937998
0.753462
0.616605
0.52002
0.464338
0.436448
0.42136
0.414184
0.413541
0.418416
0.430616
0.45648
0.505318
0.593969
0.743626
0.93548
1.10822
0.543755
0.558214
1.11923
0.950911
0.765353
0.617107
0.519819
0.464594
0.436666
0.421387
0.414608
0.413319
0.418112
0.430566
0.4565
0.507881
0.597467
0.735495
0.931731
1.10817
0.548118
0.554369
1.11785
0.944692
0.766431
0.616288
0.519337
0.46505
0.436985
0.421859
0.414169
0.412859
0.417891
0.430576
0.456791
0.505996
0.594073
0.738904
0.940034
1.1042
0.544484
0.560101
1.12476
0.958267
0.76547
0.614689
0.516817
0.465161
0.436949
0.421639
0.413775
0.412426
0.417614
0.430329
0.456712
0.509585
0.602208
0.741761
0.939174
1.09603
0.550806
0.560648
1.12816
0.955488
0.76303
0.613681
0.518935
0.465417
0.436439
0.421531
0.414226
0.412527
0.417211
0.430094
0.457139
0.508863
0.602093
0.748013
0.939328
1.10479
0.551626
0.556049
1.12844
0.952662
0.760572
0.607536
0.51814
0.465324
0.436125
0.420952
0.41369
0.412891
0.416759
0.429814
0.45681
0.508155
0.601654
0.746304
0.926874
1.11115
0.55206
0.560564
1.13023
0.941633
0.751181
0.607285
0.517538
0.464977
0.435904
0.421282
0.413895
0.412413
0.416622
0.429654
0.455656
0.505038
0.600388
0.744558
0.930744
1.11127
0.551715
0.562926
1.12861
0.945031
0.752894
0.606458
0.517045
0.464729
0.435609
0.420309
0.412977
0.411856
0.416514
0.429779
0.45595
0.505958
0.599114
0.743219
0.933915
1.1119
0.552183
0.560148
1.12601
0.948704
0.750564
0.605391
0.515025
0.464225
0.435342
0.420721
0.413134
0.412209
0.416564
0.429641
0.45621
0.506464
0.597167
0.733444
0.930732
1.10775
0.550646
0.561443
1.12389
0.942732
0.750381
0.606773
0.515457
0.464013
0.435024
0.419802
0.413366
0.411879
0.416581
0.429593
0.455613
0.504415
0.596049
0.737689
0.928197
1.10557
0.548895
0.55921
1.12313
0.94788
0.751924
0.605087
0.514378
0.463756
0.434942
0.419652
0.412688
0.412328
0.416998
0.429675
0.456325
0.506036
0.591872
0.742233
0.91931
1.1049
0.544677
0.556746
1.11572
0.941244
0.748041
0.598705
0.511576
0.462992
0.434885
0.419632
0.41255
0.411945
0.416712
0.429561
0.456039
0.504261
0.59442
0.743639
0.929321
1.10801
0.546636
0.553276
1.11627
0.931288
0.738446
0.596588
0.510843
0.462486
0.434939
0.420074
0.412598
0.411538
0.41703
0.429515
0.455915
0.505386
0.596832
0.741808
0.936577
1.10461
0.548646
0.551238
1.11665
0.932204
0.737746
0.593228
0.509331
0.461246
0.434205
0.419409
0.412602
0.411441
0.416495
0.429152
0.455551
0.506449
0.595831
0.739308
0.93638
1.11226
0.546317
0.550974
1.11573
0.934926
0.73005
0.589898
0.508432
0.460261
0.433534
0.419169
0.413287
0.411571
0.416044
0.42893
0.45497
0.505702
0.593452
0.730321
0.926414
1.1107
0.551959
0.548851
1.1081
0.933018
0.73171
0.589098
0.507675
0.459837
0.432797
0.418536
0.412933
0.412034
0.416096
0.428686
0.454957
0.505102
0.58968
0.73451
0.930741
1.1109
0.551369
0.545052
1.11146
0.923209
0.731544
0.587846
0.506945
0.459628
0.432652
0.418376
0.412443
0.411512
0.416124
0.428259
0.454215
0.504958
0.594056
0.73899
0.936995
1.10614
0.550393
0.547418
1.11115
0.927338
0.726468
0.587255
0.506124
0.459638
0.432644
0.418305
0.41278
0.411902
0.415699
0.428103
0.454266
0.504077
0.593261
0.737616
0.937358
1.113
0.546244
0.550144
1.11284
0.92162
0.733672
0.588206
0.505296
0.458225
0.432372
0.418309
0.412873
0.411598
0.415324
0.427916
0.453507
0.501612
0.589104
0.734375
0.934885
1.1136
0.547892
0.54663
1.10854
0.932083
0.732427
0.589663
0.504765
0.457504
0.431294
0.418507
0.412329
0.411105
0.415218
0.427887
0.453565
0.502835
0.589646
0.727892
0.928193
1.11053
0.547548
0.552976
1.11558
0.929767
0.72656
0.5845
0.503589
0.457281
0.431068
0.417717
0.411585
0.410729
0.415073
0.427775
0.453014
0.500947
0.591237
0.735297
0.930964
1.11079
0.544055
0.551877
1.11551
0.927862
0.732269
0.587566
0.50299
0.456756
0.431127
0.418172
0.41082
0.409914
0.414998
0.427835
0.452953
0.501676
0.589958
0.732139
0.928252
1.10969
0.547182
0.550393
1.11279
0.915949
0.723198
0.588249
0.502324
0.456133
0.429743
0.417001
0.411052
0.409884
0.414861
0.427902
0.452564
0.500891
0.585091
0.729275
0.920619
1.10837
0.54279
0.548633
1.11269
0.919278
0.724856
0.587066
0.501673
0.455417
0.429394
0.415933
0.410292
0.409737
0.414656
0.427066
0.452262
0.500403
0.587347
0.72181
0.92761
1.10295
0.545251
0.543598
1.11069
0.921347
0.723989
0.585916
0.501308
0.4555
0.429289
0.415798
0.410873
0.409787
0.414566
0.426837
0.451882
0.499748
0.586913
0.725174
0.928478
1.11041
0.542899
0.546856
1.10718
0.918558
0.720947
0.581741
0.500486
0.454456
0.429638
0.415683
0.410021
0.409641
0.414455
0.426575
0.451572
0.49907
0.585919
0.72877
0.927266
1.11085
0.548199
0.54086
1.09867
0.913821
0.714318
0.581052
0.4998
0.453697
0.42848
0.415584
0.410168
0.409792
0.414528
0.426453
0.451315
0.498509
0.584625
0.727293
0.926749
1.11015
0.544635
0.540625
1.09781
0.910873
0.712795
0.579321
0.499262
0.453833
0.428946
0.415848
0.41023
0.410424
0.415009
0.42632
0.451053
0.497648
0.582406
0.723978
0.923775
1.11086
0.550166
0.537919
1.09566
0.900176
0.709906
0.577983
0.49855
0.453083
0.428432
0.41663
0.410871
0.409603
0.413991
0.426066
0.450686
0.496978
0.581109
0.721964
0.920777
1.10964
0.54956
0.540462
1.09448
0.897993
0.707788
0.576595
0.497909
0.453145
0.428781
0.416356
0.410366
0.409893
0.414116
0.426105
0.45045
0.495352
0.579308
0.714192
0.91609
1.10768
0.548424
0.538832
1.09128
0.891163
0.705768
0.574479
0.496832
0.452552
0.428196
0.415978
0.410512
0.41045
0.414279
0.426145
0.450125
0.495061
0.578119
0.717118
0.907868
1.10705
0.547918
0.535204
1.09031
0.889348
0.70033
0.573307
0.496304
0.452193
0.428365
0.416731
0.411293
0.410293
0.414699
0.426607
0.450275
0.494368
0.576492
0.714943
0.908215
1.10808
0.546601
0.534553
1.08727
0.887448
0.700065
0.571932
0.495849
0.452307
0.428894
0.415831
0.410649
0.409654
0.413867
0.426107
0.449733
0.493652
0.574928
0.711558
0.904793
1.10552
0.54123
0.53372
1.08574
0.887971
0.7
0.571159
0.495136
0.451754
0.428499
0.415759
0.411531
0.409809
0.413751
0.425915
0.449807
0.492837
0.573081
0.709165
0.902857
1.10409
0.543664
0.53356
1.07821
0.889681
0.696503
0.568918
0.494616
0.452079
0.428136
0.415669
0.410878
0.410422
0.413849
0.425658
0.449209
0.492173
0.571302
0.705295
0.903112
1.09742
0.541689
0.532793
1.07985
0.887505
0.694637
0.567728
0.493919
0.451466
0.428241
0.415735
0.410243
0.409942
0.414058
0.425358
0.448453
0.491064
0.567898
0.702048
0.900827
1.09611
0.539252
0.530952
1.07924
0.878845
0.69156
0.566518
0.493624
0.451909
0.428597
0.415979
0.410866
0.409524
0.413311
0.424711
0.447257
0.48999
0.565408
0.694249
0.891871
1.09313
0.537307
0.531169
1.08098
0.878358
0.692354
0.565679
0.492947
0.450986
0.429365
0.416173
0.410378
0.410017
0.413278
0.424003
0.446156
0.489019
0.563897
0.692494
0.889287
1.09295
0.535841
0.530071
1.07962
0.874633
0.689915
0.56447
0.49252
0.450696
0.428784
0.416774
0.41052
0.409515
0.413383
0.4241
0.445936
0.487816
0.561793
0.688983
0.886269
1.09029
0.530438
0.525082
1.0759
0.870082
0.683645
0.56274
0.492015
0.45096
0.428357
0.416454
0.411239
0.410365
0.413598
0.424271
0.445926
0.48659
0.559965
0.684235
0.87727
1.08296
0.529101
0.523191
1.07298
0.866303
0.680316
0.561038
0.491201
0.450293
0.429086
0.416671
0.410876
0.410195
0.414096
0.424536
0.445791
0.485732
0.55823
0.681227
0.873763
1.08098
0.526765
0.520316
1.06773
0.858692
0.676933
0.559675
0.490405
0.450172
0.428715
0.417462
0.41108
0.409952
0.413602
0.424221
0.445333
0.484944
0.556247
0.677667
0.869506
1.07794
0.522124
0.518308
1.06131
0.855513
0.674475
0.558029
0.489333
0.450646
0.429396
0.417431
0.411336
0.410154
0.413646
0.423866
0.444699
0.484326
0.553894
0.67347
0.863254
1.07335
0.520945
0.515512
1.05785
0.851351
0.671797
0.556352
0.487894
0.449812
0.428633
0.417188
0.411581
0.410902
0.414286
0.42346
0.44327
0.481663
0.550905
0.668814
0.857358
1.07
0.517646
0.513426
1.05495
0.847998
0.669449
0.555232
0.486933
0.450618
0.429562
0.418031
0.412258
0.410638
0.413821
0.422758
0.442056
0.480084
0.548129
0.66444
0.849395
1.06429
0.515448
0.511807
1.05574
0.844321
0.667473
0.554703
0.486774
0.449096
0.428797
0.417379
0.411904
0.410759
0.4144
0.422429
0.441687
0.478499
0.544805
0.660045
0.84262
1.0593
0.512404
0.510698
1.05898
0.840738
0.664852
0.553091
0.485978
0.447519
0.428185
0.41756
0.412157
0.410956
0.413673
0.422448
0.440636
0.476537
0.541193
0.654783
0.835721
1.05573
0.510161
0.509541
1.05838
0.837936
0.662389
0.551571
0.485485
0.447167
0.428378
0.418542
0.413089
0.411858
0.413804
0.421129
0.439121
0.47395
0.537561
0.649526
0.828014
1.05282
0.507309
0.50868
1.05608
0.833666
0.659301
0.549491
0.484198
0.446603
0.429145
0.418757
0.413122
0.41162
0.414403
0.420696
0.437358
0.471805
0.535202
0.644483
0.821098
1.04712
0.502985
0.506941
1.05271
0.829828
0.656534
0.547331
0.482662
0.446035
0.428662
0.41912
0.413375
0.411436
0.413733
0.420425
0.436977
0.472297
0.532947
0.638575
0.813199
1.04049
0.498328
0.505097
1.04289
0.824991
0.652658
0.544363
0.480317
0.4454
0.429334
0.419121
0.413607
0.411257
0.413186
0.420324
0.436393
0.468545
0.52871
0.63249
0.806661
1.03312
0.492528
0.50352
1.04095
0.821374
0.649345
0.541583
0.477716
0.444844
0.428708
0.418956
0.414028
0.411866
0.412586
0.418357
0.433353
0.465089
0.523284
0.626399
0.799578
1.02845
0.487875
0.500837
1.03529
0.815783
0.644906
0.538096
0.474776
0.44459
0.427672
0.419751
0.414399
0.411991
0.412159
0.417483
0.432165
0.463181
0.519415
0.62032
0.791646
1.01872
0.481912
0.498491
1.03012
0.811804
0.640727
0.533858
0.471
0.441565
0.426882
0.419774
0.414705
0.41235
0.412438
0.417493
0.432294
0.460454
0.514616
0.613876
0.782913
1.0103
0.476783
0.494241
1.02258
0.805074
0.635972
0.530329
0.469615
0.441109
0.42686
0.420008
0.415071
0.412706
0.412984
0.417479
0.430271
0.456534
0.509719
0.607548
0.775027
1.0014
0.472336
0.489069
1.01438
0.798511
0.63099
0.525907
0.468232
0.440685
0.426901
0.420046
0.415391
0.413023
0.412807
0.416088
0.427421
0.452074
0.504651
0.600238
0.766132
0.994078
0.467144
0.485402
1.00946
0.792477
0.626083
0.524077
0.467723
0.440786
0.427141
0.419847
0.415753
0.41344
0.413311
0.415602
0.424577
0.445013
0.4975
0.591372
0.757508
0.98993
0.46353
0.480346
1.00072
0.784672
0.620241
0.519143
0.467243
0.441006
0.427492
0.421067
0.416309
0.413807
0.413166
0.414564
0.422124
0.439287
0.490563
0.582747
0.747783
0.984418
0.459408
0.477582
0.99578
0.778581
0.614697
0.518629
0.467678
0.44202
0.427886
0.421277
0.416712
0.414224
0.413067
0.414683
0.423465
0.437253
0.483003
0.573331
0.737689
0.978687
0.455988
0.472714
0.98938
0.769851
0.609532
0.516197
0.465224
0.441159
0.428614
0.421662
0.417187
0.414721
0.413909
0.41446
0.421182
0.434815
0.475395
0.56411
0.728238
0.973055
0.452623
0.469593
0.986327
0.761845
0.606566
0.514735
0.46271
0.440427
0.428199
0.421778
0.417596
0.415036
0.413466
0.414468
0.419282
0.431805
0.472233
0.556761
0.720566
0.969348
0.449395
0.464766
0.981221
0.75121
0.59336
0.510592
0.461739
0.439775
0.427601
0.421574
0.417899
0.415399
0.413746
0.415718
0.420932
0.430889
0.47114
0.55139
0.713152
0.964439
0.444857
0.461876
0.977495
0.741452
0.586448
0.503391
0.46104
0.437643
0.42639
0.420884
0.418049
0.415648
0.413804
0.414434
0.418882
0.429518
0.462703
0.544824
0.703903
0.957123
0.437787
0.456734
0.972334
0.72887
0.574173
0.495655
0.455716
0.43662
0.426268
0.420928
0.418274
0.415963
0.414116
0.414534
0.420094
0.429085
0.459842
0.538744
0.693161
0.950791
0.432159
0.44762
0.962764
0.714993
0.56444
0.487456
0.451269
0.435266
0.42666
0.421018
0.418315
0.416232
0.415034
0.414695
0.417936
0.429071
0.457013
0.529843
0.679543
0.939216
0.423308
0.435327
0.950217
0.698532
0.552649
0.477224
0.4484
0.434186
0.425507
0.420903
0.418214
0.416084
0.414842
0.415734
0.418879
0.430864
0.453172
0.519859
0.664841
0.926083
0.412652
0.42005
0.932438
0.679065
0.540424
0.468592
0.442882
0.432234
0.425172
0.420565
0.417706
0.415592
0.414139
0.414682
0.416595
0.426972
0.453238
0.50947
0.648379
0.90946
0.399339
0.40307
0.909771
0.656797
0.526046
0.465939
0.442331
0.433878
0.425556
0.42064
0.418373
0.416378
0.414033
0.413721
0.416239
0.423527
0.440765
0.49773
0.630364
0.888219
0.38242
0.386405
0.881554
0.631938
0.510928
0.464015
0.441863
0.43199
0.426055
0.420422
0.41761
0.415838
0.413906
0.413556
0.41702
0.422037
0.435869
0.489553
0.612199
0.865104
0.366158
0.36601
0.850192
0.60634
0.498585
0.453004
0.438937
0.432954
0.425571
0.420272
0.417424
0.415383
0.41371
0.413056
0.414286
0.422148
0.434497
0.479924
0.591736
0.838904
0.350576
0.34825
0.816921
0.57995
0.488499
0.447752
0.43427
0.430581
0.424709
0.420072
0.417654
0.415575
0.413728
0.412781
0.413662
0.420613
0.433988
0.472647
0.571899
0.811113
0.334226
0.328632
0.78466
0.556156
0.479584
0.447462
0.43405
0.429237
0.4237
0.419771
0.416815
0.41491
0.41398
0.412578
0.412966
0.418171
0.434883
0.468938
0.552735
0.782256
0.319391
0.311579
0.751511
0.534036
0.465272
0.44336
0.434676
0.426892
0.421732
0.417494
0.414794
0.413528
0.412963
0.412121
0.411974
0.414151
0.427984
0.458084
0.531492
0.749388
0.302645
0.291427
0.716322
0.516177
0.45499
0.439554
0.427716
0.422812
0.417916
0.414086
0.411835
0.41111
0.411657
0.4126
0.411678
0.412662
0.424811
0.443562
0.512861
0.715841
0.28515
0.272302
0.678123
0.500272
0.448918
0.434221
0.423108
0.418877
0.413918
0.410189
0.40814
0.407673
0.408508
0.410046
0.411366
0.411105
0.418987
0.434202
0.493618
0.676196
0.266057
0.252402
0.634369
0.48225
0.440812
0.428778
0.419723
0.413847
0.408791
0.405366
0.403649
0.403497
0.404657
0.406389
0.406924
0.408856
0.409897
0.423547
0.474949
0.634374
0.248483
0.236046
0.588437
0.46248
0.43226
0.421219
0.414378
0.407919
0.403166
0.400108
0.39867
0.39877
0.400299
0.402692
0.403523
0.404369
0.406747
0.419864
0.456821
0.591125
0.233287
0.225374
0.543352
0.440744
0.421132
0.413484
0.406932
0.401479
0.39731
0.394602
0.393364
0.393572
0.395286
0.398585
0.403136
0.403756
0.405849
0.419436
0.440997
0.553932
0.227848
0.223507
0.506482
0.423615
0.411731
0.405939
0.400243
0.395268
0.391553
0.389183
0.388109
0.388296
0.389759
0.392567
0.396836
0.402834
0.404453
0.413172
0.42885
0.521215
0.22725
0.227565
0.479997
0.411661
0.404083
0.399449
0.394258
0.389781
0.386458
0.384336
0.383366
0.383526
0.384833
0.387375
0.391212
0.396294
0.40294
0.407584
0.418572
0.493898
0.230256
0.236373
0.466698
0.408288
0.399148
0.393861
0.389129
0.385138
0.382149
0.380214
0.379305
0.379412
0.380536
0.38275
0.386136
0.390844
0.396417
0.401946
0.412357
0.472998
0.236904
0.245041
0.454541
0.406898
0.396076
0.390345
0.385891
0.381973
0.379015
0.377099
0.376181
0.376243
0.377261
0.379279
0.38229
0.386331
0.391322
0.398414
0.410824
0.460038
0.245002
0.252614
0.444912
0.408441
0.395934
0.388745
0.383897
0.379786
0.376781
0.374861
0.373937
0.373979
0.374971
0.376988
0.38008
0.38431
0.38929
0.396042
0.408117
0.445506
0.252383
0.261728
0.436006
0.411479
0.398817
0.390142
0.383385
0.378655
0.375465
0.373484
0.372532
0.372549
0.37352
0.375526
0.378705
0.383359
0.390019
0.398672
0.411175
0.437954
0.262661
0.272549
0.431153
0.414089
0.400701
0.389833
0.382685
0.377872
0.374694
0.372748
0.371824
0.37183
0.372765
0.37474
0.377962
0.382801
0.390029
0.400995
0.415495
0.432146
0.273634
0.282876
0.429069
0.418966
0.402662
0.390781
0.382848
0.377677
0.374415
0.372511
0.371638
0.371634
0.372499
0.374387
0.377651
0.382823
0.390616
0.402976
0.419406
0.429917
0.282139
0.294765
0.429639
0.424306
0.404869
0.391018
0.382557
0.377298
0.374137
0.372379
0.371611
0.371607
0.372375
0.374112
0.377258
0.382507
0.391086
0.404823
0.424401
0.430408
0.295856
0.307306
0.43849
0.430591
0.40605
0.390824
0.381929
0.376761
0.373834
0.372304
0.371648
0.371645
0.372302
0.373831
0.376765
0.381939
0.390819
0.406021
0.43104
0.43854
0.305987
0.318524
0.449873
0.436989
0.406503
0.38992
0.380949
0.376081
0.373508
0.37228
0.371776
0.371774
0.372277
0.373491
0.376033
0.380875
0.389831
0.406424
0.436664
0.449314
0.318849
0.331247
0.467164
0.441481
0.405712
0.388124
0.379519
0.375289
0.373311
0.372404
0.372076
0.372075
0.372406
0.373311
0.375292
0.379537
0.388159
0.405775
0.441542
0.467249
0.3311
0.3416
0.485604
0.443197
0.402631
0.385412
0.377883
0.374579
0.373262
0.372735
0.372565
0.372565
0.372734
0.37326
0.374561
0.37785
0.385364
0.402595
0.44325
0.48549
0.341211
0.351927
0.494679
0.439101
0.39641
0.381602
0.376096
0.374205
0.37347
0.373233
0.373171
0.373173
0.373239
0.373484
0.374212
0.376117
0.381614
0.396429
0.439106
0.494601
0.35203
0.360484
0.495678
0.421382
0.385968
0.377219
0.374897
0.374126
0.373914
0.373872
0.37387
0.37387
0.373877
0.373922
0.374134
0.374901
0.377209
0.38587
0.421281
0.495566
0.360167
0.368035
0.430717
0.384768
0.37699
0.375282
0.374718
0.374619
0.374621
0.374629
0.374631
0.374631
0.374628
0.37462
0.374617
0.37472
0.375295
0.377072
0.384824
0.430826
0.368212
0.983051
1.67775
1.42136
1.1218
0.887619
0.716837
0.608343
0.540594
0.501732
0.482951
0.479809
0.492137
0.524087
0.583958
0.687186
0.84891
1.0861
1.39446
1.65689
0.948566
0.976448
1.66595
1.40672
1.10939
0.886732
0.714946
0.608016
0.540246
0.50127
0.482406
0.479264
0.491663
0.523766
0.583296
0.686366
0.846571
1.074
1.38964
1.65119
0.944889
0.984865
1.67516
1.42055
1.1179
0.887492
0.715056
0.607731
0.539294
0.500109
0.481129
0.478037
0.490497
0.52356
0.582584
0.685706
0.844884
1.08429
1.38698
1.64579
0.942269
0.984281
1.67285
1.43121
1.12456
0.886825
0.717119
0.607412
0.5408
0.501569
0.482563
0.47983
0.492518
0.523619
0.581737
0.684548
0.835691
1.08087
1.37066
1.63733
0.935655
0.978158
1.67937
1.43151
1.11602
0.884632
0.714018
0.60595
0.54044
0.500424
0.481219
0.479544
0.492454
0.523528
0.579129
0.684444
0.840321
1.06876
1.37411
1.63647
0.940873
0.986112
1.66967
1.42734
1.13343
0.879201
0.716894
0.607731
0.540329
0.501681
0.482735
0.478925
0.49237
0.523539
0.581368
0.683912
0.847564
1.07845
1.37872
1.649
0.945201
0.986391
1.68496
1.41246
1.13226
0.88142
0.714087
0.609429
0.540259
0.50103
0.484618
0.481213
0.492474
0.523298
0.582678
0.679572
0.846386
1.08736
1.38888
1.64662
0.944253
0.984048
1.68265
1.42694
1.13471
0.886205
0.717137
0.610107
0.541655
0.502791
0.48517
0.481233
0.491292
0.523521
0.58238
0.683154
0.844076
1.08656
1.38597
1.6428
0.942673
0.983287
1.68249
1.42343
1.13319
0.892987
0.720098
0.610327
0.54149
0.5015
0.48513
0.481313
0.492191
0.523163
0.580442
0.679372
0.836883
1.08302
1.37425
1.6347
0.938235
0.976896
1.67053
1.40697
1.13226
0.893341
0.718261
0.610346
0.541283
0.502641
0.485289
0.480517
0.490924
0.522264
0.582317
0.68228
0.843947
1.08269
1.39367
1.66072
0.945917
0.982455
1.68218
1.41325
1.13214
0.892857
0.721777
0.610345
0.540395
0.504146
0.485709
0.481746
0.492725
0.523598
0.58167
0.678859
0.834381
1.06777
1.39172
1.66004
0.939392
0.980628
1.68068
1.41547
1.13169
0.891703
0.72064
0.610111
0.542112
0.504504
0.485959
0.480676
0.493629
0.522346
0.579945
0.681702
0.837975
1.07532
1.38958
1.66396
0.949143
0.97383
1.67028
1.42475
1.12843
0.889627
0.718785
0.609943
0.54106
0.504271
0.485962
0.481388
0.493747
0.522878
0.580032
0.68035
0.838925
1.08209
1.38869
1.66123
0.945645
0.978716
1.68225
1.42367
1.1259
0.88859
0.718981
0.609713
0.542449
0.50421
0.486047
0.482467
0.493886
0.523577
0.580353
0.678089
0.845101
1.07363
1.38174
1.65696
0.952458
0.973929
1.68168
1.40852
1.11664
0.886282
0.715994
0.609164
0.542276
0.504183
0.485872
0.482351
0.493763
0.522559
0.581411
0.678637
0.845075
1.08904
1.37348
1.65482
0.95141
0.9812
1.68126
1.41749
1.11929
0.885118
0.715818
0.608654
0.541087
0.502797
0.485438
0.481272
0.493087
0.523968
0.580577
0.680483
0.841768
1.08729
1.39156
1.64154
0.949926
0.978593
1.68051
1.42489
1.12201
0.878649
0.716567
0.608541
0.542108
0.503462
0.485424
0.483033
0.494886
0.523603
0.582499
0.678947
0.83944
1.08289
1.38907
1.6521
0.945419
0.97035
1.6664
1.42279
1.11995
0.882
0.715836
0.607248
0.541892
0.504158
0.484167
0.483176
0.495366
0.524641
0.582315
0.674675
0.835288
1.06861
1.37215
1.64338
0.953627
0.973883
1.67971
1.42034
1.10752
0.879653
0.712736
0.608293
0.541054
0.504335
0.485066
0.483219
0.495499
0.525673
0.582573
0.677174
0.831844
1.07121
1.38238
1.66155
0.953342
0.976094
1.68051
1.41871
1.11139
0.877505
0.713701
0.608242
0.542451
0.504503
0.486301
0.483291
0.495712
0.525638
0.581807
0.677476
0.834046
1.0729
1.38807
1.65766
0.944851
0.973284
1.67881
1.41703
1.11396
0.878206
0.71482
0.607207
0.542343
0.504489
0.486417
0.483915
0.49584
0.525615
0.583871
0.679217
0.836961
1.06825
1.38373
1.64365
0.950223
0.96507
1.67702
1.41306
1.11113
0.875964
0.714117
0.608064
0.542122
0.504142
0.486128
0.48381
0.496055
0.526406
0.583521
0.679949
0.830989
1.05465
1.36657
1.64121
0.944374
0.966019
1.67411
1.39727
1.10612
0.869047
0.712777
0.607514
0.541256
0.503022
0.485652
0.483543
0.495276
0.527851
0.585318
0.682306
0.832805
1.06016
1.37297
1.63978
0.951441
0.963748
1.67279
1.40577
1.10368
0.868458
0.712008
0.606143
0.543147
0.504914
0.485536
0.482842
0.49698
0.528146
0.5844
0.681812
0.832422
1.06469
1.37023
1.63741
0.953982
0.963459
1.66791
1.40258
1.09893
0.866224
0.709538
0.606221
0.543348
0.504801
0.486505
0.485137
0.497404
0.528374
0.585844
0.679913
0.834366
1.05402
1.35457
1.64118
0.951922
0.956887
1.66668
1.39893
1.0901
0.865262
0.709438
0.606031
0.543397
0.505094
0.487471
0.485597
0.497996
0.528395
0.585939
0.682069
0.831403
1.06162
1.36177
1.65299
0.956001
0.962287
1.66353
1.39634
1.09571
0.86569
0.708947
0.606283
0.543706
0.505777
0.488896
0.485534
0.498109
0.528146
0.585293
0.683129
0.835564
1.05134
1.35337
1.65293
0.954872
0.964386
1.66009
1.39055
1.09845
0.866149
0.708604
0.606857
0.543757
0.505541
0.488898
0.48446
0.498483
0.527325
0.586486
0.68277
0.834196
1.05203
1.3567
1.64996
0.952976
0.956916
1.64409
1.38611
1.09093
0.86882
0.708282
0.606084
0.544129
0.506175
0.48913
0.486665
0.499155
0.52861
0.586179
0.680511
0.83286
1.05113
1.36282
1.63794
0.949462
0.958504
1.65331
1.38159
1.0952
0.868392
0.709061
0.607985
0.544573
0.506726
0.488433
0.48683
0.499618
0.52951
0.58604
0.680187
0.831248
1.05633
1.35037
1.64074
0.948748
0.957913
1.654
1.37271
1.09308
0.867459
0.710242
0.608048
0.544973
0.507947
0.490579
0.487837
0.499685
0.529047
0.585725
0.67922
0.829013
1.0483
1.35582
1.64167
0.945889
0.959572
1.65341
1.38271
1.0928
0.865767
0.709747
0.608106
0.545267
0.508028
0.490494
0.487487
0.499797
0.52867
0.585445
0.67832
0.825573
1.05337
1.35218
1.63112
0.943186
0.962654
1.6528
1.3714
1.08997
0.862402
0.709674
0.608092
0.545671
0.50964
0.489856
0.48618
0.499848
0.529279
0.584653
0.678646
0.82574
1.0433
1.34897
1.63348
0.939466
0.958523
1.65037
1.3813
1.08884
0.86471
0.709277
0.608066
0.545705
0.510031
0.49161
0.487033
0.500112
0.529102
0.58516
0.679406
0.827263
1.04354
1.33651
1.62552
0.937285
0.964252
1.64874
1.37006
1.08481
0.860608
0.70762
0.607977
0.545772
0.510343
0.491633
0.487625
0.500278
0.528332
0.585473
0.678004
0.826085
1.04092
1.34439
1.629
0.93532
0.961616
1.64261
1.37047
1.08235
0.859925
0.708295
0.607945
0.545578
0.510468
0.491033
0.486601
0.500614
0.529176
0.585528
0.678898
0.824504
1.03883
1.34119
1.63385
0.935185
0.957944
1.6348
1.363
1.07487
0.857975
0.70775
0.60742
0.544813
0.510858
0.493308
0.488076
0.500959
0.529066
0.584721
0.678403
0.82328
1.03704
1.3359
1.63223
0.932361
0.95892
1.64364
1.36096
1.07321
0.856036
0.707229
0.607995
0.546055
0.510936
0.493554
0.489885
0.501225
0.529751
0.585172
0.677877
0.821089
1.03827
1.3324
1.61876
0.931989
0.956076
1.62854
1.35504
1.06645
0.854351
0.706452
0.607633
0.546092
0.51067
0.493378
0.489675
0.501179
0.530178
0.584628
0.677042
0.819214
1.03436
1.32519
1.61872
0.932751
0.953521
1.62525
1.34874
1.06286
0.852063
0.705062
0.606866
0.545516
0.509632
0.493164
0.48874
0.502121
0.531149
0.585599
0.676871
0.817701
1.02624
1.31338
1.61734
0.930369
0.949931
1.61722
1.345
1.05987
0.849935
0.703932
0.606507
0.544818
0.509923
0.494547
0.491254
0.503165
0.532268
0.586546
0.676708
0.816366
1.02417
1.31654
1.61232
0.923922
0.94914
1.61643
1.3397
1.05608
0.84784
0.702945
0.606102
0.544675
0.5106
0.494555
0.492136
0.504013
0.533415
0.587218
0.676416
0.814828
1.01993
1.30207
1.59905
0.920828
0.946616
1.61218
1.33328
1.05118
0.845069
0.701426
0.605335
0.544203
0.509475
0.494297
0.490996
0.503031
0.533329
0.587296
0.676449
0.814266
1.0162
1.29829
1.59701
0.91827
0.944232
1.61033
1.32478
1.04694
0.842755
0.699492
0.604376
0.54386
0.510277
0.494182
0.492141
0.504132
0.533448
0.587218
0.676129
0.812851
1.0147
1.29541
1.5963
0.915763
0.940615
1.60502
1.31654
1.04168
0.839576
0.697898
0.603423
0.543336
0.508979
0.493745
0.491887
0.503482
0.533216
0.587145
0.67597
0.811393
1.01057
1.28989
1.59296
0.91345
0.935469
1.59659
1.3074
1.03721
0.836804
0.697012
0.602575
0.542436
0.509094
0.492297
0.490378
0.50385
0.532854
0.586888
0.675113
0.809122
1.0043
1.2775
1.57894
0.909843
0.929452
1.58979
1.30203
1.03293
0.832949
0.694194
0.601551
0.541883
0.508665
0.49229
0.490443
0.503567
0.532963
0.586602
0.673375
0.806911
1.00135
1.27397
1.57652
0.907821
0.925648
1.58569
1.2979
1.0298
0.829504
0.691626
0.600812
0.541143
0.507159
0.491628
0.490057
0.503196
0.531981
0.585899
0.671506
0.803617
0.997155
1.26554
1.56832
0.903875
0.923709
1.58224
1.29272
1.02607
0.827413
0.689473
0.599942
0.540289
0.507063
0.491458
0.490653
0.502166
0.531503
0.584873
0.669455
0.800398
0.993477
1.25939
1.56347
0.901367
0.91899
1.57666
1.28764
1.02174
0.827013
0.689071
0.599111
0.539296
0.505521
0.491028
0.489514
0.501893
0.530776
0.584121
0.669027
0.797473
0.989259
1.25337
1.56003
0.896878
0.915581
1.57194
1.28214
1.01679
0.824953
0.688513
0.597582
0.538195
0.505684
0.491081
0.490441
0.501683
0.530163
0.582703
0.666873
0.795895
0.986018
1.24874
1.5524
0.895151
0.910769
1.56497
1.2764
1.01274
0.821789
0.686214
0.596568
0.537449
0.505495
0.491055
0.489096
0.501026
0.529484
0.580738
0.664217
0.792824
0.981125
1.24348
1.55552
0.893165
0.906191
1.56194
1.27103
1.00712
0.817587
0.685161
0.595003
0.536345
0.504671
0.490474
0.488915
0.500585
0.528946
0.579006
0.661619
0.78926
0.976733
1.24
1.56131
0.891988
0.900909
1.55559
1.26399
1.00146
0.812202
0.680434
0.592665
0.534837
0.502969
0.488685
0.488435
0.500189
0.528474
0.578458
0.659514
0.784296
0.972062
1.23313
1.54835
0.889197
0.894341
1.54862
1.25524
0.993396
0.805625
0.676068
0.590363
0.53356
0.501943
0.489083
0.488623
0.500416
0.528046
0.578031
0.655921
0.78107
0.967828
1.22853
1.54755
0.887029
0.888962
1.53885
1.24673
0.985104
0.798425
0.670527
0.587594
0.531963
0.500627
0.488147
0.487821
0.499672
0.527422
0.578588
0.655194
0.781183
0.963844
1.22358
1.53561
0.884462
0.88087
1.52983
1.23601
0.976012
0.791995
0.665854
0.58512
0.530338
0.49893
0.485698
0.485427
0.497472
0.525838
0.575961
0.653807
0.775552
0.956382
1.21699
1.53391
0.8814
0.872611
1.5227
1.22502
0.965956
0.785569
0.660858
0.582398
0.528699
0.497673
0.484458
0.484547
0.496733
0.524435
0.573051
0.648857
0.770698
0.94844
1.20951
1.52399
0.878419
0.869267
1.51516
1.21299
0.954896
0.777804
0.654047
0.579305
0.526583
0.495882
0.482637
0.483053
0.495264
0.522848
0.570348
0.644326
0.759908
0.939875
1.20079
1.51136
0.873862
0.866635
1.5096
1.20155
0.943515
0.767715
0.646769
0.576323
0.52455
0.494391
0.481288
0.481425
0.493679
0.521018
0.566221
0.638303
0.752135
0.933476
1.19304
1.50495
0.870866
0.862197
1.50104
1.18883
0.934439
0.759968
0.642648
0.573468
0.522194
0.492392
0.479534
0.479794
0.492334
0.519839
0.563329
0.634223
0.745922
0.929393
1.18449
1.49608
0.866557
0.856747
1.49374
1.17551
0.921494
0.74983
0.640808
0.570058
0.519428
0.490239
0.477499
0.478013
0.490636
0.51836
0.562867
0.633852
0.744287
0.923699
1.17532
1.4898
0.860023
0.847713
1.48462
1.15979
0.90586
0.740231
0.640637
0.565918
0.516346
0.487972
0.475782
0.476191
0.489156
0.516736
0.562694
0.629757
0.742357
0.914473
1.16603
1.48456
0.856681
0.836432
1.47286
1.14188
0.892533
0.732748
0.631394
0.560687
0.513037
0.485635
0.473986
0.474749
0.48766
0.515154
0.560424
0.625516
0.736273
0.905567
1.15554
1.47783
0.846846
0.823629
1.45908
1.12238
0.875324
0.72374
0.622861
0.555334
0.509684
0.483343
0.472386
0.473379
0.486218
0.513298
0.557934
0.621723
0.733095
0.89766
1.14522
1.47282
0.844726
0.808853
1.44419
1.10308
0.857926
0.71016
0.612436
0.549886
0.506493
0.481218
0.471055
0.4719
0.484478
0.511203
0.555097
0.62012
0.723091
0.886239
1.13308
1.46372
0.836821
0.792585
1.42655
1.08234
0.840088
0.692201
0.602002
0.544742
0.503332
0.479091
0.469587
0.470453
0.482812
0.509285
0.552797
0.620103
0.713636
0.87512
1.11792
1.45402
0.826851
0.776415
1.40902
1.06438
0.824491
0.681438
0.59434
0.540303
0.500331
0.476851
0.467409
0.468562
0.480697
0.506799
0.549634
0.612319
0.708238
0.864271
1.10105
1.44078
0.816821
0.758345
1.38754
1.04358
0.812595
0.672118
0.589204
0.536205
0.496959
0.474206
0.465148
0.466345
0.47832
0.504077
0.546273
0.604873
0.698671
0.851352
1.0818
1.42502
0.801553
0.742299
1.36464
1.01959
0.797028
0.666274
0.584463
0.531945
0.493684
0.471506
0.462394
0.463745
0.475615
0.500642
0.540809
0.596552
0.688443
0.83826
1.06032
1.40532
0.779746
0.72457
1.34134
0.996571
0.78265
0.660312
0.575974
0.526533
0.489969
0.468759
0.460043
0.461382
0.472979
0.497769
0.538524
0.592958
0.682393
0.825003
1.03835
1.3863
0.766824
0.707724
1.31859
0.974032
0.770557
0.651039
0.569544
0.522129
0.486485
0.465943
0.457447
0.458652
0.469784
0.493674
0.533541
0.588526
0.679927
0.808967
1.01224
1.35996
0.74773
0.684421
1.29371
0.948786
0.75555
0.641135
0.563248
0.516883
0.482431
0.462794
0.454676
0.455838
0.466471
0.489353
0.528044
0.580996
0.667128
0.78986
0.98499
1.33256
0.724186
0.662377
1.26906
0.924662
0.729795
0.625445
0.558557
0.511763
0.478257
0.459427
0.451596
0.452619
0.462663
0.484377
0.522083
0.577592
0.657326
0.768538
0.954097
1.30172
0.701402
0.643201
1.2403
0.902249
0.714726
0.611873
0.555826
0.506275
0.473847
0.455852
0.448375
0.449296
0.45868
0.478732
0.513654
0.568383
0.640174
0.743654
0.921696
1.27007
0.675863
0.621114
1.20425
0.879188
0.700261
0.5986
0.543785
0.498851
0.468757
0.451842
0.444742
0.445588
0.454398
0.472967
0.504447
0.551813
0.620486
0.719746
0.891377
1.23565
0.652718
0.602058
1.16622
0.856162
0.690297
0.589559
0.536424
0.492402
0.463681
0.447587
0.440779
0.441498
0.449714
0.46694
0.495929
0.539205
0.598794
0.694543
0.859851
1.19416
0.632427
0.570973
1.11786
0.822782
0.676474
0.585209
0.526867
0.48448
0.457738
0.44275
0.436356
0.436993
0.444655
0.460665
0.487521
0.527664
0.58374
0.669284
0.819158
1.13436
0.581852
0.544232
1.07239
0.787869
0.649182
0.572266
0.514715
0.475703
0.451182
0.437324
0.431329
0.431817
0.438773
0.45326
0.47729
0.512634
0.561421
0.640927
0.776134
1.06944
0.536565
0.513401
1.02021
0.751428
0.626176
0.55308
0.502411
0.466603
0.44402
0.43127
0.425736
0.42614
0.432453
0.445627
0.467478
0.499525
0.542741
0.610391
0.726781
0.996953
0.484557
0.477479
0.966966
0.716793
0.606444
0.539615
0.489359
0.456026
0.435753
0.424406
0.41945
0.419768
0.425347
0.43702
0.456402
0.484958
0.523398
0.583488
0.685807
0.926986
0.442054
0.446526
0.909794
0.681693
0.581154
0.517741
0.473057
0.444206
0.426776
0.417011
0.412739
0.413023
0.417886
0.428139
0.445432
0.471703
0.50797
0.560249
0.642749
0.851738
0.402984
0.411826
0.845791
0.638814
0.551992
0.494495
0.455789
0.431718
0.417328
0.409234
0.405671
0.405916
0.410001
0.418604
0.433217
0.456055
0.488677
0.532071
0.599607
0.777199
0.362821
0.37806
0.777785
0.59783
0.520592
0.470817
0.439135
0.419807
0.408216
0.401644
0.398738
0.398947
0.402289
0.409311
0.421255
0.440389
0.469371
0.508045
0.561345
0.710695
0.330681
0.336672
0.707575
0.552697
0.487103
0.447496
0.423289
0.408527
0.39956
0.394419
0.392125
0.392311
0.394988
0.400569
0.409918
0.424709
0.447495
0.480567
0.527845
0.656403
0.302862
0.319707
0.639593
0.512904
0.459327
0.429323
0.410749
0.399244
0.392174
0.388087
0.386249
0.386388
0.388503
0.392947
0.400342
0.411876
0.429285
0.455915
0.498383
0.611715
0.293924
0.315607
0.580363
0.477741
0.437896
0.414762
0.400431
0.391526
0.385981
0.382741
0.38127
0.38138
0.383075
0.38668
0.392761
0.402501
0.4177
0.440741
0.478904
0.574227
0.290754
0.303649
0.528879
0.453006
0.421872
0.404527
0.393416
0.386125
0.381449
0.378692
0.377427
0.377485
0.378845
0.381764
0.386663
0.394424
0.406589
0.42617
0.457757
0.533638
0.29186
0.294536
0.500455
0.443971
0.416722
0.399837
0.389314
0.382554
0.378289
0.375817
0.374701
0.37474
0.375917
0.378478
0.382835
0.389703
0.400297
0.417068
0.445583
0.502979
0.297916
0.303671
0.484839
0.440886
0.414256
0.397394
0.3869
0.380329
0.376312
0.374007
0.372983
0.372998
0.374039
0.37636
0.380399
0.38699
0.397483
0.414166
0.441508
0.486478
0.302963
0.313588
0.476665
0.443307
0.414721
0.396956
0.385863
0.379151
0.375254
0.373149
0.372272
0.372272
0.373149
0.375239
0.379124
0.385787
0.396818
0.414431
0.442661
0.476286
0.313112
0.32144
0.472302
0.447157
0.415211
0.396017
0.384654
0.378163
0.374629
0.372875
0.372168
0.372163
0.372865
0.374588
0.378075
0.384501
0.395838
0.41529
0.447162
0.472898
0.321374
0.328261
0.471434
0.450466
0.415349
0.394791
0.383437
0.377329
0.374214
0.372774
0.372201
0.372194
0.372768
0.374195
0.3773
0.383389
0.394723
0.415233
0.450808
0.471817
0.327997
0.337863
0.477841
0.454452
0.414545
0.392973
0.381927
0.376415
0.373824
0.37275
0.372353
0.372348
0.372743
0.373801
0.376362
0.381846
0.392862
0.414477
0.454483
0.477873
0.337912
0.343464
0.486748
0.457299
0.412582
0.390591
0.380258
0.375547
0.373573
0.372798
0.372555
0.372553
0.372797
0.373567
0.375537
0.380263
0.390606
0.412598
0.457303
0.487132
0.343253
0.352287
0.500755
0.458539
0.40925
0.387543
0.378423
0.374751
0.373478
0.373016
0.372894
0.372893
0.373015
0.373473
0.374729
0.378381
0.387458
0.409141
0.458532
0.500326
0.351814
0.356827
0.512556
0.457092
0.403564
0.383788
0.376699
0.374337
0.373567
0.373356
0.373311
0.373311
0.373357
0.373572
0.374333
0.376718
0.383798
0.403562
0.457081
0.512412
0.357
0.362679
0.51746
0.445213
0.394445
0.379454
0.375268
0.374171
0.373841
0.373769
0.373758
0.373759
0.373769
0.373848
0.374164
0.375284
0.379469
0.394553
0.445291
0.517397
0.362273
0.366074
0.504913
0.41948
0.383226
0.376316
0.374812
0.374315
0.374241
0.37424
0.374245
0.374244
0.374241
0.37424
0.3743
0.3748
0.37648
0.383742
0.420658
0.504769
0.366178
0.36996
0.431658
0.385427
0.376751
0.375177
0.374751
0.374741
0.374754
0.374757
0.374757
0.374757
0.374755
0.374745
0.374702
0.374583
0.374479
0.374498
0.381322
0.43105
0.369868
0.554113
1.1152
0.940903
0.749823
0.603458
0.510765
0.458019
0.429817
0.41555
0.409438
0.409041
0.414302
0.427868
0.455685
0.509494
0.606008
0.752542
0.938252
1.10811
0.547809
0.548969
1.10831
0.930564
0.742987
0.598362
0.508504
0.457582
0.430231
0.416291
0.410427
0.409817
0.414881
0.427915
0.455328
0.508509
0.60486
0.751663
0.935838
1.10573
0.54671
0.551041
1.11396
0.936514
0.751642
0.60036
0.510115
0.458006
0.430336
0.416203
0.410186
0.40965
0.41449
0.427754
0.454443
0.505913
0.602928
0.751421
0.930369
1.10039
0.544392
0.55268
1.11868
0.941244
0.752504
0.600156
0.511606
0.458362
0.430488
0.416174
0.410178
0.409537
0.414105
0.427799
0.455917
0.509373
0.597391
0.75143
0.949417
1.1094
0.553835
0.55207
1.11895
0.935002
0.747407
0.600182
0.511636
0.458847
0.430506
0.415908
0.409801
0.40913
0.413966
0.427552
0.455675
0.509282
0.598587
0.741719
0.950144
1.10687
0.55425
0.547709
1.11878
0.949907
0.755677
0.602779
0.511572
0.458868
0.430678
0.416457
0.410335
0.409747
0.414035
0.427296
0.455448
0.509116
0.599758
0.748898
0.953758
1.10928
0.554849
0.553229
1.11772
0.948567
0.753345
0.606473
0.511481
0.458723
0.430829
0.416049
0.410005
0.409234
0.414129
0.427168
0.455103
0.50864
0.603665
0.75313
0.95331
1.10893
0.554572
0.547111
1.10853
0.948168
0.74658
0.60596
0.510954
0.459181
0.43117
0.416197
0.409569
0.408904
0.4138
0.427221
0.454957
0.508311
0.603223
0.745704
0.951476
1.10962
0.554698
0.552345
1.1164
0.947957
0.752408
0.605312
0.509068
0.45959
0.432023
0.417124
0.410462
0.409274
0.413955
0.427152
0.454631
0.50744
0.602475
0.757476
0.952185
1.11185
0.55195
0.556773
1.11658
0.948385
0.751572
0.604373
0.511182
0.460107
0.43246
0.417272
0.410311
0.409046
0.41414
0.42738
0.453792
0.504604
0.596395
0.754108
0.949434
1.11586
0.560861
0.556514
1.11367
0.948203
0.750135
0.600146
0.512194
0.460592
0.432949
0.417866
0.410475
0.40974
0.414877
0.427804
0.454875
0.507436
0.60136
0.744871
0.945959
1.1214
0.561806
0.555411
1.10458
0.948093
0.743766
0.603317
0.51095
0.461004
0.43346
0.418306
0.411284
0.410128
0.415087
0.427935
0.454481
0.504564
0.596687
0.750975
0.938524
1.11966
0.560946
0.554062
1.1125
0.949093
0.755133
0.601494
0.512583
0.461795
0.434027
0.418789
0.411565
0.410479
0.415416
0.428202
0.453902
0.50611
0.600581
0.750441
0.941869
1.12131
0.561286
0.561942
1.11229
0.949172
0.75486
0.606985
0.511782
0.462463
0.434557
0.419143
0.411868
0.410739
0.415668
0.428569
0.45437
0.504289
0.598914
0.747708
0.946639
1.12135
0.55996
0.562343
1.12072
0.941324
0.744962
0.6056
0.51255
0.463171
0.434982
0.419495
0.412171
0.411046
0.416011
0.428987
0.454875
0.505476
0.593269
0.740847
0.94565
1.11237
0.554906
0.561735
1.11402
0.94707
0.750627
0.605575
0.513789
0.463771
0.435385
0.419833
0.412446
0.411242
0.416161
0.429208
0.455485
0.503944
0.596377
0.749629
0.944262
1.1167
0.558771
0.561447
1.12082
0.953756
0.754793
0.604262
0.514555
0.464009
0.435592
0.420049
0.412663
0.411438
0.416241
0.429201
0.456079
0.506262
0.598426
0.741578
0.942803
1.11863
0.557667
0.561155
1.12025
0.95174
0.753543
0.599427
0.515244
0.463982
0.435526
0.420165
0.412816
0.411514
0.416139
0.429229
0.456189
0.507378
0.596101
0.745908
0.934393
1.11848
0.553945
0.559619
1.11621
0.949719
0.753024
0.604672
0.515426
0.463929
0.435177
0.42015
0.412857
0.411461
0.41577
0.428896
0.455122
0.506433
0.597523
0.744294
0.936004
1.11414
0.553548
0.558401
1.11391
0.948613
0.75149
0.607129
0.5141
0.463772
0.435057
0.419888
0.412721
0.411237
0.415865
0.428528
0.454677
0.504857
0.594655
0.740865
0.935854
1.11658
0.553221
0.554009
1.11497
0.945472
0.747751
0.602904
0.514098
0.463651
0.435201
0.419312
0.412325
0.41072
0.415232
0.428261
0.454089
0.501943
0.592205
0.737861
0.925456
1.11517
0.549141
0.555633
1.10998
0.934868
0.740982
0.606453
0.514817
0.463426
0.434568
0.419313
0.412051
0.4111
0.415231
0.428068
0.453608
0.500651
0.585209
0.729758
0.930411
1.10807
0.550189
0.556975
1.11676
0.937245
0.750281
0.606376
0.513631
0.463068
0.434535
0.419846
0.412431
0.410428
0.415302
0.427821
0.453166
0.499363
0.584626
0.727499
0.9206
1.10931
0.545771
0.555635
1.11609
0.932525
0.750697
0.602371
0.514104
0.462995
0.434484
0.41907
0.411622
0.410326
0.414591
0.427451
0.452803
0.498542
0.582355
0.725562
0.921485
1.10485
0.545413
0.550516
1.1164
0.932421
0.748514
0.605442
0.515378
0.463012
0.434661
0.419677
0.411741
0.410829
0.414588
0.427222
0.45229
0.497533
0.580816
0.718038
0.923913
1.10911
0.541973
0.55325
1.11561
0.930966
0.746815
0.604709
0.514993
0.462991
0.434985
0.419172
0.411646
0.41008
0.41445
0.426736
0.451609
0.496607
0.577123
0.716438
0.920638
1.10161
0.541319
0.556427
1.11614
0.934937
0.739804
0.599753
0.513976
0.462987
0.434606
0.419287
0.41188
0.410297
0.414697
0.426964
0.450999
0.495387
0.575069
0.711325
0.909549
1.10146
0.538678
0.553515
1.11501
0.928769
0.740173
0.600278
0.513498
0.462731
0.435071
0.42009
0.412181
0.410905
0.414469
0.42636
0.450445
0.494651
0.573078
0.707896
0.909296
1.10086
0.536962
0.557613
1.11481
0.936183
0.738738
0.5985
0.512772
0.462679
0.434856
0.419982
0.412677
0.410711
0.414726
0.426628
0.449824
0.493497
0.57175
0.706187
0.905453
1.10361
0.534398
0.552917
1.10737
0.933134
0.738888
0.59709
0.512042
0.462355
0.435138
0.419799
0.412465
0.410346
0.414043
0.425756
0.449167
0.492793
0.571752
0.708023
0.914897
1.10251
0.534286
0.554068
1.11221
0.930939
0.736266
0.595277
0.51027
0.462073
0.434699
0.419954
0.412964
0.410536
0.414141
0.425409
0.448923
0.492772
0.573549
0.713066
0.913983
1.09895
0.532383
0.553039
1.11046
0.922546
0.727709
0.593737
0.509546
0.461992
0.435171
0.420658
0.413016
0.410745
0.414312
0.425547
0.44901
0.492734
0.569472
0.706029
0.911038
1.09418
0.531141
0.552978
1.10824
0.929299
0.73031
0.591158
0.508652
0.461577
0.434573
0.419912
0.412858
0.41132
0.414951
0.425714
0.449082
0.49388
0.574339
0.715474
0.910077
1.09477
0.528249
0.551529
1.1047
0.927184
0.731504
0.589594
0.507643
0.461146
0.433991
0.419465
0.412498
0.4109
0.414752
0.425864
0.449087
0.493503
0.576181
0.71345
0.899195
1.09222
0.528405
0.547196
1.10548
0.917131
0.728378
0.587712
0.506668
0.460696
0.433936
0.419541
0.412721
0.411667
0.415606
0.426094
0.449007
0.492407
0.574726
0.712538
0.903181
1.09498
0.530527
0.546577
1.09821
0.915684
0.721479
0.585233
0.505585
0.460085
0.434385
0.419775
0.413427
0.411698
0.415574
0.426275
0.449203
0.49277
0.57031
0.709776
0.905622
1.09733
0.533885
0.54535
1.09984
0.913651
0.721758
0.583209
0.504734
0.459553
0.433762
0.419971
0.413172
0.411648
0.415631
0.426473
0.449241
0.491933
0.570577
0.707823
0.903607
1.09644
0.530565
0.547488
1.09587
0.913765
0.715912
0.58176
0.503793
0.458841
0.434122
0.419135
0.412859
0.411965
0.416238
0.427205
0.449432
0.491519
0.568798
0.704713
0.901207
1.09571
0.536287
0.546563
1.10167
0.911191
0.719028
0.581108
0.502921
0.458028
0.433408
0.419137
0.413109
0.412728
0.416641
0.427559
0.449505
0.491127
0.567993
0.702623
0.899286
1.09433
0.535465
0.544738
1.09899
0.907352
0.712764
0.579675
0.501781
0.457353
0.432706
0.419556
0.413881
0.413111
0.417037
0.427822
0.449613
0.490617
0.566183
0.69554
0.888954
1.08576
0.534239
0.543364
1.09727
0.904423
0.711596
0.578706
0.501153
0.456335
0.431922
0.418895
0.413689
0.413201
0.417236
0.427911
0.449359
0.490104
0.565163
0.698734
0.891461
1.0904
0.533003
0.538693
1.09388
0.899284
0.70777
0.576461
0.500698
0.456534
0.432281
0.418934
0.413613
0.413336
0.417347
0.427658
0.448764
0.489547
0.563165
0.696066
0.888789
1.08629
0.529851
0.538126
1.09138
0.890935
0.705247
0.575136
0.499546
0.455928
0.431885
0.419305
0.413183
0.41325
0.417247
0.427366
0.448764
0.48898
0.561294
0.689355
0.878484
1.09253
0.533773
0.535683
1.08563
0.888223
0.700672
0.573311
0.49858
0.455529
0.431583
0.418662
0.4131
0.413047
0.416816
0.427747
0.447492
0.488199
0.559796
0.687446
0.878508
1.0906
0.528249
0.532842
1.0833
0.883254
0.697142
0.571471
0.497623
0.454666
0.43112
0.418711
0.413245
0.412568
0.416471
0.426778
0.44706
0.487195
0.558217
0.683034
0.875392
1.08243
0.527121
0.528985
1.08014
0.879083
0.692975
0.56925
0.496771
0.454326
0.431431
0.419444
0.414057
0.41332
0.417078
0.426233
0.446716
0.486348
0.55652
0.677322
0.870305
1.07891
0.52592
0.526504
1.07724
0.874788
0.689234
0.567218
0.49539
0.453776
0.430896
0.418823
0.413394
0.412571
0.416261
0.426156
0.446628
0.486515
0.554994
0.674135
0.864862
1.07694
0.523871
0.524202
1.07512
0.869504
0.685352
0.565269
0.494285
0.453281
0.430481
0.419014
0.414193
0.412906
0.416457
0.4262
0.446528
0.484924
0.553131
0.670537
0.858614
1.07078
0.52144
0.521158
1.06674
0.865322
0.681898
0.563161
0.493017
0.452389
0.430873
0.419348
0.414188
0.413522
0.41669
0.426355
0.44629
0.483659
0.551483
0.667226
0.853549
1.06975
0.517842
0.518799
1.06485
0.860394
0.678455
0.561318
0.492085
0.450989
0.430097
0.420012
0.413959
0.413117
0.417355
0.427113
0.445806
0.482537
0.550016
0.664142
0.849438
1.06468
0.516674
0.516233
1.06164
0.854989
0.674438
0.559069
0.491186
0.450557
0.429995
0.419676
0.414105
0.413292
0.417201
0.426967
0.44626
0.482194
0.548391
0.660767
0.844014
1.06037
0.513194
0.514342
1.0616
0.84999
0.67045
0.556491
0.489759
0.45012
0.430119
0.419444
0.414759
0.413505
0.416893
0.426591
0.445228
0.480418
0.546161
0.657335
0.837711
1.05857
0.509456
0.511852
1.06133
0.844831
0.667079
0.55419
0.488246
0.449599
0.430902
0.420225
0.414724
0.413711
0.416952
0.425915
0.444033
0.47843
0.54376
0.652932
0.830959
1.05964
0.507414
0.509072
1.0568
0.83929
0.66292
0.551381
0.486038
0.449064
0.430331
0.419981
0.414989
0.414434
0.417635
0.425989
0.443874
0.477838
0.541784
0.649944
0.826559
1.05644
0.504967
0.505578
1.04943
0.834614
0.65993
0.54921
0.483331
0.448719
0.429561
0.419619
0.415618
0.414327
0.41725
0.42608
0.443901
0.477359
0.538832
0.645274
0.819397
1.04414
0.500621
0.503218
1.04458
0.829994
0.656106
0.546966
0.480969
0.446863
0.429727
0.419613
0.415686
0.414945
0.417409
0.426342
0.44445
0.477334
0.535889
0.640817
0.812339
1.03287
0.495071
0.499671
1.04072
0.82372
0.651961
0.544595
0.479849
0.446591
0.428488
0.419588
0.415793
0.414764
0.417611
0.425837
0.441899
0.472871
0.531007
0.6355
0.805248
1.0263
0.490072
0.495744
1.03038
0.81764
0.647314
0.54158
0.479239
0.447149
0.428348
0.419667
0.415509
0.414481
0.416918
0.424288
0.439629
0.470171
0.526837
0.630715
0.798316
1.02081
0.484779
0.491582
1.02677
0.810561
0.641978
0.538531
0.47882
0.445337
0.428115
0.419917
0.415778
0.414689
0.417248
0.423197
0.437767
0.468058
0.523098
0.625221
0.791484
1.01313
0.47915
0.487421
1.01991
0.80321
0.63596
0.534807
0.47528
0.443738
0.427924
0.420195
0.416605
0.415328
0.416739
0.423069
0.437499
0.468325
0.522272
0.619778
0.78331
1.0045
0.473287
0.483034
1.01151
0.795306
0.629449
0.530828
0.472992
0.443309
0.428045
0.420549
0.416556
0.415205
0.416814
0.42293
0.436971
0.466802
0.522181
0.613732
0.775643
0.995462
0.468534
0.479291
1.00617
0.788028
0.622283
0.526094
0.469956
0.441498
0.428389
0.421574
0.417536
0.41555
0.416947
0.422938
0.436714
0.466377
0.518062
0.608133
0.769168
0.991429
0.466583
0.476149
0.999858
0.780223
0.614905
0.520248
0.466302
0.439116
0.426523
0.420871
0.417521
0.415863
0.417116
0.423178
0.436446
0.464915
0.513676
0.601761
0.762045
0.984644
0.463403
0.472108
0.995179
0.77188
0.606805
0.513128
0.46465
0.437962
0.426255
0.420552
0.417822
0.416645
0.417225
0.421918
0.433771
0.461879
0.509675
0.595921
0.75525
0.980642
0.461128
0.467884
0.990028
0.763653
0.599416
0.505355
0.461882
0.437355
0.426123
0.421409
0.418224
0.416923
0.417847
0.422021
0.432776
0.459426
0.504833
0.58982
0.747971
0.974367
0.457414
0.462539
0.98279
0.754938
0.592293
0.497058
0.455679
0.436914
0.426073
0.421496
0.418522
0.417212
0.418005
0.422725
0.432226
0.455601
0.49969
0.58411
0.740727
0.970333
0.454767
0.457171
0.97751
0.745919
0.586365
0.492886
0.453826
0.4349
0.425955
0.421686
0.418904
0.417553
0.417917
0.421934
0.432054
0.452104
0.49411
0.57692
0.732099
0.964427
0.449915
0.451278
0.971272
0.735267
0.578239
0.490898
0.45436
0.435923
0.426947
0.42177
0.41927
0.417923
0.418341
0.421148
0.429232
0.447506
0.488468
0.569286
0.723433
0.959759
0.446439
0.445404
0.961539
0.722581
0.568732
0.488315
0.45112
0.433503
0.425537
0.422045
0.419469
0.418144
0.418243
0.420124
0.426708
0.443063
0.484081
0.562408
0.713421
0.952586
0.440933
0.438257
0.953296
0.708988
0.561695
0.481333
0.448559
0.433032
0.425218
0.42122
0.419263
0.418209
0.418118
0.419339
0.425162
0.439719
0.479692
0.554643
0.701925
0.944775
0.435465
0.426154
0.937716
0.689767
0.551956
0.479886
0.44992
0.43432
0.425429
0.420991
0.418711
0.417996
0.417694
0.419561
0.426254
0.43823
0.474154
0.544221
0.688862
0.936284
0.427543
0.414219
0.922242
0.669633
0.535523
0.47879
0.445662
0.432041
0.425514
0.420993
0.418615
0.417526
0.41815
0.420225
0.425026
0.437595
0.468926
0.534901
0.67536
0.927493
0.420052
0.403177
0.905518
0.65116
0.521216
0.469889
0.444924
0.432686
0.425429
0.421543
0.418691
0.417395
0.417281
0.419502
0.425879
0.438503
0.464525
0.524418
0.659568
0.91627
0.411973
0.391828
0.886125
0.633079
0.509378
0.462752
0.437206
0.428066
0.423729
0.420584
0.418621
0.417414
0.417406
0.418592
0.422862
0.432826
0.45659
0.510389
0.642394
0.901843
0.402205
0.38087
0.866488
0.61722
0.496794
0.457556
0.43258
0.425535
0.422392
0.420394
0.418642
0.417507
0.416444
0.417262
0.420028
0.428906
0.448969
0.496585
0.625229
0.885237
0.389085
0.364666
0.840156
0.59905
0.486681
0.450975
0.430968
0.425197
0.422281
0.42055
0.419168
0.417329
0.416159
0.416048
0.417365
0.425993
0.443195
0.485974
0.606543
0.862458
0.373959
0.350922
0.813956
0.582274
0.478031
0.444312
0.429472
0.424877
0.421982
0.421058
0.41882
0.417425
0.416229
0.416648
0.416517
0.423926
0.437234
0.474308
0.586097
0.835651
0.356141
0.333544
0.782496
0.561278
0.468981
0.440082
0.428667
0.425331
0.421642
0.419785
0.417683
0.416454
0.416104
0.415227
0.415619
0.421401
0.431924
0.465726
0.563531
0.800619
0.333179
0.315543
0.750488
0.543197
0.461685
0.442225
0.427857
0.422562
0.420997
0.417749
0.415311
0.414239
0.414354
0.415152
0.414966
0.416995
0.424102
0.453099
0.539075
0.762561
0.309455
0.298089
0.718019
0.526611
0.457287
0.437433
0.426881
0.42147
0.418622
0.41477
0.412295
0.411452
0.412002
0.413089
0.4138
0.413982
0.419646
0.442742
0.515259
0.719414
0.28369
0.281377
0.686221
0.513539
0.456084
0.438844
0.427092
0.420806
0.414895
0.410694
0.408327
0.407714
0.408666
0.410612
0.412399
0.414749
0.418429
0.435121
0.490341
0.672669
0.260181
0.267381
0.653321
0.497288
0.455565
0.432918
0.421281
0.415433
0.409841
0.405844
0.403699
0.403304
0.404541
0.407088
0.409837
0.411336
0.41732
0.426744
0.464408
0.625812
0.246105
0.256449
0.618323
0.477603
0.443314
0.429779
0.419396
0.410534
0.404302
0.400436
0.39853
0.398275
0.39952
0.402159
0.406104
0.410266
0.412786
0.414661
0.441481
0.583885
0.238428
0.247627
0.582642
0.460537
0.432625
0.418879
0.409514
0.402503
0.39763
0.394592
0.393139
0.393086
0.394317
0.396653
0.399715
0.402703
0.403668
0.405711
0.424146
0.547784
0.229701
0.237457
0.545096
0.441939
0.420785
0.410601
0.402224
0.396005
0.391752
0.389148
0.387951
0.388004
0.389226
0.391489
0.394436
0.396982
0.396579
0.398028
0.417717
0.518799
0.227708
0.232566
0.506917
0.425638
0.408924
0.40097
0.394537
0.389665
0.386267
0.384149
0.383182
0.383307
0.384503
0.386754
0.389848
0.392913
0.392561
0.396203
0.415114
0.496394
0.231567
0.234541
0.476413
0.411809
0.399187
0.393862
0.389051
0.385016
0.38204
0.380125
0.379225
0.379325
0.380417
0.382557
0.385721
0.389655
0.391915
0.397438
0.412305
0.476418
0.237421
0.242715
0.457093
0.40743
0.395225
0.390368
0.385767
0.381807
0.378891
0.37702
0.376128
0.376196
0.377202
0.379208
0.382242
0.386411
0.391728
0.396159
0.408581
0.455778
0.242676
0.252347
0.446184
0.408014
0.39587
0.389698
0.384032
0.379766
0.37676
0.374862
0.373951
0.373994
0.374967
0.376934
0.379945
0.384094
0.38948
0.395857
0.407908
0.446227
0.253959
0.261531
0.437172
0.41131
0.398479
0.389308
0.382924
0.378485
0.375415
0.373485
0.372551
0.372577
0.373546
0.375514
0.378603
0.382996
0.389186
0.398453
0.410891
0.437049
0.261634
0.273488
0.431892
0.414213
0.400053
0.38964
0.382642
0.377935
0.374747
0.372781
0.371847
0.371856
0.372802
0.374795
0.378038
0.382872
0.389844
0.400248
0.41396
0.431857
0.273357
0.282627
0.429644
0.419761
0.403215
0.39093
0.382938
0.377706
0.374418
0.372511
0.371638
0.371635
0.372496
0.374383
0.377651
0.38284
0.390789
0.403209
0.419966
0.429821
0.28192
0.295843
0.429962
0.424009
0.404705
0.390993
0.38252
0.377277
0.374128
0.372377
0.37161
0.371605
0.372371
0.374102
0.377237
0.382461
0.390949
0.404718
0.424113
0.430174
0.295889
0.305792
0.438496
0.431058
0.406006
0.390862
0.381973
0.376788
0.373846
0.372304
0.371647
0.371642
0.372299
0.373827
0.376762
0.381942
0.390842
0.406048
0.431268
0.438892
0.306523
0.319788
0.449398
0.436577
0.406395
0.389843
0.380899
0.376056
0.373503
0.372279
0.371777
0.371774
0.372275
0.373488
0.37603
0.380872
0.38983
0.406434
0.436713
0.449502
0.318914
0.330427
0.467282
0.441451
0.405792
0.388199
0.379569
0.375316
0.373316
0.372407
0.372078
0.372077
0.372406
0.373309
0.375288
0.37953
0.38815
0.405773
0.441571
0.467394
0.331086
0.342079
0.485606
0.443175
0.402575
0.385368
0.377857
0.374571
0.373261
0.372734
0.372564
0.372565
0.372734
0.37326
0.374562
0.377858
0.385379
0.402612
0.443272
0.485609
0.341651
0.351667
0.494651
0.43913
0.39646
0.381634
0.37611
0.374208
0.373472
0.373234
0.373171
0.373173
0.373239
0.373484
0.374212
0.376108
0.381602
0.396415
0.439104
0.494684
0.351875
0.360504
0.495652
0.42134
0.38595
0.377209
0.374896
0.374126
0.373914
0.373872
0.37387
0.37387
0.373878
0.373924
0.374137
0.37491
0.37723
0.385984
0.421424
0.495682
0.360528
0.368048
0.430763
0.384796
0.376984
0.375281
0.374718
0.374619
0.374622
0.374629
0.374631
0.374631
0.374627
0.37462
0.374617
0.374719
0.375284
0.376989
0.384751
0.430712
0.368017
0.205774
0.52185
0.472794
0.413879
0.371135
0.345705
0.332935
0.32739
0.32537
0.324846
0.325446
0.326764
0.330026
0.337325
0.351346
0.376564
0.41766
0.472358
0.519861
0.205394
0.205438
0.5212
0.473261
0.413182
0.371204
0.345947
0.333459
0.329236
0.327763
0.32698
0.327776
0.327669
0.330312
0.337527
0.351477
0.376591
0.417759
0.472
0.519634
0.20513
0.206478
0.523215
0.47391
0.414244
0.371091
0.345931
0.333547
0.327733
0.326265
0.324983
0.326687
0.328223
0.330251
0.337337
0.351339
0.376539
0.417571
0.47184
0.519691
0.205275
0.20716
0.524
0.474528
0.415109
0.371435
0.34572
0.332986
0.328202
0.325033
0.324211
0.326141
0.326766
0.329884
0.337247
0.351308
0.376211
0.417333
0.472564
0.519425
0.204929
0.207387
0.524644
0.474034
0.41346
0.370792
0.345686
0.333609
0.328114
0.325802
0.32387
0.324499
0.326392
0.329738
0.337101
0.351341
0.376002
0.417108
0.471535
0.520507
0.205238
0.206618
0.523572
0.473492
0.413928
0.371204
0.345858
0.332411
0.327239
0.323806
0.323393
0.324141
0.326089
0.329833
0.337278
0.351158
0.376039
0.417046
0.471862
0.520086
0.204854
0.206677
0.523435
0.472333
0.413942
0.370987
0.345251
0.332126
0.326836
0.324206
0.324854
0.324497
0.326272
0.330026
0.337798
0.351678
0.375896
0.416877
0.472472
0.520625
0.205006
0.206661
0.523695
0.47051
0.413836
0.371146
0.34537
0.332767
0.32602
0.325029
0.323793
0.324569
0.326319
0.330169
0.338187
0.351388
0.375829
0.416704
0.472234
0.520517
0.204931
0.206992
0.524137
0.471857
0.413725
0.371099
0.345243
0.331826
0.32584
0.324162
0.324011
0.326044
0.326676
0.330311
0.337499
0.351484
0.375676
0.416293
0.470421
0.520139
0.204728
0.206731
0.523895
0.472511
0.412673
0.370875
0.345734
0.332001
0.32611
0.325368
0.325022
0.324735
0.326417
0.330448
0.337584
0.351152
0.375571
0.416179
0.470817
0.520335
0.204768
0.206504
0.523647
0.473481
0.414056
0.37147
0.345706
0.332323
0.326228
0.323862
0.323526
0.324552
0.326748
0.332079
0.339032
0.351906
0.375808
0.414976
0.470277
0.520185
0.204632
0.206328
0.522518
0.472013
0.414873
0.371576
0.345939
0.332638
0.326709
0.325263
0.323947
0.324765
0.327003
0.331808
0.338569
0.351554
0.37574
0.415348
0.470741
0.519999
0.204862
0.206122
0.522761
0.47262
0.413665
0.371169
0.346672
0.334001
0.32821
0.324516
0.324547
0.325945
0.32779
0.331486
0.337942
0.350998
0.375444
0.416205
0.471955
0.520364
0.20487
0.205905
0.521687
0.471381
0.414736
0.371563
0.346302
0.333426
0.328024
0.324498
0.323494
0.323834
0.325974
0.330126
0.338342
0.350964
0.375746
0.415641
0.470677
0.520206
0.20463
0.206722
0.522866
0.473253
0.414796
0.371219
0.346773
0.334306
0.327946
0.326189
0.325337
0.32432
0.325943
0.329865
0.33699
0.35076
0.375752
0.41718
0.473018
0.520499
0.20495
0.206814
0.523652
0.47322
0.414478
0.371341
0.346224
0.333138
0.326932
0.325437
0.324844
0.325003
0.326335
0.331161
0.337366
0.350799
0.37545
0.417023
0.472925
0.519345
0.20429
0.206817
0.523766
0.473032
0.414448
0.371312
0.346389
0.334221
0.326995
0.324616
0.3239
0.324157
0.326153
0.329934
0.337956
0.351231
0.375668
0.416957
0.472743
0.519728
0.204498
0.206618
0.523472
0.47239
0.41304
0.370936
0.345756
0.333143
0.327198
0.325847
0.32527
0.324773
0.326232
0.329824
0.336922
0.350724
0.375638
0.416561
0.472451
0.520609
0.204883
0.20628
0.523033
0.471238
0.413585
0.370815
0.34538
0.332615
0.327796
0.323989
0.323512
0.325539
0.327246
0.330385
0.336959
0.350728
0.375307
0.416238
0.472582
0.520723
0.204855
0.20587
0.52248
0.472805
0.41283
0.370456
0.345718
0.333313
0.32679
0.324236
0.323828
0.324778
0.327903
0.331803
0.337291
0.351493
0.375867
0.415742
0.472456
0.520315
0.204657
0.205757
0.522768
0.472653
0.413871
0.370642
0.345068
0.332545
0.328168
0.326116
0.325891
0.326104
0.327144
0.330511
0.337127
0.351098
0.375816
0.416429
0.472564
0.520247
0.204295
0.205503
0.522662
0.472003
0.412698
0.370218
0.344951
0.332307
0.327355
0.325095
0.324992
0.324832
0.327997
0.33158
0.337337
0.351605
0.375653
0.415448
0.472305
0.520291
0.204779
0.205311
0.521663
0.471921
0.413634
0.370502
0.344926
0.332392
0.328966
0.326284
0.324204
0.324468
0.326248
0.330601
0.337209
0.35111
0.375966
0.416358
0.471427
0.520419
0.205309
0.205241
0.521877
0.471467
0.413159
0.370064
0.344685
0.331999
0.327661
0.324815
0.32413
0.324774
0.326319
0.330035
0.337357
0.351288
0.376201
0.417638
0.472526
0.520636
0.205523
0.205259
0.521958
0.471111
0.411535
0.36977
0.344513
0.331805
0.326729
0.32609
0.324801
0.32666
0.326856
0.331387
0.338686
0.351539
0.376612
0.417887
0.472481
0.52108
0.205305
0.205095
0.521685
0.469469
0.411327
0.369525
0.344336
0.331636
0.327328
0.325456
0.324649
0.326364
0.326809
0.330258
0.338049
0.351569
0.376542
0.417672
0.473163
0.520227
0.205272
0.205463
0.521182
0.469592
0.410944
0.369253
0.344337
0.331444
0.32577
0.324056
0.324633
0.326332
0.327158
0.330396
0.337495
0.351922
0.376253
0.417148
0.472591
0.520514
0.20537
0.205181
0.521927
0.470056
0.411422
0.369503
0.34446
0.331459
0.325574
0.323793
0.32545
0.32639
0.328777
0.331971
0.337683
0.351382
0.375676
0.416771
0.471399
0.520105
0.205424
0.205478
0.521966
0.470984
0.412386
0.36979
0.345275
0.332668
0.32673
0.323524
0.323428
0.324633
0.327643
0.331289
0.338161
0.350906
0.375385
0.415752
0.472389
0.521136
0.205294
0.205301
0.521812
0.471064
0.412367
0.3697
0.344867
0.331807
0.325539
0.323439
0.32333
0.324167
0.326468
0.330293
0.337267
0.351034
0.375204
0.415778
0.470647
0.520946
0.205424
0.205038
0.521702
0.46945
0.411934
0.369544
0.344505
0.332548
0.325416
0.323285
0.323216
0.324183
0.326351
0.330308
0.337132
0.350451
0.374949
0.415598
0.470761
0.520969
0.205301
0.205399
0.52191
0.470509
0.411858
0.369432
0.344252
0.331475
0.325307
0.323334
0.323278
0.324186
0.326463
0.331629
0.338166
0.350922
0.374902
0.415196
0.470063
0.519829
0.20449
0.204789
0.520769
0.469393
0.410986
0.369033
0.344279
0.3326
0.325441
0.323252
0.323158
0.323878
0.325966
0.330272
0.336707
0.349903
0.374432
0.414832
0.469824
0.519908
0.204309
0.204619
0.520329
0.468511
0.41042
0.368867
0.343991
0.332024
0.325508
0.323483
0.323571
0.324078
0.32609
0.33169
0.336493
0.349582
0.374045
0.413494
0.46899
0.519798
0.203716
0.204385
0.520187
0.468646
0.410536
0.368553
0.343749
0.331019
0.325584
0.323739
0.325009
0.325272
0.325731
0.330208
0.336039
0.349386
0.373822
0.413458
0.469871
0.519739
0.203574
0.204276
0.520109
0.467662
0.410292
0.368423
0.343729
0.33094
0.325104
0.323148
0.323082
0.323472
0.325024
0.328577
0.335537
0.349195
0.373367
0.413248
0.469294
0.518372
0.203215
0.204188
0.520065
0.468172
0.40922
0.368457
0.344447
0.33219
0.325556
0.323574
0.323577
0.323692
0.325214
0.328653
0.335623
0.349845
0.373149
0.412685
0.468616
0.518528
0.20329
0.203879
0.519663
0.466882
0.409679
0.368151
0.343885
0.331505
0.325835
0.32397
0.325583
0.324435
0.325457
0.328767
0.33565
0.349268
0.372637
0.41105
0.467809
0.518163
0.202665
0.203727
0.51957
0.466764
0.408507
0.368051
0.344002
0.331831
0.327352
0.324733
0.324674
0.32516
0.326876
0.330146
0.336556
0.348624
0.372092
0.410318
0.466552
0.517167
0.202538
0.203421
0.518609
0.466267
0.409099
0.368039
0.344587
0.332642
0.326855
0.323746
0.323247
0.323736
0.325196
0.328365
0.334935
0.348371
0.371432
0.409305
0.465114
0.516946
0.202538
0.203181
0.517904
0.465345
0.407784
0.367672
0.343926
0.33176
0.32614
0.323997
0.324106
0.325353
0.32544
0.328291
0.334633
0.34708
0.370894
0.408451
0.465079
0.517186
0.202681
0.202389
0.516934
0.464615
0.407122
0.367462
0.343906
0.331853
0.326143
0.323968
0.324435
0.32502
0.326567
0.329596
0.335687
0.346941
0.370331
0.407785
0.46386
0.516811
0.202595
0.202215
0.515982
0.462869
0.406197
0.367198
0.344074
0.332228
0.32627
0.323873
0.323165
0.323591
0.324882
0.327818
0.334107
0.346503
0.369518
0.40711
0.4644
0.516861
0.202407
0.201699
0.515075
0.461802
0.405202
0.366705
0.344663
0.333451
0.326583
0.324216
0.323505
0.323792
0.324917
0.327719
0.334116
0.346592
0.368769
0.406205
0.462572
0.515588
0.202086
0.201383
0.514594
0.460996
0.404592
0.366166
0.343619
0.332295
0.32686
0.324889
0.325271
0.324542
0.326592
0.329131
0.333613
0.345159
0.36778
0.405413
0.462007
0.515464
0.201552
0.201358
0.514244
0.460274
0.404063
0.366102
0.343934
0.332941
0.327552
0.32528
0.324709
0.324863
0.32591
0.328407
0.333743
0.345089
0.367173
0.404558
0.461005
0.514997
0.201265
0.200967
0.513779
0.459629
0.404103
0.365932
0.344373
0.333727
0.329839
0.327723
0.325677
0.325641
0.32647
0.328859
0.334056
0.345707
0.366637
0.403771
0.4599
0.513673
0.200675
0.200755
0.513535
0.45974
0.40372
0.366166
0.345101
0.335484
0.330683
0.32861
0.327904
0.327016
0.328753
0.331147
0.335468
0.344986
0.366202
0.402974
0.458793
0.512777
0.200325
0.200369
0.512818
0.458844
0.402793
0.365961
0.345954
0.336176
0.331705
0.329973
0.328787
0.3277
0.328444
0.331013
0.335031
0.345016
0.365818
0.402109
0.457749
0.512171
0.199887
0.200018
0.512033
0.457141
0.402116
0.365591
0.345811
0.33633
0.333022
0.331287
0.330302
0.330059
0.329363
0.33112
0.3362
0.345749
0.365451
0.400978
0.455857
0.511143
0.199485
0.199843
0.511356
0.456197
0.40161
0.365631
0.346341
0.33802
0.333956
0.332348
0.331624
0.331474
0.331603
0.331985
0.335521
0.344869
0.364843
0.399749
0.454387
0.510367
0.199001
0.199524
0.510998
0.455364
0.401034
0.365796
0.34753
0.338451
0.334818
0.333424
0.333164
0.33309
0.332789
0.333304
0.337308
0.345343
0.364354
0.398722
0.453176
0.50944
0.198526
0.199342
0.510471
0.454431
0.400584
0.365909
0.34813
0.339647
0.335833
0.334527
0.334497
0.334619
0.334577
0.334452
0.337939
0.345759
0.363969
0.397917
0.451956
0.508855
0.198121
0.198961
0.509747
0.453467
0.399874
0.36609
0.349339
0.341349
0.337471
0.336179
0.336174
0.336149
0.336287
0.337077
0.339448
0.346795
0.363939
0.397432
0.451235
0.508613
0.198137
0.198143
0.508517
0.452031
0.399161
0.366327
0.349928
0.342355
0.33918
0.338014
0.337743
0.337598
0.337592
0.338157
0.340651
0.347977
0.364506
0.396907
0.450012
0.508462
0.198181
0.197769
0.507976
0.451008
0.398214
0.365695
0.35059
0.343398
0.340397
0.339429
0.339205
0.339168
0.339271
0.339925
0.342451
0.348954
0.364773
0.396484
0.449311
0.508559
0.198072
0.197053
0.50687
0.449484
0.397258
0.365505
0.351087
0.3444
0.341657
0.340852
0.340679
0.340643
0.34078
0.341529
0.343798
0.350222
0.365086
0.396186
0.448628
0.508451
0.197759
0.196726
0.506255
0.44823
0.396554
0.365911
0.351695
0.345482
0.342995
0.342245
0.342077
0.342056
0.342181
0.342842
0.345025
0.350707
0.364754
0.39558
0.447552
0.507286
0.197348
0.196072
0.505176
0.446921
0.395646
0.365454
0.352184
0.346766
0.34473
0.343976
0.343716
0.343639
0.343693
0.344171
0.345924
0.350872
0.364151
0.394882
0.446546
0.50604
0.196737
0.195542
0.50419
0.445789
0.394954
0.364864
0.352476
0.347836
0.346091
0.345435
0.345173
0.345039
0.344982
0.345279
0.346596
0.350114
0.363942
0.394102
0.445444
0.50513
0.196275
0.195088
0.503161
0.444321
0.393849
0.364963
0.351909
0.348458
0.347187
0.346745
0.346555
0.346383
0.346173
0.346141
0.346955
0.350575
0.362524
0.393
0.444103
0.503971
0.195738
0.194721
0.502517
0.442828
0.392569
0.363218
0.350858
0.348778
0.348119
0.347909
0.347785
0.347573
0.347233
0.346831
0.346586
0.348763
0.361875
0.391906
0.442694
0.503193
0.195248
0.194232
0.501473
0.441243
0.391037
0.36175
0.351099
0.348668
0.348719
0.348859
0.348875
0.348663
0.348178
0.347327
0.345527
0.348304
0.361636
0.390314
0.440601
0.501834
0.194572
0.193829
0.500718
0.439242
0.389236
0.359367
0.348311
0.347986
0.349122
0.349696
0.349882
0.349685
0.349095
0.348019
0.345829
0.347942
0.359723
0.38865
0.438655
0.50076
0.193946
0.193259
0.499635
0.437085
0.387182
0.358661
0.347651
0.346372
0.34924
0.350414
0.350809
0.350623
0.349899
0.348644
0.347193
0.348664
0.359104
0.387168
0.436655
0.499253
0.193269
0.192513
0.498324
0.434497
0.384645
0.358549
0.347808
0.347171
0.349597
0.351101
0.351684
0.351501
0.350561
0.348654
0.345333
0.347055
0.35726
0.385223
0.434382
0.497715
0.192449
0.191559
0.496664
0.431372
0.381389
0.355056
0.345774
0.344629
0.348927
0.351578
0.35252
0.352412
0.351373
0.349248
0.345668
0.348191
0.357098
0.383639
0.432252
0.496664
0.191989
0.190602
0.494887
0.427955
0.378119
0.352219
0.344006
0.344221
0.348012
0.352059
0.353374
0.353315
0.352138
0.349696
0.345706
0.346739
0.357266
0.381407
0.429631
0.495231
0.191138
0.189325
0.492938
0.424076
0.37457
0.350094
0.341888
0.344195
0.349733
0.35309
0.354398
0.354342
0.353058
0.350352
0.346058
0.347048
0.354709
0.378508
0.426404
0.493387
0.190046
0.187609
0.490031
0.419659
0.370579
0.348461
0.341587
0.345363
0.348937
0.353621
0.35535
0.355403
0.354088
0.351322
0.347057
0.344901
0.351616
0.375469
0.423035
0.491405
0.188893
0.185756
0.487273
0.414859
0.366283
0.347023
0.34107
0.344187
0.349592
0.35475
0.356517
0.356539
0.355097
0.351993
0.346356
0.343506
0.348886
0.372134
0.418963
0.488992
0.187371
0.183181
0.483528
0.409481
0.361629
0.342743
0.34108
0.344411
0.350343
0.355553
0.357528
0.357603
0.356052
0.352806
0.347909
0.344447
0.347532
0.368794
0.414147
0.486039
0.18536
0.180157
0.479047
0.403536
0.357501
0.340315
0.338925
0.344951
0.352665
0.356684
0.358543
0.358586
0.356858
0.353055
0.346327
0.342214
0.344205
0.364225
0.40814
0.481558
0.182351
0.176577
0.473571
0.397155
0.353595
0.338926
0.338971
0.346313
0.352258
0.356444
0.358842
0.35909
0.357334
0.353442
0.347547
0.342726
0.343339
0.36001
0.401966
0.476733
0.179133
0.172566
0.467264
0.390201
0.349287
0.336344
0.339294
0.344194
0.350482
0.355069
0.358183
0.358825
0.35697
0.352448
0.346045
0.34189
0.343185
0.355193
0.394704
0.47032
0.17478
0.168174
0.460061
0.383143
0.346175
0.335918
0.337203
0.343915
0.352064
0.356653
0.357682
0.357614
0.355568
0.351325
0.345608
0.339918
0.338966
0.350147
0.387001
0.463397
0.170085
0.162917
0.451231
0.374794
0.34238
0.335142
0.33746
0.344096
0.350538
0.355253
0.358834
0.35943
0.357483
0.35198
0.346119
0.341007
0.336691
0.345153
0.377728
0.4536
0.163922
0.157467
0.441423
0.366253
0.338246
0.333911
0.337848
0.345009
0.351501
0.355709
0.357788
0.357879
0.355957
0.351963
0.34612
0.33947
0.337151
0.340345
0.368105
0.44271
0.157722
0.151692
0.430061
0.357017
0.332901
0.331832
0.340448
0.348228
0.35299
0.356738
0.358742
0.358746
0.356825
0.352958
0.347063
0.339518
0.333729
0.334602
0.357831
0.430259
0.151202
0.14649
0.418619
0.349334
0.330175
0.331739
0.341363
0.349201
0.355069
0.359242
0.360034
0.359737
0.357736
0.353979
0.348276
0.340801
0.332574
0.330619
0.348652
0.417167
0.145049
0.141411
0.406457
0.342441
0.328007
0.334208
0.343618
0.352055
0.35775
0.361035
0.361963
0.361833
0.360825
0.357616
0.352361
0.344367
0.334095
0.328357
0.340969
0.404361
0.140066
0.137626
0.394703
0.337551
0.327546
0.335015
0.345341
0.353264
0.358319
0.361519
0.363157
0.363058
0.361556
0.358439
0.353615
0.346587
0.335766
0.32733
0.335238
0.391692
0.136218
0.135761
0.382905
0.33409
0.330043
0.338862
0.347927
0.354323
0.358199
0.361025
0.362664
0.363446
0.36243
0.359829
0.355373
0.349568
0.340351
0.330014
0.332636
0.380391
0.135155
0.135454
0.371816
0.331818
0.332557
0.342093
0.350169
0.355896
0.359129
0.361636
0.36303
0.36344
0.36292
0.36083
0.357302
0.351471
0.342728
0.332737
0.332121
0.369868
0.135128
0.136129
0.362983
0.331485
0.334736
0.344604
0.352564
0.357552
0.361328
0.363654
0.364645
0.364085
0.363116
0.361651
0.358561
0.353492
0.345788
0.335846
0.332043
0.361627
0.136244
0.139344
0.355252
0.331295
0.338186
0.34759
0.354475
0.359077
0.361588
0.36394
0.365027
0.365171
0.364356
0.362347
0.359685
0.355215
0.34844
0.338957
0.332293
0.355876
0.140975
0.143685
0.348143
0.332761
0.341267
0.350355
0.356483
0.360313
0.362742
0.363974
0.364744
0.364749
0.363986
0.362484
0.360259
0.356865
0.351208
0.342795
0.334883
0.350302
0.145684
0.149974
0.343043
0.335407
0.345208
0.353349
0.35842
0.361446
0.363336
0.364524
0.365321
0.365273
0.364288
0.36307
0.361576
0.358761
0.353869
0.345854
0.336478
0.344123
0.151139
0.157468
0.33761
0.338473
0.349298
0.356613
0.360624
0.362704
0.363727
0.364817
0.365187
0.365159
0.364589
0.363761
0.362761
0.360718
0.356772
0.349534
0.338807
0.338268
0.158336
0.166564
0.334189
0.342211
0.353563
0.359777
0.362797
0.364205
0.364793
0.364983
0.365073
0.365095
0.365034
0.364934
0.364311
0.362884
0.359904
0.353783
0.342621
0.334442
0.167011
0.178383
0.332806
0.347743
0.358611
0.363409
0.36526
0.365829
0.365839
0.365635
0.36558
0.365581
0.365622
0.365798
0.365737
0.365166
0.363339
0.358549
0.347755
0.33289
0.178494
0.19172
0.333352
0.354637
0.364082
0.367182
0.367843
0.367675
0.367296
0.366951
0.366766
0.366763
0.366938
0.367271
0.367639
0.367822
0.367175
0.364081
0.354643
0.333423
0.191519
0.208111
0.339828
0.363289
0.369947
0.370966
0.37035
0.36941
0.36859
0.368025
0.367739
0.367735
0.368016
0.368573
0.369389
0.370312
0.370924
0.369916
0.36326
0.339644
0.207956
0.226051
0.349378
0.373166
0.375898
0.374505
0.372559
0.370913
0.369713
0.368942
0.368567
0.368562
0.368931
0.369691
0.370888
0.37253
0.374487
0.375905
0.373214
0.349498
0.226022
0.24653
0.365055
0.384201
0.38155
0.37748
0.374261
0.372023
0.370565
0.369687
0.369275
0.369273
0.369681
0.370554
0.37201
0.374248
0.377482
0.381582
0.384294
0.365031
0.246471
0.268289
0.385537
0.395542
0.38615
0.379347
0.375262
0.372761
0.371241
0.37037
0.369974
0.369974
0.370368
0.371235
0.372751
0.375253
0.379348
0.386179
0.395581
0.385448
0.268318
0.291314
0.41106
0.405077
0.388427
0.380068
0.375699
0.373263
0.371862
0.371102
0.370772
0.370771
0.371103
0.371861
0.373255
0.375694
0.380062
0.388438
0.405131
0.411264
0.291489
0.314504
0.434897
0.409201
0.388891
0.380056
0.375769
0.3736
0.372488
0.371941
0.37172
0.371722
0.371945
0.372495
0.373601
0.375772
0.380054
0.388905
0.409233
0.434931
0.314384
0.337838
0.444979
0.406977
0.385669
0.37807
0.375043
0.373759
0.373192
0.372953
0.372869
0.37287
0.372959
0.373201
0.373768
0.375047
0.378068
0.385656
0.406965
0.444975
0.338166
0.364474
0.421647
0.386491
0.377506
0.375377
0.374624
0.374346
0.374271
0.374255
0.374252
0.374252
0.374254
0.374272
0.374346
0.374625
0.375378
0.377511
0.386499
0.421673
0.364382
)
;

boundaryField
{
    fixedWalls_1
    {
        type            kqRWallFunction;
        value           nonuniform List<scalar> 
200
(
0.204022
0.203205
0.204369
0.204738
0.205484
0.205126
0.204915
0.204521
0.204289
0.20362
0.203982
0.203831
0.203563
0.203404
0.202877
0.20333
0.203752
0.203781
0.205104
0.205284
0.204954
0.204939
0.204811
0.204731
0.204672
0.204567
0.205385
0.20522
0.204934
0.205391
0.205224
0.205105
0.204392
0.204694
0.20469
0.204504
0.204419
0.204145
0.204025
0.203818
0.203564
0.202817
0.202039
0.201548
0.201349
0.201241
0.200793
0.200684
0.200158
0.199491
0.198908
0.198455
0.197907
0.197666
0.197206
0.196881
0.196311
0.195863
0.195435
0.194868
0.19438
0.193891
0.193202
0.192633
0.191793
0.190896
0.190098
0.189099
0.187765
0.186319
0.184444
0.182443
0.179958
0.176936
0.173404
0.169202
0.164605
0.159173
0.153746
0.148476
0.143601
0.139519
0.137551
0.137207
0.137743
0.140943
0.145575
0.150788
0.158087
0.16713
0.178104
0.191936
0.207731
0.226026
0.246518
0.268138
0.291508
0.314288
0.337979
0.364431
0.204902
0.204565
0.20448
0.204899
0.20441
0.204255
0.203608
0.203341
0.203051
0.20328
0.203917
0.204162
0.204418
0.204556
0.20446
0.20449
0.20451
0.204184
0.205025
0.205229
0.205156
0.205133
0.205133
0.205213
0.205056
0.204743
0.205296
0.205645
0.205398
0.20525
0.205195
0.204801
0.204886
0.204134
0.203901
0.203309
0.202734
0.202179
0.201696
0.201726
0.201548
0.201551
0.2016
0.201538
0.200798
0.200816
0.200264
0.20002
0.199648
0.199267
0.199071
0.199038
0.198558
0.198368
0.198114
0.197415
0.197132
0.196675
0.196158
0.195545
0.195123
0.19436
0.193818
0.192948
0.192171
0.190927
0.190095
0.188929
0.18792
0.186324
0.184995
0.183158
0.180691
0.177645
0.17389
0.169166
0.164131
0.158007
0.152316
0.146735
0.142079
0.139035
0.138002
0.137764
0.138373
0.141662
0.145556
0.15108
0.158287
0.166872
0.178382
0.191505
0.208023
0.22596
0.246386
0.268351
0.291238
0.314512
0.3379
0.364459
)
;
    }
    frontAndBack_1
    {
        type            empty;
    }
    inlet_1
    {
        type            fixedValue;
        value           uniform 0.375;
    }
    outlet_1
    {
        type            zeroGradient;
    }
    fixedWalls_2
    {
        type            kqRWallFunction;
        value           nonuniform List<scalar> 
200
(
0.563016
0.556805
0.562134
0.560238
0.555337
0.56124
0.560464
0.558214
0.554369
0.560101
0.560648
0.556049
0.560564
0.562926
0.560148
0.561443
0.55921
0.556746
0.553276
0.551238
0.550974
0.548851
0.545052
0.547418
0.550144
0.54663
0.552976
0.551877
0.550393
0.548633
0.543598
0.546856
0.54086
0.540625
0.537919
0.540462
0.538832
0.535204
0.534553
0.53372
0.53356
0.532793
0.530952
0.531169
0.530071
0.525082
0.523191
0.520316
0.518308
0.515512
0.513426
0.511807
0.510698
0.509541
0.50868
0.506941
0.505097
0.50352
0.500837
0.498491
0.494241
0.489069
0.485402
0.480346
0.477582
0.472714
0.469593
0.464766
0.461876
0.456734
0.44762
0.435327
0.42005
0.40307
0.386405
0.36601
0.34825
0.328632
0.311579
0.291427
0.272302
0.252402
0.236046
0.225374
0.223507
0.227565
0.236373
0.245041
0.252614
0.261728
0.272549
0.282876
0.294765
0.307306
0.318524
0.331247
0.3416
0.351927
0.360484
0.368035
0.553729
0.54801
0.548283
0.548052
0.544715
0.548372
0.543755
0.548118
0.544484
0.550806
0.551626
0.55206
0.551715
0.552183
0.550646
0.548895
0.544677
0.546636
0.548646
0.546317
0.551959
0.551369
0.550393
0.546244
0.547892
0.547548
0.544055
0.547182
0.54279
0.545251
0.542899
0.548199
0.544635
0.550166
0.54956
0.548424
0.547918
0.546601
0.54123
0.543664
0.541689
0.539252
0.537307
0.535841
0.530438
0.529101
0.526765
0.522124
0.520945
0.517646
0.515448
0.512404
0.510161
0.507309
0.502985
0.498328
0.492528
0.487875
0.481912
0.476783
0.472336
0.467144
0.46353
0.459408
0.455988
0.452623
0.449395
0.444857
0.437787
0.432159
0.423308
0.412652
0.399339
0.38242
0.366158
0.350576
0.334226
0.319391
0.302645
0.28515
0.266057
0.248483
0.233287
0.227848
0.22725
0.230256
0.236904
0.245002
0.252383
0.262661
0.273634
0.282139
0.295856
0.305987
0.318849
0.3311
0.341211
0.35203
0.360167
0.368212
)
;
    }
    frontAndBack_2
    {
        type            empty;
    }
    inlet_2
    {
        type            fixedValue;
        value           uniform 0.375;
    }
    outlet_2
    {
        type            zeroGradient;
    }
    fixedWalls_3
    {
        type            kqRWallFunction;
        value           nonuniform List<scalar> 
200
(
0.983051
0.976448
0.984865
0.984281
0.978158
0.986112
0.986391
0.984048
0.983287
0.976896
0.982455
0.980628
0.97383
0.978716
0.973929
0.9812
0.978593
0.97035
0.973883
0.976094
0.973284
0.96507
0.966019
0.963748
0.963459
0.956887
0.962287
0.964386
0.956916
0.958504
0.957913
0.959572
0.962654
0.958523
0.964252
0.961616
0.957944
0.95892
0.956076
0.953521
0.949931
0.94914
0.946616
0.944232
0.940615
0.935469
0.929452
0.925648
0.923709
0.91899
0.915581
0.910769
0.906191
0.900909
0.894341
0.888962
0.88087
0.872611
0.869267
0.866635
0.862197
0.856747
0.847713
0.836432
0.823629
0.808853
0.792585
0.776415
0.758345
0.742299
0.72457
0.707724
0.684421
0.662377
0.643201
0.621114
0.602058
0.570973
0.544232
0.513401
0.477479
0.446526
0.411826
0.37806
0.336672
0.319707
0.315607
0.303649
0.294536
0.303671
0.313588
0.32144
0.328261
0.337863
0.343464
0.352287
0.356827
0.362679
0.366074
0.36996
0.948566
0.944889
0.942269
0.935655
0.940873
0.945201
0.944253
0.942673
0.938235
0.945917
0.939392
0.949143
0.945645
0.952458
0.95141
0.949926
0.945419
0.953627
0.953342
0.944851
0.950223
0.944374
0.951441
0.953982
0.951922
0.956001
0.954872
0.952976
0.949462
0.948748
0.945889
0.943186
0.939466
0.937285
0.93532
0.935185
0.932361
0.931989
0.932751
0.930369
0.923922
0.920828
0.91827
0.915763
0.91345
0.909843
0.907821
0.903875
0.901367
0.896878
0.895151
0.893165
0.891988
0.889197
0.887029
0.884462
0.8814
0.878419
0.873862
0.870866
0.866557
0.860023
0.856681
0.846846
0.844726
0.836821
0.826851
0.816821
0.801553
0.779746
0.766824
0.74773
0.724186
0.701402
0.675863
0.652718
0.632427
0.581852
0.536565
0.484557
0.442054
0.402984
0.362821
0.330681
0.302862
0.293924
0.290754
0.29186
0.297916
0.302963
0.313112
0.321374
0.327997
0.337912
0.343253
0.351814
0.357
0.362273
0.366178
0.369868
)
;
    }
    frontAndBack_3
    {
        type            empty;
    }
    inlet_3
    {
        type            fixedValue;
        value           uniform 0.375;
    }
    outlet_3
    {
        type            zeroGradient;
    }
    fixedWalls_4
    {
        type            kqRWallFunction;
        value           nonuniform List<scalar> 
200
(
0.554113
0.548969
0.551041
0.55268
0.55207
0.547709
0.553229
0.547111
0.552345
0.556773
0.556514
0.555411
0.554062
0.561942
0.562343
0.561735
0.561447
0.561155
0.559619
0.558401
0.554009
0.555633
0.556975
0.555635
0.550516
0.55325
0.556427
0.553515
0.557613
0.552917
0.554068
0.553039
0.552978
0.551529
0.547196
0.546577
0.54535
0.547488
0.546563
0.544738
0.543364
0.538693
0.538126
0.535683
0.532842
0.528985
0.526504
0.524202
0.521158
0.518799
0.516233
0.514342
0.511852
0.509072
0.505578
0.503218
0.499671
0.495744
0.491582
0.487421
0.483034
0.479291
0.476149
0.472108
0.467884
0.462539
0.457171
0.451278
0.445404
0.438257
0.426154
0.414219
0.403177
0.391828
0.38087
0.364666
0.350922
0.333544
0.315543
0.298089
0.281377
0.267381
0.256449
0.247627
0.237457
0.232566
0.234541
0.242715
0.252347
0.261531
0.273488
0.282627
0.295843
0.305792
0.319788
0.330427
0.342079
0.351667
0.360504
0.368048
0.547809
0.54671
0.544392
0.553835
0.55425
0.554849
0.554572
0.554698
0.55195
0.560861
0.561806
0.560946
0.561286
0.55996
0.554906
0.558771
0.557667
0.553945
0.553548
0.553221
0.549141
0.550189
0.545771
0.545413
0.541973
0.541319
0.538678
0.536962
0.534398
0.534286
0.532383
0.531141
0.528249
0.528405
0.530527
0.533885
0.530565
0.536287
0.535465
0.534239
0.533003
0.529851
0.533773
0.528249
0.527121
0.52592
0.523871
0.52144
0.517842
0.516674
0.513194
0.509456
0.507414
0.504967
0.500621
0.495071
0.490072
0.484779
0.47915
0.473287
0.468534
0.466583
0.463403
0.461128
0.457414
0.454767
0.449915
0.446439
0.440933
0.435465
0.427543
0.420052
0.411973
0.402205
0.389085
0.373959
0.356141
0.333179
0.309455
0.28369
0.260181
0.246105
0.238428
0.229701
0.227708
0.231567
0.237421
0.242676
0.253959
0.261634
0.273357
0.28192
0.295889
0.306523
0.318914
0.331086
0.341651
0.351875
0.360528
0.368017
)
;
    }
    frontAndBack_4
    {
        type            empty;
    }
    inlet_4
    {
        type            fixedValue;
        value           uniform 0.375;
    }
    outlet_4
    {
        type            zeroGradient;
    }
    fixedWalls_5
    {
        type            kqRWallFunction;
        value           nonuniform List<scalar> 
200
(
0.205774
0.205438
0.206478
0.20716
0.207387
0.206618
0.206677
0.206661
0.206992
0.206731
0.206504
0.206328
0.206122
0.205905
0.206722
0.206814
0.206817
0.206618
0.20628
0.20587
0.205757
0.205503
0.205311
0.205241
0.205259
0.205095
0.205463
0.205181
0.205478
0.205301
0.205038
0.205399
0.204789
0.204619
0.204385
0.204276
0.204188
0.203879
0.203727
0.203421
0.203181
0.202389
0.202215
0.201699
0.201383
0.201358
0.200967
0.200755
0.200369
0.200018
0.199843
0.199524
0.199342
0.198961
0.198143
0.197769
0.197053
0.196726
0.196072
0.195542
0.195088
0.194721
0.194232
0.193829
0.193259
0.192513
0.191559
0.190602
0.189325
0.187609
0.185756
0.183181
0.180157
0.176577
0.172566
0.168174
0.162917
0.157467
0.151692
0.14649
0.141411
0.137626
0.135761
0.135454
0.136129
0.139344
0.143685
0.149974
0.157468
0.166564
0.178383
0.19172
0.208111
0.226051
0.24653
0.268289
0.291314
0.314504
0.337838
0.364474
0.205394
0.20513
0.205275
0.204929
0.205238
0.204854
0.205006
0.204931
0.204728
0.204768
0.204632
0.204862
0.20487
0.20463
0.20495
0.20429
0.204498
0.204883
0.204855
0.204657
0.204295
0.204779
0.205309
0.205523
0.205305
0.205272
0.20537
0.205424
0.205294
0.205424
0.205301
0.20449
0.204309
0.203716
0.203574
0.203215
0.20329
0.202665
0.202538
0.202538
0.202681
0.202595
0.202407
0.202086
0.201552
0.201265
0.200675
0.200325
0.199887
0.199485
0.199001
0.198526
0.198121
0.198137
0.198181
0.198072
0.197759
0.197348
0.196737
0.196275
0.195738
0.195248
0.194572
0.193946
0.193269
0.192449
0.191989
0.191138
0.190046
0.188893
0.187371
0.18536
0.182351
0.179133
0.17478
0.170085
0.163922
0.157722
0.151202
0.145049
0.140066
0.136218
0.135155
0.135128
0.136244
0.140975
0.145684
0.151139
0.158336
0.167011
0.178494
0.191519
0.207956
0.226022
0.246471
0.268318
0.291489
0.314384
0.338166
0.364382
)
;
    }
    frontAndBack_5
    {
        type            empty;
    }
    inlet_5
    {
        type            fixedValue;
        value           uniform 0.375;
    }
    outlet_5
    {
        type            zeroGradient;
    }
}


// ************************************************************************* //
