/*--------------------------------*- C++ -*----------------------------------*\
  =========                 |
  \\      /  F ield         | OpenFOAM: The Open Source CFD Toolbox
   \\    /   O peration     | Website:  https://openfoam.org
    \\  /    A nd           | Version:  6
     \\/     M anipulation  |
\*---------------------------------------------------------------------------*/
FoamFile
{
    version     2.0;
    format      ascii;
    class       volScalarField;
    location    "9";
    object      epsilon;
}
// * * * * * * * * * * * * * * * * * * * * * * * * * * * * * * * * * * * * * //

dimensions      [0 2 -3 0 0 0 0];

internalField   nonuniform List<scalar> 
10000
(
285.389
300.856
166.98
101.951
69.2044
50.9374
39.9845
33.2606
29.2883
27.4327
27.3668
29.0656
32.8145
39.3162
49.9892
67.9021
100.104
163.058
289.023
258.96
300.578
301.79
167.468
102.343
69.4164
50.9554
39.8494
33.1016
29.0321
26.981
27.1928
28.9621
32.7467
39.2974
50.0164
67.9977
100.311
163.407
289.111
257.47
279.158
300.581
166.433
102.534
69.5319
50.9546
39.7063
32.7687
28.7326
27.187
27.2297
28.9815
32.7764
39.3084
50.0042
68.0002
100.224
162.344
285.854
253.548
281.629
298.104
166.09
102.304
69.5501
50.896
39.805
32.9481
28.7847
27.1825
27.1812
28.9391
32.7532
39.3037
49.9829
68.0453
100.281
163.084
287.349
253.044
257.415
297.149
166.418
102.613
69.395
50.8665
39.7603
32.8918
28.7314
27.0373
27.1213
28.9126
32.7541
39.331
50.092
68.115
100.264
163.141
289.725
250.724
263.703
298.031
166.244
102.879
69.4362
50.8641
39.5366
32.5742
28.8588
27.0703
27.0306
28.7966
32.6571
39.2779
50.1121
68.1613
100.208
162.523
288.847
261.187
245.451
296.903
165.8
102.805
69.8236
50.8665
39.6299
32.6323
28.8321
27.0143
26.8225
28.4757
32.5585
39.2409
50.1425
68.2479
100.23
162.038
289.943
253.367
242.093
296.606
166.195
101.973
69.3656
50.6847
39.5557
32.7173
28.7312
26.949
26.98
28.7117
32.3592
38.9918
50.1011
68.3427
100.678
162.911
290.143
254.518
244.184
295.753
166.059
102.384
68.9709
50.5612
39.3473
32.6532
28.3817
26.578
26.8607
28.6458
32.4842
39.0384
50.1169
68.4855
100.998
163.482
290.453
256.451
245.795
296.36
165.04
100.74
69.13
50.5563
39.4741
32.706
28.7604
26.8895
26.703
28.3102
32.4223
39.136
50.0651
68.5387
101.19
164.333
290.657
258.786
248.713
295.103
163.319
100.224
68.3398
50.3651
39.4056
32.651
28.6729
26.6233
26.8282
28.5566
32.4075
39.1098
50.1379
68.521
101.105
164.04
290.874
264.848
258.511
294.946
163.012
100.086
68.01
50.2191
39.1453
32.5211
28.6226
26.6567
26.7509
28.2142
32.0165
38.7929
50.0359
68.6614
101.099
162.808
290.809
269.327
250.136
293.411
162.216
100.478
68.0463
50.1096
39.158
32.1383
28.2537
26.7923
26.825
28.4912
32.2936
39.013
50.2574
68.9594
101.787
164.075
288.434
277.59
265.122
290.635
161.779
100.023
68.0723
50.1405
39.1674
32.1871
28.3426
26.8051
26.799
28.2537
32.0361
38.7429
50.2187
69.2086
102.393
164.869
290.76
293.799
258.524
289.469
161.877
99.8719
68.0251
50.0606
39.1778
32.2844
28.4936
26.7758
26.8336
28.7806
32.6382
39.1754
50.5547
69.494
102.836
165.721
290.976
281.854
254.933
291.468
162.489
100.083
68.4289
50.125
39.2358
32.529
28.6203
26.5138
26.5324
28.735
32.697
39.4365
50.6083
69.6843
103.491
166.815
292.756
274.397
242.748
290.541
162.317
100.15
68.2645
50.0833
39.2275
32.5342
28.6859
26.8898
26.7375
28.7625
32.6689
39.236
50.8249
69.9578
103.984
168.032
295.843
293.443
241.676
290.191
161.566
100.269
68.3401
50.1835
39.2436
32.245
28.582
26.8798
26.9073
28.7657
32.6638
39.4611
50.8359
70.0702
104.458
169.643
297.759
282.158
245.865
290.506
162.827
100.744
68.4652
50.1684
39.3282
32.5636
28.3954
26.5098
26.4832
28.6359
32.53
39.1212
50.7114
69.9502
104.523
170.2
299.05
269.792
250.546
289.074
163.433
101.161
68.6481
50.3286
39.4094
32.6816
28.7418
26.8263
26.5802
28.6163
32.2902
39.2735
50.5232
69.8664
104.295
169.733
299.331
266.994
257.016
292.93
164.412
101.529
68.9769
50.4076
39.3746
32.6151
28.7012
26.7767
26.5462
28.6507
32.4345
39.1768
50.5621
69.7354
104.071
170.075
299.433
269.449
267.814
292.027
165.15
101.891
68.8833
50.3682
39.2994
32.5504
28.5802
26.5531
26.6644
28.7743
32.7623
39.5095
50.5901
69.4847
103.263
168.236
298.718
271.544
265.335
294.942
166.033
101.599
68.8368
50.2087
39.0174
32.2113
28.6716
26.9544
26.9514
28.8411
32.7764
39.4706
50.3882
69.1085
102.824
167.127
295.957
281.73
276.644
295.669
164.861
101.515
68.604
50.3069
39.3106
32.4048
28.5006
26.9106
26.7187
28.697
32.7254
39.4721
50.3646
68.7777
102.083
165.926
294.503
266.984
275.779
291.392
165.124
101.126
68.5415
50.3441
39.4063
32.7843
28.9115
26.9564
27.1411
29.0449
32.8795
39.4634
50.3369
68.7169
102.008
165.09
293.798
271.074
272.472
292.565
165.382
101.175
68.723
50.3757
39.5164
32.8619
29.0158
27.2075
27.1851
28.9769
32.8145
39.3781
50.1395
68.5458
101.428
163.899
290.339
254.519
260.91
293.111
164.992
100.905
68.4091
50.3205
39.4688
32.5692
28.676
27.054
26.7512
28.5448
32.6722
39.3363
50.1521
68.5299
101.219
164.262
290.643
263.587
262.665
290.546
164.846
100.738
68.3192
50.3244
39.5088
32.8735
28.9638
27.078
26.8295
28.6139
32.4343
39.0866
50.0556
68.4069
101.081
164.745
289.484
252.756
280.737
293.746
164.926
100.71
68.3212
50.2951
39.3108
32.8242
28.9101
26.8286
26.8016
28.779
32.6384
39.2467
50.1501
68.4823
101.013
164.566
288.378
243.774
277.575
294.348
163.765
100.337
68.2582
50.2996
39.4951
32.8738
28.9761
27.1323
27.0876
28.8349
32.6082
39.1674
50.1023
68.5172
101.258
164.427
288.942
244.082
275.998
293.086
164.096
100.21
68.1765
50.2479
39.4702
32.8069
28.9001
27.0964
27.0721
28.8052
32.5376
38.9042
49.9524
68.4485
101.268
163.36
290.561
244.815
263.455
292.634
163.669
100.218
68.3717
50.2265
39.3976
32.7171
28.7746
26.9713
26.7815
28.7666
32.5515
38.9485
49.9375
68.4723
101.376
164.39
289.768
242.923
262.323
290.843
162.301
100.169
68.2771
50.2234
39.4032
32.6986
28.4803
26.7439
26.9933
28.786
32.5426
39.0359
49.8384
68.3642
101.304
164.776
289.827
244.647
266.344
289.371
162.189
100.236
68.3746
50.1994
39.3697
32.7336
28.8262
27.0539
27.0629
28.8177
32.5523
39.0123
49.7629
68.2626
101.125
164.31
287.026
245.886
275.726
288.183
162.075
100.557
68.4563
50.2388
39.2925
32.6405
28.4995
26.7082
26.7262
28.7257
32.5033
38.819
49.7044
68.1609
100.923
164.11
287.486
244.638
253.307
286.192
162.338
101.122
68.8172
50.2264
39.0192
32.472
28.8087
27.0481
27.0152
28.7502
32.5253
39.0384
49.7763
68.1525
100.809
162.998
286.758
247.119
258.469
287.355
163.212
101.531
69.0308
50.4814
39.3452
32.7747
28.8375
27.0065
26.9562
28.6863
32.4756
39.0516
49.9279
68.1986
100.795
163.31
287.225
249.144
268.66
285.02
162.43
101.723
69.228
50.7124
39.6024
32.7355
28.7087
26.8692
26.6058
28.3185
32.1639
38.9673
49.9364
68.2427
100.948
164.083
288.913
252.918
276.953
287.687
164.668
102.415
69.5453
50.7627
39.5818
32.3902
28.275
26.6322
26.9057
28.6843
32.473
38.8483
49.919
68.1257
100.943
163.515
286.652
261.568
281.747
288.873
165.407
102.845
69.7682
50.8997
39.5715
32.6422
28.614
26.9448
26.9588
28.7138
32.5165
39.1071
50.0209
68.3767
100.965
164.315
291.059
265.404
289.546
291.345
166.718
103.403
69.9427
51.0097
39.8432
32.9014
28.9038
26.9757
26.5941
28.324
32.1931
39.0721
49.9997
68.3809
100.501
162.765
290.813
265.92
297.309
293.484
167.715
103.68
70.0122
51.0487
39.7956
32.5313
28.5604
26.7139
26.6206
28.5601
32.5076
39.1118
49.9132
68.435
101.26
164.309
289.039
267.21
298.749
296.262
168.905
103.712
69.9272
51.1064
39.8136
32.7199
28.9082
27.0572
26.7545
28.3289
32.5113
39.1344
49.911
68.426
101.486
165.504
292.548
271.087
300.973
298.402
168.257
103.468
69.7866
51.0154
39.7694
32.9007
28.9613
27.1739
27.0843
28.6545
32.5685
39.0802
49.9283
68.1363
100.833
165.772
293.738
284.205
292.096
298.923
168.65
103.147
69.6172
50.9264
39.6446
32.5572
28.8248
27.1512
27.0926
28.9001
32.5991
38.7927
49.7025
68.0465
100.503
163.391
294.141
268.231
306.888
295.694
166.705
102.635
69.3916
50.7954
39.4335
32.7957
28.589
27.1507
26.969
28.8921
32.6228
38.8322
49.7466
67.9567
100.441
163.467
292.16
267.668
281.982
296.003
166.547
102.222
69.1253
50.627
39.6493
32.9504
28.9242
27.2577
27.2253
28.9693
32.6741
38.9008
49.5924
67.839
100.351
162.036
290.044
270.069
263.501
294.168
165.849
101.934
69.027
50.6753
39.4785
32.9321
28.8431
27.2175
26.9619
28.8921
32.6995
39.1268
49.8552
67.9146
100.35
162.533
291.508
276.698
262.738
290.849
165.071
101.712
68.981
50.7003
39.7369
33.0184
29.1253
27.3376
27.2139
28.7585
32.7112
39.1011
49.9089
68.0233
100.433
162.718
290.141
259.48
259.283
291.792
164.932
101.48
69.122
50.698
39.57
32.7053
28.8057
27.2782
27.1712
28.7701
32.7482
39.2532
49.9683
68.1206
100.541
163.766
288.058
264.428
269.81
289.184
164.574
101.178
68.8932
50.7399
39.8387
33.0661
29.1182
27.3853
27.3455
29.0113
32.7585
39.2008
50.051
68.0822
100.785
163.019
290.577
273.973
258.542
291.053
164.544
101.314
69.1294
50.7629
39.8828
33.1108
28.8853
27.3259
27.2856
28.7966
32.7036
39.0768
50.0708
68.2903
100.937
164.762
289.602
251.604
258.316
290.401
164.202
101.567
69.2591
50.8116
39.8606
33.1355
29.2018
27.3813
27.3236
29.0095
32.5999
39.3035
50.1161
68.4974
101.336
164.619
289.557
252.918
270.9
288.376
162.958
101.948
69.543
50.9498
39.8361
33.0336
29.115
27.2784
27.0146
28.7758
32.7972
39.3699
50.0573
68.8608
101.822
163.254
287.756
250.911
265.695
291.318
164.409
102.515
69.6982
50.9149
39.5341
32.9186
29.0481
27.2853
27.2738
29.0355
32.8333
39.25
50.2393
69.0797
102.177
165.039
291.369
252.906
269.282
291.168
164.912
102.826
69.766
50.8154
39.5694
32.5626
28.6085
26.8999
27.1985
29.0497
32.8865
39.485
50.3742
69.0269
102.005
165.376
291.333
254.752
287.901
289.653
166.217
103.308
69.837
50.8662
39.4184
32.788
28.8318
27.0849
27.1506
28.9924
32.8274
39.2863
50.3647
68.8455
101.705
165.758
290.89
256.779
282.796
293.993
168.028
103.904
70.1309
51.0298
39.6973
32.8148
28.5382
26.7751
26.8371
28.9455
32.8459
39.4731
50.4233
68.7753
101.409
164.222
287.763
259.217
275.641
297.282
169.109
104.129
70.0934
50.8314
39.5956
32.8294
28.8952
27.1918
27.1822
28.9353
32.7593
39.4014
50.3784
68.7309
101.327
164.024
288.626
264.223
275.564
297.7
168.583
104.11
70.0463
50.9142
39.3479
32.753
28.878
27.0925
27.1143
28.845
32.4178
39.1108
50.2358
68.6598
101.269
163.991
288.897
266.923
279.65
298.232
169.17
104.069
70.0848
50.9098
39.4907
32.3903
28.4308
26.8615
26.7569
28.5721
32.4995
39.2258
50.1961
68.6151
101.247
164.614
290.809
259.581
281.349
298.51
169.343
103.949
69.8138
50.7897
39.2111
32.533
28.6161
26.6987
27.0065
28.8661
32.739
39.3769
50.1849
68.5835
101.05
163.629
290.801
261.474
297.712
298.502
169.712
103.976
69.7384
50.6735
39.2756
32.3142
28.392
26.8518
27.0338
28.8698
32.7299
39.3558
50.1652
68.6102
101.381
164.858
290.808
276.923
290.917
296.357
167.963
103.367
69.5834
50.7384
39.4968
32.6765
28.7662
26.9821
26.9562
28.7485
32.6119
39.2841
50.2072
68.5215
100.926
163.318
287.959
270.216
291.488
296.885
167.706
103.291
69.5293
50.7047
39.4548
32.5893
28.7035
26.8846
26.5815
28.2617
32.1323
38.8991
50.1023
68.4825
100.996
164.478
291.004
281.516
285.367
296.247
167.49
102.478
69.4811
50.6285
39.392
32.3018
28.6393
26.8467
26.5738
28.3825
32.2646
38.974
49.9852
68.363
100.686
163.895
289.674
266.024
300.526
294.709
166.767
102.355
69.3475
50.5549
39.3956
32.5839
28.4121
26.6525
26.5903
28.5326
32.3998
39.048
49.9664
68.2273
100.572
163.247
286.926
279.455
282.029
294.398
166.234
102.166
69.0931
50.4195
39.1349
32.5669
28.7021
26.9102
26.8011
28.3076
32.1356
38.8303
49.9619
68.1661
100.334
162.436
286.304
270.277
301.898
293.931
164.703
101.973
69.2179
50.4224
39.2179
32.3131
28.6299
26.642
26.5655
28.5277
32.5246
39.1343
49.9488
68.008
100.024
160.576
284.043
278.138
291.168
291.769
163.784
101.372
68.8595
50.2655
38.9995
32.4377
28.4405
26.8853
26.892
28.6598
32.4844
39.0674
49.8165
67.9499
99.875
159.953
280.576
255.806
274.992
287.648
162.478
100.926
68.8742
50.2557
39.1435
32.1775
28.5337
26.7776
26.5002
28.2099
32.07
38.7883
49.8711
68.055
99.9373
159.909
279.841
256.01
275.554
285.567
161.822
100.572
68.5421
50.1444
38.914
32.0583
28.1518
26.4521
26.5214
28.3074
32.1666
38.8649
49.8895
68.0131
100.067
160.384
281.189
253.999
268.008
283.932
161.179
100.592
68.5947
50.2387
39.089
32.1098
28.2658
26.6697
26.7022
28.444
32.269
38.9408
49.8907
68.0134
99.6537
158.578
278.712
266.361
273.887
283.172
161.132
100.449
68.5848
50.2488
39.0662
32.2368
28.1938
26.6196
26.6496
28.3673
31.9943
38.7152
49.7822
68.0498
99.7676
159.583
281.663
261.566
285.009
281.037
160.427
100.395
68.5851
50.205
38.7998
31.9462
28.2584
26.4869
26.2843
28.044
32.1864
38.9691
49.8897
68.0957
99.7079
159.256
280.497
257.684
263.915
279.969
159.805
100.323
68.6065
50.1717
39.1769
32.3197
28.0602
26.2121
26.4408
28.2583
31.921
38.6901
49.8584
68.0649
99.6281
159.508
277.928
258.81
270.057
279.648
158.986
99.2972
68.5354
50.2175
39.1122
32.3069
28.3699
26.4919
26.2265
28.1923
31.9301
38.77
49.711
67.9447
99.6074
158.898
280.167
270.201
282.709
278.972
158.042
98.8387
68.2685
50.1099
38.6946
32.1038
28.1893
26.407
26.3535
27.8919
31.7747
38.6583
49.5938
67.7215
98.9226
158.532
280.718
261.956
270.697
275.877
157.189
98.2567
67.7838
49.7924
38.5764
31.9457
27.8646
26.2299
25.9932
27.734
31.6577
38.4467
49.5309
67.6949
98.4824
157.641
279.06
263.636
273.939
276.378
156.619
97.7051
67.4953
49.6108
38.3711
31.7776
27.9189
26.1203
25.936
27.6228
31.355
38.0296
49.2745
67.2068
98.1854
156.161
278.562
277.22
290.779
275.99
155.261
96.8411
67.1171
49.3939
38.2773
31.3489
27.7217
25.8667
25.7695
27.6894
31.4866
37.9322
49.095
66.9296
96.3479
153.095
276.147
266.591
282.277
272.692
154.062
96.1095
66.8713
48.95
37.6876
31.2396
27.2484
25.659
25.5606
27.5012
31.2839
37.6174
48.7276
67.0606
95.7469
151.006
273.202
266.705
286.204
268.798
150.646
95.3347
66.9413
48.7101
37.3874
30.65
26.8544
25.1992
25.1326
26.8944
30.6543
37.1609
48.1734
66.2363
95.1699
148.791
268.868
268.079
304.641
265.666
149.775
94.8202
66.4652
48.2665
36.9266
30.1495
26.3872
24.7798
24.8513
26.8067
30.5249
36.757
47.6053
65.444
93.8388
146.164
262.727
276.32
281.993
259.335
147.357
94.4883
65.6119
47.5056
36.3773
29.7496
26.0497
24.4119
24.5112
26.1918
29.834
36.2167
46.9177
64.3435
91.4424
138.397
253.409
243.305
299.59
251.682
143.725
92.1239
64.4262
46.5743
35.7296
29.2802
25.6885
24.0873
24.1607
25.794
29.2864
35.5525
46.0497
63.1552
89.2316
135.348
244.507
241.592
272.54
237.354
138.331
92.4032
63.1587
45.473
34.928
28.7319
25.3138
23.772
23.8148
25.3726
28.6746
34.7077
44.954
61.8018
86.7519
133.207
232.608
237.426
296.174
228.59
131.993
88.3142
60.7487
43.9256
33.9176
28.0984
24.9968
23.5663
23.3507
24.7732
27.9491
33.6825
43.5604
60.3884
86.5183
133.772
228.137
240.482
274.747
218.85
122.665
84.3794
58.0996
42.1338
32.7476
27.292
24.2928
22.881
22.7815
24.0724
27.0506
32.4507
41.8121
58.1195
86.5156
126.257
214.21
240.923
293.723
207.307
112.554
79.6817
54.8854
39.9276
31.2439
26.2183
23.4248
22.1485
22.0959
23.2732
25.9923
30.9749
39.6657
54.9138
81.6575
125.529
198.128
246.576
260.881
195.442
108.288
75.1756
51.1786
37.3745
29.4782
24.9468
22.4484
21.3067
21.2565
22.316
24.7555
29.2343
37.1187
51.1795
76.7664
121.645
188.113
248.237
286.176
177.975
105.255
69.403
46.6565
34.2254
27.2847
23.3363
21.1666
20.2005
20.1941
21.1408
23.2842
27.2131
34.1928
46.7539
69.8605
111.057
173.779
256.401
269.082
177.083
105.747
63.0511
41.8056
30.8713
24.9213
21.5938
19.7866
18.9836
18.9806
19.778
21.5923
24.9384
30.9399
41.9756
63.1754
103.482
159.837
262.216
276.179
174.402
92.4552
54.4924
36.3834
27.2647
22.3949
19.7162
18.2842
17.6596
17.668
18.3104
19.7773
22.5165
27.5101
36.8704
55.4631
93.2961
157.974
293.114
293.917
155.082
81.6317
47.0543
31.4333
23.9158
20.041
17.9665
16.88
16.4136
16.421
16.9026
18.0192
20.147
24.1329
31.8426
47.8533
83.7263
162.627
301.624
329.178
150.335
71.9484
40.0412
26.9492
20.981
18.0268
16.5081
15.7346
15.415
15.4201
15.7497
16.5405
18.0901
21.1089
27.1999
40.4546
72.2485
148.152
326.017
366.635
141.406
62.1757
33.9037
23.2116
18.6344
16.5017
15.4897
15.0402
14.8694
14.8714
15.0459
15.5036
16.5268
18.6876
23.3244
34.1663
62.83
142.945
367.889
403.855
132.97
52.8086
28.3207
20.0465
16.8578
15.5569
15.0186
14.8
14.7219
14.7226
14.8018
15.0228
15.5613
16.8638
20.0465
28.3078
52.736
132.857
404.916
433.823
110.872
39.2943
22.0792
17.0805
15.502
14.9897
14.8144
14.7385
14.7063
14.7067
14.7405
14.8188
14.9967
15.5103
17.0896
22.089
39.2969
110.892
434.447
467.146
58.148
21.8126
16.3273
15.2697
14.9648
14.8484
14.8047
14.7943
14.7931
14.7932
14.7943
14.8054
14.849
14.9644
15.2667
16.3193
21.8019
58.133
466.993
854.133
714.778
405.563
241.415
149.055
93.9055
61.3967
43.2073
33.7394
29.679
29.8621
34.0233
43.3184
60.7084
91.1805
143.698
235.215
405.338
729.076
809.078
874.333
712.104
407.185
242.766
149.417
92.9036
59.8473
41.7289
32.4632
28.3002
28.5848
32.7028
41.8283
59.2268
90.1241
143.568
235.426
405.582
732.5
824.296
910.399
715.596
407.898
243.293
149.732
93.9319
61.2867
43.0985
33.6632
29.0672
29.3128
33.4064
42.3141
59.7115
89.9742
143.223
235.036
401.214
733.829
858.852
873.196
717.151
409.278
243.335
149.447
93.7261
60.9805
42.859
33.6196
29.7164
29.9065
33.9504
42.402
60.0879
89.4842
142.182
234.155
405.864
733.36
821.763
842.357
723.437
409.418
243.57
149.031
92.0999
59.0073
41.1631
33.0725
29.4506
29.703
33.9065
43.0732
59.9852
89.4635
141.49
234.304
400.126
734.327
867.267
889.046
729.666
410.686
243.787
148.784
92.7285
59.6055
41.5152
32.059
28.287
28.5058
32.8303
42.7762
58.9168
89.9169
140.839
232.507
403.757
732.738
855.106
867.709
727.347
405.953
242.767
148.023
93.3079
60.0991
42.0584
32.6088
28.9511
29.1212
33.4565
42.6747
59.6826
89.8846
140.198
231.125
400.718
730.506
903.491
912.927
717.55
404.782
241.025
147.649
93.3682
59.2734
41.2562
32.531
29.5866
29.7001
32.8122
41.7169
58.6468
89.7187
139.852
229.447
397.477
724.701
849.129
855.1
716.888
403.555
240.406
148.236
93.6549
59.6
41.7762
33.5577
29.7233
29.8417
33.9444
43.106
60.0703
89.8157
140.345
228.847
390.834
712.857
813.051
824.34
720.472
403.428
239.76
147.841
93.8371
61.7582
43.4584
33.6365
29.5005
29.053
33.1505
42.2089
58.9752
88.5568
141.57
229.653
393.963
722.04
855.901
872.097
714.39
404.987
239.742
147.548
93.4936
61.4908
43.2043
32.8424
28.818
30.036
34.3437
43.5467
60.2847
89.5905
141.721
231.037
395.977
716.766
817.619
871.719
720.794
404.426
239.5
147.645
93.2358
61.234
43.001
33.6149
29.9246
30.2019
34.4246
43.6537
60.3153
90.54
141.162
230.117
396.92
711.065
778.592
877.897
719.068
401.748
238.501
146.634
92.4521
60.5479
41.8508
32.565
29.5599
29.9404
34.2364
43.5203
59.8888
90.2448
144.062
233.454
393.487
702.57
778.329
869.056
723.185
400.646
238.059
146.225
91.0453
60.0216
41.5197
32.2314
29.2033
29.6914
33.9957
43.4348
58.6707
90.612
144.443
233.787
400.095
710.115
791.744
914.526
711.772
399.11
237.251
145.25
91.5865
58.542
41.8183
32.1408
28.1319
28.6067
32.8231
43.2815
60.3344
91.4131
144.791
233.135
399.621
714.28
800.531
840.811
710.833
397.874
236.616
144.761
90.3679
58.5587
41.5769
32.0822
28.4675
29.2839
33.1845
42.5878
61.0009
91.876
144.941
233.571
394.497
717.203
845.156
783.342
711.952
397.184
235.373
144.033
90.8308
58.9172
40.3963
32.5977
28.9013
29.3025
33.6908
43.175
60.6321
91.3823
144.235
235.634
401.08
721.152
839.769
784.694
705.407
396.187
234.629
143.42
91.6914
60.4551
41.1989
32.6195
28.1149
28.8988
33.4395
42.8793
59.5565
91.7496
145.059
237.29
403.844
727.082
853.751
783.092
714.57
396.162
234.509
143.862
91.6601
60.8116
42.151
32.2377
28.9642
28.0839
32.4854
41.8441
60.3035
90.6739
144.021
236.112
406.005
733.051
857.942
792.338
712.91
394.155
233.036
144.571
91.453
60.9685
41.4081
33.2376
29.155
28.8186
33.2517
42.2035
59.5038
90.482
143.248
234.949
400.267
719.137
855.251
796.789
703.335
394.102
233.267
144.685
92.8027
61.4694
43.1128
33.4603
28.6911
29.3273
32.8097
42.8786
60.1136
90.5896
142.32
233.869
400.335
721.149
827.474
832.602
713.067
396.821
233.396
144.335
92.5257
61.1354
42.7518
32.7831
29.6112
30.0186
34.0121
42.9013
59.8025
90.2346
141.491
232.596
397.255
708.497
779
794.171
709.39
394.863
231.948
145.242
91.4047
60.0108
41.6798
33.5593
29.0045
29.8912
33.9477
41.9539
58.2564
89.214
141.256
231.101
393.791
710.447
775.109
801.312
705.739
390.51
233.017
145.612
93.0256
61.6298
43.2409
33.7958
29.8181
29.9644
34.1673
43.1726
58.9519
90.0322
141.345
229.938
391.086
705.566
780.889
846.164
701.758
391.3
233.435
145.672
92.8064
61.304
41.9311
32.6695
29.5642
29.6734
33.9791
43.2917
59.7697
90.017
141.062
228.349
387.508
699.207
780.563
839.122
707.996
390.112
232.379
145.251
91.6346
60.9823
42.7659
33.3865
29.3849
28.7837
33.0543
43.0921
58.7841
89.8873
140.597
228.12
388.533
702.088
786.489
838.69
702.432
388.914
232.113
144.983
92.1376
60.7808
41.5738
32.374
28.7178
29.6337
33.8298
43.3112
60.1896
89.9823
141.186
228.224
391.197
711.07
808.414
817.662
687.061
388.14
231.89
144.04
93.0857
60.0579
42.7746
33.5583
29.7326
29.1344
32.8008
43.0138
59.8492
89.2226
140.916
227.963
385.332
708.793
748.128
775.796
687.356
388.559
232.009
144.446
93.2796
60.5365
41.451
32.3519
29.6269
29.8566
33.3336
42.9286
59.0748
89.8808
142.197
227.529
390.143
709.779
758.236
776.631
688.056
391.575
232.36
144.705
93.1096
60.0646
42.0266
33.0518
29.6045
29.9186
33.96
42.4102
60.7326
91.0705
142.53
227.836
384.221
710.277
763.127
811.868
696.436
396.574
233.209
143.991
92.3613
60.529
43.0535
33.9163
28.991
29.1074
33.9543
43.2452
60.7006
90.9374
142.838
228.704
388.502
711.123
775.624
769.754
707.307
397.274
232.32
145.422
94.3357
61.532
42.2744
33.9992
29.2179
29.8435
33.8407
43.0311
60.6174
91.1694
143.167
229.694
390.504
710.317
784.303
771.813
707.597
396.273
233.283
145.757
94.5851
62.436
43.6097
34.0573
29.9609
29.909
33.6829
41.9357
59.4659
90.1704
143.399
231.131
396.268
714.247
801.954
802.403
707.426
390.864
233.187
146.596
94.3334
61.1064
42.0032
32.9805
29.8381
29.758
33.5686
42.8634
60.6738
91.4054
143.572
231.842
399.431
707.799
816.718
801.474
705.061
396.997
234.15
146.038
94.0567
61.9931
42.8405
34.0342
29.8672
29.631
32.777
42.0999
60.5334
91.3249
143.562
232.758
398.895
726.341
868.109
809.947
694.237
395.916
233.986
146.192
93.6379
60.9
43.705
34.1887
29.811
29.5257
33.6801
42.9511
59.6126
90.0997
143.458
233.56
392.778
716.301
864.112
805.273
713.927
392.749
234.917
146.083
92.5747
61.5228
43.7187
34.0706
29.5902
28.5572
33.3318
42.6537
60.2632
90.4391
142.976
233.554
396.82
734.116
864.59
789.874
715.968
396.922
235.284
145.429
92.0879
60.0242
43.3379
34.0173
29.586
29.2688
33.111
42.2074
60.0477
89.3724
142.943
232.015
398.844
732.038
836.798
797.815
715.875
393.202
234.932
145.456
91.7963
60.4131
42.452
33.7828
28.7506
28.181
31.7816
40.519
59.8837
90.1538
143.845
233.217
402.796
730.019
866.816
807.633
714.078
393.848
234.893
145.538
91.6537
61.0253
43.4771
33.9447
29.6979
28.8952
32.2707
41.0461
59.941
91.0226
143.876
232.959
399.494
725.098
783.056
839.763
720.521
394.67
234.839
145.51
91.481
60.7461
43.4707
33.9632
29.913
29.7384
32.7328
41.3614
59.8406
90.1069
143.819
233.902
403.743
724.607
788.469
799.173
718.694
395.967
235.175
145.5
91.8681
59.239
43.2714
33.8356
29.8304
29.9276
33.5675
42.2453
59.8091
90.4671
143.653
234.495
399.907
724.996
792.908
840.868
718.47
398.844
235.277
145.153
90.758
59.5876
43.379
33.6763
29.6926
29.7985
33.4858
41.1483
59.4113
89.6876
143.932
235.592
406.584
722.859
837.186
805.84
714.883
393.375
233.73
144.921
91.9848
60.1974
43.3918
32.718
29.3779
29.6701
33.4947
42.389
59.3323
89.6432
143.239
235.332
406.428
737.485
805.504
771.583
713.113
395.872
233.634
144.513
90.8291
61.3149
43.6064
33.8603
28.8925
29.2554
33.2938
42.2011
57.9716
89.1834
143.208
235.484
400.222
739.782
821.606
771.415
711.898
398.235
233.631
144.486
91.832
61.3975
43.4284
34.0306
29.9444
29.7539
32.7317
41.9558
58.0193
88.817
142.722
235.647
404.951
741.278
870.192
781.721
709.879
397.592
233.392
145.342
92.9859
61.0743
42.2246
33.68
29.8018
29.6818
32.4582
41.8459
57.9108
88.3826
142.227
235.761
406.515
738.311
852.734
787.463
712.103
397.428
233.473
145.323
92.9894
59.8234
43.4087
32.9653
29.6111
29.6867
32.821
41.1412
58.0777
87.9949
141.725
234.639
402.887
735.2
838.908
827.053
703.996
396.595
233.673
145.362
92.9446
60.8882
43.8145
33.8425
28.8619
29.5548
32.6085
42.2306
59.0396
87.2506
141.469
234.835
403.065
732.72
795.502
792.073
713.91
394.281
233.61
145.546
92.0284
61.7893
43.8503
33.5676
29.1879
29.5797
33.3391
42.2776
59.225
87.1678
141.444
234.521
406.2
732.917
798.813
799.975
712.403
397.091
233.927
145.673
93.0595
61.059
43.7736
33.9184
29.6409
29.4523
33.1196
41.2633
59.234
87.1433
140.785
234.457
404.921
733.479
838.37
844.175
703.75
396.094
234.935
147.034
92.472
62.4122
42.8483
32.624
28.441
28.2921
32.1503
42.5226
59.7279
88.2886
140.708
233.415
403.169
730.363
784.227
809.433
710.063
393.915
235.691
147.351
94.6519
62.7301
43.5837
33.0762
29.1792
29.1513
32.9558
42.7066
59.9551
90.2546
140.88
232.647
399.126
730.114
784.382
838.807
700.032
396.479
236.186
147.357
94.4843
62.3848
42.3059
33.0452
29.9358
30.0643
33.8473
42.5761
59.9467
90.5985
141.767
232.282
401.394
730.822
795.11
792.547
706.666
395.365
236.259
147.607
94.4682
62.1176
42.6869
33.696
30.037
30.1001
33.7075
41.4654
59.7443
90.7371
140.983
231.31
399.894
731.081
803.502
836.847
706.262
398.056
236.102
147.431
93.6212
61.0534
43.1203
32.8327
29.133
29.7884
33.8312
43.0037
59.0709
91.0767
142.88
231.259
395.579
730.286
844.215
828.046
711.668
397.202
236.243
147.501
94.6381
62.2164
42.4958
33.9417
29.9585
29.0625
33.9821
42.9937
61.2416
91.5974
142.597
231.787
397.468
727.048
800.98
823.1
697.408
395.623
236.517
147.858
94.6332
62.0943
43.4475
33.2667
29.8804
29.3302
33.458
44.0767
61.7945
93.0857
144.385
231.395
401.662
726.953
809.932
800.436
703.962
393.789
236.062
147.542
94.2055
60.4293
42.1366
33.9894
29.9969
30.0819
34.3659
44.0327
60.64
93.0976
144.642
233.109
401.757
727.152
822.794
827.682
710.164
395.652
235.389
147.258
93.3182
60.5044
42.7389
34.0447
29.7431
29.8921
34.2416
43.8219
62.0079
93.1628
143.935
233.669
400.671
725.56
863.794
779.849
705.849
395.846
235.235
147.408
93.5313
60.4495
43.4636
33.9763
28.7466
28.6754
33.0152
43.695
61.8398
93.6095
146.258
235.183
395.674
721.276
818.2
817.536
704.759
395.024
235.279
147.179
93.5378
60.6933
43.3808
33.9435
29.7
29.245
33.4083
42.7328
60.2997
92.4238
146.827
237.726
401.116
713.547
864.006
792.519
700.995
393.406
234.986
147.16
94.0939
61.4179
42.3385
32.9407
28.9153
29.5438
33.9445
43.5745
61.1444
93.2509
145.929
237.983
403.766
718.828
834.855
821.633
692.367
390.996
234.911
147.129
93.977
60.5833
43.5956
34.1021
29.7809
28.9067
33.1113
42.8047
61.9846
93.0132
146.028
237.32
403.384
708.147
800.599
782.091
704.181
393.387
235.255
146.944
93.4956
62.1685
43.6585
34.1026
29.8542
29.7926
34.1853
44.0774
61.9917
92.9524
144.912
235.963
403.056
718.718
803.88
819.298
703.323
390.649
234.367
146.402
93.8584
61.8648
42.3211
33.7511
29.5164
28.7328
33.0089
43.5211
61.5329
92.3364
145.535
236.565
400.229
722.342
813.363
789.947
699.602
392.434
233.796
146.245
93.658
61.7177
43.24
33.6427
29.4401
29.3272
33.0566
42.3401
60.3092
92.5372
145.593
235.802
402.152
721.36
816.361
796.703
696.859
391.106
233.581
145.846
92.3257
61.1475
42.8621
33.2038
28.4013
28.9563
32.7707
42.2828
60.1408
91.6368
145.208
235.099
397.826
711.366
825.032
834.639
688.918
387.405
233.347
145.767
92.0224
60.5026
41.461
32.9113
28.8169
28.1355
32.3132
41.6676
59.4623
91.216
144.789
234.531
395.125
712.483
847.47
808.076
695.693
388.298
233.127
145.067
91.6315
60.0385
41.3533
32.5626
28.617
28.1146
32.0084
41.1825
58.8316
90.5626
144.217
234.551
393.506
714.035
787.885
816.814
693.241
386.682
232.599
144.578
90.1737
58.3893
40.8348
32.1735
28.209
27.9106
31.8945
40.8987
57.9881
89.7675
143.282
231.679
391.703
709.733
830.111
860.774
684.219
384.812
232.078
144.087
89.9636
58.3918
40.8502
31.7009
27.7703
27.164
31.2868
40.2185
57.1464
88.9212
142.803
229.637
391.866
714.314
783.579
829.375
688.736
383.439
230.732
143.14
88.6665
57.5395
40.1887
31.0913
26.6506
26.4911
29.8185
38.4396
55.7175
87.2092
141.983
229.277
390.756
713.29
791.027
796.629
683.239
380.087
228.004
141.306
87.1344
55.3644
38.3133
29.7115
26.5167
26.275
29.2663
37.561
54.0542
85.9205
140.913
229.316
388.819
706.616
799.244
801.146
674.822
377.573
225.792
139.631
85.3654
54.3808
38.0973
29.6079
26.0637
25.203
28.4122
36.1364
52.5693
83.8842
138.509
224.602
386.024
711.673
841.079
839.046
676.256
374.324
223.943
137.79
83.791
52.9303
36.2748
28.4236
25.0132
24.8035
27.8021
35.2813
50.8433
81.5621
136.534
221.149
382.372
698.152
791.266
776.487
667.705
369.529
219.046
134.888
81.3113
50.8765
35.2806
27.8634
24.7533
24.6839
27.7215
34.7409
49.8771
79.7615
134.552
220.199
381.866
696.556
795.12
773.918
662.962
367.072
215.179
131.899
78.9695
49.6502
34.4083
27.236
24.1766
24.3449
27.628
34.5136
48.7145
77.9167
132.321
218.808
377.846
690.224
804.216
779.689
653.797
362.218
209.313
128.773
76.9493
48.176
33.5483
26.6051
23.9135
24.4751
27.6559
34.597
47.7031
75.6223
129.26
218.442
374.38
682.83
842.238
799.236
637.555
355.533
206.939
124.816
74.2598
46.6714
32.5804
25.9844
23.4034
24.0054
27.1278
33.9677
46.6495
73.7719
126.421
219.854
369.642
666.526
767.776
692.498
617.996
342.537
205.951
120.183
71.4854
44.9721
31.5027
25.0668
22.5956
22.8297
25.7076
32.355
45.5123
71.5625
122.468
213.121
366.769
655.053
808.795
686.941
602.743
330.193
195.612
114.942
67.6402
42.6922
30.2951
24.4172
21.9889
22.0738
24.725
31.1313
44.2612
69.0748
118.18
206.61
356.704
644.626
755.008
678.647
588.413
317.625
189.105
109.861
64.3005
40.515
29.0829
23.5894
21.3936
21.5087
23.9889
30.0055
42.0734
66.3138
113.928
199.175
344.267
633.498
787.373
681.648
576.411
307.03
181.32
103.666
60.3785
38.6697
27.9894
22.8385
20.7827
20.8996
23.2404
28.7181
40.157
63.417
109.417
192.462
332.444
602.251
705.372
694.365
554.433
294.814
172.485
97.5034
56.8444
36.6185
26.8744
22.2167
20.3368
20.433
22.5617
27.62
38.1507
59.7458
103.516
183.839
319.932
583.872
715.254
565
530.992
284.228
162.401
90.3253
52.7218
34.609
25.8529
21.5918
19.8712
19.9461
21.8442
26.3825
35.8157
55.5372
95.9264
172.859
307.367
572.55
765.091
548.25
505.422
270.158
148.933
82.1649
48.6452
32.5863
24.8212
21.0188
19.4622
19.4917
21.1461
25.18
33.5695
51.0188
87.6827
159.865
291.327
548.615
731.596
524.579
479.323
251.894
134.637
74.3962
44.705
30.5727
23.7079
20.3719
19.0143
19.049
20.5
23.9892
31.2064
46.3235
78.7434
144.583
268.698
516.79
701.175
511.154
430.465
218.42
116.892
65.2608
40.2184
28.2884
22.4819
19.6695
18.5207
18.5477
19.7906
22.8006
29.0318
41.9268
69.3634
126.578
239.083
467.28
735.109
497.978
394.169
197.453
103.27
57.5626
36.1093
26.1175
21.2951
18.9503
17.9946
18.0166
19.0375
21.4942
26.5572
37.0908
59.8439
108.727
208.95
413.603
612.421
486.349
344.471
168.243
86.5717
48.7128
31.6471
23.8054
20.0253
18.1967
17.4514
17.4813
18.2994
20.2614
24.2829
32.5795
50.5079
90.3796
176.916
357.931
530.745
508.424
301.768
142.372
71.7353
41.0922
27.8245
21.7772
18.8624
17.4523
16.8809
16.896
17.5081
18.9997
22.0678
28.3924
42.0435
73.1046
144.132
302.35
503.87
424.35
247.165
116.131
58.2202
34.3464
24.3871
19.8982
17.7523
16.726
16.3068
16.3122
16.7493
17.8326
20.0903
24.7956
35.0839
59.3363
118.086
253.433
435.008
415.451
211.574
94.3518
46.8381
28.9563
21.5927
18.2931
16.7487
16.0315
15.7466
15.7475
16.0355
16.7711
18.3456
21.6832
29.0263
46.6021
92.4729
205.536
426.063
404.383
175.559
77.3151
38.623
24.6884
19.2072
16.8732
15.8518
15.4103
15.2436
15.2458
15.421
15.896
16.989
19.4632
25.2039
39.5656
78.7988
177.822
413.014
408.914
159.58
64.506
31.9962
21.3301
17.3695
15.7827
15.1692
14.9415
14.8654
14.8648
14.9407
15.1777
15.813
17.4153
21.4153
32.1162
64.2513
157.363
418.581
432.511
139.911
53.4293
26.964
18.8317
16.0603
15.1399
14.8323
14.729
14.6974
14.6984
14.7323
14.8412
15.162
16.1429
19.0084
27.4292
54.6567
141.613
427.115
450.425
124.434
43.3159
22.3098
16.8667
15.3501
14.8946
14.7614
14.712
14.6957
14.696
14.7133
14.7665
14.904
15.3666
16.8691
22.1553
42.8291
123.811
452.701
461.635
98.9822
31.8565
18.1725
15.5143
14.9248
14.8049
14.7616
14.7532
14.7542
14.7538
14.7548
14.7647
14.8104
14.9337
15.5303
18.219
31.9376
99.0117
462.208
472.683
48.2149
18.5081
15.6394
15.0026
14.8535
14.8211
14.8271
14.8302
14.8284
14.8283
14.8297
14.8268
14.8218
14.855
15.0037
15.6353
18.4645
48.0911
472.208
1534.92
1159.51
682.955
420.487
260.407
155.704
89.918
54.5296
37.8868
31.457
31.6822
38.1368
53.7966
86.7969
144.319
240.775
393.25
661.193
1145.65
1489.98
1561.1
1152.1
681.756
420.713
259.267
154.43
88.4634
53.5151
37.0643
30.0469
30.2924
36.4685
51.0915
86.0241
143.59
240.969
392.582
663.057
1147.48
1520.23
1600.62
1154
677.948
420.929
259.055
151.812
85.1571
51.0174
36.1452
31.8522
32.1979
38.55
52.2783
84.1554
140.888
240.768
394.431
663.034
1146.15
1592.46
1546.41
1134.97
675.496
418.854
259.765
155.34
89.0556
55.5654
38.6161
32.2625
32.3139
38.8452
53.6902
87.8762
145.262
241.574
395.927
663.101
1137.8
1497.95
1462.11
1130.69
673.59
418.517
258.529
152.837
85.1845
55.441
38.1841
32.0412
32.0228
39.5971
55.9994
88.148
144.851
239.326
397.335
662.627
1126.88
1462.08
1474.16
1130
671.212
416.837
261.814
156.673
88.1995
55.947
39.1068
31.9491
30.6449
39.3955
56.0036
87.6542
144.511
240.258
399.216
658.551
1148.46
1525.66
1483.18
1136.36
674.202
418.273
262.328
156.38
90.7118
55.7207
38.7668
31.6758
32.2426
39.5373
55.8154
86.9432
143.437
240.317
397.755
668.488
1146.49
1508.21
1548.58
1151.64
680.246
419.589
262.627
156.237
90.1857
55.1458
38.1168
29.8539
31.7771
39.184
55.5915
86.4766
142.248
243.131
401.229
667.315
1129
1486.29
1527.02
1148.98
678.083
417.696
262.315
153.023
86.4452
52.4682
37.5516
30.5331
31.5459
38.8901
55.1173
85.6663
139.803
243.203
401.476
666.409
1138.15
1427.57
1517.54
1146.13
671.828
419.739
262.228
154.584
87.4446
53.8374
36.3252
31.1974
30.1788
38.3034
54.4902
83.5098
143.217
244.907
401.482
665.007
1125.17
1424.49
1536.82
1139.58
678.417
420.543
261.945
156.626
86.8267
51.7875
37.1202
31.2665
31.2322
37.9836
54.2559
86.4673
145.617
244.962
401.408
660.098
1138.13
1424.21
1605.31
1161.82
673.659
422.97
260.815
155.876
86.9661
52.1556
35.4985
30.728
30.7345
36.0847
51.7538
83.3828
142.303
244.483
401.335
666.963
1143.63
1419.28
1572.38
1150.15
680.678
427.295
264.773
153.398
88.0405
52.3225
36.0119
29.7305
29.3802
36.5913
53.5403
85.6495
143.893
243.672
400.323
666.522
1146.74
1427.6
1537.41
1167.78
685.736
428.977
265.161
157.341
91.1221
53.6709
37.0234
31.0091
29.9745
37.3318
55.5875
88.4321
146.086
242.58
398.798
660.973
1139.59
1428.36
1572.4
1169.27
690.513
429.583
265.24
156.967
90.7851
56.1819
38.8675
31.0313
30.3573
38.7918
55.6802
88.5765
145.789
242.259
396.762
667.386
1152.28
1441.74
1516.56
1169.12
696.345
429.774
264.475
155.564
89.6309
56.1465
38.8292
30.3777
31.2847
38.8214
55.3466
88.0613
144.629
239.849
397.247
666.722
1149.62
1449.12
1538.67
1170.81
695.77
430.044
264.044
154.615
85.839
55.4756
38.528
31.1054
30.1605
38.4771
54.764
87.3845
143.921
240.016
396.188
664.806
1145.57
1508.47
1593.9
1173.26
690.498
429.293
263.304
153.596
90.2808
55.2622
38.1049
29.8136
31.4777
38.3585
54.3872
86.4705
142.755
239.835
395.4
658.975
1155.5
1459.69
1540.74
1169.81
693.56
429.165
261.77
148.761
89.4018
54.6342
37.5794
29.8727
31.1602
37.7504
51.9628
85.1431
139.396
238.409
394.991
662.604
1153.06
1481.37
1605.09
1162.92
695.165
429.359
263.469
153.198
88.9235
52.0421
35.878
29.4324
30.8326
37.4883
52.2357
82.8995
142.917
238.214
394.298
660.201
1140.02
1550.88
1590.57
1176.42
694.799
428.16
261.203
154.729
85.6281
53.589
37.2651
29.4633
29.6373
35.9758
51.7559
83.37
142.368
236.677
393.214
655.183
1149.85
1497.86
1575.39
1171.91
689.315
425.918
259.891
151.821
86.6575
53.3543
37.1249
29.9144
30.6548
37.108
51.8551
83.0584
142.004
235.887
393.007
656.906
1144.27
1449.6
1523.91
1167.1
689.944
424.173
258.73
153.127
87.7383
51.4399
35.801
30.8318
29.7324
38.4399
52.5115
83.5285
141.233
235.406
392.644
655.511
1134.82
1459.34
1530.44
1162.53
685.697
422.302
256.679
152.166
86.8154
53.559
37.3383
30.9669
30.8342
38.9049
53.9792
84.7838
138.973
235.888
392.21
657.638
1149.2
1484.42
1542.89
1165.98
682.502
419.437
256.797
151.72
83.0667
53.0424
36.9209
31.2161
31.9009
38.906
52.5346
87.3637
142.761
237.364
391.087
659.078
1147.61
1505.16
1579.26
1160.75
680.466
418.515
256.079
151.1
85.3403
52.7439
34.7639
29.7534
30.6459
38.967
55.546
87.5824
140.468
237.766
391.675
656.879
1130.02
1575.89
1498.25
1155.04
679.685
417.822
253.976
150.596
81.2273
52.2435
35.5705
31.311
31.7483
38.6906
55.2586
87.5736
144.479
238.295
391.92
650.924
1125.32
1463.8
1517.09
1159.81
679.61
416.835
253.517
150.338
84.8397
51.0976
36.1902
31.4529
31.3427
37.5792
55.0746
87.1231
144.67
236.791
394.825
657.261
1128.82
1414.75
1535.21
1160.08
679.011
416.235
250.748
149.813
88.2118
54.9661
38.0684
31.4683
30.0414
38.8437
54.7168
84.869
144.66
239.72
394.909
656.92
1134.52
1469.36
1600.57
1151.09
680.913
415.468
251.424
148.837
85.7517
55.0618
38.0065
31.4241
30.4844
38.7378
53.4497
89.0349
143.939
239.96
394.442
655.524
1128.55
1422.64
1564.11
1162.57
685.222
415.764
252.865
146.359
90.2641
55.1635
37.6688
31.2088
30.986
38.8491
56.0818
89.8823
149.491
244.677
393.184
649.418
1126.06
1433.62
1582.94
1172.69
684.24
414.207
251.549
152.157
90.8421
54.9757
36.2764
29.829
29.075
38.3336
55.5411
89.3456
149.086
244.565
397.169
658.096
1111.52
1450.28
1650.96
1169.42
681.68
415.924
255.318
151.465
90.3609
53.0261
38.5151
31.661
30.498
38.1264
55.046
89.1173
148.599
243.794
396.865
659.682
1117.13
1508.61
1573.27
1147.99
678.364
415.372
255.023
148.407
90.1033
55.2918
38.3555
31.4653
31.2991
36.6726
52.7728
88.3044
146.519
242.882
395.243
661.193
1116.81
1448.12
1619.63
1142.12
676.013
417.22
254.09
153.302
89.5653
54.5345
37.6512
30.9903
30.3075
37.7585
54.1513
87.9963
149.005
244.111
399.69
663.253
1127.02
1515.35
1485.63
1127.57
672.824
415.904
255.727
152.304
88.5055
53.7818
35.5513
29.4537
31.383
36.6703
52.3537
85.2099
148.748
244.712
399.078
663.29
1107.06
1477.05
1494.36
1129.81
669.202
414.213
253.616
148.718
84.6183
51.2157
35.8803
29.9633
31.6639
38.8318
54.835
86.9091
147.318
246.423
396.364
666.53
1122.59
1442.52
1499.11
1134.41
667.388
413.352
253.079
151.593
87.1966
53.1937
36.6968
30.3079
31.3848
38.7184
53.3514
88.4437
149.695
249.422
402.65
668.235
1134.74
1452.49
1563.68
1128.39
669.163
411.863
251.336
151.131
89.4572
55.2616
38.1693
31.3816
31.75
38.9811
55.742
88.0878
149.196
249.46
405.822
668.382
1151.78
1473.67
1522.17
1136.39
675.15
410.479
250.635
150.112
89.0489
55.2562
37.9794
31.0617
31.5418
38.6598
55.579
87.2952
148.164
249.15
405.232
660.827
1146.47
1488.05
1491.67
1127.07
674.547
409.738
251.679
147.01
88.7299
54.8969
37.4349
29.393
30.998
38.3067
55.3651
84.5121
146.389
248.494
404.697
670.306
1168.72
1508.89
1502.87
1148.58
676.18
410.978
254.53
151.797
86.8402
54.7731
37.1285
30.4617
30.7474
36.7631
55.6111
88.2856
145.713
247.959
401.22
662.858
1169.19
1523.45
1565.67
1150.28
676.259
409.396
254.572
151.171
89.9005
54.3454
35.1713
29.9146
30.4375
38.1725
55.5144
88.024
146.045
247.427
405.132
666.999
1177.29
1546.5
1527.55
1146.78
675.237
411.633
254.985
148.371
89.3585
53.5123
35.4232
29.4139
28.6599
37.6158
55.5054
88.0651
144.384
246.844
405.521
670.109
1168.48
1562.48
1576.04
1145.97
673.152
413.128
255.535
152.694
88.6633
51.6065
35.3392
28.2233
29.7536
36.6981
55.4197
87.8493
144.933
246.422
406.316
675.021
1185.27
1617.61
1524.01
1131.72
668.566
413.453
254.598
149.892
87.8475
51.1873
35.0892
29.8175
30.9729
37.9962
55.4255
87.8634
143.697
244.938
406.497
679.454
1180.53
1542.88
1583.58
1159.08
678.214
414.141
253.237
152.434
85.0681
51.153
35.4751
31.2377
29.9494
38.2564
55.1562
87.6312
145.342
247.686
405.857
676.157
1174.79
1601.6
1556.86
1155.96
676.906
414.518
255.83
152.173
86.5472
52.3342
36.3569
31.62
30.7334
36.9212
54.625
87.4141
148.32
247.617
404.91
673.05
1154.47
1536.18
1612.86
1151.94
669.854
413.864
255.241
149.252
88.7194
49.9221
38.1078
32.1446
32.2875
38.4988
52.9025
83.888
147.933
247.563
402.968
669.633
1156.49
1469.5
1527.91
1143.11
674.928
413.379
254.719
151.186
89.2594
52.9201
38.5235
32.1128
32.4221
38.6732
54.6642
86.4768
147.422
246.857
403.674
672.455
1160.79
1470.7
1490.06
1137.71
673.471
412.881
253.48
147.749
88.7239
55.6993
38.4304
31.7794
32.3196
37.33
52.5573
88.6664
145.615
248.985
402.505
671.706
1160.33
1538.71
1554.03
1133.67
670.358
414.228
256.694
153.633
86.8091
55.2312
36.6707
31.9977
32.6316
39.598
53.7059
88.8267
151.662
250.129
403.633
670.27
1152.9
1496.41
1543.21
1137.9
678.226
416.434
259.123
157.509
91.182
55.2267
38.1173
31.7473
32.4495
39.9973
54.5278
86.083
151.724
250.449
404.831
668.705
1139.5
1473.06
1536.93
1148.27
678.621
416.694
261.803
157.279
87.3867
52.0237
35.9074
31.1198
32.1309
40.1731
57.1812
89.1144
152.416
251.047
405.535
668.5
1153.64
1518.74
1502.49
1144.39
676.749
417.148
260.665
155.079
88.3994
53.219
36.6177
30.5235
30.5727
39.9487
57.4959
86.8104
152.546
250.982
404.661
662.865
1147.74
1444.3
1511.89
1138.39
670.968
418.517
262.965
156.574
89.1511
53.9989
37.4809
29.1816
31.3868
39.67
57.8271
91.7425
153.2
251.319
405.703
668.007
1139.45
1493.26
1527.02
1158.38
675.095
419.607
262.144
156.079
85.3561
50.8916
36.2836
30.2156
30.3502
38.4807
57.7486
91.6234
153.011
251.163
405.633
668.447
1146.89
1415.45
1576.03
1157.7
676.932
421.048
263.437
157.873
89.6118
54.1508
38.5327
31.3253
31.5795
38.9347
57.3966
91.2216
153.223
251.385
405.376
667.864
1146.57
1416.5
1509.2
1141.99
679.121
422.866
263.587
157.24
91.9943
55.7304
38.1945
29.6142
29.7985
38.7925
57.1311
88.6934
152.497
250.832
404.971
667.458
1146.47
1427.07
1569.3
1165.89
685.098
424.937
264.499
157.852
88.4517
52.9105
37.8022
30.2227
30.0232
36.9944
56.7118
91.0991
151.722
250.028
404.085
665.207
1143.84
1429.14
1552.31
1161.27
683.111
424.511
262.46
154.583
89.8334
54.3563
37.5963
31.09
30.6273
37.6421
56.2504
90.571
148.777
247.834
403.596
661.559
1146.87
1444.91
1573.44
1147.03
687.954
423.699
262.954
154.642
87.0546
51.8023
36.9429
30.9045
29.1217
38.2003
53.964
87.7979
149.514
248.116
403.799
666.325
1142.48
1455.64
1570.93
1165.13
687.255
424.658
262.551
153.937
90.2932
54.1017
35.553
30.8073
30.1673
38.1889
54.7977
88.9365
150.844
248.097
403.32
664.792
1149.4
1508.86
1551.74
1160.23
684.969
422.834
259.939
154.678
89.2161
51.916
37.0834
30.8748
30.9935
36.7002
55.2885
89.6714
150.217
246.123
402.879
662.29
1134.48
1437.82
1505.85
1155.15
676.433
420.612
258.754
153.443
88.1907
53.2038
36.6648
30.3719
30.5527
36.8873
54.5919
88.8248
149.373
247.881
401.989
660.741
1145.14
1442.77
1513.32
1140.97
675.011
418.3
256.853
149.489
86.4185
52.2991
35.9916
29.8244
29.7778
37.0993
53.6096
85.565
148.379
247.426
401.984
657.017
1146.29
1465.76
1577.04
1144.65
672.678
415.977
254.977
148.08
84.9331
50.9336
33.7128
29.0345
28.1899
36.2474
52.8393
84.8701
144.973
246.443
401.029
657.688
1140.03
1525.85
1541.25
1139.46
669.281
415.448
252.862
144.755
80.99
49.8679
33.7264
28.8342
28.6713
36.1231
51.7688
82.9261
145.191
245.16
399.679
655.44
1138.02
1475.27
1517.21
1135.63
664.381
410.035
248.369
141.263
80.0983
48.7139
32.3857
28.3787
28.988
35.4671
50.7266
81.0071
143.87
244.608
398.362
655.34
1132.75
1435.91
1449.12
1128.71
659.805
406.963
245.575
138.486
76.312
46.1344
32.3177
27.1
28.3142
34.7002
48.9424
80.0912
141.841
242.705
397.615
653.451
1130.14
1445.32
1449.64
1130.23
655.271
402.725
242.996
136.099
75.6008
47.1858
32.8912
27.3089
27.6423
33.7616
47.9326
80.2649
139.162
240.198
396.898
648.799
1119.36
1499.67
1499.23
1123.5
648.421
397.977
239.497
133.321
73.9713
46.1612
32.0186
26.5685
26.0337
31.8687
48.3098
79.6684
137.942
237.705
395.378
647.659
1114.39
1420.13
1379.49
1102.33
640.61
395.185
236.143
131.482
72.5596
43.3334
30.8215
25.1252
26.2656
31.5576
47.0694
77.8293
134.128
234.395
390.903
641.51
1109.96
1419.38
1365.44
1090.75
626.954
383.663
229.71
129.015
71.2176
42.264
30.0602
24.7757
24.9183
30.3001
43.9667
73.5875
131.536
230.666
386.77
636.66
1106.06
1432.4
1364.73
1078.63
611.866
373.357
224.486
124.695
69.0326
40.46
28.5781
24.1273
24.1101
29.5863
42.5998
70.1
127.42
225.752
381.125
630.866
1102.91
1442.19
1385.17
1058.18
598.278
363.647
218.913
121.703
66.5559
38.9983
27.6932
23.6161
23.4393
28.4246
40.8234
67.5934
122.447
220.408
374.476
625.025
1103.87
1505.82
1268.37
1039.5
589.857
357.506
213.107
116.832
63.2623
37.3866
27.1537
23.0863
22.7911
27.1031
38.4803
64.5953
118.295
213.518
366.112
613.85
1090.66
1456.02
1277.51
1020.67
586.752
356.265
208.27
112.536
59.3626
35.7689
26.3068
22.5647
22.2551
26.1954
36.9525
61.5476
112.395
205.679
355.815
600.123
1069.88
1509.71
1330.8
1002.37
585.196
357.833
199.993
106.505
56.6139
34.4184
25.6776
22.0493
21.6724
25.1856
34.8868
57.6757
106.586
197.133
344.961
585.127
1038.13
1337.53
1308.63
971.036
559.896
340.364
190.067
99.3802
53.2544
34.1052
25.2499
21.6422
21.1414
24.3169
33.1138
53.9907
100.24
189.406
334.451
567.902
1008.21
1217.03
1312.79
942.683
541.072
326.312
180.768
94.096
51.0098
32.3343
24.0105
20.8463
20.6425
23.4993
31.5138
50.9774
94.4742
180.02
323.428
551.338
983.055
1176.89
1288.11
905.868
513.582
305.749
167.559
86.3715
47.8122
31.0363
23.4627
20.6155
20.2889
22.7678
29.9855
47.5986
88.392
170.526
308.775
530.718
953.271
1154.43
1224.03
871.855
489.797
288.877
156.732
80.9376
44.6332
29.4478
22.7178
20.2385
20.0489
22.239
28.7742
44.6474
81.5771
158.64
292.635
505.598
913.733
1132.33
1115.74
840.969
469.538
271.518
144.15
73.9354
41.816
27.8133
22.0541
20.0631
20.0165
21.7805
27.5506
41.6895
75.3657
147.062
274.043
478.742
873.004
1069.88
1117.9
813.392
452.744
256.764
133.994
68.3144
38.8105
26.5754
21.4599
19.6828
19.6931
21.497
26.4529
38.8041
68.5583
134.374
254.633
451.467
831.076
956.787
960.796
774.525
423.667
235.025
120.083
61.5542
35.9834
25.2103
20.524
18.8435
18.8576
20.7327
25.1752
35.7711
61.3034
119.37
232.266
422.04
785.228
925.9
945.815
738.043
394.761
214.127
107.809
55.4166
33.1889
23.8521
19.9306
18.4177
18.5503
20.0934
23.8904
32.7288
54.022
104.586
206.965
386.527
738.093
885.598
923.391
679.745
351.662
184.557
91.2764
48.0329
30.1245
22.5442
19.2101
17.9693
17.9202
19.1489
22.4256
29.9056
47.2786
88.51
177.977
346.095
680.055
859.798
913.573
618.722
309.81
156.268
76.9533
41.7121
27.28
21.1844
18.5781
17.5828
17.5774
18.5357
21.1665
27.1951
41.2258
73.9921
146.873
297.211
609.313
826.392
902.693
536.419
258.973
126.189
62.6761
35.5115
24.6183
20.0115
17.9741
17.1771
17.1674
17.9024
19.8588
24.4207
35.0538
60.8959
121.392
253.468
539.805
809.431
879.374
451.18
209.027
98.7584
49.4915
30.0253
22.1687
18.8038
17.3354
16.7679
16.7627
17.3358
18.8316
22.1956
29.8575
48.2802
94.7504
204.596
448.298
797.602
826.436
366.793
163.004
75.3525
39.4047
25.5782
20.0886
17.7662
16.7751
16.3991
16.4038
16.7817
17.8027
20.1847
25.7945
39.5018
74.1305
161.472
369.449
753.592
732.697
276.297
119.802
54.9003
30.6209
21.7613
18.2722
16.8335
16.2241
15.9995
16.0096
16.2646
16.9297
18.4588
22.0393
31.0014
55.2962
122.813
288.473
689.471
505.598
210.754
86.9111
39.4995
24.3821
19.0415
16.9522
16.0923
15.7409
15.6117
15.6151
15.7611
16.1783
17.189
19.6112
25.5005
41.3168
89.0815
219.673
599.513
459.954
171.172
68.7036
32.8252
21.424
17.4542
16.0058
15.4778
15.282
15.2159
15.2179
15.2869
15.489
16.0451
17.5689
21.7882
33.9285
70.9007
168.983
443.8
443.81
145.085
55.1996
26.7617
18.6123
16.0295
15.2174
14.9776
14.9074
14.8887
14.8927
14.9213
15.0038
15.2499
16.0557
18.5752
26.5838
54.588
144.716
441.055
448.756
126.785
45.1806
22.7988
16.9692
15.3661
14.9018
14.7797
14.7478
14.7403
14.7406
14.7511
14.7881
14.9162
15.3971
17.1705
23.406
47.0324
132.489
454.289
463.818
111.332
37.4768
19.7766
15.852
14.9825
14.8096
14.7623
14.7469
14.743
14.7425
14.7468
14.7625
14.8072
14.9762
15.7644
19.4615
36.3259
108.535
463.247
469.289
84.0005
26.2949
16.7488
15.1535
14.8615
14.7968
14.7858
14.7855
14.7873
14.7863
14.7868
14.7868
14.7955
14.857
15.1794
16.8499
27.4525
88.8077
470.448
473.788
42.4095
17.1018
14.8386
14.79
14.8217
14.8333
14.8378
14.8402
14.8402
14.8403
14.8398
14.8372
14.8304
14.8067
14.6992
14.632
16.3015
41.5438
474.379
835.029
720.761
405.997
240.81
149.846
95.6056
63.2781
44.6831
34.7606
30.4083
30.1382
33.9319
43.0324
60.3828
91.2588
145.105
238.457
409.613
737.234
850.517
850.722
720.457
406.385
241.329
149.922
95.2234
62.7871
44.2327
34.3849
30.0774
29.6517
32.8301
41.8131
59.2145
90.3485
145.317
239.284
410.47
738.512
867.024
884.804
714.434
405.631
240.766
149.2
94.8087
62.3992
43.9431
34.1611
29.8902
29.2696
33.8908
43.1708
60.6571
91.5031
145.187
238.621
412.916
743.241
878.076
837.795
720.177
404.535
239.993
148.584
93.4196
60.8156
42.6013
33.0524
29.0951
29.2518
33.9276
43.1734
60.6816
91.3215
144.9
238.597
409.432
737.452
899.968
882.817
711.585
400.545
238.567
147.534
93.6429
61.726
43.7497
34.2121
30.1561
30.0778
33.8598
42.8618
60.3787
90.2494
144.517
237.758
410.504
738.889
915.639
848.231
718.617
403.104
238.223
147.079
92.4761
60.3144
43.3656
34.1718
30.1951
30.0239
33.7365
41.7422
60.3004
90.4044
144.196
236.701
407.679
733.56
843.989
818.526
714.942
398.89
237.829
146.256
93.5693
61.8919
42.8086
33.9118
30.0716
29.8685
33.6745
42.6402
60.2872
90.7491
143.274
236.193
405.005
726.12
876.096
824.269
708.473
401.397
237.394
145.77
93.1503
61.6841
42.0543
33.6968
29.9283
29.7393
33.3479
41.5831
60.2374
90.9611
143.692
235.995
404.085
727.447
784.14
839.074
718.376
403.34
236.8
145.469
92.7472
61.5162
42.4418
32.8818
29.7266
29.4539
32.4716
42.7338
60.1308
89.8726
142.809
236.334
403.963
726.31
797.846
874.336
714.66
401.155
235.986
144.863
91.3281
61.1968
43.3567
34.0143
29.8772
28.8723
32.6639
42.4085
59.9091
90.4546
143.788
236.817
403.805
721.236
832.972
833.246
700.327
398.381
234.958
144.325
91.4401
60.8338
43.1436
33.8307
29.8588
29.6259
33.0502
41.4073
59.4121
90.5927
144.771
236.559
400.44
714.336
765.485
878.308
710.597
395.609
233.847
143.864
91.5637
59.9374
41.6271
33.4171
29.6902
29.4305
32.3292
41.5648
58.1745
90.6879
144.448
236.368
402.268
717.945
764.838
839.71
711.135
395.535
233.553
143.78
91.8942
59.3514
41.6252
32.3382
28.7995
28.7498
33.3903
42.3482
59.1821
91.2704
144.029
235.222
402.967
718.349
771.899
803.864
697.88
393.341
233.628
144.012
91.788
59.3279
41.4789
32.6423
29.7114
29.6794
33.3732
41.5343
59.9618
90.5885
143.156
235.919
404.935
722.44
779.798
804.306
705.095
394.177
233.78
144.428
91.1788
59.7157
41.7354
32.8115
29.6976
29.5666
33.009
42.6287
61.255
91.4871
143.352
234.577
405.74
715.976
792.018
815.466
693.692
395.44
234.705
144.264
92.6374
60.9153
42.481
33.4289
29.6413
29.9102
34.0452
43.5134
61.2763
92.233
143.753
235.979
405.493
725.956
809.382
843.286
701.526
392.413
234.479
145.29
92.9885
60.9687
41.3078
33.1901
29.3832
28.999
33.6479
43.0936
60.9646
92.1327
144.561
235.551
406.096
732.683
850.241
795.06
707.301
396.609
236.645
146.734
93.0931
61.0011
42.8645
32.5251
28.5515
29.4331
32.7619
41.9443
59.7204
91.9252
144.053
237.109
401.197
721.815
828.576
835.815
703.511
399.121
237.655
148.771
92.9457
59.9168
42.6134
33.4627
29.0721
29.1042
33.5891
42.9931
59.9814
91.2118
145.378
237.552
405.382
731.267
808.546
815.192
705.706
398.426
238.477
149.736
95.5408
62.375
41.6938
32.7692
29.7018
29.5938
32.6934
41.9702
59.8346
91.2494
145.335
237.489
408.598
731.389
817.456
790.852
715.315
395.355
239.227
149.886
94.8559
62.2967
43.2614
33.8853
29.7648
29.5355
32.88
42.4612
60.3633
91.4754
145.382
237.091
406.746
726.025
861.034
795.957
715.629
398.908
240.954
150.358
96.0275
63.0139
44.0259
32.9078
29.3527
29.1916
32.8156
41.213
59.4414
92.0989
145.305
236.917
408.138
736.262
836.597
810.01
714.961
400.18
242.714
150.457
95.1962
61.7298
43.7799
33.0673
28.6687
28.2509
33.4626
42.2573
60.6564
92.1276
145.239
235.152
402.577
735.165
874.346
841.488
713.285
402.685
244.402
151.747
96.5235
62.8762
43.7312
33.3611
29.7029
29
33.5487
42.9178
59.7987
91.2635
145.853
237.027
406.734
731.042
833.146
785.993
709.537
404.931
246.119
153.02
96.5444
62.5055
42.4017
33.794
29.7021
29.4311
32.7043
42.0311
60.5944
92.2357
145.782
237.511
403.651
729.505
884.892
792.85
707.267
405.045
247.123
153.743
95.5453
61.2515
42.6852
33.728
29.4804
28.7621
33.1794
42.9002
60.4366
92.1504
145.578
238.015
405.505
714.728
861.026
795.164
699.034
408.108
248.059
153.807
96.38
62.28
43.3589
33.5341
29.2648
29.2553
32.2401
42.8182
59.2502
91.2519
144.536
237.356
403.402
717.145
827.773
806.629
710.786
410.471
248.823
154.405
95.426
61.096
42.3001
32.5748
28.1893
28.8288
33.1281
43.0868
60.3106
92.4477
145.062
237.838
405.384
724.747
856.521
812.916
713.317
411.758
249.37
154.698
97.3086
63.3756
44.3331
34.2544
29.4465
30.0459
34.103
43.0602
59.2013
92.568
145.435
237.052
403.848
722.061
808.033
851.502
713.043
412.973
249.743
154.697
97.0337
63.0847
44.1323
34.1875
30.1829
29.9756
33.1039
42.823
61.0076
92.8229
146.433
238.691
403.544
721.238
825.563
819.138
716.288
414.944
249.837
154.459
96.6713
62.7425
43.8451
33.1402
29.2135
29.5764
33.7396
41.6888
60.8778
92.1548
145.993
240.454
408.431
712.987
862.981
823.378
723.852
417.098
249.515
154.058
95.6783
60.7876
42.5853
34.1888
30.2059
30.4299
34.5307
43.3276
60.7246
93.9556
146.136
240.133
407.6
725.27
819.162
856.894
727.329
418.909
249.379
153.362
94.9366
61.1375
42.8966
33.9172
29.1921
29.9931
34.3391
44.1067
62.7002
94.3831
146.703
238.346
401.687
729.26
861.73
814.421
731.981
418.031
249.01
153.617
96.4572
61.3321
43.0619
33.2331
29.4233
29.4771
34.0106
42.9769
62.4678
94.5637
147.639
240.503
404.386
725.463
838.668
811.773
729.072
416.747
248.433
153.323
96.4123
62.3726
44.0883
34.0358
30.1097
30.1407
33.3457
43.6013
62.3049
94.4693
148.133
241.4
405.016
714.254
872.842
814.661
727.237
414.742
247.685
152.795
96.1755
60.8999
43.7747
33.2471
29.9599
30.2141
34.1298
42.7631
62.0308
94.2397
148.38
240.42
407.281
723.372
824.857
812.991
717.986
411.576
246.711
153.002
96.1849
62.3073
43.7142
33.8658
29.2614
29.9003
34.0505
43.7589
61.1099
94.0398
148.72
242.003
411.035
731.225
861.175
821.776
726.229
409.381
246.08
152.754
94.8055
61.5186
43.1782
33.5341
29.769
29.6107
32.8675
42.8652
61.5791
93.6269
147.728
241.379
412.845
735.89
798.675
827
724.138
409.502
246.129
152.563
95.8448
59.8912
41.8352
32.2312
29.4528
28.9961
33.2087
43.874
60.6854
92.7069
147.951
242.16
408.871
733.245
794.143
859.254
719.81
408.072
245.865
152.256
95.7737
61.4259
43.5683
33.1142
29.1683
30.0348
33.6457
44.1389
62.3301
94.1916
148.291
242.121
409.448
728.259
796.819
792.352
710.841
406.476
244.965
151.366
94.4599
62.2168
43.9234
34.0358
30.0717
30.1944
34.3791
44.0477
62.1483
93.9749
148.59
242.086
408.506
730.414
791.377
797.403
716.145
406.348
243.448
150.103
94.4617
60.589
42.5815
33.7778
29.9364
30.0597
34.2634
43.9071
61.9903
93.8197
148.373
241.548
408.655
725.914
795.784
801.32
708.656
404.026
242.128
149.148
93.9568
61.3494
43.2676
32.6717
28.8476
28.9998
33.1747
42.7106
60.7112
92.6202
147.446
240.118
410.445
730.965
793.422
837.195
715.301
401.527
240.149
147.928
92.3572
59.6597
42.823
32.8865
29.6886
29.9334
34.207
43.875
61.9241
93.4698
147.642
240.29
406.971
726.76
800.853
806.449
703.41
398.336
239.313
147.072
92.2515
60.6844
41.7716
32.7665
29.5824
29.7965
34.0568
43.6919
61.7668
93.2355
146.985
239.833
411.648
737.161
801.889
813.121
704.679
397.043
239.667
146.21
91.5924
59.3763
42.0281
33.1756
29.3092
28.8098
32.8761
42.757
61.2471
91.9703
146.515
239.008
410.414
736.099
812.1
825.283
702.567
395.119
237.328
145.602
91.4599
59.7606
42.7103
32.4759
28.6705
29.5081
33.5743
42.8953
61.0457
91.788
145.601
238.014
408.128
733.165
816.028
819.702
696.092
393.935
235.711
144.879
92.0687
60.594
42.7718
33.5309
29.6533
29.2217
34.2482
43.5735
60.138
91.3825
145.242
236.517
401.349
730.122
821.548
853.393
700.723
396.201
234.639
144.798
91.814
60.204
41.3731
32.4828
29.0348
29.8529
34.222
43.5939
61.1794
91.3409
144.753
235.736
401.433
720.447
853.654
791.204
704.254
392.868
234.412
144.444
91.1875
59.7437
42.3656
33.4922
29.8336
29.2808
33.9184
42.5869
61.1555
91.3566
144.456
235.325
399.42
723.976
788.512
798.765
697.285
397.006
233.898
143.942
90.3602
58.2527
41.2584
32.7478
29.7156
30.1859
33.7188
43.6858
61.1477
91.6446
143.989
235.052
399.646
716.906
828.249
802.852
706.103
398.127
233.007
143.06
90.7357
60.3785
43.3009
34.2895
30.4356
30.3419
34.5701
43.7448
61.095
91.3947
143.667
234.039
397.44
727.788
795.108
815.027
696.078
397.286
232.353
142.348
89.1567
59.9693
43.0846
34.1213
30.2448
29.5228
34.3196
43.4844
60.8755
90.756
143.017
233.512
396.914
725.643
803.64
844.091
701.892
396.654
231.813
141.799
89.3637
59.8233
42.8827
33.8949
30.0823
29.3992
33.6099
42.5438
60.8559
90.2541
142.682
232.891
394.755
723.725
851.897
798.646
707.92
396.333
231.742
141.73
89.4686
59.1969
42.0802
32.6465
29.346
29.7184
34.8071
44.3987
60.6072
90.7975
142.591
232.176
392.527
708.705
826.392
838.416
705.413
395.321
232.249
142.75
88.1513
57.4844
41.4032
33.1359
30.1854
30.4416
34.8397
44.5603
62.0577
91.8998
142.871
230.974
391.599
710.759
797.642
813.472
691.191
394.015
231.845
142.933
90.5794
59.6742
42.2283
33.6259
30.0247
30.2687
34.7025
44.3933
62.0928
91.8988
142.896
231.031
392.417
711.131
832.117
788.862
699.411
393.173
232.997
144.814
92.8729
61.5739
43.0704
32.8723
29.7211
29.1256
33.5924
44.0284
61.8518
90.7708
142.809
230.837
388.784
697.61
778.14
796.474
692.194
397.184
234.411
144.357
92.8228
61.4934
42.246
33.5673
29.2632
29.2437
34.156
43.895
61.7479
91.4353
142.381
231.03
391.412
707.7
824.325
838.686
707.975
397.502
235.209
145.652
92.8141
61.5004
43.3434
32.8755
29.7498
29.2893
33.281
42.6331
61.2336
92.349
143.242
230.899
390.712
709.601
815.881
835.452
712.9
394.273
234.707
144.626
92.1928
60.9667
43.0887
33.1748
29.822
29.7067
33.8193
43.0269
60.7457
92.3425
142.925
230.569
392.229
716.985
828.413
830.522
711.084
397.856
234.579
144.618
91.1636
59.6793
42.0014
33.7368
29.7319
28.9031
33.0472
43.5381
61.3488
92.2303
143.936
231.577
393.313
706.73
813.139
858.616
708.112
396.528
234.334
144.571
92.371
61.3002
43.5694
33.8349
29.8321
29.8077
33.9339
43.4089
61.0134
91.9817
143.522
231.963
395.186
716.753
785.787
832.134
703
393.912
233.147
144.722
91.1746
60.0397
43.3255
33.5
29.6447
29.4833
32.9543
42.0866
59.4121
91.3757
143.564
231.943
390.972
716.527
789.06
795.634
697.531
389.117
232.982
144.729
92.1846
61.3001
43.3004
32.4641
29.4232
28.8387
33.6913
42.7835
59.3426
90.8943
143.359
232.008
391.648
716.744
801.233
824.694
684.096
388.981
232.46
144.571
92.0487
61.2046
43.2414
33.4452
29.4346
29.5656
33.6761
42.6345
58.859
89.4195
142.081
231.114
390.613
715.207
809.209
776.297
687.66
389.384
232.453
144.609
91.6156
60.7837
42.7978
32.9539
28.3236
28.5043
33.282
42.3797
58.5361
89.306
141.566
230.305
388.692
713.147
852.982
776.763
693.995
389.462
232.627
144.691
90.367
60.228
42.2666
31.9402
28.7641
28.9747
33.0814
42.1053
58.2748
88.6208
140.867
229.5
387.336
707.548
829.293
785.996
693.491
388.572
232.167
144.633
91.1211
58.7898
40.9695
32.3858
27.9523
27.921
31.7989
40.7888
58.2585
86.8666
139.53
228.331
385.688
705.789
855.531
790.358
691.969
387.346
230.966
143.902
90.3824
58.8018
40.5883
31.4782
28.3418
28.4788
31.9434
40.8026
57.9103
86.2969
138.13
227.102
382.943
691.975
829.084
803.61
690.053
386.139
230.234
143.364
89.6049
58.0538
39.8907
31.0376
27.2722
27.427
31.5064
40.3471
56.5803
85.3128
136.612
224.469
378.793
690.433
778.592
811.858
685.382
382.873
229.312
141.847
87.6867
56.1532
39.2089
30.709
27.0027
27.3456
31.5866
40.4256
56.799
85.7651
135.485
221.632
376.33
689.554
812.944
847.415
677.334
381.682
228.882
140.614
86.8892
55.8108
38.1439
29.6243
26.4386
26.7532
31.0784
39.839
56.1323
85.1446
134.613
219.757
374.25
681.418
758.91
795.437
678.59
380.981
224.638
138.976
85.562
54.861
37.5145
29.2971
25.9544
26.1595
29.771
38.1438
54.1428
83.3448
133.704
218.481
372.756
679.509
765.829
806.179
680.852
378.957
221.248
137.414
83.815
52.577
36.514
28.765
25.4574
25.9524
29.6014
37.8004
53.1644
82.0803
132.752
217.932
370.731
673.442
774.302
814.376
674.857
375.112
219.76
135.829
82.304
51.6795
35.8257
28.0623
25.1144
25.3877
28.2333
36.1665
51.7698
80.7785
131.194
217.379
366.888
671.395
778.919
834.864
670.697
371.799
218.424
133.391
79.7193
50.418
35.2869
28.1318
24.4161
24.3537
27.6417
35.429
50.4388
78.8313
129.263
213.579
361.654
665.604
828.275
871.893
668.073
367.794
217.436
130.683
77.8909
49.1879
34.6074
27.6595
24.1099
23.986
26.999
34.3428
48.9987
77.2409
127.528
211.472
358.058
663.514
817.783
818.829
655.438
363.941
217.819
127.675
75.4696
47.6237
33.3699
26.4609
23.4829
23.4393
26.199
33.2066
47.5166
75.2791
125.728
210.39
356.153
661.035
831.073
756.637
642.987
355.697
211.447
124.071
72.9544
45.9424
32.3368
25.9209
23.0487
22.7946
25.3849
31.9833
45.7084
72.843
122.978
207.896
353.709
656.162
815.786
761.541
629.542
346.578
206.908
120.203
70.3056
44.2692
31.2431
25.0974
22.4877
22.3234
24.7882
31.0954
44.1445
70.509
120.406
204.332
351.74
647.905
782.24
763.607
618.268
337.613
200.784
115.984
67.2996
42.5235
30.252
24.3653
21.8762
21.7208
24.0822
29.9992
42.3271
67.709
117.219
201.297
349.577
639.332
812.048
812.372
612.654
335.219
195.372
111.299
64.5983
40.8451
29.1462
23.5615
21.2303
21.16
23.4579
29.0073
40.561
64.4367
112.803
198.655
341.568
624.96
731.734
751.323
597.91
326.732
186.744
105.161
61.0849
38.959
28.067
22.8368
20.7102
20.7294
22.8849
28.0984
38.9637
61.3126
107.2
193.487
332.13
610.994
737.276
686.85
581.607
313.846
176.419
98.5762
57.3824
36.9694
27.0046
22.191
20.2666
20.3099
22.2828
27.0896
37.1852
58.0295
100.8
182.607
320.283
594.249
740.57
672.655
556.035
295.86
164.502
91.3052
53.2878
34.7043
25.7836
21.5198
19.8302
19.8981
21.6774
26.0724
35.2668
54.4187
94.2026
172.115
308.305
580.867
783.242
668.522
532.362
278.306
151.756
83.5532
49.1617
32.6775
24.7335
20.9442
19.4298
19.4669
21.0638
24.9729
33.1599
50.2996
86.2698
158.184
292.2
554.354
759.362
655.873
495.965
252.167
135.576
74.9457
44.8427
30.5056
23.6475
20.3214
18.9969
19.0352
20.4301
23.8363
30.9149
45.7286
77.3682
142.588
267.892
516.011
732.452
666.49
457.581
227.048
119.82
66.1772
40.3467
28.2679
22.4475
19.625
18.4848
18.5284
19.7662
22.6949
28.7093
41.2217
68.1142
124.637
237.056
467.108
652.013
536.468
398.718
198.018
103.622
57.5852
36.0715
26.0645
21.2371
18.9171
17.9937
18.0443
19.0715
21.515
26.5011
36.7931
58.9044
107.063
209.693
419.045
537.318
504.402
351.224
170.949
87.8211
49.0933
31.7806
23.8578
20.0381
18.1947
17.4567
17.4978
18.3281
20.2893
24.2968
32.5837
50.5155
90.2799
177.137
362.157
510.189
490.075
301.099
142.878
72.375
41.3271
27.8951
21.776
18.8351
17.4357
16.8811
16.9175
17.5443
19.0515
22.1528
28.5655
42.5098
74.6907
149.139
313.841
504.294
481.518
250.749
115.342
57.86
34.3498
24.402
19.8825
17.7235
16.7011
16.3013
16.3271
16.7874
17.8947
20.1798
24.9207
35.2507
59.6237
119.377
256.507
495.836
485.041
211.36
95.1421
47.4244
29.0816
21.5701
18.2453
16.7095
16.0109
15.7459
15.7669
16.0733
16.8368
18.4751
21.9859
29.8125
48.6768
97.3515
213.82
491.4
410.203
175.212
76.1164
37.987
24.464
19.1277
16.8354
15.832
15.4059
15.2532
15.2656
15.4458
15.9159
16.9818
19.3849
24.931
38.8799
77.9611
178.938
410.431
409.493
158.257
64.9597
32.419
21.5077
17.4327
15.7925
15.1663
14.9387
14.8671
14.8739
14.9598
15.2107
15.8724
17.5656
21.7313
32.768
65.6188
158.878
409.152
434.318
140.495
53.3223
26.7677
18.7372
16.0309
15.1306
14.8282
14.727
14.6967
14.6983
14.7317
14.8381
15.1494
16.084
18.8763
27.0589
53.9384
141.66
431.145
449.475
123.981
43.3525
22.4108
16.9231
15.3561
14.8946
14.7613
14.7117
14.6957
14.6961
14.7135
14.7664
14.9027
15.3635
16.904
22.3705
43.3087
124.385
450.256
462.304
98.5685
31.7857
18.1263
15.4886
14.9223
14.8056
14.7618
14.7532
14.7543
14.7538
14.755
14.7649
14.8107
14.934
15.5119
18.1565
31.8219
98.9716
463.114
472.07
48.0708
18.3456
15.5922
14.993
14.8522
14.8211
14.8271
14.8303
14.8284
14.8283
14.8296
14.8267
14.8217
14.8544
15.0001
15.6204
18.4386
48.0696
471.922
250.722
286.237
159.871
98.5882
67.5477
49.9651
39.3005
32.7006
28.8424
27.0618
27.0787
28.8684
32.7373
39.3988
50.3477
68.7287
101.385
164.007
288.903
278.754
253.654
287.395
160.46
99.3605
68.1398
50.0686
39.2308
32.5507
28.6566
26.8585
26.8933
28.7077
32.6117
39.3112
50.3465
68.9353
102.145
165.237
290.089
291.089
259.117
287.623
160.039
99.6431
68.3237
50.1849
39.1002
32.2676
28.2989
26.5849
26.5447
28.5793
32.4814
39.0191
50.1972
68.9602
102.346
165.92
291.172
284.884
275.451
285.804
161.011
100.06
68.5539
50.441
39.4838
32.6781
28.6953
26.6525
26.8178
28.3532
32.1728
38.9499
50.1498
69.0406
102.346
166.139
291.512
276.216
272.073
289.737
161.554
100.368
68.5385
50.4721
39.4941
32.4478
28.6759
26.9366
26.8956
28.5649
32.3502
39.031
50.1158
68.893
102.269
165.433
290.57
276.82
272.136
289.207
162.024
100.774
68.6984
50.541
39.5506
32.6891
28.4477
26.8597
26.5999
28.2291
32.0348
38.7893
50.0812
68.8436
102.006
165.05
290.39
279.182
262.086
285.997
162.856
101.236
69.0646
50.6111
39.5335
32.7339
28.753
26.9384
26.8972
28.6119
32.4064
39.0797
50.2582
68.9464
102.125
165.19
289.676
288.806
263.584
288.69
164.329
101.932
69.3612
50.6596
39.2464
32.3288
28.2486
26.4189
26.481
28.4346
32.0639
38.7443
50.2342
68.9731
102.216
164.64
288.737
263.668
281.915
286.275
164.348
102.398
69.6025
50.7599
39.3056
32.5371
28.3412
26.4914
26.4621
28.2193
32.2659
38.8983
50.2768
68.852
102.037
164.759
289.861
265.88
280.805
289.393
164.356
102.712
69.9114
50.8648
39.3404
32.5044
28.3447
26.5376
26.5592
28.3781
32.1787
39.1197
50.3765
69.0144
102.238
165.445
289.643
270.132
284.772
292.265
166.143
103.331
69.9571
50.9321
39.508
32.2897
28.4281
26.7889
26.8406
28.6973
32.5694
39.0406
50.3657
69.0293
102.107
163.912
287.322
282.803
275.986
290.509
166.299
103.272
70.046
50.9834
39.4501
32.6058
28.7497
26.6333
26.5785
28.6197
32.5567
39.2514
50.3736
69.1061
102.222
164.408
287.498
271.774
289.255
293.431
167.677
103.799
69.9451
50.9584
39.6491
32.7792
28.8527
27.0119
26.9316
28.5212
32.4375
38.925
50.082
69.0661
102.285
164.554
287.783
266.342
269.669
294.656
168.339
103.314
69.8898
50.8742
39.2893
32.2878
28.3884
26.6053
26.5945
28.5104
32.2074
38.9773
50.2011
69.0343
102.048
165.15
289.245
272.88
274.593
298.038
168.7
103.484
69.778
50.7301
39.2938
32.328
28.5978
26.8685
26.7852
28.3143
32.3416
39.1197
50.3185
69.0318
102.694
166.389
286.67
266.614
277.528
298.366
168.505
103.44
69.6536
50.7772
39.4169
32.3544
28.309
26.8125
26.8018
28.5688
32.4325
38.919
50.283
69.1179
102.669
166.666
290.651
278.198
295.224
301.602
169.251
103.318
69.6673
50.7899
39.504
32.6745
28.6352
26.811
26.4725
28.4905
32.4674
39.2045
50.0842
68.8636
102.187
167.186
292.161
269.633
282.913
301.605
168.081
102.881
69.6503
50.7575
39.3096
32.6745
28.3734
26.8592
26.5845
28.2541
32.2072
39.1319
50.0602
68.8718
102.388
166.842
292.302
270.262
284.159
301.176
167.387
102.525
69.2746
50.7594
39.6409
32.8352
28.7418
27.0122
26.931
28.7209
32.5596
39.1568
50.1024
68.7522
101.993
165.647
292.028
273.48
301.863
299.109
166.775
102.27
69.1761
50.5576
39.568
32.8269
28.9531
27.0574
26.7555
28.6774
32.5926
38.975
50.28
68.9728
102.647
167.768
290.93
275.902
283.318
298.309
165.815
101.442
68.7471
50.4843
39.4816
32.7646
28.8598
27.082
27.1251
28.948
32.6672
39.128
50.3355
69.0268
102.405
167.838
293.72
279.987
289.77
294.339
164.365
100.98
68.5792
50.3965
39.3521
32.3625
28.3815
26.6191
27.0187
28.8841
32.6869
39.3278
50.316
69.0806
102.633
167.063
291.771
287.878
252.576
288.863
163.621
100.71
68.4877
50.2815
39.1615
32.5977
28.674
26.7649
27.0244
28.835
32.4389
39.2454
50.0788
69.0361
102.376
167.439
294.606
269.099
251.422
288.283
163.508
100.781
68.5068
50.3254
39.2269
32.355
28.4506
26.8895
27.0035
28.8654
32.7205
39.2885
50.3405
69.0973
102.446
165.72
294.541
270.169
248.131
289.097
163.297
100.912
68.8683
50.484
39.4549
32.5975
28.824
26.6706
26.7145
28.5854
32.711
39.4263
50.4789
69.092
102.496
166.901
294.184
269.944
259.588
287.264
161.873
101.105
68.7973
50.5175
39.3572
32.6393
28.8964
26.9199
27.095
28.8364
32.6752
39.3497
50.3253
69.1436
102.393
166.355
292.905
271.847
260.742
293.045
163.352
101.355
68.9104
50.5751
39.5384
32.8036
28.9233
27.1224
27.0259
28.481
32.2599
39.0468
50.3337
68.9999
102.036
165.48
290.283
276.925
266.511
293.222
163.275
101.488
69.1456
50.5112
39.2327
32.3601
28.4632
26.9777
26.7889
28.5618
32.4042
39.1908
50.3779
69.0241
102.244
165.797
288.866
262.46
267.983
293.073
163.722
101.498
68.944
50.4157
39.2494
32.4626
28.6052
27.0646
27.0823
28.8154
32.6059
39.3665
50.2907
68.8869
101.797
165.275
289.5
271.066
263.353
292.199
163.941
101.781
68.8293
50.3952
39.3292
32.6132
28.7936
27.1228
27.1203
28.7779
32.3696
39.3285
50.3475
68.8286
101.64
164.128
288.234
257.027
265.461
291.025
164.563
101.712
68.9028
50.4119
39.1749
32.3534
28.5034
27.0731
27.08
28.5819
32.6374
39.3739
50.2769
68.8991
101.667
165.096
289.183
256.006
269.977
295.078
165.559
101.784
68.9307
50.45
39.4938
32.8057
28.9835
27.187
27.1294
28.8347
32.6585
39.4052
50.4331
69.129
101.871
164.05
289.652
260.77
266.797
294.392
166.051
102.087
69.0006
50.5232
39.3393
32.5685
28.923
27.1265
27.0039
28.5709
32.3936
39.3384
50.5916
69.36
102.401
165.347
288.818
277.663
276.615
293.845
165.472
102.238
69.1139
50.5785
39.6659
32.9065
28.9374
26.9255
27.1572
28.9616
32.8356
39.5707
50.6686
69.357
102.537
165.989
291.948
279.111
261.416
292.848
166.778
102.623
69.4714
50.8449
39.7705
32.9403
28.7831
27.1935
27.195
28.966
32.8256
39.537
50.5021
69.3046
102.534
166.494
291.004
283.885
275.454
291.444
166.926
102.777
69.492
50.9416
39.8708
33.0935
29.1247
27.2581
27.2008
28.9588
32.8024
39.4992
50.6111
69.2814
102.327
165.435
293.49
283.101
267.968
291.308
167.089
102.959
69.5622
50.9882
39.8848
33.0859
29.1056
27.1793
26.8531
28.5534
32.389
39.0786
50.3826
69.2969
102.538
166.168
290.632
268.78
270.758
293.481
167.085
102.845
69.6516
51.0455
39.8769
33.0503
29.0805
27.2189
27.1229
28.8255
32.615
39.1556
50.4868
69.2929
102.272
165.398
292.808
269.216
290.093
295.298
166.819
103.071
69.8614
51.0822
39.8298
32.9754
29.0046
27.1549
27.0912
28.7926
32.5867
39.0994
50.2562
69.2316
102.483
166.552
292.559
270.644
288.111
296.583
167.813
103.127
69.845
51.0551
39.8072
32.938
28.9582
27.0981
26.9645
28.4083
32.2297
39.1547
50.2185
69.2312
102.446
166.132
290.168
273.971
290.578
297.189
168.006
103.044
69.955
50.9858
39.6815
32.7941
28.5872
26.7232
26.6647
28.5562
32.4256
39.1602
50.0918
69.0699
102.397
165.333
292.586
281.667
282.904
297.806
167.401
102.783
69.5913
50.7253
39.3529
32.7377
28.8506
27.0354
26.933
28.3636
32.1637
39.1156
50.1739
68.9332
102.22
165.665
289.19
266.898
294.073
294.989
167.056
102.665
69.558
50.7098
39.2863
32.3779
28.7762
27.031
27.0061
28.7383
32.5876
39.1635
50.0569
68.9457
102.391
166.52
293.761
281.09
265.797
294.073
166.78
102.436
69.2298
50.5763
39.245
32.3675
28.4919
26.6738
26.6297
28.4004
32.4793
39.2374
50.3236
69.0055
102.424
167.395
296.087
274.794
266.995
293.786
165.939
102.354
69.2169
50.5902
39.2245
32.4324
28.832
27.0653
26.9918
28.6687
32.2694
39.164
50.3229
69.0124
102.271
166.173
295.792
285.738
265.581
294.548
166.538
102.228
69.1089
50.5394
39.1926
32.4618
28.8373
27.0769
27.0237
28.7472
32.5355
38.9935
50.2601
68.9188
102.243
167.032
292.927
271.065
269.485
291.937
166.616
102.247
69.1242
50.5271
39.2689
32.6581
28.8316
27.0301
26.9449
28.681
32.5715
39.1843
50.237
69.145
102.558
166.47
294.996
285.709
283.215
292.46
166.365
102.079
69.1861
50.5753
39.4163
32.645
28.7683
26.958
26.84
28.3375
32.4289
39.1791
50.3131
69.1616
102.761
167.499
292.063
274.449
268.345
290.851
165.713
101.636
68.9083
50.4885
39.3567
32.28
28.6242
26.8515
26.545
28.4584
32.1145
39.0205
50.1719
68.9205
102.367
167.365
293.424
284.562
254.4
290.748
164.678
101.313
68.768
50.4612
39.3611
32.4933
28.5421
26.8654
26.5424
28.1998
32.0396
38.7574
50.0832
68.8336
102.224
167.334
294.366
266.4
251.422
292.518
165.032
101.232
68.7412
50.4501
39.3546
32.328
28.4059
26.8842
26.6449
28.3372
32.156
38.9929
50.1007
68.7826
102.245
167.12
292.971
272.962
253.686
290.645
163.711
100.904
68.5949
50.3508
39.343
32.3622
28.5753
27.0036
26.9056
28.5801
32.3357
38.9556
50.0243
68.744
102.127
167.028
296.473
291.628
257.246
294.087
163.735
100.943
68.7568
50.3545
39.3533
32.6602
28.8107
27.0129
26.9028
28.5396
32.3002
38.8639
49.8037
68.6146
101.878
166.533
294.925
280.505
267.373
293.388
162.54
100.284
68.3047
50.1518
39.0628
32.5281
28.7301
26.9605
26.8165
28.1748
32.1638
38.6116
49.9516
68.5917
101.51
164.678
293.509
267.423
260.856
289.182
162.062
100.164
68.4046
50.1803
39.2179
32.2813
28.519
26.9453
26.7585
28.265
32.0107
38.9063
50.0096
68.6017
101.376
165.214
290.573
273.655
267.57
291.203
162.475
100.136
68.2495
50.1592
39.1916
32.6686
28.6967
26.9811
26.6841
28.5327
32.3072
38.9314
49.9619
68.5385
101.245
164.712
291.005
249.269
254.248
285.972
160.642
100.371
68.6258
50.3797
39.5583
32.9119
28.9778
27.0788
26.9207
28.5657
32.3155
38.9155
49.8959
68.5444
101.048
164.138
288.591
251.911
268.452
290.498
161.858
100.495
68.5346
50.4227
39.5623
32.8971
28.9294
26.7674
26.5591
28.1143
32.1461
38.6172
49.8657
68.397
100.698
163.32
288.385
253.349
260.828
289.784
161.688
100.684
68.6743
50.4541
39.5498
32.8632
28.9461
27.0256
26.682
28.2148
32.1707
38.6848
49.7672
68.3922
100.422
162.885
287.505
261.652
250.84
286.329
162.021
101.089
69.0427
50.592
39.3668
32.7584
28.8664
26.919
26.8577
28.4394
32.1611
38.7856
49.7502
68.048
100.182
162.667
286.53
252.317
250.3
289.214
162.631
101.453
69.1294
50.6118
39.6456
32.5884
28.6592
27.0579
26.6599
28.0723
31.7927
38.5351
49.6502
67.8344
99.9528
162.784
287.506
247.167
253.281
288.586
162.597
101.265
69.0298
50.7695
39.7908
33.0462
29.1181
27.2051
26.9036
28.3581
32.1235
38.8485
49.6982
67.7282
99.5795
161.544
287.716
256.449
253.719
287.616
162.812
101.545
69.158
50.761
39.7128
32.9882
29.0994
27.2807
27.1346
28.53
32.1731
38.6992
49.6296
67.6757
99.314
161.377
283.198
250.448
256.874
289.849
162.989
101.321
69.0593
50.7277
39.3671
32.522
28.6039
26.8693
26.8515
28.7188
32.4528
38.9198
49.6232
67.5242
99.0023
160.249
283.763
246.979
257.35
289.482
163.522
101.644
69.226
50.803
39.4777
32.6228
28.6959
27.0978
27.0203
28.4772
32.3219
38.8044
49.5174
67.5354
99.1686
160.555
284.115
257.7
260.717
288.54
163.911
101.921
69.3601
50.8506
39.5246
32.6469
28.5977
26.7739
26.9794
28.6494
32.113
38.5613
49.5339
67.5395
99.0687
159.599
285.287
249.793
261.079
288.495
164.58
102.226
69.5411
50.9015
39.7255
32.8898
28.6853
26.7906
26.7379
28.6333
32.3996
38.8238
49.6697
67.5798
99.1794
160.799
284.821
247.947
264.466
286.894
164.301
102.254
69.5821
50.7318
39.6639
32.8558
28.8917
27.0517
26.9369
28.3922
32.1335
38.9679
49.7589
67.7089
99.2156
160.461
284.162
260.972
264.535
287.53
163.888
102.315
69.7225
50.8601
39.3643
32.7092
28.8114
27.0134
26.958
28.6057
32.2386
38.9744
49.7899
67.807
99.187
159.076
280.422
261.316
267.796
285.613
163.72
102.311
69.6561
50.768
39.441
32.284
28.286
26.5395
26.8061
28.4782
32.3796
38.9901
49.6972
67.8576
99.2687
160.318
283.395
264.554
268.089
286.263
163.789
102.488
69.5942
50.8306
39.4193
32.3056
28.3209
26.6028
26.8074
28.5724
32.3605
38.9579
49.8412
68.1723
99.8472
159.3
282.58
260.079
272.338
285.774
163.552
102.133
69.5372
50.7124
39.1264
32.2085
28.2665
26.7235
26.7454
28.4734
32.2214
38.6487
49.9021
68.3672
100.434
160.367
282.067
261.626
270.022
284.213
163.238
102.458
69.7942
50.8268
39.163
32.2751
28.2792
26.6959
26.7065
28.4366
32.1943
38.6356
49.7742
68.3993
100.675
160.508
281.727
273.145
269.835
283.354
162.947
102.039
69.6388
50.7546
39.2062
32.1424
28.4396
26.651
26.6161
28.3453
32.1182
38.5715
49.7413
68.3436
100.579
161.136
280.63
259.526
274.747
283.086
162.918
102.371
69.8934
51.0905
39.5276
32.3022
28.4729
26.6342
26.574
28.3117
32.1121
38.6483
49.6971
68.3356
100.5
161.755
279.481
273.805
277.264
282.797
162.357
102.288
70.0394
51.1685
39.5611
32.4834
28.4182
26.5209
26.4236
28.0751
31.9294
38.3752
49.5926
68.3307
100.423
161.54
281.143
273.514
295.917
282.898
162.436
102.37
70.1364
51.1418
39.2585
32.4046
28.3515
26.4239
26.2784
27.7604
31.7997
38.4941
49.4951
68.1989
100.207
161.166
280.981
274.656
290.964
280.37
161.721
102.607
70.1784
51.0945
39.3662
32.2788
28.1616
25.9611
25.7887
27.5723
31.6255
38.3215
49.271
68.0257
99.9736
160.125
281.162
270.136
295.642
280.606
160.666
101.91
69.9389
50.9528
39.2081
32.1628
28.1074
26.1143
25.7884
27.4365
31.1452
37.7518
48.9824
67.806
99.754
159.655
280.538
271.884
302.569
280.085
159.196
100.995
69.63
50.5414
38.5854
31.6523
27.8952
25.8136
25.7695
27.6255
31.3129
37.6753
48.7723
67.6017
99.8391
158.906
278.695
284.921
307.173
278.811
158.258
100.83
69.5979
50.5257
38.7036
31.9187
27.9445
26.0802
25.9709
27.6165
31.266
37.5
48.5902
67.4857
99.2225
158.046
277.976
277.049
308.026
277.536
156.786
100.977
69.6341
50.2944
38.6313
31.3573
27.3192
25.5518
25.7782
27.4386
30.9293
37.7381
48.5076
67.4249
99.1662
155.991
276.618
279.369
334.392
275.966
152.511
99.3487
68.9606
49.8161
38.0867
31.1006
27.1508
25.3638
25.3455
27.2745
31.0411
37.6515
48.4435
67.0073
98.1468
153.184
274.018
294.773
326.089
269.209
150.681
98.4472
68.3858
49.0938
37.6292
30.7334
26.8623
25.1439
25.0984
26.7137
30.7452
37.447
48.2819
66.5733
97.0878
151.816
268.63
278.907
320.836
265.195
149.413
96.1599
67.2433
48.2667
36.9405
30.1906
26.4864
25.0738
25.0785
26.6931
30.1952
36.7059
47.8525
66.1162
98.0121
151.287
266.875
277.947
301.015
259.637
148.391
95.6004
66.0845
47.2998
36.1768
29.7818
26.2394
24.5674
24.776
26.3765
29.7243
36.1777
46.987
65.015
95.941
151.249
262.112
280.971
321.863
253.65
142.653
95.8783
64.4676
46.1065
35.4319
29.2531
25.7105
24.1547
24.0767
25.5382
29.0503
35.3385
45.7961
63.4746
93.4269
144.874
249.881
280.892
288.253
245.386
141.44
92.6851
62.2597
44.6787
34.5421
28.6677
25.3196
23.7483
23.6282
25.0678
28.3588
34.3358
44.4156
61.5785
90.871
140.579
242.115
285.156
295.616
238.14
142.509
89.3043
59.551
42.8127
33.2317
27.6471
24.5788
23.1371
23.0178
24.3091
27.3106
32.7795
42.3226
58.8423
87.2584
134.748
230.016
300.055
315.38
218.506
131.732
83.9073
56.2751
40.589
31.6265
26.4709
23.6002
22.2792
22.2108
23.4122
26.1851
31.2734
40.1372
55.6438
82.7526
128.219
210.825
253.084
297.543
201.028
124.783
78.1688
52.1029
37.8067
29.772
25.1771
22.6241
21.4447
21.3861
22.46
24.934
29.4785
37.4858
51.7355
77.3187
120.651
188.174
258.541
280.644
198.456
116.696
71.094
47.2439
34.5517
27.5115
23.5165
21.3257
20.3261
20.2883
21.2154
23.3558
27.3067
34.3432
47.0453
70.3599
111.055
168.942
259.742
282.163
194.283
105.321
62.8529
41.8824
30.9896
25.0216
21.6753
19.8564
19.0505
19.0457
19.8403
21.6545
25.0165
31.068
42.182
63.2348
102.273
163.178
269.807
291.633
169.181
92.7102
54.7668
36.538
27.3597
22.4717
19.7871
18.3508
17.7205
17.7226
18.3594
19.8246
22.571
27.5924
37.0146
55.5569
92.3328
149.493
276.584
300.836
158.95
82.1154
47.0156
31.4102
23.9138
20.0519
17.9859
16.9053
16.4415
16.4485
16.9264
18.0374
20.1593
24.1433
31.8699
47.8622
82.8833
148.605
312.406
319.863
147.664
71.2607
39.9213
26.9428
20.9924
18.0412
16.5236
15.7513
15.4313
15.4357
15.7644
16.5547
18.1073
21.1358
27.2525
40.6129
72.9144
152.078
322.906
370.817
143.291
62.8043
34.1028
23.2735
18.6568
16.512
15.4964
15.0452
14.8738
14.8755
15.0498
15.5068
16.5273
18.6823
23.3046
34.1001
62.5875
142.007
369.063
402.664
132.297
52.5835
28.2487
20.0244
16.8514
15.5567
15.0198
14.8014
14.7233
14.724
14.8032
15.0243
15.5631
16.8659
20.0505
28.3194
52.7788
133.015
404.592
434.013
111.098
39.3822
22.1071
17.0894
15.5053
14.9908
14.8149
14.7391
14.7069
14.7073
14.741
14.819
14.9969
15.5107
17.0901
22.0887
39.2993
110.87
434.447
467.104
58.0831
21.787
16.3193
15.2678
14.9647
14.8484
14.8047
14.7943
14.793
14.7931
14.7942
14.8054
14.8491
14.9649
15.2682
16.3223
21.8023
58.1366
467.001
)
;

boundaryField
{
    fixedWalls_1
    {
        Cmu             0.09;
        kappa           0.41;
        E               9.8;
        type            epsilonWallFunction;
        value           nonuniform List<scalar> 
200
(
285.389
300.578
279.158
281.629
257.415
263.703
245.451
242.093
244.184
245.795
248.713
258.511
250.136
265.122
258.524
254.933
242.748
241.676
245.865
250.546
257.016
267.814
265.335
276.644
275.779
272.472
260.91
262.665
280.737
277.575
275.998
263.455
262.323
266.344
275.726
253.307
258.469
268.66
276.953
281.747
289.546
297.309
298.749
300.973
292.096
306.888
281.982
263.501
262.738
259.283
269.81
258.542
258.316
270.9
265.695
269.282
287.901
282.796
275.641
275.564
279.65
281.349
297.712
290.917
291.488
285.367
300.526
282.029
301.898
291.168
274.992
275.554
268.008
273.887
285.009
263.915
270.057
282.709
270.697
273.939
290.779
282.277
286.204
304.641
281.993
299.59
272.54
296.174
274.747
293.723
260.881
286.176
269.082
276.179
293.917
329.178
366.635
403.855
433.823
467.146
258.96
257.47
253.548
253.044
250.724
261.187
253.367
254.518
256.451
258.786
264.848
269.327
277.59
293.799
281.854
274.397
293.443
282.158
269.792
266.994
269.449
271.544
281.73
266.984
271.074
254.519
263.587
252.756
243.774
244.082
244.815
242.923
244.647
245.886
244.638
247.119
249.144
252.918
261.568
265.404
265.92
267.21
271.087
284.205
268.231
267.668
270.069
276.698
259.48
264.428
273.973
251.604
252.918
250.911
252.906
254.752
256.779
259.217
264.223
266.923
259.581
261.474
276.923
270.216
281.516
266.024
279.455
270.277
278.138
255.806
256.01
253.999
266.361
261.566
257.684
258.81
270.201
261.956
263.636
277.22
266.591
266.705
268.079
276.32
243.305
241.592
237.426
240.482
240.923
246.576
248.237
256.401
262.216
293.114
301.624
326.017
367.889
404.916
434.447
466.993
)
;
    }
    frontAndBack_1
    {
        type            empty;
    }
    inlet_1
    {
        type            fixedValue;
        value           uniform 14.855;
    }
    outlet_1
    {
        type            zeroGradient;
    }
    fixedWalls_2
    {
        Cmu             0.09;
        kappa           0.41;
        E               9.8;
        type            epsilonWallFunction;
        value           nonuniform List<scalar> 
200
(
854.133
874.333
910.399
873.196
842.357
889.046
867.709
912.927
855.1
824.34
872.097
871.719
877.897
869.056
914.526
840.811
783.342
784.694
783.092
792.338
796.789
832.602
794.171
801.312
846.164
839.122
838.69
817.662
775.796
776.631
811.868
769.754
771.813
802.403
801.474
809.947
805.273
789.874
797.815
807.633
839.763
799.173
840.868
805.84
771.583
771.415
781.721
787.463
827.053
792.073
799.975
844.175
809.433
838.807
792.547
836.847
828.046
823.1
800.436
827.682
779.849
817.536
792.519
821.633
782.091
819.298
789.947
796.703
834.639
808.076
816.814
860.774
829.375
796.629
801.146
839.046
776.487
773.918
779.689
799.236
692.498
686.941
678.647
681.648
694.365
565
548.25
524.579
511.154
497.978
486.349
508.424
424.35
415.451
404.383
408.914
432.511
450.425
461.635
472.683
809.078
824.296
858.852
821.763
867.267
855.106
903.491
849.129
813.051
855.901
817.619
778.592
778.329
791.744
800.531
845.156
839.769
853.751
857.942
855.251
827.474
779
775.109
780.889
780.563
786.489
808.414
748.128
758.236
763.127
775.624
784.303
801.954
816.718
868.109
864.112
864.59
836.798
866.816
783.056
788.469
792.908
837.186
805.504
821.606
870.192
852.734
838.908
795.502
798.813
838.37
784.227
784.382
795.11
803.502
844.215
800.98
809.932
822.794
863.794
818.2
864.006
834.855
800.599
803.88
813.363
816.361
825.032
847.47
787.885
830.111
783.579
791.027
799.244
841.079
791.266
795.12
804.216
842.238
767.776
808.795
755.008
787.373
705.372
715.254
765.091
731.596
701.175
735.109
612.421
530.745
503.87
435.008
426.063
413.014
418.581
427.115
452.701
462.208
472.208
)
;
    }
    frontAndBack_2
    {
        type            empty;
    }
    inlet_2
    {
        type            fixedValue;
        value           uniform 14.855;
    }
    outlet_2
    {
        type            zeroGradient;
    }
    fixedWalls_3
    {
        Cmu             0.09;
        kappa           0.41;
        E               9.8;
        type            epsilonWallFunction;
        value           nonuniform List<scalar> 
200
(
1534.92
1561.1
1600.62
1546.41
1462.11
1474.16
1483.18
1548.58
1527.02
1517.54
1536.82
1605.31
1572.38
1537.41
1572.4
1516.56
1538.67
1593.9
1540.74
1605.09
1590.57
1575.39
1523.91
1530.44
1542.89
1579.26
1498.25
1517.09
1535.21
1600.57
1564.11
1582.94
1650.96
1573.27
1619.63
1485.63
1494.36
1499.11
1563.68
1522.17
1491.67
1502.87
1565.67
1527.55
1576.04
1524.01
1583.58
1556.86
1612.86
1527.91
1490.06
1554.03
1543.21
1536.93
1502.49
1511.89
1527.02
1576.03
1509.2
1569.3
1552.31
1573.44
1570.93
1551.74
1505.85
1513.32
1577.04
1541.25
1517.21
1449.12
1449.64
1499.23
1379.49
1365.44
1364.73
1385.17
1268.37
1277.51
1330.8
1308.63
1312.79
1288.11
1224.03
1115.74
1117.9
960.796
945.815
923.391
913.573
902.693
879.374
826.436
732.697
505.598
459.954
443.81
448.756
463.818
469.289
473.788
1489.98
1520.23
1592.46
1497.95
1462.08
1525.66
1508.21
1486.29
1427.57
1424.49
1424.21
1419.28
1427.6
1428.36
1441.74
1449.12
1508.47
1459.69
1481.37
1550.88
1497.86
1449.6
1459.34
1484.42
1505.16
1575.89
1463.8
1414.75
1469.36
1422.64
1433.62
1450.28
1508.61
1448.12
1515.35
1477.05
1442.52
1452.49
1473.67
1488.05
1508.89
1523.45
1546.5
1562.48
1617.61
1542.88
1601.6
1536.18
1469.5
1470.7
1538.71
1496.41
1473.06
1518.74
1444.3
1493.26
1415.45
1416.5
1427.07
1429.14
1444.91
1455.64
1508.86
1437.82
1442.77
1465.76
1525.85
1475.27
1435.91
1445.32
1499.67
1420.13
1419.38
1432.4
1442.19
1505.82
1456.02
1509.71
1337.53
1217.03
1176.89
1154.43
1132.33
1069.88
956.787
925.9
885.598
859.798
826.392
809.431
797.602
753.592
689.471
599.513
443.8
441.055
454.289
463.247
470.448
474.379
)
;
    }
    frontAndBack_3
    {
        type            empty;
    }
    inlet_3
    {
        type            fixedValue;
        value           uniform 14.855;
    }
    outlet_3
    {
        type            zeroGradient;
    }
    fixedWalls_4
    {
        Cmu             0.09;
        kappa           0.41;
        E               9.8;
        type            epsilonWallFunction;
        value           nonuniform List<scalar> 
200
(
835.029
850.722
884.804
837.795
882.817
848.231
818.526
824.269
839.074
874.336
833.246
878.308
839.71
803.864
804.306
815.466
843.286
795.06
835.815
815.192
790.852
795.957
810.01
841.488
785.993
792.85
795.164
806.629
812.916
851.502
819.138
823.378
856.894
814.421
811.773
814.661
812.991
821.776
827
859.254
792.352
797.403
801.32
837.195
806.449
813.121
825.283
819.702
853.393
791.204
798.765
802.852
815.027
844.091
798.646
838.416
813.472
788.862
796.474
838.686
835.452
830.522
858.616
832.134
795.634
824.694
776.297
776.763
785.996
790.358
803.61
811.858
847.415
795.437
806.179
814.376
834.864
871.893
818.829
756.637
761.541
763.607
812.372
751.323
686.85
672.655
668.522
655.873
666.49
536.468
504.402
490.075
481.518
485.041
410.203
409.493
434.318
449.475
462.304
472.07
850.517
867.024
878.076
899.968
915.639
843.989
876.096
784.14
797.846
832.972
765.485
764.838
771.899
779.798
792.018
809.382
850.241
828.576
808.546
817.456
861.034
836.597
874.346
833.146
884.892
861.026
827.773
856.521
808.033
825.563
862.981
819.162
861.73
838.668
872.842
824.857
861.175
798.675
794.143
796.819
791.377
795.784
793.422
800.853
801.889
812.1
816.028
821.548
853.654
788.512
828.249
795.108
803.64
851.897
826.392
797.642
832.117
778.14
824.325
815.881
828.413
813.139
785.787
789.06
801.233
809.209
852.982
829.293
855.531
829.084
778.592
812.944
758.91
765.829
774.302
778.919
828.275
817.783
831.073
815.786
782.24
812.048
731.734
737.276
740.57
783.242
759.362
732.452
652.013
537.318
510.189
504.294
495.836
491.4
410.431
409.152
431.145
450.256
463.114
471.922
)
;
    }
    frontAndBack_4
    {
        type            empty;
    }
    inlet_4
    {
        type            fixedValue;
        value           uniform 14.855;
    }
    outlet_4
    {
        type            zeroGradient;
    }
    fixedWalls_5
    {
        Cmu             0.09;
        kappa           0.41;
        E               9.8;
        type            epsilonWallFunction;
        value           nonuniform List<scalar> 
200
(
250.722
253.654
259.117
275.451
272.073
272.136
262.086
263.584
281.915
280.805
284.772
275.986
289.255
269.669
274.593
277.528
295.224
282.913
284.159
301.863
283.318
289.77
252.576
251.422
248.131
259.588
260.742
266.511
267.983
263.353
265.461
269.977
266.797
276.615
261.416
275.454
267.968
270.758
290.093
288.111
290.578
282.904
294.073
265.797
266.995
265.581
269.485
283.215
268.345
254.4
251.422
253.686
257.246
267.373
260.856
267.57
254.248
268.452
260.828
250.84
250.3
253.281
253.719
256.874
257.35
260.717
261.079
264.466
264.535
267.796
268.089
272.338
270.022
269.835
274.747
277.264
295.917
290.964
295.642
302.569
307.173
308.026
334.392
326.089
320.836
301.015
321.863
288.253
295.616
315.38
297.543
280.644
282.163
291.633
300.836
319.863
370.817
402.664
434.013
467.104
278.754
291.089
284.884
276.216
276.82
279.182
288.806
263.668
265.88
270.132
282.803
271.774
266.342
272.88
266.614
278.198
269.633
270.262
273.48
275.902
279.987
287.878
269.099
270.169
269.944
271.847
276.925
262.46
271.066
257.027
256.006
260.77
277.663
279.111
283.885
283.101
268.78
269.216
270.644
273.971
281.667
266.898
281.09
274.794
285.738
271.065
285.709
274.449
284.562
266.4
272.962
291.628
280.505
267.423
273.655
249.269
251.911
253.349
261.652
252.317
247.167
256.449
250.448
246.979
257.7
249.793
247.947
260.972
261.316
264.554
260.079
261.626
273.145
259.526
273.805
273.514
274.656
270.136
271.884
284.921
277.049
279.369
294.773
278.907
277.947
280.971
280.892
285.156
300.055
253.084
258.541
259.742
269.807
276.584
312.406
322.906
369.063
404.592
434.447
467.001
)
;
    }
    frontAndBack_5
    {
        type            empty;
    }
    inlet_5
    {
        type            fixedValue;
        value           uniform 14.855;
    }
    outlet_5
    {
        type            zeroGradient;
    }
}


// ************************************************************************* //
