/*--------------------------------*- C++ -*----------------------------------*\
  =========                 |
  \\      /  F ield         | OpenFOAM: The Open Source CFD Toolbox
   \\    /   O peration     | Website:  https://openfoam.org
    \\  /    A nd           | Version:  6
     \\/     M anipulation  |
\*---------------------------------------------------------------------------*/
FoamFile
{
    version     2.0;
    format      ascii;
    class       volScalarField;
    location    "21";
    object      epsilon;
}
// * * * * * * * * * * * * * * * * * * * * * * * * * * * * * * * * * * * * * //

dimensions      [0 2 -3 0 0 0 0];

internalField   nonuniform List<scalar> 
10000
(
262.82
355.867
226.714
142.409
91.9725
63.4648
47.6435
38.9525
34.4206
32.5502
32.7595
35.0331
39.985
49.0655
65.1762
93.3058
141.97
224.153
351.533
263.285
262.523
355.785
226.703
141.462
91.1065
62.9517
47.5445
38.8963
34.379
32.4482
32.6457
34.8646
39.7356
48.9209
65.0467
93.0801
141.468
223.884
351.321
262.788
262.88
355.976
226.787
142.352
92.0462
63.5058
47.5642
38.8559
34.3538
32.4817
32.6818
34.9334
39.9009
48.6167
64.9706
92.8993
140.197
222.671
351.401
262.969
263.295
356.005
225.772
141.036
91.8213
63.3518
47.2782
38.6311
34.2269
32.5023
32.7176
34.9764
39.9223
48.9899
64.8841
92.2725
141.145
224.54
351.45
262.81
263.79
355.979
226.859
141.256
91.5322
63.1764
47.5025
38.7059
34.2766
32.5063
32.7085
34.9375
39.6946
48.8418
64.8251
93.1851
142.463
224.399
351.272
262.32
262.75
355.044
226.596
140.861
91.1534
62.5221
47.3937
38.7165
34.323
32.5035
32.6966
34.9141
39.7351
48.6918
64.0792
92.9064
142.161
223.969
350.259
261.572
262.444
355.478
226.338
140.943
90.287
62.9956
47.2561
38.8164
34.2776
32.4777
32.6769
34.8749
39.5867
48.628
64.1125
92.5523
141.871
223.633
350.111
261.175
261.921
355.206
226.008
141.512
91.3059
63.0684
47.5401
38.7461
34.3115
32.5203
32.6189
34.7797
39.5452
48.5278
63.8389
91.4622
140.676
223.166
349.775
261.094
261.901
354.883
225.457
139.934
92.0183
63.4023
47.4437
38.9586
34.3872
32.531
32.6698
34.8398
39.5222
48.4855
63.8736
91.8887
142.063
222.252
349.803
261.559
262.028
354.214
224.133
140.745
92.1147
63.5836
47.702
38.9995
34.4497
32.5267
32.6384
34.8202
39.5142
48.3834
63.8483
91.9929
142.214
223.371
350.317
261.237
261.923
354.942
225.354
141.488
91.525
62.9764
47.3335
38.7621
34.3323
32.4406
32.5783
34.7293
39.5904
48.0757
64.3077
92.5821
142.038
224.47
351.222
262.183
261.172
354.332
226.073
142.381
92.1803
63.2522
47.5203
38.8782
34.445
32.5198
32.6559
34.8585
39.5427
48.3379
63.7532
92.2443
140.747
224.41
351.244
262.273
261.337
354.666
224.795
141.017
91.8594
63.3067
47.6249
38.9356
34.4053
32.4709
32.7037
34.9074
39.7482
48.6668
64.2463
91.3488
141.776
224.278
351.103
263.013
261.399
354.444
225.669
141.239
91.094
63.6633
47.9366
39.1341
34.5594
32.5821
32.6841
34.7834
39.5346
48.3914
63.737
91.7221
141.501
224.171
350.094
263.398
261.834
353.539
224.571
140.97
91.2307
63.6728
47.951
39.0189
34.5446
32.6442
32.7855
34.9064
39.7319
48.7533
64.2627
92.3165
140.068
223.226
351.252
263.191
261.58
354.274
226.084
141.006
91.2596
63.3168
47.9042
39.2255
34.5916
32.5934
32.7949
35.0234
39.8996
48.6165
64.7747
91.7194
141.293
224.531
351.331
262.702
262.752
354.901
225.99
141.14
91.6805
63.8294
47.7366
39.095
34.4848
32.6534
32.7851
35.016
39.9517
48.9518
64.9073
92.6902
139.965
224.48
351.345
263.358
262.546
354.452
224.853
141.879
90.6984
63.8018
48.0921
39.3248
34.5876
32.6597
32.6941
34.8806
39.8987
48.8736
64.7654
91.9931
141.208
224.626
351.291
263.546
264.298
355.626
226.74
141.16
91.7192
63.8052
48.0961
39.3347
34.6785
32.6293
32.7585
34.9695
39.8564
48.7929
64.6768
92.2995
142.287
224.575
350.983
263.643
264.056
355.351
226.653
142.769
92.744
63.3529
47.8235
39.3004
34.6956
32.7012
32.719
34.8699
39.7751
48.6312
64.1633
92.2106
141.894
224.221
351.286
263.924
263.693
355.003
226.294
142.335
92.6747
63.8467
48.1501
39.2111
34.674
32.6705
32.7602
34.9569
39.5991
48.3529
64.5526
92.6718
140.623
222.848
351.418
263.469
262.697
354.537
226.061
141.02
92.5147
63.1591
48.0925
39.3644
34.6623
32.7462
32.8454
34.9246
39.7573
48.5876
64.381
92.4818
141.74
224.249
350.907
263.594
262.822
354.128
225.878
142.314
92.4837
63.7882
48.1087
39.3709
34.7293
32.7498
32.8507
34.9807
39.5545
48.1482
63.5723
91.2386
140.28
223.358
351.782
263.126
262.861
353.296
225.466
140.831
91.569
63.934
48.0632
39.3212
34.7
32.7265
32.8438
34.9983
39.6861
48.3665
63.9298
91.7445
140.765
224.524
351.959
263.48
263.279
353.874
224.286
141.086
92.1489
63.8282
47.6988
39.238
34.66
32.7117
32.807
34.9702
39.7882
48.5866
64.3138
92.279
140.962
224.35
351.832
263.052
264.071
353.577
225.944
140.956
91.9389
63.6678
47.6969
39.073
34.5951
32.6062
32.7043
34.8794
39.7058
48.2441
63.7429
91.4977
141.832
223.618
351.612
263.379
264.093
354.312
225.742
140.849
90.9841
63.0476
47.657
39.0694
34.5125
32.5978
32.7111
34.886
39.5819
48.5735
64.4193
92.5098
141.746
224.305
351.075
263.31
263.42
353.384
225.421
141.398
91.4031
63.3034
47.78
39.0829
34.5658
32.5857
32.7108
34.844
39.6103
48.4316
64.1726
92.1285
141.193
223.185
352.033
263.59
263.77
353.51
225.101
140.002
90.1444
62.7509
47.456
38.9783
34.4733
32.562
32.6792
34.7938
39.5112
48.007
63.4553
91.0311
139.869
223.858
351.809
262.966
263.564
353.681
224.889
141.503
91.1257
63.0798
47.7543
39.0755
34.5069
32.5797
32.6491
34.7391
39.3477
48.2265
63.9911
91.9464
141.004
223.504
350.873
262.933
262.984
352.723
224.332
141.134
91.616
63.4764
47.5261
39.1225
34.5447
32.5704
32.6242
34.693
39.2555
47.8013
63.3167
90.9614
139.706
222.095
351.589
262.657
263.04
353.62
222.863
140.588
90.6155
63.2781
47.5026
39.0994
34.5193
32.4941
32.5321
34.5789
39.1969
47.8489
63.6283
91.5652
140.414
222.19
350.825
262.371
263.004
353.53
223.98
140.116
91.0743
63.2159
47.4258
39.0358
34.4804
32.5031
32.5266
34.5492
39.1217
47.9185
63.4027
91.3132
140.14
221.866
350.892
261.989
262.75
353.181
223.512
138.621
90.6544
62.9857
47.3398
38.9883
34.3849
32.4439
32.5017
34.5217
39.055
47.7808
62.9621
90.9602
139.744
221.518
350.959
261.194
261.988
352.898
223.116
138.964
89.8192
62.7514
47.2719
38.8633
34.4394
32.4874
32.522
34.5234
39.0002
47.406
62.4269
90.5899
139.302
221.21
351.385
260.865
262.014
352.656
222.62
139.362
90.3351
62.2872
47.2426
38.9297
34.4257
32.4624
32.4957
34.485
39.0441
47.4345
62.4398
89.7047
137.939
220.684
351.162
260.131
261.682
352.377
221.95
137.822
89.3802
62.5833
47.3559
38.9003
34.3906
32.4337
32.4286
34.4735
39.0754
47.3987
62.5932
89.9588
137.83
220.293
350.852
259.489
261.4
352.007
221.325
137.943
89.5777
62.4515
47.2365
38.8005
34.3263
32.396
32.4377
34.4383
39.0271
47.413
62.0309
89.6104
137.377
220.129
350.601
259.052
261.243
351.575
220.597
136.164
89.0862
61.8287
46.8295
38.704
34.2096
32.3133
32.3998
34.368
38.8499
47.3119
62.067
88.7839
136.943
220.334
350.244
259.142
260.709
350.371
219.867
135.894
88.7313
61.942
46.8407
38.6745
34.2649
32.3416
32.3672
34.3097
38.7517
46.9913
62.1613
88.948
136.541
219.783
349.118
259.064
260.199
350.312
219.22
135.248
88.308
61.7142
46.6984
38.6
34.2274
32.3087
32.293
34.2599
38.6786
46.8496
61.8869
88.5413
135.975
218.372
349.771
258.886
259.113
349.682
218.451
134.5
87.2314
61.4162
46.6142
38.5399
34.133
32.238
32.2444
34.1566
38.4955
46.5959
61.1778
87.4223
135.426
218.055
350.031
258.184
258.424
349.624
217.772
133.935
87.2758
61.2472
46.6408
38.4198
34.099
32.2148
32.2146
34.1198
38.4532
46.5246
61.0473
87.1342
135.245
217.306
348.955
258.115
258.161
349.097
216.156
133.333
86.2064
60.9537
46.535
38.3857
34.0915
32.1931
32.1899
34.0759
38.3815
46.471
60.8057
86.9956
134.714
216.81
349.166
257.568
257.85
347.989
215.478
133.075
86.4085
60.7739
46.2233
38.3051
34.0518
32.1659
32.1587
34.0244
38.2799
46.2667
60.5409
86.1696
133.381
216.064
348.747
257.082
257.644
347.656
214.579
132.958
86.3772
60.5474
46.1549
38.318
34.0749
32.1592
32.1331
33.9689
38.1809
46.0968
60.3418
86.4138
133.344
215.76
347.646
256.789
257.194
347.091
213.206
132.189
85.8898
60.2568
46.0028
38.2601
34.0581
32.1477
32.104
33.9072
38.0718
45.8522
59.9701
85.9132
132.619
214.99
348.125
256.195
256.724
346.438
212.034
130.496
84.7243
59.5841
45.8142
38.1912
34.0276
32.1503
32.0956
33.8433
37.9374
45.5649
59.5517
84.7705
130.911
213.009
347.536
255.962
255.756
346.059
211.126
129.992
84.4585
59.3971
45.6694
38.1287
33.9937
32.1076
32.0651
33.7789
37.8431
45.4561
59.3725
84.4708
130.497
212.248
346.25
255.394
254.946
344.403
209.971
128.601
83.3701
58.8594
45.4828
37.9888
33.9108
32.0876
32.0069
33.7054
37.7079
45.2038
58.7091
83.4107
128.901
211.018
346.214
255.062
254.322
343.83
208.937
127.751
82.9182
58.6645
45.3919
37.976
33.911
32.1011
32.0322
33.6798
37.5863
44.9754
58.3694
82.8111
127.811
209.626
345.635
254.971
253.74
342.955
207.645
126.529
82.0939
58.2492
45.2081
37.8121
33.8488
32.0545
32.0201
33.6416
37.4873
44.707
57.7519
81.8022
126.782
208.456
344.383
254.528
253.177
342.122
206.442
125.333
81.2469
57.784
44.9363
37.7643
33.8551
32.0796
32.0174
33.6534
37.4168
44.5237
57.4211
81.1647
125.605
207.016
344.146
254.103
252.868
341.312
205.205
124.338
80.7207
57.4797
44.7837
37.6877
33.8258
32.0553
31.9921
33.6162
37.3391
44.3327
57.0262
80.3827
124.482
205.598
342.522
253.743
252.285
340.475
203.93
123.266
80.0111
57.0825
44.5789
37.5896
33.7473
32.0225
31.9655
33.5676
37.2291
44.1317
56.6508
79.752
123.289
204.317
341.673
253.09
251.873
339.706
202.76
122.304
79.3595
56.6621
44.3462
37.4855
33.7074
31.9754
31.8901
33.4724
37.113
43.9267
56.2848
79.0927
122.304
203.006
340.597
252.434
251.087
338.72
201.476
121.157
78.6052
56.2583
44.1472
37.3709
33.6231
31.9031
31.8413
33.4059
36.9969
43.7077
55.8589
78.3524
121.049
201.639
339.557
252.122
250.578
337.413
200.076
120.063
77.9596
55.9077
43.9427
37.2325
33.5445
31.8396
31.7511
33.2885
36.8461
43.4703
55.4434
77.6193
119.873
200.158
338.521
251.336
250.015
336.245
198.238
118.794
77.209
55.4684
43.6952
37.0886
33.4333
31.7639
31.6818
33.2025
36.7186
43.2472
55.0355
76.8784
118.643
198.627
337.478
250.648
249.359
335.241
196.765
117.589
76.4324
55.0267
43.4447
36.9197
33.3214
31.6842
31.6106
33.1122
36.5709
42.9907
54.5746
76.059
117.328
196.851
335.96
249.936
248.812
333.792
194.954
116.216
75.5919
54.5449
43.1602
36.7543
33.21
31.589
31.5221
33.0114
36.4305
42.7532
54.1405
75.2846
116.083
195.124
334.593
249.377
248.089
332.657
193.095
114.783
74.7289
54.0391
42.8539
36.5645
33.0854
31.4925
31.4295
32.9017
36.2649
42.4708
53.6449
74.4404
114.686
193.364
333.281
248.339
247.224
331.126
191.29
113.369
73.9002
53.5638
42.5667
36.3798
32.9462
31.372
31.3163
32.7739
36.097
42.2027
53.1668
73.5859
113.28
191.434
331.725
247.605
246.439
329.848
189.504
111.95
73.0161
53.0385
42.2365
36.1605
32.7923
31.2466
31.1921
32.6296
35.9057
41.9121
52.6781
72.718
111.805
189.493
330.135
246.358
245.238
328.513
187.462
110.364
72.0462
52.4807
41.9032
35.94
32.6262
31.1045
31.0533
32.4751
35.7029
41.5999
52.1421
71.7731
110.225
187.316
328.504
245.246
244.113
327.12
185.465
108.831
71.0944
51.9181
41.547
35.6967
32.4445
30.9503
30.9026
32.3067
35.4857
41.2865
51.6324
70.8401
108.587
185.09
326.651
243.64
242.898
325.582
183.077
106.988
69.9666
51.2604
41.1505
35.4327
32.2473
30.7847
30.7408
32.1211
35.2395
40.9196
51.0469
69.8311
106.854
182.757
324.803
242.59
241.301
323.709
180.653
105.205
68.8705
50.6125
40.7468
35.1589
32.0386
30.6017
30.5593
31.9184
34.9821
40.5468
50.4391
68.7647
105.001
180.187
322.653
240.901
239.372
321.487
177.908
103.199
67.6744
49.9034
40.3056
34.8475
31.793
30.39
30.3539
31.6903
34.6907
40.1294
49.7738
67.6024
103.081
177.527
320.522
239.38
237.207
318.992
174.95
101.154
66.483
49.1913
39.8305
34.5031
31.5236
30.1559
30.1259
31.4402
34.3798
39.6853
49.0495
66.3479
100.966
174.473
317.761
237.154
234.512
315.976
171.422
98.8514
65.1481
48.4042
39.3135
34.1244
31.2168
29.8824
29.8567
31.1442
34.0144
39.1803
48.2642
65.0185
98.7304
171.187
314.837
235.171
231.527
312.399
167.476
96.3534
63.7438
47.5472
38.7422
33.6942
30.8593
29.5614
29.5414
30.8046
33.6112
38.6341
47.4151
63.6057
96.2967
167.372
311.079
232.183
227.797
307.79
163.011
93.555
62.1735
46.6053
38.1044
33.2116
30.451
29.1857
29.1683
30.4008
33.1318
38.003
46.4902
62.0896
93.5863
162.925
306.473
228.517
223.396
302.134
158.063
90.5356
60.4651
45.559
37.3774
32.6442
29.9739
28.7472
28.7317
29.9329
32.5901
37.3097
45.4761
60.3987
90.5597
157.904
300.793
224.014
218.317
295.251
152.525
87.2631
58.636
44.4402
36.5898
32.0281
29.4373
28.2474
28.2352
29.4011
31.9717
36.5194
44.3475
58.5566
87.2583
152.31
293.775
218.607
212.499
287.091
146.528
83.866
56.6591
43.1772
35.698
31.3197
28.8252
27.6727
27.6592
28.7892
31.2758
35.6531
43.1413
56.6313
83.7738
146.16
285.391
212.257
206.226
277.613
140.052
80.29
54.6328
41.885
34.7643
30.5543
28.1414
27.0293
27.0204
28.1168
30.517
34.7174
41.8317
54.5503
80.1354
139.504
275.746
205.56
199.307
266.81
133.234
76.6397
52.528
40.4952
33.7249
29.7003
27.3811
26.3084
26.3027
27.3638
29.6805
33.7144
40.4936
52.4835
76.4223
132.524
264.768
198.035
192.818
255.096
126.304
73.0032
50.4322
39.1031
32.6494
28.779
26.5468
25.5202
25.5234
26.5556
28.7947
32.6703
39.1251
50.4078
72.7563
125.534
253.09
191.441
186.743
242.544
119.362
69.4325
48.3463
37.6465
31.4939
27.7911
25.6504
24.6645
24.6717
25.6736
27.8379
31.5677
37.7332
48.3959
69.2957
118.695
240.75
185.207
181.583
229.574
112.612
66.0576
46.3209
36.1898
30.3153
26.7627
24.7062
23.7629
23.7782
24.7538
26.8499
30.4473
36.3496
46.4573
66.0537
112.188
228.386
180.614
178.041
216.62
106.208
62.9098
44.3972
34.7645
29.1323
25.7165
23.738
22.8325
22.8511
23.7968
25.8249
29.3039
34.9987
44.6609
63.095
106.161
216.326
178.499
177.303
204.19
100.262
60.0193
42.592
33.3893
27.9716
24.6809
22.777
21.9077
21.9277
22.842
24.8011
28.1648
33.6691
42.9509
60.3944
100.56
204.461
177.72
177.018
192.656
95.012
57.4411
40.9159
32.0841
26.8611
23.6856
21.852
21.0154
21.0337
21.9133
23.8009
27.0458
32.3587
41.2925
57.8898
95.4923
193.386
177.674
177.782
182.495
90.3987
55.1653
39.4088
30.8907
25.8356
22.763
20.9909
20.1826
20.1978
21.0423
22.8599
25.9933
31.1341
39.7555
55.5877
90.8229
183.076
178.397
182.29
173.369
86.1417
53.1675
38.0821
29.824
24.9104
21.9278
20.2095
19.4254
19.4365
20.2457
21.9948
25.0193
29.9935
38.332
53.5061
86.549
173.928
182.68
187.295
165.233
82.5029
51.4819
36.9167
28.8667
24.0756
21.1756
19.508
18.7463
18.7533
19.5306
21.2185
24.1475
28.9808
37.0888
51.7158
82.7582
165.504
187.129
193.697
157.755
79.5549
50.094
35.9002
28.0088
23.3233
20.4987
18.8803
18.1414
18.1452
18.8922
20.5208
23.357
28.0601
35.9773
50.2121
79.7243
158.009
193.975
202.69
151.392
77.4299
48.9127
34.9522
27.1945
22.6167
19.8746
18.3105
17.5977
17.5997
18.3169
19.8873
22.6365
27.2266
35.0006
48.9786
77.4941
151.401
202.673
213.957
146.265
75.7774
47.8605
34.0451
26.4033
21.9349
19.2831
17.7812
17.0991
17.0999
17.7834
19.2886
21.9437
26.4168
34.0617
47.8778
75.8009
146.231
213.775
228.009
142.466
74.4548
46.7835
33.0678
25.5664
21.238
18.6999
17.2762
16.6338
16.6341
17.277
18.7025
21.2441
25.5814
33.1003
46.8451
74.5653
142.62
228.177
245.374
140.083
73.3846
45.6302
31.9871
24.6587
20.5071
18.112
16.7857
16.1921
16.192
16.7849
18.1108
20.5051
24.656
31.9845
45.6282
73.3871
140.065
245.02
265.69
139
72.1843
44.1586
30.6804
23.6235
19.7179
17.5103
16.3082
15.7763
15.7762
16.3078
17.5098
19.7181
23.6258
30.6902
44.1853
72.2377
139.039
266.054
289.108
138.577
70.5981
42.2925
29.126
22.4578
18.8754
16.9039
15.8547
15.3978
15.3975
15.854
16.9024
18.8733
22.4549
29.1232
42.2909
70.5972
138.572
288.899
315.287
138.524
68.2709
39.8576
27.2618
21.1493
17.9877
16.3086
15.4437
15.0747
15.0746
15.4434
16.3081
17.987
21.1494
27.2657
39.872
68.3063
138.567
315.276
343.204
138.045
64.7902
36.7506
25.0887
19.7276
17.0891
15.7556
15.103
14.8356
14.8355
15.1028
15.755
17.0879
19.7262
25.089
36.7585
64.8233
138.123
343.328
373.078
135.712
59.5134
32.7949
22.602
18.2355
16.2263
15.279
14.8598
14.7111
14.711
14.8597
15.2789
16.2255
18.2347
22.6016
32.7955
59.5138
135.688
372.818
402.274
127.902
51.2095
27.8272
19.864
16.7637
15.4753
14.9581
14.7552
14.6775
14.6775
14.7553
14.9584
15.4758
16.7652
19.866
27.8344
51.2343
128.003
402.507
432.689
107.411
38.6437
21.9395
17.0635
15.4923
14.9839
14.81
14.7303
14.7008
14.7009
14.731
14.8114
14.9857
15.493
17.062
21.935
38.6282
107.355
432.551
466.438
57.3969
21.6802
16.2892
15.2347
14.9479
14.845
14.8045
14.7968
14.7964
14.7964
14.7968
14.8048
14.8455
14.9492
15.2365
16.2903
21.6841
57.4116
466.484
733.756
1077.33
687.522
406.374
235.644
140.784
90.9341
66.018
53.5213
48.2752
48.2407
53.5406
65.6482
90.2849
137.784
228.369
397.112
679.471
1064.36
716.179
731.175
1073.9
683.443
403.262
234.024
139.919
89.2087
65.0232
52.8039
47.6721
47.6031
53.3696
65.2779
89.7141
136.647
222.151
387.413
677.022
1062.47
713.633
730.024
1071.54
680.098
400.619
232.865
139.382
91.0055
66.1758
53.5476
48.3101
48.227
53.3756
64.3624
89.2071
136.111
224.279
390.374
675.359
1056.16
712.797
722.178
1061.07
667.224
390.731
227.487
136.475
90.7362
66.115
53.4361
48.2321
48.1383
53.3889
65.2188
87.6576
133.066
225.155
391.33
668.104
1067.8
709.938
727.66
1062.16
669.449
397.24
233.372
139.277
90.4665
65.8893
52.7257
47.6511
47.4928
53.322
64.7282
87.9528
133.633
219.016
382.186
676.601
1067.06
715.535
726.251
1059.63
667.199
403.975
232.86
138.43
89.8938
65.6884
53.3074
48.2515
48.0536
53.3413
65.5486
87.958
134.024
225.076
390.785
674.71
1065.72
715.598
720.607
1062.33
671.745
403.545
227.341
137.034
88.0257
64.8192
52.6905
48.1755
47.545
53.2059
65.5995
88.6567
135.156
228.616
395.628
663.121
1062.64
714.483
725.443
1055.12
680.114
401.573
232.788
134.652
89.059
65.8247
53.3612
48.1922
48.0938
53.0178
65.4162
89.8829
137.105
223.302
387.546
669.482
1055.59
714.147
731.36
1059.23
670.702
391.637
231.635
138.049
90.4032
65.877
52.7273
47.5773
47.5317
52.2294
64.9735
89.4292
136.714
228.677
394.607
677.192
1065.47
713.632
731.333
1070.02
682.875
400.373
230.84
137.119
90.1565
65.7424
53.0679
47.9081
48.0253
52.8927
63.9827
87.5959
132.884
227.121
386.143
674.729
1063.92
713.277
731.278
1079.82
672.236
391.74
229.453
134.217
89.654
65.6094
53.4686
48.1665
47.9494
52.7434
64.3378
88.9552
134.752
225.957
393.644
665.738
1062.39
712.808
728.396
1078.17
674.728
396.953
228.436
137.281
89.4829
65.3759
53.3865
48.0338
47.7381
52.1309
64.6121
88.6567
135.982
220.154
385.096
673.005
1057.2
717.176
723.14
1076.9
676.033
389.254
222.986
136.238
88.9122
65.1335
53.2288
47.5181
47.274
52.6067
64.2934
86.685
135.469
226.546
389.716
670.469
1059.81
715.347
727.082
1068.43
683.019
398.725
229.075
135.885
88.3538
64.2069
53.1442
47.9815
47.6946
52.0807
63.9179
86.7619
132.458
224.93
393.494
661.246
1062.87
713.168
723.869
1071.55
682.037
395.561
227.428
134.792
86.5498
64.6389
53.0224
47.8698
47.2456
52.3889
63.3196
86.791
135.039
220.503
392
663.793
1060.87
706.751
721.589
1073.42
679.281
386.362
225.702
133.015
86.7606
64.4758
52.7881
47.4447
47.444
52.0528
63.8762
87.4528
134.788
224.399
385.302
666.399
1058.76
710.15
715.642
1071.09
676.838
395.583
224.598
133.982
86.6974
63.6676
52.2647
47.8325
47.0283
52.7535
64.9244
88.7099
133.927
222.709
390.261
675.039
1050.16
713.092
714.019
1068.14
672.648
392.589
222.464
133.025
87.4906
64.2042
52.4408
47.9068
47.4951
52.6202
64.6526
88.3964
130.786
219.209
394.727
674.267
1060.82
709.721
711.66
1066.55
662.191
389.91
216.21
129.829
86.07
64.7645
52.5624
47.6468
47.8962
52.0197
64.3534
88.1424
134.321
217.267
392.792
671.91
1066.76
717.629
713.244
1060.44
671.063
387.795
220.222
130.949
87.8154
64.8963
53.048
48.0602
47.9262
52.4729
63.3623
86.4007
133.817
220.019
385.975
660.382
1064.75
716.574
708.466
1065.93
663.108
379.615
214.925
129.362
87.4779
64.7276
52.9643
47.9905
47.8796
51.965
63.559
87.6119
133.271
223.555
394.424
670.488
1057.7
715.499
711.023
1060.64
668.519
386.681
220.086
129.59
87.3228
64.587
52.7548
47.8285
47.8179
52.2143
63.4325
87.2064
130.062
217.157
392.897
661.715
1062.12
708.857
714.849
1059.46
665.424
377.565
215.354
128.632
86.9425
64.3897
52.5674
47.6824
47.7643
52.6687
63.6423
86.2264
132.313
218.876
392.184
669.573
1067.68
712.327
709.86
1057.82
654.545
378.405
219.584
129.243
86.7036
64.2539
51.9672
47.0906
47.5397
52.641
64.2562
87.4395
131.021
219.476
390.473
659.065
1066.65
715.261
717.853
1058.27
657.658
377.22
218.873
130.513
85.5777
64.0986
52.6099
47.3217
47.2354
52.4257
64.0148
87.2205
133.075
223.149
389.128
666.636
1065.27
714.21
716.05
1060.23
661.633
377.526
217.623
128.101
86.4021
63.9921
52.5183
46.7533
46.9144
52.249
63.6959
86.6218
131.919
222.016
387.535
656.559
1056.5
709.112
715.05
1065.9
650.817
380.727
216.575
130.135
86.147
63.2645
52.5013
47.1773
47.0098
51.733
62.7633
84.9467
128.833
220.774
385.48
657.662
1067.54
715.812
707.707
1063.68
659.763
378.636
210.961
128.97
85.6405
63.6802
52.4587
47.5461
47.2261
52.2842
63.8726
86.7766
131.722
219.536
383.758
654.622
1066.18
715.224
708.067
1054.68
655.613
375.271
210.899
128.173
84.1368
63.398
52.3066
47.4218
46.5816
52.1093
63.6044
86.3018
130.821
217.974
381.88
653.531
1066.06
715.008
705.247
1055.62
651.659
371.773
208.813
125.828
84.8165
62.8145
52.0668
47.3827
47.0168
51.9727
63.3254
85.7371
129.896
216.377
380.145
653.95
1064.86
715.514
705.591
1052.74
641.22
363.005
207.743
125.967
83.769
63.004
51.593
46.9507
47.2842
51.4341
62.3655
84.0033
128.662
214.09
377.543
657.472
1057.45
715.293
702.585
1052.93
639.763
362.326
208.464
124.509
84.2134
62.9064
51.5805
47.035
47.2252
51.859
62.5246
84.1318
127.718
212.116
374.374
646.663
1065.88
714.776
699.335
1055.51
637.244
360.198
207.193
125.778
83.2821
62.6292
51.4795
47.1306
47.0944
51.3767
62.2103
83.677
126.55
206.626
366.818
653.09
1058.04
712.736
694.645
1052.49
638.961
361.32
205.676
124.947
83.8292
62.4713
51.6158
47.0043
46.911
51.4936
62.3135
83.8561
125.886
208.164
368.398
643.599
1060.01
711.516
696.572
1043.8
634.812
358.192
203.668
123.779
83.2536
62.1082
51.3955
46.5069
46.685
51.2525
61.959
83.2879
124.642
202.783
365.557
643.426
1061.06
704.636
695.059
1048.82
624.148
349.837
198.917
122.714
82.7349
61.7524
51.1549
46.5634
46.1976
50.9647
61.5408
82.6459
123.791
204.58
357.949
642.81
1067.08
705.854
689.83
1040.35
626.145
350.441
198.138
121.716
82.1306
60.8752
50.8778
46.3955
46.2261
50.3639
61.091
81.1362
121.075
199.843
361.404
647.125
1060.2
703.842
689.544
1049.29
628.523
350.643
195.854
120.785
81.6322
61.0887
50.3299
45.8503
46.0146
50.2395
60.3537
81.16
120.725
198.966
358.123
644.491
1068.38
702.384
686.184
1046.56
625.116
347.461
193.707
118.611
80.2937
60.2569
50.2581
45.8495
45.7785
49.8417
60.1765
80.633
119.528
196.619
354.502
639.988
1059.79
701.29
687.098
1043.6
613.678
339.429
191.397
117.888
79.9573
60.2451
49.7196
45.6012
45.2862
49.8
59.6263
80.0579
119.039
195.549
345.728
636.792
1062.11
699.485
684.524
1039.61
612.564
337.752
189.851
116.707
79.0779
59.8875
49.4771
45.1195
45.2891
49.5676
59.2858
79.4096
117.887
192.089
348.308
632.529
1060.91
692.782
684.865
1032.34
606.647
333.228
188.27
115.484
78.2805
59.1351
49.066
44.6939
44.7052
48.9161
58.7272
77.9768
115.613
190.928
339.864
627.608
1064.79
691.308
684.902
1031.18
602.745
329.432
185.944
114.385
77.7473
58.601
48.7294
44.4146
44.3779
48.5397
58.2485
77.3324
114.108
188.119
337.301
615.978
1061.92
688.263
682.81
1034.73
596.893
324.156
183.567
113.158
77.1131
58.1655
48.3751
44.0647
44.0566
48.1905
57.7901
76.6283
113
186.537
331.245
613.423
1052.38
684.446
676.362
1022.83
589.881
320.278
181.504
112.017
76.5747
57.8146
48.0321
43.7689
43.7021
47.7898
57.2759
75.8319
111.641
183.298
328.134
603.819
1055.27
680.453
672.776
1020.53
582.235
315.009
179.612
111.13
76.0633
57.4018
47.6188
43.4126
43.3212
47.3886
56.8622
75.2117
110.44
180.692
322.609
599.894
1045.02
676.944
669.377
1015.34
577.031
312.509
177.88
110.208
75.5339
57.0213
47.2792
43.1172
42.983
46.9758
56.3758
74.4108
108.829
176.738
316.477
591.812
1051.04
673.318
666.098
1011.26
571.516
309.566
176.122
109.429
75.0275
56.6161
46.9099
42.7525
42.6353
46.6187
55.9194
73.8433
107.918
174.812
313.045
589.018
1053.57
669.999
663.262
1011.67
567.073
306.21
174.178
108.404
74.4532
56.1872
46.5215
42.3063
42.2002
46.1578
55.4092
73.1282
106.52
172.359
308.224
587.673
1044.03
666.182
660.546
1000.96
561.421
301.958
171.84
107.345
73.8001
55.6982
46.1265
41.9526
41.8033
45.6978
54.8673
72.4514
105.499
170.399
304.443
581.354
1042.38
662.053
658.838
1009.09
556.871
297.94
169.596
106.18
73.1368
55.2088
45.7205
41.5196
41.3582
45.243
54.3722
71.7502
104.209
167.846
298.978
570.504
1036.4
658.628
657.188
997.353
551.02
294.083
167.533
105.332
72.6296
54.8237
45.3463
41.1524
40.9655
44.7977
53.8191
71.0007
102.965
165.279
294.987
564.924
1034.29
654.71
656.468
1004.68
546.836
290.433
165.745
104.211
71.9438
54.3042
44.8986
40.6992
40.4893
44.2738
53.2337
70.2502
101.761
162.878
289.822
556.768
1023.43
651.422
654.235
992.456
540.466
286.783
163.736
103.26
71.3693
53.8594
44.4654
40.252
40.0227
43.7793
52.6497
69.4847
100.577
160.566
285.146
549.989
1019.55
646.607
652.581
990.194
534.937
283.194
161.901
102.222
70.6745
53.3055
43.9773
39.7795
39.5464
43.2671
52.068
68.7424
99.3525
157.857
279.109
539.645
1010.89
640.419
649.743
982.87
529.094
279.163
159.862
101.084
69.9544
52.7823
43.5256
39.3509
39.1051
42.7823
51.4976
68.0175
98.2372
155.71
274.386
529.97
1002.24
634.135
646.491
975.932
522.013
275.217
157.951
100.038
69.2179
52.2139
43.0504
38.9218
38.6694
42.2955
50.9071
67.2227
96.967
153.358
270.029
523.117
993.653
627.223
644.106
967.007
515.272
271.212
156.064
98.9416
68.4675
51.6287
42.557
38.4719
38.2255
41.8031
50.3198
66.4543
95.798
151.031
264.786
513.382
984.543
621.072
639.643
959.899
508.367
267.18
153.968
97.762
67.676
51.0198
42.0593
38.0255
37.7725
41.2975
49.706
65.654
94.6163
148.972
260.518
505.035
974.94
613.431
635.484
952.299
500.685
263.237
151.996
96.6421
66.9069
50.4207
41.5612
37.577
37.3286
40.8023
49.0853
64.772
93.228
146.464
255.553
496.887
967.717
607.495
629.227
940.51
491.972
258.475
149.636
95.32
66.0491
49.7932
41.033
37.0904
36.837
40.2541
48.4116
63.8675
91.9132
144.268
250.988
487.988
959.335
601.561
623.577
930.748
484.289
254.194
147.43
94.0488
65.1863
49.1439
40.4997
36.6101
36.3583
39.7134
47.7117
62.8763
90.3958
141.607
246.08
480.189
950.864
595.746
618.805
921.589
475.523
249.334
144.914
92.579
64.2085
48.4092
39.8986
36.0791
35.8426
39.1501
47.008
61.8745
88.8467
139.01
241.127
471.85
940.267
591.837
612.936
911.628
467.44
244.612
142.322
91.0105
63.1475
47.6367
39.2932
35.5574
35.34
38.5962
46.3067
60.8935
87.3035
136.292
236.017
463.012
933.245
586.635
609.397
904.569
458.842
239.259
139.456
89.2928
61.9787
46.7896
38.6394
35.0051
34.816
38.0271
45.6006
59.8891
85.7202
133.581
230.971
454.439
923.564
582.581
603.329
896.269
450.612
233.853
136.283
87.3195
60.6791
45.8808
37.952
34.4363
34.2833
37.4494
44.8709
58.8583
84.1689
130.98
225.912
445.547
914.828
577.976
599.611
887.851
440.357
227.475
132.751
85.1916
59.2744
44.9075
37.2261
33.8341
33.7175
36.8391
44.1117
57.8076
82.6215
128.35
220.804
436.225
904.734
572.994
593.372
878.469
430.631
220.972
128.877
82.865
57.7868
43.8742
36.4542
33.195
33.1136
36.1812
43.2916
56.6586
80.8392
125.446
215.395
426.098
894.456
565.59
588.275
869.092
419.098
214.085
124.867
80.375
56.1855
42.7805
35.6348
32.5047
32.4528
35.4557
42.385
55.4094
78.9429
122.238
209.345
414.746
881.963
556.26
577.991
857.057
406.209
206.169
120.386
77.6645
54.4767
41.6314
34.7739
31.7711
31.7401
34.6723
41.4205
54.0865
76.9647
118.871
202.685
402.261
868.244
547.22
563.305
841.885
391.305
197.931
115.755
74.8505
52.6782
40.4022
33.8442
30.976
30.9624
33.8043
40.3378
52.6049
74.7063
115.021
195.536
388.545
850.648
533.044
545.262
821.895
374.322
188.584
110.603
71.8144
50.7742
39.1046
32.8664
30.1409
30.1459
32.8931
39.198
51.0239
72.2941
111.016
187.95
373.494
830.064
517.268
523.988
798.488
356.223
178.905
105.324
68.6351
48.7309
37.7138
31.8191
29.2422
29.2624
31.9003
37.937
49.2582
69.6471
106.69
179.867
357.023
805.09
497.804
501.339
769.755
335.967
168.392
99.5612
65.2735
46.6269
36.2804
30.7334
28.3079
28.3396
30.8536
36.6044
47.3787
66.773
102.096
171.497
339.545
776.528
476.021
477.91
737.088
315.13
158.041
93.7583
61.7101
44.3588
34.739
29.5758
27.3203
27.3679
29.7542
35.1937
45.3884
63.7872
97.2509
162.592
320.81
743.802
455.785
451.816
699.992
293.526
147.404
87.7983
58.0885
42.062
33.1722
28.3852
26.2952
26.3526
28.5969
33.6935
43.2444
60.5007
91.9544
153.271
301.524
707.588
435.201
428.854
659.983
272.152
136.671
81.7596
54.4101
39.6923
31.5348
27.1368
25.2227
25.2904
27.38
32.1082
40.9604
56.9576
86.2664
143.47
280.995
667.092
414.191
403.767
615.805
250.509
125.84
75.6358
50.7464
37.3143
29.8649
25.8529
24.1125
24.188
26.1135
30.4457
38.5308
53.1786
80.1655
132.985
259.666
622.887
393.866
380.946
567.799
228.654
115.02
69.3957
46.9574
34.8752
28.1599
24.5358
22.9663
23.0474
24.8057
28.7305
36.0278
49.2302
73.6014
121.668
237.198
573.659
370.825
354.738
515.178
206.257
104.455
63.4778
43.3299
32.4969
26.4751
23.2251
21.822
21.9046
23.4971
27.0233
33.535
45.2735
66.9925
110.272
214.438
521.488
347.891
331.128
461.384
184.122
93.9478
57.5713
39.7405
30.1628
24.8272
21.9425
20.6978
20.7756
22.1964
25.324
31.0636
41.3638
60.4671
98.7794
190.887
466.854
324.41
308.206
407.677
162.556
83.8235
51.9864
36.3813
27.9737
23.2729
20.7309
19.6356
19.7077
20.9651
23.7219
28.7632
37.7587
54.4004
87.893
168.827
414.151
305.009
292.299
358.952
143.305
74.7213
46.9566
33.3205
25.9693
21.8526
19.6223
18.6588
18.7197
19.8221
22.2392
26.6448
34.4931
48.9994
78.0927
148.506
365.28
293.288
286.837
316.771
126.795
66.8862
42.6509
30.7046
24.24
20.6157
18.6512
17.8004
17.8477
18.8084
20.9262
24.7802
31.6008
44.1948
69.5713
131.227
323.339
291.539
288.056
282.709
113.748
60.7611
39.1618
28.5143
22.7699
19.5585
17.8212
17.0666
17.0993
17.929
19.7707
23.1485
29.1534
40.1919
62.4488
116.571
286.532
292.184
294.581
255.867
103.234
55.9053
36.377
26.7544
21.5797
18.6989
17.1459
16.4706
16.4925
17.2171
18.8371
21.8194
27.161
37.0395
56.9106
104.733
257.386
297.003
305.758
234.194
95.7435
52.4253
34.2526
25.3524
20.6128
17.9981
16.5993
15.9922
16.0054
16.6414
18.0782
20.7471
25.5691
34.5863
52.893
96.1319
233.8
305.983
314.72
213.619
89.5227
49.4205
32.4712
24.1994
19.8245
17.4343
16.1687
15.6225
15.6304
16.1933
17.4806
19.8992
24.3186
32.6661
49.743
90.0476
213.956
315.143
324.437
197.864
85.0904
47.2395
31.0721
23.24
19.1571
16.9645
15.8229
15.3354
15.3399
15.8362
16.9906
19.1994
23.3031
31.1528
47.3232
85.1526
197.886
324.638
336.073
185.127
81.0064
45.0657
29.7075
22.3378
18.5541
16.5608
15.5441
15.1165
15.1184
15.5495
16.5721
18.5742
22.3777
29.796
45.2694
81.4819
186.051
337.414
349.168
174.632
77.6625
43.1043
28.4007
21.4648
17.9838
16.1978
15.3116
14.947
14.9478
15.3134
16.2018
17.9911
21.4787
28.4293
43.1675
77.7824
174.727
349.618
362.174
166.688
74.6538
41.0843
27.0453
20.5853
17.432
15.8664
15.1171
14.8181
14.8182
15.1171
15.8657
17.4303
20.5812
27.0388
41.0666
74.6051
166.56
361.575
377.39
159.193
71.0472
38.7201
25.5339
19.6473
16.8741
15.5545
14.9526
14.7221
14.7221
14.9537
15.556
16.8776
19.656
25.5596
38.7995
71.2732
159.7
378.212
392.838
153.995
67.7721
36.2965
23.9718
18.7077
16.3431
15.2803
14.8256
14.6675
14.6678
14.826
15.2783
16.3388
18.6972
23.9465
36.23
67.5724
153.407
391.299
407.664
147.675
63.1654
33.3013
22.216
17.7294
15.8339
15.0446
14.7396
14.6448
14.6447
14.7393
15.0458
15.838
17.7392
22.2413
33.3701
63.3657
148.209
408.361
423.89
142.6
58.3644
30.1709
20.4629
16.8156
15.4023
14.8727
14.7018
14.6419
14.6422
14.703
14.8754
15.4002
16.8094
20.449
30.1371
58.2799
142.348
423.348
437.294
133.795
51.4657
26.3822
18.5943
15.9559
15.0559
14.7857
14.6958
14.6702
14.6702
14.6957
14.7855
15.0575
15.9601
18.6051
26.4074
51.5379
133.926
437.068
450.331
120.844
42.8905
22.3518
16.88
15.318
14.8847
14.761
14.7231
14.7156
14.7158
14.7238
14.7633
14.8888
15.3228
16.877
22.3364
42.8475
120.797
450.39
461.476
95.2505
31.1172
17.9425
15.4509
14.9165
14.8071
14.7718
14.7681
14.7688
14.7688
14.7684
14.7727
14.809
14.9186
15.4561
17.9528
31.1372
95.3139
461.148
471.036
47.5738
18.2377
15.5466
14.9881
14.8529
14.8216
14.8249
14.8268
14.8271
14.8271
14.8266
14.8248
14.8219
14.8536
14.9899
15.5533
18.2545
47.5784
471.223
1283.42
1745.17
1124.45
668.245
386.227
226.719
140.851
95.4941
72.3393
62.1903
61.6213
70.1011
91.5076
135.217
219.722
374.095
661.086
1126.28
1765.53
1223.95
1280.65
1724.44
1099.56
662.556
382.924
224.878
139.858
94.8574
71.8378
60.9502
60.4178
68.6338
90.3486
134.187
218.406
370.349
656.15
1104.65
1757.71
1212.39
1279.04
1746.83
1113.37
650.623
373.716
219.609
137.119
93.1915
70.7459
61.5171
61.2517
69.1386
90.0445
131.638
217.297
360.017
652.722
1126.62
1743.03
1217.88
1269.43
1741.45
1123.25
666.005
382.533
224.305
139.761
94.9192
71.8311
62.0175
61.973
69.3829
91.0707
134.188
216.471
369.414
635.73
1123.08
1760.46
1222.3
1279.5
1718.99
1098.74
647.085
371.94
218.714
136.878
93.2832
70.4903
61.5193
61.9677
70.2538
89.6492
131.584
211.16
361.15
642.846
1116.24
1739.71
1215.33
1276.88
1731.9
1119.62
652.971
374.033
219.805
137.694
94.6799
70.9591
61.059
61.7898
70.1274
91.4172
132.726
213.755
369.864
649.586
1099.64
1746.62
1225.18
1274.04
1739.36
1100.04
653.31
372.874
219.241
137.512
94.5306
71.0135
62.0876
61.7136
68.8344
90.052
132.978
213.99
378.706
667.505
1126.56
1750.67
1214.8
1266.5
1720.83
1112.67
663.659
377.394
221.618
138.465
94.186
71.6539
61.2748
61.49
69.5066
91.2674
134.673
213.918
377.018
665.764
1108.89
1767.18
1227.69
1269.5
1747.93
1090.9
659.48
385.317
225.87
140.31
92.9049
71.3695
62.3289
61.3319
68.4518
89.7735
134.257
216.874
374.001
663.275
1134.88
1769.38
1239.42
1274.84
1746.15
1105.87
647.554
384.082
224.766
139.663
94.4515
70.2808
62.1789
60.4863
69.3664
91.4203
131.684
215.028
370.426
658.904
1131.23
1764.63
1240.82
1273.22
1742.59
1078.51
661.165
382.53
219.929
138.53
93.9455
71.552
62.1931
61.4659
70.4865
90.5767
133.385
209.861
359.459
643.5
1123.8
1757.62
1239.1
1264.48
1738.26
1088.18
660.639
380.986
225.752
136.695
93.2474
70.411
61.6757
62.491
69.8012
92.31
133.067
213.899
366.259
661.274
1119.4
1735.97
1238.49
1274.55
1735.87
1102.12
657.311
378.3
225.27
138.848
91.7015
71.6756
62.34
62.7147
71.1478
92.3854
130.176
209.202
358.036
659.769
1112.22
1753.55
1235.49
1272.81
1729.11
1073.86
652.446
368.949
223.773
136.671
92.8615
70.9015
61.3999
62.5754
70.9564
92.4817
131.823
213.71
363.015
656.785
1090.01
1733.07
1233.37
1269.05
1711.44
1104.35
641.876
379.869
223.346
137.443
94.2053
72.2321
61.6735
62.6314
69.7678
92.5014
128.857
209.357
368.74
655.68
1119.94
1749.46
1224.15
1266.97
1732.77
1118.45
650.459
378.139
219.061
137.558
92.9016
72.1748
62.0696
62.7298
70.986
92.7869
132.118
210.272
359.401
649.768
1113.67
1765.61
1231.31
1257.87
1710.22
1112.55
659.803
376.252
222.291
139.372
94.842
72.0922
62.9783
62.76
69.9526
92.8357
134.556
211.118
364.48
644.623
1091.45
1762.71
1238.03
1262.43
1715.51
1107.04
656.315
365.791
220.745
138.714
94.2965
71.0135
62.653
62.5908
71.6222
92.617
134.199
213.273
356.06
631.159
1112.93
1745.21
1236.23
1254.96
1708.48
1086.1
653.047
369.459
217.233
136.446
92.7363
72.2034
62.7023
61.5823
71.4061
92.1576
133.629
212.535
362.971
640.441
1106.08
1761.82
1226.38
1261.53
1712.07
1088.93
651.385
373.249
220.576
139.2
94.2949
71.4118
61.7409
62.475
71.3809
91.6373
132.774
207.975
353.509
633.62
1083.52
1755.66
1230.99
1250.66
1722.24
1081.88
648.297
370.642
219.24
138.994
93.0189
72.5552
62.198
62.3454
71.1417
90.1385
132.364
210.677
356.704
633.227
1098.42
1738.07
1230.32
1255.87
1704.55
1081.59
645.897
361.325
214.37
138.55
94.6045
72.5776
62.5084
61.3885
71.0356
91.472
131.551
209.191
352.818
619.455
1077.81
1743.72
1229.11
1252.48
1733.18
1085.01
643.238
366.959
217.855
138.482
92.8837
72.1835
61.6323
62.0495
70.2154
90.0186
129.365
204.952
343.024
629.475
1085.48
1752.29
1228.61
1246.41
1728.17
1095.87
640.825
359.233
213.598
137.863
93.544
72.0652
62.5445
61.4907
71.2237
91.1256
130.998
205.858
346.212
626.217
1088.4
1736.57
1234.25
1242.24
1721.71
1088.79
635.97
366.355
217.732
137.611
94.1004
70.9547
61.605
62.673
71.084
90.6706
130.097
204.563
346.316
611.908
1067.7
1753.65
1232.94
1248.87
1698.23
1069
631.121
359.015
213.782
135.473
92.8496
71.9115
62.207
62.5537
70.753
89.1295
129.194
204.104
351.767
623.423
1080.97
1739.46
1231.61
1243.44
1707.02
1085.95
619.39
362.261
216.125
137.144
94.6091
71.2606
62.7809
62.3861
70.5779
90.2445
126.945
202.825
343.228
619.384
1058.54
1749.87
1223.06
1250.68
1710.11
1081.64
623.614
360.425
214.884
136.445
94.2612
72.1624
62.5898
62.0483
69.4148
89.111
128.33
202.26
349.244
615.544
1067.88
1746.17
1223.13
1247.4
1724.22
1076.56
617.083
352.336
210.631
134.09
93.7912
71.6262
61.4491
61.0477
69.4742
89.7685
129.698
201.14
341.529
610.304
1043.03
1727.7
1220.45
1245.86
1717.78
1068.29
606.691
351.387
211.525
134.118
93.3453
70.5345
61.7563
61.2746
69.3754
90.4727
129.348
201.413
344.193
598.119
1061.94
1744.28
1216.17
1243.64
1694.46
1048.5
600.713
348.483
208.101
133.297
93.0378
71.3446
62.0536
61.5327
69.4803
90.2364
128.739
202.732
342.183
598.255
1068.85
1739.94
1213.89
1235.34
1700.76
1059.85
598.677
347.29
209.45
132.894
92.6111
70.1478
61.6373
60.6216
69.9404
89.8157
127.362
201.595
335.362
591.076
1048.04
1718.61
1209.37
1243.13
1701.83
1040.52
593.543
340.88
205.808
132.058
92.2091
70.7145
60.7371
61.2606
69.7245
89.4909
128.047
200.379
336.738
588.788
1061.51
1739.72
1206.49
1240.1
1714.15
1037.6
590.296
339.688
206.36
131.389
91.5654
69.4935
60.5438
60.8692
69.2604
88.9576
127.166
198.977
334.227
584.647
1055.08
1735.76
1205.41
1237.87
1709.87
1028.93
585.568
336.795
205.032
130.511
91.0677
69.4082
60.6413
60.4961
68.8437
88.4075
125.137
197.398
327.201
581.114
1046.48
1728.7
1207.22
1231.54
1702.43
1026.44
581.414
334.246
201.753
129.689
89.6264
69.2092
59.5067
59.8342
68.3318
87.8548
125.812
196.224
326.476
581.87
1037.97
1722.73
1201.39
1232.01
1683.31
1010.68
577.257
331.788
200.751
128.233
89.126
68.7138
59.5581
58.9017
67.7908
87.221
123.825
192.812
322.816
576.495
1027.82
1696.95
1202.32
1229.48
1701.51
1017.2
575.879
330.652
198.991
127.737
88.1973
67.2286
58.5222
58.7125
67.2093
86.4954
123.2
192.418
321
562.622
1019.1
1704.97
1199.94
1221.26
1681.1
1020.98
569.856
327.01
196.696
126.219
87.2676
66.839
57.8969
57.9988
66.6332
85.2268
121.98
189.001
317.965
564.075
1002.49
1711.13
1196
1219.35
1691.49
1012.92
561.886
322.672
194.193
124.74
86.2711
66.0028
57.1593
57.5059
65.9235
84.8509
120.836
187.962
314.157
551.948
1004.38
1705.62
1188.61
1216.32
1669.62
1002.45
553.71
317.68
192.727
123.632
85.3461
65.2245
56.6716
56.7119
64.9966
84.1232
119.889
186.252
310.982
546.547
985.086
1696.38
1182.21
1213.72
1681.52
993.915
546.908
314.782
190.774
122.135
84.3264
64.4861
56.0853
56.3378
64.3938
83.3257
118.835
184.329
306.221
539.002
976.611
1688.25
1179.15
1209.8
1659.27
983.012
541.52
311.232
188.652
120.994
83.5958
63.9916
55.6795
55.8798
63.7807
82.3142
117.955
182.874
302.96
531.446
962.661
1664.78
1175.24
1205.57
1656.88
973.063
537.102
308.342
187.211
119.99
82.7613
63.3183
55.1185
55.1558
63.2365
81.8096
116.786
180.846
298.984
525.329
954.603
1667.91
1172.42
1199.34
1643.8
954.019
530.549
305.226
185.179
118.89
82.0286
62.6518
54.5097
54.4054
62.5629
81.1915
115.955
179.39
295.344
518.249
942.059
1657.89
1168.74
1192.57
1637.75
945.508
525.592
302.153
183.587
117.763
81.1587
61.8957
53.7458
53.6529
61.5753
80.135
114.745
177.38
291.616
510.814
932.704
1631.62
1163.64
1186.48
1623.66
932.91
517.914
298.693
181.598
116.61
80.3501
61.2264
53.0686
52.7772
60.487
79.1362
113.794
175.886
287.848
503.094
924.573
1633.24
1160.64
1182.97
1628.57
922.568
511.767
295.263
179.849
115.394
79.4231
60.4256
52.2689
51.9914
59.6976
77.9328
112.453
173.881
284.914
498.139
916.857
1606.42
1155.41
1179.48
1617.54
913.741
504.789
291.526
177.762
114.114
78.4618
59.5796
51.3211
51.0409
58.8223
77.0696
111.372
172.241
281.698
491.164
912.204
1615.38
1152.41
1172.88
1589.78
902.068
497.343
287.585
175.767
112.779
77.4028
58.7222
50.6433
50.3303
57.9806
76.0976
110.175
170.463
278.778
486.447
907.542
1620.55
1148.47
1168.81
1582.53
891.314
489.712
283.962
173.674
111.26
76.1469
57.6512
49.7213
49.5429
57.1666
75.1578
108.993
168.961
275.983
480.743
898.352
1596.43
1146.44
1161.78
1578.3
880.225
483.206
280.449
171.571
109.764
74.9331
56.6318
48.8501
48.6966
56.2753
74.1014
107.66
167.011
273.04
475.958
889.081
1602.49
1143.73
1155.82
1554.55
867.503
475.42
276.458
169.16
108.062
73.5911
55.5383
47.9527
47.9255
55.4296
73.1259
106.411
165.296
269.976
469.85
876.933
1576.01
1142.06
1148.33
1551.3
854.125
469.082
273.136
166.912
106.375
72.3967
54.6199
47.0837
47.0547
54.4907
72.0047
105.057
163.45
266.85
463.676
865.184
1566.05
1137.44
1140.27
1532.48
841.63
460.965
268.647
164.266
104.576
71.0132
53.5254
46.1868
46.205
53.5727
70.9536
103.781
161.748
263.886
456.573
850.579
1544.11
1134.82
1131.98
1516.31
828.371
454.469
265.121
161.825
102.83
69.7588
52.5178
45.262
45.3015
52.6209
69.8125
102.407
159.961
260.868
450.516
836.954
1529.8
1130.3
1122.13
1502.25
817.656
446.913
260.494
159.092
100.986
68.4575
51.5401
44.4338
44.4953
51.7359
68.7366
100.96
157.92
257.712
444.214
824.499
1515.39
1126.01
1115.37
1479.59
804.665
439.235
256.273
156.316
99.1108
67.1249
50.5267
43.5547
43.6653
50.8486
67.6642
99.6188
156.041
254.402
437.606
811.903
1499.95
1120.96
1111.49
1469.79
793.078
431.697
251.515
153.346
97.1674
65.791
49.4925
42.6806
42.8188
49.9276
66.5594
98.1269
153.954
251.287
431.647
797.574
1483.08
1115.04
1106.46
1456.33
780.385
423.463
246.633
150.219
95.1342
64.3713
48.4143
41.7499
41.9247
48.9746
65.4093
96.6705
151.935
247.824
424.717
785.162
1466
1110.82
1098.75
1442.35
766.942
415.193
241.728
147.25
93.1946
62.995
47.3565
40.865
41.0767
48.0493
64.2883
95.1671
149.759
244.367
417.94
771.654
1447.39
1103.88
1089.2
1427.95
753.157
405.887
236.081
143.755
90.9352
61.4389
46.1867
39.8744
40.1183
46.9906
62.9832
93.4242
147.216
240.298
410.642
758.563
1430.92
1096.41
1075.25
1411.86
738.048
396.333
230.656
140.472
88.7735
59.9319
45.0555
38.9213
39.1823
45.9136
61.5814
91.4524
144.355
236.001
403.276
746.281
1419.59
1089.75
1059.38
1396.35
721.231
385.929
224.72
136.622
86.2236
58.2408
43.8276
37.9011
38.1833
44.7555
60.0454
89.2556
141.137
231.189
395.341
732.719
1403.95
1081.05
1041.38
1379.32
704.517
375.522
218.535
132.769
83.7616
56.6011
42.621
36.8856
37.1619
43.5273
58.367
86.8167
137.581
225.922
386.99
719.664
1392.62
1075.78
1021.44
1358.14
686.059
364.791
212.133
128.649
81.1147
54.8698
41.4054
35.8944
36.1646
42.2974
56.6164
84.1687
133.584
219.927
377.337
703.845
1376.99
1061.82
1000.28
1336.61
667.068
353.598
205.429
124.447
78.4556
53.1299
40.1694
34.8679
35.1216
41.0144
54.8131
81.4703
129.532
213.736
367.04
687.317
1360.62
1048.07
979.011
1312.24
647.086
342.153
198.78
120.252
75.7243
51.3395
38.9284
33.8608
34.0999
39.7231
52.9109
78.4658
124.956
206.919
355.473
667.767
1340.53
1031.16
956.032
1285.08
625.203
329.794
191.469
115.652
72.8315
49.4945
37.6545
32.8218
33.0469
38.407
50.9979
75.4655
120.197
199.376
343.042
647.226
1318.52
1008.16
934.876
1256.15
603.179
317.033
183.834
110.817
69.7707
47.5841
36.3739
31.7941
31.9995
37.0696
49.0113
72.313
115.143
191.265
329.435
623.923
1291.64
982.79
910.951
1223.38
579.754
303.945
175.692
105.552
66.5196
45.5873
35.033
30.7189
30.9094
35.6878
46.9698
69.0624
109.813
182.451
314.802
599.624
1262.61
964.093
886.73
1187.6
555.083
289.87
166.75
99.9985
63.2073
43.5656
33.6866
29.6444
29.8108
34.2584
44.7806
65.4817
103.944
172.864
298.973
572.458
1227.37
934.429
856.674
1146.84
528.734
274.716
157.241
94.1499
59.7174
41.4377
32.2661
28.5128
28.6701
32.8021
42.5744
61.8389
97.7496
162.651
282.496
544.162
1188.91
904.066
830.518
1102.25
500.697
258.63
147.037
88.0152
56.1501
39.2807
30.8315
27.3715
27.5117
31.304
40.2649
57.9895
91.2396
151.843
264.899
513.744
1144.65
873.343
804.085
1051.03
469.608
241.789
136.892
81.8304
52.4711
37.047
29.3396
26.1853
26.3218
29.7884
37.9364
54.0235
84.3906
140.607
246.762
481.815
1094.45
839.498
773.81
994.26
437.335
223.76
126.069
75.361
48.6756
34.7669
27.8215
24.9765
25.1039
28.2379
35.5755
50.0278
77.4473
128.888
227.218
446.226
1034.12
805.72
743.406
933.112
403.007
204.605
114.881
68.8896
44.9162
32.4869
26.2874
23.7478
23.8666
26.6707
33.2103
46.0583
70.4397
116.682
206.455
407.62
964.145
762.751
701.226
865.689
366.705
184.27
103.213
62.2257
41.0592
30.1643
24.7343
22.5102
22.6226
25.0969
30.8418
42.1093
63.5617
104.495
184.64
365.876
881.522
692.908
665.811
796.682
330.616
164.25
91.6241
55.6693
37.3271
27.9155
23.2191
21.2942
21.3947
23.5403
28.4986
38.1831
56.6235
92.266
163.358
325.683
799.186
637.146
621.968
719.443
292.072
143.816
80.2715
49.3206
33.7026
25.7239
21.748
20.1222
20.2181
22.0554
26.2832
34.5258
50.2195
80.6153
141.97
284.573
710.982
573.608
577.336
641.724
255.065
124.306
69.5105
43.3262
30.2838
23.6668
20.3733
19.0288
19.1174
20.6588
24.1921
31.0703
44.2019
69.8891
122.581
246.684
625.176
524.693
536.347
561.661
217.985
105.341
59.2614
37.7542
27.1772
21.8136
19.1377
18.0469
18.1277
19.4002
22.3094
27.9712
38.7925
59.9904
103.849
209.32
539.049
475.296
490.024
483.026
183.492
88.3889
50.4035
32.9906
24.5051
20.2088
18.0642
17.1923
17.2628
18.2943
20.6469
25.2247
34.0069
51.3681
87.9395
177.555
461.388
430.018
446.269
409.43
152.852
73.8846
43.0046
29.0938
22.3319
18.8963
17.1791
16.4825
16.5411
17.3707
19.2662
22.9597
30.0675
44.2424
74.4924
149.807
393.144
396.162
407.524
344.677
126.85
62.1127
37.1816
26.04
20.6135
17.8492
16.4699
15.9114
15.9563
16.6173
18.1391
21.1184
26.8685
38.4239
63.581
127.374
337.105
375.212
397.328
290.992
106.912
53.7347
33.1451
23.898
19.3741
17.075
15.9369
15.4782
15.5092
16.0378
17.275
19.7272
24.5002
34.1352
55.2371
108.861
290.194
371.236
392.065
249.334
93.347
47.8592
30.2352
22.3117
18.4432
16.4931
15.5404
15.1588
15.178
15.6025
16.6195
18.6749
22.7368
31.015
49.253
95.4847
251.249
369.81
378.364
217.129
84.4206
44.1832
28.3611
21.2407
17.7904
16.0806
15.264
14.9406
14.9504
15.2938
16.1394
17.8909
21.4163
28.687
44.8228
85.8178
220.895
374.668
378.952
200.737
79.724
41.9204
27.0515
20.4289
17.2845
15.77
15.0697
14.797
14.8015
15.0831
15.7962
17.326
20.4896
27.1315
42.0313
79.8607
200.603
382.235
391.786
184.964
75.1765
39.6763
25.7616
19.6633
16.8355
15.5182
14.9342
14.7181
14.7197
14.9398
15.5306
16.859
19.7072
25.8432
39.8148
75.4104
185.715
389.879
402.056
174.372
72.0104
37.9652
24.711
19.0202
16.4642
15.3244
14.8451
14.6755
14.6761
14.8451
15.323
16.46
19.0108
24.6994
37.9737
72.1493
174.667
402.155
411.069
163.06
67.9598
35.6639
23.3647
18.259
16.0629
15.1365
14.7724
14.6556
14.6559
14.7753
15.1422
16.0753
18.2838
23.4199
35.7998
68.3046
163.895
410.843
420.532
155.557
64.762
33.6876
22.2063
17.6234
15.7474
15.0041
14.7298
14.6497
14.6494
14.7291
14.9999
15.7394
17.6063
22.1728
33.6277
64.6628
155.42
420.274
431.957
147.443
60.4449
31.1031
20.7763
16.8876
15.4073
14.8744
14.7049
14.6521
14.6521
14.7054
14.8783
15.419
16.9107
20.8224
31.2085
60.7318
148.116
431.904
439.625
140.759
56.3837
28.6921
19.5166
16.2966
15.1711
14.8023
14.6982
14.669
14.6689
14.6985
14.8027
15.166
16.2851
19.4875
28.6134
56.1866
140.301
439.243
450.849
133.093
50.9428
25.7119
18.0871
15.6823
14.9555
14.7619
14.7046
14.6926
14.6927
14.7049
14.7632
14.9612
15.7073
18.1342
25.8037
51.1908
133.589
450.452
456.585
123.392
44.7066
22.7389
16.8623
15.2564
14.863
14.755
14.7301
14.7262
14.7262
14.7302
14.7561
14.8654
15.2579
16.8502
22.6769
44.5727
123.129
456.733
464.38
108.81
36.4187
19.458
15.7722
14.9631
14.7979
14.7639
14.7603
14.7606
14.7606
14.7604
14.7652
14.8013
14.9652
15.7577
19.4771
36.5816
108.959
463.926
468.392
83.6362
26.2606
16.5753
15.097
14.8487
14.7992
14.7969
14.7981
14.7985
14.7984
14.798
14.7967
14.8014
14.8643
15.1826
16.7782
26.4716
83.5036
468.685
473.539
41.7547
17.6485
15.3387
14.9126
14.8402
14.8367
14.8367
14.8364
14.8362
14.8362
14.8362
14.8354
14.83
14.8116
14.721
14.7222
16.625
41.769
473.439
720.043
1067.29
678.822
401.121
233.054
139.6
90.5443
66.2076
54.113
48.7586
48.4585
53.4847
66.0268
91.4469
140.668
234.991
404.467
678.973
1061.88
714.992
717.64
1064.54
675.295
397.941
231.177
138.572
89.4057
65.5417
53.9636
48.587
47.8471
52.6114
65.2926
89.5881
139.317
232.843
401.82
676.144
1059.42
710.919
713.834
1057.16
664.841
388.426
225.611
135.692
89.2066
66.2901
53.9422
48.2283
48.314
52.9197
65.0887
90.9984
136.328
227.059
393.69
668.289
1053.91
721.553
722.02
1067.46
679.956
400.696
233.501
139.39
90.584
66.275
54.079
48.5448
48.2772
53.1482
65.0364
90.8486
139.37
233.204
407.652
685.303
1063.08
723.234
714.611
1057.9
676.684
397.421
232.124
137.504
89.0538
66.1593
53.9345
48.1631
47.6409
52.5198
64.882
89.1943
135.83
226.164
405.032
683.13
1053.94
718.696
721.881
1065.95
674.09
386.674
230.648
138.204
91.0021
65.659
53.7806
48.0797
47.9255
53.1381
65.2617
89.4485
136.599
227.942
402.77
682.243
1061.79
727.004
721.545
1064.94
664.415
396.911
226.718
135.078
90.7129
66.2868
53.6184
48.0287
48.0223
52.4751
64.3877
88.954
135.833
228.428
394.376
672.042
1067.23
726.635
719.767
1063.05
666.939
390.904
230.041
136.452
90.7022
66.0985
53.3089
47.9346
47.6952
52.8253
65.1118
88.799
135.256
222.309
396.418
678.704
1066.53
726.766
715.832
1060.73
668.899
399.245
229.108
137.503
90.3829
65.8197
53.5414
48.023
48.1776
53.1261
64.3034
88.3967
135.341
227.295
395.075
683.394
1062.92
728.258
722.546
1051.88
675.328
397.714
226.558
134.734
89.857
64.885
52.8694
48.1333
47.7227
53.0395
64.7082
88.2228
134.702
230.043
395.258
681.313
1073.43
729.219
715.769
1054.42
672.511
394.988
220.398
136.767
88.8493
65.5119
53.0774
47.8536
47.9484
52.4951
65.208
88.3931
134.071
225.404
397.9
671.615
1072.58
729.205
722.435
1057.14
669.076
388.051
225.479
134.788
89.5616
64.8379
52.946
48.3744
47.645
52.6065
65.1468
89.2716
134.523
229.032
390.773
674.205
1065.62
727.63
728.584
1064.35
656.933
395.523
228.343
135.316
88.5761
64.855
52.9355
48.3881
48.0641
52.6476
64.7872
88.9181
135.898
227.82
397.498
676.317
1074.1
725.699
728.476
1063.91
669.468
388.343
222.68
134.815
89.8628
64.8594
53.0364
48.3757
47.5968
52.8697
63.8197
86.9937
134.628
221.995
389.267
681.414
1072.34
720.067
726.5
1057.07
678.193
390.41
225.709
135.868
89.0393
64.6919
53.3053
48.3697
47.8482
52.8173
64.539
87.5618
133.494
225.012
389.857
678.661
1063.99
721.443
720.538
1064.74
676.77
388.524
228.656
137.922
90.0495
64.8893
52.883
48.2683
48.1688
52.1588
63.6182
86.412
129.579
219.946
388.149
671.62
1068.84
720.587
722.477
1063.64
675.346
388.841
228.178
137.458
89.5985
65.3793
53.5863
48.3711
48.2147
52.5692
64.2174
87.3067
132.256
224.414
390.181
680.811
1060.02
715.777
720.479
1061.6
672.151
388.739
226.727
136.622
88.7435
64.4626
53.3606
47.8329
48.0774
52.9359
64.7461
87.9563
133.114
219.029
394.636
680.513
1069.79
715.864
720.136
1060.37
669.336
392.931
225.634
135.789
87.9102
65.0876
53.2695
48.1102
47.9062
52.7723
64.5725
87.5381
130.399
219.897
391.958
678.155
1077.79
711.15
720.355
1056.74
658.539
390.445
223.479
134.666
87.7378
64.2761
53.0502
47.9323
47.2658
52.0543
64.2785
87.1226
130.307
220.852
383.04
674.464
1076.68
711.558
722.191
1062
664.202
384.308
218.04
133.4
87.71
64.3279
52.5269
47.4671
47.3966
52.6301
64.1432
86.8156
129.619
219.329
387.761
670.891
1074.83
710.346
716.876
1060.62
670.143
386.584
221.421
131.899
88.2132
64.4098
52.7331
47.6817
47.4623
52.5521
63.9056
86.4724
129.849
213.039
384.529
666.691
1072.89
708.204
722.238
1058.21
667.949
381.57
218.835
130.127
87.8705
64.9369
53.0325
47.9502
47.749
52.3357
63.5961
86.0002
127.679
213.196
380.892
653.498
1070.16
705.154
716.331
1054.77
664.704
380.546
213.272
131.987
87.5374
64.7712
52.8581
47.8275
47.636
52.3639
62.7265
85.5885
129.734
212.279
378.15
655.583
1062.8
699.209
720.637
1044.37
661.568
378.97
215.564
131.775
85.9824
64.4349
52.1532
47.2455
47.0218
52.3044
63.2838
85.0625
129.091
213.734
370.147
658.402
1067.17
699.032
716.24
1051.84
659.114
377.801
217.708
130.964
86.9579
64.3963
52.4086
47.5151
47.1791
52.203
63.0515
83.8844
128.203
211.069
375.578
649.665
1059.77
694.273
723.096
1040.52
648.186
375.942
212.879
127.425
85.2937
64.1608
52.6007
47.7718
47.2533
52.1336
62.4022
83.4867
127.339
212.374
373.581
653.983
1065.49
693.078
721.268
1049.84
656.624
374.873
216.42
127.962
85.8276
64.0511
52.4024
47.7416
47.5983
52.0842
62.91
84.2723
124.911
207.262
369.109
648.032
1058.31
692.713
719.94
1053.04
646.914
371.861
214.637
127.204
86.2053
63.8207
51.6427
47.5821
47.5322
51.9441
62.6676
83.2455
126.696
208.774
371.651
637.351
1058.13
694.066
717.452
1044.7
650.356
369.787
213.142
128.712
85.9659
63.6327
51.8517
47.5234
47.3927
51.7324
61.9803
84.0515
124.581
207.22
370.058
645.317
1056.56
685.544
716.186
1046.49
642.011
367.131
211.046
125.996
84.2861
63.2595
51.8842
47.383
47.2555
51.29
62.169
83.1115
125.52
206.649
362.655
652.069
1059.88
686.77
713.278
1046.6
647.885
365.243
206.677
127.324
84.6273
63.0486
51.1266
46.8882
46.826
51.7242
62.5258
83.744
123.434
206.036
370.522
650.477
1065.59
686.26
708.914
1050.89
638.434
362.187
208.559
125.2
84.5064
62.7985
51.5415
47.1605
46.7913
51.2176
62.2623
83.4166
124.733
204.784
367.697
646.333
1063.71
688.382
708.717
1043.38
636.943
361.586
204.198
124.602
83.3476
61.8538
51.7421
47.0744
46.6798
51.3261
61.9066
81.9388
122.376
203.277
364.887
635.899
1060.97
682.288
708.068
1050.93
633.791
352.471
204.728
123.842
83.9039
62.0436
51.5562
46.6245
46.5688
51.1201
61.6877
81.966
122.674
201.569
362.261
642.804
1054.53
691.169
704.271
1041.52
629.906
353.349
203.132
123
82.8079
61.9004
51.3794
46.7289
46.596
50.5158
60.9245
81.4183
121.759
200.01
359.212
633.784
1061.13
696.177
707.869
1043.45
627.118
344.093
200.909
122.039
82.9414
62.098
51.0311
46.1874
46.4389
50.7649
61.0025
81.2766
120.614
197.989
351.965
632.033
1052.27
693.972
705.754
1041.26
622.972
343.465
196.87
121.021
82.4467
61.7677
50.591
46.3439
45.9687
50.4897
60.6198
80.6806
119.601
197.689
353.17
630.294
1054.08
693.162
700.22
1042.05
618.631
340.782
196.613
120.046
81.1828
60.9658
50.5306
46.1867
45.8047
49.8681
60.1545
79.9417
118.065
192.35
350.043
632.421
1054.42
686.884
698.168
1044.59
613.865
340.238
192.806
119.047
81.0444
61.0102
50.5557
45.7065
45.649
49.6498
59.7534
78.8136
116.171
192.467
341.489
628.453
1059.59
687.247
694.854
1041.58
608.757
340.913
192.721
118.056
80.2053
60.621
50.2775
45.4738
45.1166
49.1682
58.9552
78.2402
115.585
189.526
339.564
623.007
1050.7
686.394
692.25
1036.6
605.066
337.461
189.477
116.892
79.4695
59.7522
49.6273
45.1157
44.9632
48.7623
58.4057
77.1573
113.471
187.394
334.86
617.759
1058.73
686.873
688.232
1025
595.685
333.5
188.595
115.698
78.5954
59.2525
49.3913
44.8262
44.4556
48.3323
57.9522
76.6409
112.225
184.86
330.234
604.451
1049.33
684.305
684.828
1025.61
593.426
330.041
185.988
114.339
77.9398
58.7339
48.9124
44.455
44.2391
47.9392
57.3978
75.7983
110.937
182.554
327.872
603.137
1049.31
679.284
680.972
1022.21
588.272
326.031
183.131
112.681
77.2521
58.2339
48.5689
44.1064
43.8522
47.5154
56.946
75.1317
109.724
179.657
323.511
596.458
1047.83
675.354
676.768
1019.13
583.847
322.455
180.253
111.438
76.3045
57.784
48.1035
43.6859
43.3789
47.1686
56.4708
74.5038
108.499
176.152
314.761
591.179
1050.69
673.955
673.995
1016.43
578.617
314.917
178.081
110.22
75.7432
57.3761
47.7854
43.3889
43.0638
46.8413
56.0305
73.8018
107.342
174.236
311.242
584.911
1048.14
670.69
670.659
1014.15
573.047
311.103
175.431
109.043
75.0279
56.8706
47.305
42.9684
42.6813
46.4641
55.6029
73.0862
106.032
171.161
305.363
578.394
1044.76
666.78
666.836
1013.71
567.107
305.814
173.242
107.907
74.3716
56.3475
46.7865
42.5195
42.2246
46.0107
55.0537
72.3577
104.846
168.728
301.049
570.769
1041.3
663.576
664.328
1016.9
562.408
301.78
171.178
106.764
73.5965
55.7971
46.3539
42.0976
41.8009
45.5497
54.5048
71.6426
103.696
166.318
296.217
564.896
1037.21
660.641
661.525
1018.2
556.794
297.273
168.853
105.608
72.8635
55.2521
45.8949
41.6568
41.391
45.1007
53.978
70.9424
102.621
164.379
292.374
558.321
1026.95
656.237
658.932
1013.59
550.52
293.234
166.931
104.413
72.1347
54.7051
45.4146
41.2426
40.9747
44.6638
53.4764
70.3218
101.471
161.923
287.607
552.221
1032
652.801
655.351
1001.85
544.146
289.143
164.611
103.313
71.4553
54.1837
44.9546
40.8055
40.575
44.259
53.0163
69.6646
100.471
159.945
283.336
544.552
1019.34
649.25
651.34
998.803
537.467
284.915
162.505
102.171
70.6802
53.5904
44.485
40.3962
40.1599
43.8203
52.5138
69.0058
99.3564
157.703
279.025
538.415
1017.72
644.219
646.496
992.718
530.461
280.784
160.465
101.129
69.9967
53.0156
43.9513
39.9171
39.7313
43.4005
52.0507
68.3975
98.3664
155.775
274.714
530.093
1001.58
637.122
643.288
987.575
523.4
276.279
158.246
99.9777
69.2153
52.3967
43.4401
39.466
39.2952
42.9459
51.5191
67.7076
97.2489
153.552
270.102
522.995
995.737
629.796
637.632
982.142
516.545
271.912
156.065
98.8039
68.4062
51.7392
42.8591
38.9405
38.8153
42.4806
51.0123
67.0231
96.1739
151.516
265.797
514.148
985.308
623.892
632.427
979.833
509.526
267.653
153.952
97.614
67.5921
51.0985
42.3154
38.4439
38.3453
42.0012
50.473
66.3578
95.1423
149.451
261.24
506.883
979.1
616.649
627.331
973.079
502.579
262.993
151.581
96.3362
66.7292
50.4353
41.7556
37.9416
37.8663
41.5131
49.9313
65.6587
94.0509
147.327
256.624
497.382
969.63
609.544
621.488
956.33
494.876
258.784
149.391
95.0249
65.8383
49.7515
41.1897
37.4338
37.3745
41.0024
49.3567
64.9313
92.9556
145.242
252.214
489.762
959.088
603.125
616.428
950.196
487.957
254.182
146.942
93.6361
64.9073
49.0391
40.5796
36.8787
36.8402
40.4418
48.7076
64.1122
91.752
143.091
248.002
481.673
950.267
599.245
611.595
939.036
480.128
249.808
144.473
92.1408
63.9068
48.2953
39.9803
36.3444
36.3101
39.8626
48.0222
63.23
90.4484
140.817
243.707
474.346
940.419
596.268
607.468
928.2
471.879
244.93
141.78
90.5456
62.8646
47.5337
39.3618
35.7891
35.7536
39.247
47.2777
62.265
89.078
138.559
239.435
466.71
931.718
592.046
601.829
918.998
463.789
240.135
139.008
88.8385
61.745
46.7402
38.7361
35.2358
35.1999
38.6258
46.5133
61.26
87.6693
136.292
235.139
459.072
924.377
588.795
596.154
907.633
454.551
234.82
136.13
87.0787
60.603
45.9364
38.107
34.6748
34.6316
37.9831
45.7139
60.1737
86.1101
133.85
230.648
450.835
914.62
583.791
589.032
898.265
445.094
229.208
133.078
85.2251
59.3794
45.0845
37.4503
34.0951
34.0433
37.3105
44.8769
59.0554
84.5306
131.401
226.119
442.725
905.957
579.917
582.257
886.623
434.602
223.071
129.855
83.3937
58.1907
44.2333
36.7818
33.5006
33.4409
36.6178
43.995
57.8529
82.8147
128.675
220.995
433.491
895.446
573.493
574.067
875.609
423.294
216.331
126.186
81.2512
56.8355
43.3032
36.0678
32.8777
32.8174
35.9008
43.0749
56.609
81.081
125.986
215.963
424.195
885.034
568.472
564.845
862.263
410.676
209.275
122.446
79.076
55.4439
42.3328
35.3186
32.2223
32.163
35.1564
42.1244
55.3045
79.1823
122.943
210.318
414.031
872.784
560.36
552.885
846.568
396.856
201.654
118.398
76.6818
53.9121
41.2788
34.5139
31.5268
31.4724
34.3746
41.1356
53.9271
77.1212
119.6
204.23
402.939
860.905
552.319
536.433
829.062
382.475
193.523
114.108
74.1925
52.3087
40.1682
33.6629
30.7863
30.7394
33.5455
40.0815
52.4339
74.8485
115.907
197.608
390.874
846.263
541.679
522.048
809.654
367.7
185.399
109.549
71.4641
50.5623
38.9606
32.7479
30.0023
29.9643
32.6651
38.9443
50.8204
72.4031
111.976
190.566
377.521
829.273
531.606
507.23
786.961
351.815
177.305
104.97
68.6249
48.7203
37.6856
31.7721
29.1611
29.1333
31.7194
37.723
49.0653
69.6831
107.528
182.756
363.091
810.117
519.015
491.538
759.684
335.045
168.881
100.208
65.6149
46.7401
36.3156
30.7344
28.2758
28.2594
30.7143
36.4045
47.1566
66.7123
102.713
174.377
346.939
786.313
503.402
474.546
728.661
317.02
159.88
95.005
62.4186
44.674
34.8746
29.632
27.3262
27.3187
29.6412
35.0038
45.1326
63.5764
97.6053
165.388
328.916
756.342
483.866
452.789
692.23
297.129
150.409
89.4925
58.9682
42.4591
33.3497
28.4708
26.3232
26.3248
28.5024
33.5132
42.9611
60.161
91.9957
155.454
308.615
721.909
461.201
433.838
653.031
276.502
140.163
83.6284
55.3803
40.1425
31.7347
27.2322
25.2565
25.2726
27.3032
31.9446
40.6572
56.5018
85.9336
144.659
286.204
679.021
434.598
409.969
608.681
254.637
129.411
77.5386
51.6709
37.759
30.0778
25.9553
24.1461
24.1717
26.0463
30.2991
38.2501
52.6906
79.5953
133.295
262.521
631.208
403.408
388.008
562.521
233.263
118.73
71.4399
47.9197
35.3148
28.3694
24.634
22.9981
23.0328
24.7513
28.6122
35.7672
48.7262
72.895
121.285
237.994
577.63
373.24
366.874
514.814
211.608
107.942
65.2344
44.135
32.8839
26.6672
23.3131
21.8483
21.8894
23.4453
26.9214
33.331
44.8777
66.3664
109.418
213.413
522.301
342.988
347.853
466.494
190.33
97.2912
59.2102
40.482
30.5057
24.9867
22.0104
20.7167
20.7626
22.155
25.2454
30.9141
41.0695
59.8867
97.6769
189.44
467.146
319.668
332.113
418.728
169.256
86.784
53.3583
36.9934
28.2462
23.3938
20.7794
19.647
19.6951
20.9298
23.6567
28.635
37.4948
53.8661
86.8974
167.654
415.342
306.36
319.077
371.797
149.555
77.0844
47.9602
33.7676
26.1586
21.9261
19.6479
18.6643
18.7119
19.7967
22.186
26.5391
34.2526
48.4775
77.3665
148.457
367.975
297.134
307.708
327.905
131.974
68.7987
43.3447
30.9378
24.3115
20.6347
18.655
17.8006
17.8447
18.7944
20.8824
24.6833
31.4284
43.9263
69.3986
131.831
325.136
291.534
297.812
288.582
116.395
61.5951
39.4279
28.596
22.789
19.5597
17.8198
17.0678
17.1042
17.9367
19.7743
23.1269
29.0792
40.1178
62.7275
118.094
289.572
292.717
296.754
256.553
104.033
56.1181
36.377
26.7176
21.5498
18.6806
17.1365
16.4674
16.4935
17.2216
18.8441
21.8255
27.1523
37.0567
57.2609
105.963
259.925
298.11
302.85
232.713
95.3671
52.2384
34.1703
25.3192
20.5982
17.9911
16.5965
15.9925
16.0086
16.6478
18.0896
20.7652
25.5918
34.5952
52.8921
96.3491
234.366
305.298
313.757
212.596
89.2658
49.3185
32.4231
24.1754
19.8113
17.427
16.1652
15.6214
15.6308
16.1944
17.4831
19.906
24.3379
32.7007
49.7867
89.9878
213.681
313.196
324.755
198.016
85.2377
47.3048
31.1044
23.2531
19.1615
16.9663
15.8242
15.3368
15.3416
15.8379
16.9917
19.1984
23.3011
31.1602
47.3721
85.4131
198.977
326.47
336.257
184.907
80.9092
45.0011
29.666
22.3157
18.5445
16.5573
15.543
15.1163
15.1188
15.5502
16.5729
18.5733
22.3702
29.7683
45.1681
81.0817
184.803
335.565
350.051
175.264
77.9634
43.2183
28.45
21.4889
17.9953
16.2031
15.314
14.9482
14.9487
15.3149
16.2049
17.9973
21.4898
28.4481
43.2137
77.9994
175.484
349.949
361.932
165.873
74.329
40.9796
27.0057
20.5671
17.4234
15.8622
15.1151
14.817
14.8175
15.1164
15.8652
17.4309
20.5856
27.0544
41.1015
74.5955
166.278
361.345
378.097
159.989
71.3854
38.8264
25.5693
19.6612
16.8802
15.5574
14.9541
14.7225
14.7223
14.9534
15.555
16.8748
19.649
25.5447
38.7783
71.3063
160.004
378.531
391.496
153.035
67.4064
36.1767
23.9302
18.6921
16.3367
15.2773
14.8247
14.6675
14.6679
14.8264
15.2802
16.343
18.7069
23.9681
36.2766
67.6535
153.498
391.783
409.075
148.619
63.4913
33.4057
22.2528
17.7432
15.8396
15.0463
14.7397
14.6448
14.6447
14.7392
15.0446
15.8342
17.7315
22.2261
33.3416
63.3216
148.169
408.314
422.768
141.805
58.0766
30.0777
20.4307
16.8025
15.3975
14.8724
14.7018
14.642
14.6422
14.7029
14.8753
15.4027
16.8152
20.4608
30.162
58.3293
142.415
423.525
438.037
134.423
51.69
26.4542
18.6202
15.9627
15.0581
14.786
14.6959
14.6703
14.6702
14.6957
14.7854
15.0567
15.9578
18.5999
26.3992
51.5316
133.988
437.428
449.848
120.364
42.703
22.2894
16.8591
15.3161
14.8845
14.7609
14.723
14.7156
14.7158
14.7238
14.7632
14.8888
15.323
16.8794
22.342
42.8553
120.758
450.245
461.639
95.573
31.1894
17.9717
15.461
14.9188
14.8076
14.772
14.7681
14.7688
14.7688
14.7684
14.7726
14.8089
14.9182
15.4546
17.9491
31.1348
95.3141
461.551
470.998
47.5101
18.2904
15.5666
14.9922
14.8538
14.8218
14.8249
14.8267
14.8271
14.8271
14.8266
14.8248
14.8218
14.8534
14.9892
15.55
18.243
47.5581
471.013
264.855
354.92
226.264
143.214
92.6101
63.925
48.0338
39.2187
34.6323
32.713
32.8678
35.1164
40.0401
49.0091
64.9801
93.2524
142.235
223.965
350.277
264.149
264.801
354.669
224.934
142.829
91.8098
63.653
47.9324
39.1482
34.607
32.6952
32.8384
35.0762
39.9884
48.8777
64.7621
93.0008
141.925
223.829
349.464
263.964
265.231
354.398
226.343
142.006
91.6534
63.1318
47.8549
38.9607
34.5931
32.6957
32.7693
34.9655
39.9561
48.5322
64.1165
92.7563
141.546
223.729
350.284
263.937
265.965
355.161
225.122
142.602
91.6861
63.6171
47.8562
39.1508
34.6153
32.7113
32.8738
35.0945
40.008
48.9248
64.7608
92.554
140.033
222.393
349.409
263.801
265.911
355.471
226.63
141.442
91.4398
63.0664
47.5299
39.01
34.6201
32.7194
32.8706
35.0022
39.9614
48.6266
64.5668
91.8592
140.855
223.58
350.449
263.929
265.585
354.457
225.671
141.523
91.7772
63.431
47.8861
39.2351
34.6478
32.7218
32.8845
35.117
40.0169
48.9025
64.125
93.0553
141.832
222.467
349.798
263.875
265.429
355.066
226.989
141.768
90.7923
62.7105
47.8338
39.2324
34.6539
32.7261
32.8801
35.1076
39.9801
48.9524
64.2209
92.8704
140.923
223.991
350.683
263.791
265.483
355.553
227.032
142.666
91.8928
63.4455
47.761
39.1093
34.6339
32.7183
32.8661
35.0775
39.7974
48.9582
64.2612
92.2739
142.568
223.072
350.468
263.156
265.486
354.698
226.727
141.554
92.5834
63.9723
48.1143
39.3245
34.6691
32.7239
32.8583
35.0892
39.9908
49.0361
64.7765
93.1837
142.635
224.362
350.028
263.757
264.749
355.498
226.635
142.731
91.9487
63.3529
48.0389
39.3182
34.6598
32.7105
32.8318
35.0443
39.9087
48.9454
64.1819
92.9752
142.428
224.273
350.9
263.671
264.659
354.768
226.073
141.432
92.5634
63.7193
48.0788
39.32
34.6452
32.7044
32.7662
34.9263
39.6501
48.9585
64.6995
92.1003
141.249
223.882
350.895
263.558
264.585
355.654
224.395
141.846
92.4672
63.2506
48.0106
39.2878
34.5292
32.6918
32.8677
35.0967
39.8522
48.9828
64.3249
92.7333
142.6
222.74
351.002
263.689
264.737
355.821
226.054
142.243
91.798
63.3885
48.026
39.2824
34.5638
32.6704
32.8498
35.0958
40.0099
49.0248
64.8785
93.37
142.684
224.645
351.114
263.636
264.983
355.711
227.136
143.165
92.6064
63.7793
48.0179
39.2636
34.6147
32.6135
32.8203
35.0507
39.9467
48.9272
64.2678
93.0333
141.491
224.289
350.872
263.355
265.147
355.403
226.728
142.833
92.356
63.1439
47.8999
39.2185
34.6011
32.6596
32.7978
34.9685
39.7622
48.8951
64.8235
93.2045
142.691
224.04
350.383
263.128
265.205
354.582
226.162
141.402
91.4008
63.5911
47.8597
39.1576
34.4845
32.5738
32.7289
35.0265
39.9226
48.8107
64.1608
92.0839
142.514
222.861
350.664
262.821
264.917
354.62
225.011
142.4
92.3796
63.2429
47.7455
39.1202
34.5483
32.6388
32.7933
34.9475
39.7228
48.5246
64.4385
92.5296
142.537
223.314
350.638
262.715
264.36
354.465
226.384
141.333
92.1639
63.1249
47.4087
39.0048
34.5046
32.6155
32.7824
34.9559
39.79
48.7196
64.7546
92.9787
142.552
223.65
350.298
263.397
264.01
354.774
226.196
142.563
91.4777
63.1767
47.4756
39.0734
34.4223
32.5352
32.7573
34.9645
39.8499
48.9438
64.2237
92.043
142.361
224.486
351.151
262.748
263.788
353.633
224.605
141.327
92.3247
63.6076
47.5982
39.102
34.5075
32.5854
32.694
34.991
39.9699
49.0189
64.9922
93.1755
142.209
224.29
350.458
262.814
263.563
354.373
226.031
142.571
92.4616
63.1104
47.8459
39.1029
34.4134
32.5
32.705
34.8979
39.9154
48.9162
64.8275
92.8934
141.792
224.057
351.275
263.176
263.437
354.561
225.59
142.245
92.3331
63.7963
47.9031
39.0947
34.4804
32.5132
32.6495
34.8775
39.8473
48.8032
64.6412
92.5716
140.349
223.64
351.279
262.923
263.496
353.978
224.332
140.629
91.922
63.6026
47.8026
38.9027
34.446
32.5296
32.6966
34.9305
39.7789
48.4064
63.928
91.6332
141.755
222.737
351.391
263.736
263.79
354.606
224.706
141.079
91.7013
63.3853
47.691
38.9806
34.4186
32.4922
32.5989
34.7883
39.618
48.552
64.2974
91.9719
141.587
224.263
351.561
263.968
263.836
354.518
225.528
141.159
90.7074
62.6585
47.3167
38.8817
34.3659
32.4002
32.583
34.7898
39.6435
48.6686
64.6396
92.3171
140.208
223.946
351.426
263.946
263.679
353.503
224.44
142.006
90.8525
62.8049
47.5279
38.7573
34.2664
32.4403
32.6112
34.8014
39.6478
48.5025
64.5545
91.5718
141.264
223.65
350.5
263.754
263.765
354.211
225.507
142.044
90.7109
62.8947
47.5351
38.788
34.2897
32.3832
32.5502
34.8704
39.7743
48.7459
64.5988
92.4289
140.111
222.224
351.002
263.425
263.745
353.204
225.168
141.833
90.8516
63.3173
47.5363
38.8805
34.3418
32.4497
32.6142
34.8484
39.7272
48.6834
64.5012
92.287
140.259
222.859
351.659
263.615
263.621
353.812
223.962
141.665
91.4804
63.3506
47.2333
38.6937
34.206
32.4063
32.5747
34.7895
39.6319
48.547
64.3196
92.1167
140.009
223.265
351.617
263.495
262.918
353.032
224.593
141.422
90.5196
63.2044
47.5842
38.8833
34.2604
32.3903
32.5388
34.7287
39.5423
48.3954
64.1584
91.8467
139.663
221.761
351.338
263.285
263.064
353.557
223.195
141.192
91.4531
63.1346
47.5099
38.7431
34.2647
32.3141
32.4294
34.5583
39.2577
47.9332
63.9047
91.6014
139.715
222.693
350.892
262.64
262.825
353.388
224.102
140.792
91.1179
62.4744
47.4204
38.8736
34.2174
32.3157
32.4237
34.5413
39.2411
47.9368
63.7236
91.2748
140.039
221.323
350.412
262.145
262.092
352.347
223.483
140.342
90.8016
62.6213
47.2113
38.8654
34.317
32.3559
32.4229
34.496
39.1553
47.7773
63.0761
90.3444
139.712
221.885
351.201
261.685
262.007
352.764
222.99
138.957
89.7169
62.821
47.4256
38.8488
34.2968
32.339
32.3555
34.4412
39.0196
47.849
63.299
90.7139
138.44
222.148
350.355
261.322
261.84
352.427
222.329
139.428
89.8386
62.7771
47.3683
38.6831
34.2698
32.3299
32.4068
34.4673
38.9666
47.7061
63.0576
90.294
138.187
221.748
350.824
260.932
261.676
352.112
220.441
138.856
89.5055
62.6075
47.2935
38.8024
34.2728
32.2743
32.3842
34.4355
38.9071
47.5484
62.3388
89.2241
137.54
221.092
350.291
260.85
261.448
351.967
220.877
137.651
89.3607
62.4941
47.2077
38.794
34.2802
32.3408
32.3368
34.3552
38.8939
47.4737
62.4502
89.7327
137.14
219.654
350.645
260.61
261.123
351.732
221.288
137.584
89.6001
62.3297
46.8731
38.7358
34.1931
32.3392
32.3801
34.3967
38.9329
47.1681
62.478
89.4052
136.665
220.279
349.743
260.108
260.836
351.369
220.651
137.079
89.2859
62.1484
46.9915
38.7695
34.297
32.3483
32.3675
34.3583
38.8846
47.2476
62.2597
88.4775
136.485
218.966
350.438
260.055
260.178
350.83
219.934
136.446
88.2823
61.8601
47.0305
38.7604
34.3076
32.3215
32.3446
34.2345
38.6574
46.8613
62.0332
88.5929
134.749
219.237
349.75
259.641
259.561
350.216
218.23
135.844
88.15
61.3585
46.9406
38.7375
34.3057
32.3615
32.362
34.2837
38.7327
47.0238
61.8053
88.2935
134.964
217.948
350.281
259.876
258.894
349.565
217.827
135.708
88.1137
61.6138
46.8958
38.6963
34.2877
32.3555
32.3532
34.182
38.6458
46.6802
61.4622
87.2454
134.621
218.498
350.024
259.378
258.524
348.369
217.142
134.248
87.6342
61.3887
46.7749
38.62
34.2488
32.3491
32.3636
34.2091
38.5377
46.7223
61.272
87.2443
134.993
217.077
348.906
259.031
257.983
348.779
217.12
134.542
86.6748
60.7525
46.4234
38.4113
34.1354
32.306
32.3772
34.2755
38.6006
46.5814
60.6106
86.3031
134.396
217.078
349.138
258.434
257.912
348.405
216.352
133.884
86.4851
60.783
46.4807
38.4435
34.1737
32.3714
32.3949
34.2711
38.4498
46.4268
60.5771
86.1224
132.879
216.188
348.643
257.959
257.536
347.233
214.461
132.287
85.5414
60.1948
46.3633
38.3967
34.1718
32.379
32.3976
34.2577
38.4411
46.3848
60.5546
86.1719
132.573
214.265
347.154
257.402
257.156
347.452
214.01
131.836
85.4421
60.3051
46.2896
38.4042
34.214
32.3917
32.4003
34.2307
38.3636
46.2247
60.2734
85.6533
131.144
213.909
347.098
256.626
256.894
346.88
212.927
130.771
84.7518
59.7637
46.1522
38.4373
34.1391
32.3531
32.3522
34.139
38.2402
45.8522
59.5963
84.62
130.889
212.347
346.35
256.187
256.416
346.244
211.689
129.563
84.3449
59.6322
46.0286
38.4169
34.2043
32.4179
32.408
34.1434
38.1787
45.7642
59.4601
84.1766
130.061
211.723
344.607
255.61
255.952
344.758
210.373
128.682
83.5326
59.3184
45.8854
38.3696
34.2422
32.4632
32.42
34.1542
38.1247
45.4841
58.921
83.4565
128.639
210.912
344.495
255.036
255.659
344.42
209.234
127.615
82.8792
58.7927
45.6109
38.3109
34.2809
32.4609
32.406
34.0845
38.0214
45.3926
58.8315
82.8403
127.699
209.053
344.055
254.497
255.172
343.543
207.901
126.669
82.323
58.5373
45.4887
38.2477
34.252
32.415
32.3711
34.1233
38.0289
45.2397
58.3321
82.236
126.898
208.138
344.251
254.058
254.815
342.834
206.908
125.767
81.7307
58.2073
45.3429
38.1892
34.232
32.4581
32.4151
34.0563
37.9079
45.0677
58.0303
81.5927
125.644
206.809
343.656
253.998
254.088
341.803
205.804
124.817
81.1615
57.8957
45.1943
38.0484
34.1846
32.4432
32.3985
34.038
37.8429
44.8704
57.5461
80.9196
124.76
205.89
342.346
253.786
253.26
341.135
204.769
123.968
80.6204
57.5736
45.027
37.9556
34.142
32.4114
32.3324
33.9783
37.7373
44.6846
57.1897
80.1786
123.398
204.565
341.954
253.888
252.857
340.531
203.594
122.946
79.9671
57.2472
44.8384
37.8544
34.0591
32.3856
32.3346
33.939
37.6254
44.4826
56.8105
79.4522
122.436
203.103
340.905
253.374
251.972
339.915
201.97
121.776
79.1797
56.8306
44.6236
37.7554
34.0009
32.3165
32.2965
33.8892
37.5423
44.2847
56.4221
78.8223
121.218
201.492
339.495
252.943
251.55
338.398
200.772
120.702
78.5909
56.47
44.4102
37.6494
33.9379
32.2662
32.2024
33.8096
37.4525
44.1154
56.0548
78.1022
120.159
200.182
338.582
252.244
250.771
337.458
199.003
119.545
77.8502
56.0359
44.1891
37.5288
33.8617
32.214
32.1553
33.7082
37.3055
43.8702
55.636
77.3706
118.98
198.615
337.247
251.594
250.161
336.119
197.32
118.298
77.0982
55.5603
43.9281
37.3857
33.7734
32.132
32.0927
33.6223
37.1315
43.6056
55.2233
76.7414
117.918
197.201
336.057
250.956
249.662
334.983
195.947
117.11
76.3861
55.1936
43.7013
37.2396
33.674
32.0542
32.0096
33.515
36.9585
43.3188
54.782
75.9642
116.703
195.651
334.796
250.251
249.258
333.937
194.24
115.785
75.5832
54.7144
43.4153
37.067
33.5541
31.9443
31.892
33.3885
36.7957
43.0695
54.339
75.2379
115.49
194.027
333.617
249.574
248.518
332.506
192.632
114.547
74.7752
54.2378
43.136
36.8913
33.4338
31.8541
31.7928
33.2515
36.5891
42.7558
53.8583
74.4324
114.199
192.277
332.24
248.66
247.953
331.582
190.826
113.09
73.9007
53.7204
42.8138
36.6795
33.2887
31.7386
31.6848
33.1305
36.4262
42.4873
53.3787
73.6005
112.85
190.481
330.904
247.895
247.032
330.052
188.932
111.625
72.9781
53.1921
42.4829
36.4649
33.1333
31.6052
31.5481
32.9672
36.2062
42.1733
52.8787
72.7326
111.406
188.519
329.385
246.936
245.969
328.589
186.927
109.983
71.9827
52.6087
42.1247
36.2148
32.9431
31.4452
31.3947
32.7995
35.9863
41.8332
52.3179
71.7575
109.855
186.501
327.777
246.05
244.606
327.196
184.727
108.275
70.8708
51.9563
41.7174
35.9384
32.7354
31.2675
31.223
32.6092
35.7483
41.4988
51.7754
70.8054
108.216
184.362
326.409
245.259
243.069
325.71
182.301
106.376
69.7226
51.2566
41.2789
35.6304
32.497
31.0644
31.029
32.3985
35.4875
41.1151
51.1455
69.7361
106.415
181.962
324.667
243.859
241.034
323.776
179.489
104.272
68.4707
50.5175
40.8096
35.3049
32.2418
30.8401
30.8091
32.1577
35.1873
40.6969
50.4946
68.616
104.514
179.318
322.709
242.313
238.484
321.373
176.37
102.011
67.1161
49.7208
40.3021
34.9367
31.944
30.5769
30.5529
31.8811
34.8513
40.23
49.758
67.3684
102.445
176.4
320.586
240.435
235.647
318.471
172.874
99.591
65.6925
48.8653
39.745
34.5439
31.6261
30.2874
30.2653
31.5682
34.4746
39.7188
48.9717
66.0362
100.126
173.056
317.833
237.908
231.852
314.727
168.841
96.9793
64.165
47.9557
39.1577
34.0997
31.2479
29.9401
29.9218
31.1994
34.0418
39.1505
48.1129
64.5823
97.5971
169.241
314.456
234.581
227.609
310.199
164.323
94.1592
62.5947
47.0145
38.5113
33.6017
30.823
29.5462
29.5307
30.7794
33.5463
38.4955
47.1372
62.9522
94.7417
164.773
310.02
230.193
222.633
304.648
159.295
91.1386
60.8871
45.9879
37.7909
33.0323
30.3378
29.0968
29.0828
30.3014
32.998
37.7983
46.1165
61.2593
91.7269
159.921
304.715
225.393
217.156
297.904
153.75
87.9264
59.0948
44.8571
36.9839
32.3847
29.7706
28.5731
28.5663
29.7523
32.3638
36.9913
44.9642
59.3751
88.3686
154.264
297.841
219.192
211.038
289.788
147.69
84.5205
57.2109
43.6533
36.1007
31.67
29.1416
27.9759
27.9672
29.1186
31.649
36.0996
43.6966
57.3663
84.8525
148.035
289.639
212.552
204.13
280.238
141.111
80.9093
55.1326
42.3166
35.1292
30.8704
28.428
27.3048
27.3016
28.4196
30.8662
35.1469
42.3858
55.2688
81.0632
141.102
279.61
204.424
197.246
269.532
134.305
77.2581
53.0304
40.9144
34.0642
29.9877
27.6415
26.5554
26.5519
27.6351
29.998
34.1024
40.9894
53.1376
77.2671
134.014
268.478
196.764
190.288
257.605
127.273
73.562
50.8713
39.459
32.9455
29.0324
26.7716
25.7303
25.7335
26.7829
29.0599
33.0001
39.555
50.976
73.5123
126.758
256.022
188.973
184.295
244.976
120.379
70.0749
48.8173
37.9949
31.7649
28.0102
25.8377
24.8351
24.8397
25.8559
28.0567
31.8516
38.1148
48.9118
69.9748
119.715
243.035
182.39
178.909
231.75
113.564
66.6379
46.7496
36.5063
30.551
26.9428
24.8519
23.8928
23.9043
24.8886
27.0119
30.6658
36.6655
46.9019
66.6099
112.953
229.861
177.491
175.658
218.646
107.156
63.4994
44.7902
35.0308
29.3218
25.8547
23.8455
22.9252
22.9395
23.8897
25.9319
29.4448
35.2021
44.96
63.5027
106.606
216.78
175.396
174.914
205.803
101.107
60.5334
42.9204
33.6023
28.1169
24.7831
22.8539
21.972
21.9873
22.9017
24.866
28.2468
33.7854
43.1243
60.6418
100.809
204.485
175.181
174.738
193.878
95.6779
57.8227
41.1557
32.2363
26.9623
23.7581
21.9061
21.0591
21.0709
21.9461
23.8306
27.0764
32.3967
41.3526
57.9843
95.5144
192.991
175.185
175.717
183.11
90.8339
55.4228
39.5583
30.9804
25.8957
22.8069
21.0238
20.2094
20.2209
21.0606
22.8728
26.0004
31.1339
39.7534
55.6046
90.8673
183.055
176.67
180.343
173.549
86.3751
53.2862
38.1481
29.8624
24.9374
21.9505
20.2279
19.4402
19.4483
20.254
21.9992
25.0188
29.9839
38.3147
53.4924
86.594
174.187
182.614
185.567
165.217
82.5638
51.5124
36.9316
28.8777
24.0868
21.187
19.5188
18.7557
18.7611
19.5371
21.2227
24.1464
28.9715
37.0677
51.6917
82.7775
165.67
187.334
193.198
158.041
79.6433
50.1169
35.9091
28.0154
23.3302
20.5061
18.8873
18.1479
18.151
18.8976
20.526
23.3632
28.0662
35.9779
50.1982
79.7215
158.099
194.049
202.129
151.367
77.4285
48.9294
34.969
27.2081
22.6263
19.8812
18.3155
17.602
17.6033
18.3196
19.89
22.6416
27.2365
35.0174
49.0059
77.5496
151.51
202.784
213.726
146.436
75.8551
47.8906
34.0607
26.4135
21.9422
19.2883
17.7849
17.1019
17.1021
17.7853
19.2899
21.9447
26.4192
34.0699
47.8994
75.8434
146.302
213.91
228.294
142.624
74.5326
46.8282
33.0929
25.5801
21.2455
18.7043
17.2788
16.6353
16.635
17.2774
18.7026
21.2435
25.5795
33.0962
46.8413
74.5773
142.672
228.229
245.212
140.288
73.4355
45.6495
31.9957
24.6632
20.5099
18.1139
16.7872
16.1933
16.193
16.786
18.1121
20.5074
24.66
31.9917
45.6398
73.4011
140.093
245.011
266.113
139.005
72.2219
44.1795
30.6904
23.6284
19.7205
17.5118
16.3091
15.777
15.7767
16.3082
17.5102
19.7185
23.6261
30.6905
44.1869
72.2476
139.089
266.004
289.007
138.611
70.6091
42.2948
29.1264
22.458
18.8758
16.9044
15.8552
15.3983
15.3981
15.8548
16.9036
18.8754
22.4588
29.1308
42.3065
70.6276
138.62
289.013
315.366
138.564
68.283
39.8621
27.2641
21.1507
17.9886
16.3093
15.4442
15.0751
15.0749
15.4438
16.3085
17.9876
21.1504
27.2678
39.8773
68.3217
138.612
315.322
343.271
138.077
64.809
36.7575
25.0911
19.7285
17.0897
15.756
15.1034
14.8359
14.8358
15.1031
15.7555
17.0887
19.7277
25.0922
36.7657
64.841
138.166
343.352
372.917
135.67
59.4927
32.7875
22.5995
18.2347
16.2264
15.2791
14.8598
14.7112
14.7111
14.8598
15.2791
16.2259
18.2354
22.6034
32.8012
59.5364
135.768
373.029
402.456
127.984
51.2335
27.8351
19.8669
16.765
15.4766
14.9589
14.7556
14.6776
14.6776
14.7555
14.9586
15.4761
16.7652
19.8655
27.8329
51.2298
127.98
402.408
432.51
107.326
38.6186
21.9336
17.0604
15.4911
14.9831
14.8097
14.7303
14.7008
14.7009
14.731
14.8113
14.9856
15.493
17.0622
21.9375
38.6471
107.442
432.798
466.491
57.415
21.6852
16.289
15.2361
14.949
14.8451
14.8045
14.7968
14.7964
14.7964
14.7968
14.8049
14.8457
14.9502
15.2385
16.2923
21.6807
57.3949
466.414
)
;

boundaryField
{
    fixedWalls_1
    {
        Cmu             0.09;
        kappa           0.41;
        E               9.8;
        type            epsilonWallFunction;
        value           nonuniform List<scalar> 
200
(
262.82
262.523
262.88
263.295
263.79
262.75
262.444
261.921
261.901
262.028
261.923
261.172
261.337
261.399
261.834
261.58
262.752
262.546
264.298
264.056
263.693
262.697
262.822
262.861
263.279
264.071
264.093
263.42
263.77
263.564
262.984
263.04
263.004
262.75
261.988
262.014
261.682
261.4
261.243
260.709
260.199
259.113
258.424
258.161
257.85
257.644
257.194
256.724
255.756
254.946
254.322
253.74
253.177
252.868
252.285
251.873
251.087
250.578
250.015
249.359
248.812
248.089
247.224
246.439
245.238
244.113
242.898
241.301
239.372
237.207
234.512
231.527
227.797
223.396
218.317
212.499
206.226
199.307
192.818
186.743
181.583
178.041
177.303
177.018
177.782
182.29
187.295
193.697
202.69
213.957
228.009
245.374
265.69
289.108
315.287
343.204
373.078
402.274
432.689
466.438
263.285
262.788
262.969
262.81
262.32
261.572
261.175
261.094
261.559
261.237
262.183
262.273
263.013
263.398
263.191
262.702
263.358
263.546
263.643
263.924
263.469
263.594
263.126
263.48
263.052
263.379
263.31
263.59
262.966
262.933
262.657
262.371
261.989
261.194
260.865
260.131
259.489
259.052
259.142
259.064
258.886
258.184
258.115
257.568
257.082
256.789
256.195
255.962
255.394
255.062
254.971
254.528
254.103
253.743
253.09
252.434
252.122
251.336
250.648
249.936
249.377
248.339
247.605
246.358
245.246
243.64
242.59
240.901
239.38
237.154
235.171
232.183
228.517
224.014
218.607
212.257
205.56
198.035
191.441
185.207
180.614
178.499
177.72
177.674
178.397
182.68
187.129
193.975
202.673
213.775
228.177
245.02
266.054
288.899
315.276
343.328
372.818
402.507
432.551
466.484
)
;
    }
    frontAndBack_1
    {
        type            empty;
    }
    inlet_1
    {
        type            fixedValue;
        value           uniform 14.855;
    }
    outlet_1
    {
        type            zeroGradient;
    }
    fixedWalls_2
    {
        Cmu             0.09;
        kappa           0.41;
        E               9.8;
        type            epsilonWallFunction;
        value           nonuniform List<scalar> 
200
(
733.756
731.175
730.024
722.178
727.66
726.251
720.607
725.443
731.36
731.333
731.278
728.396
723.14
727.082
723.869
721.589
715.642
714.019
711.66
713.244
708.466
711.023
714.849
709.86
717.853
716.05
715.05
707.707
708.067
705.247
705.591
702.585
699.335
694.645
696.572
695.059
689.83
689.544
686.184
687.098
684.524
684.865
684.902
682.81
676.362
672.776
669.377
666.098
663.262
660.546
658.838
657.188
656.468
654.235
652.581
649.743
646.491
644.106
639.643
635.484
629.227
623.577
618.805
612.936
609.397
603.329
599.611
593.372
588.275
577.991
563.305
545.262
523.988
501.339
477.91
451.816
428.854
403.767
380.946
354.738
331.128
308.206
292.299
286.837
288.056
294.581
305.758
314.72
324.437
336.073
349.168
362.174
377.39
392.838
407.664
423.89
437.294
450.331
461.476
471.036
716.179
713.633
712.797
709.938
715.535
715.598
714.483
714.147
713.632
713.277
712.808
717.176
715.347
713.168
706.751
710.15
713.092
709.721
717.629
716.574
715.499
708.857
712.327
715.261
714.21
709.112
715.812
715.224
715.008
715.514
715.293
714.776
712.736
711.516
704.636
705.854
703.842
702.384
701.29
699.485
692.782
691.308
688.263
684.446
680.453
676.944
673.318
669.999
666.182
662.053
658.628
654.71
651.422
646.607
640.419
634.135
627.223
621.072
613.431
607.495
601.561
595.746
591.837
586.635
582.581
577.976
572.994
565.59
556.26
547.22
533.044
517.268
497.804
476.021
455.785
435.201
414.191
393.866
370.825
347.891
324.41
305.009
293.288
291.539
292.184
297.003
305.983
315.143
324.638
337.414
349.618
361.575
378.212
391.299
408.361
423.348
437.068
450.39
461.148
471.223
)
;
    }
    frontAndBack_2
    {
        type            empty;
    }
    inlet_2
    {
        type            fixedValue;
        value           uniform 14.855;
    }
    outlet_2
    {
        type            zeroGradient;
    }
    fixedWalls_3
    {
        Cmu             0.09;
        kappa           0.41;
        E               9.8;
        type            epsilonWallFunction;
        value           nonuniform List<scalar> 
200
(
1283.42
1280.65
1279.04
1269.43
1279.5
1276.88
1274.04
1266.5
1269.5
1274.84
1273.22
1264.48
1274.55
1272.81
1269.05
1266.97
1257.87
1262.43
1254.96
1261.53
1250.66
1255.87
1252.48
1246.41
1242.24
1248.87
1243.44
1250.68
1247.4
1245.86
1243.64
1235.34
1243.13
1240.1
1237.87
1231.54
1232.01
1229.48
1221.26
1219.35
1216.32
1213.72
1209.8
1205.57
1199.34
1192.57
1186.48
1182.97
1179.48
1172.88
1168.81
1161.78
1155.82
1148.33
1140.27
1131.98
1122.13
1115.37
1111.49
1106.46
1098.75
1089.2
1075.25
1059.38
1041.38
1021.44
1000.28
979.011
956.032
934.876
910.951
886.73
856.674
830.518
804.085
773.81
743.406
701.226
665.811
621.968
577.336
536.347
490.024
446.269
407.524
397.328
392.065
378.364
378.952
391.786
402.056
411.069
420.532
431.957
439.625
450.849
456.585
464.38
468.392
473.539
1223.95
1212.39
1217.88
1222.3
1215.33
1225.18
1214.8
1227.69
1239.42
1240.82
1239.1
1238.49
1235.49
1233.37
1224.15
1231.31
1238.03
1236.23
1226.38
1230.99
1230.32
1229.11
1228.61
1234.25
1232.94
1231.61
1223.06
1223.13
1220.45
1216.17
1213.89
1209.37
1206.49
1205.41
1207.22
1201.39
1202.32
1199.94
1196
1188.61
1182.21
1179.15
1175.24
1172.42
1168.74
1163.64
1160.64
1155.41
1152.41
1148.47
1146.44
1143.73
1142.06
1137.44
1134.82
1130.3
1126.01
1120.96
1115.04
1110.82
1103.88
1096.41
1089.75
1081.05
1075.78
1061.82
1048.07
1031.16
1008.16
982.79
964.093
934.429
904.066
873.343
839.498
805.72
762.751
692.908
637.146
573.608
524.693
475.296
430.018
396.162
375.212
371.236
369.81
374.668
382.235
389.879
402.155
410.843
420.274
431.904
439.243
450.452
456.733
463.926
468.685
473.439
)
;
    }
    frontAndBack_3
    {
        type            empty;
    }
    inlet_3
    {
        type            fixedValue;
        value           uniform 14.855;
    }
    outlet_3
    {
        type            zeroGradient;
    }
    fixedWalls_4
    {
        Cmu             0.09;
        kappa           0.41;
        E               9.8;
        type            epsilonWallFunction;
        value           nonuniform List<scalar> 
200
(
720.043
717.64
713.834
722.02
714.611
721.881
721.545
719.767
715.832
722.546
715.769
722.435
728.584
728.476
726.5
720.538
722.477
720.479
720.136
720.355
722.191
716.876
722.238
716.331
720.637
716.24
723.096
721.268
719.94
717.452
716.186
713.278
708.914
708.717
708.068
704.271
707.869
705.754
700.22
698.168
694.854
692.25
688.232
684.828
680.972
676.768
673.995
670.659
666.836
664.328
661.525
658.932
655.351
651.34
646.496
643.288
637.632
632.427
627.331
621.488
616.428
611.595
607.468
601.829
596.154
589.032
582.257
574.067
564.845
552.885
536.433
522.048
507.23
491.538
474.546
452.789
433.838
409.969
388.008
366.874
347.853
332.113
319.077
307.708
297.812
296.754
302.85
313.757
324.755
336.257
350.051
361.932
378.097
391.496
409.075
422.768
438.037
449.848
461.639
470.998
714.992
710.919
721.553
723.234
718.696
727.004
726.635
726.766
728.258
729.219
729.205
727.63
725.699
720.067
721.443
720.587
715.777
715.864
711.15
711.558
710.346
708.204
705.154
699.209
699.032
694.273
693.078
692.713
694.066
685.544
686.77
686.26
688.382
682.288
691.169
696.177
693.972
693.162
686.884
687.247
686.394
686.873
684.305
679.284
675.354
673.955
670.69
666.78
663.576
660.641
656.237
652.801
649.25
644.219
637.122
629.796
623.892
616.649
609.544
603.125
599.245
596.268
592.046
588.795
583.791
579.917
573.493
568.472
560.36
552.319
541.679
531.606
519.015
503.402
483.866
461.201
434.598
403.408
373.24
342.988
319.668
306.36
297.134
291.534
292.717
298.11
305.298
313.196
326.47
335.565
349.949
361.345
378.531
391.783
408.314
423.525
437.428
450.245
461.551
471.013
)
;
    }
    frontAndBack_4
    {
        type            empty;
    }
    inlet_4
    {
        type            fixedValue;
        value           uniform 14.855;
    }
    outlet_4
    {
        type            zeroGradient;
    }
    fixedWalls_5
    {
        Cmu             0.09;
        kappa           0.41;
        E               9.8;
        type            epsilonWallFunction;
        value           nonuniform List<scalar> 
200
(
264.855
264.801
265.231
265.965
265.911
265.585
265.429
265.483
265.486
264.749
264.659
264.585
264.737
264.983
265.147
265.205
264.917
264.36
264.01
263.788
263.563
263.437
263.496
263.79
263.836
263.679
263.765
263.745
263.621
262.918
263.064
262.825
262.092
262.007
261.84
261.676
261.448
261.123
260.836
260.178
259.561
258.894
258.524
257.983
257.912
257.536
257.156
256.894
256.416
255.952
255.659
255.172
254.815
254.088
253.26
252.857
251.972
251.55
250.771
250.161
249.662
249.258
248.518
247.953
247.032
245.969
244.606
243.069
241.034
238.484
235.647
231.852
227.609
222.633
217.156
211.038
204.13
197.246
190.288
184.295
178.909
175.658
174.914
174.738
175.717
180.343
185.567
193.198
202.129
213.726
228.294
245.212
266.113
289.007
315.366
343.271
372.917
402.456
432.51
466.491
264.149
263.964
263.937
263.801
263.929
263.875
263.791
263.156
263.757
263.671
263.558
263.689
263.636
263.355
263.128
262.821
262.715
263.397
262.748
262.814
263.176
262.923
263.736
263.968
263.946
263.754
263.425
263.615
263.495
263.285
262.64
262.145
261.685
261.322
260.932
260.85
260.61
260.108
260.055
259.641
259.876
259.378
259.031
258.434
257.959
257.402
256.626
256.187
255.61
255.036
254.497
254.058
253.998
253.786
253.888
253.374
252.943
252.244
251.594
250.956
250.251
249.574
248.66
247.895
246.936
246.05
245.259
243.859
242.313
240.435
237.908
234.581
230.193
225.393
219.192
212.552
204.424
196.764
188.973
182.39
177.491
175.396
175.181
175.185
176.67
182.614
187.334
194.049
202.784
213.91
228.229
245.011
266.004
289.013
315.322
343.352
373.029
402.408
432.798
466.414
)
;
    }
    frontAndBack_5
    {
        type            empty;
    }
    inlet_5
    {
        type            fixedValue;
        value           uniform 14.855;
    }
    outlet_5
    {
        type            zeroGradient;
    }
}


// ************************************************************************* //
