/*--------------------------------*- C++ -*----------------------------------*\
  =========                 |
  \\      /  F ield         | OpenFOAM: The Open Source CFD Toolbox
   \\    /   O peration     | Website:  https://openfoam.org
    \\  /    A nd           | Version:  6
     \\/     M anipulation  |
\*---------------------------------------------------------------------------*/
FoamFile
{
    version     2.0;
    format      ascii;
    class       volScalarField;
    location    "21";
    object      k;
}
// * * * * * * * * * * * * * * * * * * * * * * * * * * * * * * * * * * * * * //

dimensions      [0 2 -2 0 0 0 0];

internalField   nonuniform List<scalar> 
10000
(
0.206198
0.523883
0.474798
0.415009
0.369082
0.339997
0.32409
0.316846
0.314243
0.313895
0.314798
0.317429
0.32249
0.332101
0.349003
0.377466
0.42149
0.47798
0.523315
0.206239
0.205936
0.523694
0.474752
0.414446
0.369246
0.340318
0.324385
0.3173
0.31482
0.314461
0.31508
0.317688
0.322665
0.3324
0.349522
0.377388
0.421207
0.477798
0.522923
0.205975
0.205684
0.523414
0.474477
0.415091
0.369429
0.340841
0.324489
0.317852
0.315964
0.31571
0.314979
0.317772
0.322721
0.333096
0.348949
0.377058
0.420674
0.477316
0.522924
0.205914
0.206167
0.5245
0.475855
0.415636
0.369316
0.340357
0.324568
0.316772
0.313611
0.313563
0.314728
0.317191
0.322439
0.332076
0.348784
0.376531
0.418869
0.475484
0.522547
0.205352
0.206016
0.524138
0.474333
0.414148
0.368846
0.340534
0.325865
0.318117
0.313994
0.314004
0.315113
0.317332
0.322647
0.332357
0.349353
0.376511
0.418843
0.475774
0.522375
0.20518
0.20544
0.523366
0.474801
0.414605
0.369227
0.340461
0.325283
0.317135
0.314004
0.313886
0.316489
0.317643
0.322801
0.333412
0.349085
0.376247
0.419163
0.475707
0.521822
0.204853
0.205331
0.523296
0.475549
0.415096
0.369223
0.340525
0.324923
0.317309
0.314315
0.313717
0.315044
0.317686
0.322906
0.333095
0.349496
0.376252
0.419557
0.475624
0.521344
0.205244
0.205394
0.523049
0.475356
0.414183
0.368603
0.340682
0.3253
0.318132
0.315062
0.314182
0.316451
0.319135
0.323935
0.333003
0.349098
0.376092
0.419411
0.47526
0.521572
0.205449
0.2054
0.523475
0.47542
0.415944
0.369147
0.341206
0.326643
0.319325
0.316965
0.314102
0.314636
0.317205
0.322304
0.332197
0.348685
0.37603
0.419011
0.47468
0.521272
0.205682
0.20531
0.522925
0.475027
0.415731
0.369506
0.341516
0.326455
0.318429
0.316059
0.314113
0.314562
0.317083
0.322283
0.331518
0.348342
0.376271
0.419155
0.476805
0.522343
0.20589
0.205071
0.523333
0.473873
0.415517
0.369259
0.341819
0.326764
0.318654
0.315322
0.314388
0.315071
0.31751
0.32267
0.331681
0.348524
0.376635
0.419518
0.476962
0.52252
0.20599
0.205432
0.524389
0.473957
0.41468
0.36934
0.342085
0.326825
0.320393
0.317461
0.316798
0.317287
0.318213
0.323786
0.33246
0.34848
0.376718
0.419898
0.477317
0.523146
0.205619
0.205162
0.524541
0.475021
0.416066
0.369997
0.342226
0.326736
0.31998
0.31698
0.316567
0.317206
0.318966
0.322428
0.331594
0.348244
0.376772
0.420345
0.477346
0.523615
0.206299
0.205626
0.524564
0.476531
0.416091
0.37075
0.342644
0.326935
0.319347
0.316201
0.316406
0.317184
0.317966
0.322375
0.332082
0.348589
0.376581
0.420923
0.477466
0.522801
0.206328
0.206405
0.524488
0.476907
0.41702
0.371754
0.34368
0.328186
0.319757
0.316246
0.315479
0.317089
0.317882
0.322412
0.332182
0.348423
0.376868
0.420037
0.477181
0.522946
0.205967
0.206559
0.523629
0.476729
0.416255
0.371424
0.343978
0.327978
0.320415
0.31688
0.315637
0.317272
0.318047
0.322462
0.331493
0.348391
0.376433
0.420271
0.477268
0.52309
0.206273
0.206918
0.52476
0.477273
0.417508
0.37273
0.344587
0.328275
0.32214
0.318781
0.316057
0.316935
0.317931
0.322399
0.331494
0.348104
0.376529
0.420307
0.477255
0.522999
0.206183
0.20701
0.525284
0.477117
0.4168
0.372796
0.344554
0.328119
0.320884
0.317338
0.316474
0.315838
0.317952
0.322565
0.331741
0.348292
0.376355
0.420508
0.477449
0.523138
0.206329
0.20713
0.526177
0.477246
0.417966
0.372842
0.344354
0.328034
0.319809
0.315759
0.314614
0.315573
0.318049
0.32281
0.331902
0.348514
0.376753
0.420207
0.476674
0.523016
0.206472
0.206558
0.526088
0.478448
0.419142
0.373327
0.345063
0.328467
0.321443
0.316357
0.315132
0.317206
0.319806
0.323354
0.332254
0.349143
0.377098
0.421123
0.477761
0.523572
0.206713
0.206412
0.525031
0.478056
0.418751
0.372998
0.344701
0.32832
0.321347
0.317074
0.315442
0.316184
0.318776
0.323333
0.332482
0.349061
0.377252
0.42073
0.476567
0.522842
0.206557
0.206433
0.525233
0.478202
0.417859
0.372726
0.344454
0.328313
0.321424
0.318376
0.316163
0.316818
0.320323
0.323836
0.333097
0.349582
0.377491
0.421172
0.477501
0.523213
0.206562
0.205985
0.525204
0.478232
0.419095
0.373153
0.344161
0.328162
0.320698
0.318598
0.317907
0.318406
0.31935
0.323838
0.333342
0.349428
0.377379
0.420914
0.477513
0.523536
0.206527
0.206143
0.525213
0.478147
0.419006
0.373243
0.344364
0.328387
0.320772
0.318634
0.317649
0.318164
0.320417
0.324176
0.332724
0.349093
0.377133
0.419901
0.476233
0.523369
0.206484
0.206581
0.524966
0.477682
0.418758
0.373157
0.344811
0.328613
0.321754
0.318609
0.317204
0.31739
0.319479
0.3249
0.332744
0.34918
0.376883
0.420448
0.476904
0.522964
0.206384
0.207011
0.524998
0.477232
0.417666
0.372916
0.344121
0.328981
0.320861
0.317862
0.318756
0.318555
0.320005
0.323364
0.332601
0.349338
0.376532
0.419419
0.476678
0.5233
0.206315
0.206843
0.52497
0.47603
0.418103
0.372867
0.343972
0.327943
0.321438
0.318258
0.317707
0.316421
0.319287
0.323136
0.333081
0.349032
0.376024
0.418823
0.475407
0.523165
0.206192
0.206643
0.524476
0.475808
0.417831
0.372701
0.344258
0.327579
0.319613
0.316029
0.316474
0.315924
0.318345
0.323042
0.331823
0.348323
0.375474
0.418238
0.475083
0.522812
0.205999
0.206525
0.524208
0.475356
0.417274
0.372232
0.343563
0.32763
0.320457
0.315804
0.314999
0.31606
0.316799
0.321047
0.330544
0.347509
0.374676
0.417064
0.474136
0.522385
0.205744
0.20608
0.524063
0.475042
0.416757
0.371891
0.343367
0.327634
0.319522
0.315657
0.314076
0.314399
0.317462
0.320963
0.330481
0.346597
0.373838
0.41606
0.473524
0.522031
0.205383
0.206105
0.523825
0.474672
0.415771
0.371671
0.343386
0.327856
0.320875
0.317061
0.314636
0.31445
0.316135
0.320474
0.32922
0.345567
0.37317
0.415518
0.472923
0.521478
0.205087
0.205896
0.523184
0.47452
0.41604
0.371573
0.343456
0.328011
0.320048
0.317459
0.315098
0.315977
0.316508
0.320666
0.329258
0.345571
0.372643
0.414694
0.472022
0.52118
0.204839
0.205442
0.522612
0.473814
0.415546
0.371283
0.343413
0.328825
0.320069
0.31773
0.316338
0.315171
0.316563
0.320727
0.329352
0.34481
0.371892
0.413881
0.47136
0.520285
0.204378
0.205208
0.521971
0.472302
0.414098
0.370795
0.343475
0.327567
0.319978
0.317726
0.316054
0.316388
0.317951
0.321166
0.329745
0.345322
0.371549
0.413212
0.470728
0.519946
0.203956
0.204923
0.521499
0.471727
0.413269
0.370291
0.342671
0.327435
0.319897
0.31737
0.314849
0.314854
0.316671
0.321752
0.330666
0.344568
0.37076
0.412847
0.469581
0.519369
0.203662
0.204823
0.521297
0.470523
0.412476
0.36995
0.342775
0.327802
0.320182
0.316699
0.314596
0.314607
0.316372
0.320354
0.328889
0.344141
0.370451
0.412107
0.468694
0.51883
0.203132
0.204347
0.520496
0.469891
0.411896
0.369561
0.343333
0.328963
0.321492
0.318518
0.31481
0.314831
0.316777
0.321068
0.327677
0.342948
0.369895
0.411416
0.467882
0.518397
0.202934
0.204196
0.520235
0.469155
0.411355
0.36907
0.342341
0.327126
0.319128
0.316572
0.314219
0.314761
0.317665
0.319783
0.327366
0.342836
0.369419
0.410301
0.467066
0.518191
0.202932
0.203854
0.519611
0.468293
0.410646
0.368545
0.341593
0.326034
0.318364
0.315136
0.314158
0.31477
0.315972
0.319378
0.327161
0.343159
0.368952
0.409662
0.466592
0.518374
0.202861
0.203352
0.518882
0.467106
0.409778
0.368163
0.342261
0.326287
0.31865
0.315362
0.314434
0.316265
0.316428
0.319452
0.326915
0.341859
0.368275
0.408829
0.465864
0.518193
0.20242
0.202883
0.518353
0.466162
0.408996
0.367614
0.341623
0.326384
0.318857
0.315486
0.314382
0.314824
0.317523
0.319849
0.327051
0.341809
0.367774
0.408181
0.465017
0.517216
0.202118
0.202148
0.517288
0.465236
0.407997
0.367035
0.341238
0.327652
0.320444
0.316154
0.314857
0.314864
0.316279
0.320618
0.327295
0.342199
0.367253
0.407313
0.4642
0.516448
0.201763
0.201917
0.516816
0.464851
0.407133
0.366399
0.340324
0.327178
0.31975
0.316403
0.315186
0.315035
0.316156
0.319575
0.32775
0.341174
0.366622
0.406436
0.463493
0.515998
0.201497
0.201654
0.516371
0.46386
0.406472
0.365992
0.340273
0.327058
0.320461
0.318459
0.316179
0.315729
0.316671
0.31974
0.32679
0.341396
0.366067
0.405481
0.462523
0.515328
0.20109
0.201446
0.516052
0.462753
0.405517
0.365358
0.340287
0.328491
0.322305
0.319116
0.316964
0.316377
0.317196
0.320044
0.32668
0.340273
0.365163
0.404408
0.461393
0.514761
0.200743
0.201158
0.515378
0.461824
0.404555
0.364873
0.340262
0.327816
0.322717
0.320306
0.318369
0.318916
0.319697
0.322086
0.327151
0.340602
0.364514
0.403562
0.460221
0.514304
0.200443
0.20074
0.514829
0.460283
0.403363
0.364127
0.340458
0.329176
0.323666
0.321858
0.320414
0.319514
0.319745
0.321929
0.327159
0.339483
0.363618
0.402606
0.4593
0.513581
0.200042
0.200245
0.51407
0.459198
0.402544
0.363747
0.341288
0.329164
0.323999
0.32275
0.321217
0.320197
0.319907
0.322036
0.328473
0.340219
0.363192
0.401844
0.458334
0.512977
0.199776
0.199501
0.512752
0.457717
0.401395
0.362964
0.341434
0.329913
0.325644
0.323824
0.322209
0.320948
0.320815
0.322613
0.328439
0.33932
0.362288
0.400954
0.457424
0.512415
0.199401
0.198957
0.511791
0.456384
0.400454
0.362498
0.342016
0.331644
0.326622
0.324797
0.323861
0.323189
0.323377
0.324771
0.329128
0.339786
0.361396
0.399981
0.456265
0.511828
0.199273
0.198545
0.511064
0.455089
0.399453
0.362682
0.34222
0.332146
0.327681
0.32586
0.324918
0.324259
0.324294
0.325101
0.329182
0.339117
0.360274
0.398965
0.455319
0.511389
0.199027
0.198104
0.510192
0.453827
0.398473
0.362137
0.343695
0.334041
0.329091
0.326735
0.32639
0.326164
0.326229
0.327273
0.330155
0.340235
0.360035
0.397933
0.45404
0.510999
0.198688
0.197738
0.509404
0.452474
0.39733
0.361352
0.343778
0.334601
0.32984
0.327894
0.327461
0.327376
0.327618
0.328536
0.33182
0.340398
0.359776
0.39686
0.45282
0.510397
0.198386
0.197463
0.508852
0.451393
0.396491
0.361106
0.344348
0.335916
0.331511
0.32979
0.328928
0.328606
0.32896
0.329918
0.332562
0.340575
0.359562
0.395799
0.451526
0.509354
0.197926
0.196994
0.508066
0.450035
0.395457
0.360845
0.344743
0.337011
0.33333
0.331283
0.330454
0.330332
0.330565
0.331276
0.333759
0.340649
0.358638
0.394615
0.44998
0.508452
0.197446
0.196617
0.507291
0.448545
0.394206
0.36045
0.344832
0.33788
0.334595
0.333031
0.332366
0.332227
0.332277
0.332659
0.334459
0.340401
0.358637
0.393581
0.448621
0.5078
0.197089
0.196089
0.50639
0.447131
0.393021
0.359159
0.344465
0.338635
0.336074
0.334846
0.334156
0.333696
0.333509
0.333717
0.33521
0.340466
0.357554
0.392266
0.447149
0.507037
0.196699
0.195704
0.50553
0.445609
0.391867
0.358746
0.343549
0.33905
0.337007
0.336093
0.335593
0.33525
0.334987
0.334967
0.336215
0.341154
0.356222
0.390813
0.445275
0.505894
0.196049
0.195289
0.504867
0.444271
0.390636
0.35881
0.344206
0.339646
0.338128
0.337575
0.337228
0.3368
0.336258
0.335915
0.336665
0.340529
0.355788
0.389531
0.443654
0.504893
0.195549
0.194809
0.504069
0.442569
0.389156
0.35753
0.342397
0.339301
0.338786
0.338622
0.338461
0.338068
0.337424
0.336865
0.337289
0.34058
0.355529
0.38809
0.441988
0.503952
0.195028
0.194374
0.503281
0.440849
0.387518
0.355934
0.342066
0.338529
0.339348
0.339617
0.339588
0.33919
0.338458
0.337676
0.337745
0.340692
0.355696
0.386515
0.440176
0.503008
0.1945
0.193723
0.50213
0.438884
0.385702
0.353943
0.342484
0.340144
0.340097
0.340507
0.340634
0.340291
0.33949
0.338482
0.33809
0.340856
0.354025
0.384458
0.437839
0.50146
0.193639
0.193043
0.500804
0.436635
0.38378
0.352442
0.340288
0.338382
0.340009
0.341216
0.341663
0.341396
0.340496
0.339156
0.338027
0.339326
0.35243
0.382521
0.43575
0.500253
0.192992
0.192314
0.499506
0.434216
0.381656
0.352005
0.340117
0.336897
0.339828
0.341926
0.342679
0.342477
0.341448
0.339699
0.337644
0.338651
0.350521
0.380172
0.432931
0.498364
0.191906
0.191293
0.49772
0.43121
0.378992
0.35218
0.340749
0.336812
0.339146
0.342589
0.343699
0.343545
0.342347
0.340055
0.336228
0.336788
0.34828
0.377651
0.430044
0.496671
0.190972
0.190358
0.496057
0.427861
0.37564
0.349392
0.339169
0.336578
0.341161
0.343705
0.344783
0.344604
0.343252
0.34062
0.336154
0.336363
0.346758
0.375082
0.426758
0.494357
0.189716
0.189178
0.494092
0.424344
0.372124
0.346945
0.337932
0.336266
0.340657
0.344252
0.345715
0.345597
0.34408
0.341063
0.336245
0.336102
0.344498
0.37211
0.423497
0.492667
0.188802
0.187702
0.491579
0.420195
0.368039
0.343998
0.336339
0.336563
0.339972
0.344802
0.346578
0.346526
0.344878
0.341366
0.336595
0.336994
0.343937
0.369011
0.419609
0.490059
0.187294
0.186003
0.488744
0.416029
0.364069
0.341049
0.334375
0.334562
0.339156
0.34498
0.347201
0.347296
0.345647
0.342235
0.336632
0.335385
0.343717
0.365419
0.41553
0.48774
0.18593
0.184045
0.485574
0.411573
0.36023
0.338211
0.332337
0.334157
0.338995
0.344755
0.347421
0.347687
0.346066
0.342708
0.33794
0.334727
0.340814
0.361489
0.411109
0.484648
0.184009
0.18168
0.481887
0.406808
0.357501
0.336294
0.332713
0.335684
0.339174
0.343503
0.346659
0.347237
0.345603
0.342104
0.337003
0.332747
0.338109
0.35778
0.406698
0.481768
0.182129
0.178983
0.477588
0.401401
0.355195
0.335177
0.331125
0.334057
0.33911
0.344697
0.345833
0.345844
0.34413
0.340687
0.335998
0.332168
0.335522
0.354499
0.401859
0.47779
0.179332
0.175671
0.47228
0.394977
0.351217
0.333123
0.331759
0.334471
0.339276
0.34337
0.347098
0.347637
0.346099
0.342737
0.337816
0.332178
0.3335
0.351567
0.396376
0.473125
0.176123
0.171879
0.465983
0.388142
0.346651
0.330566
0.330375
0.334702
0.339762
0.343528
0.345512
0.345619
0.343921
0.340534
0.336032
0.332986
0.332761
0.348303
0.389994
0.467241
0.172199
0.16759
0.458711
0.380745
0.342743
0.330246
0.331233
0.33611
0.341177
0.344514
0.346429
0.346395
0.344652
0.341235
0.336451
0.331725
0.330355
0.343856
0.382767
0.460226
0.167689
0.162863
0.45045
0.373054
0.338355
0.330483
0.332313
0.338823
0.343039
0.347623
0.347797
0.347351
0.345536
0.342135
0.337311
0.332374
0.330043
0.340287
0.375415
0.452032
0.162665
0.157924
0.441472
0.365497
0.334858
0.330085
0.33486
0.341344
0.346078
0.349365
0.350806
0.350725
0.349139
0.345872
0.340831
0.333997
0.330691
0.336519
0.367541
0.442948
0.157492
0.152842
0.431654
0.358084
0.331661
0.329148
0.335883
0.342997
0.347951
0.350921
0.35208
0.351912
0.350295
0.347089
0.342117
0.335254
0.329852
0.33335
0.359794
0.432619
0.152116
0.148336
0.421922
0.351772
0.330132
0.331348
0.338686
0.344973
0.349556
0.352533
0.353726
0.353442
0.351929
0.349065
0.344572
0.338302
0.331064
0.331282
0.352852
0.422367
0.147641
0.144317
0.412068
0.346227
0.329036
0.332679
0.340276
0.346684
0.351172
0.353932
0.355353
0.355519
0.354312
0.351575
0.34709
0.340604
0.33223
0.329778
0.346754
0.41175
0.143637
0.141299
0.402354
0.341985
0.328958
0.334418
0.342125
0.348248
0.352423
0.354824
0.356063
0.356332
0.355442
0.35314
0.349192
0.343225
0.335229
0.329793
0.342242
0.401913
0.141303
0.140229
0.392869
0.338994
0.33052
0.336752
0.344174
0.349787
0.353428
0.35519
0.355968
0.356309
0.355847
0.354162
0.35069
0.345232
0.33785
0.331428
0.339309
0.392745
0.140395
0.139292
0.383722
0.337179
0.332473
0.339147
0.346071
0.35117
0.354539
0.356596
0.357584
0.357236
0.35701
0.355436
0.352214
0.347148
0.340139
0.33338
0.337516
0.383914
0.140192
0.13958
0.374898
0.335761
0.333996
0.341123
0.347755
0.352463
0.355486
0.357391
0.358484
0.358647
0.357939
0.356405
0.353482
0.348762
0.342076
0.334817
0.33617
0.375572
0.139927
0.140065
0.36728
0.33537
0.336005
0.343476
0.349706
0.353968
0.356694
0.358562
0.359337
0.3594
0.358783
0.357425
0.354817
0.350573
0.344341
0.336718
0.335045
0.367269
0.14034
0.14351
0.359159
0.334272
0.338358
0.346066
0.351846
0.355642
0.357988
0.359528
0.360202
0.360144
0.359707
0.358476
0.356154
0.352339
0.346496
0.338697
0.334696
0.359178
0.143546
0.146722
0.35148
0.334577
0.340968
0.34869
0.35398
0.357315
0.359356
0.36051
0.361029
0.361096
0.360564
0.359476
0.357591
0.354373
0.349119
0.341329
0.334577
0.351227
0.14659
0.151641
0.343792
0.335561
0.34423
0.351773
0.356412
0.359108
0.360646
0.361481
0.361837
0.361846
0.361517
0.360767
0.359265
0.356575
0.351899
0.344322
0.335656
0.343834
0.151778
0.158412
0.337565
0.337751
0.348038
0.355084
0.358987
0.361075
0.362155
0.36269
0.362871
0.362858
0.362658
0.362198
0.36115
0.359084
0.355194
0.348175
0.337878
0.337514
0.158302
0.16711
0.333909
0.341826
0.352849
0.358887
0.361816
0.363185
0.363786
0.364005
0.364039
0.36402
0.363944
0.363755
0.363172
0.361814
0.358856
0.352751
0.341694
0.33382
0.167053
0.178062
0.332458
0.34708
0.357922
0.362796
0.364722
0.365374
0.365519
0.3655
0.365461
0.365468
0.365512
0.365533
0.36538
0.364735
0.362832
0.357992
0.347185
0.332379
0.178107
0.191477
0.332997
0.354172
0.363732
0.366898
0.367605
0.367469
0.367123
0.366816
0.366643
0.366642
0.366809
0.367114
0.367453
0.367579
0.366862
0.36368
0.354137
0.333011
0.191334
0.207449
0.33927
0.362906
0.36971
0.370809
0.37024
0.369333
0.368532
0.36797
0.367684
0.367682
0.367963
0.36852
0.369319
0.370226
0.370815
0.369765
0.363042
0.339454
0.20767
0.225711
0.348855
0.372759
0.375694
0.374409
0.372509
0.370878
0.369686
0.36892
0.368546
0.368542
0.368908
0.369663
0.370849
0.372471
0.374375
0.375675
0.372756
0.348858
0.225521
0.246188
0.36451
0.383913
0.381428
0.377451
0.374263
0.372033
0.370576
0.369698
0.369286
0.369284
0.369693
0.370565
0.372018
0.374245
0.377444
0.381448
0.383986
0.36457
0.246255
0.268125
0.384942
0.395266
0.386105
0.379355
0.375285
0.372786
0.371264
0.370391
0.369992
0.369991
0.370385
0.371254
0.372772
0.375275
0.379355
0.386131
0.395316
0.385017
0.268125
0.291416
0.410855
0.404946
0.388403
0.380076
0.375718
0.373282
0.371878
0.371115
0.370782
0.370781
0.371114
0.371875
0.373273
0.375709
0.380067
0.3884
0.404957
0.410794
0.291288
0.314292
0.434767
0.409124
0.388883
0.380069
0.375784
0.373612
0.372496
0.371946
0.371724
0.371725
0.371949
0.372501
0.373611
0.375784
0.380062
0.388886
0.409131
0.434764
0.314417
0.338069
0.444961
0.406928
0.385658
0.378075
0.375048
0.373765
0.373196
0.372956
0.372872
0.372872
0.372961
0.373203
0.373772
0.375054
0.37808
0.385662
0.406935
0.444951
0.337963
0.36439
0.421582
0.386486
0.377507
0.375379
0.374625
0.374347
0.374272
0.374255
0.374252
0.374252
0.374255
0.374272
0.374347
0.374626
0.375379
0.377505
0.386481
0.421585
0.364424
0.578417
1.15112
0.991194
0.795652
0.636949
0.528827
0.467929
0.434755
0.418095
0.410822
0.410152
0.415883
0.430836
0.461488
0.5204
0.622082
0.77622
0.970129
1.13083
0.565368
0.573335
1.14833
0.987864
0.793109
0.635854
0.525708
0.46764
0.434956
0.418887
0.41178
0.411085
0.416424
0.430727
0.46001
0.517453
0.619996
0.773043
0.967049
1.12634
0.561709
0.574975
1.14543
0.980671
0.791105
0.635884
0.528836
0.468154
0.43514
0.418845
0.411602
0.410874
0.416035
0.430714
0.461038
0.520736
0.61615
0.769109
0.962999
1.13207
0.563518
0.576534
1.14864
0.990353
0.789119
0.634813
0.526812
0.468079
0.435431
0.419049
0.411584
0.411003
0.416073
0.43065
0.459552
0.520817
0.6229
0.769644
0.959771
1.13216
0.566809
0.575462
1.1412
0.982303
0.778896
0.634041
0.530023
0.468062
0.435528
0.419029
0.410982
0.41098
0.416186
0.430806
0.460625
0.519653
0.618337
0.780123
0.969008
1.12939
0.56603
0.571472
1.1449
0.991603
0.788712
0.629882
0.526498
0.466314
0.435382
0.418915
0.410809
0.410815
0.416462
0.43074
0.461319
0.517211
0.623285
0.778233
0.974712
1.12711
0.564159
0.575538
1.13953
0.991467
0.793375
0.630866
0.527566
0.467202
0.435232
0.41852
0.410655
0.410324
0.415873
0.430499
0.460425
0.519927
0.622284
0.775927
0.971874
1.12622
0.561296
0.573078
1.14556
0.987884
0.784264
0.628608
0.527587
0.466972
0.435199
0.418932
0.410615
0.410884
0.415989
0.430525
0.460956
0.516233
0.616229
0.766034
0.962214
1.12652
0.56029
0.578351
1.14997
0.976927
0.783968
0.628491
0.524577
0.467228
0.4351
0.418086
0.410358
0.409867
0.416167
0.430317
0.460638
0.517047
0.620795
0.773018
0.964649
1.12302
0.560831
0.572616
1.14764
0.978484
0.783784
0.622714
0.525793
0.46695
0.435102
0.418124
0.410364
0.408977
0.415535
0.429932
0.459427
0.516393
0.615042
0.767385
0.961572
1.13115
0.562866
0.57411
1.1467
0.979772
0.777829
0.624946
0.523183
0.46634
0.435271
0.41845
0.410413
0.408781
0.415092
0.429761
0.459714
0.517403
0.618391
0.775959
0.961903
1.13182
0.565389
0.571556
1.1438
0.972179
0.783543
0.622043
0.52295
0.465663
0.434696
0.417479
0.409674
0.40851
0.414462
0.429638
0.460178
0.514762
0.615884
0.774375
0.961581
1.13299
0.564854
0.57183
1.14178
0.978324
0.781619
0.62286
0.520221
0.465
0.434489
0.41773
0.409919
0.408479
0.414398
0.429533
0.460213
0.51701
0.608767
0.77393
0.966971
1.13228
0.560634
0.569919
1.13741
0.974379
0.771209
0.616397
0.520293
0.464583
0.434055
0.417201
0.409064
0.408301
0.414384
0.429474
0.459783
0.516744
0.612594
0.773692
0.966577
1.13231
0.562536
0.565449
1.13232
0.972478
0.771678
0.618737
0.519059
0.464009
0.433582
0.417317
0.409028
0.408357
0.41444
0.429361
0.459377
0.515936
0.615552
0.772874
0.963554
1.13035
0.564079
0.565287
1.13393
0.965076
0.76805
0.611665
0.516764
0.463226
0.432927
0.416896
0.408876
0.408419
0.414719
0.429139
0.457832
0.512249
0.610104
0.772141
0.958583
1.12877
0.562215
0.563872
1.13555
0.967454
0.767166
0.607953
0.514463
0.462354
0.432457
0.416498
0.408807
0.408759
0.414098
0.428987
0.458138
0.513849
0.616763
0.772826
0.971271
1.13573
0.568415
0.563895
1.13365
0.970417
0.769577
0.606212
0.513158
0.461478
0.431348
0.415865
0.408671
0.407879
0.414151
0.428787
0.457902
0.513128
0.614949
0.770131
0.969653
1.12981
0.567103
0.567612
1.13845
0.969471
0.767787
0.605702
0.512042
0.460679
0.431006
0.416426
0.409247
0.407671
0.413396
0.428429
0.456901
0.514326
0.613307
0.766711
0.970498
1.13305
0.566501
0.566641
1.13788
0.966609
0.765058
0.607624
0.511191
0.459695
0.430689
0.415485
0.408188
0.407546
0.413224
0.428236
0.456922
0.513465
0.610676
0.758999
0.968064
1.13517
0.56218
0.56491
1.13546
0.965701
0.763099
0.602052
0.510072
0.459108
0.430849
0.416075
0.408059
0.40757
0.413054
0.427888
0.456436
0.512311
0.606586
0.7672
0.967301
1.13171
0.564067
0.56173
1.13353
0.962746
0.75488
0.604964
0.509712
0.458425
0.429524
0.414889
0.407862
0.407766
0.412956
0.427493
0.45631
0.511866
0.61084
0.764791
0.965716
1.13483
0.565663
0.56716
1.13437
0.961154
0.760153
0.601446
0.508975
0.457972
0.429124
0.414911
0.407667
0.407494
0.412803
0.427044
0.455188
0.508829
0.605437
0.762835
0.964498
1.13014
0.562164
0.565671
1.12811
0.951498
0.758298
0.605318
0.50884
0.457685
0.428943
0.41371
0.407547
0.40825
0.41285
0.426988
0.455123
0.510187
0.607228
0.758528
0.956123
1.13257
0.566807
0.564936
1.12933
0.951703
0.750825
0.602797
0.507458
0.456952
0.429181
0.413577
0.407373
0.407483
0.412698
0.42645
0.454464
0.509185
0.605851
0.75206
0.959038
1.1276
0.562446
0.560278
1.12808
0.948954
0.752149
0.60151
0.506578
0.456198
0.427999
0.41353
0.407409
0.408228
0.412857
0.426428
0.453902
0.506211
0.603833
0.756848
0.958174
1.12791
0.566296
0.56015
1.12553
0.947675
0.749254
0.595872
0.50516
0.455645
0.427762
0.412755
0.407395
0.407077
0.413215
0.425774
0.453289
0.505784
0.602019
0.748629
0.949918
1.12584
0.565871
0.558666
1.12368
0.943719
0.740497
0.595441
0.504303
0.454863
0.427503
0.412368
0.406296
0.406154
0.412786
0.42554
0.452596
0.504137
0.599826
0.750082
0.953713
1.12776
0.563644
0.557079
1.12125
0.935995
0.738378
0.592334
0.503129
0.453897
0.427143
0.412365
0.406968
0.406221
0.412671
0.425526
0.45223
0.503596
0.598345
0.745361
0.952046
1.12501
0.565815
0.554986
1.11778
0.934526
0.733312
0.58943
0.502183
0.453168
0.426583
0.412229
0.406378
0.406139
0.412272
0.425579
0.451727
0.501401
0.593522
0.74699
0.944635
1.13046
0.564962
0.553255
1.11487
0.930816
0.728507
0.587109
0.501443
0.452904
0.42618
0.412428
0.407333
0.406857
0.41183
0.425194
0.451383
0.501006
0.593415
0.743603
0.94416
1.12882
0.559977
0.548584
1.10899
0.922163
0.724325
0.584954
0.500268
0.452181
0.425757
0.412758
0.406852
0.406283
0.410989
0.424707
0.450894
0.499885
0.591231
0.740397
0.941721
1.12284
0.560103
0.548062
1.10671
0.918395
0.72113
0.582507
0.499312
0.451363
0.425026
0.411751
0.406338
0.405806
0.410982
0.424802
0.450456
0.498733
0.586057
0.735329
0.932833
1.12271
0.558314
0.547728
1.10414
0.913843
0.717694
0.581084
0.498626
0.451214
0.425409
0.411892
0.407196
0.405974
0.41097
0.424089
0.449868
0.497834
0.585823
0.731823
0.932109
1.12213
0.557531
0.546718
1.10108
0.910193
0.715391
0.579263
0.497604
0.45042
0.42458
0.411774
0.406401
0.406546
0.411579
0.423539
0.44929
0.496762
0.583745
0.733075
0.930777
1.12284
0.556974
0.543666
1.10064
0.90924
0.713438
0.577688
0.4967
0.449768
0.424568
0.411993
0.407097
0.405887
0.411006
0.423478
0.448679
0.495689
0.581556
0.726922
0.931613
1.12096
0.555549
0.543755
1.09878
0.906263
0.712253
0.576037
0.495936
0.449716
0.424683
0.412079
0.406389
0.405799
0.411553
0.423885
0.448157
0.494686
0.579918
0.724008
0.928152
1.12002
0.550487
0.540796
1.0973
0.908931
0.709862
0.574721
0.495283
0.449753
0.424808
0.413066
0.406675
0.405828
0.410633
0.423056
0.447769
0.493712
0.577235
0.718496
0.918654
1.11306
0.550001
0.542603
1.09875
0.906583
0.70582
0.572929
0.494606
0.449628
0.424712
0.412696
0.407525
0.405964
0.41075
0.423172
0.447041
0.492604
0.575185
0.714608
0.917842
1.11215
0.548029
0.541504
1.10129
0.903184
0.703795
0.571566
0.493824
0.449359
0.424738
0.412244
0.407243
0.406069
0.411328
0.423957
0.446249
0.491446
0.572343
0.710432
0.914493
1.10685
0.545401
0.539966
1.09979
0.899721
0.701436
0.569839
0.493161
0.449238
0.424811
0.412289
0.406764
0.405983
0.41055
0.423208
0.445873
0.490158
0.569381
0.705185
0.906658
1.10461
0.542602
0.537688
1.09226
0.893488
0.700166
0.568689
0.492519
0.449055
0.425039
0.412564
0.407008
0.40623
0.410625
0.422739
0.445802
0.488806
0.56638
0.700795
0.900131
1.10429
0.540321
0.536226
1.09122
0.887498
0.697306
0.567034
0.491858
0.448793
0.425584
0.412783
0.407977
0.406546
0.41051
0.421898
0.444357
0.487654
0.564391
0.696873
0.896276
1.10124
0.53747
0.531661
1.0863
0.881394
0.69331
0.565369
0.490997
0.448266
0.424446
0.412748
0.407912
0.407432
0.41122
0.421358
0.443485
0.486522
0.562276
0.692751
0.891386
1.09512
0.534222
0.527607
1.08254
0.877301
0.687958
0.563127
0.490184
0.447694
0.424372
0.4129
0.407742
0.407368
0.410895
0.421464
0.443197
0.485258
0.559803
0.688625
0.886452
1.09286
0.531585
0.525529
1.07896
0.872759
0.68397
0.561103
0.489189
0.447347
0.424294
0.413731
0.408063
0.407443
0.411436
0.422024
0.443211
0.484167
0.557532
0.684094
0.880038
1.08825
0.528501
0.522881
1.0755
0.867858
0.680797
0.559205
0.488068
0.44684
0.424198
0.413301
0.408822
0.407106
0.41069
0.421106
0.443484
0.483116
0.555369
0.680706
0.875549
1.08486
0.525648
0.520881
1.07386
0.863164
0.677347
0.557415
0.486912
0.446169
0.424208
0.413417
0.408676
0.407199
0.411179
0.421097
0.442365
0.481464
0.552271
0.675367
0.868775
1.08073
0.522724
0.519292
1.07556
0.860507
0.675106
0.555761
0.485598
0.445753
0.424321
0.413701
0.408564
0.407324
0.410584
0.421367
0.441244
0.479525
0.548986
0.670242
0.861398
1.07606
0.519512
0.517499
1.07033
0.856456
0.672231
0.554229
0.483978
0.444915
0.424459
0.414036
0.409503
0.40761
0.410515
0.420293
0.439678
0.477019
0.54547
0.664924
0.854449
1.07181
0.51645
0.516833
1.07368
0.853447
0.669695
0.552913
0.4827
0.445256
0.425227
0.414978
0.409236
0.408297
0.410551
0.419391
0.438684
0.475281
0.542123
0.659884
0.847308
1.06635
0.513591
0.515329
1.07008
0.849023
0.666679
0.551354
0.48236
0.443862
0.424179
0.414744
0.409861
0.4081
0.411058
0.418398
0.437662
0.472756
0.538293
0.654381
0.840744
1.06354
0.510638
0.514039
1.06691
0.84563
0.663542
0.549161
0.482702
0.443624
0.424056
0.414439
0.409585
0.408122
0.410642
0.417667
0.435771
0.469809
0.534504
0.648492
0.833257
1.05942
0.507364
0.511767
1.06107
0.840966
0.660148
0.546905
0.481062
0.443483
0.424191
0.415454
0.409973
0.408318
0.410199
0.417481
0.433892
0.466582
0.53097
0.642742
0.825708
1.05482
0.502969
0.510176
1.05769
0.836228
0.656197
0.543954
0.479214
0.443811
0.424199
0.41483
0.410321
0.408655
0.410281
0.41811
0.432561
0.464571
0.527808
0.636987
0.818715
1.04848
0.497967
0.507409
1.05248
0.831067
0.652205
0.540903
0.476965
0.442594
0.423982
0.415098
0.410795
0.409519
0.410336
0.417204
0.432908
0.46381
0.523657
0.6304
0.811171
1.04279
0.493092
0.504815
1.04755
0.825641
0.647497
0.537214
0.47421
0.441551
0.424552
0.416304
0.412034
0.409286
0.41053
0.415797
0.429892
0.461174
0.518499
0.623744
0.803593
1.03669
0.487855
0.502283
1.04297
0.820742
0.64318
0.533669
0.471396
0.439993
0.423485
0.4161
0.412185
0.409998
0.409634
0.413757
0.426964
0.457219
0.513406
0.616982
0.795126
1.02974
0.482896
0.498242
1.03673
0.814238
0.637838
0.529484
0.468288
0.437875
0.423608
0.416245
0.412543
0.410206
0.409075
0.412865
0.425185
0.454736
0.508738
0.609913
0.786143
1.02028
0.477146
0.494475
1.0309
0.808538
0.632897
0.525508
0.466031
0.435969
0.422657
0.415963
0.412809
0.410496
0.40924
0.413219
0.42383
0.450535
0.50281
0.602415
0.777286
1.01329
0.472924
0.489664
1.02439
0.800807
0.627116
0.521627
0.465015
0.435851
0.423838
0.416439
0.413158
0.41074
0.409353
0.41187
0.423581
0.446172
0.496878
0.594522
0.768569
1.00594
0.468375
0.485844
1.01904
0.794508
0.6217
0.517334
0.462769
0.435527
0.423658
0.4175
0.413678
0.411042
0.409013
0.411324
0.419026
0.440555
0.490047
0.585634
0.759217
1.00122
0.464642
0.482073
1.0137
0.787263
0.615855
0.512712
0.460534
0.43553
0.424272
0.417708
0.414037
0.411426
0.409495
0.410006
0.415863
0.435444
0.482886
0.576611
0.750227
0.997452
0.461701
0.477974
1.0075
0.779206
0.609652
0.508184
0.457701
0.435928
0.423414
0.417728
0.414375
0.411627
0.408832
0.408433
0.413186
0.432485
0.476573
0.567905
0.740296
0.991243
0.457588
0.47511
1.00397
0.771907
0.604067
0.507328
0.457276
0.434304
0.423777
0.417209
0.414499
0.41192
0.409162
0.40865
0.41267
0.430599
0.470345
0.55937
0.731353
0.986979
0.454496
0.470523
0.998947
0.761793
0.596954
0.507367
0.457123
0.434357
0.422439
0.417394
0.414599
0.412275
0.410393
0.409799
0.412332
0.427719
0.465758
0.552174
0.722929
0.982208
0.450322
0.467405
0.995866
0.752192
0.588126
0.501456
0.457008
0.435511
0.422302
0.416187
0.414079
0.412043
0.410057
0.408734
0.411952
0.42568
0.462639
0.545702
0.714471
0.977813
0.445534
0.461674
0.989864
0.739639
0.575592
0.494236
0.453602
0.433321
0.422203
0.415889
0.413324
0.411506
0.409942
0.408797
0.411913
0.423818
0.45757
0.538499
0.703954
0.970386
0.43861
0.455727
0.983831
0.727261
0.566751
0.48656
0.449599
0.431209
0.420443
0.415547
0.414063
0.411096
0.409238
0.409535
0.410718
0.420181
0.451283
0.529997
0.691541
0.961736
0.430667
0.444869
0.972883
0.710585
0.552911
0.478019
0.444397
0.429443
0.42037
0.415334
0.413268
0.411626
0.409205
0.408774
0.410897
0.418057
0.448141
0.521206
0.677303
0.950871
0.421571
0.431592
0.958179
0.692827
0.541799
0.46988
0.439996
0.427051
0.418933
0.415022
0.412521
0.410541
0.40908
0.409491
0.409942
0.415842
0.44016
0.510023
0.660684
0.935068
0.408629
0.415901
0.93967
0.67154
0.527611
0.461412
0.434629
0.424178
0.419295
0.415199
0.412672
0.410636
0.409005
0.408155
0.410252
0.413921
0.435499
0.49996
0.643666
0.918269
0.394984
0.398149
0.915584
0.648249
0.514432
0.456429
0.430751
0.421463
0.417578
0.415089
0.412698
0.41069
0.409053
0.408128
0.409488
0.413626
0.433806
0.489764
0.624704
0.896882
0.378617
0.379678
0.888135
0.623315
0.500259
0.452609
0.430336
0.421339
0.417667
0.416088
0.413591
0.411548
0.409348
0.408154
0.408384
0.413487
0.429923
0.479889
0.605199
0.873029
0.36193
0.360363
0.857234
0.597801
0.487229
0.444413
0.430617
0.421713
0.417475
0.415163
0.412609
0.410601
0.409781
0.408603
0.409554
0.411258
0.42593
0.47164
0.585407
0.847287
0.346073
0.340366
0.825365
0.573387
0.476321
0.435368
0.424852
0.419334
0.417345
0.415886
0.413034
0.410376
0.408647
0.409141
0.408782
0.412104
0.423502
0.46277
0.564731
0.818618
0.329403
0.322198
0.792662
0.550188
0.466489
0.431245
0.422338
0.418934
0.417743
0.414559
0.41197
0.410188
0.4082
0.408083
0.407177
0.409749
0.419872
0.455454
0.545227
0.788947
0.312703
0.302542
0.759812
0.52956
0.456647
0.430196
0.422512
0.419286
0.415116
0.412104
0.410081
0.408728
0.407631
0.406882
0.40752
0.410731
0.418584
0.446648
0.524788
0.756294
0.295735
0.284218
0.723969
0.509937
0.446061
0.42996
0.419608
0.41498
0.411186
0.408268
0.406471
0.405699
0.405471
0.404833
0.405108
0.407398
0.416063
0.434461
0.504294
0.720449
0.277308
0.26423
0.685324
0.492403
0.438735
0.423898
0.416001
0.410712
0.406756
0.40403
0.402519
0.402085
0.40243
0.402913
0.404082
0.405077
0.409396
0.42387
0.485868
0.682999
0.260027
0.247298
0.643139
0.473437
0.430265
0.417618
0.410178
0.405523
0.40184
0.399296
0.397973
0.397776
0.39849
0.399647
0.400184
0.400915
0.403179
0.414971
0.466981
0.641844
0.243784
0.232251
0.599643
0.453815
0.420674
0.411012
0.404994
0.400146
0.396544
0.394233
0.393145
0.393151
0.394014
0.395103
0.395221
0.396403
0.398279
0.407032
0.45072
0.603395
0.232512
0.225507
0.559712
0.435668
0.411565
0.403753
0.398643
0.394433
0.391295
0.389273
0.388367
0.388547
0.389741
0.391486
0.391957
0.393241
0.397378
0.40331
0.436735
0.567556
0.228791
0.224689
0.526079
0.42068
0.403226
0.397562
0.393006
0.38929
0.386486
0.384661
0.38384
0.384034
0.385321
0.387793
0.391295
0.392579
0.398577
0.40227
0.426088
0.538228
0.228288
0.226651
0.502197
0.411969
0.397978
0.392687
0.388497
0.385024
0.382417
0.380721
0.379932
0.380034
0.381041
0.382979
0.386006
0.39064
0.394621
0.401403
0.417445
0.512141
0.229268
0.233096
0.485119
0.408756
0.394552
0.389133
0.385042
0.381733
0.379251
0.377622
0.376851
0.37694
0.377902
0.37975
0.382479
0.386059
0.391111
0.396778
0.411587
0.491383
0.234302
0.240506
0.472213
0.407548
0.393188
0.387027
0.382837
0.379504
0.377009
0.37536
0.374556
0.374595
0.375476
0.377211
0.379793
0.383187
0.387637
0.394465
0.409335
0.47453
0.240664
0.246566
0.457904
0.407333
0.393335
0.38646
0.381864
0.378273
0.375638
0.3739
0.373049
0.373073
0.373962
0.375742
0.378401
0.381889
0.386744
0.394252
0.408257
0.460356
0.247155
0.254278
0.446796
0.408725
0.395963
0.387307
0.381677
0.377665
0.374843
0.373015
0.372122
0.372138
0.373054
0.374935
0.377848
0.3819
0.387304
0.395367
0.408349
0.446181
0.254531
0.263022
0.436313
0.410933
0.398521
0.388998
0.382133
0.377619
0.374532
0.372621
0.371704
0.371708
0.372618
0.374531
0.377604
0.3822
0.389044
0.398867
0.411702
0.437769
0.26389
0.272812
0.43104
0.414002
0.400255
0.389741
0.382388
0.37752
0.374376
0.372483
0.37159
0.371591
0.372481
0.374385
0.377547
0.382416
0.389892
0.400498
0.414576
0.431357
0.272687
0.282961
0.428829
0.418712
0.402675
0.390613
0.382605
0.377526
0.374305
0.372431
0.371573
0.37157
0.372417
0.374276
0.377487
0.382576
0.390615
0.402684
0.418721
0.429075
0.28274
0.294741
0.429357
0.42379
0.404633
0.390912
0.382498
0.377252
0.374103
0.372352
0.371579
0.371577
0.372347
0.374086
0.377227
0.382457
0.390879
0.404635
0.423946
0.429556
0.29499
0.306578
0.437792
0.430239
0.405891
0.390814
0.381946
0.376775
0.373842
0.372307
0.371654
0.371651
0.372302
0.37383
0.376759
0.381923
0.390791
0.405881
0.430289
0.437535
0.305646
0.318514
0.448942
0.436414
0.406341
0.389879
0.380951
0.376094
0.373524
0.372293
0.371794
0.371792
0.37229
0.373512
0.376068
0.380916
0.389846
0.406326
0.436358
0.448824
0.319084
0.331063
0.466392
0.441168
0.405674
0.38816
0.379564
0.375322
0.373328
0.372421
0.37209
0.37209
0.372422
0.373325
0.375318
0.379568
0.388176
0.405717
0.441226
0.466428
0.330476
0.341657
0.485205
0.442972
0.402598
0.38542
0.377898
0.374592
0.373273
0.372739
0.372566
0.372566
0.372739
0.37327
0.374577
0.377875
0.385388
0.402578
0.443023
0.485153
0.34169
0.351744
0.494523
0.439053
0.396429
0.381623
0.376109
0.374213
0.373476
0.373238
0.373176
0.373177
0.373243
0.373487
0.37422
0.376126
0.381629
0.396434
0.439046
0.494456
0.351685
0.360587
0.495673
0.421305
0.385956
0.377221
0.374901
0.374131
0.373919
0.373877
0.373874
0.373874
0.373881
0.373925
0.374139
0.374906
0.377221
0.385887
0.421251
0.495602
0.360416
0.367969
0.430604
0.384764
0.376976
0.375282
0.374718
0.374619
0.374621
0.374628
0.37463
0.37463
0.374627
0.37462
0.374617
0.37472
0.375294
0.377055
0.384797
0.430653
0.368067
1.01367
1.73708
1.48634
1.17578
0.916212
0.735415
0.616648
0.54691
0.507868
0.489203
0.486292
0.498776
0.531332
0.594242
0.703394
0.879146
1.12932
1.44233
1.69474
0.971684
1.0036
1.73514
1.47375
1.16503
0.906721
0.731345
0.615466
0.546588
0.507765
0.489128
0.48627
0.498655
0.530966
0.593561
0.701591
0.876249
1.11669
1.43793
1.69044
0.969052
1.00864
1.7335
1.49042
1.18083
0.912333
0.736979
0.613188
0.546316
0.507675
0.489128
0.48641
0.498651
0.530634
0.593155
0.698248
0.870052
1.1274
1.43528
1.68062
0.963916
1.01058
1.72665
1.48876
1.18046
0.916432
0.737544
0.616
0.545517
0.507754
0.488924
0.486322
0.498429
0.530008
0.593029
0.703104
0.882826
1.14004
1.44237
1.69519
0.976219
1.00861
1.72323
1.47259
1.17496
0.908008
0.736727
0.6181
0.546815
0.507711
0.487954
0.48623
0.498153
0.528172
0.59252
0.701271
0.88112
1.14041
1.43948
1.68558
0.975152
1.0003
1.7305
1.48157
1.16349
0.917463
0.736152
0.617345
0.545477
0.507026
0.489448
0.48647
0.498165
0.528621
0.591957
0.695902
0.878844
1.13881
1.43083
1.6965
0.975478
1.00395
1.72749
1.48014
1.1663
0.915427
0.731733
0.615871
0.547254
0.50804
0.489536
0.486823
0.497484
0.528413
0.591851
0.699655
0.875137
1.13896
1.44988
1.69408
0.973821
1.00605
1.71475
1.46631
1.16692
0.911068
0.736527
0.617218
0.54623
0.506857
0.489688
0.486915
0.498606
0.528838
0.590887
0.693394
0.863967
1.13509
1.44794
1.68782
0.970261
1.00041
1.72511
1.47902
1.17354
0.916902
0.7361
0.618583
0.547316
0.507586
0.489005
0.486903
0.498481
0.529884
0.590706
0.695153
0.872109
1.13443
1.4468
1.70422
0.981763
1.00872
1.72491
1.47658
1.17204
0.909092
0.730104
0.615494
0.545878
0.508689
0.489966
0.486858
0.497443
0.529641
0.588458
0.692534
0.86091
1.13018
1.43129
1.70067
0.979035
1.00047
1.71323
1.47198
1.16881
0.912046
0.73157
0.616619
0.547383
0.50887
0.489519
0.486774
0.498836
0.529557
0.590564
0.693179
0.865012
1.12994
1.44081
1.68828
0.971805
1.00698
1.72316
1.46166
1.16615
0.90887
0.731847
0.6157
0.545815
0.50861
0.490443
0.486101
0.498976
0.528626
0.59045
0.694102
0.868624
1.12644
1.43845
1.68999
0.971551
1.00484
1.72166
1.47832
1.16308
0.903085
0.730065
0.612879
0.545929
0.508169
0.490457
0.487171
0.499171
0.530193
0.590108
0.696675
0.859899
1.12359
1.43531
1.68963
0.969587
0.995272
1.70781
1.47306
1.16405
0.901322
0.726315
0.61417
0.546312
0.508448
0.490548
0.487234
0.499193
0.530219
0.588152
0.696068
0.866024
1.11119
1.42284
1.67986
0.971179
0.996216
1.70955
1.46904
1.162
0.905028
0.726401
0.615303
0.547024
0.507637
0.49043
0.486999
0.498985
0.529521
0.590899
0.694759
0.860982
1.11517
1.43875
1.69183
0.975171
0.996594
1.69846
1.46403
1.15771
0.905462
0.725578
0.614906
0.54697
0.509068
0.490564
0.486874
0.498953
0.530594
0.590778
0.694291
0.855408
1.11676
1.42774
1.69645
0.969982
1.00089
1.70874
1.46234
1.15505
0.90312
0.724844
0.614375
0.545763
0.508961
0.490462
0.48582
0.498489
0.529605
0.590055
0.693667
0.862604
1.10649
1.43313
1.68347
0.975401
0.999818
1.71387
1.45636
1.14901
0.895451
0.725109
0.61391
0.546852
0.509154
0.490665
0.486623
0.497911
0.531179
0.588397
0.692564
0.865851
1.11809
1.43096
1.68415
0.969103
0.997021
1.71302
1.45263
1.14596
0.89779
0.724121
0.612168
0.546589
0.509045
0.490693
0.487376
0.49825
0.531716
0.589052
0.68813
0.8641
1.11432
1.42682
1.67808
0.971025
0.994362
1.70065
1.44611
1.14019
0.894963
0.722543
0.612676
0.545532
0.5089
0.490727
0.487082
0.498867
0.532165
0.589826
0.691996
0.86197
1.1113
1.42355
1.67369
0.968993
0.991186
1.70374
1.43669
1.13642
0.887935
0.720849
0.612206
0.546133
0.508645
0.490129
0.488506
0.500058
0.532597
0.590822
0.690669
0.859592
1.10646
1.41827
1.67055
0.964597
0.988075
1.69918
1.44276
1.13061
0.888242
0.719185
0.610655
0.545227
0.50809
0.491193
0.488661
0.501136
0.532716
0.590542
0.689513
0.852606
1.10436
1.41567
1.67982
0.969173
0.979276
1.68431
1.43744
1.1203
0.885695
0.716452
0.611125
0.546357
0.509748
0.491033
0.488137
0.501509
0.532874
0.591702
0.692765
0.85394
1.10068
1.40288
1.67308
0.972041
0.982264
1.68585
1.42637
1.1247
0.883532
0.717326
0.610722
0.545555
0.509893
0.492516
0.489783
0.501511
0.532643
0.591039
0.691408
0.851673
1.09867
1.41152
1.68673
0.971121
0.986352
1.68338
1.42731
1.1269
0.878318
0.716061
0.609442
0.54615
0.509418
0.492513
0.489303
0.5007
0.532447
0.590465
0.690201
0.849294
1.08686
1.40699
1.68345
0.964499
0.98578
1.68431
1.42339
1.12455
0.882205
0.715329
0.610005
0.546935
0.510783
0.492578
0.490905
0.502127
0.531762
0.588839
0.68866
0.847181
1.08669
1.39248
1.68246
0.965429
0.984004
1.68881
1.40872
1.12065
0.879746
0.712529
0.610557
0.546916
0.510964
0.494196
0.491159
0.502061
0.532694
0.589054
0.687453
0.845088
1.08221
1.39575
1.67843
0.963953
0.98216
1.68197
1.41202
1.11827
0.876111
0.714155
0.610499
0.546636
0.510186
0.494258
0.491269
0.501237
0.532718
0.588599
0.685735
0.844389
1.08059
1.39894
1.66972
0.960957
0.976362
1.68858
1.41612
1.10916
0.877014
0.714879
0.609893
0.545941
0.511457
0.494477
0.4923
0.502457
0.532748
0.58875
0.683725
0.841859
1.07655
1.39586
1.67747
0.95476
0.976071
1.67584
1.40589
1.10842
0.874081
0.713822
0.610224
0.546879
0.511536
0.494849
0.492605
0.503152
0.532756
0.588536
0.684121
0.836232
1.07211
1.3788
1.67332
0.95321
0.975307
1.67889
1.41271
1.10385
0.870347
0.713003
0.610486
0.547304
0.513275
0.496176
0.492972
0.502859
0.532567
0.588245
0.682341
0.837818
1.06858
1.37892
1.67
0.951096
0.976071
1.6769
1.40007
1.10046
0.870036
0.711011
0.610225
0.548023
0.513474
0.496225
0.493127
0.502106
0.532428
0.587414
0.683129
0.836021
1.06492
1.37732
1.65954
0.948779
0.974604
1.67352
1.39817
1.09616
0.867089
0.710442
0.609963
0.548738
0.513652
0.496179
0.493526
0.502271
0.532177
0.588177
0.682341
0.833377
1.06021
1.37058
1.6594
0.950193
0.968669
1.66086
1.3925
1.09235
0.865068
0.709668
0.609651
0.548637
0.513592
0.496163
0.493946
0.50275
0.533047
0.588035
0.681563
0.831391
1.05659
1.3698
1.65613
0.951442
0.968151
1.6633
1.38646
1.08726
0.86211
0.708738
0.608822
0.548522
0.513404
0.496778
0.494565
0.503335
0.533194
0.587843
0.679861
0.828907
1.05425
1.35688
1.65831
0.949311
0.96678
1.66528
1.38064
1.08302
0.859754
0.707974
0.608965
0.548449
0.513478
0.496819
0.494996
0.503952
0.533173
0.587634
0.679315
0.825408
1.04859
1.35157
1.65478
0.946086
0.963944
1.65996
1.37143
1.07742
0.857187
0.70683
0.608574
0.548329
0.514577
0.497756
0.495517
0.505203
0.532759
0.587513
0.678338
0.823898
1.04713
1.34297
1.64802
0.943065
0.957691
1.6456
1.36554
1.07247
0.854808
0.705775
0.60771
0.547344
0.514466
0.498671
0.496023
0.506704
0.533685
0.587691
0.677784
0.820962
1.03885
1.33682
1.63637
0.936566
0.954548
1.64188
1.35836
1.06697
0.852057
0.704364
0.606994
0.547032
0.514184
0.49858
0.496006
0.506763
0.533037
0.58766
0.677141
0.818916
1.03292
1.33168
1.63417
0.933295
0.952376
1.64036
1.35309
1.06361
0.849467
0.702793
0.606313
0.546765
0.513949
0.498521
0.496025
0.506927
0.534303
0.587778
0.676554
0.817109
1.02898
1.325
1.62174
0.927008
0.949354
1.63191
1.34725
1.05914
0.847075
0.701547
0.605664
0.545902
0.513528
0.498163
0.495132
0.506552
0.535097
0.587787
0.675993
0.815117
1.02414
1.31752
1.61824
0.923911
0.946503
1.62765
1.33947
1.05385
0.844015
0.699836
0.604789
0.54546
0.513181
0.497297
0.495945
0.507378
0.535508
0.587855
0.675646
0.813876
1.02007
1.30867
1.61262
0.92114
0.942828
1.62038
1.33215
1.04844
0.840733
0.697886
0.603778
0.544893
0.51216
0.497412
0.494995
0.506407
0.534801
0.587465
0.675219
0.812223
1.01709
1.30442
1.60909
0.918191
0.938906
1.61584
1.32329
1.04299
0.837599
0.695985
0.602699
0.544333
0.511975
0.496551
0.495114
0.506413
0.534595
0.587061
0.67452
0.809912
1.01267
1.29864
1.60391
0.915883
0.933744
1.60915
1.31704
1.03803
0.833985
0.69411
0.601668
0.543598
0.511541
0.497201
0.495323
0.505979
0.534298
0.586576
0.673148
0.807203
1.00666
1.28947
1.59718
0.912126
0.929312
1.60404
1.31033
1.0336
0.830726
0.691979
0.600555
0.542838
0.511123
0.496856
0.494986
0.505631
0.53389
0.585856
0.671397
0.804273
1.00198
1.28231
1.59135
0.908697
0.9254
1.59969
1.30647
1.0298
0.827239
0.689225
0.599386
0.542181
0.510958
0.496356
0.493936
0.505108
0.532931
0.584877
0.669359
0.801598
0.998483
1.27548
1.58462
0.906249
0.922763
1.59573
1.30122
1.02584
0.824654
0.687296
0.598443
0.541371
0.51039
0.496037
0.493799
0.504413
0.532154
0.583751
0.667206
0.798013
0.993366
1.26865
1.58278
0.902589
0.918959
1.59102
1.29529
1.02109
0.822747
0.685985
0.597343
0.540398
0.509646
0.495552
0.493446
0.504051
0.531599
0.582629
0.665592
0.795194
0.989364
1.26347
1.58359
0.90097
0.914152
1.58609
1.28962
1.01616
0.820896
0.685649
0.596155
0.539398
0.508941
0.49503
0.493009
0.503621
0.530768
0.581314
0.664276
0.792048
0.984413
1.25786
1.58623
0.89835
0.910739
1.58237
1.28321
1.01041
0.816032
0.682433
0.594193
0.538055
0.507165
0.493439
0.492391
0.503141
0.530042
0.579354
0.660903
0.78869
0.980031
1.25284
1.58197
0.896627
0.904919
1.57609
1.27619
1.00444
0.811418
0.679451
0.592423
0.536866
0.506113
0.492972
0.491821
0.50293
0.529329
0.577634
0.658157
0.783907
0.974301
1.24683
1.57574
0.89388
0.899983
1.57027
1.26888
0.997172
0.805366
0.675649
0.589837
0.535254
0.504989
0.491841
0.491765
0.502833
0.528721
0.576118
0.65495
0.779013
0.969719
1.2423
1.57199
0.892195
0.89365
1.56265
1.25993
0.989127
0.798491
0.670038
0.586863
0.533507
0.503559
0.491161
0.491069
0.502176
0.527896
0.574513
0.651342
0.77317
0.963885
1.23422
1.55868
0.888099
0.887272
1.55518
1.24979
0.979418
0.791125
0.66529
0.584067
0.531827
0.502254
0.489676
0.489155
0.500546
0.526812
0.573042
0.648853
0.769972
0.958885
1.22931
1.55296
0.885618
0.880898
1.54672
1.23935
0.969774
0.783641
0.659606
0.580833
0.529787
0.500492
0.487655
0.487314
0.498907
0.525532
0.572529
0.649402
0.768068
0.952047
1.22146
1.54599
0.881667
0.874872
1.5416
1.22777
0.958938
0.776123
0.654412
0.577818
0.52785
0.498942
0.486203
0.48604
0.497571
0.523682
0.569958
0.643583
0.762823
0.943654
1.21303
1.53508
0.877616
0.870593
1.53437
1.21605
0.947671
0.767582
0.648046
0.574237
0.52561
0.497304
0.484795
0.484681
0.496187
0.521771
0.565938
0.637976
0.753837
0.935594
1.20408
1.5269
0.873289
0.866952
1.52776
1.20342
0.935785
0.75828
0.641384
0.570645
0.523171
0.495351
0.483041
0.483064
0.49459
0.51992
0.56276
0.632715
0.746472
0.928609
1.1957
1.5186
0.868781
0.861341
1.52063
1.19032
0.923783
0.748812
0.635203
0.56714
0.520697
0.493487
0.481491
0.481563
0.493143
0.518145
0.558724
0.626686
0.741185
0.92263
1.18749
1.51419
0.865051
0.853714
1.51096
1.17492
0.910735
0.739919
0.629252
0.563433
0.517779
0.491177
0.479579
0.47994
0.491749
0.51696
0.556679
0.623026
0.737457
0.915698
1.17765
1.50701
0.859133
0.844365
1.50148
1.15866
0.895028
0.729444
0.624035
0.559326
0.514644
0.488931
0.477805
0.478343
0.490205
0.515578
0.556446
0.622182
0.735276
0.90712
1.16818
1.50287
0.85386
0.831977
1.48881
1.13994
0.879357
0.720093
0.623696
0.554961
0.51129
0.486596
0.476103
0.476841
0.488745
0.514014
0.556899
0.621287
0.728645
0.89696
1.15716
1.4963
0.848101
0.818593
1.47465
1.12003
0.863136
0.708605
0.610344
0.548396
0.507683
0.484273
0.474394
0.47537
0.487121
0.51188
0.552816
0.614728
0.721694
0.887162
1.14495
1.48992
0.841269
0.803519
1.45868
1.09943
0.844932
0.695856
0.603353
0.543634
0.504484
0.48205
0.472725
0.473801
0.485415
0.509826
0.550254
0.608384
0.714448
0.875936
1.1311
1.48141
0.834446
0.787439
1.44162
1.07916
0.828567
0.682031
0.593406
0.53816
0.501175
0.479748
0.470899
0.472018
0.48345
0.507518
0.547224
0.602169
0.704418
0.862974
1.11456
1.46894
0.821521
0.770631
1.42225
1.05788
0.812674
0.670439
0.586545
0.533793
0.498026
0.477296
0.468765
0.469993
0.481282
0.504997
0.544375
0.600205
0.697579
0.850818
1.09607
1.45581
0.809499
0.753583
1.40206
1.03693
0.798833
0.66294
0.580981
0.529551
0.494758
0.474623
0.466288
0.467582
0.478665
0.501809
0.540057
0.598487
0.689309
0.836996
1.07557
1.43853
0.793368
0.735516
1.37866
1.01267
0.784255
0.654333
0.575281
0.525097
0.491243
0.47176
0.46372
0.465034
0.475916
0.49855
0.535662
0.590519
0.679195
0.821893
1.05274
1.41942
0.774428
0.718181
1.35602
0.988822
0.768283
0.646589
0.56881
0.520201
0.487625
0.468816
0.46096
0.462263
0.472869
0.494913
0.531189
0.585185
0.671018
0.806391
1.02811
1.39742
0.755427
0.698411
1.33246
0.965311
0.753508
0.63664
0.561287
0.514968
0.483737
0.4657
0.458171
0.459393
0.469627
0.491184
0.527307
0.580415
0.663165
0.788833
1.00152
1.37329
0.737663
0.678189
1.30778
0.940542
0.736802
0.62516
0.555174
0.510247
0.479833
0.462335
0.454981
0.456052
0.465708
0.486091
0.520488
0.572237
0.652242
0.768147
0.971442
1.3437
0.711966
0.6551
1.28024
0.915162
0.717627
0.612652
0.548207
0.504581
0.475304
0.458589
0.451554
0.452536
0.461663
0.481024
0.513975
0.563322
0.63599
0.745395
0.940478
1.31436
0.688131
0.634741
1.25051
0.890877
0.698784
0.599114
0.541416
0.498869
0.470587
0.454548
0.447755
0.448567
0.457025
0.474999
0.50595
0.553827
0.621196
0.721365
0.906725
1.27937
0.661785
0.611524
1.21403
0.86496
0.68632
0.588731
0.533315
0.492013
0.465209
0.450058
0.44361
0.444313
0.452126
0.468521
0.496298
0.539083
0.600514
0.695852
0.872841
1.24089
0.632594
0.585658
1.17224
0.836072
0.669529
0.577233
0.522491
0.484162
0.459266
0.445065
0.438947
0.439542
0.446793
0.461921
0.487154
0.525306
0.581996
0.670893
0.836444
1.19346
0.599807
0.558003
1.12667
0.803917
0.652892
0.567495
0.514165
0.4767
0.452982
0.439589
0.433796
0.434273
0.440931
0.454837
0.478032
0.513009
0.562918
0.64357
0.794403
1.13465
0.556693
0.524289
1.07529
0.76603
0.628811
0.553442
0.50156
0.467031
0.445529
0.433336
0.428013
0.428413
0.434472
0.44707
0.467957
0.499394
0.545085
0.615928
0.748221
1.06593
0.503307
0.495095
1.02544
0.730469
0.602974
0.53479
0.488227
0.457118
0.437651
0.426562
0.421689
0.421995
0.427412
0.438657
0.457179
0.484707
0.524002
0.586973
0.703205
0.99699
0.46206
0.458696
0.967
0.692651
0.580613
0.516801
0.474368
0.446346
0.429021
0.419208
0.414903
0.415186
0.420022
0.430069
0.446713
0.471658
0.507038
0.560134
0.658023
0.923444
0.415272
0.424942
0.907983
0.65484
0.554649
0.497849
0.459207
0.434678
0.419855
0.411497
0.407824
0.408072
0.412235
0.420889
0.435287
0.457109
0.488502
0.535481
0.618794
0.853458
0.380776
0.391476
0.841821
0.613368
0.525189
0.474629
0.442739
0.422848
0.410751
0.403865
0.400829
0.401064
0.404603
0.411965
0.424341
0.443474
0.471313
0.510491
0.577262
0.78131
0.344251
0.355976
0.77298
0.570643
0.496241
0.454234
0.428009
0.411927
0.402189
0.396619
0.394152
0.394344
0.397224
0.403184
0.413174
0.428776
0.452067
0.485361
0.54233
0.719372
0.315956
0.325589
0.705328
0.531765
0.468744
0.434929
0.41469
0.402263
0.394609
0.390162
0.388178
0.388343
0.390691
0.395524
0.403583
0.416226
0.435602
0.464402
0.512629
0.666689
0.296693
0.307889
0.641882
0.494931
0.445104
0.419435
0.403985
0.39431
0.388235
0.384658
0.38304
0.383168
0.385065
0.388958
0.395356
0.405218
0.420289
0.444051
0.487553
0.622906
0.28936
0.303803
0.587879
0.467973
0.428796
0.408765
0.3964
0.388452
0.383377
0.380355
0.37897
0.379056
0.380627
0.383905
0.389311
0.397678
0.410415
0.430563
0.467851
0.583912
0.28864
0.295954
0.544653
0.447913
0.41743
0.401278
0.391028
0.38422
0.379805
0.377155
0.375925
0.375979
0.377313
0.380134
0.384808
0.392086
0.403215
0.420948
0.452922
0.548544
0.288917
0.291337
0.514655
0.441588
0.413974
0.398271
0.388332
0.381789
0.377578
0.37507
0.373902
0.373922
0.375102
0.377637
0.381833
0.388355
0.39827
0.414182
0.442074
0.517039
0.293673
0.298521
0.497912
0.440404
0.413879
0.397295
0.386901
0.380292
0.376176
0.373769
0.372667
0.372683
0.373794
0.376234
0.380355
0.386939
0.397147
0.413348
0.440438
0.498281
0.299435
0.307412
0.48419
0.440681
0.413797
0.396795
0.386062
0.379406
0.375411
0.373186
0.372201
0.372203
0.373172
0.375388
0.379357
0.385993
0.396716
0.413666
0.440709
0.484852
0.30585
0.313871
0.475712
0.443643
0.414606
0.396541
0.385413
0.378758
0.374947
0.372946
0.372109
0.372108
0.372938
0.374928
0.378715
0.385331
0.396441
0.414595
0.443569
0.475895
0.314448
0.321025
0.471565
0.446307
0.414785
0.395704
0.384449
0.378033
0.374551
0.372823
0.372114
0.372111
0.372815
0.374523
0.377984
0.384369
0.395634
0.414919
0.446658
0.471958
0.320567
0.328639
0.470592
0.449615
0.414991
0.394653
0.383378
0.377303
0.374203
0.372773
0.372226
0.372222
0.372768
0.374187
0.377277
0.383334
0.394594
0.414887
0.449774
0.47086
0.328573
0.337068
0.476755
0.453713
0.414306
0.39296
0.381961
0.376443
0.373839
0.372758
0.372371
0.372367
0.372753
0.373821
0.376402
0.381899
0.392882
0.414264
0.453745
0.476781
0.336899
0.343531
0.485621
0.456735
0.412431
0.390578
0.380272
0.375562
0.373589
0.372821
0.372579
0.372578
0.372823
0.373585
0.375561
0.38028
0.390592
0.412446
0.456745
0.485711
0.343255
0.352103
0.50006
0.458055
0.40918
0.38758
0.378463
0.374773
0.373494
0.373026
0.372899
0.372898
0.373025
0.373491
0.374762
0.378437
0.387518
0.409109
0.45811
0.499815
0.351918
0.356662
0.512038
0.45681
0.403561
0.38383
0.376712
0.374348
0.373572
0.373358
0.373311
0.373311
0.373357
0.373575
0.374347
0.376746
0.383848
0.403616
0.4569
0.511974
0.356726
0.362867
0.517114
0.445042
0.394495
0.379628
0.375283
0.374169
0.373845
0.373775
0.373764
0.373765
0.373775
0.373852
0.374173
0.375296
0.379488
0.394567
0.445238
0.517142
0.362609
0.365835
0.505223
0.419329
0.38307
0.37613
0.374722
0.374299
0.374241
0.374242
0.374248
0.374247
0.374244
0.374241
0.374302
0.374804
0.376486
0.383776
0.420704
0.505153
0.36607
0.370045
0.431383
0.385688
0.377049
0.37518
0.37475
0.374742
0.374754
0.374757
0.374756
0.374756
0.374754
0.374744
0.374701
0.374581
0.374476
0.37448
0.381269
0.430719
0.369864
0.571922
1.14187
0.981221
0.790517
0.627389
0.522541
0.461951
0.429673
0.413372
0.406521
0.406142
0.412331
0.428178
0.46097
0.522804
0.62909
0.791955
0.985838
1.14105
0.573564
0.567322
1.13676
0.97275
0.787754
0.619858
0.518978
0.460833
0.429878
0.414183
0.407577
0.407026
0.412802
0.428051
0.460402
0.521421
0.626282
0.78996
0.985165
1.14066
0.573557
0.57383
1.14434
0.982005
0.788863
0.621899
0.521514
0.461913
0.430062
0.413812
0.407127
0.406421
0.412338
0.427841
0.45989
0.520278
0.619864
0.787404
0.985235
1.14087
0.573895
0.57364
1.14371
0.980835
0.786041
0.62121
0.520761
0.461595
0.43017
0.414347
0.406803
0.406886
0.412515
0.4275
0.458362
0.517488
0.625181
0.777509
0.984837
1.14029
0.574633
0.571805
1.13676
0.97112
0.779108
0.624226
0.51842
0.462277
0.430435
0.414021
0.406868
0.406323
0.412289
0.427649
0.459515
0.520269
0.624138
0.781447
0.983467
1.13855
0.573856
0.571101
1.13967
0.976045
0.782008
0.621679
0.520193
0.462438
0.430734
0.4149
0.407856
0.407126
0.412489
0.427533
0.459215
0.519861
0.619306
0.786227
0.982787
1.13589
0.573631
0.566119
1.1357
0.980077
0.785661
0.625982
0.518013
0.462479
0.431078
0.415139
0.407706
0.406907
0.412604
0.42751
0.458743
0.519219
0.62624
0.785984
0.9802
1.12828
0.572282
0.570881
1.1433
0.974163
0.784501
0.624184
0.520948
0.462726
0.431638
0.415832
0.408088
0.407238
0.413193
0.427632
0.457284
0.518823
0.623567
0.78191
0.978364
1.13132
0.569675
0.574069
1.14262
0.98274
0.777262
0.617732
0.523847
0.462456
0.432246
0.416322
0.409062
0.408132
0.413651
0.428065
0.458619
0.515857
0.617312
0.776891
0.970758
1.12944
0.572952
0.573484
1.1362
0.976195
0.782337
0.62435
0.524387
0.462857
0.432664
0.41693
0.409441
0.408437
0.413917
0.428367
0.459609
0.51889
0.622109
0.780618
0.974793
1.13686
0.574161
0.572539
1.14118
0.982643
0.778202
0.628869
0.524159
0.463491
0.433176
0.417387
0.410016
0.408856
0.414319
0.428592
0.458191
0.515059
0.615621
0.778502
0.96874
1.13974
0.570819
0.570288
1.14007
0.982688
0.78682
0.627133
0.52068
0.463422
0.433588
0.417737
0.410368
0.409322
0.414486
0.428664
0.458995
0.515667
0.615844
0.771112
0.977086
1.13619
0.570646
0.575169
1.14088
0.972288
0.777936
0.619981
0.52093
0.464076
0.433993
0.418023
0.410557
0.409381
0.414567
0.428584
0.458728
0.515201
0.615498
0.774405
0.975534
1.13616
0.569796
0.570222
1.13541
0.974492
0.78401
0.621585
0.520841
0.464233
0.434133
0.418028
0.410453
0.409207
0.414341
0.428378
0.458256
0.515631
0.617565
0.768249
0.974242
1.13492
0.570279
0.572447
1.13918
0.974806
0.783529
0.621031
0.521671
0.464692
0.43404
0.417734
0.410079
0.408755
0.413887
0.428282
0.457684
0.512934
0.61622
0.773476
0.971321
1.13571
0.569219
0.573964
1.14118
0.980141
0.782292
0.623236
0.519639
0.464981
0.433643
0.417239
0.40979
0.409335
0.414181
0.428274
0.456765
0.512125
0.613119
0.764662
0.969537
1.13932
0.565598
0.572713
1.13483
0.978826
0.781281
0.619944
0.52147
0.465169
0.433625
0.417631
0.410234
0.408489
0.413318
0.428006
0.4568
0.511546
0.610933
0.763195
0.966824
1.138
0.566698
0.571043
1.13778
0.976763
0.778707
0.625271
0.523427
0.464997
0.433507
0.416609
0.409131
0.407682
0.413183
0.427733
0.455596
0.509561
0.604246
0.757629
0.963297
1.13438
0.564675
0.572053
1.13447
0.975202
0.776738
0.624049
0.523824
0.464932
0.433631
0.416622
0.40874
0.40767
0.413301
0.42742
0.454554
0.506157
0.601178
0.75333
0.954871
1.13215
0.562543
0.569473
1.14098
0.974023
0.773867
0.622618
0.521311
0.46447
0.433167
0.416975
0.408804
0.407987
0.413121
0.427087
0.454027
0.50465
0.596677
0.746397
0.955512
1.12758
0.560569
0.57479
1.13584
0.971283
0.766971
0.617614
0.520858
0.464389
0.432978
0.4161
0.408922
0.406884
0.412673
0.426699
0.453149
0.502582
0.594024
0.743501
0.953373
1.12771
0.555545
0.573884
1.1389
0.969101
0.773257
0.619063
0.520569
0.464511
0.433251
0.416095
0.40807
0.406739
0.412512
0.426434
0.45276
0.50154
0.59138
0.738747
0.944997
1.12658
0.55528
0.573408
1.13735
0.958522
0.765044
0.619461
0.520082
0.464007
0.432899
0.416177
0.408262
0.406793
0.412076
0.425948
0.452066
0.500362
0.589644
0.736224
0.945827
1.12142
0.552838
0.571921
1.13244
0.961646
0.765978
0.618289
0.520291
0.464006
0.432922
0.41643
0.408563
0.406958
0.411482
0.425425
0.451538
0.499241
0.586605
0.734618
0.948675
1.12261
0.552984
0.571271
1.13356
0.964405
0.765727
0.612939
0.51899
0.463637
0.43296
0.417219
0.409543
0.407667
0.411452
0.424753
0.45083
0.498463
0.586437
0.734236
0.947958
1.11886
0.548329
0.569628
1.13085
0.962584
0.761315
0.613516
0.517496
0.463035
0.432849
0.41674
0.409169
0.407443
0.411333
0.424143
0.450304
0.497682
0.587801
0.736006
0.94533
1.11955
0.549612
0.568402
1.12866
0.953714
0.761814
0.611579
0.515672
0.462764
0.433019
0.416287
0.408828
0.407076
0.411407
0.424258
0.449978
0.497522
0.589176
0.739078
0.944376
1.12293
0.550133
0.563818
1.12637
0.951986
0.754098
0.605546
0.514502
0.462339
0.432738
0.416222
0.409463
0.407222
0.411586
0.423838
0.449569
0.497813
0.585229
0.731743
0.942397
1.12265
0.552642
0.563686
1.1279
0.950449
0.75298
0.604649
0.513202
0.461819
0.432424
0.416102
0.408611
0.407353
0.412185
0.423936
0.449446
0.499263
0.590958
0.74106
0.941468
1.11623
0.551433
0.56166
1.12687
0.950383
0.750336
0.600228
0.511901
0.461222
0.431905
0.416018
0.408726
0.407504
0.412219
0.424029
0.44933
0.498643
0.589076
0.737963
0.932513
1.11688
0.550128
0.560575
1.12172
0.943113
0.749986
0.598964
0.510644
0.460801
0.431954
0.416077
0.408916
0.407803
0.41212
0.424145
0.449207
0.49784
0.587673
0.736069
0.935432
1.11272
0.549848
0.559023
1.12326
0.945679
0.747939
0.597047
0.509572
0.460368
0.431183
0.415978
0.409078
0.40865
0.41291
0.424461
0.449003
0.496884
0.582076
0.726412
0.933242
1.11709
0.549575
0.55929
1.11963
0.937396
0.744581
0.594646
0.50831
0.459768
0.43109
0.416009
0.409172
0.40817
0.412581
0.42488
0.448781
0.495392
0.582815
0.726727
0.930567
1.1098
0.548405
0.555139
1.12285
0.934956
0.74225
0.593143
0.507251
0.459184
0.431033
0.416027
0.40933
0.409124
0.413483
0.425063
0.448653
0.495094
0.58074
0.724559
0.927964
1.11311
0.547521
0.556137
1.11712
0.931525
0.738956
0.590515
0.506136
0.458626
0.431258
0.416205
0.409497
0.409289
0.413643
0.425201
0.448577
0.494307
0.577845
0.716804
0.923887
1.11513
0.544631
0.556346
1.11904
0.932452
0.736521
0.588661
0.504939
0.457854
0.430548
0.416556
0.409537
0.409551
0.414017
0.425302
0.448266
0.492815
0.575185
0.715588
0.921938
1.11436
0.54789
0.554749
1.11281
0.929023
0.729161
0.586413
0.503886
0.457201
0.429826
0.415437
0.409486
0.409752
0.414395
0.425217
0.448387
0.492011
0.573339
0.712332
0.917623
1.11242
0.54436
0.550375
1.11126
0.920503
0.726227
0.585022
0.502759
0.456371
0.430129
0.41538
0.409426
0.40958
0.414298
0.424562
0.447849
0.491255
0.571812
0.710162
0.914583
1.11195
0.544366
0.547878
1.10822
0.916005
0.721697
0.583146
0.501771
0.455438
0.429145
0.415286
0.409467
0.40893
0.41374
0.424455
0.447117
0.490495
0.569305
0.707943
0.909008
1.11039
0.544387
0.545501
1.10444
0.910688
0.716925
0.580949
0.500478
0.454166
0.429294
0.415254
0.409602
0.408966
0.413473
0.424717
0.446105
0.489635
0.567402
0.705331
0.904588
1.10876
0.54289
0.542626
1.09956
0.905853
0.712566
0.578886
0.499664
0.453165
0.428381
0.415267
0.409877
0.409131
0.414079
0.423736
0.445684
0.488841
0.565482
0.701112
0.900396
1.1017
0.540527
0.540542
1.0967
0.90073
0.708899
0.576437
0.498554
0.453026
0.429012
0.415432
0.41073
0.409182
0.413122
0.423602
0.445308
0.487739
0.562647
0.695154
0.896413
1.09981
0.538421
0.537162
1.09339
0.895812
0.705238
0.574529
0.497416
0.452872
0.428253
0.415253
0.409905
0.409343
0.413308
0.423717
0.44512
0.486931
0.561054
0.691679
0.889462
1.09634
0.533616
0.534611
1.08981
0.891205
0.700349
0.571835
0.496249
0.453177
0.428634
0.415354
0.409953
0.410087
0.41399
0.423432
0.444896
0.485503
0.558608
0.686822
0.883837
1.08951
0.530382
0.53164
1.08767
0.886423
0.696656
0.569647
0.495094
0.452191
0.427586
0.415449
0.41016
0.409459
0.413307
0.423418
0.444813
0.484257
0.556552
0.681604
0.876952
1.08655
0.528474
0.528837
1.08442
0.881979
0.691922
0.566979
0.493783
0.451906
0.427518
0.41565
0.410514
0.410424
0.414229
0.423519
0.443961
0.483359
0.554725
0.677918
0.87256
1.08365
0.526594
0.526717
1.08161
0.877228
0.688534
0.564905
0.492418
0.451082
0.427482
0.416438
0.411391
0.410323
0.414048
0.424055
0.444044
0.483122
0.553004
0.674585
0.866786
1.08087
0.523623
0.524018
1.07872
0.872687
0.684533
0.562529
0.49114
0.450277
0.427378
0.415938
0.411164
0.410069
0.413755
0.423512
0.44426
0.482177
0.550925
0.670823
0.861721
1.07831
0.521017
0.521575
1.07674
0.867986
0.681058
0.560277
0.489771
0.449185
0.427188
0.416441
0.410835
0.410205
0.41431
0.423756
0.442867
0.480524
0.548889
0.667129
0.856839
1.07374
0.518304
0.519833
1.07739
0.862876
0.676649
0.557679
0.488478
0.448302
0.426409
0.415549
0.410866
0.410732
0.4135
0.422694
0.441893
0.479455
0.546759
0.663344
0.85206
1.07386
0.516117
0.517362
1.07418
0.857485
0.672402
0.554882
0.486948
0.448282
0.426752
0.415705
0.411046
0.410336
0.413502
0.422712
0.442065
0.478194
0.544198
0.659048
0.846158
1.07455
0.512756
0.514586
1.06902
0.851906
0.668226
0.552019
0.485015
0.447105
0.425548
0.415696
0.411244
0.410484
0.413445
0.422779
0.440304
0.475761
0.541346
0.654689
0.839839
1.07098
0.509876
0.511478
1.06347
0.846616
0.66422
0.549339
0.483073
0.446186
0.425151
0.416407
0.412155
0.410779
0.413402
0.421392
0.43812
0.473711
0.538374
0.649761
0.832677
1.0618
0.505869
0.507958
1.05743
0.840956
0.659923
0.546406
0.480756
0.444941
0.424675
0.41556
0.411651
0.410967
0.413518
0.421463
0.437458
0.471117
0.535172
0.645094
0.825646
1.05228
0.500774
0.504262
1.05169
0.835527
0.655907
0.543821
0.478673
0.443344
0.424273
0.415572
0.411886
0.411907
0.413739
0.422114
0.437129
0.467877
0.531085
0.639131
0.817132
1.04232
0.494722
0.501288
1.04769
0.829326
0.650758
0.540729
0.477043
0.442042
0.424082
0.415791
0.412116
0.411801
0.413665
0.420594
0.437107
0.466849
0.5272
0.63392
0.810133
1.03554
0.489595
0.496493
1.04106
0.82184
0.645315
0.537404
0.475792
0.44201
0.424146
0.415988
0.412298
0.411521
0.414065
0.420396
0.436606
0.465921
0.522116
0.627844
0.802878
1.0308
0.485025
0.492726
1.03521
0.814681
0.639205
0.533426
0.473933
0.441438
0.424145
0.416319
0.413238
0.411789
0.413631
0.420056
0.433819
0.462075
0.517556
0.622383
0.795198
1.02307
0.479336
0.4883
1.02908
0.80658
0.632599
0.529193
0.471411
0.440065
0.424231
0.416464
0.413042
0.412173
0.414404
0.419294
0.432834
0.460112
0.513141
0.61632
0.787568
1.01527
0.4744
0.483938
1.02195
0.798416
0.625418
0.524172
0.467834
0.437902
0.422659
0.41708
0.413447
0.412498
0.414359
0.41934
0.433197
0.461124
0.510192
0.610416
0.779496
1.00917
0.470534
0.4803
1.01633
0.790267
0.617894
0.518932
0.465228
0.438093
0.422267
0.416302
0.414443
0.413586
0.414299
0.419231
0.434072
0.459265
0.508862
0.604431
0.77266
1.00396
0.468007
0.476706
1.01142
0.78251
0.610111
0.512797
0.461267
0.435445
0.421699
0.416312
0.414615
0.413722
0.414289
0.418935
0.432931
0.460236
0.508488
0.598383
0.76551
0.999246
0.465337
0.473316
1.00728
0.774172
0.602194
0.506269
0.457907
0.434136
0.421512
0.41652
0.415003
0.414383
0.414936
0.418618
0.431099
0.456183
0.502548
0.591612
0.757901
0.993452
0.46196
0.468565
1.00219
0.765191
0.594043
0.499341
0.45431
0.432709
0.421491
0.416665
0.415021
0.414444
0.414199
0.417623
0.429283
0.453346
0.498183
0.585349
0.750558
0.989149
0.459116
0.463957
0.996854
0.756048
0.586542
0.492849
0.449185
0.430675
0.422139
0.417568
0.415431
0.414638
0.41463
0.417337
0.42865
0.450181
0.492718
0.578259
0.742146
0.983446
0.455034
0.458133
0.989941
0.745725
0.578815
0.487669
0.444881
0.428005
0.420497
0.416555
0.414454
0.414117
0.413617
0.416729
0.426793
0.446268
0.487317
0.571006
0.733474
0.979311
0.451598
0.45247
0.983945
0.734344
0.570705
0.484398
0.443277
0.426142
0.419228
0.417401
0.414615
0.413618
0.413473
0.416464
0.425349
0.44267
0.481768
0.562689
0.72326
0.972762
0.446265
0.444921
0.974062
0.720316
0.560614
0.479786
0.442578
0.426953
0.419733
0.416554
0.415132
0.414602
0.4135
0.416528
0.422233
0.438451
0.47652
0.554519
0.712673
0.966686
0.441641
0.436254
0.962509
0.704581
0.550424
0.473425
0.440082
0.425379
0.418921
0.415105
0.413709
0.41354
0.413173
0.414627
0.419731
0.435131
0.471599
0.545738
0.700167
0.957724
0.434465
0.425309
0.94944
0.686675
0.539658
0.468409
0.436758
0.423838
0.417471
0.414907
0.413608
0.412863
0.413675
0.4133
0.417795
0.43195
0.465941
0.535589
0.686727
0.949054
0.427517
0.412409
0.931069
0.666005
0.526015
0.468174
0.437994
0.424583
0.417468
0.414964
0.413795
0.412812
0.413014
0.41311
0.417468
0.428873
0.460029
0.524549
0.671816
0.93895
0.418592
0.401311
0.914948
0.647623
0.511555
0.459943
0.435025
0.42311
0.417121
0.415055
0.4141
0.413035
0.413096
0.412922
0.415823
0.425686
0.454287
0.513619
0.655841
0.927108
0.409517
0.388581
0.894802
0.629292
0.500167
0.452728
0.432002
0.421958
0.416951
0.415361
0.413395
0.41247
0.412841
0.413094
0.416604
0.424451
0.448063
0.500761
0.637528
0.911165
0.397396
0.375128
0.872987
0.611278
0.489095
0.446794
0.4266
0.419397
0.416787
0.414935
0.413752
0.412463
0.412436
0.413409
0.414556
0.424178
0.440974
0.487763
0.618717
0.891881
0.382888
0.359986
0.848354
0.593527
0.478727
0.441279
0.425117
0.417139
0.414919
0.413569
0.412552
0.412341
0.411266
0.411425
0.41371
0.419529
0.434855
0.476465
0.598794
0.868368
0.365384
0.342649
0.819549
0.574231
0.46988
0.435032
0.423651
0.416978
0.4151
0.413489
0.412051
0.411596
0.40982
0.410085
0.411867
0.417599
0.429616
0.465757
0.576526
0.838177
0.34528
0.326961
0.791185
0.55613
0.46159
0.428907
0.421431
0.416985
0.41615
0.413765
0.411647
0.410986
0.409121
0.410136
0.411534
0.41454
0.423604
0.454439
0.552986
0.80421
0.322663
0.308195
0.758621
0.536857
0.454261
0.425108
0.419711
0.416399
0.414369
0.412378
0.410701
0.40953
0.408114
0.408764
0.409393
0.410862
0.417863
0.444288
0.528185
0.763527
0.298352
0.292431
0.728148
0.521663
0.448966
0.423379
0.416875
0.414305
0.411493
0.408693
0.40682
0.406123
0.406563
0.407303
0.407433
0.406797
0.411829
0.432932
0.503762
0.722192
0.276314
0.276955
0.695809
0.505763
0.444504
0.418862
0.413453
0.411059
0.407564
0.404593
0.402786
0.4022
0.402639
0.403737
0.404814
0.404444
0.409087
0.424884
0.48016
0.677198
0.255981
0.263734
0.66319
0.490174
0.441071
0.415535
0.411479
0.407268
0.402862
0.399726
0.398027
0.397653
0.398453
0.400125
0.402082
0.403574
0.408274
0.416333
0.457365
0.63437
0.242409
0.252425
0.627859
0.470995
0.431983
0.412872
0.407626
0.401726
0.397342
0.394503
0.393054
0.392833
0.393721
0.395525
0.397897
0.400067
0.402364
0.406915
0.437934
0.59553
0.234443
0.242837
0.591849
0.452719
0.419969
0.410031
0.401888
0.395919
0.391854
0.389353
0.388149
0.388048
0.38894
0.390682
0.393073
0.395442
0.396425
0.398799
0.424256
0.562968
0.229048
0.234915
0.555964
0.436637
0.410479
0.399989
0.393789
0.389481
0.386466
0.38455
0.383648
0.383676
0.38457
0.386155
0.388113
0.38979
0.390664
0.394038
0.41808
0.535787
0.228076
0.231869
0.521565
0.421225
0.401086
0.394192
0.38916
0.385252
0.382447
0.380665
0.37984
0.379909
0.380846
0.382558
0.384824
0.386956
0.387773
0.391898
0.414335
0.513022
0.229749
0.233044
0.493081
0.411043
0.394633
0.388665
0.38467
0.381467
0.379068
0.377492
0.376747
0.376828
0.377744
0.379471
0.381907
0.384622
0.386336
0.391941
0.411012
0.492528
0.234484
0.238753
0.473098
0.407835
0.392648
0.386692
0.382749
0.379485
0.376988
0.375339
0.374539
0.374578
0.375457
0.377199
0.379808
0.383219
0.386558
0.39338
0.408062
0.473467
0.239705
0.246941
0.45925
0.407531
0.393471
0.386596
0.381855
0.378257
0.375597
0.373873
0.373034
0.373057
0.373929
0.375684
0.378358
0.382178
0.387548
0.394181
0.407352
0.458343
0.246446
0.254519
0.447223
0.40863
0.396239
0.387577
0.381938
0.377725
0.374849
0.373029
0.372141
0.372157
0.373053
0.374875
0.377662
0.381671
0.387227
0.395513
0.408275
0.447607
0.255535
0.263302
0.436825
0.411079
0.398132
0.388383
0.3819
0.377466
0.374493
0.372623
0.371714
0.371723
0.372638
0.374534
0.377525
0.38206
0.388874
0.398518
0.411141
0.436791
0.262448
0.273222
0.431207
0.414228
0.400413
0.389975
0.382559
0.377634
0.37443
0.372506
0.371598
0.371599
0.372497
0.374423
0.377624
0.38249
0.389912
0.400378
0.414301
0.4314
0.273386
0.282785
0.428947
0.418925
0.402804
0.390611
0.382602
0.377504
0.374289
0.372423
0.371571
0.37157
0.372411
0.374265
0.377475
0.382582
0.390621
0.402891
0.41915
0.429164
0.282479
0.294993
0.429276
0.423583
0.404501
0.390864
0.382473
0.377244
0.374101
0.372352
0.371579
0.371576
0.372347
0.374084
0.377219
0.382436
0.390853
0.404532
0.423695
0.429543
0.295383
0.305941
0.437706
0.430396
0.405856
0.390818
0.381955
0.376781
0.373845
0.372306
0.371652
0.37165
0.372301
0.373828
0.376758
0.381928
0.390802
0.405895
0.430567
0.437865
0.305831
0.319348
0.448797
0.436222
0.406286
0.389846
0.380932
0.376085
0.373523
0.372293
0.371795
0.371793
0.372289
0.37351
0.376064
0.38091
0.389839
0.40632
0.436309
0.448799
0.31906
0.330255
0.466454
0.441149
0.405727
0.388207
0.379594
0.375338
0.373331
0.372424
0.372092
0.372091
0.372423
0.373326
0.375318
0.379568
0.388179
0.405727
0.441248
0.466533
0.33068
0.342268
0.485213
0.442956
0.402552
0.385384
0.377877
0.374586
0.373272
0.372739
0.372566
0.372566
0.372739
0.373271
0.374579
0.377878
0.385396
0.402589
0.443042
0.485231
0.341835
0.351293
0.494479
0.439091
0.396486
0.381657
0.376123
0.374216
0.373477
0.373239
0.373176
0.373178
0.373243
0.373488
0.37422
0.376123
0.381632
0.396448
0.439068
0.494509
0.351639
0.360812
0.495624
0.421228
0.385913
0.377206
0.374898
0.37413
0.373919
0.373877
0.373874
0.373874
0.373881
0.373926
0.374141
0.374912
0.377228
0.38596
0.421322
0.495657
0.360666
0.367902
0.430698
0.384813
0.376983
0.375283
0.374719
0.374619
0.374621
0.374628
0.37463
0.37463
0.374627
0.37462
0.374617
0.37472
0.375284
0.376977
0.384761
0.430619
0.367941
0.207713
0.52573
0.478538
0.418983
0.372745
0.343098
0.326697
0.318959
0.315908
0.315234
0.315991
0.318225
0.32307
0.332154
0.348778
0.377348
0.421175
0.477854
0.523533
0.207067
0.207631
0.525568
0.4785
0.418348
0.372817
0.343716
0.327052
0.319531
0.317726
0.317373
0.318037
0.318924
0.324525
0.333392
0.349423
0.37742
0.420576
0.477921
0.523214
0.206832
0.207661
0.525396
0.478199
0.419196
0.372868
0.343324
0.327295
0.320253
0.316176
0.315723
0.316427
0.318506
0.323385
0.332571
0.349012
0.3772
0.421143
0.47815
0.523896
0.206755
0.208012
0.526187
0.478921
0.419047
0.372855
0.343308
0.326886
0.319067
0.315959
0.316962
0.317529
0.318235
0.323988
0.333287
0.349125
0.377493
0.420466
0.477884
0.52382
0.20688
0.207808
0.52619
0.478258
0.418254
0.372763
0.343357
0.327156
0.3194
0.316513
0.315485
0.315523
0.317788
0.322839
0.332328
0.349203
0.37755
0.421543
0.476913
0.523629
0.206769
0.207734
0.525734
0.478187
0.417684
0.372749
0.343806
0.328094
0.319807
0.31502
0.313949
0.315162
0.317916
0.323092
0.332591
0.348938
0.37693
0.421446
0.477851
0.523717
0.206478
0.207852
0.525873
0.478153
0.418055
0.372652
0.343556
0.327328
0.320054
0.315136
0.314137
0.316652
0.319478
0.323349
0.333453
0.349364
0.377165
0.421289
0.477752
0.523612
0.206645
0.20785
0.526401
0.478197
0.418833
0.37296
0.344053
0.32812
0.318984
0.315086
0.313988
0.314991
0.317784
0.322926
0.332314
0.348831
0.376602
0.420987
0.477407
0.523332
0.206699
0.207693
0.52633
0.478074
0.418157
0.372521
0.34398
0.328084
0.320159
0.316642
0.314422
0.31512
0.317893
0.323
0.333032
0.349295
0.376899
0.421044
0.477241
0.523392
0.206752
0.207371
0.525985
0.477644
0.419703
0.373227
0.344062
0.327732
0.31919
0.315578
0.314451
0.315531
0.319353
0.323097
0.332036
0.348725
0.376998
0.420943
0.475912
0.522722
0.206434
0.207202
0.52567
0.47905
0.419821
0.373123
0.344273
0.328539
0.31939
0.31668
0.315883
0.316727
0.318548
0.322971
0.331879
0.348971
0.377157
0.421133
0.476798
0.523178
0.206696
0.207535
0.526036
0.477545
0.41965
0.373334
0.343922
0.328253
0.319229
0.315404
0.314316
0.31515
0.319366
0.323182
0.331786
0.348368
0.376935
0.420989
0.477588
0.523494
0.206706
0.207037
0.525194
0.477385
0.419153
0.373143
0.343812
0.327342
0.319378
0.315756
0.314384
0.314662
0.317633
0.323571
0.331753
0.348216
0.376803
0.420848
0.477396
0.523414
0.206187
0.207334
0.525353
0.476824
0.418053
0.372901
0.344133
0.327574
0.319971
0.317674
0.316327
0.315065
0.31728
0.321914
0.331673
0.348134
0.376411
0.420258
0.476172
0.52263
0.206124
0.207232
0.525598
0.477039
0.41803
0.372415
0.343746
0.32819
0.32074
0.316726
0.315468
0.315189
0.318259
0.322195
0.331347
0.348074
0.376452
0.42013
0.476455
0.522538
0.205962
0.207252
0.525741
0.477355
0.41809
0.372466
0.343264
0.327024
0.318812
0.315073
0.313969
0.314897
0.318839
0.322514
0.331613
0.34828
0.376599
0.420661
0.477045
0.522775
0.206164
0.206871
0.525005
0.476037
0.418618
0.372573
0.343653
0.327937
0.319096
0.314981
0.313733
0.314912
0.318721
0.322782
0.331752
0.348375
0.376738
0.420713
0.476516
0.522609
0.206412
0.206658
0.525339
0.476791
0.418497
0.372301
0.342937
0.326794
0.320005
0.316205
0.313927
0.314993
0.318168
0.323809
0.332723
0.348941
0.377061
0.420629
0.477751
0.523663
0.206484
0.20644
0.524775
0.477485
0.417252
0.372048
0.342819
0.326453
0.318182
0.314572
0.313707
0.314881
0.31895
0.322625
0.331781
0.348524
0.377012
0.419883
0.477305
0.522886
0.206236
0.206365
0.52504
0.476206
0.417149
0.371912
0.343176
0.327399
0.318487
0.314747
0.31386
0.31478
0.317147
0.322314
0.331819
0.348556
0.377125
0.420786
0.476418
0.523108
0.205999
0.20623
0.524103
0.476321
0.416776
0.371432
0.342567
0.32654
0.319501
0.314911
0.313893
0.316047
0.3175
0.322746
0.332994
0.348854
0.377141
0.420067
0.476886
0.522982
0.206467
0.206363
0.524164
0.476114
0.416431
0.371241
0.342566
0.326479
0.318522
0.315781
0.313699
0.314629
0.317586
0.323722
0.332954
0.349182
0.377246
0.420671
0.477541
0.522763
0.206412
0.206241
0.523752
0.475305
0.416353
0.371178
0.342812
0.327549
0.31939
0.314295
0.313185
0.314484
0.318511
0.322562
0.332455
0.348858
0.377201
0.421251
0.477491
0.522572
0.206538
0.206616
0.524213
0.474531
0.41662
0.371036
0.343023
0.326602
0.317954
0.313991
0.313061
0.314296
0.317183
0.32208
0.331497
0.348271
0.376946
0.421155
0.477516
0.523422
0.206706
0.206549
0.524264
0.475472
0.416522
0.370644
0.342488
0.327287
0.317926
0.313996
0.312994
0.314144
0.317223
0.322295
0.331395
0.348033
0.376589
0.419745
0.476263
0.523667
0.206419
0.206475
0.524066
0.475284
0.416282
0.370801
0.341919
0.326605
0.31873
0.314137
0.312974
0.314191
0.318511
0.323542
0.331479
0.347801
0.376106
0.419527
0.47622
0.523378
0.206418
0.206457
0.523872
0.474918
0.416095
0.37071
0.341841
0.325386
0.317229
0.313781
0.312848
0.313825
0.31673
0.321855
0.331038
0.347497
0.37571
0.418769
0.476501
0.523532
0.206507
0.206078
0.523861
0.474059
0.415792
0.370556
0.342254
0.325477
0.317345
0.313956
0.312919
0.313762
0.316449
0.321606
0.331027
0.347408
0.375456
0.419038
0.476206
0.523329
0.206402
0.205912
0.523141
0.474871
0.41556
0.3703
0.341496
0.325394
0.317567
0.314078
0.313086
0.313865
0.31647
0.321619
0.331413
0.347481
0.375093
0.418539
0.474708
0.522964
0.205885
0.205748
0.522962
0.473575
0.41498
0.369858
0.341501
0.325564
0.31885
0.314493
0.313468
0.314063
0.31638
0.321455
0.330775
0.34755
0.374836
0.417296
0.474196
0.52243
0.205725
0.205652
0.52285
0.473327
0.414505
0.369544
0.341781
0.325544
0.317939
0.314649
0.313882
0.315634
0.316899
0.321835
0.331607
0.347246
0.37449
0.416927
0.473658
0.5221
0.205211
0.205146
0.522104
0.472665
0.41336
0.36921
0.341173
0.325707
0.318261
0.316349
0.315463
0.3149
0.317177
0.321944
0.3307
0.34664
0.374198
0.416275
0.473765
0.521795
0.204913
0.204975
0.521885
0.472639
0.413735
0.368993
0.341513
0.326731
0.318587
0.315779
0.314964
0.31602
0.319006
0.323696
0.331843
0.346796
0.373751
0.416019
0.473346
0.521352
0.204566
0.204756
0.521593
0.472217
0.413421
0.368698
0.340706
0.325634
0.31927
0.314806
0.313758
0.314542
0.317841
0.322558
0.330774
0.346996
0.373306
0.415296
0.472823
0.521293
0.204373
0.204602
0.520896
0.470925
0.412255
0.368376
0.34064
0.325446
0.318092
0.314786
0.313775
0.314286
0.31661
0.321294
0.330815
0.34602
0.37274
0.414525
0.471043
0.520408
0.20428
0.20449
0.520797
0.470624
0.412103
0.368278
0.341272
0.326652
0.319732
0.316645
0.315498
0.314788
0.316623
0.320969
0.329454
0.345138
0.372168
0.413584
0.470305
0.520054
0.203896
0.204196
0.520269
0.469791
0.411625
0.368001
0.34063
0.325669
0.318732
0.315495
0.314327
0.31503
0.316966
0.321265
0.329627
0.345508
0.371662
0.4126
0.469434
0.519457
0.20368
0.203966
0.520002
0.468659
0.410402
0.367684
0.34103
0.325897
0.319948
0.316707
0.314396
0.316162
0.318045
0.32233
0.330458
0.344558
0.370853
0.41157
0.468447
0.51902
0.203496
0.203514
0.51917
0.467552
0.409702
0.367229
0.340336
0.325825
0.31852
0.314981
0.313982
0.314066
0.315712
0.320106
0.328703
0.344372
0.370264
0.41094
0.468127
0.51859
0.203159
0.203001
0.518359
0.466596
0.408857
0.366865
0.340412
0.326146
0.319089
0.315567
0.314412
0.314609
0.316036
0.319851
0.328714
0.343397
0.369391
0.409903
0.467056
0.518346
0.203103
0.20246
0.517326
0.465339
0.407718
0.36637
0.340709
0.327549
0.319863
0.317409
0.315351
0.31655
0.316703
0.320027
0.327654
0.341902
0.368528
0.409004
0.466464
0.517987
0.202949
0.202072
0.516522
0.464271
0.407038
0.366309
0.341324
0.327388
0.320456
0.317067
0.315574
0.315742
0.316942
0.320843
0.328461
0.341785
0.367934
0.408103
0.465214
0.517415
0.202471
0.201707
0.51567
0.463096
0.405999
0.365637
0.340919
0.328784
0.321375
0.317983
0.316554
0.316442
0.317632
0.32083
0.327715
0.341521
0.36705
0.406974
0.464374
0.516937
0.202189
0.2015
0.515271
0.4625
0.405432
0.36525
0.341057
0.328645
0.323627
0.319764
0.317973
0.317676
0.31876
0.322823
0.32925
0.34184
0.366472
0.405987
0.463067
0.516246
0.201738
0.201346
0.515043
0.461799
0.404996
0.364999
0.342127
0.330295
0.324579
0.321779
0.319227
0.318766
0.319494
0.323002
0.328972
0.341064
0.365689
0.405136
0.462112
0.51557
0.201303
0.201069
0.514816
0.461493
0.404665
0.364905
0.342302
0.331179
0.325907
0.323261
0.321978
0.321825
0.321856
0.323891
0.328905
0.341093
0.365202
0.40418
0.460871
0.514869
0.200847
0.200855
0.514426
0.460709
0.404012
0.364782
0.342986
0.332124
0.327094
0.324719
0.323499
0.322742
0.322032
0.323995
0.329333
0.341746
0.364712
0.403248
0.459709
0.513787
0.200336
0.200515
0.513752
0.459766
0.403102
0.364458
0.342804
0.33248
0.328126
0.32595
0.324786
0.324224
0.324223
0.325083
0.329957
0.341332
0.364196
0.402183
0.458438
0.513073
0.199957
0.20009
0.512926
0.458255
0.402411
0.364507
0.343322
0.333674
0.329253
0.327243
0.326256
0.325739
0.325728
0.327521
0.332035
0.341846
0.36379
0.401028
0.457038
0.5124
0.199509
0.199795
0.512403
0.457421
0.40187
0.364646
0.344581
0.334832
0.330454
0.328521
0.32775
0.327603
0.327827
0.328874
0.332752
0.342146
0.363276
0.399951
0.455478
0.51137
0.199054
0.199523
0.511891
0.456516
0.401332
0.364793
0.345477
0.335746
0.331477
0.329691
0.329042
0.328893
0.329136
0.330286
0.333959
0.343289
0.362992
0.39892
0.454401
0.510732
0.198707
0.199153
0.511365
0.455498
0.400554
0.365016
0.346099
0.336918
0.332744
0.331077
0.330571
0.330484
0.330681
0.331818
0.335454
0.343844
0.362617
0.398118
0.45335
0.509982
0.198527
0.198812
0.510694
0.454325
0.399715
0.364673
0.346572
0.337936
0.334028
0.332483
0.33203
0.331982
0.33223
0.333214
0.336514
0.344672
0.362358
0.397521
0.452466
0.509761
0.198372
0.198178
0.509751
0.453003
0.398678
0.364224
0.346999
0.339034
0.335452
0.334036
0.333582
0.333484
0.333728
0.334754
0.33783
0.34554
0.362685
0.397047
0.451665
0.509857
0.198303
0.197695
0.508963
0.451578
0.397599
0.363597
0.34727
0.339759
0.336611
0.335401
0.334988
0.334887
0.335067
0.335969
0.338749
0.345894
0.362264
0.396372
0.450577
0.509638
0.198194
0.197313
0.508314
0.4503
0.3965
0.363145
0.347344
0.340486
0.337697
0.336693
0.336378
0.336316
0.33648
0.337244
0.339609
0.345662
0.362161
0.395674
0.449763
0.508902
0.197792
0.196716
0.507264
0.448746
0.395311
0.362284
0.346761
0.340949
0.338745
0.33799
0.337736
0.337625
0.337652
0.338139
0.339944
0.345139
0.361007
0.394796
0.448636
0.508189
0.197425
0.196351
0.506571
0.447487
0.394301
0.361693
0.345555
0.341013
0.339673
0.339221
0.339048
0.338901
0.338757
0.338842
0.33979
0.345855
0.360805
0.393774
0.447204
0.507044
0.196823
0.195769
0.505544
0.446097
0.392974
0.360621
0.345627
0.340318
0.340362
0.34034
0.340285
0.340088
0.339733
0.339323
0.338878
0.344572
0.360613
0.392594
0.445833
0.506182
0.196374
0.195459
0.504837
0.44469
0.391588
0.35883
0.343329
0.339449
0.340609
0.341153
0.341296
0.341076
0.340506
0.339738
0.339586
0.34385
0.359685
0.391155
0.444195
0.505031
0.195828
0.195025
0.503909
0.442821
0.38999
0.358588
0.343013
0.34025
0.340596
0.341825
0.342216
0.341975
0.341071
0.339331
0.337712
0.342227
0.358106
0.389472
0.442422
0.50389
0.195261
0.194658
0.503196
0.441035
0.38803
0.357073
0.342403
0.337931
0.340136
0.342243
0.342965
0.342772
0.341595
0.338515
0.337571
0.341994
0.35718
0.387784
0.440442
0.502801
0.194679
0.194052
0.502072
0.438743
0.385519
0.35427
0.341367
0.337508
0.338597
0.342392
0.34362
0.343558
0.342428
0.340207
0.337632
0.342471
0.355764
0.385668
0.438122
0.501409
0.193958
0.193493
0.501017
0.4362
0.382892
0.351062
0.339308
0.338072
0.338477
0.342707
0.344261
0.344239
0.342743
0.339086
0.337281
0.34061
0.353456
0.38354
0.435959
0.500289
0.193357
0.19262
0.499483
0.433318
0.380085
0.34833
0.336828
0.335875
0.338173
0.342738
0.34488
0.345037
0.343534
0.339698
0.337459
0.339938
0.351707
0.381415
0.433501
0.49875
0.192565
0.191651
0.497791
0.429965
0.377057
0.34745
0.33608
0.336439
0.338313
0.343326
0.345591
0.345905
0.34463
0.341183
0.339161
0.338986
0.34936
0.378939
0.430912
0.497497
0.191882
0.190377
0.495672
0.426138
0.373529
0.347307
0.335621
0.335819
0.338509
0.342993
0.346136
0.346633
0.345458
0.342944
0.339256
0.339974
0.34886
0.376761
0.428094
0.49597
0.190993
0.188898
0.493326
0.42193
0.369722
0.344339
0.335143
0.334814
0.338899
0.344676
0.347012
0.347333
0.345926
0.342838
0.338512
0.339002
0.346912
0.373614
0.42454
0.493962
0.189694
0.186999
0.490476
0.41714
0.365607
0.341996
0.332829
0.336176
0.340837
0.345132
0.347377
0.347768
0.34625
0.343038
0.339387
0.338552
0.347203
0.370546
0.420654
0.491745
0.18827
0.18473
0.486937
0.41192
0.361266
0.339757
0.332117
0.335684
0.340069
0.344418
0.346807
0.347554
0.345822
0.341733
0.337417
0.336302
0.343113
0.366328
0.416091
0.48897
0.186384
0.182148
0.483178
0.406333
0.356719
0.337064
0.331665
0.335265
0.339081
0.342826
0.345023
0.346294
0.344479
0.340089
0.336226
0.333925
0.340461
0.36233
0.410847
0.485484
0.183936
0.178862
0.478323
0.400195
0.352219
0.334166
0.33085
0.334467
0.34062
0.344522
0.345184
0.34544
0.343587
0.339854
0.33682
0.332971
0.337131
0.357752
0.404773
0.481086
0.180827
0.175292
0.472928
0.393705
0.348121
0.332042
0.329236
0.335512
0.338707
0.342498
0.345283
0.347105
0.34539
0.339942
0.335619
0.330255
0.332833
0.352708
0.397899
0.475573
0.177026
0.171132
0.46647
0.386689
0.343874
0.329541
0.328942
0.334761
0.33908
0.342867
0.344994
0.345225
0.343383
0.339529
0.334393
0.32976
0.330298
0.348168
0.390689
0.469292
0.17279
0.166623
0.459146
0.379363
0.33994
0.327442
0.329168
0.334554
0.3398
0.343652
0.345954
0.346059
0.344182
0.340389
0.335083
0.330022
0.329258
0.343239
0.382506
0.461399
0.167598
0.161626
0.450692
0.371733
0.336709
0.327836
0.332199
0.338283
0.343599
0.346972
0.347429
0.347106
0.34515
0.341409
0.336103
0.330445
0.328932
0.338388
0.373955
0.452633
0.162156
0.156323
0.441173
0.363473
0.332767
0.328956
0.332832
0.33995
0.345048
0.348623
0.350613
0.350692
0.348943
0.345367
0.339992
0.333192
0.32702
0.333854
0.36471
0.441856
0.155965
0.151229
0.431196
0.355773
0.329094
0.327753
0.334715
0.341779
0.347245
0.350811
0.352064
0.351851
0.350129
0.346817
0.341883
0.33443
0.327419
0.330182
0.35614
0.430992
0.150473
0.146356
0.420645
0.348727
0.326587
0.327549
0.336144
0.343379
0.348603
0.351936
0.353444
0.353239
0.35175
0.348833
0.343956
0.336914
0.328458
0.327172
0.3482
0.419369
0.145164
0.142423
0.410599
0.343541
0.326477
0.330253
0.338527
0.345289
0.349341
0.35218
0.354745
0.35515
0.353895
0.350872
0.345964
0.338872
0.329849
0.326138
0.342321
0.408553
0.141258
0.139255
0.400339
0.339087
0.326405
0.332336
0.340624
0.347062
0.351324
0.354066
0.35496
0.355389
0.35489
0.352452
0.348231
0.341946
0.333541
0.326747
0.338152
0.398423
0.139053
0.138338
0.390874
0.336462
0.32825
0.334866
0.342812
0.348711
0.352368
0.354777
0.355811
0.356879
0.35605
0.354064
0.350197
0.344051
0.335696
0.328616
0.336806
0.389207
0.138713
0.137738
0.38144
0.335064
0.330709
0.337957
0.345285
0.350513
0.353809
0.35606
0.357405
0.35781
0.357273
0.355339
0.35183
0.346456
0.33895
0.331267
0.335155
0.380801
0.138168
0.137903
0.372994
0.333855
0.33261
0.340374
0.347441
0.352273
0.354786
0.356645
0.357786
0.358454
0.357865
0.356198
0.353182
0.348206
0.34105
0.333351
0.334988
0.372964
0.137716
0.138574
0.365419
0.33379
0.334983
0.343027
0.349686
0.354147
0.356909
0.358612
0.35936
0.358893
0.358005
0.356424
0.354379
0.350203
0.343788
0.335859
0.334191
0.366154
0.140026
0.142297
0.357805
0.333009
0.33769
0.345809
0.351873
0.355875
0.35831
0.359611
0.360259
0.360301
0.359665
0.358269
0.355979
0.352161
0.346275
0.338405
0.334475
0.359288
0.143654
0.145896
0.350497
0.333772
0.34061
0.348611
0.354067
0.357484
0.359553
0.360686
0.361113
0.361069
0.360554
0.359515
0.357558
0.35429
0.349033
0.341332
0.334783
0.351592
0.146732
0.151511
0.343947
0.335522
0.344221
0.351781
0.356452
0.359195
0.360779
0.361641
0.361999
0.36201
0.361674
0.360827
0.359281
0.356571
0.351889
0.344278
0.335598
0.344011
0.151827
0.158119
0.337492
0.337755
0.3481
0.355157
0.359041
0.361105
0.362184
0.362724
0.362843
0.362843
0.362729
0.362213
0.361142
0.359095
0.355233
0.348224
0.337953
0.337644
0.158389
0.167136
0.333941
0.341715
0.352773
0.358859
0.361819
0.363197
0.363794
0.364014
0.364063
0.364069
0.364024
0.363811
0.363207
0.361832
0.358872
0.352787
0.341763
0.333856
0.167106
0.178193
0.332497
0.347222
0.358023
0.362847
0.364742
0.365377
0.365509
0.365477
0.365434
0.365431
0.365461
0.365485
0.36534
0.3647
0.362799
0.357957
0.347153
0.332388
0.178112
0.191426
0.333027
0.354149
0.363701
0.366881
0.367601
0.367475
0.367136
0.366832
0.36666
0.366659
0.366825
0.367128
0.367466
0.367594
0.366883
0.363716
0.354188
0.333035
0.191325
0.207689
0.339385
0.362958
0.369734
0.370818
0.370242
0.369332
0.36853
0.367968
0.367682
0.36768
0.36796
0.368516
0.369314
0.370217
0.370798
0.36973
0.36297
0.339349
0.207662
0.225594
0.348852
0.372768
0.375694
0.374402
0.372501
0.370873
0.369683
0.368919
0.368547
0.368544
0.368912
0.36967
0.37086
0.372489
0.374406
0.37573
0.372851
0.348988
0.225609
0.246278
0.364542
0.383906
0.381422
0.377444
0.374257
0.372028
0.370572
0.369696
0.369285
0.369283
0.369691
0.370563
0.372015
0.374242
0.37744
0.38144
0.383949
0.364514
0.24626
0.268108
0.384981
0.395268
0.386097
0.379349
0.375281
0.372783
0.371263
0.37039
0.369993
0.369992
0.370387
0.371256
0.372773
0.375271
0.379347
0.386117
0.39533
0.385033
0.268175
0.29135
0.41079
0.404937
0.3884
0.380074
0.375716
0.373281
0.371878
0.371115
0.370782
0.370782
0.371115
0.371876
0.373273
0.37571
0.380068
0.388404
0.404965
0.410851
0.291384
0.31437
0.43476
0.409118
0.388879
0.380067
0.375783
0.373612
0.372496
0.371947
0.371725
0.371726
0.37195
0.372501
0.373611
0.375784
0.380062
0.388884
0.40913
0.434765
0.314378
0.337955
0.444962
0.406935
0.385664
0.378078
0.37505
0.373766
0.373197
0.372957
0.372872
0.372873
0.372962
0.373203
0.373772
0.375053
0.378077
0.385654
0.406921
0.444939
0.338097
0.364422
0.421575
0.38648
0.377504
0.375378
0.374625
0.374347
0.374272
0.374255
0.374252
0.374252
0.374255
0.374272
0.374347
0.374626
0.375379
0.377508
0.386488
0.421599
0.364386
)
;

boundaryField
{
    fixedWalls_1
    {
        type            kqRWallFunction;
        value           nonuniform List<scalar> 
200
(
0.206198
0.205936
0.205684
0.206167
0.206016
0.20544
0.205331
0.205394
0.2054
0.20531
0.205071
0.205432
0.205162
0.205626
0.206405
0.206559
0.206918
0.20701
0.20713
0.206558
0.206412
0.206433
0.205985
0.206143
0.206581
0.207011
0.206843
0.206643
0.206525
0.20608
0.206105
0.205896
0.205442
0.205208
0.204923
0.204823
0.204347
0.204196
0.203854
0.203352
0.202883
0.202148
0.201917
0.201654
0.201446
0.201158
0.20074
0.200245
0.199501
0.198957
0.198545
0.198104
0.197738
0.197463
0.196994
0.196617
0.196089
0.195704
0.195289
0.194809
0.194374
0.193723
0.193043
0.192314
0.191293
0.190358
0.189178
0.187702
0.186003
0.184045
0.18168
0.178983
0.175671
0.171879
0.16759
0.162863
0.157924
0.152842
0.148336
0.144317
0.141299
0.140229
0.139292
0.13958
0.140065
0.14351
0.146722
0.151641
0.158412
0.16711
0.178062
0.191477
0.207449
0.225711
0.246188
0.268125
0.291416
0.314292
0.338069
0.36439
0.206239
0.205975
0.205914
0.205352
0.20518
0.204853
0.205244
0.205449
0.205682
0.20589
0.20599
0.205619
0.206299
0.206328
0.205967
0.206273
0.206183
0.206329
0.206472
0.206713
0.206557
0.206562
0.206527
0.206484
0.206384
0.206315
0.206192
0.205999
0.205744
0.205383
0.205087
0.204839
0.204378
0.203956
0.203662
0.203132
0.202934
0.202932
0.202861
0.20242
0.202118
0.201763
0.201497
0.20109
0.200743
0.200443
0.200042
0.199776
0.199401
0.199273
0.199027
0.198688
0.198386
0.197926
0.197446
0.197089
0.196699
0.196049
0.195549
0.195028
0.1945
0.193639
0.192992
0.191906
0.190972
0.189716
0.188802
0.187294
0.18593
0.184009
0.182129
0.179332
0.176123
0.172199
0.167689
0.162665
0.157492
0.152116
0.147641
0.143637
0.141303
0.140395
0.140192
0.139927
0.14034
0.143546
0.14659
0.151778
0.158302
0.167053
0.178107
0.191334
0.20767
0.225521
0.246255
0.268125
0.291288
0.314417
0.337963
0.364424
)
;
    }
    frontAndBack_1
    {
        type            empty;
    }
    inlet_1
    {
        type            fixedValue;
        value           uniform 0.375;
    }
    outlet_1
    {
        type            zeroGradient;
    }
    fixedWalls_2
    {
        type            kqRWallFunction;
        value           nonuniform List<scalar> 
200
(
0.578417
0.573335
0.574975
0.576534
0.575462
0.571472
0.575538
0.573078
0.578351
0.572616
0.57411
0.571556
0.57183
0.569919
0.565449
0.565287
0.563872
0.563895
0.567612
0.566641
0.56491
0.56173
0.56716
0.565671
0.564936
0.560278
0.56015
0.558666
0.557079
0.554986
0.553255
0.548584
0.548062
0.547728
0.546718
0.543666
0.543755
0.540796
0.542603
0.541504
0.539966
0.537688
0.536226
0.531661
0.527607
0.525529
0.522881
0.520881
0.519292
0.517499
0.516833
0.515329
0.514039
0.511767
0.510176
0.507409
0.504815
0.502283
0.498242
0.494475
0.489664
0.485844
0.482073
0.477974
0.47511
0.470523
0.467405
0.461674
0.455727
0.444869
0.431592
0.415901
0.398149
0.379678
0.360363
0.340366
0.322198
0.302542
0.284218
0.26423
0.247298
0.232251
0.225507
0.224689
0.226651
0.233096
0.240506
0.246566
0.254278
0.263022
0.272812
0.282961
0.294741
0.306578
0.318514
0.331063
0.341657
0.351744
0.360587
0.367969
0.565368
0.561709
0.563518
0.566809
0.56603
0.564159
0.561296
0.56029
0.560831
0.562866
0.565389
0.564854
0.560634
0.562536
0.564079
0.562215
0.568415
0.567103
0.566501
0.56218
0.564067
0.565663
0.562164
0.566807
0.562446
0.566296
0.565871
0.563644
0.565815
0.564962
0.559977
0.560103
0.558314
0.557531
0.556974
0.555549
0.550487
0.550001
0.548029
0.545401
0.542602
0.540321
0.53747
0.534222
0.531585
0.528501
0.525648
0.522724
0.519512
0.51645
0.513591
0.510638
0.507364
0.502969
0.497967
0.493092
0.487855
0.482896
0.477146
0.472924
0.468375
0.464642
0.461701
0.457588
0.454496
0.450322
0.445534
0.43861
0.430667
0.421571
0.408629
0.394984
0.378617
0.36193
0.346073
0.329403
0.312703
0.295735
0.277308
0.260027
0.243784
0.232512
0.228791
0.228288
0.229268
0.234302
0.240664
0.247155
0.254531
0.26389
0.272687
0.28274
0.29499
0.305646
0.319084
0.330476
0.34169
0.351685
0.360416
0.368067
)
;
    }
    frontAndBack_2
    {
        type            empty;
    }
    inlet_2
    {
        type            fixedValue;
        value           uniform 0.375;
    }
    outlet_2
    {
        type            zeroGradient;
    }
    fixedWalls_3
    {
        type            kqRWallFunction;
        value           nonuniform List<scalar> 
200
(
1.01367
1.0036
1.00864
1.01058
1.00861
1.0003
1.00395
1.00605
1.00041
1.00872
1.00047
1.00698
1.00484
0.995272
0.996216
0.996594
1.00089
0.999818
0.997021
0.994362
0.991186
0.988075
0.979276
0.982264
0.986352
0.98578
0.984004
0.98216
0.976362
0.976071
0.975307
0.976071
0.974604
0.968669
0.968151
0.96678
0.963944
0.957691
0.954548
0.952376
0.949354
0.946503
0.942828
0.938906
0.933744
0.929312
0.9254
0.922763
0.918959
0.914152
0.910739
0.904919
0.899983
0.89365
0.887272
0.880898
0.874872
0.870593
0.866952
0.861341
0.853714
0.844365
0.831977
0.818593
0.803519
0.787439
0.770631
0.753583
0.735516
0.718181
0.698411
0.678189
0.6551
0.634741
0.611524
0.585658
0.558003
0.524289
0.495095
0.458696
0.424942
0.391476
0.355976
0.325589
0.307889
0.303803
0.295954
0.291337
0.298521
0.307412
0.313871
0.321025
0.328639
0.337068
0.343531
0.352103
0.356662
0.362867
0.365835
0.370045
0.971684
0.969052
0.963916
0.976219
0.975152
0.975478
0.973821
0.970261
0.981763
0.979035
0.971805
0.971551
0.969587
0.971179
0.975171
0.969982
0.975401
0.969103
0.971025
0.968993
0.964597
0.969173
0.972041
0.971121
0.964499
0.965429
0.963953
0.960957
0.95476
0.95321
0.951096
0.948779
0.950193
0.951442
0.949311
0.946086
0.943065
0.936566
0.933295
0.927008
0.923911
0.92114
0.918191
0.915883
0.912126
0.908697
0.906249
0.902589
0.90097
0.89835
0.896627
0.89388
0.892195
0.888099
0.885618
0.881667
0.877616
0.873289
0.868781
0.865051
0.859133
0.85386
0.848101
0.841269
0.834446
0.821521
0.809499
0.793368
0.774428
0.755427
0.737663
0.711966
0.688131
0.661785
0.632594
0.599807
0.556693
0.503307
0.46206
0.415272
0.380776
0.344251
0.315956
0.296693
0.28936
0.28864
0.288917
0.293673
0.299435
0.30585
0.314448
0.320567
0.328573
0.336899
0.343255
0.351918
0.356726
0.362609
0.36607
0.369864
)
;
    }
    frontAndBack_3
    {
        type            empty;
    }
    inlet_3
    {
        type            fixedValue;
        value           uniform 0.375;
    }
    outlet_3
    {
        type            zeroGradient;
    }
    fixedWalls_4
    {
        type            kqRWallFunction;
        value           nonuniform List<scalar> 
200
(
0.571922
0.567322
0.57383
0.57364
0.571805
0.571101
0.566119
0.570881
0.574069
0.573484
0.572539
0.570288
0.575169
0.570222
0.572447
0.573964
0.572713
0.571043
0.572053
0.569473
0.57479
0.573884
0.573408
0.571921
0.571271
0.569628
0.568402
0.563818
0.563686
0.56166
0.560575
0.559023
0.55929
0.555139
0.556137
0.556346
0.554749
0.550375
0.547878
0.545501
0.542626
0.540542
0.537162
0.534611
0.53164
0.528837
0.526717
0.524018
0.521575
0.519833
0.517362
0.514586
0.511478
0.507958
0.504262
0.501288
0.496493
0.492726
0.4883
0.483938
0.4803
0.476706
0.473316
0.468565
0.463957
0.458133
0.45247
0.444921
0.436254
0.425309
0.412409
0.401311
0.388581
0.375128
0.359986
0.342649
0.326961
0.308195
0.292431
0.276955
0.263734
0.252425
0.242837
0.234915
0.231869
0.233044
0.238753
0.246941
0.254519
0.263302
0.273222
0.282785
0.294993
0.305941
0.319348
0.330255
0.342268
0.351293
0.360812
0.367902
0.573564
0.573557
0.573895
0.574633
0.573856
0.573631
0.572282
0.569675
0.572952
0.574161
0.570819
0.570646
0.569796
0.570279
0.569219
0.565598
0.566698
0.564675
0.562543
0.560569
0.555545
0.55528
0.552838
0.552984
0.548329
0.549612
0.550133
0.552642
0.551433
0.550128
0.549848
0.549575
0.548405
0.547521
0.544631
0.54789
0.54436
0.544366
0.544387
0.54289
0.540527
0.538421
0.533616
0.530382
0.528474
0.526594
0.523623
0.521017
0.518304
0.516117
0.512756
0.509876
0.505869
0.500774
0.494722
0.489595
0.485025
0.479336
0.4744
0.470534
0.468007
0.465337
0.46196
0.459116
0.455034
0.451598
0.446265
0.441641
0.434465
0.427517
0.418592
0.409517
0.397396
0.382888
0.365384
0.34528
0.322663
0.298352
0.276314
0.255981
0.242409
0.234443
0.229048
0.228076
0.229749
0.234484
0.239705
0.246446
0.255535
0.262448
0.273386
0.282479
0.295383
0.305831
0.31906
0.33068
0.341835
0.351639
0.360666
0.367941
)
;
    }
    frontAndBack_4
    {
        type            empty;
    }
    inlet_4
    {
        type            fixedValue;
        value           uniform 0.375;
    }
    outlet_4
    {
        type            zeroGradient;
    }
    fixedWalls_5
    {
        type            kqRWallFunction;
        value           nonuniform List<scalar> 
200
(
0.207713
0.207631
0.207661
0.208012
0.207808
0.207734
0.207852
0.20785
0.207693
0.207371
0.207202
0.207535
0.207037
0.207334
0.207232
0.207252
0.206871
0.206658
0.20644
0.206365
0.20623
0.206363
0.206241
0.206616
0.206549
0.206475
0.206457
0.206078
0.205912
0.205748
0.205652
0.205146
0.204975
0.204756
0.204602
0.20449
0.204196
0.203966
0.203514
0.203001
0.20246
0.202072
0.201707
0.2015
0.201346
0.201069
0.200855
0.200515
0.20009
0.199795
0.199523
0.199153
0.198812
0.198178
0.197695
0.197313
0.196716
0.196351
0.195769
0.195459
0.195025
0.194658
0.194052
0.193493
0.19262
0.191651
0.190377
0.188898
0.186999
0.18473
0.182148
0.178862
0.175292
0.171132
0.166623
0.161626
0.156323
0.151229
0.146356
0.142423
0.139255
0.138338
0.137738
0.137903
0.138574
0.142297
0.145896
0.151511
0.158119
0.167136
0.178193
0.191426
0.207689
0.225594
0.246278
0.268108
0.29135
0.31437
0.337955
0.364422
0.207067
0.206832
0.206755
0.20688
0.206769
0.206478
0.206645
0.206699
0.206752
0.206434
0.206696
0.206706
0.206187
0.206124
0.205962
0.206164
0.206412
0.206484
0.206236
0.205999
0.206467
0.206412
0.206538
0.206706
0.206419
0.206418
0.206507
0.206402
0.205885
0.205725
0.205211
0.204913
0.204566
0.204373
0.20428
0.203896
0.20368
0.203496
0.203159
0.203103
0.202949
0.202471
0.202189
0.201738
0.201303
0.200847
0.200336
0.199957
0.199509
0.199054
0.198707
0.198527
0.198372
0.198303
0.198194
0.197792
0.197425
0.196823
0.196374
0.195828
0.195261
0.194679
0.193958
0.193357
0.192565
0.191882
0.190993
0.189694
0.18827
0.186384
0.183936
0.180827
0.177026
0.17279
0.167598
0.162156
0.155965
0.150473
0.145164
0.141258
0.139053
0.138713
0.138168
0.137716
0.140026
0.143654
0.146732
0.151827
0.158389
0.167106
0.178112
0.191325
0.207662
0.225609
0.24626
0.268175
0.291384
0.314378
0.338097
0.364386
)
;
    }
    frontAndBack_5
    {
        type            empty;
    }
    inlet_5
    {
        type            fixedValue;
        value           uniform 0.375;
    }
    outlet_5
    {
        type            zeroGradient;
    }
}


// ************************************************************************* //
