/*--------------------------------*- C++ -*----------------------------------*\
  =========                 |
  \\      /  F ield         | OpenFOAM: The Open Source CFD Toolbox
   \\    /   O peration     | Website:  https://openfoam.org
    \\  /    A nd           | Version:  6
     \\/     M anipulation  |
\*---------------------------------------------------------------------------*/
FoamFile
{
    version     2.0;
    format      ascii;
    class       volScalarField;
    location    "21";
    object      p;
}
// * * * * * * * * * * * * * * * * * * * * * * * * * * * * * * * * * * * * * //

dimensions      [0 2 -2 0 0 0 0];

internalField   nonuniform List<scalar> 
10000
(
0.0163245
0.0138882
0.0129807
0.0135071
0.0126366
0.0117501
0.0114602
0.011682
0.0121715
0.0124303
0.0123657
0.0116777
0.0100727
0.00758056
0.00417737
0.000708941
-0.00233234
-0.00467585
-0.00136082
0.00565896
0.0280814
0.0253203
0.0304671
0.0413627
0.0500012
0.0547704
0.0567431
0.0576497
0.0583359
0.0586618
0.0588074
0.0581016
0.0571601
0.0551176
0.0516792
0.0456276
0.0363562
0.026634
0.0228734
0.0251884
0.0708924
0.0664267
0.0667932
0.0735812
0.082884
0.0917926
0.0987184
0.103358
0.106118
0.107471
0.107746
0.10698
0.105089
0.102417
0.0992956
0.0960429
0.0930171
0.0909476
0.0892135
0.0871771
0.131649
0.131482
0.131764
0.135579
0.14182
0.148074
0.153215
0.156922
0.159273
0.160601
0.161102
0.161025
0.160517
0.159694
0.15853
0.157325
0.155713
0.153679
0.151674
0.149595
0.210688
0.215696
0.2167
0.215286
0.214398
0.214232
0.214906
0.215823
0.216765
0.217442
0.217952
0.218531
0.219179
0.220456
0.222161
0.224353
0.22668
0.227985
0.226337
0.222294
0.275142
0.279208
0.281013
0.279358
0.276664
0.274273
0.272893
0.272357
0.272436
0.27279
0.273235
0.273898
0.275125
0.277236
0.280351
0.284281
0.287964
0.28994
0.288666
0.285676
0.322483
0.321185
0.321063
0.320509
0.320015
0.320437
0.321375
0.322558
0.323749
0.324821
0.325892
0.32713
0.328529
0.330148
0.331732
0.333094
0.333971
0.333841
0.33343
0.334642
0.370968
0.368284
0.367884
0.368594
0.369553
0.371268
0.373128
0.374895
0.376262
0.377386
0.378113
0.378618
0.379008
0.378951
0.37831
0.377112
0.375776
0.374571
0.374483
0.376811
0.431166
0.431021
0.431787
0.43269
0.43296
0.43254
0.432022
0.431769
0.431761
0.431737
0.431544
0.430965
0.429624
0.427368
0.424194
0.420159
0.416154
0.413672
0.414688
0.418447
0.496993
0.499067
0.49983
0.498833
0.496864
0.494072
0.49154
0.489731
0.488659
0.488053
0.487628
0.486849
0.485677
0.483801
0.481365
0.478649
0.475902
0.474526
0.47541
0.476897
0.55285
0.552319
0.551972
0.551545
0.550522
0.548929
0.547205
0.545821
0.544888
0.544389
0.544144
0.544257
0.544516
0.54544
0.546972
0.549135
0.551669
0.553848
0.553211
0.548956
0.604834
0.603447
0.602339
0.60201
0.601993
0.601707
0.601029
0.600361
0.599795
0.599533
0.599414
0.599645
0.600345
0.601673
0.603779
0.606712
0.609969
0.6125
0.61248
0.610004
0.653369
0.651121
0.649383
0.64952
0.650965
0.652516
0.653575
0.65406
0.654209
0.654215
0.654362
0.654664
0.655031
0.655546
0.656233
0.656989
0.657823
0.658558
0.659315
0.660929
0.704204
0.704337
0.704992
0.706482
0.70815
0.709276
0.70975
0.709824
0.709731
0.70971
0.70982
0.709979
0.710386
0.710658
0.710843
0.710801
0.71066
0.710677
0.710727
0.711597
0.756653
0.760737
0.763598
0.764146
0.763829
0.763351
0.763138
0.763069
0.763142
0.763239
0.763497
0.763892
0.764296
0.764619
0.76454
0.763603
0.762246
0.761143
0.760916
0.761902
0.804303
0.803565
0.803566
0.805093
0.807522
0.81026
0.812559
0.814096
0.814996
0.815606
0.81604
0.816331
0.816781
0.817168
0.817463
0.817389
0.816905
0.816188
0.815478
0.815265
0.862375
0.862579
0.861678
0.860644
0.861155
0.862852
0.864696
0.866147
0.867046
0.867417
0.867369
0.867088
0.866386
0.865669
0.865056
0.864902
0.865432
0.865801
0.865057
0.863274
0.919379
0.91937
0.918792
0.917377
0.916638
0.9171
0.918284
0.919628
0.920663
0.921148
0.921111
0.920366
0.918985
0.916454
0.912773
0.908489
0.904223
0.901363
0.902343
0.905773
0.982027
0.982023
0.981935
0.980594
0.978852
0.977656
0.977221
0.977414
0.97787
0.97822
0.978424
0.978374
0.977921
0.976988
0.975534
0.973535
0.97156
0.970627
0.970922
0.971101
1.05113
1.05146
1.05115
1.04909
1.04575
1.04233
1.03969
1.03819
1.03749
1.03732
1.03727
1.03742
1.03811
1.03966
1.04257
1.04672
1.0512
1.05428
1.05295
1.04744
1.11302
1.1132
1.11268
1.11065
1.1072
1.10327
1.09987
1.09737
1.09589
1.09511
1.09489
1.09519
1.09589
1.0976
1.10044
1.10431
1.10854
1.11121
1.11077
1.10847
1.15921
1.15774
1.15753
1.15776
1.15728
1.15594
1.15428
1.15259
1.15137
1.15075
1.15075
1.15108
1.15198
1.15292
1.15365
1.15388
1.15344
1.1526
1.1529
1.15583
1.2006
1.19842
1.19851
1.20062
1.2029
1.20406
1.2043
1.20391
1.20344
1.20315
1.20327
1.20382
1.20466
1.20557
1.20623
1.20606
1.205
1.20346
1.2027
1.20399
1.24779
1.24735
1.24675
1.24743
1.24925
1.25104
1.25254
1.25354
1.25404
1.25432
1.2544
1.25431
1.25401
1.2533
1.25247
1.25184
1.25139
1.25114
1.25075
1.25
1.29729
1.2962
1.29468
1.29593
1.29893
1.30196
1.30446
1.30597
1.30666
1.30674
1.30659
1.30609
1.30489
1.30284
1.29986
1.29619
1.29276
1.29087
1.29148
1.29307
1.35425
1.35604
1.35691
1.35758
1.3587
1.36001
1.36115
1.3618
1.36202
1.3618
1.36122
1.36012
1.35868
1.35663
1.35405
1.35114
1.34819
1.34596
1.34569
1.34646
1.41621
1.41972
1.42183
1.42076
1.41902
1.41804
1.41772
1.41778
1.41801
1.41799
1.41773
1.41722
1.41636
1.41543
1.41458
1.41412
1.41395
1.41341
1.41291
1.41188
1.47671
1.47992
1.48173
1.48062
1.47832
1.47621
1.47492
1.47446
1.47452
1.4748
1.47512
1.47548
1.47627
1.47756
1.4796
1.48232
1.48498
1.4866
1.48629
1.48375
1.52949
1.52853
1.52905
1.52991
1.53009
1.53
1.52982
1.52974
1.52994
1.53041
1.53113
1.53223
1.53382
1.53637
1.53986
1.54402
1.548
1.55048
1.55026
1.54759
1.58422
1.58294
1.58312
1.5837
1.58402
1.58439
1.58468
1.58493
1.58525
1.58575
1.58651
1.58752
1.58901
1.59067
1.59244
1.59405
1.59504
1.59516
1.59535
1.59636
1.64082
1.6392
1.63853
1.63907
1.63958
1.63997
1.6401
1.64013
1.64008
1.64003
1.64008
1.64032
1.64056
1.64063
1.64027
1.63913
1.63767
1.63655
1.63689
1.63894
1.70013
1.70086
1.70142
1.70189
1.70146
1.70019
1.69841
1.69667
1.69524
1.6942
1.69324
1.69221
1.69087
1.68881
1.68587
1.68195
1.67775
1.67522
1.67632
1.67926
1.74972
1.75282
1.75454
1.75406
1.75254
1.75091
1.74958
1.74855
1.74784
1.74739
1.74708
1.74665
1.74563
1.74401
1.74167
1.73866
1.73548
1.73346
1.73342
1.73344
1.78938
1.78548
1.7837
1.78534
1.78864
1.79266
1.79624
1.79884
1.80032
1.80137
1.80204
1.80265
1.80319
1.80383
1.80472
1.80597
1.80734
1.80814
1.8059
1.8004
1.85019
1.84888
1.84742
1.84768
1.8496
1.85204
1.85425
1.85584
1.85682
1.85734
1.85769
1.8581
1.85851
1.85925
1.86026
1.86161
1.86301
1.86369
1.86236
1.85931
1.92267
1.92776
1.92954
1.92755
1.92429
1.92062
1.91786
1.91608
1.91516
1.91456
1.9142
1.91377
1.91355
1.91329
1.913
1.91274
1.91232
1.91174
1.9117
1.9125
1.98134
1.98443
1.98595
1.9845
1.98132
1.97753
1.97431
1.97199
1.97057
1.96968
1.96921
1.96898
1.96893
1.96895
1.96903
1.96912
1.9692
1.96908
1.96859
1.96794
2.02628
2.02512
2.02526
2.0263
2.02693
2.02694
2.02615
2.02506
2.02398
2.02332
2.02283
2.02257
2.02242
2.02224
2.02206
2.02187
2.02154
2.02104
2.02036
2.01958
2.06992
2.06938
2.06986
2.07179
2.0741
2.07617
2.07731
2.07772
2.07758
2.07733
2.07709
2.07699
2.07671
2.0763
2.07553
2.0744
2.07309
2.07186
2.07109
2.07051
2.11906
2.1185
2.11812
2.11998
2.1231
2.12649
2.12925
2.13124
2.13235
2.13305
2.13345
2.1339
2.13429
2.1345
2.13419
2.13323
2.13176
2.13043
2.12963
2.12894
2.18353
2.18579
2.18652
2.18717
2.18786
2.18849
2.18899
2.18946
2.18992
2.19044
2.19109
2.1922
2.19363
2.19559
2.19765
2.19956
2.20095
2.20136
2.1999
2.19706
2.25134
2.2574
2.26
2.25814
2.25447
2.2509
2.24837
2.24693
2.2462
2.2461
2.24621
2.24686
2.24799
2.24991
2.25277
2.25657
2.26058
2.26295
2.26108
2.25615
2.30445
2.30521
2.30637
2.30668
2.30573
2.30426
2.30266
2.30114
2.29993
2.29905
2.29845
2.29792
2.2971
2.29582
2.29389
2.29169
2.28952
2.28774
2.28798
2.29046
2.35296
2.35312
2.35425
2.3554
2.3561
2.35614
2.35548
2.35444
2.35333
2.35233
2.35144
2.35039
2.3489
2.34634
2.34217
2.33646
2.33011
2.32555
2.32595
2.33027
2.39769
2.3964
2.39636
2.39855
2.4014
2.404
2.40572
2.40669
2.40702
2.40706
2.4069
2.40659
2.40583
2.40478
2.40319
2.401
2.39866
2.39729
2.39626
2.3941
2.45298
2.45266
2.45239
2.45439
2.45738
2.4602
2.46213
2.4634
2.46404
2.46463
2.46502
2.4656
2.46632
2.46747
2.46909
2.47143
2.47419
2.47626
2.47428
2.46793
2.52062
2.52473
2.52571
2.52488
2.52395
2.52329
2.52282
2.52255
2.52242
2.52244
2.52268
2.52347
2.52481
2.52707
2.53011
2.53386
2.53743
2.53922
2.53747
2.53309
2.58324
2.58699
2.5891
2.58872
2.58661
2.58406
2.58186
2.58021
2.57916
2.57866
2.57868
2.57929
2.58042
2.58193
2.5836
2.58521
2.58629
2.58627
2.58588
2.58617
2.63627
2.63851
2.64015
2.64052
2.63936
2.63739
2.63545
2.63396
2.63294
2.63246
2.63242
2.63279
2.63326
2.63378
2.63405
2.63387
2.63342
2.63282
2.63252
2.63282
2.68658
2.6841
2.68187
2.68226
2.68395
2.68573
2.68689
2.68748
2.68749
2.6874
2.68711
2.68679
2.68609
2.6848
2.68262
2.67981
2.67696
2.67507
2.67532
2.67647
2.74896
2.74881
2.74785
2.74766
2.74814
2.74855
2.74841
2.74797
2.7473
2.74671
2.74619
2.74584
2.74522
2.74421
2.74242
2.74011
2.73766
2.73596
2.73575
2.73521
2.81206
2.81739
2.82066
2.82089
2.81895
2.81564
2.81224
2.80955
2.80768
2.80684
2.80662
2.80722
2.80839
2.81034
2.81264
2.81505
2.81682
2.81734
2.81492
2.80879
2.85934
2.86286
2.8648
2.86558
2.86558
2.86488
2.86387
2.86299
2.8624
2.86247
2.86311
2.86472
2.86706
2.87057
2.87459
2.87873
2.88186
2.88263
2.87984
2.87419
2.90541
2.90459
2.90364
2.90499
2.90823
2.91183
2.91446
2.91604
2.91672
2.91728
2.9178
2.91872
2.91989
2.92149
2.92317
2.92488
2.92626
2.92629
2.92477
2.92278
2.9715
2.9745
2.97575
2.97597
2.97647
2.97671
2.9764
2.97578
2.97508
2.97442
2.97398
2.97367
2.97314
2.97187
2.96933
2.96546
2.96114
2.95785
2.95826
2.96138
3.039
3.0462
3.04966
3.04823
3.04505
3.04142
3.03819
3.03561
3.03379
3.03244
3.03146
3.03057
3.02958
3.02789
3.02507
3.02122
3.01704
3.01449
3.01475
3.01525
3.09009
3.09146
3.09284
3.09386
3.094
3.09377
3.0931
3.09218
3.0912
3.09054
3.09011
3.09011
3.09016
3.0905
3.09089
3.09129
3.09138
3.09119
3.08926
3.08373
3.14246
3.14313
3.14499
3.14787
3.1498
3.15061
3.1504
3.14982
3.14909
3.14877
3.14876
3.14938
3.15048
3.1523
3.15463
3.1574
3.15974
3.16068
3.15843
3.15243
3.2009
3.20493
3.20715
3.2081
3.20862
3.20878
3.20858
3.20815
3.20763
3.20742
3.20756
3.20835
3.20953
3.21151
3.21392
3.21666
3.21937
3.22113
3.21994
3.216
3.2627
3.26403
3.2638
3.26414
3.26517
3.26642
3.26731
3.26777
3.26799
3.26834
3.26911
3.27048
3.27249
3.27475
3.27642
3.27706
3.27653
3.27556
3.27493
3.27482
3.33531
3.33901
3.34044
3.3403
3.33892
3.33652
3.33386
3.33169
3.33037
3.32996
3.33046
3.33201
3.33435
3.33729
3.34013
3.34212
3.34307
3.34286
3.34116
3.33823
3.39815
3.40479
3.40818
3.40727
3.40392
3.39947
3.3952
3.39175
3.3894
3.38829
3.38805
3.38862
3.38976
3.39135
3.39316
3.39513
3.39689
3.3974
3.39527
3.39053
3.43854
3.43859
3.44017
3.44337
3.44619
3.44778
3.44789
3.44687
3.44551
3.44449
3.44405
3.44411
3.44407
3.44334
3.4412
3.43741
3.43275
3.42876
3.42815
3.42938
3.48321
3.48457
3.48677
3.49107
3.49608
3.49996
3.50188
3.50222
3.50186
3.50143
3.5014
3.50152
3.50178
3.50134
3.4996
3.49644
3.49214
3.48859
3.48698
3.48485
3.54071
3.54534
3.54773
3.55008
3.55324
3.55609
3.55804
3.55914
3.55967
3.5601
3.56069
3.56168
3.56267
3.56383
3.56487
3.56548
3.56548
3.56444
3.56031
3.55121
3.61243
3.6168
3.61826
3.61978
3.62155
3.62286
3.62337
3.62324
3.62279
3.62236
3.62225
3.62234
3.62285
3.62335
3.62359
3.62341
3.62267
3.621
3.61716
3.60963
3.69232
3.69944
3.70213
3.70163
3.69948
3.69633
3.69293
3.68974
3.68729
3.68542
3.68435
3.68373
3.68332
3.68266
3.68142
3.67915
3.67626
3.67304
3.67032
3.66679
3.75481
3.76197
3.765
3.76467
3.76234
3.75894
3.75521
3.75169
3.74903
3.74718
3.74632
3.7459
3.7462
3.74641
3.74637
3.74582
3.74455
3.74266
3.74004
3.73521
3.79476
3.79587
3.79632
3.79897
3.80234
3.80523
3.8067
3.80681
3.80625
3.80579
3.80583
3.80666
3.80798
3.80982
3.81181
3.81327
3.81404
3.81382
3.8123
3.80724
3.841
3.84013
3.83915
3.84291
3.84932
3.85616
3.86125
3.86415
3.86535
3.86592
3.86651
3.86737
3.86887
3.87072
3.87298
3.87549
3.87774
3.87926
3.87923
3.87475
3.91387
3.9199
3.92015
3.91981
3.92122
3.92369
3.92617
3.92783
3.92865
3.9289
3.92913
3.92968
3.93019
3.93078
3.93136
3.93183
3.93251
3.93361
3.93504
3.93237
4.00015
4.01137
4.01309
4.00877
4.00338
3.99923
3.99706
3.99609
3.99579
3.99551
3.99563
3.99588
3.99679
3.99758
3.99776
3.99697
3.99505
3.99363
3.99467
3.99298
4.08167
4.09155
4.09304
4.08791
4.07996
4.07267
4.06776
4.06509
4.06389
4.06365
4.06414
4.06563
4.06784
4.07116
4.07499
4.07848
4.08131
4.08314
4.08209
4.07357
4.1537
4.16009
4.1607
4.15752
4.1511
4.14421
4.13836
4.13448
4.13232
4.1318
4.13242
4.1342
4.13747
4.14235
4.14872
4.15607
4.1629
4.16708
4.1648
4.15271
4.21785
4.22631
4.22908
4.22774
4.22251
4.21533
4.20838
4.20311
4.19976
4.19822
4.19809
4.19965
4.20234
4.2066
4.21186
4.2174
4.22213
4.22428
4.22205
4.21216
4.26888
4.27821
4.28238
4.28446
4.28303
4.27857
4.27318
4.26852
4.26542
4.26388
4.26388
4.265
4.26729
4.26986
4.27204
4.27301
4.27215
4.27015
4.2681
4.2615
4.3174
4.32917
4.33553
4.34083
4.34294
4.34104
4.33713
4.33319
4.33047
4.32932
4.32977
4.33177
4.33478
4.3384
4.3417
4.34318
4.34211
4.33898
4.33394
4.32244
4.36945
4.38592
4.39496
4.40116
4.4044
4.40377
4.40092
4.3978
4.39556
4.39476
4.39538
4.39742
4.40096
4.40542
4.41027
4.41404
4.41489
4.41183
4.40292
4.38474
4.42201
4.43855
4.44899
4.45791
4.46436
4.46642
4.46525
4.46271
4.46044
4.4592
4.45924
4.46065
4.4629
4.46563
4.46786
4.46808
4.46501
4.45869
4.4489
4.43232
4.47834
4.49629
4.5083
4.51833
4.52584
4.52902
4.5287
4.52661
4.52453
4.5232
4.52307
4.52367
4.52476
4.52484
4.52296
4.51772
4.50882
4.49871
4.48935
4.47648
4.53357
4.54922
4.55928
4.56902
4.57811
4.58419
4.58697
4.5875
4.58706
4.5867
4.58686
4.5875
4.58806
4.58747
4.58488
4.57901
4.57007
4.56057
4.55035
4.53484
4.60097
4.6103
4.61554
4.62416
4.63533
4.64498
4.65102
4.65389
4.65456
4.65451
4.65416
4.65368
4.65271
4.65047
4.64675
4.64083
4.6335
4.62664
4.61745
4.601
4.69593
4.70568
4.708
4.71028
4.71594
4.72175
4.72557
4.7272
4.72733
4.72665
4.72579
4.72455
4.7226
4.71883
4.71278
4.7042
4.69466
4.68802
4.68304
4.67405
4.79894
4.80821
4.80748
4.80254
4.8009
4.80132
4.80233
4.80283
4.80269
4.80192
4.80099
4.79971
4.798
4.79524
4.79154
4.78704
4.78362
4.7844
4.7837
4.77587
4.89507
4.89541
4.88908
4.88115
4.87817
4.87849
4.87999
4.88109
4.88128
4.88074
4.87977
4.8786
4.87742
4.87654
4.87668
4.87926
4.88546
4.89582
4.89998
4.89374
5.00314
5.00308
4.99521
4.98152
4.97253
4.96753
4.96518
4.96423
4.96373
4.96334
4.96312
4.96355
4.96459
4.96704
4.97124
4.97826
4.98912
5.00409
5.01302
5.0143
5.11647
5.11963
5.11281
5.09293
5.07564
5.06286
5.05485
5.05076
5.04911
5.04891
5.04972
5.05212
5.05666
5.06453
5.07612
5.09235
5.11235
5.13411
5.1424
5.14121
5.21849
5.22414
5.22306
5.20309
5.18248
5.16459
5.15129
5.14287
5.1384
5.13706
5.13787
5.14182
5.14874
5.16061
5.17776
5.19991
5.2245
5.24622
5.24645
5.23945
5.28956
5.30273
5.31682
5.30422
5.28526
5.26506
5.24752
5.23466
5.22713
5.22409
5.22476
5.2292
5.23763
5.25033
5.26595
5.28244
5.29572
5.303
5.28905
5.2813
5.3087
5.32638
5.36041
5.36385
5.35746
5.34478
5.33042
5.318
5.30987
5.30618
5.30629
5.3104
5.31766
5.32737
5.33689
5.34241
5.34193
5.3349
5.30261
5.28831
5.29959
5.31236
5.3632
5.38361
5.39713
5.40194
5.39902
5.3926
5.38706
5.38404
5.38378
5.38569
5.38925
5.39198
5.39121
5.38439
5.37191
5.35477
5.30543
5.29005
5.33585
5.3338
5.39354
5.41328
5.43325
5.44991
5.45828
5.45947
5.45805
5.4568
5.45672
5.45764
5.45784
5.45513
5.44686
5.43183
5.41486
5.39697
5.33657
5.33667
5.47901
5.44106
5.50048
5.49744
5.50035
5.51197
5.52217
5.5264
5.52699
5.52655
5.52657
5.52649
5.52581
5.52201
5.51458
5.50675
5.5064
5.50961
5.44813
5.48503
5.73694
5.632
5.6935
5.65578
5.62172
5.60893
5.60642
5.6047
5.60223
5.60043
5.60018
5.602
5.6041
5.60671
5.61154
5.62643
5.66157
5.69998
5.63812
5.74228
6.03366
5.81956
5.90345
5.84412
5.77513
5.7343
5.71414
5.70293
5.69564
5.69163
5.69117
5.69457
5.70167
5.71376
5.73468
5.77623
5.84466
5.9036
5.81889
6.03128
6.24146
5.85105
5.99408
5.95649
5.88538
5.83716
5.81211
5.79856
5.78996
5.78555
5.78488
5.7892
5.7971
5.81128
5.8368
5.88408
5.95332
5.98808
5.84301
6.23313
6.35164
5.68769
5.93003
5.95507
5.90991
5.87154
5.85118
5.84091
5.83444
5.83118
5.83126
5.83472
5.84149
5.85278
5.87332
5.91042
5.9533
5.92566
5.68352
6.35107
6.66059
5.56782
5.90842
5.97295
5.92469
5.87788
5.85267
5.83969
5.83182
5.82795
5.82825
5.83296
5.84076
5.85583
5.87933
5.92625
5.97036
5.90704
5.57015
6.668
7.72812
5.67836
5.94867
6.04135
5.99079
5.93719
5.90974
5.89601
5.88848
5.88417
5.88467
5.88769
5.89448
5.90909
5.93517
5.98983
6.04155
5.95124
5.68168
7.72597
9.7133
5.30309
5.3978
5.78433
5.87686
5.87668
5.87393
5.87316
5.87182
5.87065
5.87066
5.87178
5.87297
5.87392
5.8765
5.87675
5.78431
5.398
5.30336
9.7131
-0.00983979
0.00724512
0.00585783
0.0182856
0.0154015
0.00905054
0.00671757
0.00788281
0.00985144
0.0109164
0.0110815
0.0103081
0.00887354
0.00782988
0.00831454
0.0109105
0.00940141
-0.0033944
0.00285181
-0.00369401
0.0754455
0.095084
0.101863
0.123861
0.134404
0.133673
0.129454
0.126777
0.125629
0.12421
0.122377
0.118796
0.115275
0.111279
0.107701
0.100909
0.0857822
0.0667062
0.0643339
0.0449899
0.290447
0.272498
0.268236
0.269573
0.266136
0.258956
0.251202
0.244744
0.23993
0.235606
0.230436
0.223216
0.212421
0.197562
0.178616
0.158891
0.145349
0.140116
0.138726
0.138051
0.423616
0.399155
0.383565
0.37863
0.37566
0.370266
0.363778
0.357607
0.352511
0.34747
0.341504
0.332801
0.320099
0.301082
0.273789
0.23767
0.195515
0.15837
0.148531
0.160719
0.48314
0.464351
0.449075
0.451384
0.463914
0.475672
0.480636
0.479676
0.476052
0.471849
0.466704
0.460365
0.452042
0.442083
0.430538
0.416785
0.40076
0.384489
0.367012
0.353298
0.572972
0.570521
0.565339
0.570178
0.582004
0.592718
0.598668
0.600469
0.599164
0.597221
0.594009
0.591005
0.588495
0.589443
0.596693
0.612488
0.633351
0.646821
0.634059
0.602364
0.721538
0.73533
0.731116
0.715351
0.70726
0.706663
0.710523
0.715128
0.718218
0.71956
0.719857
0.720754
0.722391
0.726566
0.734624
0.748477
0.764228
0.772415
0.771433
0.763432
0.838895
0.851321
0.852532
0.846748
0.840912
0.838117
0.838104
0.839223
0.840444
0.841045
0.841742
0.842817
0.845415
0.84858
0.851541
0.852425
0.850481
0.846591
0.850309
0.862022
0.955602
0.979064
0.997982
0.998547
0.988979
0.978345
0.970871
0.966106
0.963544
0.961712
0.960394
0.959016
0.957658
0.956292
0.953772
0.948151
0.941044
0.935519
0.937879
0.948929
1.03612
1.04452
1.05981
1.07022
1.07714
1.08294
1.08686
1.08878
1.08941
1.08901
1.08777
1.08525
1.08106
1.07378
1.06181
1.04533
1.02559
1.00857
1.00834
1.02116
1.18216
1.16756
1.17338
1.19464
1.21485
1.22872
1.23466
1.23593
1.23472
1.23265
1.22993
1.22643
1.221
1.2135
1.20379
1.19207
1.17838
1.16536
1.15939
1.15765
1.44376
1.445
1.44682
1.44157
1.42995
1.41644
1.40469
1.39582
1.38872
1.3837
1.37966
1.37668
1.37416
1.37258
1.37265
1.37577
1.3824
1.3901
1.38493
1.36419
1.61321
1.62624
1.62016
1.59872
1.5724
1.55093
1.53686
1.52821
1.52256
1.51951
1.51883
1.5216
1.52814
1.53895
1.55208
1.56472
1.57431
1.57995
1.57937
1.56977
1.65656
1.64511
1.63706
1.64488
1.64857
1.646
1.6408
1.63661
1.63398
1.6336
1.6349
1.63906
1.64699
1.6603
1.67974
1.70421
1.72942
1.74818
1.75438
1.75184
1.69392
1.68709
1.68375
1.69288
1.70597
1.71606
1.72296
1.72773
1.73125
1.73383
1.73601
1.73837
1.7399
1.74098
1.74231
1.74724
1.75802
1.77201
1.79014
1.80894
1.70278
1.69889
1.70026
1.72221
1.75595
1.78901
1.81375
1.82882
1.83762
1.84238
1.84513
1.84541
1.84317
1.83574
1.82164
1.80018
1.77434
1.75672
1.76967
1.802
1.81399
1.82682
1.84238
1.86545
1.89322
1.91899
1.93967
1.9542
1.96375
1.96926
1.97237
1.97256
1.96909
1.96106
1.94909
1.93249
1.914
1.9017
1.89886
1.89974
2.04813
2.07695
2.09268
2.09038
2.08625
2.08618
2.09069
2.09742
2.10368
2.10817
2.11077
2.11171
2.11142
2.10994
2.10764
2.10622
2.10767
2.11211
2.10309
2.07709
2.30386
2.31558
2.31743
2.30401
2.28319
2.26619
2.2561
2.25142
2.24999
2.2495
2.24904
2.2486
2.24921
2.25246
2.25759
2.26416
2.27053
2.27279
2.26498
2.24694
2.52251
2.51964
2.51044
2.48984
2.46061
2.433
2.41277
2.40003
2.39292
2.38884
2.38607
2.38343
2.38135
2.38047
2.38226
2.38814
2.39715
2.40227
2.39907
2.39042
2.64445
2.61957
2.60163
2.59402
2.58246
2.56557
2.54814
2.53467
2.52629
2.52138
2.51919
2.51814
2.51771
2.51637
2.51403
2.50969
2.50394
2.49611
2.49401
2.4991
2.72226
2.702
2.68699
2.68164
2.67851
2.67339
2.66587
2.65816
2.65239
2.64917
2.64792
2.64779
2.64861
2.64916
2.64992
2.65056
2.65134
2.65114
2.64714
2.6438
2.75501
2.73639
2.72649
2.73756
2.75563
2.77083
2.77949
2.78137
2.77991
2.77824
2.77747
2.77727
2.77692
2.77669
2.77691
2.77699
2.77595
2.77348
2.77211
2.77421
2.84637
2.84937
2.85242
2.86605
2.88458
2.8996
2.90876
2.91254
2.91271
2.9118
2.91124
2.91153
2.91263
2.91326
2.91262
2.9099
2.90483
2.8989
2.89824
2.90279
3.01742
3.04689
3.05421
3.04584
3.04119
3.04088
3.04188
3.04237
3.04213
3.04132
3.04125
3.04243
3.04515
3.04868
3.05182
3.05287
3.05109
3.0473
3.04589
3.04672
3.17268
3.19489
3.19912
3.18914
3.17743
3.17039
3.16649
3.16405
3.16241
3.1613
3.16092
3.16133
3.16344
3.16729
3.17409
3.18456
3.19785
3.20857
3.20995
3.20243
3.27437
3.28825
3.29294
3.28837
3.28037
3.27527
3.27334
3.27293
3.27301
3.27286
3.27212
3.27113
3.26903
3.26673
3.26519
3.26794
3.27851
3.29374
3.30132
3.29378
3.30749
3.30195
3.30582
3.3245
3.34409
3.36213
3.37638
3.38543
3.39019
3.39212
3.39258
3.39144
3.38885
3.38266
3.37022
3.34906
3.32055
3.29696
3.3
3.31798
3.41182
3.41571
3.43106
3.45571
3.47786
3.49575
3.5088
3.5177
3.52283
3.5256
3.52717
3.52812
3.52793
3.52586
3.52134
3.51265
3.49978
3.48723
3.47805
3.47429
3.6215
3.64605
3.6638
3.66566
3.66306
3.66005
3.65902
3.66058
3.66272
3.66484
3.66626
3.66798
3.67013
3.67396
3.68098
3.6927
3.70765
3.71983
3.71305
3.68973
3.83138
3.84314
3.84687
3.84053
3.82875
3.81704
3.80861
3.80421
3.80258
3.80243
3.80284
3.80446
3.80748
3.81413
3.82503
3.84002
3.8564
3.86808
3.8677
3.85326
4.01215
4.01629
4.01198
3.99846
3.97896
3.96143
3.94911
3.94144
3.93708
3.93531
3.93475
3.93495
3.9352
3.9348
3.93364
3.93409
3.9381
3.94354
3.94789
3.94775
4.10315
4.09159
4.0816
4.07839
4.07602
4.07328
4.0701
4.06701
4.06492
4.06389
4.06433
4.06517
4.06611
4.06456
4.05726
4.0412
4.01776
3.99733
3.99859
4.01451
4.16639
4.14767
4.14769
4.17032
4.19086
4.20014
4.20057
4.19758
4.19466
4.19331
4.19379
4.19551
4.19872
4.20269
4.2078
4.21138
4.2102
4.20536
4.19749
4.18943
4.30914
4.31943
4.32881
4.33161
4.33308
4.33146
4.3281
4.32351
4.31939
4.31665
4.31542
4.31565
4.31636
4.31941
4.32731
4.34374
4.36761
4.38682
4.38234
4.3583
4.42992
4.43948
4.43349
4.42347
4.42343
4.42893
4.4347
4.43774
4.43845
4.43762
4.43628
4.43457
4.43219
4.42774
4.42007
4.41074
4.40469
4.40301
4.40531
4.4044
4.533
4.53046
4.52139
4.52361
4.53397
4.54639
4.55681
4.56337
4.56695
4.56771
4.56765
4.56599
4.56285
4.55522
4.53996
4.51279
4.47787
4.45016
4.4472
4.46034
4.6869
4.69467
4.69491
4.6966
4.69818
4.70027
4.70347
4.70617
4.70812
4.70917
4.71023
4.71064
4.71116
4.7109
4.71055
4.70799
4.69988
4.68907
4.67683
4.6646
4.86769
4.88129
4.88574
4.88305
4.87512
4.86509
4.85703
4.85241
4.85037
4.85011
4.85108
4.85393
4.85849
4.86735
4.88297
4.90796
4.93713
4.9567
4.94797
4.91431
5.02439
5.03799
5.03952
5.02902
5.01487
5.00156
4.9904
4.98292
4.97878
4.97777
4.9788
4.98225
4.98802
4.99675
5.0093
5.02727
5.04719
5.06027
5.06252
5.05109
5.10552
5.10826
5.10486
5.0998
5.09638
5.09578
5.09492
5.09348
5.09198
5.09136
5.092
5.09405
5.09721
5.10003
5.10056
5.09731
5.09199
5.08844
5.09421
5.10457
5.16718
5.1593
5.15869
5.17363
5.19178
5.2053
5.21092
5.21168
5.20989
5.20771
5.20506
5.20199
5.19763
5.1906
5.17925
5.16238
5.1445
5.13383
5.13578
5.14363
5.30878
5.32383
5.33232
5.33508
5.33728
5.33905
5.34025
5.33993
5.33826
5.33558
5.33265
5.32814
5.32013
5.30618
5.2854
5.25823
5.22878
5.20742
5.2044
5.2081
5.44285
5.46407
5.46936
5.46401
5.46156
5.46472
5.47092
5.47538
5.4771
5.47651
5.47516
5.47277
5.46913
5.46291
5.45452
5.4446
5.43304
5.42237
5.41219
5.39681
5.5719
5.57458
5.58076
5.60062
5.6194
5.63085
5.63506
5.63482
5.63248
5.6297
5.62685
5.6254
5.62587
5.63118
5.64294
5.66264
5.68633
5.70316
5.69395
5.65826
5.81367
5.83825
5.85127
5.84654
5.83185
5.81526
5.80164
5.79205
5.78538
5.7815
5.77983
5.78124
5.78571
5.7949
5.80944
5.82857
5.84789
5.8601
5.86162
5.84709
5.97823
5.99993
5.99922
5.97535
5.94742
5.92853
5.91918
5.91602
5.91599
5.91817
5.92291
5.93104
5.94256
5.9567
5.97138
5.98454
5.99542
6.0022
6.0087
6.01173
6.0015
5.98222
5.96967
5.97875
5.99501
6.01222
6.02493
6.03395
6.04071
6.04782
6.05562
6.06625
6.07981
6.09661
6.11483
6.13342
6.15175
6.16696
6.17458
6.1719
6.10455
6.08829
6.08775
6.10944
6.13446
6.15309
6.16396
6.16998
6.17377
6.17798
6.18286
6.18943
6.19672
6.20529
6.21377
6.22192
6.22963
6.23769
6.24698
6.24833
6.34233
6.36184
6.37061
6.362
6.34658
6.33109
6.32034
6.3134
6.30873
6.30628
6.30508
6.30471
6.30321
6.29874
6.28904
6.27443
6.25903
6.25022
6.25435
6.25828
6.5374
6.5634
6.56158
6.5351
6.50321
6.47523
6.4549
6.44124
6.43261
6.42704
6.42341
6.41934
6.41224
6.39874
6.37685
6.34669
6.31352
6.28887
6.28225
6.27943
6.57997
6.57903
6.57045
6.56713
6.56445
6.56051
6.55515
6.55027
6.54668
6.54411
6.54213
6.53897
6.53315
6.52282
6.50833
6.49073
6.47083
6.45224
6.43458
6.40984
6.58725
6.57309
6.57094
6.59573
6.62786
6.65389
6.6679
6.67313
6.67326
6.672
6.66956
6.66663
6.66277
6.66002
6.66015
6.66623
6.67629
6.68088
6.66046
6.61195
6.71771
6.73181
6.7455
6.76548
6.78711
6.80422
6.81403
6.81791
6.8174
6.81528
6.81242
6.80984
6.80746
6.80564
6.80441
6.80521
6.80699
6.80338
6.79122
6.76362
6.94134
6.98032
6.99387
6.98793
6.97965
6.97463
6.97247
6.9711
6.96899
6.96628
6.96445
6.96421
6.96579
6.96783
6.96898
6.96729
6.96257
6.9527
6.94435
6.93476
7.15898
7.18836
7.19369
7.1816
7.16242
7.14538
7.13288
7.12475
7.11959
7.11697
7.11658
7.11908
7.12461
7.13364
7.14586
7.15888
7.16977
7.1738
7.1699
7.15612
7.31641
7.32969
7.32774
7.3169
7.29979
7.28345
7.2712
7.26374
7.26023
7.26037
7.26337
7.26996
7.27954
7.2923
7.30699
7.32245
7.33568
7.3434
7.34891
7.34207
7.37762
7.36272
7.35413
7.36804
7.3834
7.39377
7.39787
7.39828
7.39775
7.39945
7.40351
7.41122
7.42181
7.43444
7.44598
7.45423
7.458
7.46013
7.47011
7.47103
7.48811
7.48252
7.48429
7.50735
7.52957
7.54136
7.54324
7.54027
7.53653
7.53527
7.53728
7.54301
7.55044
7.55759
7.56106
7.55821
7.54865
7.54032
7.54791
7.55042
7.67667
7.70645
7.71406
7.70713
7.69821
7.68914
7.68084
7.67325
7.66697
7.66311
7.662
7.6628
7.66376
7.66298
7.65971
7.65388
7.64479
7.63795
7.64133
7.63331
7.79169
7.81548
7.81063
7.79832
7.79312
7.79386
7.79498
7.79392
7.79083
7.7876
7.78463
7.78145
7.77557
7.76652
7.75516
7.74515
7.74134
7.74701
7.75171
7.72855
7.85696
7.85548
7.85291
7.87428
7.89889
7.9155
7.92187
7.92222
7.91994
7.91749
7.91581
7.91399
7.9106
7.90227
7.88635
7.86459
7.84325
7.83244
7.83442
7.81781
8.00845
8.02931
8.03508
8.03903
8.04335
8.0469
8.04911
8.04975
8.04891
8.04779
8.04759
8.04843
8.04972
8.05043
8.0482
8.04104
8.03042
8.01963
8.00895
7.97827
8.13394
8.15952
8.15871
8.15094
8.1495
8.15649
8.16627
8.17366
8.1775
8.17875
8.17914
8.17924
8.18003
8.18163
8.18489
8.19063
8.19709
8.19733
8.18742
8.15448
8.23689
8.24067
8.2393
8.2592
8.28225
8.30098
8.31261
8.31794
8.31951
8.31898
8.31783
8.31623
8.31382
8.31114
8.30949
8.30974
8.31262
8.31435
8.31386
8.29379
8.46325
8.49045
8.49549
8.49203
8.48482
8.47892
8.47536
8.47214
8.46895
8.46563
8.46365
8.462
8.46102
8.45821
8.45344
8.44622
8.43678
8.42602
8.42698
8.41874
8.66393
8.69584
8.68998
8.66631
8.64126
8.6255
8.61831
8.61517
8.61286
8.61102
8.61013
8.61075
8.61237
8.61463
8.61746
8.62006
8.62274
8.62334
8.6242
8.60345
8.77771
8.78249
8.76928
8.7698
8.76845
8.76515
8.76183
8.76036
8.7596
8.75964
8.76037
8.76239
8.7663
8.77296
8.78289
8.79527
8.8069
8.81402
8.81953
8.796
8.93828
8.95146
8.94206
8.93708
8.93032
8.92356
8.91822
8.91508
8.9133
8.9132
8.91456
8.91878
8.92544
8.93619
8.95098
8.96846
8.98582
8.9982
9.00793
8.98447
9.10984
9.12782
9.11784
9.11273
9.10416
9.09515
9.08644
9.07853
9.07258
9.06968
9.06989
9.07354
9.08069
9.09086
9.10389
9.11912
9.13391
9.14544
9.15901
9.13948
9.29658
9.3309
9.32311
9.30888
9.28702
9.26453
9.24681
9.23426
9.22643
9.22263
9.22278
9.22714
9.23435
9.2435
9.25221
9.25834
9.26152
9.26403
9.27734
9.25896
9.41983
9.4631
9.45254
9.43332
9.41188
9.39421
9.38288
9.37652
9.37396
9.3743
9.37816
9.38524
9.39557
9.40732
9.41688
9.42068
9.41642
9.40949
9.41583
9.38985
9.48188
9.50845
9.50199
9.51935
9.53291
9.53682
9.5338
9.52955
9.52695
9.52818
9.53345
9.54371
9.55758
9.57534
9.59493
9.61251
9.62339
9.62461
9.62279
9.57553
9.66656
9.72756
9.74055
9.74714
9.73957
9.72248
9.70397
9.68964
9.68026
9.67692
9.67838
9.68484
9.69565
9.71077
9.73045
9.75574
9.78377
9.80339
9.80095
9.7313
9.83024
9.91311
9.93034
9.92259
9.8996
9.87145
9.84664
9.82776
9.81577
9.80958
9.80826
9.81066
9.81445
9.81714
9.81546
9.80821
9.79805
9.78868
9.78767
9.73922
9.86313
9.92335
9.93508
9.95199
9.96274
9.96357
9.95749
9.94885
9.94259
9.93895
9.93896
9.9399
9.941
9.93632
9.92069
9.88838
9.84156
9.79848
9.78474
9.74691
9.91105
9.95665
9.97389
10.0165
10.0562
10.0797
10.0867
10.0847
10.0805
10.0779
10.0779
10.0798
10.0814
10.0791
10.071
10.0535
10.0251
9.99272
9.96416
9.89577
10.0924
10.1635
10.1916
10.2223
10.2432
10.2495
10.2454
10.237
10.2284
10.2225
10.2195
10.2185
10.2188
10.2186
10.2193
10.2212
10.2215
10.2148
10.188
10.0972
10.2708
10.3577
10.3814
10.3908
10.3933
10.3889
10.3815
10.3725
10.3645
10.3584
10.3549
10.3525
10.35
10.3464
10.3423
10.3357
10.3252
10.3118
10.2964
10.2313
10.3184
10.3727
10.3828
10.4098
10.4441
10.4707
10.4858
10.4909
10.4914
10.49
10.4893
10.488
10.4869
10.4822
10.4728
10.4563
10.4346
10.4152
10.4058
10.3653
10.3619
10.3923
10.4017
10.4482
10.511
10.5643
10.5987
10.6165
10.6238
10.6259
10.626
10.625
10.6231
10.619
10.612
10.6015
10.5895
10.5838
10.5802
10.542
10.5447
10.5862
10.5954
10.6187
10.6607
10.7024
10.7354
10.7567
10.7676
10.7718
10.7723
10.7702
10.7658
10.7586
10.749
10.7371
10.7246
10.7236
10.7296
10.706
10.8401
10.8811
10.8681
10.8432
10.8448
10.8629
10.8874
10.9091
10.9231
10.9298
10.9314
10.9296
10.9253
10.9183
10.9081
10.8951
10.8818
10.8851
10.8969
10.8872
11.2007
11.2128
11.1765
11.1203
11.0895
11.0793
11.0836
11.0936
11.1023
11.1071
11.1085
11.1078
11.1058
11.1038
11.1016
11.1002
11.101
11.1196
11.1336
11.1279
11.592
11.5918
11.5518
11.464
11.3914
11.3405
11.3128
11.3022
11.2997
11.2997
11.2998
11.3008
11.3035
11.3116
11.3272
11.3536
11.3899
11.4417
11.4576
11.4465
11.8555
11.8353
11.804
11.7169
11.6405
11.5777
11.535
11.5121
11.5017
11.4987
11.4984
11.5026
11.5106
11.5284
11.5581
11.6031
11.6634
11.7405
11.7562
11.7461
11.9809
11.95
11.9552
11.9067
11.861
11.8086
11.7615
11.729
11.7113
11.7044
11.7045
11.712
11.7275
11.754
11.7889
11.8297
11.8696
11.9186
11.9139
11.9338
12.0771
12.0738
12.1358
12.1089
12.0777
12.0302
11.9813
11.9434
11.9202
11.9103
11.91
11.9199
11.9388
11.9695
12.0089
12.0517
12.0912
12.1354
12.0927
12.1026
12.1039
12.1106
12.2164
12.2054
12.2007
12.1819
12.1547
12.1294
12.1129
12.1057
12.1065
12.1155
12.132
12.1567
12.1849
12.2106
12.2273
12.2477
12.16
12.1726
12.0766
12.0546
12.2062
12.2307
12.271
12.2942
12.2971
12.29
12.2832
12.2804
12.2819
12.2886
12.2985
12.3107
12.3184
12.3123
12.2932
12.2833
12.1399
12.1663
12.1028
12.0426
12.2443
12.2776
12.3353
12.3817
12.4048
12.4109
12.4117
12.4116
12.4123
12.412
12.411
12.4039
12.3836
12.3431
12.2918
12.2631
12.0711
12.1427
12.2254
12.0733
12.2959
12.3
12.352
12.4132
12.4555
12.4765
12.4861
12.4899
12.4907
12.4877
12.4783
12.457
12.4174
12.3578
12.3022
12.2902
12.0673
12.2273
12.5892
12.2913
12.5233
12.4551
12.4559
12.4957
12.5324
12.553
12.5623
12.5652
12.5657
12.5619
12.5536
12.5341
12.4996
12.4618
12.4569
12.516
12.2785
12.5725
13.254
12.7793
13.054
12.8804
12.7737
12.7424
12.7376
12.7339
12.7288
12.7247
12.7236
12.7257
12.7277
12.7284
12.7294
12.7571
12.8557
13.0214
12.7459
13.2146
13.9374
13.1889
13.578
13.3666
13.1862
13.0962
13.0563
13.0333
13.0175
13.0084
13.0071
13.0134
13.0264
13.0495
13.0892
13.1795
13.3583
13.574
13.186
13.9122
14.3164
13.1579
13.7616
13.6315
13.4665
13.372
13.3272
13.3025
13.286
13.2772
13.2759
13.284
13.2983
13.3251
13.3716
13.4666
13.6306
13.7576
13.1505
14.2968
14.4497
12.651
13.525
13.551
13.4487
13.3811
13.3496
13.3316
13.3186
13.3115
13.3117
13.3194
13.3328
13.3539
13.3872
13.4579
13.5599
13.528
12.6534
14.4542
15.0902
12.3283
13.4005
13.5118
13.3983
13.3096
13.2648
13.2392
13.2223
13.2141
13.2146
13.2253
13.2417
13.2721
13.3128
13.4007
13.5036
13.3931
12.3323
15.1135
17.3316
12.6931
13.5282
13.6894
13.5695
13.4715
13.4254
13.401
13.3871
13.3793
13.3802
13.3861
13.3989
13.4256
13.4693
13.5688
13.6886
13.5303
12.6984
17.3282
20.8618
12.5105
12.5673
13.1878
13.35
13.3606
13.3593
13.3578
13.3552
13.353
13.353
13.355
13.3574
13.3592
13.3602
13.3498
13.1877
12.5677
12.5113
20.8616
-0.271409
-0.252108
-0.276255
-0.200285
-0.145818
-0.10699
-0.0756139
-0.0526604
-0.0378683
-0.0309159
-0.0288472
-0.0320281
-0.039601
-0.0516077
-0.0688333
-0.09438
-0.153742
-0.260028
-0.232631
-0.211112
-0.391662
-0.318262
-0.319796
-0.232603
-0.132853
-0.0481297
0.01465
0.0566169
0.0822931
0.0939345
0.0978119
0.0922321
0.0820849
0.063971
0.039046
0.00211167
-0.0565898
-0.112637
-0.0889219
-0.137018
0.0155419
0.043117
0.0635189
0.0859398
0.12733
0.180124
0.226299
0.257536
0.274809
0.280162
0.276086
0.263249
0.240718
0.207869
0.166382
0.127125
0.111287
0.132418
0.145432
0.115074
0.502925
0.512321
0.514604
0.515339
0.505076
0.498631
0.498856
0.499187
0.49741
0.490857
0.480594
0.463506
0.439806
0.405848
0.358393
0.29092
0.195814
0.101259
0.088214
0.112937
0.974835
1.02537
1.01738
0.964438
0.884148
0.814734
0.770536
0.745996
0.731952
0.722003
0.712458
0.701334
0.688556
0.676136
0.668077
0.664813
0.661357
0.643604
0.593752
0.541569
1.18119
1.21172
1.18286
1.12189
1.05112
0.994386
0.958805
0.941844
0.934555
0.932981
0.93198
0.932901
0.935765
0.946408
0.970184
1.01469
1.08112
1.13949
1.12967
1.06749
1.1001
1.06847
1.05596
1.07387
1.09489
1.10929
1.11642
1.12079
1.12375
1.12862
1.13486
1.14636
1.16376
1.19081
1.22366
1.25946
1.29164
1.31346
1.33832
1.34854
1.04584
1.03428
1.08356
1.16554
1.23865
1.2838
1.30534
1.31507
1.31916
1.32222
1.32639
1.33363
1.34455
1.35754
1.36715
1.3676
1.35874
1.35533
1.3906
1.43971
1.3518
1.3797
1.455
1.48657
1.50652
1.52028
1.52821
1.53137
1.53213
1.53022
1.52713
1.5219
1.51259
1.49785
1.47751
1.45085
1.42429
1.41599
1.43843
1.48176
1.78716
1.78674
1.79782
1.7855
1.77672
1.77426
1.77548
1.77447
1.77167
1.76611
1.75863
1.74709
1.72941
1.70168
1.66218
1.60911
1.54644
1.49777
1.48886
1.51207
2.12637
2.12239
2.10711
2.10795
2.09225
2.06997
2.05249
2.03918
2.02885
2.02027
2.01291
2.00519
1.99535
1.9795
1.95643
1.92814
1.89592
1.86072
1.8156
1.77538
2.46983
2.47289
2.4493
2.42311
2.3793
2.33536
2.30167
2.27863
2.26418
2.2572
2.25461
2.25651
2.26303
2.27592
2.29609
2.32779
2.36982
2.40229
2.36668
2.28305
2.60617
2.54725
2.48963
2.47539
2.4695
2.46272
2.45573
2.45123
2.44945
2.45192
2.45802
2.47066
2.49104
2.5249
2.57321
2.63484
2.70128
2.74957
2.75729
2.72625
2.55898
2.48976
2.44157
2.48004
2.53752
2.57695
2.59694
2.60787
2.61415
2.62035
2.62619
2.63502
2.64734
2.66629
2.69464
2.73881
2.79967
2.86196
2.91618
2.94806
2.66446
2.67801
2.67644
2.6864
2.71698
2.74531
2.76425
2.77473
2.78091
2.7839
2.78518
2.78346
2.77795
2.7665
2.74648
2.71522
2.67897
2.6666
2.72956
2.81983
2.8538
2.91998
2.92536
2.89718
2.89743
2.9166
2.93782
2.95346
2.96365
2.96754
2.96836
2.96327
2.95223
2.92984
2.89305
2.83308
2.74928
2.67868
2.67657
2.72194
3.06496
3.11832
3.13937
3.14111
3.14455
3.15398
3.16373
3.17235
3.17832
3.18077
3.17977
3.17493
3.16473
3.14763
3.1243
3.09911
3.07896
3.05884
2.99747
2.93883
3.36311
3.42805
3.46842
3.4621
3.43966
3.42388
3.41503
3.41041
3.40799
3.40716
3.40504
3.40139
3.39625
3.39165
3.38925
3.3952
3.4142
3.43347
3.38808
3.30045
3.61565
3.63365
3.65124
3.65393
3.64521
3.63824
3.63415
3.63211
3.63085
3.63118
3.63216
3.63458
3.6384
3.64733
3.66456
3.69197
3.72038
3.72869
3.7004
3.65242
3.89314
3.84659
3.83563
3.85401
3.86434
3.86555
3.8621
3.85878
3.85533
3.85367
3.85315
3.85525
3.8598
3.86736
3.87966
3.90081
3.92707
3.93941
3.9356
3.93415
4.21524
4.18917
4.1733
4.15768
4.13827
4.11783
4.10148
4.08875
4.07893
4.07109
4.06609
4.06282
4.06173
4.06088
4.05724
4.04502
4.02225
3.99605
4.00746
4.05004
4.35241
4.37517
4.37098
4.36178
4.34814
4.33126
4.31681
4.30505
4.29527
4.28699
4.28081
4.27538
4.27047
4.26327
4.25137
4.22835
4.19621
4.16888
4.16576
4.18232
4.50197
4.53001
4.541
4.54092
4.53561
4.52659
4.51803
4.5111
4.50557
4.50042
4.49743
4.49497
4.49199
4.4854
4.47431
4.45266
4.41713
4.37778
4.35898
4.36472
4.70387
4.67844
4.67756
4.68382
4.69479
4.7044
4.70871
4.70983
4.71041
4.71033
4.71171
4.71453
4.72014
4.7276
4.74138
4.76122
4.77987
4.78378
4.76119
4.73663
4.84677
4.8079
4.79865
4.81867
4.85225
4.8828
4.90174
4.91133
4.91665
4.91952
4.92109
4.92386
4.92801
4.93874
4.96119
5.00351
5.06997
5.13965
5.15953
5.13003
4.99365
5.01547
5.02884
5.05368
5.08421
5.1096
5.12538
5.13273
5.13614
5.13762
5.13816
5.13898
5.14166
5.14655
5.14822
5.14319
5.13768
5.14853
5.20094
5.24464
5.34131
5.40372
5.42781
5.41154
5.38635
5.36843
5.36057
5.35673
5.35587
5.35644
5.36004
5.36483
5.37163
5.37632
5.37138
5.34603
5.29887
5.25786
5.28006
5.32782
5.68362
5.71807
5.70877
5.65219
5.59735
5.56667
5.55697
5.55598
5.55882
5.56335
5.57045
5.57911
5.58991
5.59898
5.60744
5.61925
5.63284
5.64204
5.63275
5.6109
5.74565
5.70464
5.68079
5.70558
5.73015
5.74709
5.75586
5.75927
5.76089
5.76334
5.76623
5.77038
5.7739
5.77864
5.78718
5.8096
5.85571
5.91255
5.923
5.87507
5.90158
5.88837
5.89926
5.93497
5.96139
5.97235
5.97407
5.97185
5.96834
5.96577
5.96328
5.95953
5.95306
5.94313
5.92782
5.90645
5.88587
5.87704
5.89268
5.89542
6.16385
6.20121
6.22021
6.20733
6.19626
6.1879
6.18256
6.17911
6.17616
6.17287
6.17064
6.16677
6.15972
6.14463
6.12049
6.08234
6.02895
5.97605
5.95601
5.96187
6.37533
6.3898
6.39287
6.39192
6.39353
6.39404
6.39329
6.39162
6.3889
6.38593
6.38348
6.38004
6.37553
6.36768
6.36143
6.36193
6.36818
6.36562
6.32137
6.263
6.60226
6.6113
6.61806
6.61831
6.61255
6.60762
6.60502
6.60284
6.60044
6.59809
6.59589
6.59343
6.59036
6.58956
6.59384
6.60935
6.63939
6.66572
6.64417
6.57684
6.80689
6.81402
6.81642
6.81627
6.81372
6.81115
6.80898
6.80715
6.80643
6.80615
6.80784
6.81049
6.81631
6.82427
6.8334
6.8379
6.83059
6.81046
6.80294
6.79576
6.97648
6.9824
6.98248
6.98593
6.98917
6.99269
6.99683
7.00117
7.0048
7.00831
7.01251
7.01928
7.02892
7.04134
7.0587
7.08321
7.11295
7.13495
7.13426
7.1201
7.11651
7.12065
7.1234
7.13806
7.15703
7.17533
7.18989
7.20109
7.20842
7.21369
7.2171
7.2212
7.22482
7.22822
7.23253
7.24242
7.25708
7.26759
7.28564
7.3048
7.3014
7.30911
7.31942
7.34704
7.37982
7.40683
7.42338
7.43191
7.4355
7.4361
7.43526
7.43406
7.4326
7.43115
7.42725
7.41545
7.389
7.35628
7.36471
7.3974
7.64421
7.67023
7.68806
7.70357
7.71252
7.71224
7.70535
7.69504
7.68383
7.67439
7.66597
7.65925
7.65181
7.64223
7.62898
7.61128
7.5922
7.57901
7.56891
7.56283
8.12669
8.17334
8.17759
8.13278
8.07106
8.0129
7.97004
7.93872
7.91617
7.89978
7.8894
7.88195
7.8746
7.86293
7.84336
7.81169
7.76929
7.73175
7.72193
7.72003
8.41044
8.43473
8.39368
8.30855
8.22945
8.17245
8.13887
8.11944
8.10775
8.0997
8.09556
8.09335
8.09364
8.09641
8.10537
8.11968
8.132
8.13257
8.11327
8.07072
8.271
8.21095
8.16134
8.18059
8.21965
8.25308
8.27312
8.28418
8.28979
8.29334
8.29571
8.29907
8.30302
8.31255
8.33226
8.3703
8.43002
8.49278
8.50297
8.43782
8.21102
8.18217
8.2013
8.27663
8.3573
8.41927
8.45796
8.48087
8.49405
8.50332
8.51031
8.51754
8.52573
8.53483
8.53807
8.5315
8.5209
8.52033
8.548
8.55054
8.46502
8.52189
8.58791
8.61485
8.63805
8.66552
8.69
8.70764
8.72045
8.7308
8.74163
8.75333
8.76676
8.77805
8.77928
8.75852
8.71192
8.66076
8.65919
8.6873
8.86801
8.94317
8.9737
8.95785
8.94499
8.94373
8.9485
8.95402
8.95915
8.96517
8.97344
8.98403
8.99644
9.00873
9.02463
9.04901
9.07488
9.08589
9.06932
9.04571
9.26456
9.30661
9.31217
9.2976
9.2624
9.2303
9.21033
9.19967
9.1939
9.19173
9.19198
9.19461
9.19664
9.20074
9.21239
9.24469
9.30516
9.37507
9.39537
9.34865
9.57091
9.58913
9.57101
9.54451
9.50407
9.46642
9.43995
9.42305
9.41252
9.40619
9.40181
9.39783
9.39187
9.3834
9.36835
9.34339
9.31773
9.31232
9.34525
9.3549
9.70468
9.68024
9.64748
9.65518
9.66001
9.65183
9.63947
9.62959
9.62285
9.61819
9.61527
9.61213
9.60743
9.59561
9.57008
9.52052
9.44689
9.37849
9.37008
9.38862
9.86597
9.84729
9.8286
9.83215
9.84317
9.8498
9.85033
9.84853
9.84539
9.84231
9.83986
9.83812
9.83607
9.83171
9.82753
9.82893
9.83072
9.8183
9.77789
9.72976
10.0407
10.0337
10.0282
10.0498
10.0772
10.0946
10.0971
10.0909
10.082
10.0747
10.0693
10.0674
10.0671
10.0732
10.0905
10.1302
10.193
10.2484
10.2343
10.1515
10.348
10.3897
10.4003
10.3945
10.3802
10.3611
10.3408
10.321
10.3036
10.2918
10.2854
10.2855
10.2903
10.2997
10.3121
10.3289
10.3488
10.3626
10.3743
10.3522
10.6201
10.6831
10.6695
10.6099
10.5569
10.523
10.5047
10.4941
10.4865
10.481
10.4796
10.4825
10.4891
10.495
10.4953
10.4842
10.4602
10.4355
10.4455
10.4659
10.5902
10.5937
10.5615
10.5634
10.5843
10.6117
10.6349
10.652
10.6627
10.6693
10.6742
10.679
10.6818
10.6813
10.6762
10.6635
10.6428
10.6238
10.6222
10.6298
10.6038
10.6024
10.614
10.6788
10.7483
10.8033
10.8394
10.8612
10.8741
10.8826
10.8891
10.8949
10.8989
10.8995
10.895
10.8831
10.8633
10.8414
10.8326
10.8228
10.9447
11.0098
11.062
11.0887
11.0995
11.1062
11.1115
11.114
11.1147
11.116
11.1181
11.1208
11.1235
11.1258
11.1293
11.1358
11.1464
11.1554
11.1472
11.1071
11.382
11.4779
11.5056
11.4743
11.4311
11.3987
11.379
11.3665
11.3582
11.3537
11.3518
11.3513
11.3498
11.3482
11.3467
11.3489
11.3602
11.3818
11.3913
11.3502
11.6289
11.6575
11.6507
11.6554
11.648
11.6326
11.6167
11.6048
11.5965
11.5913
11.5901
11.5916
11.5963
11.6009
11.6005
11.5866
11.5486
11.5029
11.5051
11.5106
11.8389
11.8241
11.8138
11.8431
11.8605
11.862
11.8538
11.8451
11.837
11.8329
11.8327
11.8384
11.8482
11.8605
11.8756
11.8966
11.9223
11.9404
11.9304
11.8919
12.0876
12.0898
12.0805
12.0925
12.1017
12.1022
12.0941
12.0839
12.0737
12.0687
12.0676
12.0728
12.0795
12.0883
12.0976
12.1122
12.1408
12.1796
12.2023
12.1717
12.3085
12.319
12.3033
12.3128
12.323
12.3244
12.3151
12.3011
12.2881
12.2805
12.2797
12.2851
12.2951
12.3077
12.3169
12.3119
12.2862
12.2567
12.2768
12.2897
12.5253
12.5561
12.5342
12.5142
12.4974
12.4866
12.4786
12.4704
12.4621
12.4571
12.4568
12.4618
12.47
12.4774
12.484
12.4955
12.5173
12.5423
12.5518
12.5237
12.5753
12.6095
12.5669
12.5403
12.5416
12.5625
12.5874
12.6057
12.6149
12.6183
12.619
12.6183
12.6118
12.5971
12.5742
12.5532
12.55
12.573
12.6044
12.5811
12.515
12.5205
12.5046
12.571
12.6496
12.7159
12.7617
12.7895
12.8041
12.8093
12.81
12.8056
12.7958
12.7766
12.7443
12.6916
12.6133
12.5378
12.5353
12.5335
12.8249
12.9105
12.9465
12.9671
12.9803
12.9989
13.017
13.0286
13.0337
13.0346
13.0336
13.0314
13.0278
13.0215
13.0155
13.0123
13.009
12.9877
12.9389
12.8594
13.2305
13.3495
13.3646
13.33
13.2897
13.2693
13.2651
13.2662
13.2664
13.2658
13.2642
13.2627
13.2606
13.2611
13.2712
13.3018
13.3569
13.4006
13.3822
13.2785
13.4604
13.5283
13.5189
13.5212
13.5092
13.4958
13.4901
13.4907
13.4916
13.4915
13.4913
13.4923
13.4942
13.498
13.5037
13.5113
13.5201
13.5206
13.5345
13.4906
13.694
13.7251
13.7103
13.7278
13.7316
13.7273
13.7223
13.7212
13.7208
13.7198
13.7198
13.7208
13.7247
13.7275
13.726
13.7141
13.6882
13.6543
13.6672
13.6563
14.0066
14.0547
14.0337
14.02
13.9976
13.9769
13.9637
13.9589
13.9573
13.9567
13.957
13.9588
13.9606
13.9622
13.9639
13.9619
13.9513
13.9337
13.9412
13.9056
14.2712
14.3211
14.2879
14.2746
14.2543
14.2332
14.2178
14.2106
14.2081
14.2084
14.211
14.2162
14.2235
14.2328
14.2438
14.2531
14.2538
14.2453
14.2584
14.21
14.5404
14.5912
14.559
14.553
14.5419
14.524
14.5029
14.487
14.4776
14.4746
14.4758
14.4827
14.494
14.5126
14.5391
14.5729
14.6108
14.6402
14.6662
14.5962
14.8528
14.9176
14.8918
14.8837
14.8661
14.8376
14.8047
14.777
14.7584
14.7507
14.7498
14.7561
14.767
14.7835
14.8038
14.8294
14.8627
14.9039
14.9549
14.8811
15.1985
15.288
15.2595
15.2218
15.1729
15.1223
15.0806
15.0489
15.0289
15.0207
15.0244
15.0378
15.0588
15.0835
15.1048
15.1077
15.0815
15.0446
15.0811
15.0456
15.3969
15.4853
15.4401
15.3984
15.3655
15.3367
15.3125
15.2925
15.2794
15.2754
15.2831
15.3021
15.3331
15.3722
15.4182
15.469
15.5168
15.5447
15.5562
15.4562
15.429
15.4861
15.465
15.5163
15.5596
15.5715
15.5587
15.5383
15.5206
15.512
15.5131
15.5263
15.5472
15.5769
15.6151
15.6692
15.7473
15.8303
15.8796
15.7537
15.6983
15.8336
15.8628
15.8737
15.8633
15.8385
15.8043
15.7691
15.7414
15.7245
15.7184
15.721
15.729
15.7374
15.7389
15.7279
15.7113
15.7091
15.7635
15.6794
15.8675
16.0311
16.0392
16.0137
15.9891
15.9715
15.9535
15.9327
15.9148
15.903
15.9002
15.9029
15.9069
15.902
15.8793
15.8261
15.7431
15.6596
15.6571
15.5672
15.7193
15.8378
15.8402
15.8914
15.9551
16.0112
16.0474
16.0644
16.0698
16.0713
16.0744
16.078
16.0806
16.0737
16.0564
16.0306
15.9948
15.9417
15.8909
15.7187
15.6363
15.7486
15.8007
15.9206
16.0406
16.1357
16.1975
16.2318
16.2473
16.2541
16.2564
16.2567
16.2519
16.2417
16.2274
16.2177
16.2178
16.2094
16.1708
15.9487
15.9411
16.1102
16.1962
16.2723
16.3322
16.3826
16.4204
16.4426
16.4529
16.4558
16.4548
16.4494
16.4389
16.4187
16.3881
16.347
16.2968
16.2376
16.2095
16.029
16.4072
16.5855
16.6247
16.6248
16.6186
16.6253
16.6395
16.6508
16.6567
16.6566
16.6536
16.6455
16.633
16.6097
16.5739
16.5193
16.4475
16.3709
16.3358
16.1762
16.7213
16.8153
16.7926
16.7984
16.805
16.8161
16.8313
16.8453
16.8538
16.8559
16.8533
16.8449
16.8322
16.8134
16.7932
16.7691
16.7403
16.7137
16.6894
16.5284
16.9878
17.0275
16.9731
16.9716
16.9858
17.0028
17.0219
17.04
17.0519
17.0569
17.0557
17.0491
17.038
17.0251
17.0176
17.0182
17.0227
17.037
17.0517
16.9304
17.2778
17.3123
17.2478
17.2128
17.2121
17.2221
17.2386
17.2558
17.2675
17.2717
17.2682
17.2585
17.2437
17.2283
17.2201
17.2254
17.246
17.2967
17.3538
17.2799
17.5471
17.5754
17.5238
17.4915
17.495
17.5018
17.5092
17.5162
17.5207
17.5201
17.5136
17.5021
17.4868
17.4693
17.4502
17.4343
17.4237
17.4579
17.5227
17.5091
17.9546
18.0139
17.9973
17.9323
17.8933
17.8612
17.84
17.8278
17.8216
17.8169
17.8132
17.8096
17.8078
17.8097
17.8117
17.8065
17.7802
17.7819
17.8017
17.8082
18.4738
18.5531
18.5438
18.4109
18.3131
18.2421
18.1981
18.1758
18.1646
18.161
18.1623
18.1717
18.1907
18.2271
18.2806
18.3512
18.4336
18.5449
18.5204
18.4516
18.9422
18.9577
18.9677
18.8546
18.7556
18.6655
18.5982
18.5591
18.5394
18.5345
18.539
18.5587
18.5929
18.6526
18.7367
18.8483
18.9847
19.1633
19.161
19.1224
19.3245
19.3258
19.3932
19.2931
19.1946
19.0897
19.0029
18.9459
18.9168
18.9091
18.9154
18.9395
18.9821
19.0524
19.1473
19.2648
19.3835
19.5222
19.4885
19.5321
19.3975
19.3589
19.4875
19.4496
19.4299
19.3809
19.3245
19.2817
19.2582
19.2523
19.2579
19.2791
19.3142
19.3679
19.4291
19.4833
19.5168
19.5804
19.4669
19.5493
19.3093
19.2264
19.4547
19.5008
19.5777
19.5977
19.5802
19.5564
19.5413
19.535
19.5354
19.5413
19.5534
19.5678
19.5689
19.5284
19.4298
19.3729
19.1363
19.2518
19.3157
19.2267
19.5478
19.5698
19.6597
19.7162
19.73
19.7229
19.7151
19.7103
19.7059
19.6991
19.6867
19.661
19.6102
19.5191
19.3976
19.3423
18.9808
19.0827
19.317
19.1041
19.4525
19.4285
19.5313
19.6383
19.7048
19.7346
19.7478
19.7526
19.7509
19.7383
19.7135
19.6649
19.5798
19.4606
19.3537
19.3682
18.965
19.1457
19.4221
18.9911
19.3911
19.3459
19.4531
19.5748
19.6586
19.703
19.7244
19.7334
19.7352
19.7281
19.7096
19.6732
19.6087
19.5199
19.4606
19.5483
19.1189
19.4988
20.0698
19.4563
19.9374
19.7157
19.6881
19.7399
19.7872
19.8098
19.8188
19.8213
19.8228
19.8202
19.8129
19.7958
19.7666
19.7485
19.8092
20.0531
19.6017
20.2475
21.1326
20.2181
20.8199
20.4447
20.2643
20.222
20.2177
20.2095
20.1995
20.192
20.1919
20.1985
20.2079
20.2208
20.2346
20.2872
20.4534
20.8
20.2363
21.2239
22.2481
20.9367
21.8034
21.3814
21.0832
20.9466
20.8888
20.8525
20.8269
20.8114
20.8095
20.8199
20.8428
20.8818
20.9407
21.0702
21.3315
21.7035
20.8393
22.1937
22.8385
20.8347
22.0637
21.7951
21.5357
21.4013
21.3412
21.3066
21.2829
21.2697
21.2676
21.2797
21.3008
21.3367
21.3926
21.5192
21.7785
22.053
20.7917
22.7479
22.9374
19.8802
21.5343
21.535
21.3836
21.2942
21.2534
21.2265
21.2061
21.1946
21.195
21.2077
21.2293
21.2618
21.3048
21.3951
21.5519
21.5721
19.9216
22.9544
23.9081
19.3616
21.2895
21.4058
21.2176
21.0862
21.0191
20.9779
20.9508
20.9377
20.9384
20.9554
20.9813
21.0288
21.0884
21.2182
21.3875
21.2661
19.3638
23.9449
27.3102
20.0324
21.5045
21.7069
21.5147
21.3766
21.3136
21.2796
21.2603
21.2495
21.2513
21.2598
21.278
21.3162
21.3758
21.518
21.7113
21.5118
20.0481
27.3008
32.2748
20.1709
20.156
20.9664
21.1935
21.2197
21.2225
21.2215
21.218
21.2152
21.2153
21.2182
21.2215
21.2232
21.2201
21.1939
20.9673
20.161
20.1796
32.2746
-0.0167508
-0.00988503
-0.0189672
-0.00267405
0.00559564
0.0101722
0.0149648
0.0195466
0.0225105
0.0232851
0.0222548
0.0194447
0.0151665
0.0111308
0.0103048
0.0154612
0.0208864
0.014534
0.0190697
0.0050274
0.094951
0.125084
0.131326
0.149617
0.161034
0.163484
0.162241
0.16177
0.161873
0.160998
0.158833
0.15428
0.148935
0.143008
0.138181
0.132656
0.123175
0.111006
0.110623
0.0905904
0.378323
0.400187
0.406804
0.387578
0.363562
0.343737
0.329192
0.319422
0.313448
0.309215
0.305484
0.301492
0.296909
0.292064
0.286352
0.277988
0.267862
0.258737
0.256379
0.263425
0.542464
0.545477
0.547634
0.53822
0.518757
0.49645
0.476609
0.461451
0.451453
0.445371
0.442
0.440816
0.441979
0.445501
0.449374
0.447912
0.435688
0.414852
0.403779
0.408986
0.654914
0.628973
0.619553
0.62133
0.619477
0.609958
0.596461
0.583777
0.574465
0.56915
0.566445
0.567069
0.569712
0.575932
0.58505
0.597422
0.611202
0.619281
0.613082
0.603565
0.7102
0.687067
0.671768
0.670683
0.67697
0.681751
0.682632
0.680597
0.677817
0.676131
0.675087
0.675505
0.676549
0.678551
0.680642
0.684062
0.688641
0.693335
0.700301
0.708785
0.695511
0.686203
0.678931
0.692795
0.718868
0.745941
0.766124
0.776962
0.780921
0.782048
0.781728
0.78124
0.779453
0.776428
0.770416
0.761779
0.752512
0.747223
0.755276
0.771246
0.784784
0.796747
0.807451
0.823843
0.844468
0.865294
0.881824
0.892201
0.896727
0.89819
0.89784
0.896528
0.893206
0.886762
0.875192
0.857939
0.837587
0.823903
0.828455
0.841982
0.966681
0.999082
1.01832
1.016
1.00933
1.00714
1.01011
1.01471
1.01796
1.01945
1.01978
1.01948
1.01771
1.01459
1.01035
1.00545
0.999809
0.995202
0.992395
0.986585
1.09438
1.10724
1.11738
1.12277
1.12391
1.12617
1.13061
1.13613
1.13992
1.142
1.14157
1.13981
1.13718
1.13553
1.13753
1.14741
1.16445
1.18034
1.17651
1.14966
1.24852
1.24798
1.25271
1.25973
1.26378
1.26594
1.26729
1.26973
1.2719
1.27245
1.27102
1.2678
1.26276
1.25615
1.24785
1.23961
1.23238
1.22761
1.22776
1.22604
1.45252
1.45751
1.45806
1.44873
1.4367
1.42739
1.42109
1.41753
1.41618
1.4153
1.41468
1.41295
1.41082
1.40667
1.39835
1.38184
1.35707
1.33357
1.32694
1.33901
1.62146
1.61349
1.60438
1.5941
1.5821
1.57298
1.56725
1.56436
1.56323
1.56368
1.56505
1.56751
1.57116
1.57677
1.58452
1.59244
1.5982
1.59799
1.58692
1.57435
1.76253
1.74694
1.74115
1.74417
1.73971
1.72898
1.71807
1.71154
1.70844
1.70897
1.71107
1.71588
1.72339
1.73524
1.75265
1.77721
1.80693
1.82981
1.82927
1.80968
1.90444
1.90402
1.90286
1.89398
1.88228
1.86818
1.85501
1.84552
1.84046
1.83935
1.84159
1.84726
1.8565
1.86984
1.88619
1.90309
1.91846
1.92811
1.93851
1.9484
1.97028
1.95736
1.95125
1.95598
1.96477
1.97006
1.96907
1.96361
1.95802
1.95457
1.95349
1.95463
1.95772
1.96225
1.96954
1.98083
1.99698
2.01592
2.03289
2.04182
2.05337
2.04974
2.05107
2.05775
2.06502
2.06922
2.0708
2.06876
2.06526
2.06096
2.05721
2.05265
2.0457
2.03456
2.01936
2.00305
1.98971
1.98696
2.0039
2.02365
2.15389
2.16251
2.16071
2.15324
2.15207
2.15624
2.16394
2.17013
2.17368
2.17354
2.17189
2.16707
2.15933
2.14507
2.12191
2.08882
2.04755
2.01263
2.00897
2.02506
2.24877
2.2488
2.2457
2.25043
2.2605
2.27319
2.28543
2.29448
2.2998
2.30192
2.30213
2.3008
2.29774
2.29258
2.28453
2.27344
2.2618
2.24965
2.22609
2.19831
2.39296
2.40888
2.42091
2.42889
2.43239
2.43355
2.43368
2.43424
2.43513
2.43619
2.43669
2.43707
2.43806
2.44093
2.44714
2.45674
2.46876
2.4765
2.45758
2.41633
2.52912
2.54761
2.56175
2.56501
2.5619
2.55887
2.55776
2.55885
2.56142
2.56442
2.5675
2.57072
2.57469
2.58175
2.59347
2.60741
2.61779
2.61919
2.60936
2.59183
2.6356
2.63914
2.64438
2.64917
2.65447
2.66291
2.67226
2.68096
2.68785
2.69321
2.69819
2.70333
2.71043
2.71888
2.72849
2.73774
2.7446
2.74477
2.74402
2.74755
2.7775
2.76961
2.77356
2.79221
2.80932
2.81998
2.82386
2.825
2.82494
2.82483
2.82478
2.82583
2.82778
2.83092
2.83569
2.84388
2.85654
2.86858
2.8764
2.87829
3.02615
3.03838
3.0435
3.0368
3.02022
2.99969
2.98169
2.9689
2.95992
2.95373
2.94846
2.94359
2.93737
2.92843
2.91659
2.90398
2.89314
2.88929
2.90101
2.91491
3.20148
3.21266
3.20378
3.17558
3.14257
3.11538
3.09763
3.08716
3.08103
3.07688
3.07339
3.06915
3.06312
3.05347
3.03774
3.01221
2.97644
2.94363
2.94061
2.95763
3.21893
3.18925
3.16812
3.17161
3.18335
3.19504
3.20163
3.20415
3.20487
3.20576
3.20621
3.20632
3.20555
3.20341
3.19992
3.19506
3.18775
3.17856
3.16327
3.14591
3.29397
3.26744
3.25802
3.27694
3.30399
3.32408
3.33458
3.33875
3.34014
3.3413
3.34266
3.34504
3.34792
3.3531
3.36099
3.37287
3.38852
3.40228
3.39676
3.37079
3.48865
3.50163
3.50577
3.49994
3.49459
3.48945
3.48595
3.48264
3.47955
3.47727
3.47625
3.47661
3.47967
3.48746
3.5012
3.51952
3.53924
3.55375
3.55649
3.54497
3.65414
3.67946
3.68185
3.66339
3.64466
3.63079
3.62198
3.61511
3.6101
3.60612
3.60387
3.60296
3.60314
3.60365
3.60441
3.60713
3.61401
3.62398
3.63537
3.64213
3.7149
3.71971
3.72063
3.72198
3.72472
3.72802
3.73072
3.73191
3.73237
3.73205
3.73243
3.73289
3.73397
3.73233
3.72499
3.70926
3.68732
3.67191
3.68175
3.70466
3.77705
3.77672
3.78405
3.80239
3.82412
3.8419
3.85213
3.85735
3.8595
3.86101
3.86321
3.86665
3.87076
3.87504
3.87876
3.87984
3.87787
3.87613
3.87521
3.87209
3.93479
3.96231
3.98366
3.98954
3.98902
3.98716
3.98523
3.98476
3.98429
3.98474
3.98536
3.98723
3.98962
3.99366
4.0015
4.017
4.03921
4.05863
4.05866
4.03838
4.09183
4.11698
4.12988
4.12121
4.10724
4.09943
4.09788
4.09953
4.10183
4.10333
4.10377
4.10315
4.10116
4.09837
4.09442
4.09024
4.08653
4.08454
4.08858
4.09117
4.20643
4.18442
4.17761
4.18913
4.20223
4.21495
4.2241
4.22893
4.23156
4.233
4.23412
4.23385
4.23213
4.22663
4.21539
4.19514
4.16784
4.14452
4.14017
4.1519
4.38395
4.36373
4.35467
4.36235
4.36941
4.37216
4.37268
4.37196
4.37084
4.37006
4.36996
4.37016
4.37017
4.36895
4.36634
4.36196
4.35688
4.3507
4.33715
4.32044
4.55379
4.56737
4.56233
4.5489
4.53604
4.52375
4.5151
4.51048
4.50785
4.50644
4.50501
4.50411
4.50362
4.50449
4.50787
4.51621
4.53009
4.54078
4.53112
4.50217
4.66692
4.67679
4.67256
4.66521
4.65951
4.65393
4.64872
4.64493
4.64275
4.64144
4.64117
4.64189
4.64381
4.6468
4.65048
4.65369
4.65546
4.65251
4.64865
4.64269
4.77697
4.78651
4.79101
4.7912
4.78945
4.78658
4.7829
4.77927
4.77648
4.77499
4.77464
4.77567
4.77803
4.78169
4.78854
4.79977
4.81501
4.82819
4.82909
4.81937
4.8729
4.88716
4.89934
4.90799
4.91387
4.91617
4.91493
4.91096
4.90652
4.90315
4.90157
4.90157
4.90231
4.9033
4.90483
4.90894
4.91542
4.92151
4.9269
4.92952
5.00582
5.02218
5.0368
5.0412
5.03971
5.03616
5.03262
5.02907
5.0259
5.02328
5.02202
5.02195
5.02326
5.02435
5.02311
5.01705
5.00464
4.99034
4.98986
5.00079
5.12668
5.13011
5.12913
5.12438
5.12281
5.12625
5.13168
5.13673
5.14011
5.14193
5.14273
5.14314
5.14224
5.1404
5.13681
5.13032
5.12208
5.11592
5.11121
5.10755
5.19889
5.17176
5.15993
5.18288
5.21302
5.23793
5.2542
5.26403
5.26961
5.2733
5.27584
5.27757
5.27747
5.27433
5.26631
5.2525
5.23381
5.21797
5.21482
5.21696
5.36298
5.37138
5.37176
5.38056
5.39256
5.40153
5.40724
5.41097
5.41304
5.41484
5.41691
5.41986
5.42352
5.42855
5.43485
5.44129
5.4443
5.44115
5.43187
5.41535
5.5969
5.62662
5.62699
5.60705
5.58698
5.57273
5.56405
5.5592
5.55578
5.55402
5.55269
5.55283
5.55458
5.56045
5.57324
5.59573
5.62611
5.65044
5.64619
5.61252
5.79485
5.81272
5.80798
5.78396
5.75372
5.72741
5.7085
5.696
5.68838
5.68346
5.67999
5.67755
5.67569
5.67358
5.67009
5.66763
5.66941
5.67462
5.68106
5.67751
5.86407
5.87418
5.87052
5.85763
5.84396
5.83257
5.82403
5.81749
5.81291
5.8095
5.80723
5.80525
5.80314
5.79745
5.78422
5.76141
5.73208
5.70875
5.71013
5.72617
5.85794
5.85335
5.86249
5.88859
5.91583
5.9346
5.94279
5.94444
5.94322
5.94209
5.94175
5.94216
5.94192
5.94036
5.93724
5.93101
5.91963
5.90671
5.8979
5.89118
5.95653
5.97135
5.99616
6.02274
6.0459
6.06261
6.07236
6.0773
6.07862
6.07955
6.08066
6.08367
6.08769
6.09431
6.10479
6.12014
6.13765
6.14985
6.14356
6.11664
6.16767
6.18528
6.19374
6.19294
6.19359
6.19866
6.20589
6.21223
6.21594
6.21814
6.21998
6.22363
6.22911
6.23856
6.25211
6.27011
6.28944
6.30191
6.30299
6.2875
6.41088
6.41202
6.40202
6.39183
6.38009
6.37122
6.36605
6.36334
6.36154
6.36055
6.35996
6.36078
6.36207
6.36339
6.36379
6.36545
6.37038
6.37705
6.38502
6.38322
6.59768
6.61419
6.61034
6.59533
6.56995
6.54466
6.5253
6.51203
6.50411
6.49939
6.49739
6.49668
6.49689
6.49523
6.48775
6.47101
6.44712
6.42917
6.43636
6.45001
6.67258
6.67861
6.67308
6.66776
6.65979
6.65126
6.64311
6.63638
6.63201
6.63
6.63031
6.6325
6.63639
6.64126
6.64636
6.64928
6.6483
6.64666
6.64429
6.63106
6.70211
6.68885
6.68432
6.70495
6.7302
6.74818
6.7561
6.75821
6.75792
6.75846
6.75995
6.76358
6.76827
6.77602
6.78824
6.8085
6.83451
6.85593
6.8545
6.82172
6.80245
6.81406
6.82155
6.83775
6.85645
6.87087
6.87945
6.88399
6.88587
6.8879
6.89062
6.89499
6.89977
6.9044
6.90733
6.91021
6.91277
6.9141
6.9157
6.90339
6.96303
6.98964
6.99287
6.98864
6.98958
6.99544
7.00302
7.00973
7.0146
7.01839
7.02258
7.02748
7.03266
7.03541
7.03215
7.01976
6.99988
6.98181
6.97797
6.97686
7.1417
7.16167
7.16227
7.16094
7.15847
7.15639
7.15511
7.15481
7.15508
7.15598
7.15726
7.15866
7.15976
7.15961
7.158
7.15429
7.15012
7.14633
7.13716
7.1154
7.34508
7.37309
7.37906
7.37048
7.35352
7.33581
7.32099
7.31
7.30278
7.29846
7.29579
7.29341
7.28922
7.28251
7.27391
7.26623
7.26343
7.26449
7.25792
7.2289
7.4896
7.50383
7.50371
7.49857
7.48986
7.47949
7.46791
7.45672
7.44796
7.4417
7.43803
7.43536
7.43307
7.42871
7.41927
7.40131
7.37443
7.34829
7.33949
7.33018
7.59616
7.59469
7.59279
7.60484
7.61601
7.61866
7.612
7.60168
7.59158
7.58449
7.58034
7.5793
7.58021
7.58342
7.58909
7.59624
7.60266
7.60399
7.59226
7.56205
7.73293
7.75142
7.75621
7.7561
7.75271
7.74664
7.73838
7.72982
7.72152
7.71636
7.71369
7.7146
7.71743
7.72376
7.73481
7.75336
7.77882
7.80022
7.79945
7.76831
7.79467
7.81428
7.81345
7.80956
7.81092
7.81829
7.82651
7.83176
7.83363
7.83479
7.8369
7.84143
7.84784
7.8552
7.86117
7.86352
7.86093
7.85578
7.86066
7.86038
7.81061
7.80652
7.80617
7.83836
7.87893
7.91379
7.93653
7.94891
7.95456
7.95765
7.96003
7.96319
7.96664
7.96855
7.96699
7.96124
7.95213
7.9447
7.94652
7.94426
7.99669
8.0208
8.03331
8.04862
8.06443
8.07773
8.08739
8.09249
8.09373
8.09273
8.09158
8.09036
8.0878
8.08104
8.06777
8.04816
8.0248
8.00534
8.00421
8.00393
8.2333
8.27863
8.28959
8.27883
8.26305
8.25178
8.24622
8.24234
8.23868
8.23458
8.23115
8.22712
8.2219
8.21276
8.19953
8.18326
8.16517
8.14988
8.14446
8.13042
8.37797
8.40021
8.40026
8.39875
8.39353
8.38849
8.38448
8.38155
8.37907
8.377
8.37509
8.3731
8.36941
8.36471
8.36098
8.36037
8.36459
8.37203
8.37102
8.33954
8.48903
8.49265
8.48738
8.49594
8.50445
8.51123
8.51498
8.51781
8.51959
8.52126
8.52344
8.52678
8.53226
8.54027
8.5508
8.56306
8.57412
8.58262
8.58803
8.56481
8.63765
8.64978
8.64441
8.64632
8.64966
8.65425
8.6584
8.66184
8.66413
8.66672
8.66993
8.67582
8.68473
8.69953
8.72084
8.74803
8.77773
8.8004
8.80951
8.78512
8.81197
8.82756
8.81908
8.81745
8.81558
8.81479
8.81491
8.81469
8.81404
8.81444
8.81627
8.82041
8.8269
8.83554
8.84512
8.85727
8.87355
8.88881
8.90458
8.8949
9.01932
9.04621
9.0366
9.02081
9.00094
8.9835
8.97194
8.96502
8.96148
8.95984
8.96084
8.96413
8.96907
8.97285
8.9717
8.96167
8.94399
8.92728
8.93623
8.93822
9.17832
9.20792
9.19083
9.16492
9.14071
9.12375
9.11422
9.10948
9.10792
9.10768
9.10924
9.11142
9.11392
9.11459
9.1139
9.11106
9.10417
9.09521
9.09272
9.07056
9.28308
9.28921
9.27144
9.27728
9.28272
9.28211
9.27717
9.27183
9.2679
9.26646
9.26707
9.26974
9.27223
9.27492
9.27829
9.2844
9.29419
9.30285
9.30211
9.26106
9.50322
9.54156
9.53969
9.5314
9.51228
9.48738
9.46422
9.44673
9.43508
9.4288
9.42742
9.43014
9.43753
9.44878
9.46238
9.47596
9.48501
9.4867
9.48707
9.44754
9.68793
9.74935
9.75048
9.72628
9.6899
9.65285
9.62246
9.60014
9.58556
9.57771
9.57529
9.57837
9.58594
9.59945
9.61884
9.64196
9.66326
9.67349
9.67388
9.62687
9.71636
9.75889
9.75752
9.7592
9.75667
9.74912
9.73862
9.72835
9.72111
9.71786
9.71837
9.72228
9.72889
9.73645
9.74376
9.75093
9.75645
9.75681
9.76098
9.72365
9.73206
9.76455
9.77255
9.80433
9.83622
9.85608
9.86302
9.86291
9.8613
9.86178
9.86592
9.87402
9.88493
9.89549
9.90064
9.8929
9.87034
9.84246
9.83816
9.80566
9.88422
9.94847
9.97438
10.0005
10.0181
10.0237
10.0213
10.016
10.0116
10.0107
10.0148
10.0238
10.0377
10.0545
10.0724
10.085
10.0852
10.0727
10.0564
9.99233
10.0768
10.1654
10.1951
10.2038
10.1989
10.1864
10.173
10.1612
10.1529
10.1495
10.1506
10.1571
10.1667
10.1799
10.1965
10.2164
10.2357
10.2442
10.2305
10.1483
10.1753
10.2404
10.2604
10.2825
10.2971
10.3004
10.2958
10.2878
10.2807
10.2763
10.2749
10.2757
10.2772
10.2757
10.268
10.2523
10.2311
10.2116
10.2035
10.1465
10.2384
10.2847
10.3016
10.3385
10.3755
10.3991
10.4081
10.4084
10.4053
10.4015
10.3987
10.3952
10.3892
10.3749
10.3475
10.301
10.239
10.1848
10.1669
10.1264
10.3464
10.3959
10.4132
10.4459
10.4851
10.5159
10.5332
10.5397
10.5403
10.5382
10.5355
10.5304
10.5215
10.5042
10.4781
10.44
10.3906
10.3466
10.3173
10.2548
10.497
10.5411
10.5506
10.5758
10.6126
10.6462
10.669
10.6801
10.6834
10.6829
10.6807
10.677
10.6707
10.6608
10.6468
10.6296
10.612
10.6018
10.5799
10.5014
10.7145
10.7587
10.7582
10.7576
10.771
10.7902
10.8084
10.8211
10.8274
10.8286
10.8269
10.8227
10.8175
10.8118
10.8075
10.8056
10.8079
10.8198
10.8195
10.7651
10.9353
10.9657
10.9467
10.9179
10.9127
10.9251
10.9447
10.9626
10.9743
10.9791
10.9788
10.9746
10.9675
10.9589
10.9528
10.9548
10.9692
11.0018
11.024
11.0039
11.1642
11.1517
11.1208
11.1004
11.1028
11.1139
11.1276
11.1404
11.1496
11.1537
11.1537
11.1506
11.1453
11.1385
11.1311
11.1249
11.1234
11.1436
11.173
11.1935
11.5638
11.5629
11.5353
11.4719
11.421
11.384
11.364
11.3563
11.3543
11.3534
11.3526
11.3523
11.3547
11.3618
11.3741
11.3905
11.4066
11.4364
11.4551
11.4731
11.9363
11.9438
11.9169
11.8168
11.7241
11.6503
11.6028
11.577
11.5647
11.5601
11.5599
11.5654
11.5776
11.6018
11.6405
11.6961
11.7654
11.8474
11.8607
11.8489
12.0929
12.0765
12.0712
12.0008
11.9327
11.8676
11.8166
11.7842
11.7679
11.7629
11.7649
11.7752
11.7943
11.8277
11.8758
11.9408
12.0186
12.1093
12.1155
12.1129
12.1089
12.0829
12.13
12.1139
12.096
12.06
12.0191
11.9871
11.9691
11.9633
11.9667
11.9802
12.0034
12.04
12.0854
12.1317
12.1672
12.2034
12.1658
12.1893
12.1154
12.1144
12.2229
12.2341
12.2461
12.2337
12.2068
12.1807
12.1634
12.1566
12.1585
12.1691
12.1885
12.2159
12.244
12.2622
12.2622
12.2638
12.1661
12.1821
12.1228
12.1233
12.2785
12.297
12.331
12.3486
12.3474
12.3379
12.3294
12.3253
12.3256
12.3303
12.3366
12.3419
12.3382
12.3146
12.2717
12.2393
12.0866
12.1177
12.1478
12.0946
12.2877
12.3139
12.3705
12.4202
12.4465
12.4544
12.4558
12.4556
12.4553
12.4532
12.4482
12.434
12.4037
12.3526
12.2937
12.263
12.0672
12.1305
12.2957
12.1494
12.3671
12.3616
12.4058
12.4637
12.5055
12.5266
12.5356
12.5391
12.5384
12.5336
12.5213
12.4968
12.454
12.3973
12.3574
12.3678
12.1499
12.2908
12.6591
12.3622
12.5934
12.5263
12.5246
12.5591
12.5909
12.6082
12.6156
12.6175
12.6175
12.6137
12.6058
12.5883
12.5584
12.5288
12.5303
12.5914
12.355
12.6481
13.2997
12.821
13.0952
12.9266
12.8228
12.7919
12.7864
12.7825
12.7777
12.774
12.7734
12.7764
12.7802
12.7853
12.7953
12.8319
12.9349
13.1018
12.825
13.295
13.9582
13.2078
13.5969
13.3924
13.2191
13.1352
13.0991
13.0778
13.0632
13.0549
13.0542
13.0609
13.0747
13.0986
13.1377
13.2248
13.3988
13.607
13.2162
13.9565
14.344
13.1924
13.7974
13.6683
13.5051
13.4137
13.3718
13.3485
13.3326
13.3241
13.3231
13.3315
13.3465
13.3733
13.418
13.5099
13.6729
13.8016
13.1931
14.3405
14.5009
12.7163
13.5917
13.6122
13.5043
13.4321
13.3986
13.3799
13.3665
13.3592
13.3593
13.3669
13.3802
13.4011
13.4338
13.5025
13.6037
13.5763
12.7043
14.5078
15.144
12.38
13.4477
13.5578
13.4452
13.3566
13.3117
13.2862
13.2695
13.2614
13.2619
13.2726
13.2889
13.319
13.3594
13.4473
13.5491
13.4378
12.3786
15.16
17.379
12.736
13.5717
13.7354
13.6169
13.5189
13.4725
13.4481
13.4343
13.4265
13.4275
13.4334
13.4462
13.4729
13.5166
13.6172
13.7387
13.5801
12.7455
17.3725
20.9088
12.5569
12.6138
13.2346
13.397
13.4076
13.4063
13.4049
13.4023
13.4002
13.4002
13.4023
13.4047
13.4065
13.4076
13.3973
13.2353
12.6152
12.5585
20.9091
0.0154481
0.0114119
0.00886696
0.009725
0.010716
0.0119876
0.013428
0.014669
0.0155298
0.0158012
0.0156635
0.0151244
0.014148
0.0130737
0.0120461
0.0116898
0.0116771
0.0107979
0.0128555
0.0176843
0.0427993
0.0424863
0.0463421
0.0538764
0.0599261
0.0630627
0.0643829
0.0653596
0.0664746
0.0673685
0.0683205
0.0689394
0.0701577
0.0713307
0.0720716
0.0704614
0.0647067
0.0558748
0.050681
0.0523747
0.10662
0.106551
0.106234
0.106375
0.107992
0.110728
0.113731
0.116413
0.118433
0.119739
0.120431
0.120743
0.120699
0.120682
0.120709
0.120562
0.120231
0.11945
0.117411
0.115535
0.170382
0.171511
0.173178
0.174296
0.174527
0.174174
0.17366
0.173304
0.173034
0.172783
0.172163
0.171239
0.169885
0.167876
0.164898
0.161276
0.1574
0.154209
0.15407
0.15685
0.238745
0.241211
0.243175
0.242571
0.24004
0.236594
0.233298
0.230703
0.228825
0.227338
0.225814
0.224148
0.221832
0.219
0.215378
0.211366
0.207687
0.205346
0.205751
0.207888
0.291636
0.291794
0.291551
0.29051
0.288796
0.286828
0.285082
0.283761
0.282631
0.281874
0.281039
0.280161
0.278945
0.277558
0.276066
0.274668
0.273344
0.272746
0.272281
0.270685
0.330775
0.325601
0.322978
0.324388
0.327381
0.330624
0.333141
0.334906
0.335842
0.336485
0.336948
0.33768
0.338298
0.339349
0.34061
0.341943
0.342743
0.34272
0.341607
0.339351
0.385038
0.382874
0.381376
0.382088
0.384389
0.387062
0.38903
0.390395
0.391133
0.39175
0.392234
0.392987
0.394314
0.396488
0.39949
0.403311
0.407064
0.409122
0.407892
0.404736
0.447524
0.452154
0.454201
0.453205
0.451502
0.449377
0.447543
0.446161
0.44538
0.444852
0.444574
0.44452
0.444667
0.445281
0.446259
0.447581
0.449217
0.450298
0.450542
0.450849
0.494941
0.496967
0.498116
0.497693
0.497156
0.496667
0.496524
0.496451
0.496481
0.496348
0.496085
0.495368
0.494343
0.492398
0.489399
0.48546
0.481381
0.478795
0.480455
0.485556
0.542484
0.539406
0.537914
0.538703
0.54115
0.544422
0.547301
0.549317
0.550419
0.550855
0.550842
0.550369
0.549254
0.547305
0.544365
0.540359
0.536241
0.533888
0.534846
0.537356
0.60759
0.608475
0.608826
0.608585
0.608447
0.608605
0.608699
0.608956
0.609095
0.609349
0.609448
0.609515
0.609622
0.609832
0.610256
0.610971
0.611563
0.612008
0.611066
0.607896
0.673426
0.678055
0.680467
0.678512
0.674599
0.670686
0.667778
0.666163
0.665524
0.665544
0.665931
0.666864
0.668144
0.670343
0.673272
0.6768
0.68027
0.682273
0.680996
0.676761
0.722285
0.7213
0.722327
0.723325
0.723008
0.72211
0.720968
0.719836
0.718966
0.718578
0.718436
0.718537
0.719118
0.720344
0.722435
0.725566
0.729347
0.732048
0.731752
0.729422
0.766646
0.764759
0.764903
0.766306
0.767849
0.769091
0.769815
0.769881
0.769657
0.769192
0.768805
0.768218
0.767193
0.765477
0.763181
0.760674
0.758679
0.757513
0.758646
0.762386
0.813825
0.810853
0.808727
0.80919
0.811567
0.81475
0.817826
0.820059
0.821421
0.821896
0.821836
0.82105
0.819696
0.817035
0.812987
0.807614
0.801635
0.797294
0.798015
0.803032
0.879657
0.87873
0.877074
0.876227
0.876495
0.877299
0.87834
0.879221
0.87989
0.880174
0.880202
0.879961
0.879323
0.878467
0.877421
0.875894
0.874109
0.8728
0.871818
0.870111
0.953241
0.958089
0.960321
0.958164
0.953841
0.948892
0.944885
0.94221
0.940684
0.939954
0.939746
0.939977
0.940925
0.942585
0.945239
0.948964
0.952953
0.955567
0.953694
0.947715
1.00397
1.00588
1.00792
1.0074
1.00484
1.00154
0.998557
0.996344
0.994982
0.994294
0.994202
0.994808
0.996058
0.998456
1.00206
1.00689
1.01205
1.01534
1.01456
1.01115
1.03898
1.0351
1.03485
1.0376
1.0407
1.04339
1.04504
1.04579
1.04599
1.04609
1.04624
1.04641
1.04673
1.04687
1.04704
1.04752
1.04816
1.04852
1.04988
1.05322
1.08216
1.07954
1.07942
1.08273
1.08713
1.09112
1.09403
1.09579
1.09672
1.09709
1.0973
1.0974
1.09726
1.09649
1.09486
1.092
1.08844
1.08536
1.08634
1.09145
1.13842
1.13873
1.13804
1.13861
1.1406
1.14307
1.14557
1.14763
1.14905
1.14983
1.14997
1.1495
1.1487
1.14743
1.1458
1.14366
1.14131
1.13979
1.13996
1.14056
1.2053
1.20582
1.20414
1.20279
1.20269
1.20342
1.20449
1.20552
1.20637
1.20686
1.20706
1.20691
1.20619
1.20516
1.20388
1.2024
1.20113
1.20077
1.20088
1.19959
1.27757
1.28095
1.28118
1.27821
1.27402
1.2703
1.26762
1.2661
1.2655
1.26546
1.26572
1.2661
1.26678
1.2676
1.26857
1.26955
1.26995
1.26971
1.26887
1.26689
1.33653
1.33916
1.34008
1.33802
1.3337
1.32901
1.3253
1.32294
1.32177
1.32137
1.32152
1.32224
1.32341
1.32546
1.32816
1.33137
1.33444
1.33599
1.33482
1.33178
1.3816
1.37942
1.37913
1.38033
1.38093
1.38049
1.37931
1.37798
1.37677
1.37597
1.37544
1.37516
1.37522
1.37553
1.37623
1.37744
1.37898
1.38009
1.37996
1.3791
1.42854
1.4273
1.42775
1.42944
1.43125
1.43219
1.43211
1.43122
1.43012
1.42892
1.42799
1.42704
1.42587
1.42401
1.42132
1.41772
1.41419
1.41216
1.41336
1.41708
1.47411
1.47493
1.47564
1.47659
1.47816
1.47976
1.48111
1.48176
1.48195
1.48178
1.4815
1.48093
1.4803
1.479
1.47698
1.47419
1.47113
1.46946
1.46996
1.47178
1.5179
1.51724
1.51731
1.51965
1.52311
1.52666
1.52993
1.53251
1.53438
1.53567
1.53665
1.5376
1.53849
1.53967
1.54113
1.5427
1.54392
1.54443
1.54296
1.53972
1.57448
1.57454
1.57538
1.57745
1.57997
1.5825
1.5849
1.58704
1.58872
1.5901
1.59126
1.59246
1.59396
1.59587
1.59831
1.60118
1.60374
1.60478
1.60314
1.5999
1.64347
1.64454
1.64454
1.64378
1.64307
1.643
1.64333
1.64379
1.64426
1.6445
1.64459
1.64456
1.64436
1.64427
1.64431
1.64471
1.6456
1.64625
1.64583
1.64522
1.71578
1.71857
1.71858
1.71582
1.71174
1.7079
1.70492
1.70293
1.70175
1.7009
1.7001
1.69898
1.69756
1.69529
1.69199
1.68781
1.68365
1.6811
1.68205
1.68599
1.77481
1.77723
1.77809
1.77625
1.77241
1.76805
1.76414
1.76127
1.75936
1.7582
1.75747
1.75682
1.75591
1.75467
1.75292
1.75053
1.74803
1.74655
1.74682
1.74768
1.81911
1.81662
1.81621
1.81739
1.81834
1.81859
1.81787
1.81686
1.81571
1.81509
1.81473
1.8149
1.81552
1.81685
1.81913
1.82225
1.82532
1.82719
1.8257
1.82083
1.86524
1.86364
1.86319
1.86437
1.86639
1.86815
1.86903
1.86918
1.86897
1.86885
1.86895
1.86965
1.87079
1.87287
1.87577
1.87932
1.88263
1.88454
1.88379
1.88098
1.91193
1.91244
1.91202
1.91226
1.9138
1.91576
1.91772
1.91917
1.92018
1.92096
1.92168
1.92243
1.92332
1.92423
1.92518
1.92598
1.9262
1.92586
1.92613
1.92783
1.96084
1.96047
1.96017
1.96184
1.96477
1.96779
1.97045
1.97236
1.9736
1.9743
1.97489
1.97543
1.97581
1.97582
1.97532
1.97414
1.97264
1.97129
1.97095
1.97218
2.02361
2.02572
2.02682
2.02722
2.0277
2.02828
2.02884
2.02935
2.02977
2.03007
2.03012
2.02994
2.02951
2.02847
2.02654
2.02372
2.02055
2.01819
2.01785
2.01885
2.09417
2.09842
2.09977
2.09725
2.09368
2.09075
2.0887
2.08764
2.08727
2.08727
2.08727
2.08723
2.08685
2.08617
2.08493
2.08322
2.08133
2.07981
2.07878
2.07718
2.1577
2.16145
2.16349
2.16174
2.15765
2.15309
2.14919
2.1466
2.14494
2.14423
2.14376
2.14368
2.14369
2.14393
2.14443
2.14524
2.14618
2.14658
2.14446
2.13917
2.20548
2.20521
2.20703
2.2089
2.20883
2.20725
2.20471
2.20214
2.20001
2.19863
2.19781
2.19744
2.19718
2.19716
2.19707
2.19682
2.19609
2.19481
2.19352
2.19214
2.24493
2.24428
2.24578
2.24873
2.25137
2.25315
2.25355
2.25302
2.25197
2.25107
2.25031
2.24975
2.24926
2.24885
2.2486
2.2487
2.24912
2.24937
2.24854
2.24695
2.28365
2.28161
2.2808
2.28384
2.28892
2.29433
2.29863
2.30141
2.30274
2.30321
2.30323
2.3031
2.30252
2.30158
2.30035
2.29925
2.29856
2.29835
2.29845
2.29839
2.34262
2.3428
2.34178
2.34315
2.34648
2.35053
2.35421
2.35698
2.35867
2.35972
2.36036
2.36098
2.3616
2.36195
2.36155
2.36026
2.35796
2.35569
2.35524
2.35635
2.41972
2.4262
2.42827
2.42627
2.42311
2.42035
2.4188
2.4183
2.41832
2.41859
2.41904
2.42001
2.4215
2.42384
2.42652
2.42925
2.43157
2.43257
2.43045
2.42611
2.48773
2.49202
2.49367
2.49111
2.48631
2.48156
2.47812
2.4762
2.47525
2.47508
2.47513
2.47565
2.47643
2.47783
2.47991
2.48291
2.4863
2.48823
2.48658
2.48269
2.54262
2.54179
2.54216
2.54211
2.54029
2.53765
2.5348
2.53247
2.53085
2.53001
2.52965
2.52966
2.52957
2.52924
2.52828
2.52662
2.52421
2.52187
2.52196
2.52453
2.59059
2.59029
2.59129
2.59275
2.59301
2.59211
2.59027
2.58833
2.58666
2.58556
2.58481
2.58433
2.58374
2.58279
2.58105
2.57846
2.57533
2.57324
2.57371
2.57517
2.63576
2.63484
2.63468
2.63708
2.63988
2.64191
2.64269
2.64272
2.64232
2.64207
2.64198
2.64226
2.64242
2.64263
2.64252
2.64215
2.64161
2.64134
2.64071
2.63782
2.69233
2.69299
2.69224
2.69366
2.69628
2.69852
2.69968
2.70009
2.70003
2.70021
2.70067
2.7018
2.70332
2.70532
2.70729
2.70905
2.71008
2.71005
2.70827
2.7043
2.75571
2.76004
2.76087
2.76003
2.75944
2.75899
2.75849
2.75797
2.75746
2.75721
2.75736
2.75828
2.75985
2.76238
2.76536
2.76861
2.77138
2.77218
2.76976
2.76538
2.81239
2.81618
2.81835
2.8183
2.81716
2.81578
2.81448
2.81337
2.81244
2.81185
2.8115
2.81152
2.81176
2.81223
2.81266
2.81302
2.81323
2.81259
2.81129
2.8099
2.86157
2.86491
2.86696
2.86762
2.86749
2.86698
2.86646
2.866
2.86561
2.86529
2.8651
2.86482
2.86406
2.8623
2.8591
2.85449
2.84942
2.84572
2.84609
2.84906
2.91058
2.90972
2.90925
2.91117
2.91424
2.91729
2.91953
2.9208
2.92124
2.92132
2.92123
2.92103
2.92057
2.9194
2.91718
2.91411
2.91068
2.90839
2.90783
2.9069
2.97937
2.98173
2.98263
2.9827
2.98279
2.98268
2.98224
2.98166
2.98097
2.98036
2.9798
2.97953
2.97944
2.98004
2.98131
2.98338
2.98563
2.98679
2.98409
2.97656
3.04989
3.05622
3.05904
3.05693
3.05282
3.04841
3.04486
3.04244
3.04087
3.03991
3.03921
3.0389
3.03894
3.03966
3.04098
3.04298
3.04508
3.04607
3.04434
3.03944
3.10603
3.10721
3.1084
3.1087
3.10772
3.10606
3.10416
3.10235
3.101
3.10027
3.10023
3.10083
3.10183
3.10306
3.10398
3.10423
3.10392
3.10321
3.10294
3.10305
3.16114
3.16182
3.16261
3.1635
3.16401
3.16385
3.16298
3.16188
3.16096
3.16075
3.1614
3.163
3.16556
3.16889
3.17249
3.17595
3.1786
3.17972
3.17886
3.17647
3.21575
3.21654
3.21659
3.2178
3.21936
3.22031
3.22037
3.22001
3.21956
3.21958
3.22012
3.2217
3.22399
3.22742
3.23171
3.23667
3.24138
3.24405
3.243
3.23846
3.27491
3.27861
3.28009
3.28131
3.28212
3.28179
3.28044
3.27886
3.27763
3.2771
3.27724
3.27812
3.27945
3.28079
3.28135
3.28078
3.27882
3.27668
3.27691
3.2784
3.33126
3.33755
3.34054
3.34052
3.33947
3.33799
3.33637
3.33489
3.33378
3.33323
3.33322
3.33368
3.33405
3.33393
3.33253
3.32937
3.32519
3.32222
3.32226
3.32293
3.38194
3.38216
3.38276
3.38509
3.38807
3.39071
3.3922
3.39261
3.39234
3.39208
3.392
3.39212
3.39217
3.3917
3.39018
3.38768
3.3846
3.38245
3.38102
3.37727
3.44871
3.4521
3.4541
3.45572
3.45727
3.4577
3.45695
3.45562
3.45433
3.45345
3.45317
3.4535
3.4539
3.45418
3.45372
3.45224
3.45005
3.44786
3.44501
3.43954
3.5141
3.52176
3.52586
3.52598
3.52434
3.52171
3.51887
3.51633
3.51455
3.5135
3.51324
3.51348
3.51439
3.51558
3.51678
3.51792
3.51866
3.5184
3.5147
3.50726
3.56238
3.56486
3.56776
3.57107
3.57372
3.57505
3.57496
3.57378
3.57243
3.57147
3.5712
3.57165
3.57254
3.57386
3.57528
3.57644
3.5772
3.57691
3.57359
3.56723
3.61081
3.61313
3.61567
3.61959
3.62413
3.62783
3.62981
3.6302
3.6298
3.62932
3.62935
3.6296
3.63031
3.63066
3.63036
3.6293
3.62746
3.62502
3.62242
3.61981
3.66634
3.66856
3.66954
3.67264
3.67737
3.68211
3.68553
3.68743
3.68812
3.68827
3.68841
3.68886
3.6893
3.68937
3.68863
3.68667
3.68421
3.6817
3.67941
3.6766
3.73819
3.74365
3.74504
3.74619
3.74782
3.74943
3.75036
3.75066
3.75053
3.75028
3.75019
3.75024
3.75052
3.7504
3.74957
3.74776
3.74518
3.74282
3.74108
3.73789
3.81443
3.82379
3.82687
3.82505
3.82175
3.81869
3.81636
3.81466
3.81341
3.81268
3.81242
3.81275
3.81324
3.81401
3.8147
3.81485
3.81468
3.81408
3.8121
3.80658
3.87693
3.88061
3.88194
3.88214
3.88122
3.88012
3.87877
3.87734
3.8759
3.87493
3.87429
3.874
3.87429
3.87505
3.87625
3.87819
3.88065
3.88234
3.88054
3.87326
3.93777
3.94091
3.94115
3.94095
3.94064
3.94031
3.93978
3.93904
3.93822
3.93754
3.93728
3.93757
3.93792
3.93821
3.93798
3.93701
3.93575
3.9348
3.93547
3.93434
4.00149
4.00427
4.00221
4.00073
4.00018
4.00046
4.00111
4.00178
4.00236
4.00287
4.00379
4.00501
4.00709
4.00954
4.01208
4.01439
4.01583
4.01684
4.01737
4.01315
4.07987
4.08629
4.08523
4.08231
4.079
4.07581
4.07339
4.07182
4.07105
4.07104
4.07178
4.07374
4.07679
4.08169
4.08819
4.09555
4.10237
4.10652
4.1052
4.09461
4.16046
4.17444
4.1784
4.17469
4.16688
4.15775
4.14994
4.14431
4.14087
4.13914
4.13885
4.1398
4.14229
4.14612
4.15117
4.15688
4.16185
4.16444
4.16343
4.15487
4.21622
4.22802
4.23284
4.23186
4.2267
4.21971
4.2132
4.20818
4.205
4.20343
4.20332
4.20459
4.20674
4.20941
4.21178
4.21282
4.21236
4.21102
4.21026
4.20525
4.26129
4.26857
4.27203
4.27511
4.27617
4.27532
4.27322
4.27105
4.26953
4.26908
4.26988
4.27176
4.275
4.27884
4.28256
4.28499
4.28504
4.28332
4.27987
4.26983
4.32012
4.33195
4.33825
4.34302
4.34515
4.34418
4.34144
4.33864
4.33667
4.33614
4.33702
4.33979
4.34386
4.34954
4.35595
4.36168
4.36487
4.36399
4.35659
4.33893
4.38195
4.40142
4.41255
4.41803
4.41873
4.41518
4.41003
4.40542
4.40237
4.40118
4.40169
4.40384
4.40755
4.41219
4.41699
4.42037
4.42046
4.41635
4.40713
4.3896
4.42927
4.44714
4.4582
4.46597
4.47023
4.47037
4.46814
4.46531
4.46322
4.46232
4.46277
4.46442
4.46664
4.46855
4.46902
4.46635
4.45975
4.4504
4.43996
4.42509
4.47939
4.4924
4.50113
4.51112
4.5204
4.52605
4.5278
4.52727
4.52606
4.52525
4.52516
4.52541
4.5257
4.52447
4.52089
4.51347
4.50239
4.49027
4.47828
4.46238
4.54862
4.5637
4.57339
4.5824
4.59081
4.59549
4.59632
4.59485
4.59281
4.59097
4.58967
4.58841
4.58659
4.58279
4.57613
4.56556
4.55205
4.53933
4.52816
4.51311
4.61954
4.63514
4.64444
4.65103
4.65748
4.66152
4.66283
4.6621
4.6606
4.65894
4.65756
4.65589
4.65367
4.64963
4.64357
4.63504
4.62526
4.61727
4.60855
4.59317
4.68458
4.6916
4.69523
4.70185
4.71198
4.72134
4.72754
4.73032
4.73072
4.73001
4.72891
4.72755
4.72583
4.72343
4.72061
4.71779
4.7159
4.71602
4.71135
4.69677
4.77267
4.77815
4.7774
4.77809
4.78471
4.79291
4.79944
4.80334
4.80492
4.80513
4.80483
4.80438
4.80382
4.80306
4.80255
4.80283
4.80473
4.80929
4.811
4.80572
4.88757
4.89205
4.88616
4.87637
4.87295
4.87434
4.8777
4.88096
4.88319
4.88439
4.88514
4.88593
4.88718
4.88917
4.89248
4.89788
4.9059
4.91694
4.9231
4.92188
5.02099
5.02117
5.01045
4.99173
4.97828
4.97101
4.96833
4.968
4.96841
4.96894
4.96962
4.97113
4.9736
4.97796
4.98446
4.99347
5.00541
5.02033
5.02928
5.03144
5.15311
5.15485
5.1462
5.12207
5.09846
5.07987
5.0677
5.06077
5.05741
5.05609
5.05616
5.05785
5.06158
5.06818
5.07756
5.09025
5.10537
5.12278
5.13087
5.13225
5.24682
5.25143
5.25139
5.23067
5.20559
5.18182
5.16368
5.15192
5.14547
5.14284
5.14278
5.14572
5.15124
5.16068
5.1736
5.18943
5.20644
5.22297
5.2231
5.2179
5.28728
5.29482
5.30879
5.30152
5.28756
5.26976
5.25275
5.23977
5.23184
5.22844
5.2286
5.23234
5.23965
5.25076
5.2643
5.27887
5.29141
5.29943
5.28534
5.27412
5.29284
5.30858
5.3419
5.3493
5.34975
5.343
5.33201
5.32109
5.31344
5.31
5.31019
5.31425
5.32114
5.33074
5.34106
5.34924
5.35316
5.34983
5.31748
5.29965
5.29245
5.30949
5.36033
5.37904
5.39314
5.40013
5.3996
5.39483
5.39025
5.38777
5.38799
5.39038
5.39473
5.39895
5.40076
5.3975
5.3885
5.37291
5.32275
5.3065
5.33888
5.33897
5.39889
5.41748
5.4364
5.4526
5.46137
5.46331
5.46256
5.46156
5.46161
5.46271
5.46339
5.46139
5.45409
5.43991
5.4236
5.4057
5.34572
5.34802
5.49142
5.45506
5.51521
5.51063
5.51115
5.52049
5.52894
5.53222
5.53255
5.53203
5.53202
5.53199
5.53154
5.52786
5.52003
5.51101
5.5096
5.51248
5.45236
5.49154
5.75028
5.64578
5.70793
5.6681
5.63132
5.61656
5.61278
5.61027
5.60746
5.60555
5.6052
5.60698
5.60916
5.61183
5.61647
5.63066
5.66424
5.70133
5.6403
5.74582
6.03926
5.82132
5.90477
5.84682
5.77919
5.73912
5.71914
5.70778
5.70027
5.69625
5.69578
5.69915
5.70588
5.7174
5.73801
5.77943
5.84739
5.90587
5.82155
6.03419
6.24552
5.85275
5.9951
5.95832
5.88877
5.84169
5.81701
5.80339
5.79464
5.79025
5.78959
5.79393
5.80177
5.81607
5.84173
5.88909
5.95856
5.99358
5.84836
6.23742
6.35545
5.69136
5.93374
5.95855
5.91342
5.87539
5.85547
5.84543
5.83901
5.83575
5.83586
5.83939
5.84629
5.85772
5.87803
5.91492
5.95794
5.93063
5.68832
6.35514
6.6644
5.57254
5.91385
5.97836
5.92995
5.88274
5.85735
5.84437
5.83648
5.83252
5.83277
5.83747
5.84525
5.86031
5.88388
5.93112
5.97567
5.91265
5.57542
6.67273
7.73245
5.68376
5.95388
6.04592
5.99509
5.94137
5.914
5.90041
5.89298
5.88869
5.88921
5.89223
5.89904
5.91361
5.93958
5.99404
6.04561
5.95544
5.68626
7.73056
9.71769
5.3076
5.40232
5.78884
5.88137
5.88119
5.87845
5.87767
5.87633
5.87517
5.87518
5.8763
5.8775
5.87845
5.88104
5.88129
5.78884
5.40249
5.30784
9.71763
)
;

boundaryField
{
    fixedWalls_1
    {
        type            zeroGradient;
    }
    frontAndBack_1
    {
        type            empty;
    }
    inlet_1
    {
        type            zeroGradient;
    }
    outlet_1
    {
        type            fixedValue;
        value           uniform 0;
    }
    fixedWalls_2
    {
        type            zeroGradient;
    }
    frontAndBack_2
    {
        type            empty;
    }
    inlet_2
    {
        type            zeroGradient;
    }
    outlet_2
    {
        type            fixedValue;
        value           uniform 0;
    }
    fixedWalls_3
    {
        type            zeroGradient;
    }
    frontAndBack_3
    {
        type            empty;
    }
    inlet_3
    {
        type            zeroGradient;
    }
    outlet_3
    {
        type            fixedValue;
        value           uniform 0;
    }
    fixedWalls_4
    {
        type            zeroGradient;
    }
    frontAndBack_4
    {
        type            empty;
    }
    inlet_4
    {
        type            zeroGradient;
    }
    outlet_4
    {
        type            fixedValue;
        value           uniform 0;
    }
    fixedWalls_5
    {
        type            zeroGradient;
    }
    frontAndBack_5
    {
        type            empty;
    }
    inlet_5
    {
        type            zeroGradient;
    }
    outlet_5
    {
        type            fixedValue;
        value           uniform 0;
    }
}


// ************************************************************************* //
