/*--------------------------------*- C++ -*----------------------------------*\
  =========                 |
  \\      /  F ield         | OpenFOAM: The Open Source CFD Toolbox
   \\    /   O peration     | Website:  https://openfoam.org
    \\  /    A nd           | Version:  6
     \\/     M anipulation  |
\*---------------------------------------------------------------------------*/
FoamFile
{
    version     2.0;
    format      ascii;
    class       volScalarField;
    location    "22";
    object      k;
}
// * * * * * * * * * * * * * * * * * * * * * * * * * * * * * * * * * * * * * //

dimensions      [0 2 -2 0 0 0 0];

internalField   nonuniform List<scalar> 
10000
(
0.206636
0.524891
0.476965
0.417217
0.369849
0.339224
0.322004
0.313283
0.309738
0.308959
0.309969
0.312929
0.318735
0.329301
0.347528
0.377618
0.422673
0.479319
0.524076
0.206539
0.206113
0.524386
0.47647
0.417185
0.369944
0.339958
0.323134
0.314894
0.311625
0.310891
0.310697
0.313962
0.319725
0.330496
0.347775
0.377397
0.421776
0.478365
0.523627
0.206171
0.206438
0.525133
0.477748
0.416963
0.370223
0.339712
0.322947
0.31347
0.309756
0.309203
0.311359
0.313251
0.318968
0.329519
0.347718
0.377223
0.421709
0.47827
0.523464
0.205964
0.206463
0.525252
0.477969
0.418045
0.370241
0.339801
0.323007
0.313585
0.309655
0.308922
0.310271
0.313339
0.319309
0.329666
0.3476
0.377179
0.421741
0.478195
0.522893
0.205679
0.206092
0.524603
0.477447
0.41768
0.370569
0.339975
0.322832
0.314112
0.310243
0.309494
0.311864
0.315047
0.321148
0.331001
0.347827
0.376817
0.421399
0.477989
0.522932
0.205662
0.206123
0.524766
0.4768
0.416851
0.370533
0.340213
0.323854
0.314736
0.312054
0.310717
0.310577
0.313717
0.320421
0.330372
0.34782
0.377012
0.420613
0.476686
0.522782
0.205831
0.206127
0.524292
0.478198
0.418384
0.370342
0.340413
0.323374
0.315805
0.311907
0.30949
0.310314
0.31446
0.320275
0.330894
0.347975
0.377019
0.421492
0.477314
0.523326
0.205684
0.206188
0.524856
0.478018
0.418249
0.37075
0.340692
0.324143
0.315864
0.312141
0.309726
0.310307
0.313119
0.319051
0.33082
0.348243
0.376713
0.420653
0.477555
0.52341
0.206033
0.206182
0.524762
0.477611
0.418258
0.370317
0.340863
0.32375
0.315198
0.311559
0.310046
0.310484
0.313093
0.318766
0.329888
0.347605
0.376936
0.421349
0.478882
0.523489
0.206195
0.205975
0.524515
0.476249
0.416967
0.370927
0.341231
0.324091
0.31562
0.313185
0.312075
0.311323
0.313715
0.31902
0.329217
0.347233
0.376635
0.42032
0.479058
0.5235
0.206537
0.206545
0.524554
0.476898
0.417663
0.370933
0.341547
0.324726
0.316702
0.312185
0.311876
0.312863
0.315618
0.320432
0.330134
0.347475
0.377134
0.421115
0.478413
0.523305
0.206774
0.206783
0.52571
0.475943
0.418588
0.370548
0.341718
0.324663
0.316284
0.312564
0.311645
0.312153
0.314766
0.319096
0.329207
0.347683
0.377308
0.421536
0.479569
0.524316
0.206906
0.206726
0.525932
0.477971
0.419251
0.371671
0.342179
0.325091
0.317665
0.314242
0.313692
0.313079
0.313877
0.318821
0.329088
0.347371
0.377646
0.422156
0.478982
0.524595
0.206995
0.206465
0.526018
0.479418
0.418862
0.372544
0.342725
0.32581
0.316657
0.312768
0.312496
0.313061
0.313801
0.31908
0.329503
0.34751
0.377689
0.423035
0.479964
0.52441
0.206906
0.207166
0.525368
0.480102
0.420767
0.37364
0.343177
0.325639
0.318129
0.314158
0.311572
0.311731
0.313846
0.320047
0.329404
0.347595
0.377593
0.422752
0.479842
0.523892
0.206796
0.20694
0.525744
0.480032
0.420706
0.373664
0.343367
0.32561
0.317755
0.313982
0.312983
0.312166
0.314009
0.319251
0.329439
0.347744
0.377548
0.422406
0.47985
0.524553
0.206867
0.207398
0.525593
0.480029
0.420606
0.3737
0.343233
0.325628
0.316975
0.313041
0.312368
0.313392
0.314552
0.319737
0.330498
0.34764
0.377548
0.422222
0.479884
0.52457
0.206815
0.207422
0.526345
0.479872
0.420263
0.373379
0.343714
0.326439
0.318008
0.313899
0.311142
0.311887
0.315735
0.321134
0.330767
0.348073
0.377638
0.423207
0.480049
0.524626
0.206671
0.207572
0.526792
0.479033
0.419797
0.373557
0.343178
0.325384
0.316479
0.312532
0.311018
0.311618
0.315118
0.320577
0.330756
0.34803
0.377272
0.423069
0.479977
0.524642
0.20694
0.207303
0.526617
0.480479
0.420998
0.373883
0.343424
0.325603
0.316952
0.314432
0.313063
0.312164
0.314484
0.319946
0.330876
0.348016
0.377664
0.423179
0.479921
0.524661
0.207075
0.207363
0.526635
0.48016
0.420098
0.373553
0.343926
0.325798
0.316925
0.314147
0.312908
0.312382
0.314625
0.320121
0.330902
0.348043
0.377661
0.422913
0.479517
0.524363
0.206932
0.207282
0.526524
0.479815
0.420773
0.373796
0.343609
0.326575
0.31695
0.313497
0.313128
0.313796
0.315083
0.320423
0.330677
0.348138
0.377773
0.422614
0.479336
0.524032
0.206881
0.207112
0.52629
0.479748
0.420594
0.373659
0.3432
0.325898
0.316959
0.313504
0.31234
0.312769
0.314949
0.321485
0.330009
0.348209
0.377336
0.421588
0.478975
0.524374
0.206657
0.206682
0.525957
0.478515
0.419548
0.373581
0.343538
0.326989
0.318048
0.313758
0.313625
0.313995
0.314934
0.320768
0.329575
0.347545
0.37704
0.421661
0.478448
0.523787
0.206577
0.207151
0.525669
0.478329
0.419558
0.373145
0.342827
0.326023
0.316607
0.314171
0.311827
0.311937
0.31436
0.319552
0.329259
0.347724
0.376615
0.421111
0.478147
0.523946
0.206491
0.207223
0.525477
0.477684
0.419494
0.373067
0.342612
0.325106
0.315966
0.312385
0.311853
0.311868
0.314541
0.319632
0.329164
0.347061
0.375991
0.41946
0.47674
0.523712
0.206405
0.206808
0.524924
0.477277
0.419042
0.372758
0.342366
0.32536
0.315928
0.312379
0.313485
0.312019
0.315954
0.320499
0.329251
0.347534
0.375568
0.419169
0.476222
0.523236
0.206194
0.206723
0.524609
0.476308
0.417982
0.37244
0.342266
0.324737
0.31571
0.311917
0.311959
0.310665
0.313879
0.319247
0.329088
0.346564
0.37479
0.41824
0.475363
0.522857
0.205891
0.206491
0.524399
0.476046
0.417676
0.372144
0.342421
0.325065
0.316065
0.313007
0.311245
0.31019
0.312181
0.317396
0.327354
0.345508
0.373871
0.417127
0.474463
0.522522
0.205631
0.20634
0.524126
0.475685
0.417133
0.371766
0.342219
0.326168
0.31616
0.312158
0.310278
0.310104
0.31235
0.318453
0.328068
0.344509
0.37304
0.416293
0.473971
0.522139
0.205302
0.206179
0.523822
0.475391
0.417021
0.371511
0.342206
0.32596
0.31647
0.313578
0.31229
0.31163
0.312465
0.317374
0.326671
0.343305
0.372406
0.415717
0.473254
0.521516
0.204944
0.205645
0.523006
0.474727
0.416538
0.371193
0.341406
0.325495
0.31632
0.313712
0.311537
0.310485
0.312773
0.318374
0.327857
0.343212
0.371838
0.414852
0.472461
0.521173
0.204674
0.205295
0.52248
0.473587
0.415272
0.370653
0.341073
0.324577
0.316198
0.312556
0.310569
0.31023
0.313481
0.318609
0.327502
0.342969
0.37124
0.414193
0.471865
0.520508
0.204147
0.205038
0.521832
0.472551
0.414153
0.370175
0.340965
0.324575
0.317415
0.314521
0.312001
0.31017
0.312194
0.317789
0.327107
0.342871
0.370755
0.413505
0.471003
0.520023
0.203812
0.204802
0.521473
0.471816
0.413433
0.369723
0.340888
0.324494
0.316039
0.312659
0.309722
0.309675
0.312069
0.316479
0.325985
0.342914
0.370109
0.412932
0.469932
0.519422
0.203445
0.204569
0.521111
0.470754
0.412607
0.369344
0.341389
0.325569
0.317009
0.311424
0.309233
0.30947
0.311746
0.316254
0.326296
0.341848
0.369632
0.412128
0.469131
0.519073
0.203161
0.204169
0.52054
0.470119
0.412067
0.368855
0.340432
0.32425
0.315664
0.311483
0.309308
0.309752
0.313157
0.316377
0.324967
0.340307
0.368873
0.411347
0.468325
0.518838
0.203128
0.203978
0.520098
0.469271
0.411367
0.368365
0.340719
0.324908
0.316162
0.312801
0.309641
0.309874
0.311883
0.316596
0.325487
0.340096
0.368394
0.410327
0.467546
0.518923
0.202958
0.203507
0.519381
0.468291
0.41063
0.367786
0.33967
0.323793
0.315425
0.311442
0.30994
0.311423
0.312111
0.3161
0.324823
0.339689
0.367816
0.409664
0.46698
0.518757
0.202804
0.203048
0.518737
0.467196
0.409719
0.367355
0.339867
0.324892
0.317317
0.313449
0.310455
0.310595
0.313384
0.317505
0.324325
0.339175
0.367145
0.408794
0.466158
0.518075
0.202349
0.202524
0.518142
0.4663
0.408866
0.366805
0.340304
0.324771
0.317048
0.313473
0.311009
0.310727
0.312246
0.316927
0.325199
0.339026
0.366665
0.40804
0.465261
0.51714
0.201934
0.202067
0.517325
0.465505
0.407859
0.366046
0.339282
0.324287
0.31696
0.314183
0.313266
0.312941
0.312649
0.31611
0.324455
0.338601
0.365975
0.407005
0.464357
0.516471
0.201576
0.201858
0.51696
0.464834
0.407022
0.365377
0.338454
0.324855
0.317597
0.315147
0.313622
0.313159
0.313248
0.316328
0.323554
0.338075
0.365257
0.406029
0.463491
0.515994
0.201308
0.201599
0.516467
0.463783
0.406157
0.364934
0.338479
0.325055
0.319432
0.316326
0.31481
0.31438
0.315397
0.318265
0.323867
0.337858
0.364562
0.404993
0.462375
0.515212
0.200852
0.20138
0.516077
0.462683
0.405073
0.36426
0.338569
0.325638
0.319943
0.317609
0.315814
0.315184
0.315671
0.318238
0.323955
0.337535
0.363723
0.403944
0.461244
0.514786
0.200577
0.200955
0.515344
0.46161
0.404044
0.363791
0.338814
0.326261
0.321412
0.318881
0.317231
0.316173
0.316065
0.318396
0.324304
0.337428
0.363052
0.403064
0.460129
0.514291
0.200264
0.200498
0.514736
0.460158
0.402898
0.363208
0.339715
0.327035
0.321953
0.320082
0.318573
0.318068
0.318273
0.319346
0.32567
0.337388
0.362307
0.402083
0.459178
0.513546
0.199831
0.199912
0.513821
0.458971
0.401991
0.362718
0.339728
0.327738
0.323099
0.321108
0.31971
0.318791
0.318786
0.320861
0.325487
0.337353
0.361817
0.401282
0.458246
0.513064
0.199599
0.199227
0.512609
0.457441
0.400752
0.361906
0.340631
0.329539
0.324558
0.322293
0.32092
0.320088
0.320157
0.321653
0.325981
0.337312
0.36088
0.400226
0.457206
0.512484
0.199343
0.198865
0.511964
0.456225
0.399832
0.361329
0.34069
0.330144
0.325449
0.323367
0.322414
0.321863
0.321728
0.322567
0.326782
0.337604
0.360095
0.399246
0.456079
0.511905
0.19912
0.198436
0.511201
0.454915
0.398808
0.361214
0.341263
0.331383
0.326636
0.324498
0.323572
0.323173
0.323411
0.324692
0.328672
0.338037
0.359365
0.398199
0.455071
0.511483
0.198847
0.198039
0.510402
0.453635
0.397824
0.361226
0.341312
0.332194
0.327847
0.325658
0.325021
0.324848
0.325073
0.326244
0.329588
0.338706
0.359385
0.397169
0.45375
0.511041
0.198539
0.197702
0.50968
0.452306
0.396654
0.360535
0.342612
0.33357
0.328996
0.327012
0.326274
0.326075
0.32634
0.327421
0.330718
0.339373
0.358851
0.396011
0.452456
0.51028
0.198141
0.197376
0.50906
0.451145
0.395699
0.360196
0.34238
0.334468
0.330553
0.32876
0.327887
0.32757
0.327779
0.328691
0.331409
0.338945
0.358038
0.394799
0.451024
0.509331
0.197689
0.196899
0.508222
0.449643
0.39441
0.359399
0.341646
0.335191
0.33193
0.33023
0.329481
0.329253
0.329324
0.329949
0.332265
0.338517
0.357096
0.393526
0.449486
0.508462
0.197254
0.196513
0.507448
0.44811
0.392993
0.358281
0.341152
0.335731
0.333046
0.331805
0.331206
0.330908
0.330794
0.331117
0.332912
0.338648
0.357241
0.392414
0.448095
0.50779
0.196902
0.196033
0.506573
0.446634
0.391615
0.35657
0.34132
0.336121
0.334128
0.333235
0.332705
0.332278
0.33199
0.332109
0.333606
0.339041
0.355793
0.390831
0.446401
0.506884
0.196404
0.195695
0.505814
0.445125
0.390289
0.35532
0.339263
0.335535
0.334706
0.334295
0.334016
0.333687
0.333304
0.333149
0.334088
0.338313
0.35456
0.389308
0.444539
0.505774
0.195781
0.195273
0.505137
0.443665
0.388941
0.35491
0.338715
0.334541
0.335313
0.335449
0.335355
0.334982
0.334399
0.333972
0.334631
0.338323
0.353826
0.387882
0.442877
0.504859
0.195314
0.194793
0.504286
0.441803
0.387328
0.355023
0.338237
0.335522
0.335855
0.336275
0.336376
0.336059
0.335394
0.334729
0.335029
0.339
0.352542
0.386168
0.441021
0.503894
0.194759
0.194296
0.503419
0.439899
0.385315
0.352698
0.336844
0.333613
0.335523
0.336911
0.337317
0.337059
0.336281
0.335263
0.334753
0.338143
0.351945
0.384358
0.438929
0.50274
0.194103
0.193557
0.502107
0.437629
0.383164
0.350561
0.336155
0.333608
0.33485
0.337469
0.338231
0.338059
0.337178
0.33578
0.333913
0.336995
0.351652
0.382233
0.436423
0.50112
0.193198
0.19283
0.500702
0.435132
0.380865
0.348312
0.335427
0.334722
0.33688
0.338458
0.339212
0.339053
0.338057
0.33649
0.33532
0.337178
0.349685
0.379918
0.434024
0.499721
0.192443
0.191944
0.499132
0.432359
0.378385
0.346803
0.334975
0.332792
0.335739
0.338719
0.340003
0.339957
0.338769
0.33656
0.333859
0.335488
0.347587
0.37727
0.430941
0.497676
0.191263
0.190844
0.497215
0.42904
0.375488
0.34618
0.33511
0.333849
0.334989
0.339192
0.340835
0.340857
0.3395
0.336732
0.33236
0.333653
0.345383
0.374532
0.427862
0.495872
0.190276
0.189769
0.495384
0.425447
0.372131
0.346094
0.335906
0.332837
0.335327
0.339764
0.3416
0.341678
0.34024
0.337285
0.332594
0.333533
0.343573
0.371669
0.424365
0.493544
0.188977
0.188336
0.493078
0.421518
0.368226
0.342656
0.333499
0.331015
0.336401
0.339831
0.341997
0.342235
0.340751
0.337666
0.333476
0.332165
0.341393
0.36848
0.420822
0.491616
0.187895
0.186654
0.490286
0.4171
0.364117
0.339807
0.331678
0.329985
0.334733
0.338478
0.341737
0.342353
0.340879
0.337527
0.332425
0.332043
0.34101
0.365317
0.416685
0.488827
0.186203
0.18474
0.487177
0.412721
0.360279
0.336896
0.32915
0.329122
0.333078
0.337425
0.340601
0.34165
0.340282
0.337255
0.333391
0.332571
0.339883
0.361598
0.412413
0.486306
0.184654
0.182506
0.483637
0.407988
0.356727
0.334454
0.326856
0.328602
0.33303
0.338753
0.339876
0.340044
0.338506
0.335416
0.331704
0.330777
0.336712
0.357645
0.407804
0.483013
0.182497
0.179864
0.479554
0.40287
0.353851
0.332932
0.326702
0.329025
0.333094
0.337196
0.341066
0.34177
0.340324
0.337127
0.332729
0.328959
0.334315
0.354088
0.403132
0.479688
0.180247
0.176808
0.474726
0.396938
0.350576
0.331398
0.326696
0.329641
0.333817
0.337456
0.339406
0.339571
0.337956
0.334754
0.330689
0.327891
0.331978
0.350719
0.397865
0.475152
0.177065
0.173171
0.468903
0.390182
0.346111
0.328938
0.327171
0.332469
0.336842
0.338646
0.340356
0.340344
0.338659
0.335425
0.331313
0.329058
0.330397
0.347445
0.391959
0.469988
0.173578
0.169128
0.462193
0.3832
0.341848
0.326793
0.32754
0.333033
0.337901
0.34128
0.341667
0.341322
0.339531
0.336224
0.331793
0.32795
0.329049
0.34372
0.385214
0.463569
0.169367
0.164677
0.454607
0.375869
0.338253
0.32681
0.330145
0.335258
0.339956
0.343252
0.344978
0.344929
0.343247
0.339948
0.335086
0.328759
0.327015
0.339523
0.377976
0.456171
0.164772
0.159975
0.446249
0.368527
0.334573
0.326998
0.331394
0.337522
0.342136
0.345632
0.346604
0.346243
0.344486
0.341225
0.336536
0.331285
0.327222
0.336402
0.37079
0.447802
0.159865
0.155263
0.437409
0.361586
0.331922
0.328452
0.333338
0.339698
0.344436
0.347431
0.348649
0.34833
0.346638
0.343518
0.33885
0.332793
0.327653
0.333204
0.363368
0.438731
0.154996
0.150729
0.428166
0.355107
0.329602
0.328099
0.334824
0.341332
0.34605
0.348977
0.350298
0.35025
0.348793
0.345791
0.341063
0.334656
0.328369
0.330906
0.356505
0.428974
0.150303
0.146916
0.419228
0.349841
0.328958
0.33073
0.337342
0.343287
0.34765
0.350432
0.351721
0.351711
0.35044
0.347759
0.343454
0.337454
0.330758
0.329613
0.3506
0.419524
0.146593
0.143717
0.410238
0.34529
0.328517
0.331826
0.33883
0.34482
0.34901
0.351526
0.352649
0.352777
0.351993
0.349685
0.345574
0.339538
0.332133
0.328992
0.345681
0.410004
0.143531
0.142087
0.401529
0.341989
0.329119
0.333837
0.340806
0.346411
0.350181
0.352135
0.352833
0.35301
0.352565
0.350909
0.34736
0.341901
0.334881
0.33009
0.342312
0.401393
0.142293
0.140903
0.39295
0.339612
0.330811
0.336085
0.342784
0.347994
0.35147
0.353371
0.353797
0.353949
0.353879
0.352194
0.348872
0.343741
0.337016
0.331518
0.339895
0.393044
0.141695
0.140879
0.384576
0.337833
0.332343
0.338212
0.344646
0.34951
0.352825
0.354915
0.355988
0.356009
0.355301
0.353549
0.350411
0.345579
0.339059
0.333023
0.338082
0.384779
0.140671
0.139983
0.376262
0.336717
0.333804
0.340228
0.346482
0.351013
0.354017
0.355895
0.356869
0.356999
0.356288
0.354659
0.351788
0.347277
0.340966
0.33432
0.336402
0.376621
0.140939
0.141387
0.36838
0.335216
0.335665
0.342635
0.348603
0.352748
0.355449
0.357132
0.357914
0.357966
0.35733
0.355879
0.353303
0.349193
0.343204
0.336088
0.33528
0.368162
0.141161
0.144074
0.359765
0.334583
0.33784
0.345216
0.35084
0.354565
0.356904
0.358307
0.358958
0.358974
0.358431
0.357151
0.354872
0.351158
0.345493
0.338008
0.334381
0.35971
0.144097
0.146924
0.351533
0.334249
0.340411
0.347983
0.353191
0.35646
0.358436
0.359548
0.360055
0.360077
0.359592
0.35852
0.356623
0.353422
0.348241
0.340621
0.334152
0.351342
0.146786
0.151783
0.343655
0.335218
0.343726
0.351206
0.355823
0.358513
0.360043
0.360866
0.361222
0.361225
0.360885
0.360097
0.358587
0.3559
0.351263
0.343778
0.335311
0.343723
0.151864
0.158362
0.337414
0.337506
0.347707
0.354727
0.358625
0.360717
0.361813
0.362355
0.362567
0.362558
0.362338
0.361817
0.360739
0.358669
0.354785
0.347771
0.337525
0.337306
0.158222
0.167033
0.333742
0.341563
0.352583
0.358654
0.361616
0.363012
0.363642
0.3639
0.36398
0.363974
0.36388
0.363627
0.363
0.361609
0.358631
0.35252
0.341483
0.333671
0.167035
0.177947
0.332296
0.346912
0.357772
0.362668
0.364616
0.36529
0.365452
0.365443
0.36541
0.365413
0.365448
0.365461
0.365296
0.364629
0.362697
0.357825
0.346997
0.332242
0.177949
0.191297
0.332831
0.354022
0.363621
0.366816
0.367544
0.367424
0.367089
0.366789
0.366618
0.366617
0.366781
0.36708
0.367409
0.367523
0.366788
0.363584
0.354009
0.332868
0.191254
0.207353
0.339104
0.362775
0.36963
0.370756
0.370203
0.369307
0.368514
0.367956
0.367671
0.367669
0.367949
0.368502
0.369295
0.370192
0.370762
0.369674
0.362882
0.339239
0.207489
0.225577
0.348684
0.372637
0.375632
0.374375
0.372488
0.370866
0.369678
0.368916
0.368544
0.368541
0.368906
0.369661
0.370844
0.372461
0.374351
0.375619
0.372632
0.348666
0.225409
0.246112
0.364324
0.383798
0.381376
0.377435
0.37426
0.372035
0.37058
0.369704
0.369291
0.36929
0.369698
0.37057
0.372022
0.374249
0.377439
0.381415
0.383873
0.364406
0.246205
0.268114
0.384801
0.395181
0.386096
0.379362
0.375296
0.372795
0.371273
0.370399
0.370001
0.369999
0.370394
0.371264
0.372782
0.37528
0.379348
0.386089
0.395205
0.384821
0.268049
0.291371
0.410708
0.404885
0.388389
0.380079
0.375724
0.37329
0.371885
0.371121
0.370787
0.370787
0.37112
0.371882
0.373282
0.375718
0.380072
0.388395
0.404904
0.410679
0.291307
0.314317
0.434704
0.409081
0.388873
0.380073
0.37579
0.373617
0.3725
0.371949
0.371726
0.371727
0.371952
0.372504
0.373616
0.375791
0.380068
0.388877
0.409089
0.434704
0.314386
0.338078
0.444946
0.406899
0.385653
0.378081
0.375053
0.373768
0.373198
0.372958
0.372873
0.372873
0.372962
0.373204
0.373775
0.375058
0.378086
0.385658
0.406907
0.444943
0.337993
0.364382
0.421567
0.386488
0.377503
0.375375
0.374625
0.374347
0.374272
0.374255
0.374253
0.374252
0.374255
0.374272
0.374347
0.374626
0.375375
0.377501
0.386483
0.421567
0.364409
0.585731
1.16064
1.00619
0.808073
0.648887
0.537688
0.471227
0.435177
0.417147
0.409356
0.408683
0.415103
0.431797
0.466195
0.530089
0.634389
0.78974
0.981446
1.1418
0.57253
0.583943
1.15545
0.998382
0.79777
0.646789
0.536866
0.470943
0.435193
0.417405
0.409681
0.408946
0.415203
0.431585
0.465822
0.529636
0.629101
0.781746
0.972226
1.14083
0.570888
0.580876
1.16138
1.0073
0.800281
0.644954
0.53647
0.470659
0.435319
0.417564
0.409942
0.409106
0.415253
0.431248
0.465557
0.529866
0.6366
0.789059
0.976903
1.14132
0.568061
0.585701
1.16087
1.00802
0.80053
0.638977
0.535481
0.469898
0.435343
0.417769
0.410566
0.409374
0.415626
0.431478
0.465003
0.528844
0.636461
0.782584
0.982813
1.13949
0.570908
0.580795
1.15831
1.00594
0.804762
0.641366
0.535156
0.469409
0.435221
0.418168
0.409949
0.409869
0.415366
0.431243
0.463155
0.524877
0.635951
0.792795
0.979767
1.13375
0.566616
0.585814
1.15774
1.00449
0.798489
0.643139
0.534282
0.469713
0.435127
0.417462
0.409744
0.409085
0.414873
0.431005
0.465201
0.528395
0.634564
0.784299
0.987255
1.13835
0.566987
0.585314
1.15527
0.995181
0.803292
0.641717
0.533273
0.46938
0.434799
0.416696
0.409211
0.408324
0.414762
0.430965
0.464538
0.527624
0.629119
0.787568
0.981425
1.14226
0.567129
0.584403
1.15293
0.994221
0.798616
0.63868
0.531789
0.468841
0.434645
0.416587
0.409282
0.408387
0.41505
0.43073
0.463843
0.526879
0.634219
0.792732
0.987046
1.14278
0.568565
0.583318
1.1571
0.994492
0.789547
0.633329
0.530138
0.468184
0.434261
0.416418
0.408608
0.408563
0.414475
0.430095
0.462099
0.526051
0.633046
0.792053
0.986059
1.14195
0.564481
0.58047
1.14956
0.987116
0.793726
0.636074
0.52928
0.467194
0.434352
0.416767
0.408841
0.407773
0.414633
0.430055
0.462882
0.525066
0.630758
0.790002
0.985074
1.14308
0.570292
0.578944
1.14933
0.993716
0.796775
0.634661
0.527464
0.466526
0.43373
0.415687
0.407748
0.407601
0.41393
0.429655
0.461272
0.523958
0.628764
0.78801
0.983931
1.13937
0.57247
0.577107
1.14627
0.989995
0.794261
0.631857
0.524348
0.46568
0.43386
0.415528
0.407563
0.407012
0.413347
0.429653
0.462349
0.522537
0.62159
0.781809
0.982451
1.14482
0.56935
0.575467
1.14415
0.986684
0.785492
0.628854
0.524412
0.465165
0.433597
0.415468
0.407602
0.40743
0.413426
0.429531
0.461869
0.521854
0.625416
0.780761
0.981184
1.14363
0.572221
0.57121
1.14192
0.978075
0.786421
0.625263
0.52269
0.464429
0.433108
0.415389
0.407584
0.406911
0.413182
0.429238
0.460164
0.518323
0.621085
0.780375
0.972745
1.14157
0.569175
0.57239
1.14395
0.97997
0.784367
0.622418
0.519109
0.463505
0.432598
0.415427
0.408276
0.407607
0.413473
0.429195
0.460505
0.52019
0.628006
0.783321
0.97801
1.13887
0.574781
0.568987
1.14041
0.980898
0.77971
0.613911
0.517018
0.46257
0.431912
0.415639
0.407696
0.406911
0.412677
0.428837
0.460545
0.521058
0.62645
0.787179
0.984625
1.14506
0.574594
0.572667
1.14592
0.976065
0.781817
0.614822
0.515592
0.461622
0.431007
0.414389
0.407118
0.40629
0.412424
0.428557
0.459981
0.520133
0.624581
0.78374
0.984564
1.14489
0.574115
0.568866
1.14523
0.981067
0.780123
0.616316
0.514883
0.46083
0.429956
0.413203
0.406294
0.406356
0.412406
0.428238
0.458429
0.518583
0.616593
0.772914
0.981737
1.14211
0.569206
0.573259
1.14443
0.97219
0.770431
0.617798
0.514062
0.460118
0.429503
0.412981
0.40629
0.406351
0.412473
0.427956
0.458428
0.517654
0.617722
0.775389
0.979323
1.13919
0.571256
0.568363
1.13997
0.972575
0.771
0.616616
0.513231
0.459214
0.428538
0.412701
0.406321
0.405739
0.412446
0.427679
0.457702
0.514385
0.616325
0.777502
0.974206
1.14391
0.572887
0.570336
1.14053
0.969392
0.76967
0.614817
0.512879
0.458815
0.428402
0.412629
0.406997
0.406165
0.412159
0.427167
0.456943
0.514547
0.618317
0.775876
0.971897
1.14286
0.569846
0.572309
1.14243
0.967583
0.771022
0.613364
0.511676
0.458142
0.428308
0.412304
0.406413
0.405119
0.411564
0.426634
0.456422
0.51353
0.616775
0.76755
0.970968
1.14243
0.57442
0.571148
1.14032
0.965535
0.769127
0.611443
0.511768
0.457712
0.427798
0.412128
0.406208
0.404933
0.410885
0.426094
0.456001
0.513249
0.614575
0.767749
0.970628
1.14071
0.573362
0.566135
1.13705
0.96421
0.760778
0.609086
0.509546
0.457003
0.427097
0.412005
0.405716
0.404905
0.410858
0.425943
0.454975
0.512054
0.612397
0.765483
0.972085
1.14039
0.573177
0.565935
1.13527
0.960836
0.760673
0.603747
0.508064
0.456223
0.427002
0.412304
0.404979
0.404814
0.410886
0.425276
0.454185
0.508693
0.606785
0.767721
0.970338
1.13859
0.572016
0.564189
1.12821
0.950704
0.756928
0.602257
0.507149
0.455571
0.426915
0.412153
0.405021
0.404954
0.411541
0.425508
0.453631
0.50798
0.606109
0.765615
0.963404
1.13764
0.571638
0.560324
1.12696
0.950295
0.748119
0.59971
0.505493
0.454837
0.426845
0.411331
0.405415
0.405279
0.410765
0.424444
0.452799
0.505862
0.603402
0.762121
0.965513
1.13671
0.568137
0.559644
1.12473
0.944293
0.743924
0.595473
0.504503
0.454005
0.426347
0.410606
0.404018
0.404051
0.411021
0.42396
0.452175
0.504986
0.60164
0.759403
0.963429
1.13646
0.569943
0.557471
1.122
0.941253
0.739122
0.592832
0.50311
0.45309
0.426002
0.411087
0.404135
0.404058
0.411252
0.423867
0.451786
0.503719
0.599723
0.755695
0.954539
1.13518
0.56891
0.555132
1.11812
0.935404
0.734312
0.589881
0.502131
0.452455
0.425363
0.410341
0.404139
0.404026
0.410673
0.423688
0.451209
0.502675
0.598585
0.752724
0.954627
1.13505
0.56554
0.552893
1.1149
0.930899
0.73012
0.587606
0.501072
0.452016
0.424936
0.410816
0.404418
0.404117
0.410063
0.42376
0.450753
0.500932
0.593324
0.743745
0.945423
1.13021
0.564866
0.551069
1.11068
0.923959
0.726077
0.585209
0.499814
0.450962
0.423963
0.40976
0.404965
0.404698
0.409232
0.422689
0.450126
0.500005
0.591989
0.742491
0.9451
1.1301
0.56307
0.548723
1.10816
0.920528
0.722869
0.583153
0.498842
0.450226
0.42308
0.40949
0.403813
0.403766
0.409568
0.422624
0.449643
0.498803
0.590405
0.738137
0.942751
1.12717
0.559607
0.548982
1.1069
0.917363
0.719856
0.58161
0.498137
0.450249
0.423111
0.409713
0.404023
0.404411
0.408821
0.422677
0.449025
0.497621
0.586251
0.73824
0.937666
1.12962
0.559545
0.548028
1.10692
0.917381
0.718212
0.579876
0.497015
0.449231
0.423088
0.410027
0.40409
0.403665
0.408687
0.42168
0.448378
0.49655
0.58474
0.735402
0.939624
1.1277
0.557988
0.548078
1.10328
0.914887
0.716226
0.578438
0.496234
0.448656
0.423295
0.410962
0.404469
0.403913
0.408751
0.421549
0.447789
0.495266
0.581789
0.727102
0.935373
1.12124
0.555447
0.547382
1.1049
0.917198
0.71454
0.576738
0.495461
0.448619
0.423875
0.410991
0.4047
0.404064
0.408932
0.421564
0.447327
0.494292
0.579941
0.724123
0.927385
1.12035
0.553853
0.546066
1.10653
0.914693
0.711189
0.575156
0.494808
0.448639
0.42342
0.41077
0.405647
0.405073
0.409104
0.42156
0.446762
0.493047
0.576952
0.718725
0.924585
1.11644
0.549743
0.545059
1.10285
0.907352
0.7077
0.573312
0.494086
0.449099
0.423705
0.411491
0.405196
0.404676
0.409597
0.4221
0.446046
0.491756
0.574597
0.714802
0.917934
1.11275
0.548228
0.541786
1.10543
0.905284
0.705994
0.571955
0.493266
0.448661
0.424185
0.410949
0.405823
0.404282
0.408843
0.421406
0.445168
0.490331
0.571424
0.710158
0.913722
1.10943
0.545041
0.540335
1.09923
0.900033
0.703108
0.570086
0.492518
0.448535
0.424074
0.411549
0.40528
0.404461
0.408835
0.422071
0.444718
0.488975
0.5684
0.704705
0.906225
1.10899
0.542694
0.537487
1.09631
0.893805
0.700898
0.568734
0.491768
0.448166
0.423831
0.411399
0.406115
0.405476
0.408826
0.42122
0.444471
0.48763
0.565705
0.700941
0.901172
1.10467
0.540027
0.534991
1.09122
0.888089
0.696947
0.56668
0.490892
0.447718
0.423193
0.410936
0.405719
0.405196
0.408693
0.420289
0.442901
0.486375
0.563597
0.696859
0.897423
1.10149
0.537043
0.530345
1.08692
0.882676
0.692545
0.564633
0.489891
0.447207
0.423191
0.411219
0.406568
0.40494
0.408692
0.41961
0.442081
0.485125
0.561163
0.692649
0.891981
1.09719
0.533944
0.527814
1.08443
0.878975
0.687833
0.562238
0.488882
0.446733
0.423744
0.411957
0.406077
0.405021
0.408728
0.420024
0.441605
0.483827
0.558577
0.68821
0.886846
1.09398
0.531236
0.525847
1.08165
0.874363
0.684432
0.560248
0.487714
0.446192
0.42324
0.411569
0.406916
0.405289
0.408724
0.419087
0.441659
0.482649
0.556095
0.683635
0.880417
1.08996
0.528121
0.523699
1.08088
0.869904
0.681024
0.558189
0.486438
0.445514
0.422927
0.411723
0.406585
0.405491
0.408755
0.418823
0.440567
0.481152
0.553401
0.679475
0.875234
1.08616
0.52504
0.522408
1.08275
0.866183
0.677826
0.556328
0.485102
0.444737
0.423581
0.412851
0.407642
0.406552
0.408975
0.41879
0.440796
0.479239
0.549757
0.673414
0.867489
1.08154
0.521898
0.520998
1.08128
0.86334
0.675493
0.554641
0.483549
0.443529
0.423155
0.412604
0.40701
0.406339
0.409007
0.418652
0.439159
0.476965
0.546254
0.668145
0.860261
1.07756
0.518822
0.519979
1.07898
0.859132
0.672341
0.552919
0.481676
0.442077
0.422693
0.412648
0.407238
0.406484
0.409048
0.418967
0.4379
0.474531
0.542518
0.662577
0.853473
1.07302
0.515717
0.518233
1.07691
0.85561
0.669453
0.551224
0.480058
0.441732
0.421861
0.412243
0.407382
0.406206
0.409293
0.417765
0.436641
0.472466
0.538947
0.657281
0.846628
1.06823
0.512722
0.516528
1.07031
0.850714
0.665916
0.549164
0.479052
0.441664
0.421787
0.413154
0.407845
0.406419
0.408644
0.416602
0.435076
0.469593
0.534897
0.651352
0.839851
1.0654
0.509532
0.514548
1.06698
0.846822
0.662437
0.54675
0.478701
0.441606
0.421493
0.41243
0.408186
0.407442
0.409253
0.415461
0.432913
0.466621
0.531053
0.64533
0.832287
1.06093
0.505738
0.512202
1.06184
0.841674
0.65851
0.544182
0.478783
0.440385
0.421349
0.412763
0.409242
0.407462
0.408496
0.414693
0.430584
0.463701
0.527315
0.63932
0.824818
1.05579
0.500941
0.510142
1.0585
0.836629
0.654141
0.540784
0.476138
0.440115
0.421286
0.412933
0.409363
0.407685
0.409286
0.414702
0.42865
0.461797
0.52355
0.633152
0.817688
1.04973
0.496026
0.507035
1.0533
0.831011
0.649631
0.537393
0.473959
0.440556
0.421171
0.413802
0.409766
0.407429
0.408688
0.41526
0.428155
0.460369
0.518746
0.626143
0.809775
1.04422
0.491192
0.504327
1.04882
0.825396
0.64458
0.533413
0.470969
0.438678
0.420676
0.41327
0.409775
0.407649
0.407829
0.413244
0.427335
0.456892
0.513371
0.619153
0.80156
1.03774
0.486001
0.501082
1.04392
0.819762
0.639742
0.529609
0.468197
0.437008
0.42024
0.413508
0.411112
0.408675
0.408118
0.411407
0.424164
0.45306
0.508165
0.611922
0.792609
1.03021
0.480972
0.496745
1.03765
0.812935
0.634059
0.525319
0.465329
0.434794
0.419959
0.4137
0.411219
0.408989
0.407287
0.410217
0.422348
0.45001
0.502855
0.604288
0.783387
1.02153
0.475643
0.492911
1.03233
0.806732
0.628749
0.52134
0.463382
0.433268
0.419841
0.414001
0.411552
0.409264
0.407837
0.410054
0.420414
0.4454
0.496476
0.596278
0.774515
1.01536
0.47181
0.488457
1.02663
0.798943
0.62257
0.517057
0.46195
0.433669
0.420054
0.41508
0.411971
0.409364
0.40702
0.410154
0.419928
0.441044
0.490171
0.587807
0.7655
1.00898
0.467557
0.485033
1.02184
0.7925
0.616823
0.51215
0.459133
0.43216
0.419773
0.414474
0.412153
0.409561
0.40678
0.408856
0.415287
0.435657
0.483182
0.578737
0.756184
1.00506
0.464435
0.48124
1.01667
0.784646
0.610397
0.506351
0.456516
0.432645
0.419766
0.414184
0.412238
0.409744
0.406681
0.407374
0.412944
0.431794
0.476634
0.569981
0.747124
1.00077
0.461231
0.477554
1.01158
0.776412
0.603843
0.501092
0.454125
0.430855
0.419519
0.414067
0.412006
0.409754
0.406697
0.406221
0.411164
0.429312
0.470889
0.561553
0.737404
0.99487
0.457081
0.474427
1.00817
0.76817
0.597349
0.498439
0.454706
0.430918
0.419622
0.413995
0.411911
0.409663
0.407638
0.407032
0.411306
0.427241
0.465513
0.553623
0.728819
0.991181
0.453766
0.469766
1.00327
0.757302
0.588867
0.496692
0.454315
0.431862
0.419842
0.413977
0.410904
0.408815
0.406898
0.40588
0.409848
0.424509
0.461425
0.546656
0.719907
0.98593
0.448707
0.465796
0.999476
0.746544
0.578862
0.495106
0.45254
0.430193
0.420367
0.414374
0.411767
0.410136
0.407824
0.405844
0.40857
0.422504
0.457498
0.539471
0.710114
0.980436
0.442884
0.458528
0.992039
0.732604
0.566321
0.485599
0.448086
0.430032
0.419065
0.414065
0.410346
0.408821
0.407328
0.406411
0.408631
0.420118
0.451873
0.531111
0.697866
0.971568
0.434778
0.45024
0.983702
0.718316
0.556212
0.478344
0.443663
0.427109
0.417028
0.413393
0.410231
0.40796
0.406161
0.404815
0.405964
0.416719
0.446235
0.521803
0.683987
0.961548
0.425725
0.43697
0.969741
0.699518
0.541792
0.469579
0.438413
0.424992
0.416753
0.412853
0.410883
0.408288
0.407436
0.404937
0.405608
0.414906
0.442027
0.511992
0.668145
0.948156
0.414495
0.422288
0.952675
0.679938
0.530009
0.461932
0.433483
0.421797
0.414159
0.41146
0.409782
0.408145
0.406961
0.405027
0.405332
0.412326
0.434707
0.500694
0.650495
0.93078
0.400238
0.405143
0.93124
0.656764
0.515262
0.454285
0.427224
0.418149
0.413409
0.411382
0.410182
0.409124
0.406689
0.405169
0.405447
0.410751
0.431614
0.491026
0.632537
0.912185
0.385599
0.38654
0.904993
0.632595
0.502265
0.449368
0.422495
0.414956
0.412808
0.411275
0.410499
0.408912
0.40765
0.405671
0.40656
0.4113
0.429615
0.480949
0.612732
0.889067
0.368635
0.367468
0.876353
0.607459
0.488502
0.443792
0.420769
0.414488
0.412753
0.411082
0.409562
0.408189
0.407231
0.406344
0.40445
0.408589
0.425025
0.471495
0.592906
0.864385
0.35228
0.347738
0.845126
0.58269
0.476441
0.435742
0.41931
0.413914
0.413446
0.41094
0.409305
0.40812
0.406475
0.405813
0.404219
0.405639
0.421547
0.463104
0.572712
0.837352
0.335965
0.328225
0.813465
0.55949
0.466107
0.429086
0.418422
0.41296
0.411414
0.410544
0.409056
0.408239
0.406597
0.40498
0.404912
0.405044
0.418665
0.454238
0.552186
0.807684
0.318788
0.309775
0.780692
0.537701
0.456548
0.425688
0.4149
0.41153
0.410756
0.410557
0.408804
0.407218
0.405863
0.405129
0.402547
0.404067
0.415255
0.446164
0.532549
0.776807
0.30174
0.290207
0.746969
0.517936
0.44718
0.424316
0.414505
0.410755
0.40996
0.407367
0.405624
0.40463
0.403988
0.40332
0.402015
0.403772
0.413642
0.43626
0.511899
0.742561
0.284119
0.271936
0.709819
0.498629
0.437877
0.423224
0.414839
0.409827
0.405736
0.403149
0.401669
0.401091
0.401069
0.401133
0.401756
0.403814
0.409066
0.424992
0.492173
0.706036
0.266266
0.253305
0.670262
0.480507
0.430037
0.415702
0.408818
0.404198
0.400908
0.398658
0.397434
0.397127
0.39751
0.398187
0.398974
0.399603
0.402384
0.41595
0.474215
0.668205
0.250556
0.23873
0.628361
0.461092
0.420862
0.409637
0.403374
0.399164
0.395999
0.393891
0.392828
0.392706
0.393308
0.394189
0.394634
0.395357
0.396654
0.408215
0.456632
0.628918
0.237207
0.22836
0.588006
0.442868
0.411733
0.403054
0.397982
0.393953
0.390995
0.38911
0.388243
0.388292
0.389059
0.39003
0.390265
0.391363
0.392465
0.402346
0.44247
0.59397
0.231248
0.226495
0.553006
0.42747
0.403782
0.396773
0.392372
0.388917
0.386347
0.384685
0.383948
0.384128
0.385176
0.386736
0.387507
0.389083
0.39134
0.400031
0.430656
0.561912
0.229819
0.2265
0.524899
0.416229
0.397538
0.391937
0.387949
0.384772
0.382389
0.380832
0.380124
0.38028
0.381375
0.3835
0.386636
0.389137
0.391202
0.399354
0.421922
0.535598
0.229593
0.228732
0.504834
0.411274
0.394097
0.388476
0.384604
0.38155
0.379264
0.377761
0.377047
0.377109
0.377958
0.379599
0.382179
0.386118
0.390786
0.397084
0.414663
0.511741
0.23073
0.235716
0.488598
0.40884
0.392092
0.386234
0.382309
0.379291
0.377019
0.375514
0.37479
0.37485
0.375705
0.37734
0.379721
0.382791
0.387061
0.393335
0.410649
0.492495
0.236447
0.241444
0.474126
0.407908
0.391791
0.385381
0.381141
0.377968
0.375585
0.374004
0.373225
0.373244
0.374064
0.375679
0.378063
0.38124
0.38556
0.39244
0.408485
0.475518
0.241726
0.247234
0.458916
0.407635
0.393699
0.385846
0.380925
0.377377
0.374801
0.373113
0.372283
0.372302
0.373166
0.374894
0.377449
0.380891
0.38583
0.393277
0.407819
0.460389
0.247863
0.254862
0.447
0.408663
0.396096
0.387566
0.381336
0.377207
0.374438
0.37265
0.371773
0.371783
0.372679
0.374534
0.377455
0.381739
0.387641
0.395992
0.408549
0.446284
0.255041
0.263175
0.436107
0.410679
0.39827
0.388855
0.382135
0.377517
0.374421
0.372516
0.371609
0.371609
0.372499
0.374378
0.377425
0.382105
0.388965
0.398588
0.411486
0.437297
0.263787
0.27274
0.430798
0.413932
0.400204
0.389762
0.382408
0.37749
0.374339
0.372454
0.371567
0.371567
0.37245
0.374348
0.377515
0.382424
0.38982
0.400301
0.414134
0.430937
0.272376
0.28292
0.428583
0.418496
0.402602
0.390565
0.382564
0.377479
0.374278
0.372414
0.371559
0.371557
0.3724
0.374253
0.377453
0.382537
0.39055
0.402586
0.418502
0.428669
0.282873
0.294562
0.429117
0.423567
0.40452
0.390859
0.382472
0.37724
0.374095
0.372347
0.371578
0.371576
0.372342
0.37408
0.377217
0.382438
0.390836
0.404535
0.42369
0.429177
0.294523
0.306357
0.437427
0.430038
0.40582
0.390795
0.381941
0.376773
0.373842
0.372307
0.371654
0.371651
0.372302
0.373829
0.376757
0.38192
0.390779
0.405822
0.430033
0.437215
0.305736
0.318551
0.448604
0.436202
0.406282
0.389866
0.380951
0.376099
0.37353
0.372297
0.371799
0.371798
0.372294
0.373521
0.37608
0.380928
0.389847
0.406286
0.436227
0.448607
0.319012
0.330947
0.466121
0.441049
0.405668
0.388176
0.37958
0.375336
0.373335
0.372428
0.372097
0.372097
0.372429
0.373332
0.375328
0.379581
0.388187
0.405701
0.441092
0.466092
0.330329
0.34168
0.485029
0.442896
0.40261
0.385425
0.377899
0.374602
0.373278
0.372742
0.372569
0.372569
0.372743
0.373278
0.374594
0.377879
0.385397
0.402595
0.442941
0.485008
0.34187
0.351686
0.494464
0.439051
0.396547
0.381628
0.376091
0.374219
0.373482
0.373242
0.373178
0.373179
0.373244
0.373486
0.37421
0.376093
0.381628
0.39657
0.439054
0.494432
0.351524
0.360639
0.495659
0.421266
0.386465
0.377474
0.375007
0.37416
0.373925
0.373879
0.373875
0.373875
0.373882
0.373929
0.374159
0.375002
0.377483
0.3865
0.421238
0.495619
0.360568
0.367933
0.430534
0.384483
0.375959
0.374868
0.374641
0.374596
0.374614
0.374626
0.37463
0.37463
0.374625
0.374613
0.374593
0.374631
0.374824
0.37584
0.384453
0.430565
0.367984
1.02642
1.75038
1.51732
1.20511
0.936559
0.747574
0.622413
0.54967
0.510036
0.491281
0.488534
0.500895
0.533515
0.598307
0.713406
0.897351
1.1596
1.47029
1.71773
0.989008
1.02254
1.7398
1.51393
1.20184
0.933459
0.74644
0.619436
0.547874
0.50912
0.490923
0.488295
0.50042
0.531481
0.594782
0.707676
0.888252
1.15616
1.45756
1.70768
0.982014
1.01724
1.74138
1.51205
1.19907
0.925613
0.745692
0.622525
0.549577
0.510236
0.490106
0.488008
0.499494
0.531997
0.596359
0.713624
0.898966
1.14974
1.47345
1.72348
0.994715
1.02232
1.74075
1.49888
1.18558
0.935489
0.745409
0.620385
0.550885
0.510259
0.490663
0.487548
0.50009
0.531899
0.594951
0.712215
0.89802
1.16828
1.47195
1.72374
0.99514
1.01522
1.74937
1.50725
1.18832
0.933918
0.740404
0.623188
0.551157
0.509583
0.491476
0.488378
0.500922
0.532905
0.595086
0.705676
0.885119
1.16397
1.45708
1.72096
0.993241
1.02066
1.74753
1.50463
1.19029
0.932858
0.743008
0.620856
0.550922
0.510664
0.491528
0.487593
0.500704
0.532572
0.595687
0.70944
0.88722
1.16072
1.47105
1.72064
0.99099
1.01342
1.73512
1.49154
1.18269
0.924565
0.744946
0.622977
0.551001
0.510618
0.491036
0.488344
0.500545
0.532015
0.59376
0.708097
0.884801
1.15572
1.46843
1.70746
0.982916
1.02314
1.74305
1.50064
1.18295
0.931497
0.744184
0.620283
0.550474
0.510325
0.492005
0.488486
0.500379
0.530663
0.594255
0.70633
0.888991
1.14881
1.45517
1.71889
0.991906
1.02107
1.74144
1.49891
1.19098
0.929725
0.738967
0.621888
0.550306
0.509474
0.491941
0.487567
0.499718
0.532019
0.59311
0.704598
0.886883
1.14321
1.45992
1.71946
0.991064
1.01951
1.73276
1.48242
1.17621
0.925782
0.740034
0.621028
0.549884
0.510819
0.492242
0.488037
0.500579
0.531337
0.594294
0.702264
0.88308
1.14644
1.46242
1.70875
0.98269
1.01694
1.73892
1.49018
1.17878
0.922734
0.737445
0.620028
0.549485
0.510791
0.49224
0.488251
0.500594
0.531858
0.593722
0.696482
0.874397
1.13371
1.4591
1.71322
0.985785
1.0149
1.73814
1.49569
1.1782
0.91368
0.736749
0.617172
0.548594
0.50996
0.492236
0.488921
0.500292
0.533076
0.592155
0.701084
0.882986
1.13495
1.44621
1.71052
0.979057
1.00579
1.72642
1.49178
1.18257
0.916612
0.733415
0.617861
0.547374
0.510887
0.491772
0.488899
0.501019
0.533393
0.593393
0.702982
0.880254
1.13452
1.45263
1.70188
0.98517
1.00696
1.72854
1.47711
1.17755
0.918736
0.735032
0.616647
0.548526
0.511085
0.492624
0.488724
0.500797
0.533151
0.594196
0.697542
0.877637
1.13772
1.45951
1.71103
0.980575
1.00122
1.72627
1.47527
1.16455
0.914726
0.733316
0.61799
0.549342
0.511028
0.49255
0.487747
0.500169
0.53283
0.593925
0.697983
0.868262
1.12918
1.457
1.70505
0.98806
1.00472
1.72272
1.47152
1.16301
0.913119
0.728718
0.615425
0.548011
0.510983
0.492579
0.488268
0.499681
0.532535
0.591566
0.697125
0.87552
1.13639
1.45285
1.70847
0.985888
1.00829
1.71919
1.46736
1.15791
0.90562
0.730699
0.615814
0.548726
0.51083
0.492547
0.488869
0.499883
0.532405
0.59206
0.696802
0.870035
1.13182
1.4482
1.70207
0.983783
1.00086
1.7259
1.46255
1.15311
0.906357
0.729353
0.615185
0.548536
0.510587
0.49242
0.488637
0.500369
0.532251
0.59264
0.697361
0.874466
1.12822
1.43278
1.6973
0.981268
0.999929
1.71764
1.45939
1.14968
0.903471
0.724715
0.615145
0.547672
0.509706
0.492528
0.49025
0.499666
0.532519
0.59087
0.69873
0.865549
1.11613
1.43244
1.6841
0.979019
0.99633
1.71922
1.45664
1.1442
0.896325
0.723759
0.614642
0.548405
0.510282
0.493887
0.49085
0.500985
0.533402
0.593024
0.69822
0.866093
1.11604
1.42904
1.69243
0.975072
0.993848
1.7157
1.45997
1.14158
0.896489
0.72222
0.613092
0.548427
0.510789
0.494203
0.491355
0.502098
0.533946
0.594081
0.694168
0.863473
1.11162
1.42581
1.70207
0.980003
0.991861
1.70527
1.456
1.13768
0.893858
0.721299
0.613555
0.548404
0.512004
0.494594
0.491837
0.503237
0.533876
0.593927
0.697055
0.864153
1.10923
1.42617
1.70167
0.975278
0.992566
1.70813
1.44368
1.13898
0.887642
0.721179
0.613
0.54831
0.512249
0.494773
0.492031
0.503929
0.534345
0.593356
0.695787
0.86085
1.10494
1.4282
1.69887
0.979579
0.987771
1.70738
1.44587
1.13165
0.888038
0.720235
0.611595
0.547968
0.512378
0.494928
0.49222
0.503856
0.533184
0.591189
0.691365
0.852709
1.10234
1.42473
1.69787
0.973681
0.992836
1.70459
1.44214
1.13608
0.888985
0.717031
0.611906
0.547322
0.51239
0.494853
0.492182
0.503898
0.533757
0.591455
0.691181
0.852181
1.09975
1.41163
1.68944
0.974209
0.9867
1.69629
1.42871
1.12566
0.887089
0.717501
0.611288
0.548203
0.512622
0.494247
0.492093
0.50391
0.534181
0.591333
0.689143
0.848637
1.0886
1.41348
1.68862
0.971766
0.987792
1.70673
1.43159
1.12443
0.88188
0.717512
0.612085
0.547527
0.512939
0.495548
0.492046
0.50318
0.533987
0.590924
0.688285
0.848149
1.08853
1.40475
1.68586
0.964306
0.98529
1.70276
1.42156
1.12049
0.882553
0.715865
0.611289
0.547881
0.513029
0.495079
0.492479
0.503979
0.533298
0.590357
0.686905
0.845442
1.08423
1.41027
1.68923
0.962787
0.985743
1.7002
1.4276
1.11866
0.880441
0.716475
0.611892
0.548401
0.513304
0.495856
0.493296
0.503669
0.533612
0.589975
0.687049
0.843454
1.07971
1.39774
1.68665
0.960209
0.979547
1.69527
1.42169
1.10995
0.874498
0.71361
0.610723
0.547685
0.513085
0.496655
0.49343
0.504407
0.533604
0.58889
0.686023
0.842696
1.07545
1.39536
1.67559
0.95629
0.982749
1.69208
1.41703
1.10724
0.874197
0.713078
0.611279
0.548599
0.514597
0.497899
0.493823
0.503732
0.533053
0.588929
0.684916
0.840851
1.07154
1.39076
1.67604
0.957479
0.979784
1.67946
1.40755
1.10213
0.869945
0.711489
0.610277
0.549001
0.514369
0.497912
0.493947
0.504233
0.533601
0.589075
0.684027
0.835786
1.06719
1.37948
1.6748
0.959457
0.973779
1.67884
1.40068
1.09791
0.86757
0.710622
0.610214
0.549473
0.514931
0.497781
0.494301
0.503433
0.53413
0.588841
0.682118
0.833798
1.06257
1.37811
1.66543
0.953132
0.972268
1.67675
1.39496
1.09328
0.865036
0.70955
0.609599
0.548811
0.51449
0.498518
0.494929
0.504383
0.534297
0.588229
0.681256
0.831396
1.05861
1.36889
1.66987
0.955729
0.968213
1.66852
1.38821
1.08789
0.86187
0.708487
0.609337
0.548917
0.515089
0.498593
0.495496
0.504955
0.534594
0.588195
0.679992
0.82851
1.05445
1.35962
1.66607
0.949124
0.967096
1.67082
1.38172
1.083
0.859266
0.70744
0.60896
0.548665
0.514555
0.498022
0.49607
0.505849
0.534467
0.588135
0.679171
0.825613
1.05045
1.35317
1.65463
0.946367
0.961939
1.65767
1.37258
1.07704
0.856348
0.706036
0.608178
0.548369
0.515465
0.499459
0.497166
0.507368
0.535546
0.588441
0.678249
0.823492
1.04551
1.345
1.64881
0.941854
0.956392
1.65085
1.36677
1.0721
0.853658
0.704764
0.607328
0.547686
0.514775
0.499977
0.497976
0.50842
0.535685
0.588315
0.677569
0.820406
1.0378
1.33897
1.64224
0.935379
0.954502
1.64697
1.35937
1.06686
0.85074
0.703158
0.606603
0.547275
0.514583
0.499168
0.49784
0.507866
0.53553
0.58819
0.676896
0.818463
1.0332
1.33302
1.63308
0.931924
0.951489
1.64263
1.3541
1.06309
0.848042
0.701554
0.605822
0.546848
0.514322
0.499298
0.49782
0.508589
0.535155
0.588019
0.676248
0.816605
1.02913
1.32552
1.6266
0.926119
0.948136
1.635
1.3468
1.05765
0.845155
0.700027
0.604987
0.546083
0.513915
0.499081
0.497607
0.508523
0.535818
0.587803
0.675622
0.814511
1.02418
1.31848
1.62087
0.924096
0.944631
1.63007
1.33908
1.05218
0.841719
0.698028
0.603972
0.545656
0.513595
0.49929
0.497444
0.508325
0.535799
0.587661
0.675129
0.812996
1.02022
1.311
1.61611
0.920978
0.94066
1.62374
1.33188
1.04668
0.838307
0.696011
0.60287
0.545003
0.51323
0.498954
0.497015
0.507864
0.535198
0.58721
0.674307
0.810772
1.01661
1.30663
1.61237
0.918347
0.936313
1.61923
1.32406
1.04129
0.834912
0.693993
0.601733
0.544331
0.512427
0.498506
0.496016
0.507396
0.534774
0.586639
0.673108
0.807976
1.01116
1.29906
1.60613
0.91527
0.931462
1.61292
1.31864
1.03669
0.83133
0.691904
0.600614
0.543596
0.512088
0.498259
0.496379
0.506397
0.534292
0.585889
0.671352
0.804915
1.00537
1.29057
1.60102
0.91168
0.927677
1.60859
1.31246
1.0322
0.828077
0.689581
0.599398
0.54285
0.511674
0.497134
0.495314
0.506093
0.53371
0.584927
0.669422
0.801883
1.001
1.2841
1.59767
0.909071
0.924224
1.60437
1.30845
1.0283
0.824888
0.687121
0.598206
0.542119
0.511227
0.496905
0.495226
0.505535
0.532784
0.583768
0.667339
0.798912
0.996851
1.27762
1.59774
0.906532
0.921045
1.59986
1.30231
1.02365
0.822379
0.685315
0.597136
0.541208
0.510529
0.496379
0.494299
0.504934
0.532109
0.582567
0.665252
0.795266
0.991595
1.27164
1.59959
0.904126
0.916881
1.59577
1.29638
1.01851
0.819872
0.683816
0.595846
0.540146
0.509698
0.495823
0.49407
0.504609
0.531443
0.581285
0.663455
0.792268
0.987235
1.26582
1.58972
0.901725
0.912564
1.59153
1.29037
1.01303
0.81652
0.682662
0.594314
0.538956
0.508702
0.495021
0.49354
0.504125
0.530569
0.579687
0.661199
0.788483
0.98182
1.26029
1.59352
0.899592
0.908399
1.58689
1.28315
1.00647
0.810803
0.678465
0.59196
0.537446
0.507168
0.494087
0.493051
0.503758
0.529799
0.577694
0.65763
0.784409
0.976972
1.25449
1.58266
0.897236
0.902253
1.57983
1.27537
0.999517
0.805496
0.675054
0.589801
0.536062
0.506183
0.493233
0.492934
0.50341
0.529019
0.576028
0.654595
0.779283
0.971046
1.24832
1.57774
0.894171
0.897327
1.57401
1.26723
0.991353
0.79861
0.670252
0.586775
0.534209
0.504861
0.492081
0.49175
0.502792
0.528173
0.574256
0.650694
0.7744
0.966115
1.2428
1.57195
0.891907
0.89054
1.56599
1.25737
0.982322
0.791306
0.664658
0.583656
0.532349
0.503408
0.491056
0.490713
0.501696
0.52705
0.572324
0.645926
0.769245
0.959747
1.23442
1.56081
0.887175
0.884751
1.55934
1.2468
0.972008
0.783584
0.65964
0.580602
0.53043
0.50189
0.489341
0.4888
0.500012
0.525729
0.570745
0.64214
0.766128
0.954016
1.22891
1.55592
0.88472
0.878861
1.55212
1.23579
0.961638
0.775673
0.653743
0.577129
0.528217
0.500099
0.487605
0.487278
0.498539
0.52422
0.569739
0.640819
0.762258
0.946057
1.21969
1.54715
0.879918
0.87391
1.54722
1.22387
0.950112
0.76741
0.648125
0.573796
0.526078
0.498499
0.486231
0.486004
0.497125
0.52212
0.566286
0.639175
0.755452
0.937711
1.21106
1.53752
0.87568
0.869747
1.54005
1.21164
0.938294
0.758195
0.641413
0.569894
0.523578
0.496655
0.484671
0.484534
0.495623
0.520103
0.562306
0.632237
0.74709
0.929958
1.2021
1.53087
0.87128
0.864689
1.53307
1.19818
0.925745
0.748643
0.634838
0.566125
0.520988
0.494629
0.48293
0.482948
0.494055
0.518213
0.559025
0.627698
0.741359
0.923202
1.19382
1.52415
0.866876
0.857399
1.52485
1.18375
0.912687
0.739006
0.628283
0.562249
0.518252
0.492592
0.481293
0.481466
0.492637
0.516442
0.554926
0.62246
0.736673
0.916369
1.18497
1.52017
0.862674
0.848217
1.51435
1.16693
0.89802
0.729294
0.620983
0.558071
0.51513
0.490217
0.479396
0.479869
0.491231
0.515179
0.552504
0.620094
0.732792
0.908062
1.17455
1.51351
0.856581
0.83718
1.50339
1.14933
0.881768
0.71861
0.615241
0.553723
0.511883
0.487948
0.477675
0.478336
0.489718
0.513729
0.5514
0.619292
0.728563
0.898521
1.16436
1.50918
0.851397
0.823628
1.48924
1.12951
0.865642
0.708509
0.614652
0.54922
0.508455
0.485577
0.475927
0.476815
0.48819
0.512098
0.550468
0.615536
0.720684
0.887753
1.15199
1.50163
0.844627
0.809409
1.47423
1.10899
0.848513
0.695602
0.600393
0.5424
0.504799
0.483227
0.474154
0.475222
0.486444
0.510028
0.549728
0.608904
0.71331
0.876915
1.13836
1.49448
0.83684
0.793558
1.45739
1.08798
0.830839
0.683167
0.594777
0.53821
0.501718
0.480942
0.472317
0.473468
0.484552
0.507712
0.546005
0.6029
0.705036
0.864321
1.12234
1.48365
0.827136
0.777126
1.43941
1.06712
0.815127
0.670756
0.585334
0.532761
0.498312
0.478467
0.470237
0.471452
0.482372
0.505195
0.543058
0.598289
0.695749
0.850855
1.10403
1.46995
0.81278
0.759956
1.41917
1.04506
0.799689
0.661174
0.579818
0.528765
0.495159
0.475859
0.467882
0.469169
0.479929
0.502343
0.539782
0.596267
0.688693
0.837587
1.0839
1.45503
0.799108
0.742466
1.39806
1.02272
0.78544
0.65344
0.574011
0.524295
0.491708
0.473016
0.465266
0.466572
0.477094
0.498903
0.535231
0.591471
0.67917
0.822278
1.06154
1.43608
0.780757
0.724066
1.37448
0.997854
0.769762
0.644186
0.56781
0.51962
0.488072
0.47002
0.46254
0.463842
0.474125
0.495403
0.530627
0.583766
0.66922
0.806058
1.03702
1.41567
0.761519
0.705777
1.35187
0.97413
0.753656
0.635224
0.560961
0.514544
0.484263
0.466873
0.459598
0.460839
0.470787
0.491467
0.526001
0.578529
0.660416
0.788782
1.01052
1.39207
0.741856
0.685063
1.32746
0.949768
0.73778
0.624098
0.553603
0.509304
0.480204
0.463482
0.456474
0.457603
0.46711
0.487075
0.520784
0.5717
0.649859
0.768985
0.98172
1.36567
0.720721
0.664026
1.30131
0.924209
0.719829
0.612185
0.547018
0.504203
0.475959
0.459769
0.452929
0.453893
0.462792
0.481525
0.513305
0.562049
0.635842
0.746573
0.950078
1.33492
0.693615
0.64097
1.2717
0.898469
0.701261
0.599691
0.539359
0.498137
0.471072
0.455637
0.449092
0.449948
0.458297
0.475948
0.506022
0.551861
0.618797
0.722717
0.917416
1.30338
0.668637
0.619224
1.23868
0.872608
0.684352
0.587382
0.531591
0.491839
0.465884
0.451128
0.44482
0.4455
0.453161
0.469357
0.497058
0.540139
0.602215
0.69783
0.881949
1.26448
0.638653
0.593075
1.19876
0.843767
0.670114
0.576912
0.522406
0.484337
0.459935
0.44608
0.440119
0.440699
0.447753
0.462496
0.487247
0.525284
0.581599
0.671892
0.845656
1.22053
0.605323
0.565008
1.15443
0.811771
0.65081
0.564487
0.511738
0.476168
0.45346
0.440498
0.434861
0.435334
0.441839
0.455417
0.478023
0.512407
0.563744
0.645927
0.805219
1.16598
0.565928
0.534445
1.10605
0.776723
0.630926
0.552244
0.501899
0.467791
0.446433
0.434348
0.429075
0.42945
0.435367
0.447726
0.468282
0.499432
0.544619
0.617768
0.760218
1.10193
0.51817
0.50047
1.05345
0.738299
0.60497
0.535044
0.488095
0.457386
0.438325
0.427475
0.422701
0.42302
0.428353
0.439437
0.457755
0.485453
0.526229
0.590043
0.713995
1.03207
0.468685
0.469484
1.00062
0.702065
0.580094
0.516179
0.474451
0.447032
0.429958
0.42022
0.415924
0.416182
0.420923
0.43076
0.446957
0.471217
0.506289
0.562118
0.669895
0.96255
0.429472
0.43219
0.939249
0.66271
0.556048
0.497742
0.460049
0.43583
0.420986
0.41257
0.40887
0.409126
0.41331
0.421982
0.436363
0.458144
0.489642
0.536776
0.627006
0.890077
0.386184
0.399515
0.877471
0.623328
0.528303
0.477526
0.444797
0.424337
0.411952
0.404927
0.40183
0.402058
0.40561
0.412962
0.425187
0.443869
0.471275
0.512538
0.589076
0.822316
0.355464
0.365682
0.80888
0.581275
0.49963
0.456022
0.429632
0.413354
0.403404
0.397694
0.395166
0.395379
0.398363
0.404527
0.414841
0.43081
0.454404
0.488479
0.550781
0.755204
0.322805
0.333952
0.741276
0.541249
0.473235
0.438095
0.416823
0.403769
0.395781
0.391165
0.389109
0.389275
0.39169
0.396644
0.404877
0.417675
0.437072
0.466338
0.520763
0.700454
0.30209
0.310438
0.677115
0.506017
0.449776
0.422007
0.405747
0.395664
0.389347
0.385623
0.383948
0.384088
0.38608
0.390147
0.396867
0.407292
0.423318
0.448277
0.494883
0.652551
0.290376
0.300804
0.619945
0.475413
0.431539
0.410364
0.397635
0.389494
0.384283
0.381169
0.379746
0.379843
0.381485
0.384839
0.39032
0.398693
0.4115
0.4323
0.473842
0.611748
0.287683
0.297969
0.573491
0.45468
0.419796
0.402732
0.392203
0.3852
0.380639
0.377886
0.376609
0.376669
0.37808
0.381015
0.385833
0.393231
0.404527
0.422659
0.457742
0.574451
0.287376
0.291254
0.537708
0.443147
0.413724
0.398401
0.388793
0.382351
0.378143
0.375598
0.374404
0.374435
0.375682
0.378306
0.38261
0.38918
0.399237
0.415478
0.445703
0.541507
0.289663
0.292395
0.513859
0.440632
0.412986
0.397331
0.387367
0.380857
0.376693
0.374205
0.373036
0.373048
0.374214
0.376693
0.380798
0.387199
0.397019
0.412753
0.440569
0.51457
0.294604
0.300481
0.497751
0.44002
0.413566
0.396987
0.386507
0.379885
0.375792
0.373427
0.372345
0.372352
0.373429
0.375818
0.379909
0.386516
0.396838
0.41295
0.440023
0.498033
0.300123
0.30764
0.483821
0.440762
0.413642
0.39664
0.385907
0.37926
0.375289
0.373107
0.372145
0.372146
0.373091
0.375257
0.379199
0.385837
0.39662
0.41381
0.440856
0.484087
0.306607
0.313515
0.47504
0.443388
0.414364
0.39638
0.385297
0.378682
0.374902
0.372918
0.372094
0.372095
0.37291
0.374889
0.378651
0.385238
0.396315
0.414447
0.443473
0.475518
0.314221
0.321016
0.471212
0.445859
0.414744
0.395627
0.384405
0.378011
0.374539
0.372817
0.372115
0.372114
0.372809
0.374517
0.377972
0.384343
0.395558
0.414624
0.446152
0.471336
0.320319
0.328568
0.470177
0.449293
0.414761
0.394597
0.38336
0.377295
0.374198
0.372771
0.372227
0.372224
0.372766
0.374184
0.377272
0.383322
0.394566
0.414858
0.449394
0.47038
0.32867
0.336751
0.476282
0.453422
0.414227
0.392946
0.381963
0.376446
0.373842
0.372758
0.372372
0.372369
0.372755
0.373828
0.376415
0.381913
0.392882
0.414167
0.453424
0.476283
0.336445
0.343642
0.485243
0.456492
0.412373
0.390577
0.380281
0.375573
0.373595
0.372829
0.372586
0.372585
0.372831
0.373593
0.375574
0.38029
0.390593
0.412397
0.456558
0.485278
0.343461
0.351956
0.499771
0.457895
0.409167
0.387594
0.378478
0.374799
0.373501
0.37303
0.372902
0.372901
0.37303
0.373501
0.37479
0.378459
0.38755
0.409094
0.457906
0.499573
0.351817
0.35673
0.511823
0.456765
0.403598
0.383824
0.376684
0.374333
0.373569
0.373358
0.373312
0.373313
0.373359
0.373576
0.374341
0.376721
0.383883
0.403599
0.456767
0.511829
0.356712
0.362759
0.517008
0.445286
0.394649
0.379534
0.375335
0.3742
0.373854
0.373778
0.373767
0.373767
0.373778
0.373858
0.374207
0.375453
0.379644
0.394434
0.44492
0.516996
0.36271
0.365786
0.505338
0.420608
0.383716
0.376507
0.374815
0.374301
0.374236
0.37424
0.374247
0.374247
0.374244
0.374241
0.374288
0.374677
0.376181
0.383099
0.41941
0.505411
0.366008
0.369999
0.43061
0.381262
0.374479
0.374442
0.374571
0.374699
0.374744
0.374755
0.374756
0.374756
0.374756
0.374753
0.374741
0.374742
0.375175
0.377042
0.385622
0.431141
0.369904
0.582503
1.15547
1.00119
0.808495
0.643495
0.530809
0.465185
0.42995
0.41244
0.404992
0.404591
0.411395
0.42846
0.462968
0.5279
0.639573
0.803833
1.00174
1.15276
0.582647
0.581233
1.15447
0.999065
0.806363
0.641865
0.529776
0.46497
0.43008
0.412779
0.405377
0.404863
0.411504
0.428035
0.460984
0.523185
0.63236
0.794071
0.999194
1.15113
0.581297
0.580724
1.1544
0.997919
0.80368
0.641051
0.529187
0.464952
0.430261
0.413043
0.406126
0.405034
0.411591
0.428241
0.461932
0.52548
0.637529
0.79606
0.996427
1.1488
0.576986
0.574912
1.14896
0.988734
0.794
0.639705
0.525761
0.46451
0.430413
0.413347
0.405697
0.405234
0.411714
0.428413
0.462567
0.526882
0.636596
0.796735
0.988005
1.14211
0.579046
0.576816
1.154
0.995502
0.800222
0.640145
0.529399
0.464581
0.430773
0.413787
0.406545
0.405543
0.411856
0.428303
0.462105
0.525825
0.630919
0.790904
0.98934
1.14356
0.576851
0.576426
1.15409
0.990433
0.793654
0.638708
0.529193
0.464635
0.431111
0.414455
0.406676
0.405919
0.412314
0.428107
0.460048
0.522079
0.63617
0.797956
0.987965
1.14235
0.575703
0.579187
1.15441
1.00255
0.802277
0.638025
0.528561
0.464809
0.431544
0.414996
0.407084
0.406265
0.41256
0.42837
0.461088
0.523315
0.635141
0.790199
0.986566
1.14486
0.576046
0.576377
1.15443
1.00153
0.795417
0.631525
0.525676
0.466034
0.432202
0.41568
0.408115
0.407224
0.4131
0.428184
0.461888
0.523548
0.630014
0.792063
0.988581
1.14587
0.578005
0.580521
1.14936
1.00161
0.803288
0.637501
0.530039
0.466205
0.432611
0.416097
0.408585
0.407576
0.413418
0.428614
0.460886
0.525558
0.634164
0.796543
0.992453
1.14558
0.576863
0.576164
1.15385
0.999396
0.802686
0.633414
0.529994
0.46512
0.432849
0.416561
0.408978
0.407898
0.413611
0.428841
0.462146
0.52482
0.632437
0.794381
0.991835
1.1444
0.578346
0.579403
1.15367
0.998493
0.801376
0.639415
0.528174
0.466468
0.433355
0.416764
0.40919
0.407848
0.413648
0.428763
0.461388
0.523042
0.629748
0.784767
0.989499
1.14754
0.577167
0.58174
1.15142
0.994953
0.800201
0.633897
0.529836
0.466352
0.43345
0.416602
0.408961
0.407333
0.41341
0.42862
0.460706
0.52172
0.628402
0.788776
0.988302
1.14526
0.573647
0.580866
1.14932
0.990895
0.797204
0.637523
0.529635
0.46581
0.433374
0.416037
0.408431
0.407155
0.412878
0.428171
0.458948
0.519917
0.626343
0.785468
0.978216
1.14035
0.575764
0.579291
1.14757
0.986804
0.795114
0.636974
0.529208
0.465463
0.433166
0.416097
0.409209
0.407657
0.413095
0.427974
0.45862
0.518126
0.623779
0.781632
0.978783
1.1442
0.57496
0.57686
1.14485
0.982834
0.786628
0.635328
0.528369
0.465887
0.433453
0.416241
0.408115
0.406435
0.412113
0.427587
0.457578
0.514454
0.616505
0.777767
0.975155
1.14081
0.571177
0.580589
1.14903
0.98877
0.788243
0.634299
0.527215
0.465896
0.432863
0.415186
0.407261
0.406344
0.411992
0.427738
0.457202
0.513274
0.614319
0.771137
0.973224
1.14437
0.572314
0.576943
1.14722
0.981297
0.785306
0.632664
0.524615
0.466116
0.43309
0.415192
0.407304
0.406743
0.411858
0.427274
0.456452
0.511604
0.61018
0.764649
0.969368
1.13903
0.570342
0.580948
1.14742
0.981696
0.783336
0.631564
0.526839
0.465727
0.432688
0.415148
0.407428
0.405644
0.411535
0.42686
0.455058
0.508913
0.604896
0.759537
0.966999
1.13636
0.564842
0.580355
1.1464
0.979768
0.78163
0.626206
0.525971
0.46552
0.432668
0.415539
0.406964
0.405601
0.411615
0.426564
0.454246
0.506463
0.601934
0.755576
0.966537
1.13471
0.564076
0.579576
1.14642
0.978905
0.781814
0.62711
0.524382
0.465409
0.432613
0.414915
0.407467
0.405677
0.412149
0.426243
0.453548
0.504843
0.597878
0.750764
0.964132
1.135
0.562369
0.578502
1.14436
0.976142
0.784241
0.627726
0.52293
0.465274
0.432328
0.414793
0.406739
0.405502
0.41149
0.425785
0.452745
0.503137
0.596131
0.747293
0.957067
1.13363
0.562298
0.574836
1.14373
0.974286
0.782489
0.624955
0.523137
0.46514
0.43233
0.415008
0.406889
0.405554
0.411485
0.425476
0.452311
0.502416
0.594758
0.744931
0.958678
1.1298
0.558238
0.574995
1.13952
0.974395
0.779307
0.625443
0.523631
0.464911
0.432312
0.415704
0.407769
0.406201
0.410871
0.424865
0.451591
0.501557
0.595654
0.745814
0.953676
1.13125
0.560378
0.573516
1.14015
0.967984
0.776303
0.619856
0.522081
0.463929
0.432239
0.415459
0.407506
0.405895
0.410269
0.424297
0.451041
0.501018
0.59871
0.750155
0.958764
1.13054
0.55904
0.572555
1.13902
0.971531
0.769407
0.619307
0.519167
0.463342
0.431736
0.415115
0.407216
0.405666
0.410607
0.42367
0.450533
0.500929
0.597896
0.751589
0.950598
1.12817
0.556841
0.570378
1.13215
0.963253
0.769871
0.617011
0.517912
0.462775
0.431688
0.41569
0.407916
0.406346
0.410252
0.423152
0.450231
0.501717
0.593731
0.745094
0.951487
1.12561
0.553601
0.569519
1.13419
0.961624
0.76624
0.611324
0.515987
0.462421
0.431648
0.414947
0.407039
0.405745
0.410789
0.423186
0.449946
0.502244
0.598669
0.752414
0.949381
1.13024
0.556443
0.568475
1.13537
0.957397
0.76112
0.609083
0.514722
0.461828
0.431929
0.415468
0.407306
0.406557
0.410779
0.423198
0.449605
0.499883
0.596867
0.749672
0.948254
1.12636
0.558349
0.564365
1.13413
0.95981
0.756711
0.605212
0.513236
0.461063
0.430933
0.414884
0.407354
0.406487
0.410587
0.423616
0.449563
0.501164
0.595596
0.747809
0.946647
1.1275
0.553563
0.564215
1.12993
0.952524
0.756976
0.603305
0.511866
0.460419
0.430145
0.414462
0.408102
0.406774
0.410786
0.423601
0.4492
0.498683
0.589562
0.739259
0.945917
1.12614
0.554977
0.563904
1.13141
0.952567
0.751812
0.600375
0.51064
0.459989
0.430053
0.414538
0.40809
0.406862
0.411006
0.42379
0.44908
0.498279
0.589157
0.738339
0.942912
1.12393
0.551789
0.564949
1.13027
0.949225
0.74992
0.598668
0.509505
0.459403
0.429961
0.414712
0.408247
0.406737
0.411307
0.424002
0.448767
0.496981
0.587404
0.735504
0.935219
1.12249
0.55234
0.563295
1.12774
0.94228
0.745967
0.595993
0.508176
0.458778
0.429996
0.415366
0.408402
0.407074
0.411662
0.424201
0.44849
0.49615
0.585393
0.732536
0.933747
1.12047
0.551032
0.561551
1.12681
0.940201
0.743599
0.594404
0.507081
0.458045
0.429129
0.414959
0.408355
0.407707
0.412286
0.424296
0.448181
0.494778
0.580152
0.724361
0.930141
1.11779
0.552127
0.558969
1.12348
0.940601
0.740146
0.591674
0.505766
0.457391
0.428886
0.41466
0.408033
0.408273
0.412809
0.424002
0.447625
0.493826
0.57827
0.722299
0.926948
1.12128
0.553831
0.558404
1.12116
0.93724
0.736133
0.589737
0.504531
0.45661
0.428797
0.413917
0.407789
0.407918
0.412513
0.423402
0.446939
0.49241
0.575509
0.71707
0.92409
1.11614
0.552381
0.553319
1.11519
0.927476
0.730291
0.587291
0.503354
0.455775
0.427516
0.413827
0.4084
0.40741
0.412025
0.423765
0.44688
0.49174
0.573906
0.714686
0.919739
1.1172
0.550688
0.550264
1.11243
0.921455
0.72656
0.585582
0.502168
0.454896
0.427237
0.4144
0.408043
0.408138
0.412877
0.422704
0.446896
0.490831
0.571883
0.711902
0.915781
1.11376
0.546282
0.547844
1.10895
0.917041
0.721513
0.583114
0.500901
0.453864
0.426813
0.413889
0.408638
0.407297
0.411743
0.422205
0.445937
0.489888
0.56946
0.708962
0.910159
1.11213
0.547435
0.545053
1.10466
0.911682
0.716789
0.580678
0.4996
0.452646
0.426567
0.413635
0.408618
0.408009
0.411194
0.422038
0.445266
0.488881
0.567415
0.705561
0.906048
1.1081
0.542541
0.542341
1.10097
0.907016
0.712596
0.578323
0.498557
0.451832
0.426442
0.414187
0.408632
0.407796
0.411279
0.421967
0.444969
0.487905
0.565038
0.700535
0.901371
1.10414
0.540569
0.540112
1.09839
0.902044
0.708861
0.575835
0.497328
0.451723
0.426414
0.413637
0.408194
0.408112
0.411384
0.421789
0.444558
0.486722
0.562234
0.695267
0.896408
1.10005
0.537237
0.536978
1.09536
0.897555
0.704813
0.573593
0.496081
0.450839
0.426355
0.413856
0.408339
0.40807
0.412069
0.421789
0.444219
0.48574
0.560476
0.691558
0.889851
1.09628
0.533099
0.53449
1.09243
0.892846
0.700042
0.570793
0.494879
0.450754
0.426486
0.414778
0.409289
0.407734
0.411435
0.42165
0.443684
0.484219
0.557704
0.686178
0.884176
1.0911
0.530523
0.53174
1.0907
0.888145
0.696223
0.568497
0.493689
0.450883
0.426476
0.414559
0.409224
0.407897
0.41156
0.421699
0.443229
0.483093
0.555759
0.681655
0.877949
1.08825
0.528629
0.529245
1.0873
0.883458
0.691625
0.565754
0.492239
0.45057
0.42687
0.414499
0.409394
0.408252
0.411848
0.422074
0.442307
0.482236
0.553916
0.678361
0.873664
1.08544
0.526209
0.527159
1.08512
0.878764
0.688347
0.563629
0.490821
0.449524
0.426393
0.413919
0.409115
0.408955
0.412407
0.421159
0.442345
0.481853
0.551915
0.674618
0.868121
1.08343
0.523433
0.524652
1.08357
0.874311
0.684108
0.561016
0.489391
0.448575
0.426059
0.413845
0.409731
0.40827
0.41138
0.420711
0.440994
0.480314
0.549619
0.67074
0.863465
1.08199
0.521104
0.522651
1.08475
0.86952
0.680335
0.558529
0.487862
0.447189
0.425267
0.413711
0.409179
0.408945
0.411493
0.420561
0.440702
0.478817
0.547284
0.666727
0.858574
1.08232
0.518519
0.520409
1.08196
0.863939
0.67558
0.55561
0.48635
0.446154
0.424312
0.413648
0.40995
0.40856
0.411467
0.420331
0.438991
0.477376
0.544699
0.662433
0.853081
1.07694
0.516016
0.517209
1.07364
0.858105
0.671258
0.552669
0.484666
0.446703
0.424359
0.413713
0.409968
0.408806
0.411697
0.42089
0.438612
0.47564
0.541728
0.657701
0.84701
1.07797
0.512751
0.514268
1.06999
0.85254
0.666833
0.549642
0.482533
0.445126
0.424332
0.413796
0.410122
0.409769
0.412271
0.419643
0.438173
0.473217
0.538559
0.65283
0.839706
1.06852
0.508662
0.51082
1.06424
0.846956
0.662525
0.546771
0.480517
0.444153
0.424024
0.413877
0.409836
0.40964
0.411659
0.419255
0.436161
0.470841
0.535117
0.647401
0.832081
1.06025
0.503724
0.507066
1.05857
0.841031
0.65791
0.543656
0.478227
0.442619
0.4234
0.413998
0.410093
0.409841
0.412322
0.419889
0.435643
0.46804
0.53135
0.641985
0.824225
1.05117
0.497999
0.503443
1.05343
0.835038
0.653194
0.540687
0.476275
0.440892
0.422709
0.414887
0.411166
0.409661
0.41158
0.418773
0.434405
0.465503
0.52703
0.635794
0.816058
1.04338
0.492475
0.499899
1.04875
0.828028
0.64738
0.537105
0.474559
0.439639
0.421865
0.414748
0.411183
0.410485
0.411752
0.418877
0.435271
0.464586
0.522925
0.630298
0.809116
1.03767
0.487777
0.494976
1.04181
0.820127
0.641316
0.53325
0.472874
0.440181
0.421692
0.414886
0.41124
0.410005
0.411814
0.419006
0.43321
0.461767
0.517811
0.623941
0.801488
1.03231
0.483112
0.491242
1.03614
0.812527
0.634592
0.528713
0.470235
0.438405
0.42122
0.414825
0.411168
0.410941
0.411931
0.418006
0.430568
0.457365
0.513539
0.618263
0.79359
1.02419
0.477676
0.486793
1.03009
0.804144
0.627474
0.523908
0.467138
0.436003
0.420763
0.414719
0.411406
0.411118
0.412166
0.417302
0.429681
0.454699
0.509564
0.61203
0.786027
1.01788
0.47373
0.483011
1.02425
0.796026
0.619895
0.518416
0.463577
0.433468
0.420482
0.414183
0.41228
0.411457
0.413039
0.417709
0.43099
0.45414
0.506839
0.606012
0.778196
1.01278
0.470585
0.479478
1.01927
0.787773
0.61205
0.512736
0.460705
0.432912
0.420415
0.414257
0.412035
0.411169
0.412265
0.418165
0.429684
0.453361
0.50482
0.59987
0.771322
1.00795
0.468067
0.475974
1.01497
0.779827
0.604073
0.506339
0.456812
0.432847
0.419357
0.415105
0.412876
0.411997
0.412055
0.417691
0.43067
0.453081
0.50325
0.593485
0.7637
1.00317
0.465038
0.472177
1.01075
0.771068
0.595979
0.499887
0.453241
0.430766
0.418174
0.41459
0.411973
0.411161
0.411745
0.416843
0.428284
0.452664
0.496863
0.586374
0.755837
0.997595
0.46159
0.467198
1.00546
0.761612
0.587742
0.493344
0.449182
0.429015
0.417555
0.414222
0.412772
0.412107
0.411496
0.415841
0.426636
0.448805
0.492452
0.579717
0.747973
0.993207
0.458417
0.462272
0.999808
0.751663
0.579882
0.487579
0.444513
0.426615
0.417064
0.413093
0.411481
0.410874
0.411083
0.415555
0.425893
0.445662
0.486686
0.571978
0.738874
0.98765
0.454119
0.455962
0.99243
0.74014
0.571381
0.482886
0.441385
0.423964
0.417256
0.413034
0.411507
0.411455
0.41069
0.413985
0.423535
0.441701
0.481262
0.564121
0.729388
0.98303
0.450164
0.44944
0.985021
0.727217
0.562097
0.478725
0.44003
0.421893
0.415496
0.413019
0.412025
0.410327
0.410113
0.412548
0.421614
0.438138
0.475675
0.555312
0.718259
0.975924
0.444352
0.44049
0.973291
0.711533
0.551123
0.472649
0.438103
0.421666
0.415598
0.413626
0.410995
0.410274
0.409958
0.412
0.418761
0.434223
0.470331
0.546519
0.706576
0.969005
0.438883
0.430578
0.960644
0.694497
0.540106
0.465214
0.434073
0.421785
0.416174
0.412222
0.410689
0.410901
0.409926
0.412067
0.416564
0.431114
0.464952
0.536738
0.692964
0.959288
0.43091
0.418576
0.945443
0.675373
0.528102
0.460152
0.430686
0.419423
0.414672
0.412185
0.410688
0.409753
0.409624
0.410458
0.414503
0.427845
0.458924
0.525915
0.678623
0.949951
0.423204
0.405811
0.926664
0.655174
0.51463
0.461073
0.430765
0.419721
0.415913
0.41351
0.411743
0.410026
0.409716
0.410938
0.414253
0.424766
0.452898
0.514525
0.662587
0.938327
0.413182
0.394163
0.909631
0.637287
0.501438
0.451145
0.430623
0.420537
0.41517
0.412548
0.4107
0.410005
0.40977
0.409729
0.411901
0.421547
0.446847
0.502876
0.645279
0.924201
0.402278
0.380055
0.887699
0.618571
0.490875
0.445486
0.425803
0.417883
0.414285
0.411669
0.410511
0.410191
0.41092
0.410665
0.411873
0.41996
0.440495
0.489911
0.625852
0.905605
0.387772
0.365502
0.864679
0.600349
0.480219
0.439719
0.421959
0.4151
0.413015
0.411834
0.410593
0.410706
0.410015
0.409089
0.411978
0.419435
0.43411
0.477773
0.605985
0.883524
0.371144
0.349069
0.838211
0.581927
0.470746
0.434675
0.421398
0.412876
0.411089
0.409964
0.41037
0.410002
0.408944
0.408435
0.410131
0.414877
0.428324
0.466772
0.584422
0.856326
0.351538
0.331794
0.80919
0.562787
0.462355
0.429164
0.41927
0.412583
0.411748
0.409607
0.409697
0.408997
0.407591
0.406461
0.408124
0.413201
0.423107
0.45577
0.560861
0.823171
0.329767
0.315652
0.780397
0.544989
0.454725
0.424567
0.41727
0.412135
0.410177
0.408781
0.408468
0.407721
0.406635
0.405983
0.408105
0.409825
0.417117
0.444584
0.536602
0.786751
0.306631
0.297685
0.748359
0.526927
0.448274
0.421692
0.415458
0.412687
0.410309
0.408125
0.406339
0.40532
0.404828
0.405362
0.405466
0.40621
0.411635
0.434409
0.511815
0.744952
0.283625
0.283344
0.718449
0.512096
0.443203
0.419202
0.412195
0.408946
0.405982
0.403461
0.401891
0.401377
0.401791
0.402503
0.402967
0.402751
0.4065
0.424119
0.488334
0.703729
0.264054
0.268784
0.685596
0.495405
0.437719
0.414768
0.408703
0.405241
0.401828
0.399195
0.397637
0.397146
0.39757
0.398681
0.399963
0.400492
0.40388
0.416505
0.466139
0.660343
0.247387
0.256895
0.652402
0.478683
0.431558
0.411332
0.405501
0.400802
0.396885
0.394226
0.392821
0.392547
0.393264
0.394752
0.396669
0.3987
0.402009
0.408049
0.446288
0.621661
0.237541
0.246264
0.616553
0.459472
0.421033
0.406822
0.400462
0.395261
0.391587
0.389264
0.388099
0.387942
0.388683
0.390161
0.392111
0.39394
0.395427
0.399925
0.430931
0.587361
0.231423
0.23766
0.581284
0.442676
0.410588
0.401266
0.39453
0.389838
0.386652
0.384676
0.38373
0.383682
0.384445
0.385878
0.387776
0.389629
0.390827
0.394377
0.421836
0.559014
0.229294
0.232483
0.546954
0.427888
0.402198
0.393009
0.388105
0.384717
0.382287
0.380715
0.379973
0.380016
0.380804
0.382193
0.383943
0.385587
0.386997
0.391599
0.417037
0.53448
0.229448
0.231923
0.51605
0.41526
0.395023
0.388789
0.384756
0.381628
0.379261
0.377717
0.37699
0.377049
0.377887
0.379432
0.381543
0.383775
0.385577
0.390843
0.41324
0.512704
0.231042
0.234456
0.491897
0.40964
0.391804
0.385459
0.381827
0.379041
0.376872
0.375418
0.374718
0.374772
0.375598
0.377177
0.379464
0.382244
0.384967
0.391737
0.409861
0.492432
0.236057
0.240853
0.474281
0.408185
0.391784
0.385131
0.381182
0.378011
0.375609
0.374012
0.373228
0.373246
0.374068
0.375711
0.378212
0.381657
0.386032
0.392916
0.408004
0.474147
0.240851
0.247988
0.460187
0.407824
0.393836
0.385902
0.380959
0.37739
0.374796
0.373107
0.37228
0.37229
0.373127
0.374818
0.377429
0.381213
0.386244
0.393859
0.407612
0.459537
0.247726
0.254923
0.446978
0.408599
0.396161
0.387614
0.381479
0.377361
0.374474
0.372669
0.37179
0.371796
0.372669
0.374454
0.377233
0.381266
0.387082
0.395724
0.408444
0.447498
0.255565
0.263507
0.436482
0.410864
0.398053
0.388584
0.381915
0.377371
0.374352
0.372503
0.37161
0.371615
0.372509
0.374382
0.377414
0.382151
0.389001
0.398464
0.411044
0.436446
0.262646
0.272895
0.430813
0.414078
0.400389
0.389856
0.382393
0.377499
0.374371
0.372471
0.371571
0.371571
0.372457
0.374356
0.377488
0.382397
0.389832
0.400304
0.414157
0.431011
0.273286
0.282775
0.42859
0.418555
0.402617
0.390561
0.382558
0.377475
0.374266
0.372407
0.371557
0.371556
0.372396
0.374248
0.377451
0.382535
0.390549
0.402717
0.418765
0.428774
0.282498
0.294667
0.428984
0.423418
0.404431
0.390823
0.382452
0.377232
0.374094
0.372347
0.371578
0.371576
0.372342
0.37408
0.377214
0.382427
0.390817
0.404457
0.423514
0.429207
0.295014
0.306019
0.437399
0.430134
0.405796
0.390796
0.381946
0.376776
0.373842
0.372307
0.371653
0.37165
0.372302
0.373827
0.376756
0.381922
0.390786
0.405832
0.430277
0.437472
0.305742
0.319102
0.448529
0.436078
0.406245
0.389845
0.38094
0.376094
0.37353
0.372298
0.3718
0.371798
0.372294
0.37352
0.376077
0.380924
0.389842
0.406276
0.436157
0.448543
0.319064
0.330294
0.466164
0.441036
0.405711
0.388213
0.379603
0.375347
0.373337
0.37243
0.372098
0.372098
0.37243
0.373333
0.375329
0.379583
0.388192
0.405713
0.441118
0.466223
0.33052
0.342248
0.485011
0.442879
0.40257
0.385393
0.377882
0.374599
0.373278
0.372742
0.372569
0.372569
0.372743
0.373278
0.374594
0.377882
0.385403
0.402601
0.442953
0.485036
0.341925
0.351218
0.494417
0.439089
0.396603
0.381653
0.376103
0.37422
0.373483
0.373242
0.373179
0.373179
0.373245
0.373487
0.374212
0.376094
0.381631
0.396566
0.439073
0.49447
0.351542
0.360934
0.495593
0.421183
0.386423
0.377472
0.375008
0.37416
0.373925
0.373879
0.373875
0.373875
0.373882
0.37393
0.374159
0.375
0.377468
0.386461
0.421275
0.495647
0.360745
0.367834
0.430656
0.384495
0.375945
0.374861
0.37464
0.374595
0.374614
0.374626
0.37463
0.37463
0.374625
0.374614
0.374595
0.374641
0.374866
0.375957
0.38448
0.430564
0.367897
0.208265
0.526983
0.480627
0.4212
0.373415
0.342137
0.324224
0.315023
0.310779
0.309753
0.310744
0.313599
0.319025
0.329385
0.347801
0.378275
0.423627
0.479991
0.524644
0.207582
0.208137
0.526488
0.480021
0.421089
0.373318
0.342365
0.325351
0.316578
0.311223
0.310113
0.311131
0.314078
0.31932
0.329615
0.347957
0.378329
0.423634
0.479423
0.524595
0.207337
0.208115
0.527308
0.480893
0.421042
0.373534
0.342255
0.324336
0.315212
0.310907
0.309947
0.31105
0.315426
0.319372
0.329576
0.347939
0.378227
0.423636
0.480118
0.524746
0.207517
0.20835
0.527404
0.480835
0.419958
0.373262
0.342375
0.324547
0.315394
0.310905
0.310098
0.31084
0.31451
0.319292
0.329645
0.34822
0.378105
0.423385
0.479102
0.524285
0.207372
0.208133
0.527259
0.480373
0.420256
0.373606
0.342922
0.325629
0.317052
0.311111
0.311083
0.310784
0.31358
0.319232
0.329645
0.34778
0.377968
0.423279
0.479709
0.52453
0.207041
0.208213
0.527126
0.479919
0.42103
0.37351
0.342559
0.324638
0.316083
0.310474
0.309184
0.310424
0.314733
0.320497
0.330615
0.347757
0.377661
0.422155
0.479553
0.52447
0.207201
0.20811
0.526743
0.480748
0.420292
0.373946
0.342712
0.32453
0.31494
0.310423
0.30928
0.310468
0.313414
0.319009
0.329445
0.347581
0.377659
0.422509
0.47842
0.523953
0.206956
0.207957
0.527224
0.480791
0.421748
0.374157
0.342906
0.32483
0.314994
0.310654
0.309596
0.310712
0.313493
0.319123
0.329372
0.347434
0.377474
0.422851
0.478691
0.524233
0.20703
0.207868
0.526653
0.479794
0.421748
0.374094
0.343035
0.325836
0.315304
0.311014
0.310186
0.312571
0.315127
0.320494
0.329663
0.34741
0.377244
0.422764
0.47858
0.524121
0.207075
0.207666
0.526705
0.480837
0.421861
0.374134
0.343262
0.32488
0.315228
0.311074
0.311115
0.31183
0.313663
0.319197
0.32967
0.347419
0.377334
0.422677
0.479008
0.523903
0.206942
0.207834
0.526847
0.480668
0.421645
0.37395
0.342884
0.325123
0.315513
0.311127
0.309851
0.310661
0.313426
0.31936
0.330384
0.34754
0.377411
0.422424
0.478396
0.523778
0.206957
0.207745
0.526518
0.479807
0.420343
0.373728
0.343012
0.326139
0.316016
0.311416
0.309994
0.311139
0.313679
0.320371
0.330141
0.347538
0.376989
0.421636
0.479364
0.524249
0.206901
0.207569
0.526148
0.478716
0.420124
0.373217
0.34254
0.325139
0.317355
0.31309
0.311453
0.310772
0.313596
0.319173
0.330155
0.347604
0.377005
0.421881
0.478431
0.523846
0.206712
0.207563
0.52591
0.479357
0.420327
0.373088
0.342465
0.325414
0.31655
0.311831
0.310366
0.311168
0.31365
0.319209
0.329938
0.347445
0.377049
0.422269
0.479015
0.524093
0.206487
0.207552
0.526272
0.47862
0.420125
0.373052
0.342448
0.324195
0.315193
0.31241
0.311265
0.31078
0.315148
0.320667
0.329621
0.347244
0.376813
0.422523
0.478483
0.524087
0.206724
0.207464
0.526486
0.479419
0.41936
0.372617
0.341697
0.323941
0.314692
0.310071
0.308985
0.310343
0.313858
0.320318
0.33046
0.347905
0.377211
0.422727
0.479851
0.524252
0.206628
0.206962
0.526165
0.479045
0.42
0.372709
0.341645
0.324129
0.315911
0.310309
0.309045
0.311531
0.315004
0.320157
0.32998
0.347668
0.377306
0.422672
0.479734
0.524366
0.206964
0.206975
0.526045
0.478053
0.418996
0.37228
0.34142
0.324028
0.314613
0.310311
0.308911
0.310045
0.313059
0.318987
0.329318
0.347446
0.377492
0.42186
0.479492
0.524487
0.207011
0.206806
0.525805
0.478865
0.418962
0.372033
0.341132
0.323437
0.314546
0.310482
0.309201
0.311256
0.313271
0.31934
0.329466
0.347579
0.377597
0.422544
0.478452
0.524159
0.206582
0.206791
0.525565
0.478294
0.417951
0.371751
0.341017
0.323463
0.315758
0.312246
0.309685
0.310025
0.313088
0.319111
0.33039
0.348124
0.377566
0.422581
0.479087
0.524183
0.206886
0.206846
0.52507
0.477933
0.418028
0.371536
0.340952
0.323078
0.314265
0.311245
0.309395
0.310201
0.313894
0.320285
0.330116
0.347983
0.377366
0.422296
0.478431
0.52337
0.206836
0.206831
0.524888
0.476909
0.418401
0.371616
0.341082
0.323152
0.313958
0.3103
0.31049
0.310429
0.314124
0.319319
0.330785
0.347756
0.377402
0.421822
0.479479
0.523868
0.206861
0.206806
0.524855
0.476871
0.418551
0.371511
0.341644
0.323323
0.313979
0.310216
0.309607
0.311369
0.312969
0.319228
0.32965
0.347792
0.377158
0.422271
0.479367
0.524282
0.206838
0.206794
0.524872
0.477302
0.41825
0.37121
0.341008
0.323227
0.313844
0.310045
0.310053
0.310569
0.312631
0.318076
0.328154
0.347037
0.376736
0.421367
0.47893
0.524428
0.207034
0.206591
0.524723
0.476863
0.417022
0.371055
0.341266
0.323441
0.314042
0.310978
0.309327
0.309387
0.313559
0.319127
0.328065
0.346874
0.376298
0.420987
0.478476
0.524657
0.206975
0.206569
0.524138
0.475818
0.416835
0.370833
0.340459
0.324008
0.314074
0.309914
0.309554
0.309183
0.311918
0.31748
0.327627
0.34639
0.375823
0.420132
0.478098
0.524425
0.206869
0.206337
0.524138
0.475777
0.416604
0.370596
0.340104
0.322739
0.314134
0.310151
0.308852
0.309485
0.311949
0.317377
0.32747
0.345847
0.375507
0.420293
0.477749
0.524137
0.206687
0.206091
0.523779
0.475833
0.416349
0.370404
0.340014
0.322883
0.315774
0.312313
0.310929
0.309977
0.312068
0.317364
0.327501
0.345615
0.37522
0.419787
0.476284
0.523258
0.206195
0.205846
0.523231
0.475425
0.415938
0.370009
0.33988
0.322775
0.315186
0.311838
0.310848
0.311498
0.312608
0.317659
0.327607
0.346042
0.374831
0.418583
0.475494
0.523118
0.205915
0.205725
0.523003
0.474519
0.415313
0.369685
0.340244
0.322823
0.314603
0.311717
0.310914
0.311179
0.313009
0.318018
0.327541
0.345304
0.374424
0.418007
0.475105
0.522637
0.205623
0.20545
0.522726
0.473973
0.414938
0.369251
0.339485
0.322949
0.314788
0.31185
0.310665
0.31059
0.314517
0.319094
0.327692
0.34561
0.374097
0.417372
0.475208
0.522433
0.205233
0.205107
0.522357
0.473916
0.414758
0.368985
0.339308
0.323804
0.316107
0.311246
0.30985
0.310279
0.313936
0.319075
0.327365
0.344666
0.373574
0.416826
0.474841
0.522004
0.204991
0.20498
0.521981
0.47286
0.414328
0.368655
0.338973
0.322652
0.315314
0.312149
0.311121
0.310452
0.313141
0.318191
0.327155
0.344956
0.373178
0.416237
0.473493
0.521758
0.204655
0.204708
0.521559
0.472292
0.413336
0.36829
0.338735
0.322396
0.313997
0.310241
0.309423
0.310421
0.31424
0.319283
0.326841
0.343893
0.372499
0.415434
0.472675
0.521293
0.204525
0.204546
0.521234
0.471623
0.412874
0.367983
0.338714
0.322304
0.314019
0.310479
0.310629
0.310502
0.312625
0.317441
0.326419
0.343919
0.371989
0.414543
0.471312
0.520531
0.204195
0.204342
0.520685
0.470771
0.412158
0.367835
0.338753
0.322553
0.314352
0.310617
0.309761
0.312003
0.314174
0.317366
0.326152
0.342636
0.371185
0.41353
0.470522
0.52015
0.203888
0.203996
0.520162
0.469781
0.411432
0.367403
0.338696
0.322684
0.31456
0.310704
0.309495
0.311154
0.313356
0.318086
0.326919
0.342508
0.370579
0.412585
0.469608
0.519486
0.203627
0.203686
0.519713
0.468548
0.41032
0.366992
0.33882
0.323097
0.31513
0.3112
0.309643
0.310039
0.311952
0.31633
0.325245
0.342215
0.369818
0.411607
0.468925
0.519185
0.203425
0.203135
0.518858
0.46753
0.409571
0.36659
0.338991
0.323639
0.31573
0.311776
0.310289
0.310399
0.312124
0.316264
0.324908
0.342399
0.369189
0.410836
0.468216
0.51869
0.203188
0.202645
0.518056
0.466429
0.408565
0.366132
0.339871
0.325348
0.318107
0.314251
0.312818
0.312826
0.31431
0.316834
0.324768
0.34097
0.368142
0.409732
0.467092
0.518451
0.203025
0.202148
0.517065
0.465243
0.407522
0.365553
0.339627
0.325171
0.318267
0.314032
0.312472
0.312369
0.31425
0.318061
0.324821
0.339883
0.367349
0.408783
0.466398
0.517895
0.202672
0.201831
0.516337
0.464234
0.406835
0.36558
0.339481
0.32579
0.319286
0.315063
0.314198
0.313273
0.31519
0.317783
0.325071
0.340278
0.36677
0.407711
0.465074
0.517347
0.202247
0.201539
0.515684
0.463207
0.405903
0.364978
0.339751
0.326742
0.320736
0.317457
0.315728
0.315523
0.316286
0.31849
0.325334
0.339406
0.365836
0.406581
0.464236
0.516822
0.201964
0.201352
0.515397
0.462755
0.405439
0.364864
0.34076
0.327693
0.322262
0.318967
0.317153
0.31666
0.317428
0.319558
0.32603
0.339465
0.365318
0.405659
0.462909
0.516063
0.201435
0.201199
0.515279
0.462144
0.405007
0.364647
0.341065
0.329614
0.323656
0.3207
0.31876
0.31817
0.318597
0.321431
0.326948
0.339556
0.36465
0.404779
0.461985
0.51552
0.201049
0.200953
0.515004
0.4616
0.404524
0.364574
0.341659
0.330224
0.324783
0.322126
0.320814
0.319751
0.319237
0.321297
0.327072
0.340193
0.364238
0.403754
0.460686
0.514723
0.200602
0.200639
0.514421
0.460583
0.403691
0.364227
0.341558
0.330813
0.325869
0.323441
0.322224
0.321692
0.321739
0.323625
0.32886
0.340084
0.363713
0.402737
0.459458
0.51372
0.200076
0.200269
0.513767
0.459533
0.402877
0.364008
0.341993
0.331749
0.326959
0.324679
0.323569
0.323127
0.323356
0.324789
0.329641
0.34039
0.363272
0.40161
0.458192
0.513063
0.199752
0.199907
0.513056
0.458282
0.402284
0.364351
0.343246
0.332945
0.32815
0.325988
0.325032
0.324697
0.324998
0.326783
0.33109
0.341479
0.362958
0.400503
0.45676
0.512389
0.199347
0.199701
0.512728
0.457569
0.401682
0.36431
0.344036
0.333947
0.329294
0.327253
0.326465
0.326328
0.326683
0.328022
0.33212
0.341775
0.362497
0.399503
0.455379
0.511481
0.198898
0.199353
0.512172
0.45652
0.400964
0.364145
0.344628
0.334847
0.330386
0.328494
0.327794
0.327651
0.328001
0.329407
0.333321
0.342638
0.362218
0.398585
0.454457
0.510906
0.19866
0.198989
0.511582
0.455394
0.40003
0.363758
0.345005
0.335834
0.331641
0.329905
0.32931
0.329212
0.329524
0.330813
0.334489
0.343033
0.361665
0.397795
0.453427
0.510524
0.198481
0.198552
0.510786
0.454075
0.399055
0.363794
0.345239
0.336639
0.332821
0.331261
0.330725
0.330638
0.330938
0.332072
0.335393
0.3435
0.361188
0.397188
0.45265
0.510519
0.198422
0.197977
0.509893
0.45268
0.397842
0.362947
0.344983
0.3373
0.333979
0.332643
0.332163
0.33205
0.332288
0.333306
0.336252
0.343513
0.361028
0.396545
0.451736
0.510306
0.198337
0.197566
0.509151
0.451252
0.396651
0.362143
0.34404
0.337498
0.33484
0.333823
0.333455
0.333343
0.333471
0.334212
0.336584
0.342947
0.360851
0.395753
0.450605
0.50954
0.198047
0.197128
0.508415
0.449868
0.395418
0.361377
0.34324
0.337289
0.335584
0.334943
0.334721
0.334615
0.334619
0.335002
0.336425
0.343334
0.360539
0.394848
0.44961
0.508871
0.197628
0.19658
0.507408
0.44833
0.394096
0.360374
0.343188
0.336113
0.336063
0.335955
0.335894
0.335742
0.335527
0.335436
0.335602
0.341926
0.359261
0.393682
0.448244
0.508084
0.197218
0.196271
0.506802
0.447012
0.392806
0.359138
0.34098
0.335726
0.33634
0.336835
0.336965
0.336783
0.336332
0.33585
0.336416
0.342046
0.35943
0.392543
0.446684
0.506977
0.196604
0.195726
0.505776
0.445473
0.391208
0.357523
0.340399
0.336274
0.335974
0.337464
0.337865
0.337651
0.336823
0.335298
0.33451
0.342051
0.358526
0.391021
0.445094
0.506121
0.196179
0.195467
0.505119
0.443845
0.389581
0.355832
0.339725
0.334225
0.335155
0.337786
0.338582
0.33839
0.337207
0.33426
0.33378
0.340265
0.357062
0.389265
0.443209
0.504844
0.195555
0.194967
0.504129
0.441772
0.387747
0.356098
0.340519
0.334096
0.336763
0.338356
0.339275
0.339115
0.337855
0.335511
0.333347
0.338291
0.355435
0.387371
0.44126
0.503693
0.194981
0.194531
0.503284
0.439687
0.385232
0.353437
0.338844
0.332938
0.335198
0.337736
0.339626
0.339648
0.338008
0.334264
0.33315
0.337731
0.354246
0.385402
0.439068
0.502483
0.194341
0.193836
0.502044
0.437053
0.382389
0.350593
0.337299
0.331877
0.333547
0.337874
0.340161
0.3403
0.338374
0.334766
0.333298
0.33743
0.352489
0.383073
0.436663
0.501128
0.193624
0.193114
0.50076
0.434204
0.379453
0.347439
0.335159
0.3315
0.334648
0.336995
0.340519
0.341023
0.33948
0.335357
0.333565
0.337519
0.350404
0.380761
0.434325
0.499956
0.192981
0.192069
0.498988
0.430942
0.37639
0.344972
0.333368
0.330962
0.333665
0.338471
0.341303
0.341762
0.340365
0.337355
0.334746
0.336506
0.348113
0.378281
0.431619
0.498401
0.192126
0.190896
0.496999
0.427246
0.373188
0.343876
0.333589
0.331354
0.335078
0.337415
0.341392
0.342166
0.340734
0.337021
0.333303
0.3346
0.345576
0.375549
0.428765
0.497024
0.191322
0.189371
0.494568
0.423075
0.369555
0.343621
0.332883
0.332047
0.334974
0.337503
0.341493
0.342296
0.34067
0.335887
0.333073
0.334535
0.344539
0.372955
0.425497
0.495143
0.19013
0.187612
0.491871
0.418469
0.365387
0.340164
0.331224
0.330142
0.334537
0.338023
0.340902
0.341731
0.340128
0.335634
0.332873
0.335329
0.34142
0.369301
0.421496
0.492873
0.188625
0.18542
0.488609
0.413324
0.361154
0.337932
0.329563
0.330159
0.333588
0.33718
0.339517
0.340157
0.338614
0.335351
0.33252
0.334099
0.340218
0.365901
0.417182
0.490293
0.186879
0.18288
0.484734
0.407792
0.356693
0.335563
0.329662
0.332136
0.335388
0.339058
0.341464
0.342626
0.340929
0.336744
0.332916
0.332246
0.339304
0.361635
0.412034
0.486972
0.184545
0.179962
0.480467
0.4019
0.352127
0.332763
0.328221
0.330265
0.332987
0.336474
0.338837
0.340147
0.338409
0.333731
0.330189
0.329674
0.335701
0.357123
0.406254
0.482902
0.18166
0.176426
0.475181
0.395524
0.347719
0.330147
0.326878
0.32903
0.333288
0.337
0.34018
0.339119
0.33719
0.333807
0.330131
0.328512
0.332559
0.352271
0.399711
0.477892
0.178129
0.172636
0.469383
0.388844
0.343602
0.328045
0.325595
0.329763
0.333994
0.337416
0.339553
0.339705
0.337943
0.334536
0.331526
0.326368
0.329016
0.347251
0.392532
0.471877
0.17401
0.168267
0.462502
0.381679
0.339445
0.325931
0.326025
0.331943
0.337404
0.340745
0.341118
0.340803
0.33891
0.335362
0.330668
0.326303
0.327273
0.34278
0.384989
0.464918
0.169401
0.163635
0.454811
0.374353
0.335822
0.324724
0.328191
0.333045
0.338754
0.342431
0.344479
0.344567
0.342809
0.339266
0.334202
0.328938
0.326613
0.338134
0.376691
0.456505
0.164065
0.158636
0.446103
0.366812
0.332713
0.325837
0.329631
0.336567
0.341525
0.345044
0.346202
0.345947
0.344119
0.340614
0.335446
0.329563
0.326208
0.33383
0.368301
0.447331
0.158656
0.153649
0.436747
0.359136
0.329094
0.325101
0.331477
0.338198
0.34331
0.346689
0.348323
0.347999
0.346345
0.343284
0.338574
0.331777
0.325198
0.329976
0.35975
0.436783
0.152946
0.149037
0.427233
0.352415
0.326464
0.325894
0.333187
0.339996
0.345059
0.348257
0.349818
0.349892
0.348448
0.345335
0.340404
0.333536
0.32684
0.327399
0.35234
0.426569
0.1482
0.144906
0.41756
0.346703
0.325365
0.326862
0.334909
0.341619
0.346214
0.348591
0.350722
0.351044
0.349957
0.347207
0.34254
0.335858
0.328024
0.325797
0.345954
0.416052
0.143949
0.141826
0.408488
0.342667
0.326474
0.330148
0.337467
0.343616
0.347731
0.350379
0.351174
0.351538
0.351364
0.349007
0.344584
0.338085
0.330101
0.325952
0.341702
0.406739
0.141432
0.140268
0.399339
0.339197
0.326869
0.331981
0.339483
0.345431
0.349459
0.351812
0.353311
0.353732
0.352927
0.350656
0.346716
0.340843
0.333257
0.327529
0.339602
0.398043
0.140841
0.139051
0.390893
0.337382
0.328911
0.334683
0.341796
0.347213
0.350801
0.353106
0.354297
0.354788
0.35404
0.352049
0.348433
0.342825
0.335409
0.329403
0.337958
0.389996
0.139214
0.13917
0.382384
0.336148
0.330984
0.337384
0.344153
0.349106
0.352318
0.35424
0.355042
0.355649
0.354973
0.353176
0.349989
0.345026
0.338221
0.331727
0.337662
0.382517
0.139531
0.13847
0.374541
0.335834
0.332821
0.339719
0.346314
0.350949
0.35381
0.355628
0.356572
0.356594
0.35536
0.353674
0.351283
0.346797
0.340267
0.333391
0.335524
0.375015
0.140242
0.14017
0.366806
0.333977
0.334932
0.342354
0.348623
0.35293
0.355681
0.357289
0.357976
0.357822
0.357056
0.355517
0.353044
0.34897
0.342931
0.335755
0.335505
0.367909
0.141152
0.143248
0.358881
0.333914
0.337458
0.345087
0.350878
0.354709
0.357082
0.358426
0.35906
0.35909
0.358488
0.357141
0.354824
0.351081
0.345398
0.337908
0.334304
0.360011
0.144246
0.146501
0.351075
0.333829
0.340248
0.347964
0.353251
0.356559
0.358554
0.359662
0.360134
0.360116
0.359627
0.358556
0.356627
0.3534
0.348223
0.340679
0.334481
0.351636
0.146885
0.151778
0.343935
0.335314
0.343781
0.351237
0.355852
0.358557
0.360105
0.360941
0.361303
0.361311
0.360968
0.360146
0.358611
0.355913
0.351269
0.343746
0.335219
0.343788
0.1519
0.158171
0.337329
0.337457
0.34772
0.354757
0.358647
0.360727
0.361817
0.362356
0.362555
0.362556
0.362359
0.361831
0.360747
0.358684
0.354815
0.347825
0.337626
0.337387
0.158286
0.167144
0.333765
0.341533
0.352556
0.358644
0.361617
0.363016
0.363645
0.363904
0.363991
0.363993
0.363905
0.363648
0.363013
0.361614
0.35863
0.352523
0.341497
0.333676
0.167046
0.177998
0.332322
0.347013
0.357843
0.362706
0.364633
0.365296
0.365451
0.365436
0.365398
0.365396
0.365425
0.365438
0.365274
0.36461
0.36268
0.357807
0.346979
0.332236
0.177944
0.191294
0.332857
0.353992
0.36359
0.3668
0.36754
0.367427
0.367097
0.366799
0.36663
0.366629
0.366794
0.367092
0.367421
0.367535
0.366804
0.363608
0.354038
0.332873
0.191255
0.207506
0.339184
0.362821
0.369653
0.370764
0.370205
0.369306
0.368512
0.367954
0.367669
0.367667
0.367946
0.368499
0.369291
0.370186
0.370753
0.369657
0.362848
0.339189
0.207502
0.225462
0.348658
0.372628
0.375621
0.374365
0.37248
0.37086
0.369675
0.368914
0.368544
0.368542
0.368909
0.369665
0.37085
0.372471
0.374371
0.375657
0.372703
0.348772
0.225481
0.246206
0.364363
0.383801
0.38137
0.377429
0.374255
0.372031
0.370577
0.369702
0.36929
0.369289
0.369697
0.370568
0.372019
0.374242
0.377426
0.381389
0.383832
0.364344
0.246197
0.268056
0.384805
0.395179
0.386096
0.379361
0.375295
0.372794
0.371272
0.370399
0.370001
0.370001
0.370396
0.371266
0.372784
0.375283
0.379353
0.386103
0.395233
0.384867
0.268112
0.291351
0.410678
0.404881
0.388388
0.380079
0.375724
0.37329
0.371885
0.371121
0.370788
0.370787
0.371121
0.371883
0.373282
0.375718
0.380071
0.38839
0.404902
0.4107
0.291352
0.314346
0.434704
0.409081
0.388873
0.380073
0.375791
0.373618
0.3725
0.37195
0.371727
0.371728
0.371952
0.372504
0.373617
0.375791
0.380067
0.388875
0.409087
0.434703
0.314375
0.337999
0.444953
0.406908
0.38566
0.378084
0.375054
0.373769
0.373198
0.372958
0.372873
0.372874
0.372962
0.373204
0.373775
0.375057
0.378084
0.385652
0.406896
0.444932
0.338079
0.364404
0.421559
0.386483
0.377501
0.375375
0.374625
0.374347
0.374272
0.374255
0.374253
0.374252
0.374255
0.374272
0.374347
0.374626
0.375376
0.377503
0.386488
0.421578
0.364385
)
;

boundaryField
{
    fixedWalls_1
    {
        type            kqRWallFunction;
        value           nonuniform List<scalar> 
200
(
0.206636
0.206113
0.206438
0.206463
0.206092
0.206123
0.206127
0.206188
0.206182
0.205975
0.206545
0.206783
0.206726
0.206465
0.207166
0.20694
0.207398
0.207422
0.207572
0.207303
0.207363
0.207282
0.207112
0.206682
0.207151
0.207223
0.206808
0.206723
0.206491
0.20634
0.206179
0.205645
0.205295
0.205038
0.204802
0.204569
0.204169
0.203978
0.203507
0.203048
0.202524
0.202067
0.201858
0.201599
0.20138
0.200955
0.200498
0.199912
0.199227
0.198865
0.198436
0.198039
0.197702
0.197376
0.196899
0.196513
0.196033
0.195695
0.195273
0.194793
0.194296
0.193557
0.19283
0.191944
0.190844
0.189769
0.188336
0.186654
0.18474
0.182506
0.179864
0.176808
0.173171
0.169128
0.164677
0.159975
0.155263
0.150729
0.146916
0.143717
0.142087
0.140903
0.140879
0.139983
0.141387
0.144074
0.146924
0.151783
0.158362
0.167033
0.177947
0.191297
0.207353
0.225577
0.246112
0.268114
0.291371
0.314317
0.338078
0.364382
0.206539
0.206171
0.205964
0.205679
0.205662
0.205831
0.205684
0.206033
0.206195
0.206537
0.206774
0.206906
0.206995
0.206906
0.206796
0.206867
0.206815
0.206671
0.20694
0.207075
0.206932
0.206881
0.206657
0.206577
0.206491
0.206405
0.206194
0.205891
0.205631
0.205302
0.204944
0.204674
0.204147
0.203812
0.203445
0.203161
0.203128
0.202958
0.202804
0.202349
0.201934
0.201576
0.201308
0.200852
0.200577
0.200264
0.199831
0.199599
0.199343
0.19912
0.198847
0.198539
0.198141
0.197689
0.197254
0.196902
0.196404
0.195781
0.195314
0.194759
0.194103
0.193198
0.192443
0.191263
0.190276
0.188977
0.187895
0.186203
0.184654
0.182497
0.180247
0.177065
0.173578
0.169367
0.164772
0.159865
0.154996
0.150303
0.146593
0.143531
0.142293
0.141695
0.140671
0.140939
0.141161
0.144097
0.146786
0.151864
0.158222
0.167035
0.177949
0.191254
0.207489
0.225409
0.246205
0.268049
0.291307
0.314386
0.337993
0.364409
)
;
    }
    frontAndBack_1
    {
        type            empty;
    }
    inlet_1
    {
        type            fixedValue;
        value           uniform 0.375;
    }
    outlet_1
    {
        type            zeroGradient;
    }
    fixedWalls_2
    {
        type            kqRWallFunction;
        value           nonuniform List<scalar> 
200
(
0.585731
0.583943
0.580876
0.585701
0.580795
0.585814
0.585314
0.584403
0.583318
0.58047
0.578944
0.577107
0.575467
0.57121
0.57239
0.568987
0.572667
0.568866
0.573259
0.568363
0.570336
0.572309
0.571148
0.566135
0.565935
0.564189
0.560324
0.559644
0.557471
0.555132
0.552893
0.551069
0.548723
0.548982
0.548028
0.548078
0.547382
0.546066
0.545059
0.541786
0.540335
0.537487
0.534991
0.530345
0.527814
0.525847
0.523699
0.522408
0.520998
0.519979
0.518233
0.516528
0.514548
0.512202
0.510142
0.507035
0.504327
0.501082
0.496745
0.492911
0.488457
0.485033
0.48124
0.477554
0.474427
0.469766
0.465796
0.458528
0.45024
0.43697
0.422288
0.405143
0.38654
0.367468
0.347738
0.328225
0.309775
0.290207
0.271936
0.253305
0.23873
0.22836
0.226495
0.2265
0.228732
0.235716
0.241444
0.247234
0.254862
0.263175
0.27274
0.28292
0.294562
0.306357
0.318551
0.330947
0.34168
0.351686
0.360639
0.367933
0.57253
0.570888
0.568061
0.570908
0.566616
0.566987
0.567129
0.568565
0.564481
0.570292
0.57247
0.56935
0.572221
0.569175
0.574781
0.574594
0.574115
0.569206
0.571256
0.572887
0.569846
0.57442
0.573362
0.573177
0.572016
0.571638
0.568137
0.569943
0.56891
0.56554
0.564866
0.56307
0.559607
0.559545
0.557988
0.555447
0.553853
0.549743
0.548228
0.545041
0.542694
0.540027
0.537043
0.533944
0.531236
0.528121
0.52504
0.521898
0.518822
0.515717
0.512722
0.509532
0.505738
0.500941
0.496026
0.491192
0.486001
0.480972
0.475643
0.47181
0.467557
0.464435
0.461231
0.457081
0.453766
0.448707
0.442884
0.434778
0.425725
0.414495
0.400238
0.385599
0.368635
0.35228
0.335965
0.318788
0.30174
0.284119
0.266266
0.250556
0.237207
0.231248
0.229819
0.229593
0.23073
0.236447
0.241726
0.247863
0.255041
0.263787
0.272376
0.282873
0.294523
0.305736
0.319012
0.330329
0.34187
0.351524
0.360568
0.367984
)
;
    }
    frontAndBack_2
    {
        type            empty;
    }
    inlet_2
    {
        type            fixedValue;
        value           uniform 0.375;
    }
    outlet_2
    {
        type            zeroGradient;
    }
    fixedWalls_3
    {
        type            kqRWallFunction;
        value           nonuniform List<scalar> 
200
(
1.02642
1.02254
1.01724
1.02232
1.01522
1.02066
1.01342
1.02314
1.02107
1.01951
1.01694
1.0149
1.00579
1.00696
1.00122
1.00472
1.00829
1.00086
0.999929
0.99633
0.993848
0.991861
0.992566
0.987771
0.992836
0.9867
0.987792
0.98529
0.985743
0.979547
0.982749
0.979784
0.973779
0.972268
0.968213
0.967096
0.961939
0.956392
0.954502
0.951489
0.948136
0.944631
0.94066
0.936313
0.931462
0.927677
0.924224
0.921045
0.916881
0.912564
0.908399
0.902253
0.897327
0.89054
0.884751
0.878861
0.87391
0.869747
0.864689
0.857399
0.848217
0.83718
0.823628
0.809409
0.793558
0.777126
0.759956
0.742466
0.724066
0.705777
0.685063
0.664026
0.64097
0.619224
0.593075
0.565008
0.534445
0.50047
0.469484
0.43219
0.399515
0.365682
0.333952
0.310438
0.300804
0.297969
0.291254
0.292395
0.300481
0.30764
0.313515
0.321016
0.328568
0.336751
0.343642
0.351956
0.35673
0.362759
0.365786
0.369999
0.989008
0.982014
0.994715
0.99514
0.993241
0.99099
0.982916
0.991906
0.991064
0.98269
0.985785
0.979057
0.98517
0.980575
0.98806
0.985888
0.983783
0.981268
0.979019
0.975072
0.980003
0.975278
0.979579
0.973681
0.974209
0.971766
0.964306
0.962787
0.960209
0.95629
0.957479
0.959457
0.953132
0.955729
0.949124
0.946367
0.941854
0.935379
0.931924
0.926119
0.924096
0.920978
0.918347
0.91527
0.91168
0.909071
0.906532
0.904126
0.901725
0.899592
0.897236
0.894171
0.891907
0.887175
0.88472
0.879918
0.87568
0.87128
0.866876
0.862674
0.856581
0.851397
0.844627
0.83684
0.827136
0.81278
0.799108
0.780757
0.761519
0.741856
0.720721
0.693615
0.668637
0.638653
0.605323
0.565928
0.51817
0.468685
0.429472
0.386184
0.355464
0.322805
0.30209
0.290376
0.287683
0.287376
0.289663
0.294604
0.300123
0.306607
0.314221
0.320319
0.32867
0.336445
0.343461
0.351817
0.356712
0.36271
0.366008
0.369904
)
;
    }
    frontAndBack_3
    {
        type            empty;
    }
    inlet_3
    {
        type            fixedValue;
        value           uniform 0.375;
    }
    outlet_3
    {
        type            zeroGradient;
    }
    fixedWalls_4
    {
        type            kqRWallFunction;
        value           nonuniform List<scalar> 
200
(
0.582503
0.581233
0.580724
0.574912
0.576816
0.576426
0.579187
0.576377
0.580521
0.576164
0.579403
0.58174
0.580866
0.579291
0.57686
0.580589
0.576943
0.580948
0.580355
0.579576
0.578502
0.574836
0.574995
0.573516
0.572555
0.570378
0.569519
0.568475
0.564365
0.564215
0.563904
0.564949
0.563295
0.561551
0.558969
0.558404
0.553319
0.550264
0.547844
0.545053
0.542341
0.540112
0.536978
0.53449
0.53174
0.529245
0.527159
0.524652
0.522651
0.520409
0.517209
0.514268
0.51082
0.507066
0.503443
0.499899
0.494976
0.491242
0.486793
0.483011
0.479478
0.475974
0.472177
0.467198
0.462272
0.455962
0.44944
0.44049
0.430578
0.418576
0.405811
0.394163
0.380055
0.365502
0.349069
0.331794
0.315652
0.297685
0.283344
0.268784
0.256895
0.246264
0.23766
0.232483
0.231923
0.234456
0.240853
0.247988
0.254923
0.263507
0.272895
0.282775
0.294667
0.306019
0.319102
0.330294
0.342248
0.351218
0.360934
0.367834
0.582647
0.581297
0.576986
0.579046
0.576851
0.575703
0.576046
0.578005
0.576863
0.578346
0.577167
0.573647
0.575764
0.57496
0.571177
0.572314
0.570342
0.564842
0.564076
0.562369
0.562298
0.558238
0.560378
0.55904
0.556841
0.553601
0.556443
0.558349
0.553563
0.554977
0.551789
0.55234
0.551032
0.552127
0.553831
0.552381
0.550688
0.546282
0.547435
0.542541
0.540569
0.537237
0.533099
0.530523
0.528629
0.526209
0.523433
0.521104
0.518519
0.516016
0.512751
0.508662
0.503724
0.497999
0.492475
0.487777
0.483112
0.477676
0.47373
0.470585
0.468067
0.465038
0.46159
0.458417
0.454119
0.450164
0.444352
0.438883
0.43091
0.423204
0.413182
0.402278
0.387772
0.371144
0.351538
0.329767
0.306631
0.283625
0.264054
0.247387
0.237541
0.231423
0.229294
0.229448
0.231042
0.236057
0.240851
0.247726
0.255565
0.262646
0.273286
0.282498
0.295014
0.305742
0.319064
0.33052
0.341925
0.351542
0.360745
0.367897
)
;
    }
    frontAndBack_4
    {
        type            empty;
    }
    inlet_4
    {
        type            fixedValue;
        value           uniform 0.375;
    }
    outlet_4
    {
        type            zeroGradient;
    }
    fixedWalls_5
    {
        type            kqRWallFunction;
        value           nonuniform List<scalar> 
200
(
0.208265
0.208137
0.208115
0.20835
0.208133
0.208213
0.20811
0.207957
0.207868
0.207666
0.207834
0.207745
0.207569
0.207563
0.207552
0.207464
0.206962
0.206975
0.206806
0.206791
0.206846
0.206831
0.206806
0.206794
0.206591
0.206569
0.206337
0.206091
0.205846
0.205725
0.20545
0.205107
0.20498
0.204708
0.204546
0.204342
0.203996
0.203686
0.203135
0.202645
0.202148
0.201831
0.201539
0.201352
0.201199
0.200953
0.200639
0.200269
0.199907
0.199701
0.199353
0.198989
0.198552
0.197977
0.197566
0.197128
0.19658
0.196271
0.195726
0.195467
0.194967
0.194531
0.193836
0.193114
0.192069
0.190896
0.189371
0.187612
0.18542
0.18288
0.179962
0.176426
0.172636
0.168267
0.163635
0.158636
0.153649
0.149037
0.144906
0.141826
0.140268
0.139051
0.13917
0.13847
0.14017
0.143248
0.146501
0.151778
0.158171
0.167144
0.177998
0.191294
0.207506
0.225462
0.246206
0.268056
0.291351
0.314346
0.337999
0.364404
0.207582
0.207337
0.207517
0.207372
0.207041
0.207201
0.206956
0.20703
0.207075
0.206942
0.206957
0.206901
0.206712
0.206487
0.206724
0.206628
0.206964
0.207011
0.206582
0.206886
0.206836
0.206861
0.206838
0.207034
0.206975
0.206869
0.206687
0.206195
0.205915
0.205623
0.205233
0.204991
0.204655
0.204525
0.204195
0.203888
0.203627
0.203425
0.203188
0.203025
0.202672
0.202247
0.201964
0.201435
0.201049
0.200602
0.200076
0.199752
0.199347
0.198898
0.19866
0.198481
0.198422
0.198337
0.198047
0.197628
0.197218
0.196604
0.196179
0.195555
0.194981
0.194341
0.193624
0.192981
0.192126
0.191322
0.19013
0.188625
0.186879
0.184545
0.18166
0.178129
0.17401
0.169401
0.164065
0.158656
0.152946
0.1482
0.143949
0.141432
0.140841
0.139214
0.139531
0.140242
0.141152
0.144246
0.146885
0.1519
0.158286
0.167046
0.177944
0.191255
0.207502
0.225481
0.246197
0.268112
0.291352
0.314375
0.338079
0.364385
)
;
    }
    frontAndBack_5
    {
        type            empty;
    }
    inlet_5
    {
        type            fixedValue;
        value           uniform 0.375;
    }
    outlet_5
    {
        type            zeroGradient;
    }
}


// ************************************************************************* //
