/*--------------------------------*- C++ -*----------------------------------*\
  =========                 |
  \\      /  F ield         | OpenFOAM: The Open Source CFD Toolbox
   \\    /   O peration     | Website:  https://openfoam.org
    \\  /    A nd           | Version:  6
     \\/     M anipulation  |
\*---------------------------------------------------------------------------*/
FoamFile
{
    version     2.0;
    format      ascii;
    class       volScalarField;
    location    "29";
    object      epsilon;
}
// * * * * * * * * * * * * * * * * * * * * * * * * * * * * * * * * * * * * * //

dimensions      [0 2 -3 0 0 0 0];

internalField   nonuniform List<scalar> 
10000
(
266.801
360.286
239.464
158.096
105.546
72.8024
53.2374
42.0031
35.9694
33.4104
33.568
36.4274
42.6847
54.0145
73.5441
105.893
157.719
237.789
357.799
266.307
266.548
359.971
238.916
157.478
104.932
72.3719
52.9935
41.8881
35.9236
33.4054
33.5577
36.4119
42.6373
53.8948
73.4044
105.733
157.616
237.605
357.419
266.131
266.452
359.943
239.042
157.551
105.55
72.8728
53.2813
42.0164
35.9714
33.4069
33.5493
36.3903
42.5817
53.6652
73.2627
105.583
157.575
237.051
357.666
266.257
266.557
359.853
238.93
157.476
105.51
72.8421
53.2654
41.9966
35.9673
33.4048
33.5393
36.347
42.5625
53.689
73.1094
104.946
157.483
237.666
357.766
266.218
266.591
359.882
238.997
157.406
105.362
72.7348
53.1917
41.9574
35.9474
33.3899
33.5199
36.316
42.4703
53.7712
72.755
105.288
157.436
238.262
358.206
266.58
266.621
359.858
239.226
157.475
105.223
72.6219
53.1142
41.9199
35.9292
33.3843
33.5118
36.2854
42.4147
53.5766
72.992
104.708
157.19
238.184
358.14
266.675
266.564
359.812
239.094
157.711
104.807
72.4371
52.8381
41.8578
35.867
33.3647
33.491
36.2418
42.3545
53.4675
72.6468
105.063
156.536
238.121
358.517
266.697
266.737
359.738
238.612
157.466
104.583
72.321
52.952
41.7542
35.8748
33.359
33.4753
36.2031
42.2367
53.3164
72.5344
104.501
156.998
238.072
358.464
266.886
266.81
359.724
238.775
156.803
104.415
71.8729
52.858
41.8251
35.8926
33.3472
33.4566
36.1755
42.1936
53.2372
72.3816
104.391
156.311
237.978
358.753
266.939
267.023
359.743
238.604
156.718
104.448
71.8251
52.6104
41.7531
35.8205
33.3131
33.4185
36.1305
42.1364
53.1443
72.2298
104.258
156.548
237.849
358.735
266.74
267.101
359.663
238.02
156.369
103.839
71.7794
52.5957
41.7176
35.7912
33.2739
33.3855
36.0861
42.0876
53.1358
72.0859
104.295
155.784
237.655
358.544
266.792
267.015
359.593
238.105
156.205
104.137
71.3821
52.5952
41.5762
35.7365
33.2372
33.341
36.0293
42.003
52.9648
71.8611
103.657
156.18
237.223
358.951
266.667
266.848
359.47
237.417
156.105
103.94
71.4431
52.5361
41.5367
35.6854
33.2039
33.3119
35.9826
41.9192
52.8461
71.726
103.912
155.918
237.376
359.094
266.43
266.796
359.426
237.528
155.709
103.637
71.534
52.4301
41.4857
35.6368
33.1638
33.2678
35.9225
41.8388
52.7943
71.5808
103.581
155.526
237.094
359.048
266.189
266.605
359.257
236.814
155.126
103.306
71.3095
52.286
41.396
35.5896
33.1365
33.2422
35.8895
41.7724
52.5846
71.4471
102.759
154.531
236.741
358.867
266.005
266.53
359.157
236.512
154.248
102.471
70.7295
51.9222
41.2393
35.5314
33.0964
33.197
35.8256
41.702
52.5213
71.2158
102.455
154.255
236.455
358.9
265.742
266.329
358.946
236.178
154.005
102.297
70.6624
51.8411
41.178
35.4882
33.0534
33.1496
35.7611
41.5874
52.2858
70.8771
102.11
153.677
235.731
358.874
265.514
266.118
358.777
235.768
153.546
101.734
70.1952
51.7895
41.1603
35.4421
33.007
33.0904
35.6885
41.4886
52.0667
70.4063
101.465
153.53
235.767
358.612
265.346
265.886
358.586
235.324
153.107
101.458
70.0483
51.6538
41.0263
35.375
32.9581
33.036
35.6044
41.3654
51.9288
70.3162
101.163
152.456
234.97
358.707
265.104
265.543
358.426
234.844
152.659
101.102
69.7903
51.3327
40.913
35.3192
32.9145
32.9795
35.5251
41.2436
51.7338
69.973
100.77
152.318
235.123
358.804
264.826
265.241
358.243
234.42
152.244
100.762
69.5114
51.2367
40.8182
35.2527
32.8626
32.919
35.4282
41.0879
51.4965
69.5661
100.381
151.841
234.75
358.561
264.447
264.926
358.044
233.958
151.801
100.409
69.2314
51.0833
40.7306
35.2044
32.8214
32.8718
35.3509
40.9468
51.281
69.2919
100.017
151.421
233.98
358.498
264.133
264.728
357.905
233.536
151.324
100.053
69.0239
51.0275
40.6665
35.1572
32.7783
32.8145
35.2604
40.7972
51.0216
68.9063
99.5897
150.993
233.515
358.316
263.618
264.431
357.714
233.078
150.844
99.6526
68.7473
50.8086
40.5764
35.1047
32.7361
32.7657
35.1895
40.688
50.8578
68.6631
99.1963
150.495
233.033
358.012
263.294
264.193
357.524
232.593
150.268
98.9872
68.351
50.6179
40.4802
35.0467
32.6923
32.7175
35.1191
40.5686
50.647
68.3308
98.753
149.938
232.466
357.834
262.838
263.91
357.315
232.06
149.583
98.5035
67.9621
50.3733
40.3493
34.9796
32.6537
32.6804
35.059
40.4628
50.4697
68.0493
98.3256
149.361
231.96
357.568
262.62
263.643
357.137
231.482
148.908
97.921
67.7013
50.2058
40.2381
34.9088
32.6044
32.6314
34.9844
40.3367
50.2623
67.7197
97.8548
148.723
231.479
357.423
262.262
263.332
356.912
230.955
148.299
97.4741
67.3703
49.9848
40.1277
34.8493
32.5607
32.5904
34.9214
40.2163
50.0372
67.3712
97.3925
148.193
230.977
357.224
261.855
262.99
356.657
230.304
147.582
96.9014
66.9863
49.7519
40.0102
34.7881
32.5137
32.5322
34.8335
40.0613
49.7842
67.0006
96.8698
147.548
230.434
357.061
261.523
262.602
356.446
229.719
146.902
96.3675
66.6488
49.5669
39.9163
34.7408
32.4813
32.4892
34.7577
39.9329
49.5651
66.6314
96.3114
146.837
229.789
356.819
261.152
262.246
356.199
229.049
146.183
95.7858
66.264
49.3334
39.7995
34.6797
32.4395
32.445
34.69
39.7956
49.3022
66.2189
95.7318
146.098
229.159
356.646
260.856
261.952
355.984
228.413
145.463
95.2109
65.9041
49.1494
39.7065
34.6309
32.4109
32.4091
34.6153
39.6643
49.0807
65.8434
95.1776
145.433
228.552
356.392
260.592
261.584
355.729
227.742
144.737
94.6394
65.5297
48.9262
39.5986
34.5874
32.3844
32.3713
34.5439
39.5274
48.8376
65.4451
94.6089
144.701
227.894
356.073
260.391
261.179
355.444
227.132
144.065
94.1289
65.1778
48.733
39.5078
34.5493
32.3652
32.3437
34.4869
39.4106
48.6239
65.0932
94.0723
144.021
227.212
355.846
260.174
260.782
355.144
226.423
143.313
93.5431
64.8116
48.5331
39.4113
34.5094
32.3468
32.3185
34.4287
39.2833
48.3844
64.6946
93.4811
143.275
226.526
355.579
259.802
260.283
354.844
225.725
142.61
93.0247
64.4786
48.3368
39.3191
34.4726
32.3295
32.2969
34.3825
39.1871
48.1904
64.3363
92.9146
142.559
225.792
355.195
259.36
259.875
354.542
225.012
141.869
92.446
64.094
48.1311
39.2203
34.4298
32.3093
32.2728
34.3266
39.0673
47.9635
63.9409
92.3095
141.791
225.084
354.829
258.877
259.432
354.176
224.29
141.124
91.8855
63.7544
47.944
39.1303
34.3953
32.2985
32.2608
34.2887
38.974
47.7654
63.5756
91.7321
141.03
224.3
354.394
258.367
259.128
353.867
223.587
140.368
91.2942
63.3646
47.7374
39.0358
34.3596
32.285
32.242
34.2398
38.863
47.5461
63.1872
91.1271
140.251
223.547
354.005
257.879
258.788
353.529
222.815
139.555
90.6692
62.9757
47.5257
38.9383
34.3233
32.2725
32.2269
34.1959
38.7577
47.3308
62.8018
90.524
139.448
222.756
353.656
257.5
258.42
353.174
221.982
138.702
90.0295
62.5768
47.3181
38.8458
34.2865
32.2565
32.2065
34.1467
38.645
47.1035
62.397
89.8923
138.595
221.897
353.244
257.045
257.979
352.795
221.076
137.795
89.3581
62.1727
47.0978
38.736
34.2384
32.2359
32.1857
34.0971
38.5304
46.8678
61.968
89.2088
137.687
221.007
352.834
256.653
257.42
352.301
220.116
136.843
88.6596
61.7458
46.8667
38.6239
34.1882
32.2124
32.163
34.0485
38.4187
46.637
61.5442
88.5296
136.776
220.112
352.345
256.287
256.875
351.776
219.144
135.88
87.955
61.3243
46.6341
38.5036
34.1337
32.1882
32.1396
33.9959
38.2985
46.3922
61.0957
87.8104
135.829
219.215
351.881
255.982
256.346
351.242
218.156
134.906
87.2523
60.8887
46.3855
38.3781
34.0771
32.1612
32.1136
33.9424
38.1792
46.1497
60.6522
87.0964
134.862
218.263
351.448
255.701
255.771
350.677
217.138
133.916
86.5386
60.4469
46.1325
38.2448
34.0127
32.1284
32.0832
33.8845
38.0542
45.8979
60.1902
86.3475
133.852
217.257
351.007
255.349
255.334
350.192
216.112
132.915
85.81
59.989
45.8692
38.1006
33.9367
32.085
32.0435
33.8183
37.9221
45.6451
59.7374
85.6039
132.826
216.224
350.568
255.034
254.825
349.641
215.041
131.881
85.0521
59.5332
45.5938
37.9372
33.8473
32.032
31.9955
33.7443
37.7818
45.3831
59.2723
84.8281
131.749
215.124
350.007
254.579
254.406
349.142
213.98
130.846
84.2924
59.056
45.3144
37.7698
33.7484
31.9676
31.9348
33.6563
37.6271
45.1114
58.8094
84.063
130.682
214.031
349.463
254.14
253.858
348.548
212.85
129.769
83.5161
58.5517
45.0038
37.5883
33.6382
31.8909
31.862
33.5561
37.4625
44.8285
58.3241
83.2795
129.555
212.863
348.861
253.625
253.341
347.971
211.68
128.651
82.72
58.0462
44.7068
37.4004
33.5133
31.7997
31.774
33.4386
37.2813
44.5317
57.819
82.4662
128.397
211.657
348.269
253.077
252.848
347.409
210.477
127.488
81.8939
57.5134
44.3824
37.2044
33.3799
31.6951
31.6729
33.3112
37.0901
44.2209
57.3136
81.6283
127.186
210.367
347.674
252.461
252.253
346.785
209.211
126.256
81.0216
56.9752
44.0626
36.9951
33.2355
31.5815
31.5605
33.1739
36.8914
43.906
56.7825
80.7437
125.928
209.021
347.028
251.792
251.756
346.199
207.915
124.979
80.1337
56.4072
43.7101
36.7741
33.0728
31.4525
31.4373
33.0163
36.6654
43.5764
56.2376
79.8303
124.602
207.596
346.302
251.079
251.127
345.568
206.509
123.627
79.1999
55.8255
43.3393
36.5267
32.9
31.3062
31.292
32.8523
36.4458
43.229
55.6677
78.8923
123.237
206.12
345.496
250.303
250.458
344.919
205
122.21
78.1841
55.1796
42.9317
36.2533
32.7049
31.1527
31.1426
32.6762
36.1969
42.8437
55.0381
77.8927
121.777
204.522
344.621
249.411
249.571
344.105
203.354
120.679
77.1463
54.5265
42.5148
35.9812
32.5013
30.983
30.978
32.4829
35.9407
42.4578
54.4012
76.8612
120.257
202.819
343.704
248.439
248.579
343.205
201.593
119.054
76.0177
53.8338
42.0743
35.6898
32.294
30.8019
30.797
32.27
35.656
42.0276
53.7309
75.7667
118.618
200.956
342.655
247.316
247.338
342.181
199.651
117.307
74.8179
53.0841
41.6141
35.3827
32.0663
30.612
30.6077
32.0546
35.3597
41.5858
53.0206
74.6109
116.883
198.937
341.436
245.958
245.948
341.018
197.543
115.463
73.5639
52.2961
41.1222
35.0554
31.8248
30.4017
30.4044
31.8229
35.0515
41.1114
52.2552
73.4026
115.067
196.787
340.085
244.509
244.294
339.631
195.206
113.48
72.2246
51.478
40.6022
34.7035
31.5574
30.1726
30.1726
31.5593
34.7176
40.6205
51.4562
72.1338
113.136
194.45
338.544
242.904
242.469
338.025
192.656
111.377
70.8341
50.6183
40.0645
34.337
31.2789
29.9316
29.931
31.2819
34.3535
40.0827
50.6185
70.8072
111.102
191.94
336.797
241.16
240.437
336.068
189.873
109.137
69.3842
49.71
39.5
33.9596
30.9871
29.673
29.6725
30.9896
33.9775
39.5379
49.7586
69.4206
108.957
189.24
334.774
239.271
238.138
333.76
186.827
106.759
67.873
48.8
38.9187
33.5428
30.6544
29.3759
29.3744
30.652
33.5506
38.9479
48.8669
67.9535
106.674
186.286
332.452
237.207
235.664
331.102
183.481
104.226
66.3044
47.8575
38.3089
33.1039
30.2975
29.0511
29.0521
30.2988
33.1095
38.3325
47.9279
66.4257
104.259
183.059
329.797
234.965
232.777
327.885
179.776
101.537
64.6817
46.8623
37.6449
32.6125
29.8936
28.6857
28.6885
29.9038
32.6404
37.6999
46.9574
64.8226
101.669
179.493
326.615
232.373
229.658
324.11
175.719
98.6931
62.9837
45.8254
36.943
32.0878
29.4591
28.2899
28.2929
29.4699
32.1176
37.0071
45.9366
63.1737
98.9427
175.637
322.962
229.639
226.175
319.616
171.31
95.7259
61.2093
44.7265
36.1989
31.52
28.9771
27.8445
27.8504
28.998
31.5678
36.2937
44.8859
61.4406
96.0209
171.365
318.612
226.424
222.397
314.36
166.577
92.6382
59.3742
43.6054
35.4273
30.9168
28.4574
27.3601
27.3663
28.4783
30.9622
35.513
43.7547
59.6343
93.0006
166.786
313.664
223.051
218.451
308.44
161.603
89.5017
57.5306
42.4434
34.6088
30.268
27.8912
26.8301
26.8402
27.9235
30.3311
34.7183
42.6236
57.7992
89.8498
161.818
307.87
219.186
214.423
301.905
156.403
86.33
55.6829
41.2734
33.7639
29.5822
27.2856
26.26
26.2721
27.3242
29.6539
33.8772
41.4456
55.9453
86.6722
156.671
301.539
215.384
210.485
294.855
151.079
83.1994
53.8776
40.1122
32.9098
28.8784
26.6555
25.6611
25.6748
26.6979
28.9546
33.0276
40.2823
54.1112
83.4915
151.308
294.507
211.359
206.803
287.347
145.688
80.1203
52.1277
38.9725
32.0502
28.1562
26.0026
25.0392
25.0553
26.0521
28.2416
32.1745
39.1389
52.3394
80.3708
145.901
287.148
207.684
203.492
279.487
140.314
77.1447
50.4397
37.8583
31.1971
27.4313
25.3417
24.4057
24.423
25.394
27.5198
31.3214
38.0133
50.6188
77.3391
140.439
279.286
204.073
200.718
271.405
135.008
74.2876
48.8142
36.7746
30.3607
26.7156
24.6862
23.7764
23.7949
24.7422
26.8102
30.494
36.9415
48.9977
74.4554
135.106
271.274
201.069
198.494
263.153
129.8
71.5656
47.2729
35.7403
29.5566
26.0233
24.0488
23.1617
23.1796
24.103
26.1141
29.6832
35.8955
47.4378
71.7024
129.844
262.962
198.305
196.959
254.725
124.666
68.9455
45.8127
34.767
28.7981
25.3672
23.4429
22.5764
22.5933
23.4942
25.4535
28.9187
34.9156
45.9735
69.0891
124.736
254.6
196.089
195.195
246.077
119.607
66.4513
44.4395
33.8534
28.0867
24.7523
22.8746
22.0265
22.0409
22.9187
24.8273
28.1934
33.9878
44.5873
66.5812
119.667
245.971
193.975
192.608
237.098
114.604
64.0714
43.1576
33.0109
27.4333
24.1872
22.3515
21.5195
21.531
22.3868
24.2475
27.5197
33.1212
43.2828
64.1917
114.69
237.13
191.986
190.482
227.931
109.695
61.8216
41.9709
32.2374
26.8348
23.669
21.8709
21.0529
21.0615
21.8973
23.7147
26.9014
32.325
42.0721
61.9199
109.773
227.953
189.871
188.254
218.555
104.906
59.6994
40.8781
31.534
26.2909
23.1962
21.4306
20.6244
20.6302
21.4482
23.2268
26.3354
31.5929
40.9467
59.7652
104.951
218.543
187.711
185.95
208.945
100.258
57.7195
39.8765
30.8896
25.7896
22.7578
21.0209
20.2253
20.2289
21.032
22.7777
25.8192
30.93
39.9246
57.7642
100.279
208.919
185.54
184.086
199.333
95.8332
55.9088
38.9748
30.3042
25.3253
22.3457
20.6325
19.8458
19.8478
20.6385
22.3568
25.3422
30.328
39.0047
55.9392
95.851
199.299
184.065
182.931
189.799
91.6523
54.2605
38.1514
29.7543
24.8784
21.9438
20.2522
19.4743
19.4754
20.2554
21.95
24.8881
29.7688
38.1711
54.2844
91.6762
189.756
182.855
182.761
180.663
87.8112
52.8046
37.4069
29.2319
24.4387
21.5425
19.8709
19.1019
19.1024
19.8725
21.5456
24.4438
29.2397
37.4183
52.8198
87.8344
180.664
182.737
184.574
172.149
84.3011
51.5166
36.7107
28.7123
23.9883
21.1288
19.4787
18.72
18.7202
19.4795
21.1303
23.9912
28.7166
36.7174
51.5253
84.3139
172.165
184.557
187.957
164.239
81.2768
50.392
36.042
28.1779
23.5154
20.6949
19.0703
18.3244
18.3245
19.0706
20.6954
23.5168
28.1802
36.0464
50.3983
81.2808
164.24
187.924
193.9
157.137
78.7512
49.3944
35.3669
27.6067
23.007
20.2337
18.642
17.9131
17.913
18.642
20.2336
23.0073
27.6076
35.3693
49.3994
78.757
157.17
193.9
202.087
150.755
76.876
48.4826
34.6508
26.9801
22.4543
19.7424
18.1942
17.4877
17.4876
18.1941
19.7423
22.4547
26.9814
34.6539
48.4879
76.8757
150.751
202.05
213.291
145.688
75.3146
47.55
33.8521
26.28
21.8506
19.2202
17.7295
17.0524
17.0523
17.7295
19.2203
21.8511
26.2816
33.8562
47.5591
75.3309
145.715
213.314
227.12
141.779
74.068
46.5651
32.9441
25.493
21.1922
18.6694
17.2535
16.6145
16.6145
17.2536
18.6696
21.1928
25.4947
32.9472
46.5694
74.0697
141.76
227.089
244.297
139.394
72.9854
45.4206
31.8782
24.6004
20.4751
18.0936
16.7741
16.1835
16.1835
16.7741
18.0937
20.4755
24.6018
31.8815
45.4273
72.9979
139.398
244.31
265.001
138.453
71.8654
44.006
30.6058
23.5853
19.698
17.4996
16.3021
15.7722
15.7721
16.302
17.4995
19.698
23.5857
30.6069
44.0081
71.8682
138.449
264.963
288.273
138.099
70.3164
42.1706
29.0737
22.4341
18.8642
16.8986
15.8522
15.3965
15.3964
15.852
16.8983
18.8639
22.4339
29.0744
42.1731
70.3211
138.098
288.27
314.83
138.151
68.1068
39.8041
27.2452
21.1441
17.9862
16.3086
15.4442
15.0757
15.0756
15.4441
16.3083
17.9859
21.1439
27.2458
39.8068
68.1131
138.149
314.803
342.978
137.851
64.6879
36.7238
25.0839
19.7283
17.0907
15.7571
15.1041
14.8361
14.8361
15.1039
15.7568
17.09
19.7276
25.084
36.726
64.6953
137.86
342.943
372.861
135.404
59.418
32.7778
22.6006
18.2373
16.2281
15.2806
14.8612
14.7122
14.7121
14.861
15.2803
16.2274
18.2369
22.6012
32.7805
59.4274
135.426
372.875
402.401
127.759
51.1735
27.8213
19.864
16.7646
15.4754
14.9582
14.7556
14.678
14.6779
14.7555
14.958
15.4754
16.7652
19.8641
27.8213
51.1737
127.759
402.367
432.709
107.318
38.6064
21.933
17.0639
15.493
14.9848
14.8106
14.7307
14.7011
14.7012
14.7312
14.8118
14.9866
15.4942
17.0641
21.933
38.6102
107.333
432.733
466.392
57.375
21.6801
16.2869
15.2321
14.9465
14.8448
14.8046
14.7968
14.7964
14.7964
14.7968
14.8048
14.8452
14.9473
15.2334
16.288
21.6795
57.3721
466.386
782.533
1139.05
780.245
496.974
301.788
181.262
114.499
79.9154
62.7132
55.601
55.6709
62.8667
80.417
115.705
182.589
301.297
493.712
774.546
1133.1
777.436
781.004
1138.61
778.145
494.063
299.19
179.442
112.184
78.6232
61.906
54.9792
55.0578
62.0437
79.8196
114.69
180.85
295.602
487.077
768.8
1130.55
776.183
780.076
1138.25
776.459
491.623
296.972
177.954
112.837
79.0876
62.1783
55.1599
55.2729
62.0766
79.3798
113.843
179.701
295.902
487.306
768.578
1131.5
775.59
775.935
1135.76
771.317
484.942
291.38
176.28
112.008
78.6706
61.9091
54.9257
55.0715
62.0128
78.8566
111.549
176.063
295.502
486.932
766.396
1132.02
772.341
777.637
1137.77
773.319
484.002
290.389
174.79
110.973
78.1314
61.1031
54.206
54.4606
61.6488
78.4347
111.203
175.502
290.529
481.082
765.465
1131.71
773.309
776.08
1139.25
771.547
481.078
287.724
171.22
110.017
77.7157
61.0894
54.2147
54.454
61.1458
77.2905
110.09
174.274
292.837
484.141
765.759
1129.65
772.415
771.841
1138.76
769.352
478.276
285.541
170.25
108.068
76.6333
60.8047
54.0298
54.43
60.8709
77.002
109.225
172.84
290.881
478.199
759.995
1130.97
769.886
771.764
1136.19
766.769
474.772
283.1
167.735
107.712
76.754
60.9641
54.0256
54.058
60.9638
76.4722
109.024
171.552
286.386
480.488
760.528
1128.84
772.516
769.976
1136.71
760.744
471.524
281.673
166.519
106.732
76.3465
60.7406
53.9077
54.185
60.3985
76.0201
106.859
171.456
286.818
478.372
758.779
1131.6
771.796
765.887
1137.33
760.23
466.346
276.947
165.335
107.015
75.3637
60.065
53.9471
53.7928
60.3167
75.3967
106.557
169.863
281.417
475.78
757.326
1133.79
770.34
764.277
1136.31
757.346
462.728
276.199
164.59
105.447
75.0938
59.9348
53.7617
53.7466
60.0271
74.9675
105.498
168.107
281.782
470.749
756.232
1134.13
769.342
762.327
1133.51
750.698
459.351
274.345
164.912
105.104
74.6448
59.5605
53.2405
53.2208
59.4085
74.3731
104.56
165.125
278.274
471.78
756.496
1134.6
768.096
758.778
1134.37
747.186
455.646
271.456
163.353
104.089
74.123
59.3291
53.0577
53.0611
59.1718
73.8542
103.653
163.395
276.564
469.641
757.749
1134.89
767.187
756.335
1133.14
743.614
451.506
265.873
159.884
103.131
73.8372
58.8451
52.6914
52.7455
58.7802
73.2833
102.485
160.481
275.012
466.922
751.229
1135.03
766.172
753.813
1132.36
740.153
448.375
263.761
157.985
102.177
73.3635
58.6288
52.5372
52.6277
58.5271
72.8316
101.658
158.766
270.145
461.323
754.994
1135.12
765.145
751.308
1130.87
736.481
444.495
260.244
156.322
101.157
72.48
58.2772
52.3054
52.3498
58.1954
72.4093
100.712
156.936
268.13
461.075
749.003
1134.46
763.628
748.607
1129.51
733.883
441.433
257.917
154.43
99.9042
72.0717
58.0289
52.1927
52.1896
57.898
71.7755
99.664
155.347
264.667
458.42
751.296
1133.86
762.087
746.2
1127.89
730.096
437.074
256.096
153.196
99.17
71.5622
57.7304
52.2008
52.1595
57.6004
71.2898
98.9596
153.801
261.948
452.161
745.342
1131.13
758.15
743.578
1124.48
726.526
432.592
253.118
151.665
98.2067
71.0586
57.4626
52.015
51.9676
57.3138
70.7861
98.1089
152.291
258.649
449.195
743.558
1133.15
757.559
740.073
1124.01
722.699
428.645
249.194
149.726
97.2741
70.5135
57.1328
51.5811
51.5276
56.9619
70.2759
97.3243
150.727
255.615
444.992
740.678
1130.71
754.717
736.026
1121.46
719.59
425.602
246.622
147.851
96.2469
69.9338
56.8036
51.2365
51.2026
56.6102
69.8113
96.5522
149.405
253.033
441.405
736.486
1133.87
753.887
732.807
1119.95
717.444
422.742
244.45
146.443
95.3404
69.4439
56.4589
50.9951
50.9733
56.3457
69.262
95.5076
147.752
250.33
437.876
734.224
1133.27
750.858
730.708
1118.59
718.139
420.387
241.853
144.548
94.3097
68.8477
56.0767
50.6624
50.6458
56.0092
68.7789
94.6195
146.027
248.238
434.731
731.138
1130.95
747.287
729.517
1116.93
715.322
417.58
239.286
142.718
93.3637
68.3195
55.701
50.3456
50.331
55.6257
68.2182
93.6532
144.145
244.918
430.073
728.412
1133.27
745.115
730.667
1115.69
709.144
413.764
236.184
141.036
92.4496
67.7347
55.3056
50.1093
50.089
55.2817
67.7556
92.8546
142.859
242.733
427.069
724.257
1131.26
742.524
730.239
1114.18
705.508
410.166
233.48
139.519
91.5883
67.2386
54.9932
49.8113
49.762
54.874
67.2033
91.9346
141.071
240.18
423.59
723.993
1132.87
739.438
728.962
1113.15
702.101
406.458
230.615
137.717
90.6171
66.6404
54.5898
49.5265
49.5058
54.5676
66.6896
91.0717
139.602
237.074
418.472
717.357
1132.06
736.594
727.02
1110.08
697.555
401.561
227.633
136.156
89.8213
66.1801
54.272
49.23
49.184
54.1684
66.1341
90.1506
137.923
234.201
414.565
716.146
1131.16
734.848
724.989
1108.83
693.913
397.793
224.94
134.642
88.956
65.6664
53.9299
48.9371
48.8694
53.7913
65.5914
89.2708
136.283
230.664
408.441
709.154
1129.75
732.366
721.426
1107.22
688.902
394.049
222.431
133.291
88.2166
65.1833
53.5908
48.6633
48.6015
53.4436
65.0679
88.3936
134.606
227.403
404.543
705.386
1127
729.796
719.441
1104.32
683.988
389.532
219.697
131.779
87.4231
64.7134
53.2602
48.3871
48.3031
53.0839
64.559
87.5396
132.898
223.706
399.053
698.717
1125.84
726.263
716.271
1101.89
679.013
385.478
217.209
130.49
86.684
64.2396
52.912
48.102
48.0406
52.7488
64.0562
86.6726
131.345
220.908
393.959
694.381
1123.43
721.983
714.303
1098.41
673.759
381.035
214.65
129.054
85.921
63.7973
52.5892
47.8203
47.7421
52.3942
63.5363
85.8161
129.7
217.574
388.875
688.72
1121.82
718.302
711.671
1096.13
668.641
376.679
212.058
127.715
85.1523
63.3092
52.2363
47.514
47.4443
52.0302
63.0159
84.9494
128.149
214.723
384.075
683.659
1119.1
715.591
709.279
1092.97
663.397
372.643
209.583
126.313
84.3748
62.8315
51.8854
47.2083
47.1277
51.6655
62.4978
84.0854
126.587
211.968
379.929
679.042
1117.94
712.472
706.252
1090.58
658.404
368.118
206.945
124.942
83.6048
62.3367
51.5107
46.8837
46.7991
51.2692
61.9375
83.1814
124.996
209.028
375.259
674.371
1116.21
709.098
702.856
1088.43
652.957
363.873
204.56
123.621
82.8571
61.8594
51.1579
46.568
46.4759
50.8855
61.4016
82.2899
123.402
206.216
370.726
669.331
1114.65
706.059
699.965
1089.19
648.492
359.921
202.111
122.293
82.1131
61.3858
50.8
46.2548
46.1497
50.4809
60.8415
81.4071
121.817
203.35
366.295
664.446
1112.73
702.398
697.159
1083.34
643.3
355.717
199.626
120.978
81.3895
60.93
50.4588
45.9419
45.8237
50.0923
60.3079
80.5358
120.193
200.311
361.321
658.992
1109.67
698.898
694.643
1083.12
638.918
351.78
197.225
119.684
80.6832
60.4766
50.1134
45.6315
45.498
49.7028
59.7676
79.6709
118.655
197.503
356.777
653.447
1105.74
694.685
692.285
1079.28
633.994
347.689
194.774
118.397
79.9635
60.0088
49.7524
45.3077
45.1683
49.3136
59.2338
78.8095
117.085
194.518
351.9
648.079
1103.18
691.656
690.228
1075.87
629.309
343.955
192.528
117.167
79.2653
59.5488
49.397
44.9837
44.8274
48.9159
58.6909
77.9535
115.524
191.583
347.189
642.412
1099.09
687.758
687.735
1071.5
624.316
339.867
190.083
115.84
78.5207
59.0715
49.0126
44.6316
44.4699
48.4988
58.1228
77.0568
113.918
188.555
342.098
636.468
1095.29
684.341
686.004
1067.21
619.226
336.085
187.834
114.592
77.7878
58.5737
48.627
44.2857
44.1071
48.0718
57.5578
76.185
112.348
185.63
337.274
630.7
1092.11
680.588
683.8
1063.43
614.268
331.93
185.341
113.235
77.0103
58.0676
48.2311
43.9271
43.7407
47.6465
56.9787
75.275
110.749
182.584
332.022
624.217
1087.98
676.971
681.277
1059.18
608.764
327.825
182.948
111.92
76.2163
57.5283
47.815
43.55
43.3481
47.1852
56.3663
74.342
109.129
179.598
326.896
617.842
1084.6
673.128
678.72
1055.43
603.273
323.479
180.401
110.552
75.4245
57.0003
47.4057
43.1805
42.9672
46.7389
55.7763
73.4255
107.513
176.506
321.612
611.287
1081.31
669.527
675.663
1051.28
597.596
319.193
177.935
109.201
74.6162
56.4423
46.964
42.7814
42.5579
46.2625
55.1483
72.4832
105.867
173.419
316.1
604.157
1077.33
664.929
673.026
1047.28
592.001
314.835
175.361
107.798
73.7976
55.8864
46.5292
42.3915
42.1599
45.8012
54.5365
71.5442
104.218
170.292
310.721
597.191
1073.16
660.549
669.24
1042.94
585.769
310.195
172.706
106.35
72.9315
55.3009
46.0689
41.9766
41.7396
45.3204
53.909
70.5979
102.573
167.169
305.009
589.586
1068.34
655.169
666.292
1038.82
579.649
305.572
169.991
104.856
72.0429
54.6979
45.6015
41.5641
41.32
44.8428
53.2767
69.6252
100.873
163.998
299.448
582.165
1063.38
650.117
662.65
1034.13
573.145
300.692
167.184
103.319
71.1178
54.0703
45.1173
41.1334
40.8873
44.3447
52.6304
68.665
99.2001
160.843
293.652
574.051
1057.66
643.961
658.805
1029.47
566.688
295.857
164.361
101.735
70.1621
53.4267
44.6175
40.688
40.4371
43.8259
51.9495
67.6349
97.4191
157.567
287.866
566.179
1052.41
638.439
654.631
1024.57
559.788
290.712
161.392
100.067
69.1599
52.7464
44.0953
40.2287
39.9752
43.2963
51.2466
66.5949
95.6933
154.374
282.057
557.997
1046.71
632.628
650.551
1020.28
552.921
285.549
158.385
98.3364
68.1077
52.0345
43.5439
39.7417
39.4861
42.7388
50.5198
65.4943
93.852
151.044
276.101
549.744
1041.07
626.968
646.043
1015.41
545.424
280.005
155.195
96.5413
67.0123
51.2802
42.9563
39.235
38.9835
42.1668
49.7719
64.3907
92.0488
147.78
270.236
541.599
1035.85
621.79
642.085
1011.47
538.192
274.427
151.907
94.6514
65.8314
50.4704
42.3295
38.6915
38.4527
41.5715
49.0029
63.2493
90.1754
144.398
264.16
533.184
1030.67
616.976
637.518
1006.87
530.237
268.436
148.432
92.6591
64.5842
49.6086
41.6713
38.123
37.9003
40.9569
48.2186
62.1027
88.3139
141.065
258.201
524.975
1026.02
612.613
633.815
1003.35
522.377
262.268
144.769
90.5172
63.2498
48.6803
40.9617
37.5181
37.3133
40.3067
47.3983
60.929
86.418
137.633
251.914
516.102
1020.87
608.072
628.815
999.096
513.318
255.439
140.822
88.2182
61.8095
47.6952
40.2127
36.8806
36.6997
39.6297
46.5492
59.7468
84.5418
134.234
245.614
506.949
1015.6
603.058
623.724
994.912
503.713
248.207
136.649
85.7851
60.2553
46.632
39.4098
36.1947
36.0388
38.9084
45.6546
58.5082
82.5771
130.667
238.916
496.896
1009.38
597.022
617.354
989.504
492.873
240.286
132.145
83.1928
58.6049
45.4951
38.5492
35.4642
35.3383
38.1432
44.7112
57.2153
80.5546
127.027
231.969
486.027
1002.18
590.043
609.232
982.762
480.582
231.636
127.271
80.4074
56.8532
44.2866
37.6238
34.6749
34.5828
37.3214
43.7024
55.8236
78.3702
123.133
224.504
473.903
993.131
581.055
599.129
973.843
466.754
222.403
122.122
77.4588
55.0082
43.0003
36.6379
33.8337
33.7795
36.4469
42.618
54.3187
76.0285
118.996
216.488
460.422
982.226
570.787
585.829
961.643
450.977
212.433
116.634
74.3001
53.0398
41.6356
35.5886
32.9349
32.9114
35.5061
41.4683
52.7256
73.546
114.639
207.959
445.311
967.86
557.515
570.007
946.279
433.541
202.046
111.02
71.0654
50.9916
40.2023
34.483
31.9831
31.9889
34.4932
40.2211
51.0005
70.8922
110.017
198.935
428.941
950.829
542.695
551.034
926.541
414.081
191.041
105.179
67.711
48.8708
38.7107
33.3217
30.9759
31.0075
33.424
38.9074
49.1882
68.1249
105.244
189.548
411.133
930.14
525.991
529.88
902.592
393.424
179.898
99.3825
64.284
46.6611
37.1628
32.1151
29.9211
29.9721
32.2844
37.5025
47.2635
65.2038
100.264
179.779
392.013
905.621
507.131
507.425
874.56
371.569
168.492
93.432
60.8646
44.4587
35.5826
30.8613
28.8192
28.8881
31.0856
36.022
45.2419
62.1626
95.1313
169.783
371.918
877.45
487.784
483.423
842.099
348.965
157.235
87.5951
57.387
42.1777
33.9534
29.5729
27.6816
27.7595
29.8359
34.4834
43.1363
58.9809
89.8087
159.496
350.69
844.897
466.72
460.057
806.265
326.049
146.081
81.7961
53.9913
39.9384
32.3211
28.2662
26.5188
26.6018
28.5433
32.8828
40.9529
55.7037
84.3626
149.098
328.942
808.954
446.261
435.653
766.296
302.856
135.174
76.0926
50.58
37.6856
30.694
26.962
25.3503
25.432
27.2357
31.2541
38.7162
52.3247
78.7523
138.515
306.36
768.751
424.551
413.296
723.908
280.093
124.742
70.6529
47.319
35.5116
29.0948
25.6635
24.1824
24.2616
25.9258
29.6217
36.462
48.9311
73.1438
128.005
283.673
725.772
403.833
390.366
678.2
257.203
114.473
65.3293
44.1269
33.3965
27.548
24.4067
23.0473
23.1217
24.6495
28.0305
34.2681
45.6081
67.6356
117.614
260.836
679.838
383.341
369.769
631.158
235.245
104.972
60.4576
41.2001
31.424
26.0816
23.2059
21.9608
22.0287
23.4252
26.5023
32.1547
42.4115
62.3333
107.677
238.651
632.205
364.084
350.385
582.947
214.091
95.9479
55.8389
38.4554
29.5895
24.7231
22.0944
20.9531
21.0139
22.2891
25.0922
30.2174
39.482
57.4699
98.4595
217.611
584.692
347.771
334.327
535.852
194.724
88.0341
51.8243
36.0465
27.9613
23.5055
21.093
20.0429
20.0949
21.2572
23.8088
28.4565
36.8337
53.0827
90.0651
197.917
538.017
334.007
322.563
491.252
177.164
80.9512
48.2492
33.917
26.5332
22.4448
20.2227
19.2509
19.2924
20.3537
22.6869
26.9315
34.562
49.3135
82.7736
180.289
494.26
324.767
316.092
450.242
161.942
75.0738
45.3198
32.1535
25.3317
21.5426
19.4785
18.5721
18.604
19.5785
21.7262
25.6299
32.6299
46.1103
76.4773
164.549
453.308
321.054
314.62
413.054
148.867
70.1163
42.8682
30.6872
24.3347
20.7925
18.8572
18.0032
18.0261
18.9286
20.9228
24.5458
31.03
43.4537
71.1669
150.839
415.563
314.553
308.238
379.121
137.694
66.0753
40.8931
29.4908
23.5085
20.165
18.336
17.5259
17.5411
18.3834
20.2515
23.6463
29.7094
41.2603
66.7218
138.893
380.934
311.112
305.883
348.298
127.896
62.629
39.2258
28.484
22.8131
19.6368
17.8979
17.1256
17.1349
17.9267
19.6896
22.8967
28.6148
39.4372
62.9578
128.403
349.064
306.83
304.607
319.738
119.016
59.6149
37.7922
27.6127
22.2066
19.1761
17.5183
16.7813
16.7863
17.5338
19.2053
22.2533
27.6835
37.8979
59.7638
119.206
319.974
305.404
302.009
293.46
110.95
56.9555
36.5188
26.8315
21.6607
18.763
17.1813
16.4791
16.4816
17.1892
18.7785
21.6874
26.8731
36.5771
57.0331
111.054
293.595
302.5
303.45
269.375
103.638
54.5442
35.3316
26.0888
21.1403
18.3737
16.8695
16.2037
16.205
16.8733
18.3801
21.151
26.1074
35.3661
54.6018
103.691
269.355
303.758
307.072
247.411
97.4938
52.4178
34.2076
25.3616
20.6298
17.9978
16.5756
15.9491
15.9498
16.5782
18.0023
20.6372
25.374
34.2343
52.4781
97.6211
247.596
306.992
310.662
227.781
92.3556
50.4295
33.0825
24.6179
20.1109
17.6243
16.2924
15.7095
15.7095
16.2932
17.6262
20.1157
24.6267
33.0941
50.4363
92.3163
227.625
310.655
318.084
210.653
87.8774
48.5102
31.9417
23.8575
19.5861
17.2554
16.0217
15.4868
15.4869
16.0223
17.2564
19.5886
23.8641
31.9591
48.5537
87.9675
210.791
318.002
325.671
195.911
83.9006
46.6503
30.7813
23.0755
19.0523
16.8904
15.7641
15.2819
15.2819
15.7644
16.8909
19.0535
23.0775
30.7826
46.6455
83.8589
195.731
325.527
336.462
183.559
80.3455
44.7726
29.5652
22.2608
18.5091
16.5324
15.5239
15.0993
15.0994
15.5243
16.5334
18.5112
22.2658
29.5765
44.8002
80.4114
183.666
336.415
348.11
173.477
77.1041
42.857
28.2954
21.4178
17.9611
16.1861
15.3048
14.9421
14.9422
15.305
16.1866
17.9618
21.4188
28.2953
42.8488
77.0596
173.308
347.899
361.492
164.998
73.8728
40.7934
26.9324
20.5365
17.4101
15.8563
15.112
14.8146
14.8148
15.1123
15.8571
17.4117
20.5405
26.9432
40.8227
73.9469
165.132
361.524
376.055
158.446
70.726
38.6021
25.4883
19.6287
16.8663
15.5509
14.9504
14.7195
14.7195
14.9507
15.5511
16.8661
19.6273
25.4833
38.585
70.6706
158.29
375.834
391.78
152.74
67.1659
36.0979
23.9086
18.6858
16.3349
15.2768
14.8245
14.667
14.6675
14.8255
15.2776
16.3364
18.6893
23.9183
36.125
67.2377
152.895
391.858
407.466
147.491
63.0781
33.3016
22.2282
17.7381
15.839
15.047
14.7402
14.645
14.6449
14.7396
15.047
15.8387
17.7365
22.2238
33.2886
63.0387
147.372
407.293
423.249
141.777
58.0426
30.09
20.4433
16.8108
15.402
14.874
14.7029
14.6428
14.6431
14.7039
14.8767
15.4035
16.8132
20.4491
30.1049
58.085
141.867
423.271
437.521
133.719
51.4964
26.4172
18.6128
15.963
15.0591
14.7869
14.6968
14.671
14.671
14.6966
14.7864
15.0596
15.9637
18.6132
26.4146
51.4939
133.731
437.535
449.982
120.404
42.7623
22.316
16.8688
15.3183
14.8858
14.7617
14.7234
14.7158
14.716
14.7241
14.7637
14.89
15.3241
16.8721
22.3151
42.7519
120.379
449.9
461.89
95.491
31.1378
17.9556
15.4573
14.9183
14.8076
14.7723
14.7686
14.7693
14.7693
14.7688
14.7728
14.8093
14.9198
15.4604
17.9603
31.1483
95.5825
462.045
470.808
47.4687
18.279
15.5619
14.9914
14.8537
14.8218
14.8249
14.8267
14.827
14.827
14.8266
14.8248
14.822
14.8542
14.993
15.5678
18.2938
47.4534
470.757
1381.25
1935.05
1338.39
840.659
500.244
294.033
179.71
119.548
89.7146
76.8723
76.0988
87.4581
115.19
172.44
285.006
493.419
841.242
1351.26
1963.74
1351.24
1377.31
1926.57
1324.37
834.65
495.521
291.137
178.187
118.675
89.2052
76.0421
74.9591
86.9816
114.345
170.711
281.824
488.569
835.075
1336.14
1959.86
1340.73
1369.88
1935.29
1324.63
829.922
491.171
288.509
176.863
116.795
88.1358
76.202
75.3607
86.716
113.666
167.757
275.255
484.257
829.934
1338.91
1951.86
1340.17
1374.25
1933.86
1322.39
817.278
480.613
282.183
173.712
117.569
88.9748
76.5728
75.5934
86.3534
113.024
168.565
276.973
474.311
815.888
1332.86
1956.8
1331.55
1371.08
1931.51
1313.38
814.529
478.597
282.194
174.185
115.876
87.866
76.2711
74.6957
85.897
111.111
165.094
271.173
472.673
813.594
1323.86
1948.65
1331.15
1368.79
1929.46
1319.08
811.285
472.912
279.459
172.993
115.761
88.254
75.6066
75.2191
85.0086
111.819
164.595
270.702
470.975
808.596
1313.24
1949.06
1328.97
1360.48
1919.48
1313.95
798.605
467.495
275.944
171.489
115.116
87.9518
75.972
74.4792
84.8973
110.219
162.875
264.654
467.074
808.643
1314.57
1947.09
1330.52
1360.32
1926.8
1309.49
795.179
462.971
272.1
170.286
115.127
86.936
75.741
74.4606
85.078
109.906
162.134
264.13
457.295
803.596
1317.7
1945.32
1333.59
1356.83
1918.92
1305.03
790.239
459.898
271.626
169.063
114.403
87.2601
75.5286
74.2933
84.7796
109.268
159.944
262.969
454.213
791.364
1312.41
1943.01
1331.07
1355.54
1930.52
1300.17
790.394
454.285
268.356
166.025
113.473
86.8467
75.2331
74.337
84.3693
108.684
159.529
257.492
448.436
790.87
1300.22
1940.1
1324.32
1355.04
1928.29
1285.56
784.797
448.234
265.931
164.995
112.726
86.3692
74.8345
73.9413
84.004
108.513
159.067
256.693
443.009
786.05
1302.85
1938.86
1326.82
1352.07
1926.18
1290.29
772.321
444.386
262.956
163.007
111.582
85.8614
74.4598
72.9801
82.8655
107.692
156.34
256.346
437.861
773.724
1289.85
1936.98
1324.79
1343.34
1915.21
1274.65
770.75
439.655
259.477
161.737
110.516
84.7114
73.5756
72.9058
82.6745
106.686
156.269
252.124
432.626
773.004
1294.25
1938.02
1317.66
1342.13
1915.69
1269.2
762.312
435.522
257.124
160.138
109.688
84.1497
73.2406
72.5221
82.3866
105.767
153.907
249.827
427.614
760.085
1287.35
1939.57
1315.24
1334.82
1912.64
1259.61
757.092
431.755
254.224
158.574
108.822
83.5757
72.7177
72.1192
81.8944
105.12
152.95
247.142
424.001
755.051
1280.63
1934.12
1310.34
1332.05
1912.82
1253.55
748.784
428.061
252.137
157.211
107.923
82.9989
72.3006
71.7045
80.9689
104.277
151.648
244.948
420.766
746.833
1272.74
1932.58
1302.91
1328.42
1915.63
1247.87
745.274
423.512
249.428
155.625
106.95
82.4764
72.0263
71.3242
80.559
103.494
150.157
243.136
417.457
739.961
1258.16
1921.67
1298.36
1324.21
1912.53
1242.13
736.044
418.972
246.524
154.095
106.088
81.7428
71.5955
70.9228
80.1176
102.712
148.698
240.36
413.932
734.19
1251.35
1922.21
1292.92
1321.24
1904.15
1240.32
728.958
413.776
243.532
152.64
105.196
81.3107
71.152
70.4835
79.6123
101.943
147.393
237.107
409.525
724.936
1237.52
1911.24
1287.64
1315.69
1908.11
1241.15
721.616
408.94
240.656
151.095
104.349
80.6642
70.6149
69.9236
78.9721
101.098
146.161
235.078
404.591
715.757
1231.25
1914.11
1285.03
1307.75
1896.96
1233.62
712.203
404.237
237.95
149.696
103.464
79.9702
70.0697
69.4595
78.3171
100.094
144.758
232.01
399.66
709.247
1221.36
1913.47
1283.88
1304.03
1901.24
1217.72
702.029
399.197
235.146
148.228
102.712
79.4113
69.4503
68.8851
77.5986
99.4696
143.472
229.395
394.203
700.92
1213.72
1909.76
1285.74
1297.67
1889.61
1210.6
695.258
394.578
232.905
147.086
101.724
78.7785
69.0282
68.4762
77.1536
98.6437
142.079
226.514
388.677
693.866
1205.75
1899.64
1278.95
1292.25
1885.5
1198.64
685.701
389.869
230.402
145.672
101.005
78.3273
68.4944
67.8912
76.5376
97.9954
140.79
223.949
383.054
684.726
1196.72
1898.51
1280.74
1286.93
1877.16
1183.47
677.456
385.382
228.186
144.491
100.132
77.678
67.9815
67.4081
75.9881
97.2278
139.503
221.488
379.188
675.9
1187.41
1893.18
1273.13
1280.61
1871.34
1174.49
670.996
381.726
226.073
143.132
99.3273
77.0434
67.2745
66.7125
75.3968
96.4459
138.139
218.936
374.085
669.198
1177.39
1880.18
1266.35
1276.24
1863.05
1167.42
665.266
377.486
223.517
141.729
98.4256
76.3506
66.7327
66.3173
74.8213
95.5967
136.892
216.548
370.335
660.787
1166.95
1870.86
1261.83
1271.57
1857.21
1158.51
658.146
373.549
221.375
140.456
97.5729
75.658
66.2159
65.7354
74.2268
94.7743
135.457
213.864
366.271
654.92
1156.53
1864.64
1254.21
1266.16
1849.77
1150.74
652.683
369.683
219.066
139.209
96.7919
75.0165
65.645
65.2207
73.6222
93.9544
134.251
211.782
361.797
647.085
1145.39
1856.69
1249.97
1261.57
1842.49
1142.4
645.943
365.748
216.874
137.808
95.9298
74.4027
65.0794
64.6418
73.0152
93.1963
133.026
209.315
357.679
640.876
1135.29
1849.03
1242.73
1256.13
1834.16
1132.18
639.256
361.705
214.59
136.626
95.1334
73.7256
64.5069
64.1126
72.4292
92.461
131.825
207.101
352.73
632.521
1124.93
1838.33
1236.08
1251.41
1826.17
1122.29
632.592
357.827
212.361
135.294
94.1976
73.0228
63.9057
63.5612
71.8636
91.6894
130.609
204.802
348.147
623.703
1113.24
1828.18
1229.08
1246.23
1817
1111.79
625.465
353.555
209.972
133.94
93.3363
72.3489
63.3258
63.0218
71.2814
90.9669
129.45
202.72
343.753
615.357
1103.61
1819.15
1222.73
1240.24
1807.26
1101.15
618.373
349.62
207.771
132.647
92.4168
71.6309
62.7058
62.4402
70.6618
90.1478
128.161
200.36
339.412
607.715
1093.78
1812.32
1217.2
1235.54
1797.92
1091.27
611.21
345.275
205.396
131.26
91.5361
70.9704
62.1525
61.9089
70.0634
89.4065
127.066
198.404
335.55
600.882
1084.49
1804.85
1211.85
1230.51
1790.58
1081.99
604.064
341.104
203.129
129.95
90.6517
70.2852
61.5456
61.3234
69.4345
88.6095
125.829
196.083
331.098
592.984
1075.02
1799.6
1207.91
1227.09
1787.37
1072.23
596.907
336.996
200.843
128.616
89.8011
69.6606
61.001
60.7708
68.8059
87.8414
124.718
194.104
327.082
585.808
1065.22
1794.33
1204.07
1221.41
1787.18
1063.52
590.226
332.985
198.701
127.344
88.927
68.9763
60.4016
60.1729
68.1459
87.0231
123.522
191.958
323.027
578.747
1055.98
1785.46
1201.6
1216.44
1785.14
1053.64
583.142
328.959
196.409
126.003
88.0532
68.3087
59.803
59.5675
67.4664
86.1814
122.298
189.877
319.027
571.848
1046.32
1776.27
1198.59
1210.79
1777.08
1043.98
576.294
324.93
194.209
124.687
87.136
67.5746
59.1378
58.8922
66.7344
85.3041
121.074
187.709
315.015
565.041
1037.69
1768.96
1195.86
1205.89
1757.89
1033.3
569.342
320.868
191.882
123.293
86.1945
66.828
58.4603
58.2156
65.9865
84.3888
119.779
185.613
311.067
558.132
1028.14
1760.93
1192.92
1201.02
1744.53
1023.26
562.357
316.768
189.603
121.898
85.1943
66.0154
57.7228
57.4728
65.183
83.4429
118.494
183.465
307.196
551.448
1019.47
1753.78
1189.14
1197.02
1735.31
1013.8
555.313
312.507
187.151
120.38
84.1437
65.1885
56.992
56.7523
64.3901
82.4741
117.162
181.36
303.39
544.868
1010.2
1745.59
1185.77
1193.4
1723.24
1003.39
547.874
308.157
184.658
118.824
83.0366
64.3079
56.2171
56.0032
63.5815
81.4958
115.829
179.221
299.55
538.021
1000.53
1736.43
1180.41
1189.78
1714.79
993.547
540.414
303.607
182.057
117.193
81.8829
63.4065
55.4399
55.2561
62.7755
80.5137
114.475
177.088
295.792
531.419
990.729
1727.44
1177.27
1185.42
1705.71
983.082
532.547
298.95
179.329
115.446
80.6455
62.4477
54.6262
54.4922
61.9665
79.5289
113.098
174.88
291.797
524.215
979.968
1715.81
1171.62
1179.5
1698.17
972.634
524.602
294.091
176.481
113.648
79.3905
61.4868
53.8127
53.7154
61.1226
78.495
111.692
172.71
287.998
517.365
969.512
1705.57
1168.53
1173.61
1688.97
961.579
516.359
289.144
173.534
111.745
78.0606
60.478
52.9672
52.9201
60.2702
77.4502
110.222
170.363
283.801
509.783
957.873
1692.72
1163.14
1166.94
1680.35
950.281
507.886
283.966
170.429
109.787
76.7272
59.4767
52.1237
52.1144
59.3958
76.3822
108.769
168.111
279.774
502.314
946.429
1682.58
1159.34
1160.67
1671.79
938.894
499.237
278.681
167.271
107.769
75.3412
58.4356
51.2496
51.2861
58.5034
75.2837
107.232
165.681
275.481
494.577
934.912
1672.18
1154.48
1153.98
1663.39
926.743
489.991
273.076
163.941
105.69
73.9469
57.4005
50.3783
50.4487
57.5937
74.182
105.741
163.358
271.247
486.664
922.976
1661.36
1148.8
1147.74
1655.19
914.825
480.824
267.474
160.597
103.566
72.4988
56.3216
49.4772
49.5908
56.6557
73.0106
104.107
160.82
266.842
478.825
911.577
1652.16
1144.01
1140.69
1647.53
902.296
471.003
261.505
157.043
101.349
71.0152
55.2225
48.555
48.707
55.6916
71.8274
102.486
158.299
262.33
470.576
899.464
1642.07
1137.94
1132.92
1639.61
888.975
460.839
255.4
153.438
99.0851
69.4871
54.0935
47.616
47.8072
54.6917
70.5576
100.705
155.552
257.649
462.446
888.012
1634.28
1132.96
1124.3
1631.53
874.574
449.989
248.958
149.621
96.6979
67.888
52.9127
46.6303
46.8629
53.6492
69.2481
98.8798
152.749
252.788
453.697
875.388
1625.07
1127.24
1113.13
1621.58
859.037
438.744
242.375
145.755
94.2791
66.2604
51.7099
45.6247
45.8892
52.5547
67.8424
96.8875
149.696
247.7
444.952
863.403
1618.18
1120.98
1100.42
1611.35
842.523
426.841
235.447
141.68
91.7272
64.5444
50.4442
44.5683
44.8693
51.4114
66.3798
94.8082
146.477
242.205
435.254
849.846
1609.97
1115.02
1085.16
1598.4
824.514
414.577
228.44
137.562
89.1402
62.8079
49.1639
43.492
43.8116
50.1971
64.7899
92.5127
142.909
236.263
425.082
835.794
1602.74
1105.58
1068.57
1584.99
805.605
401.672
221.033
133.207
86.4111
60.9789
47.8216
42.3694
42.7093
48.9261
63.111
90.0625
139.08
229.894
414.136
820.3
1593.55
1096.46
1049.99
1568.45
785.123
388.597
213.672
128.837
83.6513
59.13
46.4618
41.2202
41.5631
47.5801
61.305
87.3934
134.894
223.002
402.307
803.212
1583.86
1083.21
1030.47
1550.93
763.897
375.007
205.924
124.236
80.765
57.2067
45.0543
40.0348
40.3796
46.1823
59.4136
84.5823
130.479
215.71
389.661
784.279
1571.4
1068.88
1009.67
1530.03
741.327
361.296
198.232
119.603
77.8281
55.2454
43.6138
38.8129
39.1492
44.7172
57.413
81.5882
125.755
207.89
376.076
763.648
1557.08
1050.99
988.117
1507.9
717.74
346.924
190.07
114.713
74.7611
53.2105
42.123
37.5496
37.8763
43.1973
55.3316
78.4601
120.768
199.54
361.443
740.62
1539.63
1030.52
965.528
1482.4
692.519
332.149
181.764
109.732
71.6216
51.1114
40.5788
36.237
36.5485
41.6029
53.1333
75.1403
115.466
190.658
345.893
715.744
1519.76
1007.85
941.7
1454.11
666.131
316.792
173.037
104.464
68.3103
48.9184
38.9768
34.88
35.1755
39.9495
50.8398
71.644
109.845
181.274
329.411
688.389
1494.94
981.747
917.146
1422.32
638.295
300.833
163.927
98.9011
64.8187
46.6254
37.3081
33.466
33.7417
38.2172
48.4278
67.9552
103.903
171.348
312.049
659.296
1466.59
954.16
890.665
1386.28
608.75
284.204
154.394
93.2161
61.3034
44.3022
35.6052
32.0179
32.2699
36.4328
45.9284
64.1018
97.6537
160.899
293.7
627.393
1431.89
922.089
862.885
1345.72
577.502
266.923
144.499
87.1797
57.5413
41.8481
33.8275
30.5154
30.7465
34.5877
43.3454
60.1153
91.1644
150.02
274.58
593.414
1391.49
887.722
832.299
1299.29
544.178
248.897
134.281
81.1609
53.8564
39.4209
32.0453
28.9969
29.2009
32.7092
40.7043
56.0223
84.4769
138.757
254.61
556.633
1343.21
848.747
799.572
1246.91
508.878
230.259
123.81
74.9023
49.9916
36.8963
30.2143
27.4518
27.6378
30.8161
38.0432
51.8811
77.6705
127.249
234.043
517.455
1286.16
805.097
763.529
1187.93
471.663
211.045
113.179
68.71
46.2193
34.4256
28.4089
25.9206
26.086
28.9388
35.4116
47.7942
70.9325
115.726
213.116
476.314
1220.45
757.977
725.236
1122.72
433.195
191.661
102.579
62.5159
42.4323
31.9562
26.6189
24.4123
24.5639
27.0999
32.8343
43.7823
64.2756
104.218
191.882
433.094
1145.13
706.122
683.619
1051.26
393.742
172.139
92.0283
56.4683
38.7885
29.5909
24.9034
22.9649
23.1026
25.337
30.3711
39.9581
57.9237
93.1447
171.161
389.638
1062.69
652.106
641.103
975.41
354.319
153.068
81.874
50.7001
35.3235
27.3485
23.2834
21.603
21.7289
23.6784
28.0526
36.3578
51.9231
82.5981
151.213
346.773
974.363
597.559
597.138
895.066
315.324
134.822
72.3135
45.3338
32.129
25.2906
21.7997
20.3562
20.4706
22.1588
25.9324
33.0758
46.4565
72.9446
132.809
306.431
885.056
547.425
554.343
812.534
278.042
117.935
63.6479
40.5311
29.2853
23.4623
20.4835
19.2502
19.3507
20.7985
24.0261
30.1227
41.5462
64.2595
116.07
268.772
796.055
501.311
511.727
729.129
242.914
102.677
56.0199
36.3524
26.8223
21.8827
19.3487
18.2974
18.3854
19.6255
22.3838
27.5807
37.3144
56.7571
101.545
235.38
712.055
464.217
473.282
648.688
211.21
89.4122
49.543
32.8663
24.786
20.5796
18.4111
17.5069
17.5785
18.6374
20.9958
25.4373
33.7547
50.3981
88.9726
205.574
632.445
431.978
438.228
572.5
183.236
78.3689
44.3456
30.0989
23.1641
19.5355
17.6567
16.8691
16.9251
17.8345
19.8655
23.6914
30.8587
45.2435
78.7617
180.702
561.752
408.295
410.768
504.372
160.189
69.6351
40.2916
27.954
21.9096
18.7271
17.0709
16.3711
16.4112
17.199
18.9699
22.3133
28.5799
41.1508
70.4244
159.55
498.627
391.805
390.71
444.665
141.428
63.0426
37.3598
26.4074
20.9881
18.1202
16.6249
15.9895
16.0157
16.7079
18.2772
21.2505
26.8285
38.0133
63.973
142.4
444.102
382.328
378.771
394.072
126.716
58.1062
35.1646
25.2277
20.2736
17.6477
16.2802
15.6975
15.7135
16.3312
17.7463
20.4443
25.5163
35.6457
58.877
127.89
395.462
375.581
372.448
352.635
115.46
54.5934
33.6011
24.3585
19.7299
17.2823
16.014
15.4741
15.4818
16.0382
17.3279
19.8069
24.4895
33.8382
55.0497
116.389
354.423
371.649
369.697
316.267
106.067
51.7308
32.2972
23.6112
19.2567
16.9682
15.7932
15.2961
15.3002
15.8062
16.9929
19.2993
23.6822
32.4149
51.9308
106.492
317.397
369.838
369.052
286.688
99.3495
49.5727
31.2165
22.957
18.8355
16.6924
15.6062
15.1512
15.1523
15.6098
16.6981
18.8445
22.9718
31.2491
49.6536
99.5585
287.393
369.161
370.112
259.256
92.9548
47.3056
30.0742
22.2808
18.414
16.428
15.4376
15.0286
15.0296
15.4411
16.4345
18.4253
22.2984
30.0983
47.3268
92.9377
259.265
370.183
374.562
236.526
87.8047
45.3541
29.0215
21.6361
18.0104
16.1803
15.2867
14.9243
14.9245
15.2877
16.182
18.0141
21.6454
29.0484
45.4323
87.9905
236.824
374.331
378.669
215.633
82.7919
43.3185
27.9046
20.9615
17.6003
15.9395
15.1492
14.8362
14.8368
15.1513
15.9436
17.6076
20.9735
27.9218
43.3344
82.7745
215.547
378.057
384.427
198.58
78.599
41.4238
26.8117
20.2957
17.2012
15.713
15.0275
14.7638
14.7642
15.0288
15.7155
17.2057
20.3059
26.8369
41.4912
78.7646
198.897
384.782
392.234
184.286
74.6973
39.5055
25.6867
19.6196
16.8082
15.501
14.9229
14.7085
14.7092
14.9249
15.5047
16.8133
19.6256
25.6899
39.493
74.6248
184.01
391.764
400.609
172.31
71.0607
37.5506
24.5254
18.9349
16.4251
15.3062
14.8362
14.6704
14.6712
14.8382
15.3105
16.4321
18.9476
24.5504
37.6055
71.1798
172.447
400.574
409.974
162.179
67.4992
35.5297
23.3354
18.2549
16.0631
15.1361
14.7704
14.6527
14.6533
14.7721
15.1391
16.067
18.2585
23.3371
35.5287
67.5063
162.238
409.853
419.759
154.199
64.0477
33.4152
22.098
17.5745
15.7228
14.9907
14.725
14.6466
14.6473
14.7272
14.9946
15.7288
17.5822
22.1086
33.4305
64.0574
154.124
419.825
430.308
146.627
60.1266
31.0604
20.7925
16.9037
15.4159
14.8753
14.703
14.6511
14.6516
14.7044
14.8789
15.4212
16.91
20.8011
31.0788
60.1816
146.753
430.073
439.918
140.158
56.0127
28.576
19.4786
16.2777
15.1601
14.799
14.697
14.669
14.6694
14.6985
14.8031
15.1646
16.282
19.4802
28.5717
55.9921
140.102
440.231
449.652
132.458
50.8017
25.7321
18.123
15.7016
14.9593
14.7616
14.7055
14.6935
14.6937
14.7062
14.7638
14.9636
15.7109
18.1328
25.7519
50.862
132.549
449.385
457.044
123.164
44.638
22.7376
16.8729
15.2497
14.8466
14.7522
14.7299
14.7262
14.7263
14.7304
14.7562
14.8651
15.2609
16.8655
22.7196
44.6199
123.108
457.338
464.008
108.541
36.3829
19.4681
15.7698
14.9909
14.809
14.7661
14.761
14.7609
14.7609
14.7607
14.765
14.8007
14.9598
15.7446
19.4491
36.4739
108.602
463.828
468.45
83.778
26.254
16.5563
15.0924
14.8408
14.7988
14.797
14.7983
14.7987
14.7987
14.7984
14.7972
14.8018
14.8651
15.1803
16.7756
26.5073
83.6828
468.667
473.374
41.5967
17.6506
15.3392
14.9128
14.84
14.8367
14.8367
14.8364
14.8362
14.8361
14.8361
14.8353
14.8301
14.8119
14.7204
14.715
16.5861
41.5922
473.288
781.878
1130.3
770.553
490.373
298.634
182.475
116.177
80.9914
63.2252
55.7614
55.4492
62.1753
78.7236
112.757
177.836
297.502
490.901
775.343
1138.05
773.042
777.813
1129.07
767.044
486.835
295.064
180.804
115.198
80.4714
62.8881
55.5029
54.9041
61.3426
77.969
111.598
175.089
294.32
486.59
772.065
1136.88
770.811
777.12
1128.56
762.83
481.135
290.628
179.498
113.309
80.0043
62.219
55.0142
54.881
61.3637
76.7818
110.671
172.237
289.025
481.198
766.292
1135.59
769.296
777.364
1128.25
763.886
483.215
291.855
176.995
114.148
79.1566
62.557
55.2601
54.7586
61.3828
76.7521
108.92
171.31
288.987
481.419
767.126
1135.45
765.543
777.602
1126.66
765.042
484.354
293.182
178.099
113.52
79.2504
62.3128
54.7535
54.5568
60.8267
76.9423
108.421
170.095
286.356
481.472
767.096
1134.73
763.991
776.778
1128.57
760.406
482.238
289.318
176.78
112.728
78.727
62.0908
54.6795
54.4436
61.048
76.0152
107.539
168.62
285.646
478.901
765.122
1133.91
761.53
773.461
1127.94
763.504
476.843
290.308
175.317
111.697
77.6906
61.7735
54.4188
54.2197
60.5284
76.4047
107.053
169.169
283.225
476.169
763.013
1133.09
758.089
773.79
1125.55
761.618
475.339
285.393
171.754
109.734
77.5183
61.5833
54.315
54.0586
60.4144
75.4983
105.794
167.613
277.428
469.712
760.859
1132.62
756.907
772.172
1126.44
759.857
472.512
285.434
172.939
110.448
77.8013
61.3628
53.908
53.9611
60.4855
75.6931
105.749
164.69
275.65
469.352
756.531
1132.17
755.607
771.222
1127.63
757.608
470.15
283.006
169.265
109.465
77.2751
60.6925
53.8654
53.9919
60.2672
74.8431
106.318
164.468
272.637
468.458
757.314
1130.95
754.87
771.267
1127.17
755.435
469.308
277.574
168.03
107.575
76.1126
60.482
53.9461
53.8195
59.7289
75.0947
105.817
164.803
271.866
466.062
751.819
1134.52
754.933
769.995
1126.13
750.275
466.633
275.335
167.33
107.135
75.7855
60.1506
53.8107
53.6185
59.661
74.049
104.002
163.639
270.183
460.754
751.613
1134.76
755.962
766.13
1125.21
750.024
463.74
272.711
165.781
105.388
74.9192
59.9272
53.605
53.4031
59.4211
73.8772
103.99
160.7
271.737
460.468
750.404
1134.98
758.308
765.316
1124.32
747.492
457.582
270.063
164.145
104.726
74.5103
59.4
53.0676
53.0959
59.1034
73.4164
103.338
160.368
266.644
455.225
749.381
1133.31
755.492
764.425
1122.33
741.543
454.493
267.93
162.714
103.792
73.9594
59.0745
52.8951
52.6899
58.8282
72.8976
101.526
157.782
268.085
454.351
747.657
1134.96
758.195
762.692
1123.55
739.265
449.708
265.093
159.485
102.639
73.3535
58.5924
52.6193
52.5149
58.5365
72.5724
101.114
156.937
265.435
449.872
747.857
1132.07
754.194
758.898
1122.68
734.972
445.997
262.328
157.12
101.545
72.8185
58.2456
52.3416
52.2644
58.2522
71.8178
100.166
155.182
262.839
447.755
744.268
1133.02
753.683
757.875
1121.85
731.867
441.643
259.636
155.528
100.514
71.9202
57.8962
52.0304
51.9691
57.7211
71.5441
99.1616
152.946
258.209
444.683
743.046
1133.62
751.583
755.854
1120.68
728.522
438.442
256.681
153.506
99.3947
71.3021
57.4711
51.703
51.6693
57.3308
70.904
97.9486
151.545
255.974
441.27
736.935
1130.71
749.929
753.74
1117.85
725.221
434.864
253.159
151.817
98.1786
70.7773
57.1637
51.4675
51.4819
57.0182
70.3434
97.074
149.536
252.37
438.152
734.438
1133.26
747.62
753.772
1119.65
722.491
431.802
250.985
149.956
97.2623
70.2344
56.8288
51.2317
51.2605
56.6168
69.5925
95.8596
147.75
249.395
434.327
729.88
1132.41
745.294
753.572
1116.93
719.648
429.136
248.046
147.934
96.1533
69.7697
56.6016
51.0711
51.0835
56.3406
69.0826
94.8404
146.03
246.626
429.987
726.297
1131.45
742.64
751.983
1118.44
716.658
426.164
246.179
146.557
95.527
69.3624
56.3417
50.8912
50.8259
55.9806
68.3933
93.5722
144.144
244.122
425.66
722.948
1129.01
739.862
747.501
1115.28
712.154
423.142
245.068
145.162
94.6295
68.9596
56.1527
50.7861
50.5956
55.6663
67.9561
92.8373
142.576
241.002
421.935
718.536
1129.87
737.262
744.871
1116.01
707.357
419.493
242.22
143.476
93.8815
68.6552
56.0168
50.6488
50.3799
55.2468
67.329
91.7783
140.791
238.198
417.91
714.743
1129.05
734.678
742.71
1112.76
703.378
416.027
238.82
141.822
93.0951
68.513
55.8334
50.4873
50.1254
54.9402
66.8163
90.9009
139.104
235.619
414.279
712.107
1128.28
731.826
739.936
1114
700.246
411.645
235.565
140.143
92.2903
68.0238
55.4946
50.192
49.8273
54.5731
66.2988
90.0819
137.538
232.297
409.652
708.925
1127.74
730.04
737.116
1110.44
696.131
407.217
231.618
138.444
91.4364
67.3801
55.1281
49.7952
49.4988
54.2075
65.8069
89.2009
135.795
229.11
405.132
706.377
1125.32
728.039
733.626
1110.79
692.451
402.464
229.071
137.05
90.6446
66.9026
54.7701
49.455
49.1716
53.8582
65.3394
88.4622
134.318
226.1
401.605
702.594
1125.41
726.527
729.778
1108.75
687.792
397.069
226
135.452
89.8278
66.3548
54.309
49.1124
48.8712
53.5051
64.8061
87.5824
132.78
223.451
396.993
698.905
1121.46
724.357
727.154
1106.13
683.903
393.601
223.437
133.988
88.9286
65.7602
53.8988
48.8074
48.5536
53.1282
64.2999
86.7499
131.22
220.269
392.656
693.344
1119.73
721.925
723.286
1100.28
679.214
388.929
220.518
132.494
88.0889
65.2164
53.5308
48.4999
48.2731
52.782
63.7666
85.8637
129.656
217.684
388.297
688.109
1117.4
719.252
719.977
1100.09
674.68
384.5
217.96
131.077
87.2174
64.6416
53.1325
48.1498
47.9091
52.3802
63.2369
85.0071
128.143
214.929
384.292
683.69
1114.92
716.373
715.452
1098.56
670.293
380.447
215.206
129.581
86.4217
64.1845
52.7899
47.8395
47.5844
51.9797
62.681
84.1182
126.511
211.878
379.574
677.864
1111.99
713.281
711.989
1099.14
666.105
376.256
212.632
128.078
85.4814
63.5708
52.368
47.4871
47.23
51.573
62.133
83.2581
124.99
209.074
375.129
672.682
1110
709.634
708.56
1098.73
661.813
372.061
209.805
126.553
84.6471
63.06
52.0185
47.1949
46.9291
51.1913
61.5848
82.3513
123.359
206.23
370.366
667.52
1107.82
706.519
705.734
1096.77
657.342
367.731
207.029
124.964
83.6965
62.4531
51.5698
46.8278
46.5941
50.8115
61.0586
81.5083
121.791
203.134
365.677
662.312
1105.84
702.723
702.899
1092.33
652.655
363.244
204.131
123.438
82.8558
61.9193
51.1955
46.5084
46.2628
50.4253
60.5225
80.625
120.22
200.403
361.255
657.528
1104.06
699.236
700.43
1092.51
648.392
359.172
201.413
121.905
81.9635
61.3494
50.7807
46.1662
45.936
50.0483
60.014
79.8212
118.68
197.343
356.516
652.93
1104.33
696.291
698.746
1088.68
643.983
354.911
198.713
120.414
81.1372
60.8265
50.395
45.8317
45.5943
49.6596
59.4894
78.9729
117.183
194.633
352.051
647.998
1105.88
693.771
696.52
1089.82
639.523
350.609
195.943
118.878
80.2678
60.2757
49.9907
45.4817
45.2529
49.279
58.9942
78.1876
115.709
191.77
347.414
643.154
1101.34
691.826
694.654
1086.88
634.604
346.149
193.168
117.397
79.4354
59.7404
49.5825
45.126
44.8975
48.8733
58.4561
77.3465
114.239
189.021
342.86
638.051
1102.16
689.455
692.132
1080.88
629.354
341.869
190.575
115.943
78.5903
59.1724
49.1506
44.7551
44.5382
48.4757
57.935
76.5376
112.774
186.212
338.08
632.249
1096.01
686.664
689.319
1078.36
623.869
337.088
187.727
114.432
77.7332
58.624
48.7278
44.3845
44.1719
48.0577
57.3808
75.6994
111.32
183.473
333.414
626.416
1091.92
683.35
685.849
1072.67
617.95
332.635
185.121
112.987
76.8586
58.0267
48.2714
43.991
43.7897
47.6379
56.8397
74.8862
109.867
180.659
328.488
620.311
1088.75
680.108
681.358
1069.09
611.711
327.739
182.262
111.45
75.984
57.451
47.8332
43.6113
43.4143
47.2117
56.2863
74.0377
108.366
177.856
323.573
613.736
1083.8
675.622
677.583
1064.43
605.878
323.234
179.599
109.963
75.0981
56.8535
47.3714
43.2098
43.027
46.785
55.7435
73.2254
106.904
174.979
318.314
606.567
1078.43
670.328
673.166
1059.48
599.326
318.251
176.735
108.415
74.1978
56.2542
46.9079
42.8057
42.635
46.3551
55.1798
72.3554
105.388
172.125
313.13
599.194
1072.86
664.202
668.565
1056.12
593.227
313.511
173.976
106.887
73.282
55.6201
46.4223
42.3891
42.2317
45.9131
54.6217
71.5165
103.897
169.198
307.737
591.689
1067.49
659.013
664.611
1051.58
586.533
308.458
171.041
105.288
72.3272
54.9662
45.914
41.9559
41.8173
45.4565
54.0392
70.6448
102.371
166.289
302.385
583.957
1061.13
652.337
659.394
1047.3
579.668
303.27
168.092
103.667
71.3505
54.305
45.4079
41.5162
41.3918
44.9991
53.47
69.7848
100.867
163.445
297.17
576.524
1055.64
646.211
654.434
1042.29
572.599
298.011
165.03
101.974
70.3268
53.6038
44.864
41.0499
40.9491
44.514
52.8553
68.8817
99.3082
160.5
291.814
569.061
1050.01
641.124
649.089
1037.31
565.418
292.581
161.917
100.242
69.2848
52.8929
44.3173
40.5781
40.4896
44.0106
52.2298
67.9862
97.7946
157.652
286.546
561.51
1044.88
636.02
644.615
1032.21
558.152
287.116
158.711
98.4332
68.1741
52.1338
43.7408
40.0818
40.0123
43.4893
51.5724
67.0401
96.228
154.719
281.145
553.82
1038.95
630.641
639.274
1027.03
550.522
281.39
155.398
96.581
67.0311
51.3503
43.1461
39.5701
39.5174
42.9486
50.9005
66.0813
94.6675
151.881
275.917
546.442
1033.97
626.72
635.484
1022.33
542.975
275.669
152.023
94.6265
65.8561
50.5474
42.5251
39.0353
38.9936
42.3737
50.1904
65.0719
93.0302
148.892
270.375
538.514
1028.09
621.691
630.821
1017.57
534.918
269.588
148.483
92.6044
64.615
49.7112
41.883
38.4759
38.4472
41.7739
49.4405
64.022
91.4094
145.958
264.975
530.987
1023.47
618.254
626.702
1012.91
526.523
263.329
144.858
90.5307
63.3175
48.8229
41.2059
37.8934
37.877
41.1445
48.6611
62.9261
89.6626
142.806
259.279
522.984
1018.22
614.092
621.251
1007.62
517.433
256.71
141.069
88.3809
61.9806
47.9065
40.5043
37.2891
37.2851
40.4887
47.8425
61.7727
87.8371
139.562
253.395
514.552
1013.18
609.76
615.824
1001.98
507.527
249.657
137.092
86.1191
60.5871
46.9522
39.7699
36.6512
36.6577
39.7873
46.9629
60.5473
85.8964
136.142
247.229
505.538
1007.48
604.473
608.27
994.787
496.478
242.154
132.971
83.7912
59.128
45.9538
39.0053
35.9847
35.9943
39.0374
46.0309
59.263
83.8701
132.586
240.805
496.022
1001.48
599.234
600.13
986.523
484.552
234.23
128.65
81.3482
57.616
44.9004
38.1881
35.2705
35.2911
38.2542
45.0463
57.8977
81.7337
128.837
233.971
485.641
994.409
592.512
589.805
976.259
471.132
225.703
124.089
78.781
56.0101
43.7923
37.3309
34.5153
34.5403
37.4125
43.9924
56.426
79.46
124.926
226.756
474.432
986.436
585.401
578.332
964.056
456.56
216.795
119.354
76.0944
54.3298
42.6221
36.4116
33.7073
33.7407
36.5265
42.8823
54.8578
77.0381
120.778
219.007
462.046
976.899
576.391
564.66
949.055
440.711
207.46
114.426
73.2802
52.5585
41.3759
35.437
32.8529
32.8911
35.573
41.6808
53.1806
74.4622
116.359
210.773
448.394
965.585
566.155
549.804
931.287
423.888
197.95
109.422
70.3718
50.6926
40.0647
34.4098
31.9442
31.9821
34.5543
40.4137
51.416
71.7321
111.688
201.967
433.328
951.746
554
533.651
910.638
406.069
188.186
104.323
67.3955
48.7522
38.6698
33.3076
30.9709
31.0131
33.471
39.0511
49.5102
68.8001
106.682
192.57
416.589
934.502
539.616
516.449
886.765
387.39
178.307
99.1733
64.351
46.7376
37.2215
32.1524
29.9462
29.9926
32.3209
37.6054
47.5136
65.7482
101.473
182.682
398.302
913.38
523.174
498.782
859.616
367.861
168.246
93.9102
61.2277
44.6546
35.7028
30.9342
28.8621
28.9131
31.1115
36.0895
45.4032
62.4973
95.955
172.224
378.152
887.025
503.587
479.581
828.616
347.485
158.105
88.5342
57.9983
42.5126
34.14
29.6777
27.7421
27.7949
29.8556
34.5123
43.2105
59.1402
90.2908
161.401
356.504
856.021
482.054
460.576
794.484
326.602
147.957
83.0765
54.6967
40.3237
32.5401
28.386
26.5834
26.636
28.5601
32.8891
40.9423
55.6593
84.4218
150.151
333.154
819.044
457.482
440.03
756.702
304.912
137.673
77.5778
51.3647
38.1076
30.9175
27.0753
25.4091
25.4605
27.2411
31.2317
38.6426
52.1743
78.5744
138.926
309.2
777.815
432.664
420.729
716.83
283.308
127.57
72.2224
48.1239
35.9312
29.3165
25.778
24.239
24.2855
25.9254
29.588
36.3625
48.6885
72.72
127.646
284.482
731.693
406.684
401.668
674.595
261.744
117.663
66.9501
44.9362
33.8
27.7474
24.5045
23.0924
23.1353
24.6381
27.9818
34.145
45.3359
67.1249
116.901
260.502
683.509
382.885
383.343
630.712
240.51
108.123
61.9384
41.92
31.7826
26.2612
23.2963
22.002
22.0387
23.4102
26.4585
32.0521
42.1638
61.8101
106.69
237.321
633.753
360.9
366.875
586.606
220.095
99.0876
57.2259
39.0845
29.8902
24.8694
22.1644
20.9818
21.0165
22.2702
25.0465
30.1215
39.2718
57.0121
97.4883
215.986
585.288
343.65
350.611
541.598
200.259
90.6341
52.9141
36.5222
28.1845
23.6131
21.1428
20.0617
20.095
21.2439
23.7782
28.3889
36.6794
52.7177
89.219
196.419
538.329
330.021
336.977
498.048
182.104
83.0681
49.0936
34.2599
26.6791
22.5093
20.2498
19.2584
19.2874
20.3382
22.6598
26.8837
34.4562
49.0489
82.1596
179.308
494.692
321.702
324.631
455.688
165.455
76.4144
45.8156
32.3493
25.4126
21.5752
19.4894
18.5728
18.5992
19.5691
21.7089
25.5939
32.551
45.9308
76.1213
164.217
454.119
317.437
315.229
416.376
150.972
70.8668
43.1203
30.7694
24.3588
20.7971
18.8557
17.9993
18.0201
18.9195
20.909
24.5222
30.9812
43.3523
71.033
150.946
416.622
316.097
309.481
380.71
138.618
66.3392
40.9513
29.4964
23.5027
20.1585
18.331
17.5224
17.5381
18.3794
20.2442
23.6322
29.6813
41.2143
66.7127
139.18
381.913
309.39
306.75
347.984
127.855
62.5983
39.1977
28.461
22.7974
19.6274
17.8928
17.1232
17.1337
17.9255
19.6876
22.8937
28.6105
39.4346
62.9863
128.55
349.494
307.073
303.604
319.282
118.918
59.5907
37.7779
27.6035
22.2013
19.1733
17.517
16.7812
16.7872
17.5353
19.2071
22.2558
27.6886
37.9075
59.7873
119.301
320.351
303.2
303.224
292.789
110.722
56.8898
36.5
26.8266
21.659
18.762
17.1808
16.479
16.4822
17.1906
18.7805
21.6906
26.8796
36.588
57.0269
110.946
293.395
303.229
303.091
269.391
103.767
54.5955
35.3494
26.0958
21.1435
18.3753
16.8702
16.204
16.2054
16.8744
18.3827
21.156
26.1158
35.38
54.6296
103.786
269.551
303.141
307.701
247.415
97.4421
52.3928
34.1945
25.3542
20.6258
17.9956
16.5745
15.9484
15.9492
16.5772
18.0007
20.6357
25.3734
34.2343
52.4743
97.6032
247.602
307.249
310.562
227.664
92.337
50.4249
33.0818
24.6184
20.1112
17.6244
16.2924
15.7096
15.7099
16.2939
17.6272
20.1167
24.6276
33.0985
50.4603
92.4169
227.931
310.797
317.91
210.575
87.8615
48.5098
31.9401
23.8551
19.5841
17.2541
16.0209
15.4863
15.4865
16.022
17.2563
19.5891
23.8653
31.9597
48.5436
87.9053
210.621
317.884
325.897
195.891
83.8809
46.6388
30.7767
23.0744
19.0523
16.8905
15.7642
15.2821
15.2821
15.7648
16.8917
19.0552
23.0813
30.792
46.6715
83.9362
195.942
325.686
336.291
183.55
80.3611
44.7806
29.5674
22.2607
18.5084
16.5318
15.5234
15.099
15.0992
15.524
16.5331
18.5108
22.2657
29.5774
44.8017
80.4058
183.661
336.472
348.14
173.431
77.0735
42.8425
28.2899
21.4159
17.9606
16.186
15.3049
14.9423
14.9424
15.3054
16.1871
17.9625
21.4199
28.2974
42.8546
77.0824
173.386
348.024
361.521
165.04
73.8966
40.8016
26.9345
20.5367
17.4099
15.8561
15.1118
14.8145
14.8147
15.1124
15.8573
17.4122
20.5415
26.945
40.8238
73.9387
165.082
361.448
375.989
158.411
70.7091
38.5954
25.4859
19.6279
16.8661
15.5509
14.9505
14.7195
14.7196
14.9507
15.5511
16.8661
19.6276
25.4853
38.5953
70.7149
158.45
376.106
391.835
152.749
67.1652
36.0958
23.9069
18.6847
16.3342
15.2764
14.8245
14.6671
14.6675
14.8255
15.2775
16.3361
18.6882
23.9145
36.1112
67.185
152.71
391.637
407.394
147.531
63.094
33.3074
22.2309
17.7394
15.8397
15.0473
14.74
14.6449
14.6449
14.7396
15.0471
15.8392
17.7381
22.229
33.3065
63.1049
147.593
407.593
423.298
141.737
58.0162
30.0794
20.4392
16.8089
15.4013
14.8744
14.7031
14.6428
14.6431
14.7039
14.8766
15.4029
16.8112
20.4437
30.0878
58.0269
141.684
423.07
437.524
133.835
51.5354
26.43
18.6184
15.9647
15.06
14.787
14.6968
14.671
14.671
14.6966
14.7865
15.0599
15.9648
18.6177
26.4284
51.5401
133.876
437.709
449.957
120.311
42.7137
22.2997
16.8636
15.318
14.8859
14.7617
14.7234
14.7158
14.7159
14.7241
14.7637
14.89
15.3237
16.8688
22.3046
42.7198
120.292
449.812
462.02
95.6606
31.1618
17.9668
15.4613
14.9192
14.8078
14.7723
14.7686
14.7693
14.7693
14.7688
14.7728
14.8094
14.9201
15.462
17.9646
31.1605
95.633
462.093
470.781
47.4489
18.3162
15.5743
14.9939
14.8542
14.8219
14.8249
14.8267
14.827
14.827
14.8266
14.8248
14.8221
14.8543
14.9935
15.5703
18.2996
47.4413
470.739
267.97
360.675
240.059
158.584
105.733
72.8239
53.1639
41.8851
35.85
33.3095
33.4772
36.3263
42.6062
53.9899
73.4634
105.761
157.666
238.073
357.936
266.911
267.778
360.541
239.843
158.292
105.465
72.6387
53.0545
41.8302
35.8256
33.2958
33.4636
36.2904
42.5394
53.871
73.2698
105.497
157.421
237.907
357.87
266.746
267.719
360.483
239.334
157.542
104.783
72.1526
52.758
41.6778
35.7638
33.2671
33.4282
36.2225
42.3905
53.5817
72.8317
104.796
157.167
237.709
357.835
266.748
267.518
360.408
239.571
157.96
105.212
72.5026
52.9687
41.7726
35.7904
33.2627
33.4159
36.2259
42.4689
53.7816
73.1679
105.236
156.494
237.026
357.554
266.672
267.323
360.216
238.96
157.133
104.473
72.0461
52.6997
41.7085
35.7256
33.2405
33.3965
36.1819
42.3292
53.6622
73.0066
104.675
156.743
237.354
357.781
266.624
267.018
360.127
238.868
157.098
104.5
72.2689
52.8358
41.698
35.718
33.221
33.3702
36.1702
42.3319
53.5463
72.8917
104.735
157.085
237.663
358.013
266.703
266.847
359.985
238.694
156.956
104.404
72.1856
52.7688
41.6488
35.6844
33.1942
33.3425
36.1066
42.1969
53.3146
72.4677
104.621
156.918
237.287
357.931
266.61
266.698
359.858
238.668
157.141
104.545
72.0672
52.6657
41.6051
35.6771
33.1716
33.3136
36.0675
42.1775
53.2515
72.6577
104.779
156.702
237.697
358.276
266.72
266.545
359.73
237.911
156.85
104.263
71.9237
52.4633
41.5359
35.6146
33.1327
33.2799
36.0361
42.155
53.3447
72.4944
104.125
155.952
237.556
358.122
266.687
266.385
359.639
237.85
156.509
103.743
71.7289
52.5178
41.4954
35.5834
33.0993
33.2535
35.9971
42.0584
53.0745
72.3159
104.62
156.582
237.499
358.248
266.666
266.297
359.513
237.646
156.329
103.314
71.5332
52.3532
41.4127
35.5458
33.0661
33.2195
35.9739
42.1007
53.159
71.7458
104.38
156.32
236.988
358.257
266.614
266.116
359.426
237.494
155.645
103.196
71.1173
51.9955
41.2358
35.4821
33.0453
33.1944
35.9258
42.0356
53.1169
71.9879
104.203
156.122
237.289
358.461
266.563
265.919
359.335
237.373
155.906
103.089
71.0813
51.9897
41.261
35.4602
33.0172
33.1552
35.8715
41.8795
52.855
72.0495
103.9
155.305
237.057
358.608
266.366
265.684
359.202
236.789
155.229
103.006
70.9809
51.8977
41.165
35.4199
32.9829
33.1161
35.8037
41.7814
52.6945
71.5494
103.215
155.435
236.836
358.455
266.256
265.492
359.097
236.89
155.351
103.181
71.0148
51.8645
41.1459
35.3912
32.9557
33.0799
35.7331
41.6179
52.4877
71.4598
103.401
155.107
236.603
358.578
266.029
265.345
359.014
236.816
154.995
102.896
70.809
51.6846
41.0755
35.3436
32.9225
33.0352
35.6618
41.5327
52.3438
71.3108
102.681
154.53
235.944
358.506
265.943
265.103
358.877
236.496
154.555
102.146
70.2893
51.5382
40.9441
35.3045
32.8891
32.9936
35.6085
41.4319
52.1846
70.8705
102.486
154.126
235.875
358.492
265.793
264.957
358.755
235.757
153.626
102.042
70.1744
51.4223
40.8907
35.2589
32.8564
32.9556
35.5514
41.3576
52.0625
70.7441
102.146
153.796
235.774
358.481
265.61
264.801
358.633
235.52
153.224
101.34
69.8996
51.2656
40.7983
35.2103
32.8268
32.9258
35.5026
41.266
51.8876
70.3677
101.98
153.359
235.023
358.435
265.36
264.622
358.432
234.926
152.627
101.016
69.7772
51.1366
40.7347
35.1722
32.795
32.888
35.4484
41.1691
51.7334
70.2201
101.648
152.962
234.956
358.321
265.198
264.394
358.236
234.54
152.142
100.561
69.3281
50.9967
40.7118
35.142
32.7695
32.8558
35.4002
41.0834
51.5122
69.8301
100.836
152.442
234.548
358.273
264.974
264.174
358.036
233.929
151.792
100.154
69.1161
50.9124
40.6517
35.1113
32.7421
32.8193
35.3426
40.9753
51.3344
69.5084
100.408
151.925
234.206
358.214
264.806
263.962
357.953
233.576
151.26
99.7187
68.6893
50.7532
40.5346
35.0649
32.7153
32.7846
35.2691
40.8389
51.0918
69.1177
99.9761
151.333
233.796
358.158
264.542
263.739
357.879
233.087
150.632
99.3331
68.4291
50.5822
40.4635
35.0365
32.69
32.7457
35.2085
40.7398
50.9279
68.838
99.4523
150.715
233.318
358.057
264.216
263.421
357.871
232.632
150.129
98.7479
68.0519
50.4113
40.374
34.9931
32.6607
32.7076
35.1388
40.6202
50.7223
68.4984
98.9532
150.077
232.807
357.912
263.865
263.151
357.753
232.177
149.575
98.2883
67.7589
50.2335
40.2856
34.9586
32.6426
32.6824
35.084
40.5236
50.5606
68.1671
98.5086
149.476
232.119
357.747
263.53
262.772
357.421
231.649
148.944
97.6685
67.3788
50.001
40.1958
34.9226
32.6193
32.6524
35.0289
40.4117
50.3722
67.8868
98.0232
148.837
231.66
357.514
263.263
262.566
357.204
231.114
148.264
97.2674
67.1094
49.849
40.117
34.8824
32.6015
32.6316
34.9856
40.3107
50.1771
67.5757
97.5848
148.313
231.027
357.317
262.827
262.268
356.976
230.536
147.647
96.7256
66.7584
49.6499
40.0327
34.8534
32.5864
32.608
34.9298
40.2033
49.9862
67.2547
97.0947
147.653
230.454
357.076
262.391
262.036
356.743
229.94
146.92
96.2176
66.4548
49.4827
39.9626
34.8334
32.5802
32.5925
34.8884
40.1093
49.7946
66.9157
96.5993
147.063
229.798
356.77
261.954
261.708
356.521
229.315
146.273
95.6725
66.1027
49.303
39.8844
34.806
32.57
32.5774
34.8366
39.9902
49.5686
66.5314
96.0595
146.416
229.227
356.585
261.617
261.441
356.296
228.593
145.492
95.1139
65.7765
49.1375
39.8137
34.7882
32.5644
32.5675
34.7923
39.8732
49.3379
66.1303
95.4852
145.751
228.671
356.32
261.224
261.036
355.966
227.865
144.781
94.5698
65.4499
48.9831
39.7576
34.7834
32.5842
32.5591
34.7461
39.7487
49.0826
65.7115
94.8851
145.019
228.021
355.947
260.875
260.601
355.636
227.117
144.003
94.0195
65.1302
48.822
39.6958
34.7797
32.5915
32.5705
34.7181
39.6452
48.8475
65.2982
94.3143
144.306
227.358
355.753
260.482
260.118
355.219
226.387
143.24
93.4607
64.8165
48.671
39.641
34.7769
32.6074
32.569
34.6812
39.538
48.6207
64.9066
93.7289
143.574
226.649
355.503
260.206
259.556
354.805
225.643
142.528
92.9251
64.4995
48.5178
39.5843
34.7699
32.6194
32.5821
34.6632
39.4595
48.4279
64.5152
93.0873
142.747
225.916
355.164
259.815
259.061
354.378
224.925
141.78
92.3754
64.1874
48.3683
39.5279
34.7558
32.6268
32.5864
34.6388
39.373
48.2295
64.1375
92.4597
141.949
225.155
354.801
259.421
258.591
354.012
224.193
141.049
91.8389
63.8698
48.2054
39.4608
34.7372
32.6308
32.5941
34.6211
39.2944
48.0427
63.7717
91.8618
141.111
224.363
354.438
259.003
258.244
353.707
223.452
140.288
91.2777
63.5282
48.0274
39.3832
34.7126
32.6268
32.5946
34.5998
39.2154
47.8523
63.3966
91.2127
140.247
223.52
353.992
258.483
258.037
353.4
222.683
139.525
90.7297
63.1843
47.839
39.2926
34.6839
32.6277
32.5904
34.5746
39.1297
47.6583
63.0284
90.6174
139.408
222.666
353.598
258.082
257.902
353.057
221.916
138.734
90.1403
62.8128
47.6336
39.1938
34.6478
32.6119
32.5772
34.5416
39.0342
47.4498
62.6319
89.9476
138.514
221.759
353.078
257.556
257.718
352.655
221.098
137.9
89.541
62.4482
47.4298
39.0995
34.6163
32.6062
32.5721
34.5115
38.942
47.2455
62.251
89.3179
137.608
220.835
352.591
257.178
257.483
352.23
220.29
137.069
88.9311
62.0749
47.2225
38.9971
34.5768
32.6011
32.5677
34.4755
38.8407
47.0272
61.843
88.646
136.689
219.885
352.028
256.642
257.213
351.795
219.403
136.189
88.3058
61.6984
47.0041
38.8825
34.5288
32.6011
32.569
34.4364
38.7375
46.8099
61.4447
87.9889
135.758
218.926
351.505
256.238
256.922
351.399
218.484
135.278
87.6628
61.2966
46.7758
38.7611
34.4652
32.5629
32.5341
34.3786
38.6181
46.5771
61.0341
87.3117
134.812
217.943
350.979
255.778
256.576
350.977
217.536
134.363
87.0008
60.8972
46.531
38.6164
34.3871
32.5194
32.4946
34.3131
38.4918
46.3445
60.6223
86.6343
133.862
216.963
350.489
255.404
256.176
350.505
216.559
133.411
86.3242
60.4586
46.2788
38.4719
34.2999
32.4622
32.4396
34.2299
38.3459
46.0962
60.2161
85.9713
132.937
216.036
350.023
255.204
255.741
350.003
215.563
132.44
85.6152
60.0206
46.013
38.3161
34.2048
32.3943
32.3732
34.1372
38.1959
45.8452
59.7795
85.26
131.956
215.045
349.557
254.99
255.26
349.475
214.51
131.412
84.8653
59.5592
45.7476
38.1414
34.0934
32.3143
32.2951
34.0341
38.0331
45.5711
59.3332
84.557
130.984
214.046
349.107
254.735
254.671
348.918
213.428
130.382
84.1136
59.0818
45.4549
37.9601
33.968
32.2241
32.2108
33.9186
37.8546
45.2969
58.8646
83.8092
129.928
212.945
348.608
254.367
254.102
348.365
212.275
129.28
83.3247
58.5689
45.1371
37.7673
33.839
32.1157
32.1027
33.7931
37.6796
45.0002
58.3685
83.0373
128.847
211.803
348.072
253.987
253.551
347.819
211.127
128.164
82.5112
58.0555
44.8216
37.5629
33.7003
32.0032
31.9905
33.6572
37.4892
44.7056
57.8712
82.2257
127.7
210.599
347.465
253.451
252.998
347.255
209.91
126.971
81.6626
57.502
44.4838
37.3496
33.5474
31.881
31.8743
33.5155
37.2749
44.3557
57.334
81.3986
126.537
209.369
346.798
252.862
252.461
346.725
208.677
125.74
80.7672
56.9391
44.1328
37.114
33.3731
31.7394
31.7366
33.3543
37.0593
44.0382
56.8078
80.5144
125.288
208.052
346.145
252.259
251.853
346.169
207.329
124.419
79.8219
56.3168
43.7163
36.8544
33.2021
31.5987
31.5926
33.1858
36.8329
43.6861
56.2306
79.5979
123.994
206.649
345.426
251.442
251.176
345.642
205.904
123.019
78.8057
55.6621
43.3073
36.5923
33.0126
31.446
31.4496
33.0135
36.5859
43.3142
55.6448
78.6651
122.624
205.183
344.753
250.723
250.376
345.019
204.36
121.529
77.7054
54.9627
42.8923
36.3155
32.8096
31.2761
31.2816
32.822
36.3321
42.9201
55.0176
77.6913
121.17
203.593
343.937
249.752
249.41
344.306
202.668
119.928
76.584
54.245
42.441
36.0126
32.5962
31.1052
31.1148
32.6245
36.0606
42.512
54.3713
76.6428
119.627
201.921
343.168
248.855
248.249
343.461
200.796
118.196
75.3764
53.5037
41.9739
35.7052
32.3692
30.9111
30.9188
32.3985
35.7685
42.0845
53.6676
75.5004
117.972
200.081
342.226
247.721
246.908
342.45
198.719
116.31
74.1448
52.7323
41.4691
35.3619
32.1215
30.7068
30.7172
32.1644
35.4565
41.6153
52.931
74.3248
116.256
198.168
341.218
246.568
245.215
341.2
196.396
114.234
72.7936
51.9279
40.9691
35.0233
31.8588
30.471
30.4809
31.8947
35.1173
41.1397
52.1561
73.0484
114.384
196.039
340.029
245.265
243.396
339.735
193.876
112.099
71.3552
51.0197
40.3888
34.6265
31.5551
30.2114
30.2279
31.6054
34.7336
40.5936
51.3273
71.7183
112.394
193.696
338.643
243.659
241.1
337.847
190.995
109.768
69.8497
50.1004
39.8063
34.2264
31.244
29.9347
29.9467
31.2879
34.3308
40.0089
50.4173
70.3007
110.231
191.077
337.011
241.89
238.664
335.663
187.849
107.283
68.2922
49.1247
39.1774
33.7895
30.8956
29.6223
29.6387
30.9479
33.8978
39.395
49.4762
68.7977
107.878
188.105
334.94
239.622
235.758
332.879
184.357
104.628
66.6306
48.1225
38.5416
33.3271
30.5215
29.2829
29.2975
30.565
33.4187
38.7253
48.4677
67.1898
105.332
184.796
332.432
237.067
232.712
329.659
180.589
101.846
64.9041
47.0788
37.8518
32.8198
30.1057
28.908
28.9223
30.1558
32.9232
38.0447
47.4307
65.4886
102.59
181.098
329.309
234.033
229.245
325.783
176.448
98.9328
63.1264
45.9799
37.1214
32.2778
29.6584
28.4988
28.5115
29.7023
32.3775
37.3185
46.3237
63.6763
99.6542
177
325.545
230.588
225.568
321.305
171.982
95.9075
61.3142
44.857
36.361
31.6998
29.1651
28.0391
28.0515
29.2069
31.789
36.5324
45.1731
61.8252
96.5739
172.518
321.079
226.775
221.554
316.088
167.166
92.7744
59.4703
43.7146
35.5631
31.073
28.6249
27.5359
27.5501
28.6718
31.1657
35.7241
43.9859
59.9026
93.3409
167.63
315.791
222.529
217.408
310.148
162.104
89.5879
57.5891
42.5466
34.7386
30.4134
28.0466
26.9911
27.0047
28.0907
30.4992
34.8813
42.7722
57.9357
90.0507
162.46
309.808
218.134
213.13
303.485
156.813
86.3934
55.7409
41.3628
33.878
29.7119
27.4238
26.4036
26.4201
27.4757
29.8047
34.0191
41.5706
56.0369
86.7392
157.021
303.039
213.591
208.961
296.253
151.388
83.2143
53.9056
40.183
33.0078
28.9905
26.7745
25.7843
25.8012
26.8257
29.0794
33.1391
40.3604
54.126
83.4314
151.419
295.659
209.136
205.03
288.502
145.882
80.1059
52.1384
39.0284
32.1331
28.2503
26.1009
25.1395
25.1574
26.1552
28.3426
32.264
39.1963
52.3235
80.2306
145.781
287.818
205.031
201.55
280.417
140.395
77.0937
50.4386
37.903
31.2641
27.5073
25.4212
24.4868
24.5051
25.4764
27.5997
31.3906
38.0502
50.5771
77.1582
140.22
279.649
201.479
198.825
272.134
135.023
74.2337
48.8156
36.8133
30.4166
26.7768
24.7479
23.8375
23.8551
24.8007
26.8634
30.5335
36.9496
48.9456
74.2947
134.854
271.384
198.795
196.901
263.672
129.769
71.4968
47.2696
35.7738
29.6023
26.071
24.0958
23.2075
23.2242
24.1462
26.1549
29.7175
35.9099
47.4006
71.566
129.642
263.072
197.001
196.454
255.132
124.635
68.9047
45.8161
34.7931
28.832
25.4019
23.4761
22.6078
22.6223
23.5204
25.4757
28.9346
34.9184
45.9444
68.9867
124.563
254.691
196.503
193.755
246.254
119.547
66.4085
44.4436
33.8776
28.1149
24.7791
22.8989
22.0483
22.0602
22.9353
24.8409
28.2027
33.989
44.5702
66.5296
119.583
246.027
193.927
191.894
237.221
114.566
64.0568
43.1671
33.0285
27.4522
24.2046
22.3668
21.5327
21.5422
22.396
24.2548
27.5252
33.1247
43.2828
64.1805
114.64
237.076
191.769
189.153
227.911
109.67
61.8157
41.9826
32.254
26.8507
23.6827
21.8822
21.062
21.0686
21.9026
23.7186
26.9043
32.3282
42.079
61.9377
109.805
228.004
190.014
187.441
218.574
104.901
59.7042
40.8869
31.5435
26.3002
23.2048
21.438
20.6306
20.6351
21.452
23.2299
26.3382
31.5967
40.9559
59.7912
105.004
218.597
187.969
185.469
208.993
100.266
57.7339
39.8907
30.9015
25.799
22.7654
21.0269
20.2302
20.233
21.0356
22.7812
25.8237
30.9375
39.9406
57.8051
100.383
209.09
186.108
183.714
199.353
95.841
55.9173
38.9808
30.3092
25.33
22.3501
20.6365
19.8494
19.8511
20.6415
22.3596
25.3451
30.3317
39.0116
55.9576
95.9016
199.373
184.206
183.008
189.888
91.7184
54.2944
38.1693
29.7649
24.8852
21.9487
20.2559
19.4774
19.4782
20.2581
21.9529
24.8916
29.7736
38.1795
54.3026
91.7272
189.878
182.86
182.76
180.714
87.8523
52.8202
37.4145
29.237
24.4424
21.5454
19.8732
19.1038
19.1042
19.8742
21.5475
24.446
29.2424
37.4212
52.8221
87.8367
180.686
182.739
184.575
172.243
84.3486
51.5356
36.7208
28.7184
23.9923
21.1314
19.4806
18.7215
18.7215
19.4807
21.1317
23.9929
28.7191
36.7214
51.5315
84.3217
172.194
184.535
187.951
164.252
81.2829
50.3961
36.045
28.18
23.517
20.6961
19.0713
18.3253
18.3253
19.0715
20.6965
23.5183
28.1825
36.0498
50.4028
81.2855
164.262
187.926
193.895
157.178
78.7601
49.3981
35.3687
27.6078
23.0077
20.2343
18.6426
17.9136
17.9136
18.6428
20.2347
23.0088
27.61
35.3734
49.4061
78.7673
157.174
193.882
202.064
150.748
76.8695
48.4817
34.6509
26.9802
22.4545
19.7426
18.1945
17.488
17.4881
18.1948
19.7433
22.4562
26.9839
34.658
48.4951
76.8903
150.776
202.066
213.323
145.695
75.321
47.5526
33.8532
26.2804
21.8509
19.2204
17.7297
17.0527
17.0527
17.73
19.221
21.8522
26.2833
33.8588
47.5632
75.3376
145.72
213.308
227.096
141.699
74.0585
46.563
32.9438
25.493
21.1923
18.6695
17.2537
16.6147
16.6147
17.2539
18.67
21.1935
25.4959
32.9497
46.5744
74.0798
141.777
227.11
244.321
139.522
72.9997
45.4243
31.8795
24.601
20.4754
18.0938
16.7743
16.1837
16.1837
16.7743
18.0939
20.4758
24.6021
31.8819
45.4282
72.9997
139.404
244.315
264.976
138.384
71.8542
44.0027
30.6047
23.585
19.6979
17.4997
16.3022
15.7723
15.7723
16.3021
17.4997
19.6983
23.5863
30.6081
44.0107
71.8732
138.455
264.978
288.292
138.096
70.3185
42.1713
29.0738
22.4341
18.8643
16.8987
15.8523
15.3965
15.3965
15.8521
16.8984
18.8641
22.4341
29.0747
42.1738
70.3231
138.102
288.272
314.825
138.147
68.1041
39.8029
27.2448
21.144
17.9862
16.3086
15.4443
15.0757
15.0757
15.4442
16.3084
17.986
21.1441
27.2463
39.8079
68.1158
138.154
314.811
342.967
137.847
64.6877
36.7239
25.0841
19.7284
17.0908
15.7572
15.1042
14.8362
14.8363
15.1041
15.7569
17.0901
19.7277
25.0842
36.7265
64.6971
137.866
342.95
372.885
135.412
59.42
32.7783
22.6008
18.2373
16.2281
15.2806
14.8611
14.7121
14.7121
14.861
15.2804
16.2274
18.2369
22.6012
32.7802
59.4264
135.423
372.863
402.38
127.755
51.1726
27.821
19.8639
16.7646
15.4755
14.9582
14.7556
14.678
14.678
14.7555
14.9581
15.4756
16.7653
19.8642
27.8217
51.1751
127.765
402.381
432.731
107.325
38.6082
21.9333
17.0639
15.493
14.9848
14.8106
14.7307
14.7011
14.7012
14.7312
14.8118
14.9865
15.494
17.0638
21.9325
38.6086
107.327
432.721
466.385
57.3732
21.6797
16.2871
15.2323
14.9466
14.8448
14.8046
14.7968
14.7964
14.7964
14.7968
14.8048
14.8453
14.9476
15.2338
16.2882
21.6799
57.3733
466.389
)
;

boundaryField
{
    fixedWalls_1
    {
        Cmu             0.09;
        kappa           0.41;
        E               9.8;
        type            epsilonWallFunction;
        value           nonuniform List<scalar> 
200
(
266.801
266.548
266.452
266.557
266.591
266.621
266.564
266.737
266.81
267.023
267.101
267.015
266.848
266.796
266.605
266.53
266.329
266.118
265.886
265.543
265.241
264.926
264.728
264.431
264.193
263.91
263.643
263.332
262.99
262.602
262.246
261.952
261.584
261.179
260.782
260.283
259.875
259.432
259.128
258.788
258.42
257.979
257.42
256.875
256.346
255.771
255.334
254.825
254.406
253.858
253.341
252.848
252.253
251.756
251.127
250.458
249.571
248.579
247.338
245.948
244.294
242.469
240.437
238.138
235.664
232.777
229.658
226.175
222.397
218.451
214.423
210.485
206.803
203.492
200.718
198.494
196.959
195.195
192.608
190.482
188.254
185.95
184.086
182.931
182.761
184.574
187.957
193.9
202.087
213.291
227.12
244.297
265.001
288.273
314.83
342.978
372.861
402.401
432.709
466.392
266.307
266.131
266.257
266.218
266.58
266.675
266.697
266.886
266.939
266.74
266.792
266.667
266.43
266.189
266.005
265.742
265.514
265.346
265.104
264.826
264.447
264.133
263.618
263.294
262.838
262.62
262.262
261.855
261.523
261.152
260.856
260.592
260.391
260.174
259.802
259.36
258.877
258.367
257.879
257.5
257.045
256.653
256.287
255.982
255.701
255.349
255.034
254.579
254.14
253.625
253.077
252.461
251.792
251.079
250.303
249.411
248.439
247.316
245.958
244.509
242.904
241.16
239.271
237.207
234.965
232.373
229.639
226.424
223.051
219.186
215.384
211.359
207.684
204.073
201.069
198.305
196.089
193.975
191.986
189.871
187.711
185.54
184.065
182.855
182.737
184.557
187.924
193.9
202.05
213.314
227.089
244.31
264.963
288.27
314.803
342.943
372.875
402.367
432.733
466.386
)
;
    }
    frontAndBack_1
    {
        type            empty;
    }
    inlet_1
    {
        type            fixedValue;
        value           uniform 14.855;
    }
    outlet_1
    {
        type            zeroGradient;
    }
    fixedWalls_2
    {
        Cmu             0.09;
        kappa           0.41;
        E               9.8;
        type            epsilonWallFunction;
        value           nonuniform List<scalar> 
200
(
782.533
781.004
780.076
775.935
777.637
776.08
771.841
771.764
769.976
765.887
764.277
762.327
758.778
756.335
753.813
751.308
748.607
746.2
743.578
740.073
736.026
732.807
730.708
729.517
730.667
730.239
728.962
727.02
724.989
721.426
719.441
716.271
714.303
711.671
709.279
706.252
702.856
699.965
697.159
694.643
692.285
690.228
687.735
686.004
683.8
681.277
678.72
675.663
673.026
669.24
666.292
662.65
658.805
654.631
650.551
646.043
642.085
637.518
633.815
628.815
623.724
617.354
609.232
599.129
585.829
570.007
551.034
529.88
507.425
483.423
460.057
435.653
413.296
390.366
369.769
350.385
334.327
322.563
316.092
314.62
308.238
305.883
304.607
302.009
303.45
307.072
310.662
318.084
325.671
336.462
348.11
361.492
376.055
391.78
407.466
423.249
437.521
449.982
461.89
470.808
777.436
776.183
775.59
772.341
773.309
772.415
769.886
772.516
771.796
770.34
769.342
768.096
767.187
766.172
765.145
763.628
762.087
758.15
757.559
754.717
753.887
750.858
747.287
745.115
742.524
739.438
736.594
734.848
732.366
729.796
726.263
721.983
718.302
715.591
712.472
709.098
706.059
702.398
698.898
694.685
691.656
687.758
684.341
680.588
676.971
673.128
669.527
664.929
660.549
655.169
650.117
643.961
638.439
632.628
626.968
621.79
616.976
612.613
608.072
603.058
597.022
590.043
581.055
570.787
557.515
542.695
525.991
507.131
487.784
466.72
446.261
424.551
403.833
383.341
364.084
347.771
334.007
324.767
321.054
314.553
311.112
306.83
305.404
302.5
303.758
306.992
310.655
318.002
325.527
336.415
347.899
361.524
375.834
391.858
407.293
423.271
437.535
449.9
462.045
470.757
)
;
    }
    frontAndBack_2
    {
        type            empty;
    }
    inlet_2
    {
        type            fixedValue;
        value           uniform 14.855;
    }
    outlet_2
    {
        type            zeroGradient;
    }
    fixedWalls_3
    {
        Cmu             0.09;
        kappa           0.41;
        E               9.8;
        type            epsilonWallFunction;
        value           nonuniform List<scalar> 
200
(
1381.25
1377.31
1369.88
1374.25
1371.08
1368.79
1360.48
1360.32
1356.83
1355.54
1355.04
1352.07
1343.34
1342.13
1334.82
1332.05
1328.42
1324.21
1321.24
1315.69
1307.75
1304.03
1297.67
1292.25
1286.93
1280.61
1276.24
1271.57
1266.16
1261.57
1256.13
1251.41
1246.23
1240.24
1235.54
1230.51
1227.09
1221.41
1216.44
1210.79
1205.89
1201.02
1197.02
1193.4
1189.78
1185.42
1179.5
1173.61
1166.94
1160.67
1153.98
1147.74
1140.69
1132.92
1124.3
1113.13
1100.42
1085.16
1068.57
1049.99
1030.47
1009.67
988.117
965.528
941.7
917.146
890.665
862.885
832.299
799.572
763.529
725.236
683.619
641.103
597.138
554.343
511.727
473.282
438.228
410.768
390.71
378.771
372.448
369.697
369.052
370.112
374.562
378.669
384.427
392.234
400.609
409.974
419.759
430.308
439.918
449.652
457.044
464.008
468.45
473.374
1351.24
1340.73
1340.17
1331.55
1331.15
1328.97
1330.52
1333.59
1331.07
1324.32
1326.82
1324.79
1317.66
1315.24
1310.34
1302.91
1298.36
1292.92
1287.64
1285.03
1283.88
1285.74
1278.95
1280.74
1273.13
1266.35
1261.83
1254.21
1249.97
1242.73
1236.08
1229.08
1222.73
1217.2
1211.85
1207.91
1204.07
1201.6
1198.59
1195.86
1192.92
1189.14
1185.77
1180.41
1177.27
1171.62
1168.53
1163.14
1159.34
1154.48
1148.8
1144.01
1137.94
1132.96
1127.24
1120.98
1115.02
1105.58
1096.46
1083.21
1068.88
1050.99
1030.52
1007.85
981.747
954.16
922.089
887.722
848.747
805.097
757.977
706.122
652.106
597.559
547.425
501.311
464.217
431.978
408.295
391.805
382.328
375.581
371.649
369.838
369.161
370.183
374.331
378.057
384.782
391.764
400.574
409.853
419.825
430.073
440.231
449.385
457.338
463.828
468.667
473.288
)
;
    }
    frontAndBack_3
    {
        type            empty;
    }
    inlet_3
    {
        type            fixedValue;
        value           uniform 14.855;
    }
    outlet_3
    {
        type            zeroGradient;
    }
    fixedWalls_4
    {
        Cmu             0.09;
        kappa           0.41;
        E               9.8;
        type            epsilonWallFunction;
        value           nonuniform List<scalar> 
200
(
781.878
777.813
777.12
777.364
777.602
776.778
773.461
773.79
772.172
771.222
771.267
769.995
766.13
765.316
764.425
762.692
758.898
757.875
755.854
753.74
753.772
753.572
751.983
747.501
744.871
742.71
739.936
737.116
733.626
729.778
727.154
723.286
719.977
715.452
711.989
708.56
705.734
702.899
700.43
698.746
696.52
694.654
692.132
689.319
685.849
681.358
677.583
673.166
668.565
664.611
659.394
654.434
649.089
644.615
639.274
635.484
630.821
626.702
621.251
615.824
608.27
600.13
589.805
578.332
564.66
549.804
533.651
516.449
498.782
479.581
460.576
440.03
420.729
401.668
383.343
366.875
350.611
336.977
324.631
315.229
309.481
306.75
303.604
303.224
303.091
307.701
310.562
317.91
325.897
336.291
348.14
361.521
375.989
391.835
407.394
423.298
437.524
449.957
462.02
470.781
773.042
770.811
769.296
765.543
763.991
761.53
758.089
756.907
755.607
754.87
754.933
755.962
758.308
755.492
758.195
754.194
753.683
751.583
749.929
747.62
745.294
742.64
739.862
737.262
734.678
731.826
730.04
728.039
726.527
724.357
721.925
719.252
716.373
713.281
709.634
706.519
702.723
699.236
696.291
693.771
691.826
689.455
686.664
683.35
680.108
675.622
670.328
664.202
659.013
652.337
646.211
641.124
636.02
630.641
626.72
621.691
618.254
614.092
609.76
604.473
599.234
592.512
585.401
576.391
566.155
554
539.616
523.174
503.587
482.054
457.482
432.664
406.684
382.885
360.9
343.65
330.021
321.702
317.437
316.097
309.39
307.073
303.2
303.229
303.141
307.249
310.797
317.884
325.686
336.472
348.024
361.448
376.106
391.637
407.593
423.07
437.709
449.812
462.093
470.739
)
;
    }
    frontAndBack_4
    {
        type            empty;
    }
    inlet_4
    {
        type            fixedValue;
        value           uniform 14.855;
    }
    outlet_4
    {
        type            zeroGradient;
    }
    fixedWalls_5
    {
        Cmu             0.09;
        kappa           0.41;
        E               9.8;
        type            epsilonWallFunction;
        value           nonuniform List<scalar> 
200
(
267.97
267.778
267.719
267.518
267.323
267.018
266.847
266.698
266.545
266.385
266.297
266.116
265.919
265.684
265.492
265.345
265.103
264.957
264.801
264.622
264.394
264.174
263.962
263.739
263.421
263.151
262.772
262.566
262.268
262.036
261.708
261.441
261.036
260.601
260.118
259.556
259.061
258.591
258.244
258.037
257.902
257.718
257.483
257.213
256.922
256.576
256.176
255.741
255.26
254.671
254.102
253.551
252.998
252.461
251.853
251.176
250.376
249.41
248.249
246.908
245.215
243.396
241.1
238.664
235.758
232.712
229.245
225.568
221.554
217.408
213.13
208.961
205.03
201.55
198.825
196.901
196.454
193.755
191.894
189.153
187.441
185.469
183.714
183.008
182.76
184.575
187.951
193.895
202.064
213.323
227.096
244.321
264.976
288.292
314.825
342.967
372.885
402.38
432.731
466.385
266.911
266.746
266.748
266.672
266.624
266.703
266.61
266.72
266.687
266.666
266.614
266.563
266.366
266.256
266.029
265.943
265.793
265.61
265.36
265.198
264.974
264.806
264.542
264.216
263.865
263.53
263.263
262.827
262.391
261.954
261.617
261.224
260.875
260.482
260.206
259.815
259.421
259.003
258.483
258.082
257.556
257.178
256.642
256.238
255.778
255.404
255.204
254.99
254.735
254.367
253.987
253.451
252.862
252.259
251.442
250.723
249.752
248.855
247.721
246.568
245.265
243.659
241.89
239.622
237.067
234.033
230.588
226.775
222.529
218.134
213.591
209.136
205.031
201.479
198.795
197.001
196.503
193.927
191.769
190.014
187.969
186.108
184.206
182.86
182.739
184.535
187.926
193.882
202.066
213.308
227.11
244.315
264.978
288.272
314.811
342.95
372.863
402.381
432.721
466.389
)
;
    }
    frontAndBack_5
    {
        type            empty;
    }
    inlet_5
    {
        type            fixedValue;
        value           uniform 14.855;
    }
    outlet_5
    {
        type            zeroGradient;
    }
}


// ************************************************************************* //
