/*--------------------------------*- C++ -*----------------------------------*\
  =========                 |
  \\      /  F ield         | OpenFOAM: The Open Source CFD Toolbox
   \\    /   O peration     | Website:  https://openfoam.org
    \\  /    A nd           | Version:  6
     \\/     M anipulation  |
\*---------------------------------------------------------------------------*/
FoamFile
{
    version     2.0;
    format      ascii;
    class       volScalarField;
    location    "29";
    object      p;
}
// * * * * * * * * * * * * * * * * * * * * * * * * * * * * * * * * * * * * * //

dimensions      [0 2 -2 0 0 0 0];

internalField   nonuniform List<scalar> 
10000
(
0.0283125
0.0285159
0.0279358
0.026284
0.0235958
0.0215188
0.0204319
0.0200237
0.0199316
0.0198362
0.0196762
0.0193689
0.0187722
0.0179734
0.0170251
0.0164922
0.0165326
0.0166981
0.0185711
0.0212403
0.0695891
0.0685909
0.0704415
0.0731648
0.0737953
0.0727534
0.0712653
0.0701668
0.0696359
0.0693593
0.0692942
0.0690888
0.0689846
0.0685637
0.0676759
0.0657567
0.0624674
0.0590099
0.0583944
0.0608489
0.112939
0.110372
0.109892
0.11185
0.114194
0.115933
0.116991
0.117521
0.117754
0.117802
0.117665
0.117251
0.116358
0.115041
0.113339
0.111399
0.109625
0.108778
0.10886
0.109255
0.160646
0.159163
0.158461
0.160163
0.163013
0.165336
0.166837
0.167607
0.167908
0.167961
0.167798
0.167385
0.166614
0.165403
0.163622
0.16153
0.159392
0.157972
0.157849
0.158231
0.218825
0.220484
0.22064
0.220311
0.220599
0.22084
0.220959
0.220829
0.220618
0.220336
0.220049
0.21972
0.219219
0.218691
0.218014
0.217384
0.217091
0.217193
0.216747
0.215347
0.274772
0.277151
0.278352
0.277812
0.276917
0.275882
0.27491
0.274027
0.273358
0.272873
0.272526
0.272274
0.272237
0.272545
0.273346
0.274682
0.276173
0.277107
0.276299
0.274248
0.323267
0.323322
0.323685
0.323601
0.323498
0.323705
0.323915
0.323956
0.323912
0.323883
0.324005
0.324363
0.324991
0.326002
0.327346
0.328909
0.330285
0.330751
0.330138
0.329511
0.369512
0.368315
0.368165
0.368696
0.369622
0.371125
0.372538
0.373525
0.374068
0.374433
0.374702
0.375095
0.375743
0.376571
0.377515
0.378416
0.379044
0.379002
0.37848
0.378565
0.41994
0.419724
0.420086
0.420912
0.42188
0.422883
0.423814
0.424508
0.424949
0.425141
0.425204
0.425208
0.425041
0.424623
0.423873
0.422644
0.421094
0.419854
0.420169
0.421901
0.474888
0.476299
0.477121
0.477155
0.476875
0.476466
0.476325
0.476386
0.476529
0.47661
0.476617
0.476372
0.475887
0.474914
0.473396
0.471407
0.469153
0.467729
0.468214
0.469641
0.528727
0.529299
0.529734
0.529764
0.529322
0.528729
0.528305
0.528188
0.528229
0.528301
0.528309
0.528282
0.52811
0.52794
0.527727
0.527519
0.527418
0.527455
0.5268
0.524968
0.582184
0.582207
0.581996
0.581586
0.580984
0.580361
0.579869
0.579689
0.579667
0.579726
0.579705
0.579664
0.579658
0.579721
0.580017
0.580677
0.581538
0.582096
0.581416
0.579515
0.634725
0.633629
0.632364
0.631708
0.63146
0.631373
0.631371
0.631402
0.631463
0.631489
0.631507
0.631485
0.631408
0.631351
0.631442
0.63173
0.632129
0.632317
0.632158
0.631988
0.687984
0.687584
0.687187
0.687099
0.686908
0.686367
0.685675
0.685082
0.684697
0.684517
0.684439
0.684376
0.68445
0.684546
0.68477
0.685072
0.685401
0.685584
0.685337
0.685073
0.740397
0.742323
0.743681
0.743597
0.742565
0.74097
0.739458
0.738327
0.737671
0.737363
0.737364
0.737596
0.737983
0.738517
0.739021
0.739204
0.739168
0.738983
0.738854
0.738968
0.788799
0.78873
0.789113
0.790154
0.79101
0.791205
0.790849
0.790262
0.789761
0.789558
0.789661
0.790035
0.790802
0.791862
0.793084
0.794134
0.794751
0.79476
0.794236
0.793645
0.838078
0.8386
0.838801
0.839233
0.840168
0.840932
0.84118
0.841
0.84064
0.840337
0.840183
0.840299
0.840573
0.841201
0.842107
0.843209
0.844277
0.844587
0.843692
0.842161
0.884759
0.885228
0.885588
0.886147
0.887326
0.888707
0.8898
0.890414
0.890597
0.890527
0.890381
0.890136
0.889763
0.888932
0.887479
0.885515
0.883193
0.881318
0.88164
0.883381
0.934134
0.93477
0.935388
0.936061
0.937177
0.938589
0.939854
0.940763
0.941278
0.941462
0.941516
0.941422
0.941015
0.940038
0.938308
0.935792
0.933086
0.931421
0.931597
0.93232
0.990346
0.99164
0.992298
0.992343
0.992247
0.992432
0.99282
0.993298
0.993634
0.993807
0.993785
0.993619
0.993429
0.993202
0.993149
0.993294
0.993643
0.993923
0.992788
0.989887
1.04895
1.05066
1.05133
1.05071
1.04937
1.04821
1.04753
1.0472
1.04707
1.04695
1.04681
1.04665
1.04646
1.04656
1.0471
1.04814
1.04955
1.05034
1.04936
1.04694
1.10373
1.1046
1.10532
1.10526
1.10429
1.10309
1.10211
1.10134
1.10088
1.10064
1.10062
1.10065
1.10092
1.10128
1.10171
1.1021
1.10225
1.10197
1.10166
1.10174
1.15546
1.1555
1.15621
1.157
1.15698
1.15622
1.15524
1.15437
1.15382
1.15359
1.15372
1.15421
1.15505
1.15617
1.15742
1.15843
1.15883
1.15842
1.15768
1.15726
1.20648
1.20683
1.20698
1.2072
1.2072
1.20674
1.20619
1.20578
1.20554
1.20556
1.20581
1.20633
1.2071
1.20799
1.20905
1.21029
1.21129
1.21163
1.21098
1.20963
1.25574
1.25505
1.25413
1.25474
1.25597
1.25681
1.25724
1.25728
1.25716
1.2571
1.25729
1.25771
1.25808
1.25823
1.25797
1.25729
1.25641
1.25575
1.25579
1.25591
1.30667
1.30695
1.30683
1.30732
1.30835
1.30924
1.30971
1.30971
1.30943
1.30914
1.30896
1.30882
1.3086
1.30795
1.30675
1.30504
1.3031
1.30157
1.30127
1.3015
1.36046
1.36208
1.36282
1.36249
1.36223
1.36226
1.3623
1.36215
1.36191
1.36158
1.36126
1.3609
1.36027
1.35922
1.35768
1.35585
1.35413
1.35274
1.35216
1.35159
1.41483
1.41727
1.41845
1.41798
1.41702
1.41617
1.41555
1.4151
1.4148
1.41456
1.41435
1.41408
1.41384
1.41342
1.41291
1.41243
1.41203
1.41159
1.41075
1.40883
1.46646
1.46739
1.46821
1.46865
1.46861
1.46841
1.46808
1.46774
1.46753
1.46745
1.46751
1.46769
1.46802
1.46864
1.46961
1.47091
1.47226
1.47287
1.47173
1.46884
1.5189
1.51955
1.52019
1.52055
1.52061
1.52068
1.52068
1.52063
1.52064
1.52078
1.52113
1.52168
1.5226
1.52379
1.52526
1.52686
1.52815
1.52834
1.52738
1.52585
1.57389
1.57406
1.57406
1.57435
1.57451
1.57458
1.57453
1.57442
1.57429
1.57424
1.57439
1.57489
1.5757
1.57681
1.57805
1.5791
1.57974
1.57961
1.57895
1.57831
1.63167
1.63316
1.63403
1.63436
1.63385
1.63267
1.63116
1.62972
1.62857
1.62784
1.6274
1.62728
1.62735
1.62739
1.62717
1.6264
1.62518
1.62424
1.62465
1.62562
1.68373
1.68683
1.68891
1.68904
1.6878
1.68598
1.68413
1.68249
1.68129
1.68058
1.6803
1.68032
1.68029
1.68006
1.67933
1.67797
1.67628
1.67522
1.67556
1.67602
1.72809
1.72719
1.72714
1.72859
1.73034
1.7319
1.73287
1.73322
1.73317
1.73323
1.73344
1.73392
1.73452
1.73511
1.73555
1.73584
1.73602
1.73607
1.73493
1.73224
1.77978
1.77924
1.77868
1.7797
1.78183
1.78399
1.78555
1.78636
1.78666
1.78681
1.78708
1.7876
1.78825
1.78904
1.78977
1.7904
1.79088
1.79089
1.78973
1.78735
1.84003
1.84303
1.84424
1.84391
1.84337
1.84273
1.84225
1.84187
1.84165
1.84153
1.84163
1.84188
1.84237
1.84287
1.8432
1.84331
1.8431
1.84257
1.84205
1.84138
1.89922
1.90219
1.90367
1.90308
1.90143
1.89951
1.89791
1.8968
1.89614
1.89581
1.89582
1.89612
1.89664
1.89726
1.89783
1.89821
1.89831
1.89807
1.89738
1.89609
1.9531
1.95411
1.95494
1.95526
1.95469
1.95355
1.9521
1.95078
1.94978
1.94924
1.94902
1.94911
1.9494
1.94974
1.95007
1.95025
1.95015
1.94975
1.94902
1.94773
2.00261
2.00329
2.00404
2.00497
2.00549
2.00543
2.00477
2.00388
2.00301
2.00241
2.00208
2.00199
2.0019
2.00175
2.00132
2.00057
1.99961
1.99871
1.99809
1.99719
2.05129
2.05109
2.05088
2.05213
2.05402
2.05565
2.05654
2.05684
2.05674
2.05662
2.05655
2.05664
2.05672
2.05661
2.05603
2.0549
2.05338
2.05223
2.05178
2.05108
2.10697
2.10799
2.1081
2.10891
2.11026
2.11143
2.1121
2.11234
2.1124
2.11249
2.11278
2.11343
2.11434
2.11549
2.11656
2.11733
2.11762
2.11748
2.11642
2.11413
2.16778
2.17152
2.17301
2.17233
2.17105
2.16989
2.16907
2.16858
2.16831
2.16837
2.16868
2.1695
2.17085
2.1729
2.17561
2.17879
2.18177
2.1832
2.18126
2.17683
2.22574
2.22772
2.22883
2.22877
2.22777
2.22649
2.22527
2.22424
2.2235
2.22314
2.22315
2.22359
2.22433
2.22536
2.22646
2.22753
2.22818
2.22792
2.22721
2.2265
2.28052
2.2823
2.28362
2.28392
2.28327
2.28205
2.28061
2.27924
2.27815
2.27746
2.27716
2.27716
2.27731
2.27725
2.27646
2.27468
2.27207
2.26988
2.27001
2.27173
2.33036
2.33087
2.33142
2.33249
2.33331
2.33362
2.33341
2.33292
2.33234
2.33193
2.33175
2.33176
2.3317
2.3314
2.33047
2.32866
2.3264
2.32495
2.3246
2.32399
2.38245
2.38272
2.38277
2.38412
2.38595
2.38739
2.38806
2.3882
2.38801
2.38792
2.38794
2.38816
2.38842
2.38863
2.38862
2.38846
2.38835
2.3884
2.38711
2.38367
2.44078
2.44337
2.44419
2.44435
2.44476
2.44521
2.44539
2.44531
2.44507
2.44488
2.44489
2.44525
2.44587
2.44681
2.44793
2.44918
2.4503
2.45059
2.44884
2.44515
2.49931
2.50268
2.50472
2.50518
2.50474
2.50403
2.50326
2.50253
2.50192
2.50157
2.5016
2.50208
2.50299
2.50422
2.50561
2.50693
2.50775
2.50753
2.50623
2.50427
2.55394
2.55712
2.5595
2.56049
2.56021
2.55934
2.55836
2.55751
2.55687
2.55658
2.55668
2.55722
2.55809
2.55923
2.56041
2.56129
2.56165
2.56121
2.56001
2.5583
2.60721
2.60755
2.60749
2.60842
2.60963
2.6107
2.61133
2.61157
2.61148
2.6114
2.61136
2.6115
2.61161
2.61153
2.61099
2.60993
2.60853
2.60728
2.60694
2.60662
2.66688
2.66759
2.66743
2.66777
2.66846
2.66908
2.66933
2.66924
2.6689
2.66853
2.66822
2.66799
2.66759
2.66678
2.66531
2.66331
2.66116
2.65977
2.65983
2.65956
2.7285
2.73216
2.73438
2.73484
2.7339
2.73213
2.7303
2.72881
2.72771
2.72707
2.72676
2.72679
2.72697
2.72724
2.72742
2.72749
2.72734
2.72712
2.7259
2.72248
2.7826
2.78573
2.7877
2.78862
2.78846
2.78746
2.78624
2.78521
2.7845
2.78426
2.78445
2.7852
2.78638
2.78814
2.79024
2.79243
2.7941
2.79441
2.79225
2.78764
2.83398
2.83439
2.83441
2.83579
2.83783
2.83955
2.84051
2.84088
2.8409
2.84107
2.84146
2.84234
2.84365
2.84552
2.84776
2.85018
2.85209
2.85228
2.85017
2.8465
2.89366
2.89573
2.89652
2.89733
2.89853
2.89937
2.89955
2.8993
2.89893
2.89869
2.89881
2.89934
2.90013
2.90092
2.90128
2.90093
2.89977
2.89806
2.89724
2.89678
2.95597
2.96094
2.96331
2.96308
2.96206
2.96073
2.95937
2.95811
2.95718
2.95657
2.95639
2.95653
2.95681
2.95675
2.95588
2.95401
2.9514
2.9493
2.94888
2.94825
3.01205
3.01472
3.01628
3.01718
3.01737
3.01712
3.01648
3.01563
3.01481
3.01431
3.01415
3.01434
3.01456
3.01459
3.01408
3.01291
3.01118
3.00956
3.00785
3.00428
3.06593
3.06819
3.07016
3.07244
3.07389
3.07429
3.07382
3.07302
3.07215
3.07161
3.0714
3.07152
3.07176
3.07193
3.07183
3.07145
3.07061
3.06929
3.06681
3.06201
3.11982
3.12377
3.1262
3.12806
3.12952
3.13029
3.13036
3.12994
3.1293
3.12878
3.12847
3.12842
3.1284
3.12841
3.12831
3.1281
3.12777
3.127
3.12472
3.12008
3.17684
3.17944
3.18027
3.18176
3.18385
3.18585
3.18718
3.18772
3.18777
3.18764
3.18765
3.18786
3.18829
3.18864
3.18853
3.18775
3.1863
3.18458
3.18287
3.18001
3.24346
3.24757
3.24898
3.24957
3.2499
3.24987
3.24947
3.24892
3.24843
3.24812
3.24821
3.24878
3.24979
3.25111
3.25238
3.25311
3.25317
3.25232
3.25011
3.24566
3.3105
3.31693
3.31961
3.31899
3.31679
3.3142
3.31188
3.31004
3.30877
3.30812
3.30797
3.30835
3.30924
3.31064
3.3124
3.31428
3.31585
3.316
3.31356
3.30793
3.36764
3.37099
3.37264
3.37361
3.3734
3.37242
3.37102
3.3695
3.36822
3.36739
3.36709
3.36733
3.36788
3.36849
3.36876
3.3683
3.36707
3.36549
3.36474
3.36287
3.42081
3.42422
3.426
3.42785
3.42907
3.42931
3.42877
3.42786
3.42698
3.4264
3.42635
3.42672
3.42749
3.42825
3.42853
3.42801
3.42662
3.42539
3.42502
3.4226
3.47532
3.48011
3.48189
3.48321
3.48428
3.4849
3.48521
3.48533
3.48535
3.48553
3.48602
3.48701
3.48833
3.49004
3.49183
3.49333
3.49429
3.49452
3.49281
3.48663
3.53821
3.54322
3.54438
3.54517
3.54573
3.54601
3.54617
3.54628
3.54633
3.5465
3.54694
3.54777
3.54908
3.5508
3.55264
3.55432
3.55543
3.55543
3.55337
3.54689
3.61137
3.61895
3.62119
3.62048
3.61809
3.61512
3.61254
3.61069
3.60961
3.60906
3.60906
3.60957
3.61047
3.61163
3.61274
3.61339
3.6133
3.61214
3.61022
3.60503
3.68138
3.69052
3.69399
3.69304
3.68898
3.68371
3.6789
3.67534
3.67323
3.67221
3.67209
3.67254
3.67366
3.67506
3.67647
3.67755
3.67766
3.67644
3.6739
3.66743
3.73796
3.74437
3.74711
3.74828
3.74702
3.7439
3.7402
3.73704
3.73496
3.73407
3.73417
3.73519
3.73688
3.73916
3.74162
3.74357
3.74434
3.74337
3.74054
3.73299
3.7884
3.79258
3.79441
3.79779
3.80038
3.80092
3.7997
3.79787
3.79634
3.79569
3.79594
3.79702
3.79892
3.80138
3.80416
3.80669
3.80809
3.8076
3.80483
3.79678
3.84427
3.85095
3.85336
3.85644
3.85962
3.86113
3.86085
3.85957
3.85825
3.85747
3.85746
3.85825
3.85947
3.86098
3.86247
3.86339
3.86338
3.86228
3.86027
3.85335
3.90672
3.91634
3.91979
3.9217
3.92332
3.92395
3.92353
3.92239
3.92123
3.92037
3.92022
3.92055
3.9214
3.9221
3.92212
3.92089
3.91815
3.91519
3.91372
3.90854
3.97266
3.98213
3.98531
3.98644
3.98694
3.98699
3.98656
3.98576
3.9849
3.98436
3.98437
3.98501
3.98596
3.98701
3.98761
3.9871
3.98559
3.9839
3.98177
3.97393
4.04155
4.04879
4.05035
4.05104
4.05135
4.05146
4.05109
4.05042
4.04969
4.04933
4.04948
4.05014
4.05136
4.05287
4.05446
4.05587
4.05676
4.05683
4.05422
4.04434
4.11285
4.11972
4.12055
4.12011
4.11936
4.11849
4.11746
4.11636
4.11534
4.11465
4.11445
4.11487
4.11567
4.11686
4.11821
4.1195
4.12052
4.12084
4.11906
4.11061
4.18262
4.18805
4.18736
4.18624
4.18537
4.18451
4.18359
4.18258
4.18165
4.18091
4.18063
4.18065
4.18103
4.18129
4.18122
4.18069
4.17985
4.17964
4.17998
4.17501
4.25324
4.25812
4.25634
4.25442
4.25319
4.25206
4.25099
4.24997
4.24911
4.24851
4.24838
4.24872
4.24934
4.25008
4.25069
4.25098
4.25121
4.25238
4.25342
4.24793
4.32641
4.33282
4.33093
4.3272
4.32417
4.32176
4.32003
4.31886
4.31807
4.31766
4.31771
4.31828
4.31951
4.32135
4.32392
4.32721
4.33083
4.33438
4.33474
4.32642
4.40004
4.40701
4.40558
4.40158
4.39777
4.39432
4.39168
4.38981
4.38859
4.38792
4.38783
4.3885
4.38987
4.39228
4.39572
4.40007
4.40458
4.40852
4.40898
4.40107
4.47164
4.48134
4.48248
4.47902
4.47415
4.46897
4.46469
4.46163
4.45976
4.45882
4.45878
4.45961
4.4614
4.46415
4.46768
4.47166
4.47509
4.47797
4.47847
4.47185
4.53507
4.54667
4.55032
4.5487
4.54464
4.53947
4.53494
4.53176
4.52987
4.52918
4.52949
4.531
4.53358
4.53744
4.54224
4.54725
4.55115
4.55352
4.55162
4.54189
4.59473
4.60632
4.61175
4.61333
4.61246
4.6094
4.60579
4.60292
4.60101
4.60037
4.60071
4.60233
4.6051
4.60926
4.61448
4.61973
4.6233
4.6241
4.61855
4.60486
4.65935
4.67454
4.68349
4.6868
4.68691
4.68389
4.6797
4.67601
4.67354
4.67247
4.67273
4.67435
4.67712
4.68079
4.68448
4.68664
4.68546
4.68122
4.67241
4.65857
4.72337
4.74174
4.75443
4.75956
4.76057
4.75772
4.75336
4.74927
4.74644
4.74512
4.74528
4.74677
4.74937
4.75241
4.75487
4.75477
4.75063
4.74346
4.73089
4.71407
4.7831
4.79841
4.8118
4.82059
4.82634
4.82756
4.82574
4.82283
4.82024
4.81877
4.81855
4.81944
4.82111
4.82272
4.82327
4.82122
4.81551
4.80722
4.79247
4.7741
4.85207
4.86543
4.8783
4.88724
4.89519
4.89912
4.89939
4.89772
4.89568
4.89426
4.89388
4.8944
4.89529
4.89546
4.89384
4.88899
4.88099
4.87236
4.85951
4.84587
4.93977
4.95006
4.95929
4.96311
4.96859
4.97254
4.97404
4.97378
4.9728
4.97194
4.97174
4.97212
4.97288
4.97304
4.972
4.96926
4.96558
4.96337
4.95462
4.94432
5.05014
5.05469
5.05829
5.0535
5.05269
5.05348
5.05401
5.05385
5.05322
5.05265
5.05249
5.05303
5.05398
5.05534
5.05736
5.06041
5.06535
5.07239
5.0678
5.06136
5.17296
5.1741
5.1761
5.16211
5.15144
5.14458
5.14039
5.1378
5.1363
5.13548
5.1355
5.13645
5.13867
5.14248
5.14824
5.15636
5.16655
5.17855
5.17579
5.17658
5.27938
5.27818
5.28593
5.26892
5.25227
5.23871
5.22913
5.22319
5.22006
5.21872
5.21879
5.22058
5.22435
5.23097
5.24045
5.25223
5.2657
5.28004
5.27256
5.27586
5.34983
5.34479
5.36581
5.35475
5.34188
5.32881
5.3173
5.30906
5.30442
5.30246
5.30252
5.30462
5.30928
5.317
5.32716
5.33863
5.35049
5.3619
5.34166
5.34628
5.39906
5.38622
5.42544
5.42145
5.41639
5.40941
5.40056
5.39261
5.38755
5.38538
5.3855
5.38801
5.39278
5.39998
5.40784
5.41403
5.41922
5.4237
5.38484
5.39739
5.47058
5.43486
5.4913
5.48605
5.48332
5.48197
5.47759
5.47161
5.46702
5.46485
5.46499
5.4672
5.4716
5.4771
5.48154
5.48353
5.48704
5.4926
5.43594
5.47164
5.61471
5.52633
5.59863
5.57761
5.5621
5.55684
5.55228
5.54634
5.54127
5.53867
5.53872
5.54152
5.54628
5.55203
5.55705
5.56302
5.5793
5.6012
5.52928
5.61748
5.83717
5.64916
5.74556
5.70209
5.66117
5.64188
5.63121
5.62247
5.61573
5.61219
5.6121
5.61555
5.62211
5.63092
5.64188
5.66181
5.70317
5.74714
5.65052
5.83744
6.06962
5.70959
5.85927
5.81311
5.75457
5.72391
5.70888
5.69866
5.69103
5.68698
5.68669
5.69071
5.69786
5.7082
5.7236
5.75441
5.81288
5.85819
5.70716
6.06622
6.26687
5.63058
5.88476
5.87425
5.81522
5.78034
5.76408
5.75418
5.74688
5.74291
5.74289
5.74683
5.75407
5.76441
5.78096
5.81574
5.87417
5.8833
5.62858
6.26596
6.62546
5.52395
5.90259
5.93707
5.86575
5.81595
5.79245
5.77937
5.77059
5.76597
5.7661
5.77108
5.77977
5.79404
5.81666
5.86676
5.93579
5.9014
5.52434
6.62841
7.67907
5.53806
5.86229
5.96121
5.89914
5.84446
5.81971
5.80751
5.80014
5.79603
5.79631
5.7998
5.80693
5.81957
5.84379
5.89878
5.9611
5.86309
5.53936
7.6785
9.63169
5.21876
5.3169
5.70563
5.79771
5.79713
5.79443
5.79375
5.79239
5.79118
5.7912
5.79238
5.79373
5.79447
5.79711
5.79771
5.7056
5.31695
5.21889
9.63178
0.0255987
0.0362261
0.0362372
0.0402679
0.0385137
0.0376517
0.039265
0.0415116
0.0430305
0.0436697
0.0439839
0.0443243
0.0449577
0.0464364
0.0494227
0.0544696
0.0583745
0.0559993
0.0602062
0.0581796
0.121185
0.139186
0.148051
0.159031
0.16341
0.163619
0.163064
0.163245
0.163629
0.163835
0.164366
0.16541
0.168283
0.17331
0.18093
0.188627
0.191965
0.190713
0.192776
0.184131
0.284348
0.288284
0.295456
0.299504
0.297045
0.292149
0.28796
0.285444
0.283969
0.283104
0.282348
0.282113
0.281757
0.281744
0.281552
0.28239
0.286538
0.293033
0.297646
0.297834
0.426136
0.424068
0.424548
0.425585
0.422141
0.415424
0.40907
0.404787
0.402312
0.400771
0.399455
0.397941
0.395217
0.390065
0.380346
0.365524
0.347954
0.334996
0.337773
0.349091
0.530142
0.524434
0.521017
0.525881
0.531807
0.534281
0.532796
0.529586
0.52646
0.52429
0.522503
0.520789
0.517983
0.513286
0.505189
0.493092
0.479512
0.470262
0.466863
0.465847
0.638467
0.635684
0.633355
0.639958
0.649032
0.654582
0.655444
0.653778
0.651127
0.649208
0.647423
0.646108
0.644612
0.643499
0.643174
0.645171
0.650146
0.6544
0.648199
0.632091
0.772715
0.776358
0.771188
0.765672
0.765719
0.76836
0.770907
0.772274
0.77243
0.772172
0.771913
0.772366
0.773139
0.774906
0.77816
0.784798
0.793695
0.798643
0.795736
0.786032
0.895001
0.898733
0.89364
0.888642
0.886896
0.88778
0.889347
0.890379
0.890803
0.891013
0.891633
0.893059
0.895817
0.899741
0.904681
0.910224
0.915136
0.917072
0.917572
0.917277
1.00137
1.01501
1.0207
1.01672
1.01014
1.00547
1.00335
1.00263
1.00267
1.00303
1.00372
1.00496
1.0069
1.01001
1.01378
1.01719
1.0201
1.02189
1.02361
1.02543
1.07207
1.08142
1.08891
1.09205
1.095
1.09987
1.10486
1.10891
1.1119
1.11399
1.11533
1.11612
1.1162
1.11506
1.11162
1.10579
1.09811
1.09167
1.09354
1.09996
1.17376
1.17091
1.17563
1.18936
1.2043
1.21737
1.2259
1.23101
1.2338
1.23527
1.2356
1.23472
1.23188
1.22677
1.21899
1.20866
1.19682
1.1873
1.18513
1.18538
1.36149
1.36733
1.37169
1.37399
1.37363
1.37279
1.37184
1.37107
1.37011
1.36924
1.3679
1.36574
1.36199
1.35641
1.34923
1.34151
1.33524
1.33194
1.32589
1.31308
1.55101
1.56451
1.5646
1.55346
1.53741
1.5244
1.51612
1.51106
1.50778
1.50577
1.50475
1.50465
1.50541
1.50669
1.50759
1.50668
1.50331
1.49822
1.49023
1.47751
1.69724
1.69725
1.6924
1.68881
1.67854
1.66507
1.65285
1.64407
1.63841
1.63543
1.63435
1.63525
1.63864
1.64512
1.65525
1.66791
1.6795
1.68401
1.6772
1.66361
1.81224
1.81058
1.80423
1.79867
1.79071
1.78018
1.77017
1.76246
1.75741
1.75451
1.75337
1.75403
1.75609
1.75992
1.76616
1.7759
1.78743
1.79504
1.79747
1.79591
1.86643
1.86157
1.85521
1.85883
1.86717
1.87365
1.87592
1.87455
1.87223
1.8703
1.86954
1.86966
1.87047
1.87063
1.86926
1.86527
1.85781
1.85138
1.85825
1.8718
1.92425
1.92757
1.93102
1.9433
1.96054
1.97518
1.98434
1.98828
1.98931
1.98926
1.98953
1.99
1.98987
1.98809
1.98421
1.97704
1.96736
1.96124
1.96394
1.96811
2.03156
2.04946
2.06067
2.06836
2.07868
2.09003
2.09974
2.10639
2.11005
2.11193
2.11326
2.11455
2.11557
2.11555
2.11387
2.11067
2.10804
2.10909
2.10791
2.09767
2.17862
2.19688
2.20809
2.21308
2.21618
2.22119
2.22716
2.23206
2.23506
2.23652
2.23735
2.23824
2.23961
2.24177
2.2438
2.24518
2.24623
2.24686
2.24422
2.23389
2.34784
2.36388
2.37265
2.37227
2.36605
2.36116
2.35981
2.36055
2.36158
2.36209
2.36207
2.36174
2.36154
2.36177
2.36288
2.36559
2.37003
2.37298
2.37112
2.36233
2.50074
2.50426
2.5064
2.5081
2.50337
2.49583
2.48971
2.48661
2.48571
2.48548
2.48566
2.48591
2.48628
2.48624
2.48561
2.48404
2.48203
2.47905
2.47769
2.47503
2.63199
2.6319
2.63047
2.62958
2.62483
2.61797
2.61191
2.60831
2.60698
2.60698
2.60747
2.60807
2.60881
2.60931
2.60986
2.61043
2.61141
2.61161
2.60843
2.60074
2.72619
2.71858
2.71373
2.72022
2.72735
2.73086
2.73179
2.73143
2.73099
2.73115
2.73168
2.73215
2.73205
2.7317
2.73155
2.73141
2.73094
2.72923
2.72661
2.72117
2.83436
2.83154
2.82976
2.83939
2.85132
2.85854
2.8615
2.86218
2.86197
2.86198
2.86245
2.86324
2.86399
2.86405
2.86303
2.86031
2.85582
2.85036
2.84766
2.84445
2.98752
2.99849
2.99882
2.99708
2.99811
2.99888
2.99831
2.99702
2.99586
2.99527
2.9958
2.99742
2.99997
3.00275
3.00477
3.00445
3.00089
2.99513
2.99171
2.98731
3.15183
3.1629
3.16133
3.15408
3.14637
3.13977
3.13397
3.12921
3.12593
3.12426
3.12421
3.12561
3.12873
3.13331
3.13979
3.14787
3.15569
3.15939
3.1571
3.14698
3.28739
3.29612
3.29352
3.28418
3.27298
3.26333
3.25599
3.25062
3.24714
3.24529
3.24452
3.24485
3.24557
3.24719
3.25036
3.25688
3.26723
3.27687
3.279
3.26834
3.36432
3.36134
3.35637
3.35826
3.36185
3.36534
3.36746
3.36751
3.36647
3.36539
3.36486
3.36458
3.3642
3.36246
3.35782
3.34906
3.33655
3.32609
3.32941
3.33585
3.44501
3.44537
3.44718
3.45727
3.46925
3.47955
3.48631
3.48952
3.49024
3.4901
3.49017
3.49056
3.49051
3.48878
3.48429
3.47577
3.46409
3.45415
3.45118
3.44915
3.57289
3.58735
3.59561
3.59975
3.60453
3.60953
3.61362
3.61641
3.6176
3.61806
3.61833
3.619
3.61977
3.62046
3.6212
3.6225
3.62442
3.6257
3.6209
3.60561
3.72692
3.74071
3.74633
3.74701
3.74585
3.74554
3.74604
3.74672
3.74697
3.74688
3.74674
3.74717
3.74832
3.75118
3.75622
3.76353
3.77147
3.77584
3.7726
3.75712
3.89056
3.90386
3.90644
3.90014
3.88966
3.88194
3.87819
3.87671
3.87596
3.87557
3.8752
3.87501
3.87478
3.87444
3.87439
3.87634
3.88085
3.88454
3.8847
3.87592
4.0195
4.02345
4.02079
4.01647
4.01062
4.0066
4.0049
4.00449
4.00461
4.00481
4.00543
4.00614
4.00691
4.00631
4.00259
3.99433
3.98238
3.97225
3.97387
3.97756
4.12832
4.12454
4.12484
4.13459
4.1411
4.14202
4.1399
4.13754
4.13605
4.13573
4.13664
4.13847
4.14145
4.14486
4.14829
4.1498
4.14768
4.14398
4.14129
4.13463
4.26371
4.27372
4.28067
4.28384
4.28286
4.27825
4.27265
4.26755
4.26392
4.26211
4.26186
4.2631
4.2653
4.26955
4.27721
4.28984
4.30574
4.31718
4.31477
4.29664
4.38374
4.39415
4.39438
4.39169
4.39073
4.39047
4.38965
4.38783
4.38577
4.3841
4.38307
4.38273
4.38268
4.38262
4.38243
4.38332
4.38678
4.39045
4.3929
4.38619
4.48743
4.49006
4.4866
4.4899
4.49673
4.5036
4.50829
4.51016
4.5103
4.50935
4.50856
4.50746
4.50575
4.50157
4.49292
4.47796
4.45957
4.44635
4.44854
4.45367
4.61552
4.62185
4.62184
4.62578
4.63111
4.63645
4.64094
4.64338
4.64415
4.64386
4.64364
4.64307
4.64215
4.63947
4.63434
4.62552
4.61338
4.60324
4.59927
4.59279
4.77419
4.7847
4.78742
4.78902
4.78878
4.7873
4.78597
4.78524
4.78472
4.7844
4.78454
4.78549
4.78701
4.78982
4.79481
4.80316
4.81316
4.81905
4.81283
4.78997
4.93835
4.9512
4.95322
4.9486
4.94084
4.93333
4.9274
4.92387
4.92217
4.92208
4.92325
4.92607
4.9307
4.93779
4.94822
4.96267
4.97787
4.9863
4.98459
4.96814
5.06724
5.07397
5.07192
5.06724
5.06146
5.05703
5.05371
5.05167
5.05074
5.05118
5.0531
5.05709
5.06328
5.07175
5.08182
5.0922
5.10088
5.10523
5.10782
5.10326
5.17286
5.17035
5.16646
5.17123
5.17687
5.17958
5.17876
5.17689
5.17526
5.17495
5.17567
5.17788
5.18118
5.18528
5.18892
5.1907
5.19086
5.19087
5.19433
5.1929
5.2965
5.30399
5.30407
5.30357
5.30311
5.30183
5.30007
5.29827
5.29705
5.29667
5.2973
5.29827
5.29808
5.29495
5.28729
5.27468
5.25948
5.24847
5.25067
5.25216
5.40544
5.41675
5.41604
5.41237
5.41155
5.41377
5.41721
5.41955
5.42076
5.42128
5.42194
5.42201
5.4205
5.41522
5.40525
5.39089
5.37444
5.36154
5.35752
5.34976
5.51629
5.51865
5.51915
5.53068
5.54396
5.55316
5.55707
5.5573
5.55575
5.55373
5.5515
5.54893
5.54534
5.54072
5.53561
5.53156
5.52924
5.5262
5.51672
5.4926
5.69592
5.7141
5.72256
5.72399
5.72033
5.71407
5.70712
5.7006
5.69484
5.6901
5.68611
5.68234
5.67819
5.67369
5.66978
5.66699
5.66449
5.65926
5.65161
5.63251
5.85298
5.87602
5.88135
5.87092
5.85526
5.84294
5.83504
5.82992
5.82634
5.82366
5.82218
5.82152
5.82161
5.82166
5.82148
5.82035
5.81771
5.81191
5.80707
5.79552
5.93204
5.93254
5.9296
5.93494
5.94203
5.94904
5.95369
5.95602
5.957
5.9579
5.95936
5.96228
5.96709
5.97402
5.98282
5.99255
6.00128
6.00503
6.00338
5.98968
6.03441
6.03037
6.03054
6.04647
6.06554
6.08046
6.08929
6.09347
6.09514
6.09653
6.09861
6.10261
6.10883
6.11823
6.13047
6.1443
6.15678
6.16442
6.16875
6.15969
6.22017
6.2344
6.24038
6.24264
6.24266
6.24166
6.24074
6.23943
6.23776
6.2369
6.23736
6.24011
6.2449
6.25155
6.25849
6.26431
6.2684
6.27191
6.28005
6.27811
6.41736
6.43935
6.44113
6.42899
6.41207
6.39695
6.38615
6.37895
6.37445
6.37215
6.37213
6.37409
6.37692
6.3788
6.37723
6.37057
6.36078
6.35509
6.36282
6.36441
6.53906
6.54698
6.54208
6.53592
6.52691
6.51742
6.50937
6.50379
6.50069
6.49974
6.50083
6.50324
6.50571
6.50626
6.50316
6.49568
6.48556
6.47904
6.48131
6.47351
6.60615
6.6009
6.59445
6.60361
6.61601
6.62474
6.62772
6.62743
6.62607
6.6257
6.62617
6.62751
6.62845
6.62889
6.62845
6.62855
6.63043
6.6327
6.62859
6.60314
6.70016
6.70552
6.70662
6.71916
6.73545
6.74837
6.75501
6.75693
6.75613
6.75506
6.7542
6.7536
6.75222
6.74935
6.74457
6.73946
6.7357
6.73173
6.72678
6.70537
6.84424
6.86627
6.87122
6.87382
6.87871
6.88494
6.88948
6.89112
6.89024
6.88816
6.88622
6.88435
6.88197
6.87756
6.87048
6.86101
6.85114
6.84063
6.83376
6.81788
7.01343
7.03809
7.04248
7.03958
7.03432
7.03134
7.0298
7.02826
7.02602
7.0234
7.0209
7.01855
7.01613
7.01338
7.01075
7.00842
7.00634
7.00109
6.99305
6.97208
7.16969
7.19055
7.19215
7.18578
7.17479
7.16656
7.16238
7.1606
7.15954
7.15851
7.15757
7.15692
7.15661
7.15692
7.1585
7.1619
7.16547
7.16409
7.15987
7.14047
7.28062
7.28434
7.27939
7.28388
7.28743
7.29046
7.29301
7.29479
7.29565
7.29623
7.29683
7.29822
7.30079
7.30487
7.31005
7.31562
7.3193
7.31796
7.3179
7.30353
7.41156
7.41514
7.41259
7.42345
7.43265
7.43694
7.43774
7.43722
7.43645
7.43632
7.43737
7.44029
7.44505
7.45145
7.45812
7.46281
7.46254
7.4576
7.45983
7.44999
7.58656
7.60958
7.61088
7.60648
7.59817
7.58953
7.5829
7.57846
7.57571
7.57448
7.57497
7.57735
7.58165
7.58761
7.59469
7.60096
7.60271
7.59994
7.60348
7.59146
7.73535
7.75903
7.75415
7.74396
7.73294
7.72497
7.71974
7.7162
7.71358
7.71211
7.71163
7.71241
7.71366
7.71581
7.7191
7.72378
7.72942
7.73522
7.74262
7.72409
7.8562
7.86748
7.86164
7.86767
7.87095
7.86901
7.86364
7.85817
7.85413
7.85211
7.85194
7.85333
7.85548
7.85703
7.85613
7.8526
7.84813
7.84698
7.85624
7.84104
8.00206
8.02683
8.02617
8.02561
8.02016
8.0117
8.00308
7.99632
7.99196
7.99022
7.99099
7.9942
7.99915
8.005
8.0095
8.01059
8.00873
8.00595
8.00817
7.98277
8.12094
8.1525
8.15055
8.14601
8.13948
8.13434
8.1306
8.12776
8.12596
8.12565
8.12712
8.13059
8.13604
8.14296
8.15056
8.15808
8.1644
8.1655
8.16457
8.13139
8.21733
8.24041
8.23913
8.25266
8.2639
8.26914
8.26898
8.26637
8.26395
8.26297
8.26374
8.2663
8.26988
8.27421
8.2787
8.28281
8.28657
8.28664
8.28749
8.25519
8.36785
8.40804
8.41412
8.42121
8.4224
8.41953
8.4143
8.40845
8.40383
8.40123
8.40121
8.40303
8.40615
8.40835
8.40825
8.40471
8.39799
8.38804
8.38774
8.3589
8.5146
8.56478
8.56986
8.56842
8.56109
8.5542
8.54825
8.54306
8.53894
8.53671
8.53671
8.5387
8.5415
8.54334
8.54281
8.53882
8.5326
8.5233
8.51979
8.48184
8.62127
8.66045
8.66253
8.67429
8.68024
8.68112
8.67853
8.67528
8.67262
8.67148
8.67199
8.67378
8.67624
8.67803
8.67835
8.67637
8.6719
8.66302
8.65885
8.61592
8.74369
8.78586
8.7895
8.80165
8.80948
8.81297
8.81256
8.81049
8.80837
8.80741
8.80782
8.8096
8.81194
8.81417
8.81583
8.81614
8.8148
8.80826
8.80483
8.7594
8.88292
8.92482
8.92654
8.93976
8.94955
8.95504
8.95524
8.9519
8.94788
8.94503
8.94384
8.94381
8.94454
8.94473
8.94455
8.94396
8.94259
8.93716
8.93699
8.89411
9.04307
9.09077
9.09104
9.09732
9.09942
9.09876
9.09572
9.09084
9.08595
9.082
9.0797
9.07846
9.07735
9.07493
9.07055
9.0639
9.05612
9.04762
9.05147
9.0142
9.17863
9.22648
9.22039
9.21923
9.21909
9.22131
9.22362
9.22396
9.223
9.22154
9.22098
9.22073
9.22063
9.21885
9.2139
9.2047
9.19206
9.1803
9.18614
9.15245
9.29134
9.32152
9.30874
9.321
9.33788
9.35291
9.36235
9.36664
9.36774
9.36805
9.36908
9.37127
9.37431
9.3778
9.38119
9.38325
9.38305
9.38059
9.38709
9.34761
9.47525
9.51641
9.50778
9.50938
9.51234
9.51601
9.51862
9.51962
9.51888
9.51812
9.51811
9.5197
9.52324
9.5294
9.53964
9.55572
9.57628
9.5934
9.60364
9.5544
9.67086
9.72231
9.71363
9.69882
9.68316
9.67325
9.66892
9.66683
9.66524
9.66375
9.66296
9.66349
9.66523
9.66865
9.6737
9.68143
9.69213
9.70393
9.72126
9.6877
9.80677
9.84356
9.8286
9.81762
9.809
9.8054
9.80578
9.80722
9.80865
9.80918
9.80988
9.81078
9.81247
9.81381
9.81279
9.80772
9.7991
9.79555
9.81214
9.79325
9.94201
9.96424
9.94804
9.94582
9.94735
9.95068
9.95442
9.95781
9.96025
9.96206
9.96384
9.96637
9.96948
9.97265
9.97471
9.97472
9.97215
9.97201
9.98049
9.95028
10.1502
10.1831
10.1735
10.1622
10.1479
10.1351
10.1272
10.1237
10.1222
10.1222
10.1228
10.1249
10.1285
10.1341
10.1423
10.1544
10.1684
10.181
10.1839
10.1379
10.3718
10.4184
10.4141
10.3888
10.3541
10.3221
10.3006
10.2888
10.2834
10.2815
10.2817
10.2837
10.2873
10.2937
10.3035
10.3163
10.3287
10.3378
10.3391
10.2993
10.5111
10.5477
10.5469
10.5341
10.5112
10.4839
10.462
10.4479
10.4411
10.4389
10.44
10.4434
10.4494
10.458
10.4684
10.479
10.4858
10.4879
10.4845
10.4523
10.5859
10.6143
10.6272
10.6416
10.646
10.6356
10.6199
10.6066
10.5984
10.5955
10.5964
10.6007
10.6079
10.6184
10.6312
10.6443
10.6524
10.6543
10.6439
10.6078
10.6604
10.7004
10.7324
10.7617
10.7818
10.7829
10.7739
10.763
10.7548
10.7513
10.7515
10.7553
10.7616
10.7702
10.7801
10.788
10.7879
10.7818
10.7654
10.7318
10.759
10.8064
10.8448
10.874
10.9018
10.9151
10.9172
10.9136
10.909
10.9065
10.9066
10.9094
10.914
10.9189
10.9217
10.918
10.9024
10.8843
10.8606
10.8321
10.9091
10.9445
10.9779
11.0029
11.0346
11.056
11.0662
11.0685
11.067
11.0654
11.0652
11.0666
11.0686
11.069
11.0648
11.0513
11.025
11.0013
10.9716
10.947
11.1301
11.1537
11.1789
11.1828
11.1988
11.2131
11.2228
11.2273
11.2279
11.2271
11.2263
11.2258
11.225
11.222
11.2152
11.2025
11.183
11.172
11.142
11.1188
11.3617
11.3606
11.3719
11.355
11.3583
11.3669
11.3764
11.3838
11.3876
11.3887
11.3878
11.3859
11.3823
11.3766
11.3695
11.3613
11.3553
11.3668
11.344
11.3294
11.5888
11.5598
11.565
11.5374
11.5348
11.537
11.5416
11.547
11.551
11.5524
11.552
11.5497
11.5467
11.5426
11.5379
11.5333
11.5301
11.5495
11.5332
11.5497
11.8431
11.8073
11.8218
11.7729
11.7496
11.7328
11.7233
11.7203
11.7201
11.7202
11.7197
11.719
11.7187
11.7205
11.7265
11.7379
11.7567
11.8027
11.7855
11.8165
12.0808
12.0371
12.0679
11.9991
11.9597
11.9297
11.9099
11.9001
11.8967
11.8959
11.8961
11.8975
11.9015
11.9112
11.9288
11.9558
11.9915
12.0561
12.0267
12.0752
12.2608
12.1968
12.2645
12.2007
12.1664
12.1352
12.1099
12.0944
12.0874
12.0854
12.0859
12.09
12.0985
12.1157
12.1423
12.176
12.215
12.2822
12.2158
12.2799
12.3776
12.293
12.4255
12.3779
12.3586
12.335
12.3098
12.2912
12.2816
12.2782
12.2785
12.2823
12.2916
12.3091
12.3328
12.3566
12.3787
12.4301
12.3037
12.3942
12.4386
12.2984
12.4986
12.4662
12.4744
12.4767
12.4672
12.4558
12.449
12.4468
12.4472
12.4504
12.4569
12.4674
12.4768
12.4754
12.4686
12.5011
12.3044
12.451
12.5736
12.3226
12.5825
12.5366
12.5545
12.5778
12.5844
12.5814
12.5781
12.5768
12.5773
12.5791
12.583
12.5862
12.5808
12.5602
12.5438
12.5883
12.3288
12.5819
12.9328
12.5122
12.8357
12.7245
12.6974
12.7062
12.7093
12.7037
12.6974
12.6941
12.6942
12.6976
12.7032
12.7076
12.7035
12.6947
12.7197
12.8281
12.5062
12.9283
13.4646
12.7714
13.1956
13.0179
12.9224
12.896
12.8845
12.8717
12.8606
12.8547
12.8545
12.8599
12.8699
12.8825
12.8939
12.9207
13.0158
13.1961
12.7733
13.4579
13.9554
12.849
13.4639
13.2861
13.152
13.102
13.0814
13.0652
13.0521
13.0449
13.0444
13.0512
13.0629
13.0794
13.1004
13.1507
13.2851
13.4621
12.8447
13.9441
14.331
12.584
13.4921
13.4071
13.2715
13.2134
13.1899
13.1725
13.1584
13.1505
13.1505
13.1583
13.1722
13.1908
13.215
13.275
13.4112
13.4931
12.5826
14.3287
15.1025
12.3045
13.4859
13.515
13.3499
13.256
13.2133
13.1867
13.1682
13.1587
13.1589
13.1695
13.1877
13.2169
13.2574
13.3517
13.5113
13.4816
12.3046
15.1116
17.2956
12.4288
13.403
13.5745
13.428
13.3246
13.281
13.2583
13.2444
13.2368
13.2373
13.2439
13.2573
13.2812
13.3238
13.4278
13.574
13.4036
12.4311
17.2943
20.7382
12.378
12.4416
13.0662
13.2271
13.2362
13.2346
13.2332
13.2304
13.2283
13.2283
13.2304
13.2331
13.2346
13.2361
13.2269
13.066
12.4415
12.3781
20.7383
-0.040888
-0.0384447
-0.0516089
-0.0205317
-0.00373926
0.00604685
0.0148015
0.0227556
0.0295453
0.0343568
0.0378514
0.0396304
0.0401503
0.0398373
0.0388914
0.0373141
0.0221216
-0.0200262
-0.00678926
0.00378215
-0.0417845
-0.0122816
-0.014504
0.030466
0.0812602
0.120675
0.146993
0.164223
0.176166
0.184259
0.191202
0.196371
0.202299
0.207932
0.213774
0.216038
0.205873
0.190205
0.206386
0.184314
0.134892
0.14644
0.159655
0.189752
0.235466
0.282588
0.317909
0.339799
0.352351
0.3596
0.363371
0.36521
0.363498
0.35826
0.349176
0.342366
0.348445
0.370702
0.385997
0.370607
0.418374
0.422948
0.429242
0.455156
0.485826
0.514632
0.535952
0.547483
0.55221
0.552803
0.551612
0.547936
0.540442
0.526143
0.501208
0.462982
0.410797
0.365294
0.369797
0.388371
0.795674
0.82645
0.826018
0.813662
0.794777
0.780496
0.773058
0.768918
0.765426
0.761896
0.757926
0.75243
0.743974
0.731423
0.715218
0.695442
0.672809
0.648865
0.623063
0.597979
1.10059
1.12656
1.10652
1.06534
1.02248
0.991842
0.9752
0.96841
0.965723
0.965043
0.963881
0.962217
0.959167
0.95647
0.957699
0.968084
0.988913
1.00434
0.984655
0.936705
1.21777
1.20785
1.18327
1.16683
1.15652
1.15156
1.15001
1.15097
1.15271
1.15585
1.15949
1.16528
1.17348
1.18661
1.20484
1.22837
1.25107
1.26093
1.25795
1.23712
1.24376
1.23913
1.24602
1.26956
1.29485
1.31267
1.32211
1.32756
1.33118
1.33509
1.34009
1.34773
1.35907
1.37474
1.39351
1.41255
1.4269
1.43484
1.44779
1.45274
1.38207
1.40564
1.44156
1.4582
1.47222
1.48654
1.49761
1.50477
1.50955
1.51272
1.51526
1.51797
1.5203
1.5232
1.52684
1.53038
1.53385
1.5424
1.562
1.57752
1.61214
1.63298
1.65244
1.65798
1.6652
1.6783
1.69189
1.70071
1.7054
1.7067
1.70574
1.70237
1.69535
1.6832
1.66431
1.63727
1.60442
1.58309
1.59276
1.61111
1.87126
1.89744
1.91271
1.92621
1.92654
1.92543
1.92672
1.92754
1.9268
1.9244
1.92083
1.91502
1.90532
1.88824
1.86182
1.82643
1.78605
1.75265
1.73432
1.7199
2.20028
2.23589
2.25081
2.246
2.21896
2.19218
2.17435
2.16348
2.15661
2.15234
2.14927
2.14635
2.1427
2.13689
2.12818
2.11797
2.10889
2.09816
2.06464
2.00934
2.46408
2.46121
2.44993
2.44322
2.42447
2.4034
2.38795
2.3788
2.37361
2.37171
2.37241
2.37622
2.38363
2.3963
2.41466
2.43716
2.45828
2.46321
2.44029
2.39244
2.61516
2.58327
2.55898
2.57656
2.59322
2.595
2.58917
2.5835
2.57927
2.57802
2.57902
2.58388
2.59313
2.60892
2.63379
2.67045
2.71431
2.74602
2.75485
2.73728
2.78359
2.77641
2.7633
2.76901
2.78225
2.78683
2.78428
2.77919
2.77484
2.7722
2.77185
2.77376
2.77763
2.78347
2.79044
2.79676
2.80105
2.81083
2.84855
2.8809
2.95761
2.97573
2.96161
2.94669
2.95035
2.95912
2.96496
2.96664
2.96639
2.96508
2.96508
2.96563
2.96643
2.96469
2.95703
2.937
2.90357
2.88158
2.90556
2.94071
3.12378
3.14578
3.1418
3.13953
3.14642
3.15591
3.16207
3.16504
3.16579
3.16538
3.16492
3.16467
3.16316
3.15794
3.14644
3.12875
3.11166
3.1048
3.09864
3.08706
3.31985
3.36416
3.38152
3.37736
3.3706
3.36909
3.36947
3.3697
3.36947
3.3696
3.36951
3.36929
3.36811
3.36514
3.35902
3.35261
3.35348
3.36384
3.35432
3.31468
3.5038
3.53625
3.55238
3.55632
3.55615
3.55953
3.56413
3.56817
3.57084
3.57346
3.57607
3.57923
3.58247
3.58679
3.59347
3.60486
3.62015
3.62986
3.61955
3.58395
3.72487
3.72321
3.72545
3.74066
3.75251
3.76159
3.76777
3.7725
3.7754
3.77833
3.78124
3.78531
3.79021
3.79666
3.80661
3.82495
3.85085
3.86869
3.86757
3.84742
3.99635
3.99845
3.99428
3.99227
3.98868
3.98562
3.98422
3.9835
3.98283
3.98248
3.9831
3.98464
3.98718
3.99055
3.99466
3.99966
4.00419
4.00517
4.01463
4.01988
4.2004
4.22606
4.22594
4.2215
4.21336
4.20451
4.19811
4.19374
4.19031
4.18779
4.18637
4.18546
4.18437
4.18167
4.17647
4.16751
4.15685
4.14903
4.15128
4.1488
4.40468
4.43686
4.44569
4.44171
4.4297
4.41617
4.40592
4.39933
4.39514
4.39221
4.39124
4.39069
4.38909
4.38351
4.37252
4.35309
4.32526
4.29694
4.28497
4.27734
4.61851
4.62205
4.6225
4.62094
4.6155
4.60879
4.60244
4.59783
4.59529
4.59378
4.59414
4.59524
4.59684
4.59683
4.59717
4.59696
4.59217
4.57662
4.55134
4.51993
4.77642
4.76352
4.75418
4.76413
4.77935
4.7908
4.79574
4.79669
4.79641
4.79566
4.79476
4.79418
4.79329
4.7944
4.80215
4.8214
4.85155
4.87408
4.8635
4.81849
4.91988
4.93181
4.93398
4.95404
4.9797
4.99855
5.00721
5.00881
5.00752
5.00514
5.00228
4.99932
4.99672
4.99547
4.99513
4.99494
4.99493
4.99558
5.0086
5.00447
5.17851
5.22001
5.23435
5.23498
5.23225
5.22968
5.22736
5.22403
5.22101
5.21821
5.21715
5.21691
5.21836
5.21967
5.21709
5.20318
5.17477
5.1468
5.1551
5.16787
5.46614
5.50418
5.50447
5.47682
5.44809
5.43227
5.42737
5.42628
5.42658
5.42729
5.42982
5.43413
5.44128
5.44906
5.45698
5.46348
5.46515
5.46197
5.45817
5.44197
5.62666
5.62122
5.60657
5.61365
5.62059
5.62598
5.62944
5.63104
5.63171
5.63295
5.63504
5.63939
5.64556
5.65471
5.66773
5.68794
5.71808
5.74994
5.75939
5.72746
5.80651
5.80643
5.80451
5.82092
5.83452
5.84049
5.84165
5.84076
5.83912
5.83844
5.8386
5.84
5.84205
5.84486
5.84664
5.84642
5.84715
5.85446
5.87602
5.87399
6.03286
6.05942
6.06417
6.0589
6.05562
6.05318
6.05116
6.04932
6.04747
6.04594
6.04599
6.04686
6.04763
6.04532
6.03725
6.01944
5.99298
5.97273
5.98191
5.99014
6.25032
6.26926
6.26766
6.26663
6.26749
6.26757
6.26631
6.26395
6.2609
6.25823
6.25686
6.25605
6.25498
6.25109
6.24486
6.23792
6.23314
6.23045
6.22111
6.19363
6.48504
6.50244
6.50291
6.5009
6.49533
6.48986
6.48535
6.48083
6.47625
6.47236
6.4695
6.46704
6.4637
6.45948
6.45483
6.45352
6.46111
6.47107
6.46254
6.41806
6.71364
6.72946
6.72717
6.72245
6.71423
6.70573
6.69833
6.69187
6.68688
6.68324
6.68196
6.68176
6.68306
6.68429
6.68424
6.68059
6.67239
6.65973
6.65291
6.63043
6.90438
6.91842
6.91388
6.9092
6.90171
6.89473
6.89012
6.88748
6.88598
6.88587
6.88759
6.89161
6.89752
6.90459
6.91369
6.92654
6.94372
6.95526
6.94961
6.91971
7.03496
7.0464
7.04326
7.04759
7.05367
7.06061
7.06758
7.07419
7.07947
7.08441
7.08923
7.0954
7.10192
7.10894
7.11768
7.13207
7.15168
7.16551
7.17352
7.16248
7.15433
7.16557
7.16932
7.19152
7.21982
7.24548
7.26434
7.2773
7.28596
7.2922
7.29735
7.3027
7.30834
7.31501
7.32233
7.32898
7.33038
7.32535
7.33519
7.33996
7.38436
7.40714
7.42195
7.44962
7.47722
7.49736
7.50858
7.51357
7.515
7.51594
7.51667
7.51835
7.51946
7.51943
7.51755
7.51425
7.5111
7.50935
7.51119
7.50404
7.77776
7.82126
7.8354
7.82815
7.80866
7.78708
7.76976
7.75629
7.74647
7.73988
7.73692
7.73588
7.73452
7.72932
7.71733
7.69642
7.66856
7.64447
7.64437
7.6442
8.14291
8.18063
8.16606
8.1172
8.06187
8.0171
7.98778
7.96937
7.9579
7.95039
7.94677
7.94488
7.94392
7.9421
7.94072
7.93912
7.93417
7.92345
7.91261
7.88854
8.27099
8.25167
8.21292
8.20051
8.19322
8.18409
8.1736
8.16441
8.15705
8.15176
8.14795
8.14533
8.14248
8.14135
8.14587
8.16168
8.18996
8.21638
8.21486
8.16793
8.32591
8.30309
8.28717
8.30989
8.33866
8.35647
8.36211
8.36144
8.35834
8.35541
8.35284
8.35095
8.34925
8.34787
8.34493
8.34017
8.33626
8.33527
8.34465
8.32925
8.46163
8.48088
8.49611
8.51075
8.52997
8.54873
8.56055
8.56518
8.56626
8.56626
8.56753
8.57007
8.5743
8.57757
8.57485
8.55869
8.52697
8.49255
8.48948
8.49379
8.68128
8.72321
8.73584
8.73829
8.74769
8.76244
8.77419
8.7799
8.78182
8.78295
8.78596
8.79152
8.7998
8.80875
8.81866
8.82894
8.83426
8.82803
8.81518
8.79433
8.94996
8.98992
9.00093
9.00497
9.00004
8.99803
8.99898
8.99944
8.99849
8.9979
8.99894
9.0028
9.00821
9.01643
9.03052
9.05633
9.09485
9.13059
9.13788
9.10081
9.21533
9.25171
9.25534
9.25017
9.23372
9.22059
9.21384
9.21013
9.2074
9.20593
9.20583
9.20735
9.20916
9.2114
9.21239
9.21089
9.21054
9.21762
9.24149
9.23775
9.40794
9.42065
9.41303
9.4214
9.42222
9.41756
9.41345
9.41167
9.41125
9.41175
9.41367
9.41633
9.41869
9.41703
9.406
9.37893
9.3379
9.30441
9.31462
9.32736
9.59487
9.60182
9.59496
9.60346
9.61155
9.61683
9.62022
9.62333
9.62579
9.62815
9.63107
9.63439
9.6369
9.63559
9.6291
9.61811
9.60349
9.58781
9.57706
9.5555
9.79729
9.80152
9.79706
9.81926
9.8428
9.8578
9.86255
9.86194
9.8596
9.85843
9.85838
9.85986
9.86105
9.86306
9.86786
9.88137
9.90651
9.92925
9.92312
9.87003
10.1001
10.129
10.1327
10.1409
10.1412
10.1333
10.1205
10.1066
10.0945
10.0868
10.0833
10.0837
10.0865
10.0915
10.0989
10.1114
10.1288
10.141
10.1469
10.1148
10.4089
10.4549
10.4448
10.4143
10.3806
10.3535
10.3333
10.3179
10.306
10.2979
10.2945
10.2954
10.2997
10.305
10.3092
10.3109
10.3089
10.3041
10.3133
10.3047
10.5332
10.5456
10.5151
10.5045
10.5018
10.5035
10.5044
10.5033
10.5007
10.4983
10.4978
10.4999
10.5028
10.505
10.5053
10.5025
10.4962
10.4896
10.4958
10.4866
10.5971
10.5976
10.5806
10.6061
10.6406
10.6698
10.6878
10.6963
10.6991
10.7
10.7015
10.7046
10.7082
10.7103
10.7088
10.7023
10.6908
10.6776
10.6798
10.6645
10.786
10.8246
10.8341
10.8503
10.8662
10.8829
10.8956
10.9021
10.9039
10.9041
10.9045
10.9059
10.9073
10.9077
10.9075
10.9081
10.9108
10.9113
10.9107
10.8761
11.0505
11.1234
11.1338
11.1217
11.1058
11.1014
11.1041
11.107
11.1078
11.1074
11.1066
11.1053
11.1022
11.0971
11.0907
11.0866
11.0888
11.0948
11.1002
11.0589
11.2606
11.3137
11.3132
11.3156
11.3092
11.3059
11.3074
11.3108
11.3132
11.3137
11.3137
11.3128
11.3116
11.3083
11.3012
11.2863
11.2587
11.2265
11.2274
11.2082
11.4698
11.504
11.502
11.5188
11.5231
11.524
11.5255
11.529
11.5317
11.5333
11.534
11.535
11.5361
11.5368
11.5382
11.5416
11.5456
11.5414
11.5324
11.4856
11.7242
11.7658
11.7641
11.7762
11.777
11.7737
11.7698
11.7684
11.7677
11.7682
11.7686
11.7704
11.7719
11.7741
11.7777
11.7849
11.7981
11.8089
11.8157
11.7664
12.0118
12.0563
12.0496
12.06
12.0571
12.0453
12.03
12.0174
12.0092
12.0057
12.0061
12.0101
12.0181
12.0301
12.0435
12.0505
12.0436
12.0259
12.0383
12.0121
12.3199
12.3746
12.3595
12.3474
12.3204
12.2905
12.2642
12.2449
12.2328
12.2276
12.2282
12.2345
12.2463
12.2626
12.2829
12.3068
12.3325
12.3494
12.3641
12.3177
12.5149
12.567
12.5312
12.5071
12.4838
12.4661
12.4527
12.4431
12.437
12.4348
12.4363
12.4418
12.4486
12.4557
12.4619
12.4705
12.4881
12.5129
12.5494
12.5073
12.5933
12.6206
12.5873
12.6119
12.6379
12.6528
12.6553
12.6521
12.6488
12.6476
12.6498
12.6544
12.6601
12.6636
12.6599
12.6428
12.6116
12.5835
12.6121
12.5868
12.8034
12.8731
12.869
12.8812
12.8881
12.8921
12.8891
12.8817
12.8747
12.8716
12.8731
12.8789
12.8869
12.8944
12.8989
12.8986
12.8954
12.8843
12.8844
12.8125
13.0682
13.172
13.17
13.1585
13.1399
13.1284
13.1188
13.1086
13.0998
13.0958
13.0965
13.1018
13.1094
13.1187
13.1311
13.1516
13.1848
13.2077
13.2117
13.1062
13.2547
13.347
13.3417
13.3521
13.3486
13.3421
13.3341
13.3253
13.3172
13.3128
13.3134
13.3188
13.327
13.3371
13.3483
13.3618
13.3788
13.3836
13.3989
13.3084
13.4265
13.5061
13.5034
13.5303
13.5422
13.5461
13.5427
13.5356
13.5279
13.5228
13.5225
13.5267
13.5344
13.5417
13.5457
13.5442
13.537
13.5172
13.53
13.4514
13.6202
13.7115
13.7096
13.729
13.7355
13.7388
13.7385
13.735
13.7297
13.7258
13.7253
13.7282
13.732
13.7335
13.7312
13.723
13.7092
13.6835
13.6882
13.5941
13.7833
13.8769
13.8698
13.8939
13.9076
13.9182
13.9251
13.9279
13.9271
13.9256
13.9259
13.9282
13.9307
13.9301
13.9249
13.9131
13.8937
13.8608
13.8619
13.7562
13.9481
14.0409
14.0321
14.0645
14.0902
14.1107
14.1228
14.1281
14.1286
14.1272
14.1257
14.1251
14.1239
14.1209
14.1168
14.1121
14.1077
14.0893
14.0922
13.9677
14.1644
14.2622
14.2526
14.2846
14.3092
14.3274
14.3371
14.3401
14.3388
14.3361
14.3322
14.3275
14.3202
14.3092
14.2953
14.2811
14.2715
14.2581
14.2739
14.1442
14.4455
14.5551
14.5365
14.5433
14.5426
14.5441
14.5484
14.5513
14.5521
14.5509
14.5499
14.5476
14.5439
14.5354
14.52
14.491
14.4454
14.39
14.4046
14.3013
14.6944
14.7974
14.7555
14.7436
14.7375
14.7419
14.7529
14.7633
14.7704
14.774
14.7771
14.7794
14.7832
14.786
14.7896
14.7924
14.7911
14.7732
14.7806
14.6504
14.9033
14.9755
14.9263
14.9465
14.9689
14.9848
14.9947
15.0017
15.006
15.0082
15.0092
15.0108
15.0133
15.0191
15.0321
15.0581
15.0999
15.1354
15.1741
15.0349
15.2711
15.3755
15.3405
15.3257
15.3038
15.2837
15.2678
15.2573
15.251
15.2467
15.2436
15.2415
15.2412
15.2439
15.2504
15.2604
15.2759
15.2951
15.3592
15.26
15.6261
15.7463
15.6943
15.6375
15.58
15.5373
15.5093
15.4919
15.4822
15.4766
15.4744
15.4742
15.4763
15.4792
15.48
15.4731
15.4578
15.4457
15.5005
15.4268
15.7777
15.8701
15.8086
15.7757
15.7488
15.7291
15.7159
15.7078
15.7036
15.7022
15.7033
15.7068
15.713
15.7207
15.7294
15.74
15.7506
15.7576
15.792
15.6944
15.859
15.9408
15.9096
15.9206
15.9332
15.9387
15.9382
15.9363
15.9348
15.9354
15.9372
15.9418
15.9484
15.9598
15.9767
16.0048
16.0444
16.0808
16.1129
15.9929
16.0748
16.1927
16.2045
16.2148
16.2133
16.2057
16.1968
16.1887
16.1834
16.1816
16.1826
16.1869
16.194
16.205
16.219
16.2373
16.2552
16.2653
16.2894
16.1896
16.3857
16.5277
16.5521
16.5415
16.5135
16.4854
16.4638
16.4479
16.4381
16.4338
16.4345
16.4397
16.449
16.4612
16.4728
16.4796
16.4747
16.4596
16.4588
16.3674
16.6485
16.7585
16.7802
16.7871
16.7719
16.7454
16.7213
16.7033
16.6921
16.6877
16.6892
16.6963
16.7084
16.7242
16.7414
16.7555
16.7566
16.7449
16.7204
16.6193
16.8714
16.9487
16.9719
16.9926
16.9968
16.9817
16.9628
16.9475
16.9377
16.9346
16.9376
16.9467
16.9605
16.9788
17.0004
17.0214
17.0282
17.0208
16.9887
16.8959
17.0568
17.1165
17.1444
17.1669
17.1887
17.1906
17.1844
17.1768
17.1711
17.1693
17.1708
17.1761
17.1836
17.1934
17.2056
17.2179
17.2192
17.2173
17.1886
17.1152
17.1822
17.219
17.258
17.2996
17.355
17.3849
17.3963
17.3978
17.3959
17.3938
17.3919
17.3898
17.3857
17.3775
17.3621
17.3371
17.2943
17.2663
17.2331
17.1994
17.3535
17.389
17.4468
17.481
17.5417
17.5826
17.6052
17.6143
17.6164
17.6147
17.6113
17.6042
17.5921
17.5711
17.5367
17.4803
17.3911
17.3258
17.2666
17.2605
17.6312
17.6627
17.7168
17.7026
17.7379
17.7762
17.8074
17.8274
17.8365
17.8381
17.8348
17.8262
17.8116
17.7889
17.7569
17.7137
17.6605
17.6489
17.5677
17.5367
18.0074
17.9866
18.0282
17.9818
17.9903
18.0102
18.0336
18.0536
18.0651
18.0689
18.0667
18.0597
18.0474
18.0311
18.0135
18.0005
17.9998
18.0629
18.01
18.0081
18.4697
18.4145
18.459
18.361
18.32
18.298
18.295
18.3017
18.309
18.313
18.3132
18.3109
18.3079
18.309
18.3213
18.3542
18.4043
18.5176
18.484
18.5507
18.8724
18.7686
18.8275
18.705
18.6482
18.6048
18.5829
18.5783
18.5808
18.5842
18.5866
18.5908
18.5984
18.6176
18.6539
18.7113
18.7821
18.9244
18.8801
19.0031
19.2075
19.0582
19.1767
19.0649
19.0202
18.9669
18.9259
18.9054
18.8988
18.8977
18.8993
18.9053
18.9191
18.9484
18.9944
19.0475
19.0876
19.2035
19.0954
19.2668
19.5128
19.3502
19.5655
19.4433
19.4001
19.3429
19.2895
19.2551
19.239
19.2332
19.2326
19.238
19.2512
19.2786
19.3183
19.3571
19.3795
19.4866
19.2646
19.4422
19.6649
19.4291
19.74
19.6264
19.6224
19.6023
19.5713
19.5468
19.5347
19.5309
19.5307
19.5337
19.5418
19.5574
19.5724
19.5738
19.5631
19.666
19.3313
19.5518
19.6865
19.2993
19.7267
19.6473
19.7093
19.7435
19.7447
19.7369
19.7327
19.7324
19.7335
19.7358
19.7401
19.7468
19.7444
19.714
19.6687
19.7658
19.3155
19.6634
19.8952
19.3259
19.8755
19.7271
19.7782
19.8338
19.8521
19.8511
19.8489
19.8487
19.8498
19.8511
19.8531
19.8524
19.8372
19.7957
19.7668
19.9316
19.3872
19.9542
20.4605
19.591
20.2676
19.9954
19.969
20.0032
20.0173
20.0117
20.0041
20.0001
20.0008
20.0054
20.0123
20.0178
20.0077
19.983
20.0124
20.2789
19.6197
20.5189
21.3212
20.0346
20.9286
20.5383
20.3893
20.3604
20.348
20.3289
20.3124
20.3031
20.3027
20.31
20.3249
20.3444
20.359
20.3885
20.5236
20.8922
20.0033
21.3167
22.091
20.1408
21.3786
20.9985
20.7896
20.7264
20.7012
20.6781
20.6592
20.6488
20.6477
20.6571
20.6741
20.6974
20.7216
20.7826
20.9913
21.372
20.1187
22.0498
22.6182
19.6471
21.3688
21.157
20.9495
20.8749
20.8438
20.8168
20.7947
20.7825
20.7823
20.7947
20.8165
20.8461
20.8783
20.9542
21.1645
21.3838
19.6595
22.6182
23.8029
19.1994
21.3233
21.2997
21.0347
20.8979
20.8337
20.7909
20.7615
20.7467
20.7469
20.7636
20.792
20.8385
20.8986
21.0356
21.2905
21.3101
19.1979
23.8183
27.1243
19.4836
21.1852
21.3985
21.163
21.0139
20.9519
20.9186
20.8983
20.8873
20.8881
20.8976
20.9173
20.9524
21.0127
21.1633
21.3987
21.1863
19.4889
27.1207
31.9438
19.825
19.8207
20.6363
20.8602
20.8832
20.8846
20.883
20.8791
20.8759
20.8759
20.8789
20.8827
20.8843
20.8823
20.8587
20.6345
19.8222
19.8297
31.9406
0.00767457
0.00702872
0.000749583
0.00959393
0.0174587
0.0249106
0.0318862
0.0369804
0.0396503
0.0404307
0.0401633
0.0391578
0.03734
0.0351125
0.0337257
0.0354929
0.0389057
0.0379336
0.0413926
0.0348555
0.0841185
0.0965755
0.0990281
0.112059
0.125998
0.136715
0.144445
0.150207
0.153709
0.155072
0.155
0.15343
0.151026
0.147668
0.144581
0.142204
0.13995
0.137529
0.138352
0.125463
0.257481
0.274723
0.282636
0.278728
0.274764
0.274768
0.277272
0.280303
0.282509
0.283242
0.282562
0.280537
0.276936
0.27194
0.265747
0.259016
0.253501
0.250266
0.249443
0.247708
0.423674
0.43681
0.445405
0.442864
0.433532
0.42449
0.418649
0.415781
0.414629
0.413913
0.413166
0.412209
0.411302
0.410558
0.409321
0.405225
0.396322
0.38437
0.377343
0.374906
0.592278
0.589992
0.591031
0.59018
0.582266
0.570282
0.558999
0.551217
0.54688
0.544958
0.544044
0.544287
0.545244
0.547983
0.552391
0.558158
0.564037
0.565447
0.55724
0.544345
0.730452
0.722893
0.715232
0.709464
0.702194
0.692425
0.682706
0.675401
0.671152
0.669499
0.669036
0.669805
0.671537
0.674952
0.679847
0.686245
0.692458
0.694949
0.693362
0.688426
0.810534
0.800547
0.789845
0.78999
0.794756
0.797991
0.797936
0.795684
0.793148
0.791871
0.791469
0.792256
0.793527
0.795695
0.797827
0.799482
0.799883
0.798911
0.801042
0.804002
0.908859
0.906285
0.902402
0.905839
0.913147
0.918803
0.920678
0.919591
0.917291
0.915855
0.915497
0.916444
0.917682
0.918373
0.916677
0.91151
0.903195
0.897158
0.901405
0.909207
1.03369
1.04636
1.05088
1.04775
1.04451
1.04272
1.04158
1.04005
1.03818
1.03707
1.03729
1.03906
1.04135
1.04349
1.0445
1.04381
1.04103
1.03912
1.04129
1.04168
1.12709
1.13528
1.13985
1.1431
1.14603
1.1492
1.15163
1.15295
1.15272
1.15233
1.15192
1.15224
1.15292
1.1544
1.15771
1.16513
1.17615
1.1865
1.18697
1.1739
1.22655
1.23145
1.237
1.24503
1.25308
1.25956
1.26354
1.26579
1.26634
1.26561
1.2641
1.26212
1.25918
1.25518
1.25028
1.24656
1.24486
1.24522
1.24735
1.24535
1.35554
1.36674
1.37328
1.375
1.37643
1.37946
1.38233
1.38393
1.38436
1.38344
1.38185
1.379
1.37491
1.36832
1.35792
1.34258
1.32401
1.3092
1.30686
1.31337
1.48864
1.49437
1.49612
1.49601
1.49595
1.49896
1.50315
1.50653
1.50832
1.50872
1.50814
1.50655
1.5039
1.49984
1.4941
1.48592
1.47626
1.4665
1.45683
1.44855
1.62976
1.62982
1.63132
1.63604
1.6371
1.6364
1.63627
1.63765
1.63924
1.6408
1.6416
1.6422
1.64272
1.64358
1.64537
1.64864
1.65312
1.65397
1.64429
1.62618
1.78392
1.79061
1.79367
1.79102
1.78521
1.77846
1.77337
1.77116
1.77131
1.77278
1.77512
1.77851
1.78369
1.79112
1.80038
1.80923
1.81494
1.81393
1.80972
1.80329
1.90937
1.90755
1.90626
1.90904
1.91128
1.91046
1.907
1.903
1.90046
1.89998
1.90115
1.90413
1.90944
1.91752
1.92928
1.94409
1.95953
1.9706
1.97392
1.96892
2.03502
2.0345
2.03487
2.03819
2.03958
2.03699
2.03231
2.02698
2.02287
2.02036
2.01955
2.01988
2.02067
2.02174
2.02331
2.02618
2.0303
2.03657
2.04831
2.05627
2.1589
2.1624
2.15874
2.15288
2.14936
2.14692
2.14531
2.14335
2.14151
2.13966
2.13866
2.13755
2.13603
2.13226
2.12458
2.11215
2.09573
2.0843
2.0926
2.10822
2.27344
2.27059
2.2626
2.2601
2.26188
2.26498
2.26712
2.26731
2.26615
2.26449
2.26311
2.26189
2.25998
2.25624
2.24938
2.23941
2.22944
2.22362
2.22038
2.21501
2.40243
2.40798
2.40744
2.40619
2.40506
2.40351
2.40068
2.39732
2.39417
2.39173
2.38984
2.38832
2.38672
2.38467
2.38219
2.38003
2.38003
2.38126
2.37384
2.35421
2.51724
2.52825
2.53218
2.5298
2.52544
2.52208
2.51958
2.51773
2.51663
2.51613
2.51625
2.51664
2.51714
2.51839
2.52094
2.5239
2.5255
2.52326
2.51523
2.50035
2.60323
2.60981
2.61241
2.61405
2.61725
2.62326
2.62979
2.63516
2.63887
2.64154
2.64431
2.64753
2.65218
2.65802
2.66481
2.67135
2.67596
2.67511
2.67012
2.6626
2.70662
2.7085
2.71302
2.72666
2.74177
2.7541
2.76173
2.76607
2.7681
2.7694
2.77074
2.77337
2.77747
2.78368
2.79232
2.80394
2.81775
2.82752
2.82839
2.81988
2.88307
2.89946
2.90955
2.91353
2.9122
2.908
2.90342
2.90002
2.89722
2.89528
2.89382
2.89346
2.89338
2.8934
2.89368
2.89547
2.89917
2.9039
2.911
2.91272
3.04779
3.06873
3.07506
3.06554
3.04898
3.03431
3.02507
3.02032
3.01786
3.01626
3.01508
3.01404
3.0125
3.00943
3.00332
2.99231
2.97623
2.96242
2.96528
2.97518
3.13432
3.13105
3.12706
3.13045
3.13349
3.13553
3.13661
3.13737
3.13806
3.13896
3.13965
3.14011
3.13975
3.13747
3.13257
3.12483
3.11484
3.10578
3.09927
3.09238
3.2316
3.22098
3.21658
3.22917
3.24484
3.25529
3.26056
3.26307
3.26451
3.26591
3.26732
3.26889
3.27002
3.27076
3.27091
3.27117
3.27222
3.2724
3.26525
3.24792
3.39178
3.39769
3.39779
3.39825
3.39937
3.39877
3.39775
3.39656
3.39552
3.39496
3.39491
3.39518
3.39636
3.39933
3.40513
3.41328
3.42149
3.42434
3.41828
3.40215
3.55553
3.56965
3.5683
3.55805
3.54732
3.53845
3.53234
3.52781
3.52476
3.52255
3.52122
3.52036
3.51986
3.51971
3.52062
3.52378
3.52885
3.53168
3.53068
3.52312
3.66818
3.67192
3.6674
3.66331
3.66016
3.65755
3.65553
3.6537
3.65237
3.6512
3.65076
3.65055
3.65078
3.64984
3.64626
3.63854
3.62693
3.61689
3.61909
3.62468
3.76456
3.76404
3.76144
3.76696
3.77582
3.78252
3.78495
3.78481
3.78359
3.78275
3.78311
3.78482
3.7875
3.79047
3.79282
3.79267
3.7895
3.78598
3.78481
3.7799
3.89233
3.91006
3.91926
3.92171
3.92148
3.91992
3.91707
3.91429
3.91166
3.91022
3.90988
3.91128
3.91395
3.91826
3.92517
3.93608
3.94977
3.96065
3.96048
3.94508
4.01601
4.04002
4.05173
4.04879
4.041
4.03594
4.03376
4.03285
4.03232
4.03189
4.03168
4.03201
4.03265
4.03413
4.03645
4.03995
4.04384
4.04744
4.05224
4.04942
4.12071
4.12147
4.12429
4.13342
4.14099
4.14799
4.15306
4.15533
4.15612
4.15636
4.15688
4.15744
4.15792
4.15716
4.15376
4.14557
4.13315
4.12385
4.12738
4.13365
4.25984
4.25645
4.25578
4.26539
4.27392
4.27947
4.28286
4.28418
4.28422
4.28401
4.28427
4.28498
4.28567
4.28527
4.28286
4.27749
4.27057
4.26558
4.26276
4.25504
4.41055
4.42086
4.41961
4.41717
4.4152
4.41328
4.41256
4.4127
4.41273
4.41275
4.41257
4.4126
4.41244
4.4119
4.41086
4.41018
4.41151
4.41299
4.40783
4.38953
4.54737
4.55458
4.55033
4.54657
4.54444
4.54315
4.54258
4.54268
4.54312
4.5435
4.54412
4.54497
4.54615
4.54706
4.54706
4.54533
4.54217
4.5372
4.53285
4.52248
4.68315
4.68959
4.68776
4.68524
4.68255
4.68034
4.67873
4.67774
4.67731
4.67741
4.67793
4.679
4.68066
4.68271
4.68605
4.69128
4.69851
4.70377
4.70099
4.68644
4.81153
4.82166
4.8251
4.8266
4.82598
4.82371
4.82034
4.81649
4.8132
4.81111
4.81036
4.81079
4.81194
4.81367
4.81656
4.8221
4.82979
4.83552
4.83685
4.82845
4.9518
4.96727
4.97618
4.97637
4.96985
4.96138
4.95368
4.94728
4.94247
4.9392
4.93767
4.93763
4.93913
4.94151
4.9441
4.94602
4.9456
4.9426
4.94372
4.94257
5.07207
5.08311
5.08679
5.0837
5.07712
5.07185
5.06852
5.06628
5.06449
5.06311
5.06225
5.06216
5.06213
5.06224
5.06201
5.06096
5.0594
5.05824
5.05807
5.05254
5.15081
5.14167
5.13765
5.15233
5.16856
5.18019
5.1867
5.18971
5.19085
5.19157
5.19247
5.19366
5.19423
5.19298
5.18821
5.1792
5.16711
5.15774
5.1591
5.15929
5.26574
5.26955
5.27042
5.28355
5.29979
5.31203
5.31937
5.32329
5.32508
5.32646
5.32839
5.33127
5.33472
5.33822
5.34084
5.34134
5.33852
5.33354
5.33039
5.32061
5.44241
5.45886
5.45997
5.45801
5.45811
5.45978
5.46133
5.46226
5.46224
5.46253
5.46322
5.46517
5.46839
5.47397
5.48322
5.49714
5.51422
5.52618
5.52277
5.49877
5.63812
5.65269
5.64945
5.6376
5.62325
5.61144
5.60343
5.5984
5.59548
5.59384
5.59311
5.59344
5.59467
5.59678
5.59959
5.60444
5.6119
5.61817
5.62093
5.6096
5.77599
5.78704
5.7809
5.76705
5.7521
5.74005
5.7318
5.72647
5.7234
5.7216
5.72086
5.72071
5.72087
5.71947
5.71418
5.70406
5.69079
5.68019
5.68284
5.685
5.84332
5.84487
5.84359
5.84971
5.856
5.85868
5.85734
5.85443
5.85178
5.8504
5.85027
5.85082
5.8509
5.84916
5.84453
5.83602
5.82409
5.813
5.80942
5.80201
5.91988
5.93167
5.94275
5.95715
5.96994
5.97821
5.98137
5.98159
5.98056
5.9803
5.98096
5.98278
5.98473
5.98654
5.98822
5.99013
5.99205
5.99164
5.98545
5.96407
6.04894
6.06549
6.07362
6.08061
6.08881
6.09772
6.10471
6.10884
6.11051
6.11143
6.11254
6.11471
6.11761
6.12191
6.12783
6.13561
6.14335
6.14526
6.14022
6.11972
6.22758
6.23842
6.23817
6.24008
6.24168
6.24422
6.24647
6.24755
6.2474
6.24701
6.24674
6.24721
6.24774
6.24803
6.24806
6.24913
6.25153
6.25171
6.25044
6.2365
6.41337
6.43328
6.4354
6.43002
6.41775
6.40575
6.39693
6.39071
6.38663
6.38378
6.38237
6.38153
6.38093
6.37864
6.37256
6.36084
6.34463
6.33072
6.3322
6.33117
6.55281
6.56728
6.56679
6.56198
6.55185
6.54137
6.53272
6.52604
6.52147
6.51852
6.51729
6.51709
6.51768
6.51778
6.51648
6.51203
6.5043
6.49701
6.49511
6.48369
6.64779
6.64821
6.64529
6.65435
6.66245
6.66535
6.66339
6.65926
6.65499
6.65208
6.65051
6.65045
6.65122
6.65333
6.65759
6.66561
6.67627
6.68412
6.68262
6.65931
6.7453
6.75426
6.75684
6.76847
6.78038
6.78764
6.7898
6.78863
6.78594
6.78385
6.78297
6.78374
6.78553
6.78817
6.79131
6.79581
6.80054
6.803
6.8053
6.79236
6.85867
6.87545
6.87688
6.88146
6.88993
6.89945
6.90701
6.91126
6.91273
6.91311
6.91421
6.91674
6.92072
6.92489
6.92724
6.9257
6.91985
6.91352
6.91629
6.91263
6.98972
7.00513
7.0053
7.01107
7.01886
7.02731
7.03452
7.03946
7.04204
7.0434
7.04472
7.04684
7.04992
7.05338
7.05665
7.05886
7.06013
7.0606
7.06125
7.04831
7.15065
7.17348
7.17709
7.17695
7.17398
7.17251
7.17314
7.17457
7.17572
7.17645
7.17701
7.17766
7.17752
7.17613
7.17346
7.17117
7.17144
7.17352
7.1747
7.15701
7.30689
7.32491
7.32477
7.32298
7.31878
7.31584
7.31463
7.31436
7.31446
7.31439
7.31456
7.31458
7.31423
7.31191
7.30559
7.29381
7.27721
7.26244
7.2622
7.2544
7.46418
7.47322
7.4694
7.47339
7.47484
7.47277
7.46823
7.4639
7.46045
7.45834
7.45723
7.45708
7.45731
7.45761
7.45775
7.45725
7.45577
7.45253
7.44801
7.42615
7.63977
7.65955
7.65788
7.65274
7.64178
7.62915
7.61771
7.60939
7.6036
7.60062
7.59925
7.59971
7.60112
7.60446
7.6108
7.62184
7.63677
7.64758
7.64655
7.6178
7.76402
7.78557
7.77976
7.76983
7.75767
7.74834
7.74224
7.73853
7.73628
7.73574
7.73679
7.73999
7.74525
7.75302
7.76284
7.77349
7.78198
7.78472
7.78832
7.77271
7.83867
7.84557
7.83673
7.84616
7.85751
7.86536
7.86842
7.86901
7.86896
7.86987
7.87195
7.87613
7.88242
7.89085
7.90045
7.90981
7.91651
7.91857
7.92219
7.90633
7.9768
7.99891
7.99776
8.00339
8.00843
8.01082
8.01071
8.00926
8.00767
8.00695
8.00784
8.01077
8.01517
8.01985
8.02262
8.02183
8.01658
8.00868
8.0113
7.99807
8.15004
8.19105
8.19465
8.1889
8.1777
8.16733
8.1594
8.15315
8.14862
8.14574
8.14496
8.14573
8.14738
8.14776
8.14516
8.13833
8.12711
8.11445
8.11289
8.09226
8.28836
8.32535
8.3279
8.3276
8.3198
8.30987
8.30037
8.29272
8.28739
8.28435
8.28325
8.28342
8.28322
8.28148
8.27777
8.27199
8.26557
8.25906
8.25591
8.2219
8.39956
8.42984
8.43217
8.44085
8.44304
8.44038
8.4347
8.42921
8.42524
8.42339
8.42365
8.42544
8.42838
8.43129
8.43332
8.43321
8.42994
8.42331
8.42094
8.38472
8.51341
8.54862
8.55332
8.56473
8.57117
8.57293
8.57071
8.56703
8.56379
8.56249
8.56315
8.5661
8.57099
8.57854
8.5889
8.60093
8.61226
8.61587
8.61441
8.57155
8.63897
8.6766
8.68179
8.6966
8.70668
8.71133
8.71088
8.70737
8.70342
8.70126
8.70129
8.70377
8.70845
8.71503
8.72287
8.73191
8.74149
8.74526
8.74917
8.71149
8.78501
8.83013
8.83625
8.84599
8.84976
8.84948
8.84659
8.8422
8.83824
8.83568
8.83569
8.83818
8.8428
8.84757
8.84977
8.84602
8.83605
8.82298
8.82712
8.79872
8.91087
8.9568
8.95755
8.96128
8.96394
8.96714
8.96945
8.9698
8.96935
8.96888
8.96983
8.97185
8.9746
8.97566
8.97387
8.96732
8.95591
8.94245
8.94178
8.90376
9.02141
9.04893
9.04238
9.06002
9.07984
9.09528
9.10403
9.10759
9.1084
9.10874
9.10971
9.1114
9.11231
9.11086
9.10619
9.09892
9.09199
9.08558
9.08516
9.03686
9.2091
9.24761
9.24335
9.25
9.25574
9.25907
9.25963
9.25831
9.25612
9.25429
9.25387
9.25441
9.25584
9.25623
9.25444
9.24986
9.2433
9.23536
9.23599
9.18761
9.41059
9.45971
9.45284
9.44211
9.42888
9.4184
9.41102
9.40523
9.40048
9.39682
9.39446
9.39328
9.39273
9.39265
9.39358
9.39605
9.39998
9.4008
9.40293
9.3514
9.54119
9.57613
9.56101
9.55359
9.54824
9.54567
9.54421
9.54236
9.54013
9.53772
9.5354
9.53286
9.52973
9.52513
9.51981
9.51634
9.51659
9.51784
9.52651
9.48534
9.64825
9.66838
9.6495
9.65202
9.66201
9.67278
9.68035
9.68414
9.68521
9.68481
9.68417
9.68328
9.68197
9.67889
9.67297
9.66321
9.65113
9.64226
9.65345
9.62532
9.81857
9.84926
9.83552
9.83112
9.83132
9.8341
9.83757
9.84004
9.84105
9.84122
9.8418
9.84304
9.84571
9.84967
9.85542
9.86235
9.86844
9.87337
9.88253
9.84564
10.029
10.0747
10.0648
10.0452
10.0242
10.0095
10.0026
10.0001
9.99924
9.99919
9.99991
10.0026
10.0074
10.0168
10.0329
10.0581
10.0892
10.1158
10.1279
10.0832
10.2083
10.2461
10.2349
10.2167
10.1943
10.1749
10.1629
10.1569
10.1545
10.1539
10.1545
10.1572
10.1625
10.172
10.1862
10.2063
10.2292
10.2497
10.2666
10.2376
10.3552
10.3857
10.3785
10.3689
10.3533
10.3353
10.321
10.3126
10.3088
10.3075
10.3081
10.3106
10.3154
10.3227
10.3309
10.3371
10.3373
10.3369
10.348
10.3324
10.4916
10.5269
10.5305
10.5277
10.5173
10.5005
10.4847
10.4737
10.4679
10.466
10.4668
10.4698
10.4747
10.4812
10.488
10.492
10.4872
10.4795
10.4756
10.4476
10.6173
10.6564
10.671
10.6794
10.6789
10.6672
10.652
10.639
10.6306
10.6275
10.6283
10.6327
10.6398
10.6494
10.6594
10.667
10.6672
10.6627
10.6461
10.599
10.7395
10.7883
10.8157
10.8296
10.8336
10.8247
10.8108
10.7978
10.7888
10.7849
10.7853
10.7897
10.7975
10.8084
10.8206
10.8305
10.8319
10.8265
10.8033
10.754
10.828
10.8768
10.9109
10.9295
10.945
10.9501
10.948
10.9429
10.9381
10.9359
10.9363
10.9394
10.9442
10.9496
10.9547
10.9574
10.9538
10.9468
10.9212
10.8799
10.9111
10.9353
10.9692
11.0067
11.049
11.0762
11.0887
11.0919
11.0913
11.0902
11.0902
11.091
11.0914
11.089
11.0812
11.0641
11.0355
11.0098
10.9817
10.963
11.1136
11.1342
11.1651
11.1829
11.2118
11.2339
11.2471
11.2528
11.2538
11.2527
11.2515
11.2497
11.2472
11.2407
11.228
11.2045
11.168
11.1396
11.1075
11.098
11.3908
11.4034
11.4196
11.3994
11.3978
11.4032
11.4108
11.4163
11.4185
11.4179
11.4163
11.4136
11.4096
11.4029
11.3941
11.3829
11.3725
11.38
11.3548
11.3419
11.6456
11.6274
11.6311
11.592
11.5764
11.5712
11.5731
11.5775
11.581
11.5821
11.5813
11.5788
11.5752
11.571
11.5688
11.5727
11.5876
11.6292
11.6197
11.6258
11.8725
11.8263
11.8343
11.7885
11.768
11.754
11.7471
11.7463
11.7481
11.7495
11.7499
11.7499
11.7504
11.7545
11.7647
11.7829
11.8084
11.8597
11.8502
11.8888
12.0947
12.0438
12.0755
12.0183
11.987
11.9595
11.9399
11.9299
11.9265
11.9259
11.9266
11.929
11.935
11.9482
11.9705
12.0015
12.0382
12.1008
12.0708
12.1229
12.2804
12.2247
12.2958
12.2328
12.1983
12.1658
12.1392
12.1228
12.1153
12.113
12.1136
12.1178
12.1267
12.1442
12.1702
12.2005
12.2307
12.2873
12.2175
12.2868
12.3943
12.3119
12.4419
12.3939
12.3771
12.3569
12.3341
12.3166
12.3075
12.3044
12.3047
12.3089
12.3181
12.3345
12.3552
12.3735
12.3883
12.4344
12.3054
12.3945
12.4706
12.3326
12.5307
12.4941
12.4997
12.502
12.4936
12.483
12.4765
12.4744
12.4745
12.4774
12.4829
12.4917
12.4979
12.4942
12.4905
12.531
12.3359
12.4736
12.6151
12.3641
12.6229
12.5756
12.5907
12.611
12.6157
12.6117
12.6078
12.6061
12.6065
12.6081
12.6115
12.6141
12.6083
12.5889
12.5744
12.6204
12.3618
12.613
12.9692
12.5455
12.868
12.7576
12.7297
12.7369
12.7387
12.7326
12.7262
12.723
12.7231
12.7265
12.7321
12.7373
12.7363
12.7311
12.7591
12.8693
12.5467
12.9673
13.4875
12.7912
13.2145
13.0399
12.9473
12.9226
12.9119
12.8992
12.8884
12.8825
12.8825
12.8878
12.8979
12.9107
12.9223
12.9487
13.0425
13.2194
12.7947
13.4846
13.9756
12.8703
13.4854
13.3089
13.1764
13.1283
13.1089
13.0932
13.0802
13.0731
13.0726
13.0794
13.0915
13.1083
13.1291
13.1787
13.3128
13.4899
12.8709
13.9702
14.3588
12.6184
13.5275
13.4402
13.3025
13.243
13.219
13.2013
13.1871
13.179
13.1789
13.1868
13.2007
13.2194
13.2436
13.3029
13.4386
13.5223
12.6126
14.3598
15.1329
12.3344
13.5147
13.543
13.3782
13.2842
13.2416
13.2151
13.1967
13.1872
13.1874
13.1981
13.2162
13.2453
13.2857
13.3799
13.5388
13.5088
12.3329
15.1405
17.3237
12.4564
13.4308
13.6029
13.4568
13.3532
13.3095
13.2868
13.2729
13.2653
13.2659
13.2724
13.2859
13.3097
13.3523
13.4566
13.6034
13.4331
12.4598
17.322
20.7668
12.4065
12.47
13.0947
13.2555
13.2646
13.263
13.2617
13.259
13.2568
13.2568
13.2589
13.2616
13.2631
13.2646
13.2555
13.0946
12.4701
12.4067
20.7669
0.0233613
0.0219547
0.0205941
0.0202876
0.0200253
0.0201625
0.0205732
0.0209309
0.0211374
0.0211502
0.0210638
0.0208492
0.0203722
0.0197877
0.0192805
0.0194873
0.0205047
0.0214064
0.0229656
0.0245355
0.0638684
0.0630063
0.0642387
0.0672705
0.0697159
0.0709116
0.0713288
0.0715947
0.0719778
0.0723731
0.072948
0.0735067
0.0744364
0.0754862
0.0765819
0.0770001
0.0758338
0.073197
0.0716573
0.0726627
0.114263
0.113853
0.113293
0.11343
0.114742
0.11682
0.118952
0.120745
0.122071
0.123081
0.123889
0.124729
0.125598
0.126803
0.128302
0.129927
0.131428
0.13213
0.131147
0.129543
0.167132
0.167482
0.168055
0.168825
0.169761
0.170791
0.171758
0.17263
0.173297
0.173875
0.174263
0.174674
0.175079
0.175479
0.175627
0.175494
0.175
0.17427
0.17425
0.175201
0.225696
0.227727
0.229324
0.229386
0.228489
0.227288
0.226285
0.225675
0.225335
0.225134
0.224883
0.224624
0.22411
0.223389
0.222226
0.220739
0.219216
0.218309
0.218869
0.220323
0.279512
0.281086
0.282136
0.281893
0.280645
0.279115
0.277906
0.277188
0.276722
0.276495
0.276225
0.275874
0.275215
0.274236
0.272905
0.271427
0.269999
0.269392
0.269571
0.269557
0.326471
0.324539
0.323654
0.324418
0.325481
0.326468
0.327184
0.32775
0.3281
0.328405
0.328641
0.328903
0.328909
0.328837
0.32857
0.328145
0.327532
0.327026
0.326562
0.325714
0.378728
0.37716
0.376057
0.376458
0.377725
0.379081
0.379956
0.380546
0.380885
0.381229
0.381535
0.38195
0.382607
0.38364
0.385049
0.386845
0.3886
0.389398
0.388146
0.385718
0.434425
0.436434
0.437415
0.437071
0.436377
0.435317
0.434271
0.433469
0.433015
0.432782
0.43274
0.432938
0.433397
0.434345
0.435781
0.437636
0.439506
0.440276
0.439423
0.438057
0.482547
0.483764
0.484615
0.484635
0.484372
0.483856
0.48339
0.482992
0.482762
0.482591
0.482469
0.482304
0.482176
0.48185
0.48127
0.480415
0.479271
0.478225
0.478749
0.480712
0.528657
0.526938
0.525983
0.526699
0.52842
0.530381
0.531928
0.532837
0.533216
0.533284
0.533182
0.532916
0.532347
0.5313
0.529635
0.52728
0.524714
0.523223
0.524111
0.526159
0.583127
0.583144
0.582852
0.58303
0.583836
0.584885
0.585719
0.586269
0.586479
0.586584
0.58655
0.586437
0.586202
0.585739
0.585013
0.584079
0.583041
0.582529
0.582349
0.581618
0.641514
0.644259
0.645574
0.644693
0.643055
0.64155
0.640537
0.640058
0.639932
0.640038
0.640284
0.640769
0.641402
0.642382
0.643541
0.644779
0.645916
0.64646
0.645459
0.64302
0.694033
0.694864
0.696076
0.696585
0.695977
0.694934
0.693845
0.692976
0.692418
0.69225
0.692328
0.692702
0.693532
0.694927
0.696968
0.699627
0.70243
0.704018
0.702994
0.700371
0.740687
0.740956
0.742024
0.743158
0.743706
0.743731
0.743402
0.742885
0.742451
0.742142
0.742083
0.742204
0.742402
0.742649
0.742986
0.743437
0.743935
0.744034
0.744162
0.744916
0.784982
0.783791
0.78316
0.78414
0.786045
0.788084
0.789762
0.790824
0.791425
0.791669
0.79176
0.791622
0.791266
0.790329
0.788725
0.786386
0.783582
0.781551
0.782357
0.785362
0.838774
0.837949
0.83676
0.836844
0.838189
0.839961
0.841604
0.842779
0.843525
0.843892
0.84404
0.843919
0.843379
0.84235
0.840794
0.838581
0.836146
0.834659
0.834692
0.835053
0.901713
0.90448
0.905458
0.904236
0.902357
0.900553
0.899331
0.898662
0.898364
0.898253
0.898249
0.898252
0.898336
0.898342
0.898368
0.898545
0.898866
0.89909
0.897815
0.89481
0.959148
0.961557
0.963055
0.962031
0.959434
0.956586
0.9543
0.952779
0.951932
0.951544
0.951487
0.951742
0.952276
0.953279
0.954763
0.956807
0.959102
0.960288
0.958739
0.9553
1.00743
1.00688
1.00737
1.00803
1.00782
1.00706
1.00604
1.00507
1.00433
1.00395
1.00391
1.00411
1.00459
1.00524
1.00612
1.00734
1.00866
1.00912
1.00872
1.00828
1.05249
1.05177
1.05233
1.05412
1.05565
1.05636
1.05634
1.05588
1.05535
1.05495
1.05488
1.05511
1.05553
1.05594
1.05614
1.05591
1.05517
1.05399
1.05402
1.05551
1.09841
1.09855
1.09883
1.10021
1.10215
1.10379
1.10488
1.10538
1.10548
1.10542
1.10528
1.10511
1.105
1.10477
1.10439
1.10371
1.10274
1.1019
1.10191
1.10225
1.14956
1.14967
1.14918
1.14993
1.15186
1.15402
1.15574
1.15677
1.15726
1.15737
1.15732
1.15715
1.1567
1.15598
1.15496
1.15368
1.15247
1.15193
1.15213
1.15186
1.20772
1.20982
1.21032
1.20984
1.20943
1.20947
1.20977
1.2101
1.21041
1.21064
1.21086
1.21101
1.21117
1.21121
1.21109
1.21077
1.21016
1.20959
1.20919
1.2082
1.26568
1.26823
1.26924
1.26834
1.26641
1.26465
1.26364
1.26329
1.26338
1.26367
1.26411
1.26473
1.26549
1.26665
1.26811
1.26972
1.27111
1.27158
1.27039
1.26789
1.32082
1.32106
1.32121
1.32118
1.32039
1.31924
1.31816
1.31742
1.31699
1.31692
1.31704
1.31736
1.3179
1.31875
1.32002
1.32164
1.32319
1.3238
1.32278
1.32074
1.37633
1.37669
1.37703
1.37696
1.37625
1.37494
1.37334
1.37179
1.37062
1.3698
1.36938
1.36917
1.369
1.3687
1.36818
1.36727
1.36614
1.36524
1.36542
1.3663
1.42801
1.4292
1.42975
1.42941
1.42864
1.42747
1.4261
1.42466
1.4235
1.42265
1.42214
1.42177
1.42149
1.42091
1.4199
1.41833
1.41647
1.41542
1.41583
1.41673
1.47363
1.47376
1.47398
1.47488
1.47586
1.47638
1.47647
1.4762
1.47586
1.47567
1.47572
1.47605
1.47647
1.47701
1.4775
1.47779
1.47778
1.47766
1.47694
1.4752
1.52018
1.52035
1.52102
1.52269
1.52466
1.52624
1.52724
1.52777
1.52802
1.52833
1.52882
1.52963
1.53084
1.53238
1.53417
1.53597
1.53737
1.53773
1.53629
1.53354
1.57293
1.57369
1.57406
1.57486
1.57618
1.5777
1.5789
1.57965
1.58008
1.58035
1.58068
1.58125
1.58203
1.5831
1.58431
1.5856
1.58677
1.58705
1.58584
1.5839
1.63236
1.63469
1.63535
1.63487
1.63408
1.63356
1.6333
1.6332
1.63317
1.63314
1.63314
1.63317
1.63322
1.63291
1.63196
1.63032
1.62835
1.62676
1.6267
1.62781
1.69133
1.69433
1.69577
1.69509
1.69309
1.69093
1.68918
1.68804
1.68738
1.68706
1.68696
1.68693
1.68673
1.68607
1.68466
1.68244
1.68
1.67836
1.67828
1.67866
1.74617
1.74682
1.7476
1.74808
1.74752
1.74631
1.74481
1.74353
1.74253
1.74202
1.74179
1.74184
1.74199
1.74212
1.74222
1.74234
1.74245
1.74233
1.74099
1.73799
1.79985
1.80043
1.80104
1.8016
1.80156
1.80075
1.79943
1.79804
1.7969
1.79621
1.79593
1.79611
1.79655
1.79736
1.79845
1.79978
1.80101
1.80144
1.8001
1.79711
1.84958
1.85065
1.85108
1.85141
1.85169
1.85153
1.85104
1.85034
1.8497
1.84932
1.84928
1.84956
1.85019
1.85107
1.85219
1.85336
1.85407
1.85397
1.8533
1.85238
1.89615
1.89609
1.89612
1.89757
1.89963
1.90126
1.90221
1.90248
1.90236
1.90217
1.90221
1.90259
1.90323
1.90407
1.90497
1.90562
1.90584
1.90551
1.90495
1.90443
1.94783
1.94864
1.94906
1.95018
1.95204
1.95382
1.95504
1.95563
1.95579
1.9558
1.95583
1.95606
1.95646
1.95685
1.95694
1.95651
1.95562
1.95477
1.95475
1.95498
2.00747
2.00987
2.01045
2.0097
2.00923
2.0094
2.00978
2.01017
2.01047
2.01072
2.01099
2.01142
2.0119
2.01235
2.01245
2.01207
2.01133
2.01071
2.01052
2.00982
2.07065
2.07373
2.07487
2.07352
2.07121
2.06914
2.06771
2.06699
2.06667
2.06674
2.06696
2.0675
2.06822
2.06911
2.06997
2.07069
2.07124
2.07142
2.07026
2.06725
2.13016
2.13178
2.13308
2.13294
2.13113
2.12863
2.12615
2.12422
2.12298
2.12243
2.1224
2.12282
2.1235
2.1244
2.12516
2.12558
2.1254
2.12463
2.12356
2.12188
2.18226
2.18343
2.18487
2.18561
2.18499
2.18341
2.1813
2.17931
2.17777
2.17692
2.17658
2.17669
2.17707
2.1776
2.17815
2.17865
2.17897
2.17882
2.17771
2.17567
2.22713
2.22658
2.22655
2.22816
2.2301
2.23143
2.23183
2.23152
2.23089
2.23039
2.23012
2.23009
2.22998
2.22972
2.22923
2.22865
2.22813
2.22773
2.2273
2.22624
2.27647
2.27614
2.27554
2.27709
2.28
2.28283
2.28471
2.28551
2.2856
2.28552
2.2855
2.28567
2.28588
2.28583
2.28519
2.28388
2.28198
2.28041
2.28012
2.28016
2.33536
2.33872
2.33997
2.34008
2.34047
2.34114
2.3418
2.34216
2.3422
2.34215
2.34225
2.3427
2.34345
2.34449
2.34548
2.34626
2.34674
2.34672
2.34515
2.34204
2.39604
2.39963
2.40121
2.40057
2.39932
2.39848
2.39819
2.39819
2.39816
2.39822
2.39833
2.39876
2.39945
2.40049
2.4019
2.40376
2.40571
2.40644
2.40446
2.40062
2.4548
2.45645
2.45756
2.4576
2.45662
2.45557
2.45472
2.45414
2.45374
2.45352
2.45349
2.45371
2.45404
2.45438
2.45456
2.45447
2.45381
2.45253
2.4516
2.45114
2.51014
2.51181
2.51327
2.51391
2.51334
2.51222
2.51101
2.51005
2.5093
2.5088
2.50845
2.50824
2.50801
2.50758
2.50673
2.50535
2.50352
2.50205
2.50186
2.50191
2.56228
2.56292
2.56351
2.56482
2.56571
2.56597
2.56573
2.56538
2.56499
2.5647
2.5645
2.56442
2.56418
2.56374
2.56294
2.56182
2.56065
2.56002
2.55968
2.5581
2.61851
2.61927
2.61914
2.62018
2.6216
2.62253
2.62276
2.62262
2.62236
2.62227
2.62237
2.62275
2.62324
2.62379
2.62417
2.62434
2.62427
2.62407
2.62316
2.62064
2.67932
2.68192
2.68249
2.68238
2.68239
2.68224
2.6818
2.68122
2.6807
2.68043
2.68051
2.6811
2.68215
2.68379
2.68578
2.68798
2.68991
2.69059
2.68886
2.68518
2.73833
2.7413
2.74291
2.74313
2.74253
2.74151
2.74031
2.73918
2.73829
2.73782
2.73774
2.7382
2.73914
2.7406
2.7424
2.74433
2.74591
2.74618
2.74475
2.74216
2.79153
2.79463
2.79666
2.79753
2.79746
2.79676
2.79584
2.79496
2.79431
2.79401
2.79411
2.7946
2.79526
2.79577
2.79573
2.79485
2.79323
2.79163
2.79159
2.79212
2.84164
2.84227
2.84278
2.84473
2.8471
2.84901
2.85013
2.85049
2.85046
2.85048
2.85074
2.85128
2.8519
2.85217
2.8516
2.85
2.84767
2.84599
2.84576
2.84526
2.8996
2.9017
2.90281
2.90417
2.90591
2.90733
2.90803
2.9081
2.90781
2.90759
2.90756
2.90783
2.9082
2.90861
2.90877
2.90864
2.90827
2.90768
2.9057
2.90131
2.96092
2.96582
2.96843
2.96867
2.96812
2.96731
2.96648
2.96574
2.96511
2.96462
2.96425
2.96404
2.96388
2.96365
2.96319
2.9626
2.96193
2.96087
2.95861
2.95439
3.01869
3.02173
3.02381
3.02501
3.02533
3.02508
3.02445
3.02365
3.02291
3.02231
3.02199
3.02183
3.02167
3.02117
3.02005
3.01827
3.0161
3.0139
3.0122
3.01004
3.07608
3.07875
3.08057
3.08201
3.08286
3.08307
3.08271
3.08207
3.0814
3.08095
3.0809
3.08116
3.08171
3.08228
3.08269
3.08281
3.08241
3.08122
3.07897
3.07512
3.13351
3.13575
3.13683
3.1384
3.13983
3.14065
3.14083
3.14059
3.14015
3.13985
3.13983
3.14029
3.14109
3.14242
3.14426
3.14651
3.14849
3.14877
3.14608
3.14038
3.19283
3.19653
3.19825
3.19981
3.20081
3.20094
3.20041
3.19961
3.19884
3.19838
3.19832
3.19874
3.19958
3.20071
3.20186
3.20267
3.20243
3.20102
3.19945
3.19698
3.25007
3.25556
3.25821
3.25903
3.25891
3.25828
3.25753
3.25679
3.25618
3.25583
3.25585
3.25628
3.25691
3.25759
3.25796
3.25748
3.25598
3.25425
3.25341
3.25168
3.30529
3.3077
3.30856
3.31011
3.31185
3.31334
3.31423
3.31457
3.31449
3.3144
3.31445
3.31476
3.31521
3.31553
3.31537
3.31451
3.31293
3.31154
3.31063
3.30755
3.36953
3.37347
3.37461
3.37525
3.37587
3.37614
3.37597
3.37554
3.37508
3.37478
3.37479
3.37519
3.37573
3.37621
3.37619
3.37536
3.37388
3.37251
3.37119
3.36726
3.43682
3.44377
3.44632
3.44556
3.44329
3.44072
3.43856
3.43698
3.43605
3.4356
3.43562
3.43602
3.43686
3.43791
3.43887
3.43961
3.43998
3.43981
3.4378
3.432
3.49759
3.50279
3.5051
3.50562
3.50433
3.5021
3.49983
3.49793
3.49666
3.49602
3.49599
3.49656
3.49763
3.49921
3.50104
3.5028
3.50418
3.50446
3.50224
3.49583
3.55427
3.55938
3.56174
3.56304
3.56289
3.56156
3.55977
3.55809
3.55688
3.55628
3.55637
3.55699
3.55827
3.55992
3.56171
3.56331
3.5641
3.56353
3.56149
3.55629
3.61029
3.61503
3.61655
3.61816
3.61921
3.61931
3.61869
3.61787
3.61716
3.61686
3.61707
3.61797
3.61936
3.62117
3.62302
3.62434
3.62475
3.62387
3.6218
3.61632
3.67286
3.67951
3.68151
3.68271
3.68314
3.6826
3.68138
3.68015
3.67925
3.67891
3.67918
3.6801
3.68163
3.68347
3.6852
3.68625
3.68601
3.68464
3.6826
3.67678
3.73907
3.74897
3.75287
3.75311
3.75125
3.74841
3.74555
3.7433
3.74185
3.7413
3.74154
3.74267
3.74438
3.74663
3.74891
3.75047
3.75076
3.74954
3.74662
3.73892
3.79991
3.80808
3.81206
3.81405
3.81363
3.81155
3.80874
3.80616
3.80425
3.80332
3.80318
3.80381
3.80515
3.80702
3.80906
3.81084
3.81176
3.81092
3.80711
3.79761
3.85681
3.86449
3.86833
3.87122
3.87241
3.87171
3.8698
3.8676
3.86582
3.86477
3.86454
3.86506
3.86591
3.86677
3.86706
3.86619
3.86408
3.86116
3.85856
3.85226
3.91335
3.91947
3.92129
3.92411
3.92689
3.92847
3.92872
3.92817
3.9275
3.92713
3.9274
3.9281
3.92927
3.9303
3.9307
3.92998
3.92793
3.92541
3.92298
3.91582
3.97942
3.9859
3.98671
3.98829
3.99053
3.99204
3.99246
3.99212
3.99159
3.99133
3.99158
3.99249
3.99384
3.99559
3.99745
3.99892
3.99956
3.9988
3.99539
3.985
4.05268
4.06252
4.06494
4.06477
4.0639
4.06239
4.06059
4.0588
4.05736
4.05642
4.05613
4.05635
4.05714
4.05815
4.0593
4.06031
4.06069
4.05992
4.05725
4.04827
4.12016
4.12845
4.13021
4.12968
4.12841
4.12674
4.12495
4.12319
4.12173
4.12068
4.12021
4.12018
4.12033
4.12025
4.11961
4.11806
4.11593
4.11431
4.11378
4.1087
4.18492
4.18903
4.18784
4.18738
4.18787
4.18849
4.18859
4.18813
4.18743
4.18681
4.18656
4.18651
4.18672
4.1867
4.18622
4.18521
4.18397
4.18396
4.18467
4.1796
4.25753
4.26199
4.25988
4.25807
4.25766
4.25763
4.25742
4.2569
4.25619
4.25563
4.25542
4.25579
4.25649
4.25772
4.25945
4.26178
4.26467
4.26802
4.26892
4.26124
4.33395
4.34206
4.34148
4.3379
4.33445
4.33143
4.32916
4.3275
4.32631
4.32559
4.32544
4.32599
4.32738
4.32976
4.33326
4.33797
4.34327
4.34832
4.34996
4.34259
4.40462
4.41282
4.41234
4.4084
4.40421
4.40052
4.39795
4.39632
4.39536
4.39494
4.39518
4.39632
4.39837
4.40165
4.40608
4.41142
4.4167
4.42133
4.42314
4.41711
4.47437
4.48119
4.48018
4.47673
4.47329
4.47016
4.4678
4.46631
4.46546
4.46526
4.46573
4.46712
4.46959
4.47325
4.4779
4.48293
4.48714
4.49029
4.49034
4.48302
4.54884
4.55892
4.56067
4.55737
4.5525
4.54698
4.54231
4.53909
4.53726
4.53653
4.53676
4.5381
4.54045
4.54384
4.54767
4.55096
4.55247
4.55271
4.55022
4.54121
4.61734
4.63159
4.6378
4.63612
4.6306
4.62319
4.61658
4.61187
4.60916
4.60804
4.60823
4.60957
4.61197
4.61512
4.61839
4.62059
4.62046
4.61856
4.61247
4.59955
4.6715
4.68537
4.69466
4.69866
4.69839
4.69426
4.68894
4.68435
4.68127
4.67986
4.67983
4.6811
4.68336
4.68637
4.68943
4.6914
4.69093
4.68776
4.67768
4.66029
4.72151
4.73761
4.75081
4.75954
4.76454
4.7643
4.76096
4.757
4.75391
4.7523
4.75216
4.75331
4.7554
4.75782
4.75982
4.76
4.75697
4.75082
4.73855
4.72167
4.77779
4.79507
4.80995
4.82026
4.82834
4.83167
4.83122
4.82906
4.8269
4.82569
4.82571
4.82687
4.82886
4.83086
4.8321
4.83117
4.82689
4.81977
4.8062
4.78953
4.85297
4.86706
4.87939
4.88773
4.89635
4.902
4.90408
4.90372
4.90249
4.90157
4.90154
4.90246
4.90395
4.90521
4.90543
4.90316
4.89796
4.89122
4.87896
4.86539
4.95373
4.96419
4.97244
4.97402
4.97736
4.98041
4.98191
4.9818
4.98092
4.98004
4.97981
4.98019
4.98113
4.98176
4.98147
4.97951
4.97595
4.97315
4.96475
4.95587
5.06987
5.07479
5.07855
5.07173
5.06717
5.06465
5.06332
5.06231
5.06137
5.06061
5.06037
5.06083
5.06178
5.06305
5.06444
5.06577
5.06774
5.07227
5.06785
5.06317
5.1852
5.18372
5.18537
5.17259
5.162
5.15414
5.14892
5.14581
5.14407
5.14319
5.14312
5.14397
5.14601
5.14939
5.15417
5.16073
5.16936
5.18071
5.17789
5.17784
5.2842
5.28121
5.28843
5.27324
5.25893
5.24665
5.23721
5.23104
5.22768
5.2263
5.22637
5.22812
5.23163
5.2378
5.24674
5.25838
5.27254
5.28791
5.28026
5.28189
5.35328
5.3495
5.37049
5.35924
5.34721
5.33515
5.32431
5.3163
5.31171
5.3098
5.30996
5.31215
5.31688
5.32474
5.33533
5.34769
5.36071
5.3727
5.35176
5.35534
5.40338
5.39126
5.43048
5.42651
5.42194
5.41558
5.40736
5.39985
5.39503
5.39289
5.39299
5.39548
5.40029
5.4076
5.41576
5.42243
5.42818
5.43273
5.39365
5.40651
5.47842
5.4437
5.50048
5.49473
5.49154
5.48994
5.4854
5.47937
5.47482
5.47264
5.47274
5.47493
5.47939
5.48496
5.48941
5.49124
5.49469
5.50025
5.44391
5.48022
5.62448
5.53709
5.60998
5.58783
5.571
5.56499
5.56015
5.55409
5.54901
5.54642
5.54642
5.54921
5.55404
5.55991
5.56502
5.57094
5.58676
5.60812
5.53647
5.62527
5.84525
5.65608
5.75257
5.7096
5.66888
5.64958
5.63884
5.63005
5.62328
5.61977
5.6197
5.62316
5.6296
5.63822
5.64912
5.66904
5.71018
5.7539
5.65754
5.84481
6.07744
5.71646
5.86594
5.82017
5.76215
5.73172
5.71665
5.70632
5.69863
5.69462
5.69433
5.69836
5.70547
5.71586
5.73133
5.76213
5.82063
5.86602
5.71502
6.07386
6.27451
5.63796
5.89206
5.88147
5.82249
5.78773
5.77161
5.76175
5.75446
5.7505
5.75049
5.75446
5.76173
5.77213
5.78856
5.8232
5.88161
5.89087
5.63614
6.27338
6.63287
5.53155
5.91039
5.94489
5.87359
5.82369
5.80013
5.78704
5.77825
5.77358
5.77369
5.77867
5.78735
5.80161
5.82426
5.87447
5.94366
5.90938
5.53214
6.63601
7.68658
5.5459
5.87002
5.9687
5.9066
5.85194
5.82723
5.81508
5.80773
5.80361
5.80391
5.8074
5.81454
5.82717
5.85136
5.90627
5.96851
5.87054
5.54696
7.68607
9.63927
5.22635
5.32449
5.71321
5.8053
5.80472
5.80202
5.80134
5.79998
5.79878
5.7988
5.79997
5.80133
5.80206
5.80471
5.8053
5.71319
5.32453
5.22647
9.63936
)
;

boundaryField
{
    fixedWalls_1
    {
        type            zeroGradient;
    }
    frontAndBack_1
    {
        type            empty;
    }
    inlet_1
    {
        type            zeroGradient;
    }
    outlet_1
    {
        type            fixedValue;
        value           uniform 0;
    }
    fixedWalls_2
    {
        type            zeroGradient;
    }
    frontAndBack_2
    {
        type            empty;
    }
    inlet_2
    {
        type            zeroGradient;
    }
    outlet_2
    {
        type            fixedValue;
        value           uniform 0;
    }
    fixedWalls_3
    {
        type            zeroGradient;
    }
    frontAndBack_3
    {
        type            empty;
    }
    inlet_3
    {
        type            zeroGradient;
    }
    outlet_3
    {
        type            fixedValue;
        value           uniform 0;
    }
    fixedWalls_4
    {
        type            zeroGradient;
    }
    frontAndBack_4
    {
        type            empty;
    }
    inlet_4
    {
        type            zeroGradient;
    }
    outlet_4
    {
        type            fixedValue;
        value           uniform 0;
    }
    fixedWalls_5
    {
        type            zeroGradient;
    }
    frontAndBack_5
    {
        type            empty;
    }
    inlet_5
    {
        type            zeroGradient;
    }
    outlet_5
    {
        type            fixedValue;
        value           uniform 0;
    }
}


// ************************************************************************* //
