/*--------------------------------*- C++ -*----------------------------------*\
  =========                 |
  \\      /  F ield         | OpenFOAM: The Open Source CFD Toolbox
   \\    /   O peration     | Website:  https://openfoam.org
    \\  /    A nd           | Version:  6
     \\/     M anipulation  |
\*---------------------------------------------------------------------------*/
FoamFile
{
    version     2.0;
    format      ascii;
    class       volScalarField;
    location    "7";
    object      epsilon;
}
// * * * * * * * * * * * * * * * * * * * * * * * * * * * * * * * * * * * * * //

dimensions      [0 2 -3 0 0 0 0];

internalField   nonuniform List<scalar> 
10000
(
364.766
288.309
165.857
104.859
70.8728
50.7237
38.4256
30.9464
26.6723
24.7337
24.7243
26.555
30.5364
37.5
49.1449
68.4105
101.212
160.732
280.476
346.601
397.797
297.62
171.843
107.028
71.7103
50.5838
37.9732
30.3752
26.0561
24.1031
24.4942
26.3995
30.3879
37.095
49.1389
68.8493
102.315
164.612
286.383
371.259
395.765
296.699
168.952
105.992
71.5019
50.7623
38.497
30.9395
26.5558
24.3324
24.38
26.0131
30.0811
37.4935
49.1783
69.1163
103.041
163.078
284.16
381.288
382.226
297.277
171.468
107.672
71.7711
50.8263
38.4852
30.9152
26.5937
24.6267
24.3928
26.3145
30.4595
37.5614
49.4908
68.9931
101.079
159.944
279.249
352.902
349.363
296.477
165.496
104.66
71.7186
50.8292
38.0491
30.3674
26.0936
24.6368
24.7515
26.7309
30.9027
38.0727
49.7835
69.1802
101.19
159.608
276.698
308.742
347.416
291.582
165
104.73
71.336
51.0239
38.4236
30.8065
26.3544
24.659
24.7485
26.728
30.8734
38.0069
49.7562
69.1092
102.938
160.463
275.045
301.149
354.29
294.875
165.412
105.349
72.1713
51.0948
38.3839
30.8093
26.531
24.687
24.7343
26.688
30.8005
37.6938
49.6994
69.2212
101.695
163.213
278.651
307.09
377.807
291.218
165.786
106.866
71.6475
50.6418
37.749
30.538
26.4048
24.5149
24.3323
26.5528
30.7918
37.9742
49.7104
68.8785
101.485
160.657
279.586
315.781
337.611
293.283
169.81
107.589
71.7838
50.668
37.6925
29.953
26.073
24.3783
24.5057
26.5488
30.7912
37.9937
49.7526
69.0967
103.148
163.296
282.636
330.278
378.329
297.931
170.72
108.08
71.9115
50.7485
37.8997
30.028
25.7254
23.9556
24.0749
26.3555
30.6363
37.8877
49.5951
68.9396
102.345
162.109
283.22
369.768
357.38
303.271
171.414
107.979
72.1574
50.7492
37.5442
30.2722
25.9801
24.388
24.4128
25.9852
30.0919
37.4697
49.5367
68.8983
101.418
160.017
280.127
343.875
384.552
300.486
168.173
106.678
71.6154
50.7253
37.9745
30.0405
26.1914
24.3911
24.3658
26.0084
30.1531
37.6356
49.4578
68.9022
102.904
160.703
279.898
319.501
327.919
300.252
169.909
109.601
72.0433
50.5438
37.9588
30.4183
26.1938
24.2517
23.9514
25.8376
30.0345
37.5733
49.3967
68.818
101.616
161.569
281.953
322.659
333.548
291.498
162.32
105.601
71.6344
50.2998
37.3154
29.7952
25.5929
24.0645
23.8911
25.7774
29.9523
37.4704
49.4198
68.9989
101.939
162.084
283.464
333.85
333.051
287.162
161.666
103.113
70.7782
50.0856
37.3339
30.0565
25.6925
24.0629
23.8718
25.7308
29.896
37.4082
49.4715
69.2826
103.518
164.133
285.449
341.117
367.009
280.16
163.125
103.653
71.2318
49.9265
37.4817
30.0251
25.6289
23.9826
23.9781
25.8689
29.9656
37.0376
49.2779
69.611
102.672
163.172
288.414
386.771
344.605
277.986
159.222
105.047
70.5394
49.8117
37.308
29.5462
25.7495
23.9129
23.6328
25.466
29.6125
37.2247
49.3378
69.4906
104.033
164.047
289.047
385.221
329.697
278.179
159.566
102.208
69.5913
49.3487
36.7621
29.4699
25.7223
23.9649
24.0132
25.9224
30.0381
37.2547
49.3057
69.3453
103.457
166.097
291.256
392.879
361.63
279.723
163.365
104.193
69.822
49.5871
37.0067
29.5672
25.3858
23.5299
23.5734
25.5024
29.5775
36.6922
48.9529
69.5561
104.819
167.791
293.222
388.475
320.357
280.021
163.343
102.454
69.8999
49.6593
37.3955
30.0389
25.8714
23.9583
23.9479
25.9406
30.0368
37.0833
49.2333
69.678
105.114
168.189
291.988
360.992
360.4
284.118
164.48
102.612
69.5935
49.533
37.0814
30.0085
25.9361
24.0067
23.691
25.981
29.8927
37.4095
49.123
69.8625
105.339
169.43
294.345
377.764
334.898
282.657
162.988
102.852
69.7862
49.6943
37.3193
29.6931
25.8939
24.0694
23.8559
26.0894
30.3437
37.6913
49.7796
70.1131
105.889
171.059
297.011
345.582
365.909
284.022
164.121
103.377
69.9803
49.4118
36.8975
29.9426
25.9498
24.136
23.9153
26.0677
30.3291
37.6878
49.7299
69.8807
104.598
171.87
295.283
350.511
326.771
283.265
165.616
103.925
70.4253
49.6411
36.9562
29.4625
25.46
24.0301
23.9929
25.8239
29.9977
37.6505
49.7172
69.732
103.922
169.454
289.762
347.41
367.791
285.933
168.185
105.444
70.2985
49.329
37.1734
29.69
25.6363
23.8922
24.3539
26.3829
30.5363
37.7076
49.4718
69.813
103.617
167.105
289.835
344.93
362.202
284.732
164.765
104.112
70.7063
49.6265
36.8902
30.0209
26.0342
24.2992
24.4574
26.4286
30.5569
37.6698
49.5065
69.353
103.373
169.241
290.503
342.137
361.487
285.039
166.401
105.269
70.6994
49.9919
37.3833
29.8827
25.7812
24.0269
24.1351
26.2704
30.4864
37.556
49.2737
69.1367
103.239
163.634
293.037
344.405
345.105
285.475
163.674
103.49
70.1472
50.1421
37.8547
30.4718
26.3507
24.5628
24.7094
26.5933
30.7035
37.799
49.4431
68.876
101.42
161.551
286.149
338.755
378.524
289.149
164.879
104.131
70.3808
49.9639
37.4404
30.3103
26.2454
24.2456
24.5625
26.4509
30.3141
37.4864
49.4728
69.3472
102.833
163.612
286.359
372.543
342.504
286.948
166.491
105.503
70.8764
50.2873
37.8992
30.039
26.0091
24.4837
24.5239
26.1818
30.6526
37.8923
49.6906
69.1164
102.295
161.264
280.912
322.606
389.824
288.862
162.834
103.503
70.2907
50.3107
38.0933
30.6327
26.4599
24.582
24.3101
26.2175
30.6573
37.9034
49.7479
69.2558
102.672
161.526
281.664
322.908
368.022
287.04
162.932
105.187
71.1053
50.334
38.0222
30.5316
26.3826
24.5409
24.5676
26.4693
30.6838
37.8366
49.687
69.6977
103.393
164.291
285.766
357.506
341.114
286.393
162.953
102.662
70.1844
50.0625
37.8904
30.0453
26.1305
24.0489
24.3509
26.3211
30.5351
37.8217
49.768
69.2783
102.677
164.112
284.246
316.122
341.582
286.357
165.01
103.983
69.6682
50.0829
37.8704
30.3677
25.882
24.0142
24.2086
25.7931
29.9509
37.2859
49.4502
68.9922
102.128
162.86
284.979
317.502
354.474
287.807
162.358
102.286
69.4669
49.9462
37.7663
30.0355
26.0621
24.1765
24.2191
26.099
30.211
37.4243
49.3637
68.9277
102.229
163.352
288.838
350.089
382.137
286.795
163.959
103.581
69.58
49.8134
37.6745
30.3508
26.1132
23.8759
23.8282
25.6883
29.8032
37.2902
49.2148
68.9444
102.518
163.819
285.349
331.218
339.376
279.412
159.228
103.46
69.5485
49.6825
37.5951
30.377
26.1907
24.2866
24.2772
26.1377
30.2019
37.1125
49.1505
69.4045
103.682
165.09
285.027
360.093
377.264
280.858
159.868
102.261
69.5276
49.6033
37.2679
30.318
26.1706
24.191
23.918
25.6718
29.866
37.3151
49.0998
68.4444
100.731
160.262
280.399
319.593
351.273
280.393
161.021
104.604
70.4139
49.9115
37.6098
30.3206
26.0982
23.9134
24.1484
25.8744
30.1615
37.323
49.0991
68.7078
100.88
160.428
279.146
350.122
382.188
280.983
162.622
103.375
69.9179
49.7734
37.1355
30.0903
26.0476
24.1903
24.2781
26.1489
30.2058
37.3033
48.794
68.0678
101.797
162.469
276.033
300.55
324.453
278.983
162.003
105.074
70.5646
49.7756
37.557
30.1516
25.7128
23.8398
24.1903
26.0718
29.802
37.1961
48.842
67.7011
99.6433
158.945
277.374
302.006
333.256
282.4
164.239
103.726
70.0992
49.6889
37.1533
29.8459
26.0581
24.26
24.2836
26.0599
29.8468
37.1929
48.9011
67.995
100.108
160.108
280.871
317.407
335.93
284.729
165.227
105.261
70.417
49.9958
37.5642
30.2647
26.1341
24.2778
24.2603
25.9929
29.8239
36.8886
48.6909
68.1569
100.703
161.144
283.435
354.945
346.477
287.945
165.59
105.579
70.8238
50.0525
37.2446
30.2959
26.1867
24.3342
24.288
25.7905
30.0938
37.1815
48.8501
68.2228
101.506
162.139
284.617
352.933
350.178
288.979
165.946
105.491
70.8466
50.2457
37.7908
30.3046
26.1616
24.3285
24.3503
26.1851
30.2079
37.2147
48.8506
68.1947
101.235
162.509
287.352
364.712
354.661
288.648
166.116
104.836
70.8337
50.1389
37.726
30.1818
26.1035
24.3081
24.3479
26.2009
30.1858
37.1578
48.799
68.0686
100.734
161.654
286.893
368.772
360.486
288.925
166.266
105.056
70.9908
50.0392
37.7536
29.7538
25.9799
24.3443
24.422
26.2959
30.2311
37.1658
48.7665
68.0093
100.787
160.518
283.52
367.25
400.778
291.13
168.147
106.526
71.2848
49.984
37.9014
30.1501
25.9445
24.3535
24.4288
26.3105
30.1554
37.0438
48.4351
67.818
101.222
160.362
281.537
356.706
369.393
287.642
165.83
105.688
71.2484
50.3727
38.0391
30.5461
26.3821
24.4846
24.4271
26.2987
29.8731
36.7654
48.6778
67.7492
101.182
161.657
280.378
331.105
334.779
285.045
163.106
104.642
70.8333
50.5129
37.6647
30.0135
26.3212
24.5018
24.322
26.4593
30.4992
37.3747
48.8652
67.8156
101.013
159.975
280.517
334.507
332.094
281.185
162.226
102.951
70.1606
50.4157
37.993
30.2543
26.438
24.6402
24.6539
26.5019
30.4866
37.413
48.921
67.8388
100.13
160.965
281.165
348.704
343.569
282.639
164.372
103.136
70.1699
50.2044
37.7103
30.6069
26.502
24.6722
24.6795
26.4869
30.4159
37.0511
48.8673
67.7981
100.639
158.665
281.754
392.642
366.487
281.749
160.917
102.952
70.1201
50.1949
37.8192
30.6889
26.5747
24.7689
24.7635
26.5428
30.4398
37.2011
48.8767
68.012
100.219
159.074
280.024
350.601
316.879
279.346
160.783
104.954
70.9061
50.3465
38.0665
30.6761
26.5414
24.7413
24.7436
26.5104
30.1874
37.3601
48.9778
68.5243
101.494
159.796
279.206
326.233
330.479
284.581
161.56
102.929
70.2333
50.297
38.0731
30.6458
26.2093
24.6856
24.7483
26.5853
30.5501
37.2291
49.2678
69.1299
102.613
161.633
281.528
362.239
372.969
283.331
162.355
103.558
70.3908
50.2931
38.0179
30.6688
26.553
24.7659
24.8271
26.684
30.6964
37.7309
49.5754
69.4345
103.357
163.006
281.712
338.393
364.877
283.716
163.517
105.672
70.827
50.3891
37.9849
30.55
26.4852
24.7228
24.8136
26.6889
30.6652
37.6083
49.8347
69.8837
104.113
164.194
282.485
362.51
372.243
284.304
164.347
105.217
70.8279
50.2473
37.7998
29.9735
26.2894
24.615
24.7605
26.7015
30.5192
37.9129
50.1699
70.1405
104.811
165.604
281.61
322.386
367.926
285.509
167.3
105.55
70.6595
50.067
37.7915
30.0699
25.9153
24.1572
24.3459
26.6202
30.9181
38.284
50.2245
70.0872
104.431
166.269
283.586
351.157
350.064
286.982
166.275
104.907
70.7143
50.0204
37.772
30.4694
26.338
24.5501
24.6593
26.3548
30.5293
38.1321
50.1332
69.6613
102.936
164.872
282.655
326.879
356.176
288.249
166.909
105.301
70.8706
50.1449
37.4841
30.4763
26.3396
24.5485
24.7035
26.6451
30.8104
38.082
50.0655
69.6667
102.787
163.899
282.903
329.433
389.553
290.036
167.519
106.516
71.0483
50.3461
37.8532
30.4331
26.1763
24.0752
24.4767
26.5023
30.6438
37.6367
49.954
69.7675
103.092
166.791
287.155
364.994
384.916
292.331
167.989
105.513
70.9194
49.8511
37.2804
30.2598
26.0896
24.0296
24.0479
26.0039
30.195
37.5327
49.7489
69.7892
102.525
162.519
281.542
333.625
386.042
293.696
168.566
105.733
70.8599
50.057
37.4751
30.1941
25.6909
24.1572
24.2939
26.3109
30.5
37.6295
49.642
69.9818
103.5
160.845
281.908
334.826
359.015
294.941
169.343
106.172
70.8872
50.2481
37.7184
30.1849
25.7372
24.117
24.0254
26.2591
30.1798
37.4513
49.5919
69.3335
101.578
160.983
283.812
344.591
361.078
293.542
170.699
107.358
71.0806
50.3076
37.708
30.161
25.9254
24.1551
24.319
26.3621
30.5122
37.7471
49.7863
69.739
101.491
161.087
285.427
368.131
371.678
292.543
169.108
107.151
71.134
50.2457
37.2277
29.5766
25.238
23.6154
23.8351
26.2241
30.462
37.7154
49.7156
69.4405
101.591
160.997
286.191
327.612
404.003
294.541
169.237
105.929
70.9019
50.2782
37.6755
30.0435
25.6023
24.0309
23.9732
26.1831
30.3459
37.5693
49.5998
69.0791
101.488
160.275
281.703
336.417
360.764
292.206
171.6
107.801
71.1256
50.2399
37.6495
29.7399
25.8196
24.079
24.022
26.171
30.0202
37.2027
49.3647
69.283
102.818
160.208
281.937
343.606
406.114
296.697
169.321
105.95
71.0658
50.1431
37.6009
30.0403
25.5631
23.8267
24.2008
26.2598
30.4955
37.6837
49.3831
68.54
101.204
159.537
281.55
384.739
390.86
292.795
170.129
106.237
70.6899
49.6652
37.0774
29.7202
25.938
24.1895
24.0565
25.9935
30.4689
37.664
49.2699
68.499
101.339
157.935
276.089
358.693
365.769
290.818
166.032
103.449
69.8199
49.8184
37.52
30.1189
25.9416
23.978
24.476
26.5048
30.5947
37.6836
49.216
68.5519
102.237
157.075
272.429
329.844
345.983
291.358
167.939
103.156
69.6816
49.7346
37.487
30.1308
25.7969
24.0119
24.3823
26.3452
30.4985
37.6433
49.2849
68.6089
102.88
156.942
271.718
343.917
347.727
283.033
161.545
102.49
69.4221
49.1717
37.2295
30.0721
26.0718
24.2647
24.1439
26.2561
30.4052
37.5636
49.1579
68.5039
102.108
157.185
271.093
307.42
363.528
284.553
161.791
102.672
70.0835
49.2846
37.1248
29.9804
26.0098
24.2392
24.3123
26.121
29.9075
37.1119
49.1739
68.3816
101.356
157.851
272.194
320.346
392.445
286.393
161.679
103.099
69.565
49.0405
36.5731
29.4759
25.8361
24.1388
24.2303
26.06
29.9493
37.1514
49.164
68.3283
100.48
159.356
273.728
335.629
331.958
278.001
161.485
104.888
69.4777
49.0749
37.1202
29.9577
25.4939
23.6303
23.9787
25.7157
29.9027
37.1538
49.1705
68.4363
100.688
158.954
274.2
319.172
338.926
279.311
163.752
103.266
69.3137
49.2915
37.2399
29.9534
25.7205
23.7333
23.7979
26.0019
30.206
37.3461
49.1578
68.5936
101.119
159.55
276.112
323.044
340.525
282.742
161.253
102.049
69.0145
48.8889
36.703
29.7581
25.3435
23.9391
24.0429
26.0132
30.1741
37.2921
49.1321
68.7949
101.768
160.535
278.302
353.74
371.246
277.559
161.126
102.56
69.2649
48.9541
36.7046
29.7247
25.4945
23.9247
23.6862
25.4868
29.9271
37.1329
48.8397
68.9175
102.105
160.979
276.931
331.495
340.884
278.361
163.583
104.161
69.5413
48.8854
36.4875
29.3051
25.6198
23.889
23.8458
25.4319
29.46
36.9675
48.9168
68.8603
103.723
163.893
277.734
333.174
343.893
275.954
162.133
103.507
69.3819
48.6471
36.2985
29.1705
25.1466
23.3677
23.658
25.2581
29.3045
36.4263
48.7027
68.7004
102.812
162.48
281.112
340.163
355.37
270.967
160.12
102.619
69.1314
48.4829
36.1707
29.3136
25.3365
23.4143
23.6562
25.4814
29.3888
36.1995
48.1736
68.5398
101.787
160.376
277.201
347.687
361.815
269.662
161.247
102.954
68.6988
48.366
36.0186
29.1721
25.2147
23.4319
23.4913
25.3092
29.1709
35.7277
47.6743
68.229
102.896
160.825
277.165
357.364
370.732
268.593
156.029
101.265
67.9103
47.9617
35.5605
28.4604
24.8528
23.1621
22.909
24.6529
28.4995
35.3499
47.2486
67.5285
101.22
161.841
277.429
404.937
382.851
268.106
154.918
101.109
67.3382
46.9627
35.0232
28.1449
24.5394
22.682
22.9481
24.7048
28.4879
35.1277
46.7399
66.9251
101.032
160.767
272.5
381.477
425.491
265.766
152.91
101.011
66.2708
45.9491
34.323
27.5588
23.8375
22.1975
22.3476
24.3516
28.0955
34.4346
45.8798
65.7261
101.068
156.613
270.437
355.235
393.897
261.926
151.162
99.1749
64.897
44.8864
33.3297
26.8561
23.5898
22.0223
22.001
23.6173
27.1356
33.4721
44.4166
64.0109
98.6352
156.974
276.932
356.414
403.576
261.653
150.17
96.9499
62.9371
43.5222
32.5194
26.3515
23.0965
21.6777
21.7368
23.475
26.7749
32.4728
42.9229
61.8477
96.2231
155.982
260.664
363.257
415.7
264.356
149.018
93.5172
60.1212
41.6551
31.4624
25.8586
23.0251
21.6698
21.5758
22.7954
25.8322
31.4377
41.361
59.3524
92.6871
151.604
249.19
363.485
456.362
247.178
149.279
89.4742
57.1518
39.8688
30.4442
25.2681
22.6642
21.3722
21.126
22.2162
24.9509
30.1172
39.4315
56.469
88.6675
149.79
255.14
370.421
388.741
238.579
139.72
83.043
53.1884
37.5099
29.0065
24.2856
21.7213
20.6238
20.6155
21.6532
24.1003
28.7045
37.104
52.6697
82.3266
138.465
234.953
372.245
399.928
248.998
131.5
76.2587
48.8079
34.8053
27.3246
23.2089
20.9876
19.9918
19.9717
20.9152
23.0827
27.1431
34.5761
48.5522
76.0528
131.712
246.304
410.535
426.697
222.921
117.455
67.5822
43.5268
31.531
25.2243
21.7968
19.9853
19.1942
19.1993
19.9918
21.8061
25.2382
31.607
43.7668
68.1517
118.324
218.14
362.303
357.238
201.27
104.192
58.5486
37.8216
27.9275
22.8669
20.1609
18.7408
18.1295
18.1433
18.7781
20.2202
22.9617
28.1339
38.2639
59.447
106.185
204.72
372.328
340.168
185.187
89.5489
48.6862
31.7662
24.0866
20.2873
18.3206
17.3216
16.8962
16.9056
17.3506
18.3826
20.4002
24.3125
32.275
49.7813
91.5396
186.373
342.706
348.616
165.578
73.3154
38.7978
25.8581
20.361
17.7627
16.4849
15.8737
15.63
15.6362
15.8942
16.5261
17.8412
20.5134
26.1693
39.3814
74.2594
166.895
348.714
395.734
144.842
56.6448
29.7566
20.8178
17.3732
15.9141
15.2643
14.9892
14.889
14.8918
14.9989
15.2801
15.9346
17.4145
20.8907
29.9166
56.8926
145.243
397.92
437.707
116.997
40.0749
22.2729
17.2287
15.6163
15.0598
14.8594
14.7845
14.7581
14.7587
14.7897
14.868
15.0697
15.6196
17.2213
22.2361
39.897
116.357
438.978
468.346
59.0686
22.0196
16.4823
15.3439
14.9895
14.8583
14.8106
14.7914
14.7844
14.7848
14.7923
14.812
14.8592
14.9886
15.3379
16.4775
22.0339
59.1317
468.019
980.368
685.197
397.548
244.788
149.649
88.7885
54.3595
36.5932
28.0986
24.87
25.3007
29.1458
37.8626
54.8208
85.3505
140.096
231.925
388.647
683.28
952.202
999.855
692.31
401.549
246.729
149.707
85.9275
51.4588
34.3303
26.3762
23.4338
24.3142
27.8798
36.3245
53.9171
83.4087
140.044
233.126
391.514
689.605
968.588
1010.53
695.153
403.491
247.869
149.86
86.57
52.4172
35.2135
27.1208
23.9165
25.1206
29.1558
37.8921
54.9691
85.6992
139.548
233.576
391.983
691.815
975.85
1028.9
697.228
406.219
248.837
149.42
87.4162
53.4474
36.0271
27.7725
23.9794
25.0211
29.1323
37.7628
54.6331
85.3334
141.109
233.425
391.541
695.882
1037.49
1085.92
698.459
408.184
249.306
148.074
84.8339
51.3728
34.65
27.6815
24.4447
24.4338
28.2975
37.8518
53.118
85.3568
140.884
233.89
390.993
687.567
957.064
986.23
695.728
405.221
248.856
148.526
88.2852
54.3393
36.5464
27.7611
24.0437
25.3243
29.3607
38.0873
54.4991
84.4875
140.27
234.417
390.579
685.296
959.344
998.722
703.165
405.166
247.747
147.061
87.2972
53.7921
36.359
27.1269
24.8575
25.4435
29.3563
38.0154
54.2733
81.9064
139.39
232.346
390.915
689.155
984.928
1008.8
704.11
405.847
245.497
146.44
86.7155
53.2623
36.1265
27.8426
24.7241
25.1829
29.0317
37.6312
54.1091
83.3922
138.81
231.409
392.457
694.028
1029.6
1031.6
701.128
409.524
244.149
146.302
85.3497
52.1494
35.42
27.0736
23.5513
24.1184
27.8678
36.1994
52.4878
84.2513
136.943
228.696
388.42
693.896
1054.5
1082.41
700.796
400.472
240.71
145.86
83.2682
49.289
33.4566
26.6662
23.8208
24.909
28.9362
37.5476
53.9595
82.8692
136.583
227.696
386.816
694.939
1047.76
989.534
689.413
394.462
240.236
146.354
85.0964
52.2374
35.3855
27.61
23.9982
24.7986
28.8121
37.3233
53.9346
84.4184
136.446
225.327
384.275
695.373
1062.13
1055.47
694.207
395.558
240.389
146.822
88.5739
54.6919
36.7223
27.2075
24.2592
23.9155
27.762
35.5989
51.648
83.9288
135.84
224.571
382.474
690.93
1029.5
985.478
685.499
395.588
240.892
146.654
88.0471
53.9971
35.5938
28.1741
23.9976
24.3594
28.7745
36.4062
52.326
83.6779
133.586
223.252
381.277
684.444
974.816
990.977
690.641
395.523
241.216
146.56
87.565
51.6858
36.5179
28.3287
24.9254
24.9704
29.1136
37.3275
52.9707
83.7825
135.247
224.183
381.011
687.296
986.525
1012.21
686.664
395.53
239.477
145.207
85.6032
53.5512
36.3025
27.247
24.6668
23.9791
29.0176
36.6699
54.721
82.4982
137.278
225.358
381.833
690.817
1064.48
1026.06
689.282
395.223
239.046
144.588
85.5901
51.2416
34.5315
27.747
24.8854
24.7757
29.4109
38.5023
55.5557
85.1156
137.543
224.41
383.304
690.72
994.459
1097.03
688.601
395.129
238.684
144.233
86.1346
51.3718
34.6063
27.1425
24.7047
25.3518
29.2433
38.2007
55.4717
83.937
139.371
228.885
386.69
694.15
1059.35
1038.02
685.29
394.423
236.884
143.152
85.1959
50.6576
34.1734
26.5352
24.3907
25.0322
28.1244
36.7518
55.3703
87.82
142.407
232.365
389.764
687.874
988.333
973.893
679.35
394.257
236.476
141.001
82.4922
50.2467
34.2007
26.4965
23.4946
24.8338
29.0178
38.0335
54.1874
87.8193
142.643
233.485
395.604
703.572
1063.83
975.365
681.178
391.901
235.532
140.334
83.7897
51.0032
34.8048
26.8698
23.5051
24.0332
28.7748
38.1369
55.8692
87.8771
142.819
235.716
396.428
705.336
1041.81
984.972
681.289
388.684
231.606
138.233
81.6748
52.8363
36.2198
27.7798
23.757
24.3531
28.3659
37.6017
55.2431
87.0455
141.692
234.271
395.427
704.562
1113.98
984.709
677.177
385.349
230.386
139.533
84.7249
53.1193
36.2069
27.8858
24.269
23.5615
27.0457
36.1488
53.2936
84.8231
140.883
233.776
392.986
694.529
1018.46
997.873
673.497
383.258
229.883
139.747
82.3106
51.2044
35.7016
27.7464
24.0444
24.4417
28.2004
37.7392
54.4546
86.0771
139.668
232.835
392.847
691.025
961.061
1051.79
677.25
384.367
230.388
142.302
84.3307
53.7745
35.138
27.1543
24.6413
25.2473
28.896
37.4472
53.0829
85.2469
139.015
231.748
391.688
693.467
985.527
977.96
676.562
383.188
231.817
142.834
86.5434
54.3027
37.2199
28.8007
25.2789
25.1759
27.9588
36.2247
53.0905
83.1668
137.899
229.926
386.653
689.94
1051.38
1043.79
679.003
387.28
232.845
142.863
85.491
53.7237
36.8433
28.5738
25.1992
25.1101
28.8001
37.1499
53.7205
84.0796
138.504
228.231
382.247
679.203
1013.94
1027.29
687.488
388.598
234.417
142.899
85.7626
51.4852
36.2024
28.2765
25.0527
24.579
28.0352
37.9954
54.8319
84.9321
137.344
226.991
378.031
672.787
988.387
1096.7
687.185
386.858
233.431
141.185
84.9914
53.0145
35.6277
27.1685
24.9148
25.3451
29.1081
37.9472
54.3832
83.9331
138.919
227.461
376.784
667.965
929.6
1024.58
673.942
383.754
233.516
141.188
82.952
51.2113
35.9623
27.8982
24.8802
25.1292
28.0854
37.2621
53.7759
84.9887
138.827
226.697
377.206
669.891
938.347
978.62
671.43
380.88
232.236
140.78
85.6005
53.3475
34.5656
26.4806
24.4974
24.73
28.5352
37.5271
51.8555
84.366
137.682
226.689
377.558
671.095
998.909
1050.27
672.469
381.502
231.125
140.36
83.0849
51.7007
34.62
26.9131
24.5143
25.3051
29.1839
37.5402
53.522
83.3669
138.02
226.843
378.491
668.332
956.298
977.693
662.259
383.418
230.403
139.032
84.5513
53.648
35.2229
27.3752
23.7505
25.1039
29.053
37.9497
54.8112
85.3315
138.629
227.354
378.831
666.19
924.31
905.065
653.15
378.605
229.651
141.15
86.9883
53.5563
36.4772
26.9041
24.093
24.9686
27.8866
36.3889
52.9283
83.0946
137.209
228.492
380.289
670.768
940.464
897.729
651.846
377.527
230.336
142.119
87.1641
54.3298
36.5876
28.109
24.9578
25.1273
28.3381
37.0446
54.2514
84.6015
138.743
229.087
380.909
670.592
1008.46
902.622
652.417
376.645
230.793
141.567
85.1056
52.1654
34.5425
27.7187
24.8711
25.427
28.7304
37.5845
55.7734
86.4772
140.117
229.466
380.992
670.773
996.359
902.738
653.129
377.692
231.561
143.102
88.1268
54.744
35.479
26.7708
23.837
25.2867
29.5072
38.7001
55.9065
86.6353
140.501
229.438
382.317
678.042
1005.48
893.604
654.978
377.21
231.999
144.039
88.4029
54.8822
36.7078
27.4992
24.2146
25.1026
29.342
38.6441
55.6646
86.5797
140.03
230.453
384.189
682.29
991.053
899.078
654.693
378.651
232.266
142.446
87.8062
53.2088
35.5413
28.3229
24.5496
24.1792
28.1452
38.2923
55.4135
86.1622
140.587
230.741
385.552
682.91
1017.28
913.62
665.896
382.226
233.233
143.618
87.8203
55.2241
37.5971
28.6031
23.9132
24.5966
28.7522
38.1307
54.9168
85.4805
140.277
230.948
387.603
691.228
1062.95
931.566
674.238
384.718
233.995
142.9
85.2709
54.5777
37.3796
28.5749
24.1693
23.6826
27.7492
37.8162
54.4793
83.5355
139.345
231.345
388.52
692.783
1084.82
951.344
678.951
386.236
234.733
142.111
87.1431
53.186
36.9358
28.3858
24.8982
24.5216
28.7492
37.6657
53.9518
85.5959
140.424
231.623
388.732
693.469
1051.1
1008.4
679.221
387.124
235.033
140.371
86.8333
54.2839
36.8542
28.2016
24.7656
24.9787
28.7184
37.1524
51.4593
83.8851
141.517
232.025
389.79
692.013
1022.86
996.152
679.351
388.58
236.082
142.332
86.3846
51.8209
34.7646
26.5396
23.3876
23.8304
27.4816
36.8355
52.9031
86.1097
141.975
233.32
390.76
692.585
1097.52
1009.45
678.885
389.927
237.59
143.873
84.2502
51.9322
35.1543
26.8706
23.7793
24.2887
27.6575
35.693
53.6208
84.4712
142.126
233.778
390.856
690.785
1010.1
983.426
672.165
388.534
236.293
143.008
84.2597
51.6717
35.1115
26.8819
24.1589
23.8358
28.0115
35.5248
52.0893
85.1948
140.98
234.409
392.983
692.449
995.303
945.97
673.654
386.848
236.603
141.299
83.2537
51.5619
35.8511
27.4549
24.2863
24.5153
28.0662
35.6526
53.0058
83.6099
141.538
234.066
394.089
702.763
1069.02
954.311
675.104
386.822
234.603
141.328
83.4576
52.5079
35.8633
26.5223
23.9063
23.7688
27.2311
35.9153
51.7591
85.8589
141.524
234.012
395.063
704.162
1043.93
1013.83
677.321
389.251
234.787
141.571
84.6904
51.0804
35.581
27.5584
23.627
24.5068
27.9465
34.8799
53.4087
85.7243
141.235
234.469
395.152
703.015
1120.62
962.32
676.009
387.027
234.54
141.15
83.0862
53.601
34.4883
27.476
24.4387
24.6474
28.0765
35.5038
53.2802
85.3647
141.08
234.974
395.157
697.697
1041.67
973.986
677.361
389.083
233.314
140.156
86.3779
54.0787
35.3979
26.8855
24.284
24.4885
27.9281
36.0808
51.4388
84.4607
140.185
234.392
394.89
699.029
996.66
1036.8
678.811
386.727
233.516
142.082
86.155
54.0553
36.9341
28.1596
24.2625
24.0768
26.995
34.9113
51.731
83.8622
139.083
235.655
396.073
702.645
1075.42
965.291
676.224
385.457
233.737
142.15
85.5519
54.0539
37.1655
28.3242
24.4473
24.5032
27.9724
35.6117
52.4737
83.047
139.613
236.058
397.012
698.667
1020.59
976.747
678.232
387.176
234.624
141.743
82.7594
52.3003
37.067
28.2275
23.4074
23.4151
26.9743
36.075
51.9452
81.9713
137.832
234.939
396.177
696.424
966.889
993.656
682.087
389.962
236.361
141.509
85.5592
55.3369
37.707
28.4334
23.9362
23.9182
27.393
35.8807
49.834
78.66
135.909
233.132
394.692
697.713
969.548
1054.99
685.893
389.887
237.433
145.792
88.6416
55.6908
37.764
28.4254
24.4643
24.4343
27.8792
35.7843
50.6509
80.4461
134.885
234.544
397.712
700.191
986.229
967.212
679.282
390.231
237.885
146.425
88.8983
55.7316
37.6031
28.2301
23.8157
23.6969
27.0676
34.8217
51.6511
82.3109
134.506
230.674
394.402
700.422
977.155
1028.16
685.942
390.308
237.804
146.003
88.2446
55.3685
37.3391
27.5218
24.8942
24.7885
28.3965
36.6854
53.8741
81.3143
136.324
228.765
392.741
705.585
978.227
949.612
678.932
391.413
238.312
146.274
86.4005
54.5316
36.8051
28.5945
25.0138
23.8984
27.339
37.0562
54.3777
85.6052
135.217
225.919
387.103
693.106
978.596
957.241
681.342
390.486
237.8
145.726
89.7116
55.5656
37.3715
28.5521
25.0935
24.4608
27.8074
35.9086
52.4982
86.0032
137.725
227.115
384.364
687.56
983.645
970.927
672.265
388.023
239.664
146.74
89.1691
53.2718
35.3783
27.0201
24.9083
25.1778
28.7978
37.3793
54.1978
86.597
139.009
227.045
385.164
688.766
999.61
1004.66
668.719
387.456
240.421
147.145
89.5269
54.0441
36.1697
27.3855
24.8233
24.957
28.1424
36.6914
55.0885
85.8753
141.064
229.723
387.195
689.627
1051.5
908.991
663.051
386.777
240.024
147.566
87.5681
53.3355
36.6361
27.3285
24.2227
25.3919
29.4751
38.3126
54.2888
87.7484
143.585
232.691
390.933
688.304
979.578
924.206
666.109
388.099
238.932
147.157
88.5256
53.4649
35.4414
28.0901
24.8786
25.3312
29.3284
38.2248
55.3351
87.1279
143.741
235.662
392.541
693.718
1050.69
933.107
668.692
391.752
239.743
146.97
87.8055
54.0054
35.9885
28.0308
24.6652
25.1366
29.1245
37.9317
54.9289
85.3753
143.63
235.848
392.777
694.541
1020.08
993.942
672.05
390.21
237.552
145.874
89.4661
55.4856
36.5149
27.0382
23.3906
24.0811
27.9993
36.4109
53.1571
86.7239
143.437
236.613
394.899
696.648
998.604
936.58
667.718
391.448
237.053
146.392
89.3429
55.1729
35.4347
27.7921
23.9434
25.0429
29.1194
37.8842
54.7086
85.0065
143.14
236.875
395.177
702.017
1016.56
946.676
671.611
388.221
236.348
145.792
87.1762
53.4497
35.9816
27.9265
24.4978
25.2298
28.477
36.7821
53.4826
87.4381
142.023
237.152
396.339
707.83
1097.15
1002.12
673.128
388.121
235.632
144.794
89.2572
55.6138
37.3605
27.8275
23.6436
25.3767
29.6221
38.6398
55.9013
86.4848
142.975
237.593
399.348
705.197
1079.58
953.7
666.993
390.445
237.021
145.387
89.2595
55.4792
37.3899
27.1162
24.3162
25.4304
29.4551
37.5145
55.2672
88.8724
141.591
238.456
399.603
703.911
1050.66
966.812
669.85
385.306
234.381
145.098
89.2453
53.529
37.2475
27.7751
25.0958
25.4427
29.4853
38.4584
56.2828
89.1492
144.84
239.545
400.663
706.16
976.196
1034.64
672.176
383.549
234.436
144.64
88.8449
55.193
37.395
28.4779
24.8321
24.4156
28.89
37.8722
54.2414
87.0323
144.538
240.177
397.573
702.643
974.343
1002.22
667.252
384.043
236.278
143.69
87.9887
54.6
36.8019
27.9618
23.921
24.5274
27.7385
36.4233
54.301
88.1641
144.374
240.416
397.779
702.586
988.353
1049.81
666.527
385.681
234.571
144.644
85.5155
52.0371
34.8766
26.6186
24.1856
24.2009
28.0553
36.3407
53.7325
87.4085
144.469
236.595
396.634
698.21
991.664
1005.18
661.735
382.753
234.224
143.633
86.0594
53.0432
35.7294
26.8977
24.0498
24.1755
27.1065
36.3914
53.7246
86.3426
143.782
235.188
401.51
695.932
1059.84
962.714
660.716
381.935
233.344
142.003
85.0445
51.1381
35.1711
26.2976
22.9975
23.2019
27.2783
35.7485
52.8192
85.4172
142.485
234.165
395.312
692.71
973.702
1022.52
665.7
382.241
233.391
140.862
84.0049
51.6849
33.8844
26.1822
23.3922
22.9707
25.9453
33.5573
50.0535
82.7307
141.032
233.899
391
694.28
980.981
1008.59
660.277
383.367
234.464
139.581
82.8131
50.8277
33.6619
26.4049
23.233
22.6657
25.5973
32.802
48.6506
80.1295
138.921
233.983
393.751
693.819
996.811
986.295
660.984
381.833
232.729
137.37
79.385
48.0971
32.7673
25.9494
22.8985
22.3735
25.1783
31.9422
47.1799
78.4653
137.465
236.511
385.917
695.093
1008.34
999.417
659.081
382.616
233.487
135.523
77.7829
47.1889
32.1229
25.5012
22.5947
22.252
24.8669
31.4133
45.8343
75.7265
134.401
233.428
384.776
697.094
1030.74
1016.19
651.224
375.845
228.227
131.71
75.1238
45.6908
31.2162
24.321
22.1605
21.8355
24.6573
30.769
44.3337
73.5569
130.57
229.544
383.589
694.071
1092.18
1077.58
639.209
369.656
224.184
126.362
73.4839
44.9655
30.6653
24.1277
22.0013
22.172
24.9065
30.8354
43.4957
71.3785
127.25
226.737
383.311
675.718
981.66
966.492
617.645
356.589
214.379
122.229
69.636
43.3461
29.7082
23.8734
21.5655
21.8029
24.5776
30.7067
42.4916
69.0262
122.786
221.314
382.89
674.15
994.775
898.246
603.239
343.179
206.724
118.002
66.8196
40.1759
28.5151
23.2072
20.4625
20.6397
23.3237
30.0461
42.4191
66.3523
118.609
214.664
374.811
669.807
998.658
912.687
595.376
329.888
199.663
111.846
62.2438
38.5067
27.4267
22.1625
20.1947
20.3118
22.7267
28.305
40.0586
64.1957
114.698
208.434
362.551
654.132
1067.21
922.035
586.5
317.755
192.529
106.145
59.0612
36.4292
26.1314
21.5269
19.6781
19.7837
22.0473
27.1711
38.5033
61.4741
110.762
201.469
350.126
617.493
950.132
989.298
584.25
309.772
185.206
99.4685
54.7717
34.4087
25.1453
20.8425
19.1918
19.3644
21.4385
26.1434
36.173
58.2486
104.784
194.446
340.265
598.01
958.339
903.228
561.741
303.513
172.517
90.5739
50.2797
32.3036
24.3155
20.3788
18.8631
18.9306
20.6355
24.9318
34.181
54.2478
97.5421
183.625
330.046
588.552
887.878
820.343
559.194
301.916
159.515
83.204
46.7632
30.7182
23.4639
19.9545
18.5907
18.6308
20.1226
23.8136
31.6007
48.8676
88.213
170.794
319.76
584.644
896.732
807.326
519.153
268.787
140.57
73.8051
42.7111
28.8226
22.4459
19.4924
18.3093
18.3148
19.6063
22.8584
29.8928
45.1491
79.5697
154.594
297.747
561.053
901.695
806.548
487.263
243.732
125.562
66.1952
39.0992
27.1147
21.6022
18.959
17.9427
17.9224
19.0457
21.8215
27.7778
40.7794
70.3447
136.171
266.503
518.08
910.227
797.078
449.931
220.671
111.036
58.1602
35.1051
25.1692
20.6144
18.4798
17.6057
17.6359
18.5737
20.8692
25.7381
36.318
60.6156
117.373
236.889
475.571
951.378
836.834
408.627
190.303
92.496
49.195
31.1194
23.2932
19.6838
17.9627
17.2987
17.3262
18.0626
19.8895
23.7433
31.9952
50.6784
95.1007
197.16
418.614
854.768
698.466
347.035
159.095
75.8122
41.1885
27.417
21.521
18.796
17.5048
16.9703
16.9789
17.5423
18.9374
21.8756
28.1917
42.6057
77.823
163.741
365.299
863.535
685.926
293.299
127.449
59.8942
34.5407
24.4197
20.0136
17.9672
16.9961
16.6
16.5979
16.9942
17.9711
20.0347
24.4173
34.3043
58.7872
123.817
287.519
698.194
506.348
235.001
99.8571
47.6479
28.839
21.5648
18.4739
17.0671
16.4021
16.1266
16.1207
16.394
17.0737
18.5424
21.7223
29.0947
47.822
99.8497
235.33
535.64
439.16
199.517
79.221
37.3651
23.9623
19.0403
17.0283
16.1471
15.7523
15.5914
15.5803
15.7242
16.1138
17.0074
19.041
23.9574
37.1003
77.1934
194.494
454.385
432.896
165.446
61.6071
29.821
20.1526
16.8683
15.6973
15.2689
15.1063
15.0494
15.0474
15.1057
15.2755
15.7363
16.991
20.4255
30.4691
63.021
165.335
434.587
441.148
131.2
44.4649
22.5155
17.0837
15.449
14.9572
14.8075
14.7603
14.7476
14.7476
14.7643
14.8165
14.9832
15.5343
17.174
22.6386
44.6415
131.606
443.504
465.789
102.304
32.209
18.2928
15.5387
14.9564
14.8143
14.7638
14.7448
14.7409
14.7394
14.7474
14.7653
14.8133
14.9602
15.5973
18.322
31.9674
101.359
464.867
473.529
49.0965
18.4011
15.6269
15.0083
14.8589
14.8233
14.8253
14.8286
14.83
14.8299
14.8281
14.8246
14.8204
14.8516
15.0025
15.6401
18.4747
49.3076
473.575
1733.69
1127.96
677.11
426.724
258.839
146.241
78.3701
43.9907
29.7639
24.8118
25.0589
30.353
43.6728
73.1342
132.381
233.055
387.803
635.128
1101.45
1704.53
1749.37
1132.44
678.705
428.257
253.984
144.097
76.5794
41.622
27.3449
23.0836
23.7459
28.3222
40.5904
68.8943
130.708
232.023
389.322
636.003
1107.11
1721.34
1756.62
1137.49
678.717
425.816
256.579
142.799
74.724
40.5098
27.8602
24.0809
24.7061
29.9608
42.9093
72.5166
129.489
227.527
385.414
635.152
1111.7
1726.72
1784.58
1134.63
677.124
423.138
254.323
136.214
69.2786
39.9306
27.8913
24.9149
25.7572
30.8652
40.4719
72.1586
125.412
232.103
386.951
634.755
1102.77
1747.07
1876.91
1132.95
676.977
422.11
252.809
139.895
70.4027
39.8762
28.6664
24.8744
25.6716
31.2245
43.4534
70.7533
128.406
231.711
386.394
636.018
1092.57
1812.56
1795.28
1123.61
671.447
418.226
250.997
138.512
69.4618
39.5876
27.3405
24.8259
25.3471
30.9812
45.2439
75.4441
132.416
231.905
390.205
637.492
1089.87
1685.67
1732.1
1114.07
670.174
415.907
246.373
132.668
69.7276
40.3453
28.914
24.8767
24.2555
29.2371
44.5293
75.4298
132.194
227.718
389.668
638.191
1094.06
1772.47
1782.93
1092.81
657.857
413.337
249.231
136.586
72.0708
41.7802
27.8192
24.8131
25.0446
31.2509
42.581
74.9642
132.038
229.858
389.824
638.24
1092.72
1683.05
1669.95
1080.82
655.557
413.606
245.864
131.065
67.455
39.2027
29.1946
24.9294
25.7061
32.0997
45.8066
74.8317
131.967
233.398
390.163
637.889
1094.23
1698.89
1702.24
1086.1
657.532
416.502
252.919
137.587
72.1966
42.1155
29.3453
24.4538
24.2983
31.6086
45.0839
73.7249
130.818
235.125
390.11
634.664
1095.15
1767.02
1782.59
1094.1
657.706
417.387
251.24
129.88
67.0761
39.9578
28.9868
23.3762
24.5894
31.1155
42.5639
70.1094
126.628
235.368
388.686
642.017
1099.28
1771.36
1763.89
1097.72
657.831
418.178
250.2
132.762
70.3246
42.6803
29.1755
23.6602
25.0984
31.3465
45.0568
74.7592
133.927
236.301
393.094
643.003
1106.44
1784.04
1786.49
1092.21
662.082
421.979
248.999
125.09
64.7569
42.2111
27.9176
23.3971
24.0906
30.8001
42.1745
70.0805
128.179
235.984
394.137
647.24
1107.26
1761.6
1779.59
1106.83
665.97
426.233
257.231
136.342
71.4796
42.7067
29.3803
24.0134
25.0758
30.907
43.422
71.8431
130.751
232.459
393.302
646.868
1102.57
1720.4
1757.92
1105.95
670.664
428.167
256.679
144.217
75.9149
42.6875
29.2297
24.5596
23.9619
30.0828
44.6009
73.4842
132.775
234.837
392.794
647.612
1109.87
1742.28
1701.51
1102.06
679.535
431.211
259.158
143.319
74.6971
40.1441
27.5145
24.3325
24.1258
29.3853
43.7892
69.4353
131.627
230.584
390.699
648.794
1117.66
1833.86
1719.32
1109.05
681.733
432.714
259.942
142.818
73.1803
42.4465
28.9392
24.3387
24.4882
29.9736
42.3284
72.6391
127.982
233.32
391.425
646.778
1103.68
1778.26
1751.4
1120.98
682.728
433.508
257.427
140.944
68.392
41.9772
27.7374
23.3896
25.3127
31.2342
44.7782
70.0254
127.784
230.022
393.702
647.164
1117.92
1824.13
1819.96
1122.38
684.67
430.242
255.896
140.185
70.9482
40.8079
29.6643
24.7048
25.2779
30.9032
44.8513
72.597
127.492
234.701
391.7
641.719
1116.98
1827.27
1742.4
1126.05
684.508
430.706
252.419
138.638
74.1895
43.4164
29.7636
23.6976
24.0717
28.952
43.9095
69.3405
126.894
234.437
394.068
647.808
1111.3
1754.93
1821.2
1137.16
685.514
429.092
257.471
133.849
69.8602
42.6087
29.4726
24.8619
25.2544
29.5121
44.5552
73.3782
128.54
234.45
393.632
647.449
1108.16
1845.32
1758.11
1133.77
684.99
428.7
258.362
143.463
77.0383
40.9821
28.0005
24.7319
25.4212
29.2893
42.6261
70.1965
130.862
233.059
392.84
647.779
1108.21
1769.92
1775.13
1135.3
684.446
427.798
256.023
141.821
76.6814
44.1754
29.7021
24.7023
25.5906
30.2528
45.1021
73.3757
129.949
232.506
392.293
646.151
1109.88
1684.85
1859.6
1136.81
684.123
426.011
250.841
140.75
75.9677
43.7398
29.3876
23.5276
25.642
31.568
44.8839
71.7001
128.535
231.728
392.139
647.115
1114.38
1690.4
1829.75
1137.5
680.272
423.496
250.391
134.345
74.5363
43.0307
28.1845
24.5704
25.8336
31.5359
44.2965
72.1884
123.549
230.77
391.769
646.059
1117.22
1705.62
1805.82
1133.25
678.437
420.97
248.153
135.573
74.1729
42.3588
29.0284
23.4631
25.648
31.3268
41.8343
72.2311
129.439
229.68
388.663
644.947
1117.11
1714.4
1733.59
1122.56
674.225
420.299
250.354
136.69
73.1937
39.3327
27.3882
23.7057
25.7765
31.6653
43.0157
68.7071
127.377
228.464
387.693
646.442
1120.92
1730.21
1741.46
1121.31
673.084
420.521
249.353
133.713
72.1222
39.9891
28.31
24.2711
25.7851
31.8994
45.0239
69.642
122.328
225.479
385.046
639.913
1109.47
1801.08
1822.25
1124.31
672.978
418.993
242.526
124.24
68.3264
40.1083
27.8985
23.1704
25.6218
32.003
45.5001
69.4241
123.875
225.076
383.194
635.739
1093.02
1615.32
1739.72
1118.17
674.246
417.138
243.553
126.127
72.416
42.2178
26.7417
24.1679
25.63
32.0117
45.7997
71.8052
125.977
227.924
383.338
633.203
1085.83
1620.03
1758.91
1121.16
666.863
412.613
243.362
128.091
72.8395
42.4415
27.1259
23.4966
25.4835
32.0737
46.1729
75.8622
131.413
232.264
384.457
633.739
1084.16
1622.31
1842.69
1125.17
663.787
410.394
242.041
133.906
73.1321
42.6525
28.061
24.7448
25.3827
31.9532
45.5438
75.2419
128.413
232.664
386.502
632.696
1088.74
1646.26
1837.31
1118.52
665.171
408.357
235.506
132.633
72.72
42.6534
29.7833
25.0336
25.0147
31.7756
43.4873
74.4663
136.424
232.751
386.616
630.448
1087.8
1673.89
1877.96
1135.02
666.645
410.003
238.266
131.62
71.4607
42.0039
29.8715
24.9846
24.336
31.9969
46.8806
76.3317
136.086
229.083
387.122
631.646
1098.19
1773.35
1889.35
1133.09
666.063
413.711
241.605
127.556
72.8265
39.4593
29.6023
24.8405
25.4851
31.8305
46.5874
77.1442
136.078
235.585
388.451
632.272
1094.64
1745.78
1906.58
1127.15
662.227
414.887
247.503
137.236
73.5507
42.8197
29.8041
25.1065
25.4399
31.4015
46.0274
73.9628
131.942
233.088
388.001
632.151
1090.83
1760.71
1864.92
1117.6
664.772
415.158
243.294
130.33
68.7897
40.1358
28.1143
23.9134
23.9274
29.4705
44.1643
78.1072
136.986
237.807
389.69
632.053
1088.75
1723.31
1792.91
1110.01
663.324
415.761
252.151
136.074
73.7111
42.6983
29.5917
25.0895
24.6376
30.6759
46.374
78.0278
136.376
238.523
390.914
632.895
1087.22
1660.36
1826.09
1107.64
657.795
414.444
251.013
138.867
73.2952
41.8895
29.105
24.9719
24.8063
31.3579
45.9103
77.1992
131.382
237.632
393.226
635.483
1084.41
1677.55
1735.45
1099.58
653.008
410.824
248.642
136.643
68.3793
38.1486
26.9927
24.7372
25.5431
31.0777
43.6046
76.428
134.466
235.321
393.014
635.096
1093.47
1773.83
1760.84
1099.54
651.249
408.733
246.779
135.173
72.7482
40.1585
28.1455
24.8863
25.5069
30.0646
44.3407
75.2465
130.697
239.263
394.521
637.667
1092.28
1728.26
1829.3
1096.8
650.969
405.887
241.821
128.623
72.3118
41.6775
29.2173
24.8777
25.4687
31.1083
45.265
72.2207
135.04
240.187
395.289
641.381
1089.29
1694.58
1692.96
1076.83
645.706
404.489
240.306
129.7
72.5709
39.6219
28.9226
24.6583
25.2808
30.5886
45.2062
72.9206
130.943
239.835
399.285
645.721
1097.07
1722.64
1708.42
1078.74
647.327
403.916
240.44
131.673
72.9618
43.1398
28.934
24.418
24.9695
29.317
44.9184
74.4376
133.397
239.345
401.521
649.52
1095.16
1765.95
1727.95
1082.6
648.374
405.704
244.752
136.574
72.3229
43.1495
27.4641
24.051
24.772
30.4493
44.4378
73.0993
128.504
238.692
403.069
654.47
1115.2
1804.81
1797.86
1077.62
644.707
405.369
244.579
136.741
68.2128
43.039
29.02
23.7669
23.5661
28.6324
43.5053
69.3392
132.379
237.434
403.621
659.984
1130.46
1904.33
1697.76
1084.25
650.145
406.195
243.787
136.132
74.5533
43.3044
27.8754
22.973
24.3829
28.9183
43.228
70.2169
127.683
232.301
403.652
662.263
1122.59
1892.2
1710.14
1095.36
653.149
409.317
240.913
130.109
73.588
43.0493
29.4178
23.3613
24.4353
28.5923
41.2668
72.0949
130.562
236.606
404.096
663.644
1133.86
1910.16
1731.15
1098.52
655.801
411.428
250.247
140.74
73.5324
42.6855
29.3752
24.3647
24.389
29.0043
43.1712
69.3113
133.396
238.836
402.971
661.348
1134.11
1866.35
1747.75
1101.7
658.987
412.172
249.515
139.571
67.9431
41.4235
28.0131
23.9943
23.4308
29.6848
42.1352
73.9724
132.744
234.972
400.886
660.639
1133.93
1786.73
1818.41
1101.19
658.04
409.436
249.063
138.961
69.1574
39.545
29.5303
23.7763
24.3844
28.7318
45.0355
73.4533
130.743
234.464
399.779
660.259
1131.2
1852.86
1742.83
1097.96
656.969
411.666
248.031
137.081
69.7602
41.0458
30.1383
25.2991
24.9278
30.1535
44.9675
70.0336
125.128
229.999
398.817
656.769
1113.88
1684.11
1809.61
1098.32
657.354
412.184
247.811
131.032
72.2226
42.95
30.3514
25.3945
25.055
31.5758
45.3085
76.2388
133.07
236.599
398.584
650.024
1110.09
1691.85
1686.66
1095.83
656.694
411.469
244.508
136.174
69.9438
40.9924
30.2883
25.5084
25.9417
31.2962
44.2493
75.7219
137.47
240.819
399.086
650.126
1103.14
1699.02
1703
1099.57
657.924
413.041
248.68
132.893
76.7332
45.0497
30.5758
25.4043
25.759
29.8352
40.713
74.6518
136.173
240.422
398.339
649.998
1105.68
1780.21
1712.75
1103.25
660.502
414.341
249.378
139.61
76.5318
44.8216
30.5259
25.2978
25.7536
31.3259
43.5111
71.353
130.696
237.449
400.557
651.215
1102.71
1697.22
1740.04
1107.3
663.458
415.624
245.111
134.125
75.828
44.4299
30.2211
24.9566
25.3767
30.3847
45.3219
72.9999
133.27
238.508
401.109
652.128
1108.41
1717.12
1759.38
1110.02
664.991
417.009
247.378
138.364
75.1373
44.1317
29.817
23.782
24.4395
31.5501
44.9537
74.6485
135.729
239.689
400.318
651.517
1108.06
1806.51
1846.42
1112.2
666.129
418.617
246.317
133.822
70.761
41.4131
30.3753
25.0649
25.6244
31.2322
41.8699
69.9394
132.057
236.585
400.128
651.276
1112.1
1756.45
1786.14
1117.96
669.488
419.704
256.104
144.779
78.833
45.6099
30.5346
23.8071
24.3531
31.6299
45.412
75.8672
139.031
241.96
400.355
652.445
1112.01
1707.65
1848.23
1117.78
669.565
419.886
256.299
144.186
77.8901
45.2961
30.4479
24.3793
24.5136
30.4461
47.4039
78.9662
135.413
238.893
401.57
652.973
1113.02
1721.29
1759.39
1111.32
666.275
420.38
255.416
146.642
76.7949
44.2763
29.9331
24.9776
24.6068
30.971
45.5358
76.0892
139.478
242.366
400.927
655.635
1121.35
1811.93
1834.77
1109.35
671.313
424.102
251.494
144.859
70.2601
40.9717
29.1825
24.7911
25.0948
32.2094
48.2266
79.6299
138.609
242.197
402.498
656.201
1120.83
1741
1784.37
1116.55
676.231
425.612
258.793
144.586
74.1295
43.729
27.9429
23.6087
25.8933
30.7826
47.8115
78.9827
133.142
240.045
402.751
657.142
1128.16
1762.25
1805.24
1123.22
677.467
424.919
253.53
138.322
76.5954
43.5755
28.7839
24.425
26.1837
32.4274
47.1752
76.2379
133.482
235.554
402.364
657.028
1130.17
1858.07
1890.99
1132.1
678.298
424.809
254.355
139.48
75.7683
40.3559
29.805
25.1971
25.9926
31.9482
45.7527
79.3517
134.952
237.064
401.705
654.544
1118.53
1768.22
1828.8
1131.63
673.985
421.888
252.418
138.311
72.3342
42.166
30.0515
25.0493
25.6391
31.509
44.9168
78.656
128.805
239.113
401.324
653.201
1117.34
1830.32
1896.99
1127.78
672.231
421.175
254.16
141.545
76.1126
44.0049
29.887
24.5932
25.1139
29.8705
44.9746
78.6843
135.187
235.738
399.93
648.375
1102.72
1683.37
1766.64
1114.22
664.878
418.437
252.721
139.929
75.1023
43.4922
29.4211
23.3346
24.826
30.4516
46.0724
78.213
140.117
242.4
400.281
648.608
1104.36
1704.88
1783.22
1113.85
663.983
415.945
248.069
136.892
73.2861
42.5321
29.0228
24.2428
23.8658
30.9103
45.1763
73.9525
138.052
242.504
400.916
650.023
1108.69
1794.17
1836.41
1112.36
661.438
413.675
246.251
134.8
71.7511
41.4192
28.4607
23.9492
23.8156
30.5479
44.2937
72.9507
132.865
240.785
401.062
650.633
1105.24
1713.82
1732.99
1108.42
657.015
409.735
243.895
129.755
69.8114
38.4006
26.391
23.5329
23.5228
29.9654
43.4
71.6359
132.733
238.996
400.111
648.595
1107.4
1737.18
1777.09
1107.89
654.432
408.861
242.085
127.812
68.8436
40.2141
26.9082
23.2874
23.36
29.4432
40.8814
70.7647
132.517
236.097
397.997
646.419
1110.66
1831.13
1817.54
1102.62
648.864
403.318
236.225
124.937
67.2342
39.6127
27.3212
23.0578
23.5968
29.0452
42.3475
71.6428
127.346
233.85
394.854
643.453
1099.35
1747.97
1780.81
1091.87
643.07
397.781
232.599
124.549
62.7462
38.3498
26.6644
21.739
22.952
27.0694
39.2214
70.1312
128.998
229.05
391.437
638.492
1085.79
1660.86
1715.34
1085.64
640.762
395.226
227.37
121.912
65.0898
37.4221
25.9901
22.0659
22.045
27.6358
39.954
65.4027
122.897
226.719
385.829
632.401
1086.45
1658.76
1591.4
1077.34
641.238
395.699
220.456
118.228
59.5027
33.5637
23.7859
20.7516
21.4471
25.7785
37.1232
63.6292
120.571
222.167
380.348
625.777
1093.71
1672.34
1576.68
1051.62
627.454
386.145
216.088
114.498
59.2884
32.8807
23.6796
20.7406
21.0878
25.2976
36.1332
61.7447
115.145
215.88
373.473
617.929
1083.55
1675.91
1580.12
1036.41
618.914
381.101
209.655
111.16
56.4414
31.4276
23.8742
20.8036
20.6159
24.2873
34.1899
59.0108
110.091
206.645
364.585
611.472
1073.28
1696.56
1575.69
1009.29
604.365
374.081
200.541
102.633
52.0145
30.416
23.4914
20.5219
20.1968
23.3836
32.1184
52.7745
104.076
200.115
351.803
595.999
1044.46
1753.59
1627.94
983.331
589.268
364.485
194.507
97.7742
49.357
30.0198
23.0921
20.1571
19.7589
22.619
30.3979
50.5555
97.0697
190.493
342.78
578.936
1010.54
1596.94
1574.59
946.833
567.112
345.392
183.112
89.2169
48.0791
30.255
22.6739
19.8131
19.3091
21.6905
28.6368
47.088
91.7812
182.388
331.995
568.466
992.263
1616.78
1579.46
908.248
539.836
324.681
171.33
83.9629
44.0991
27.7058
21.9244
18.9496
18.8656
20.9664
27.3699
44.0858
84.6249
171.978
320.689
549.337
969.386
1699.03
1513.7
868.888
507.318
300.469
156.242
76.8009
42.2028
27.5041
21.5724
18.8892
18.7157
20.4804
26.0664
40.9503
78.4297
160.881
306.04
527.696
930.53
1584.78
1443.23
854.071
495.301
287.389
147.426
71.3458
38.9575
25.9854
20.4793
18.2581
18.1562
20.0515
25.1715
38.3196
72.5303
151.356
290.162
502.393
899.214
1657.76
1351.93
832.933
475.006
269.813
134.972
65.0469
36.0632
25.114
20.3524
18.3551
18.2218
19.8154
24.3172
35.871
66.2063
137.284
270.491
476.422
854.67
1416.1
1351.26
813.768
458.392
255.374
125.101
59.6963
33.9347
23.657
19.3641
18.1907
18.2391
19.8183
23.806
33.0923
58.5321
122.662
248.656
448.689
827.044
1293.4
1342.83
781.234
426.606
231.834
109.766
53.0412
31.3978
22.8307
19.1255
17.9856
17.9609
19.3774
22.6222
30.639
51.1816
105.508
223.521
420.748
791.783
1288.09
1343.51
739.853
391.64
203.262
93.3881
46.6256
28.7009
21.5098
18.6195
17.4899
17.588
18.5493
21.6018
28.4464
45.7687
89.2833
188.953
374.924
737.639
1277.53
1409.21
687.366
347.655
171.848
79.8437
40.6364
26.3593
20.6726
18.2552
17.3328
17.3777
18.106
20.2931
25.8431
39.6572
75.6729
159.688
332.056
690.09
1288.32
1241.86
599.304
293.986
139.696
63.9175
34.8817
24.0461
19.6855
17.7942
17.0474
17.0073
17.6823
19.4599
23.7095
33.754
59.5354
126.29
279.681
617.408
1351.33
1275.03
518.01
239.72
109.399
51.3095
30.002
22.0623
18.7512
17.3859
16.827
16.8154
17.2895
18.6087
21.7782
29.5067
49.1022
100.121
225.052
522.577
1166.42
1013.19
408.087
184.549
83.1255
40.7221
25.7224
20.1063
17.9126
16.9584
16.5965
16.592
16.9557
17.8589
19.9965
25.154
39.0622
78.3426
181.641
430.897
1170.26
801.05
312.032
130.252
55.8551
30.4641
21.8118
18.5186
17.1525
16.5802
16.351
16.3445
16.5777
17.2151
18.6826
22.1486
30.6584
54.5262
128.689
326.745
860.244
590.067
238.254
92.6376
40.5467
24.6592
19.3221
17.315
16.5
16.1435
16.0011
15.9945
16.1295
16.4918
17.415
19.7721
26.0589
43.5878
97.1208
255.527
674.017
480.208
184.544
68.7235
31.3076
20.6931
17.3496
16.2005
15.7803
15.6054
15.5363
15.5369
15.6116
15.7878
16.193
17.3127
20.6498
31.3293
68.5803
180.422
481.959
453.495
144.831
49.5445
23.9358
17.6379
15.8268
15.294
15.1274
15.0686
15.0499
15.0521
15.0846
15.1633
15.3595
15.9265
17.8266
24.5221
51.5337
151.802
455.084
456.508
116.967
38.4761
20.1154
16.0774
15.0946
14.8611
14.8024
14.7867
14.7843
14.7833
14.7896
14.8071
14.8634
15.0801
15.9434
19.717
37.148
113.319
458.534
468.433
82.7658
26.5318
17.1383
15.3019
14.8748
14.7948
14.7768
14.7709
14.7721
14.77
14.774
14.7789
14.796
14.8678
15.2493
17.053
27.4545
89.957
470.918
475.658
45.1355
17.1815
14.7457
14.6935
14.8055
14.8292
14.8394
14.8426
14.8431
14.8431
14.8418
14.8388
14.8293
14.8054
14.6901
14.6515
16.5799
43.1355
476.792
979.653
686.929
393.701
240.068
147.734
89.8281
56.5344
38.1719
29.0563
25.2251
25.0963
28.8166
37.7239
55.0961
87.0032
142.845
235.798
397.762
704.627
1000.68
1003.83
693.563
396.5
241.904
148.051
89.2506
56.0301
37.5734
28.592
24.8357
24.3301
27.3665
35.8867
52.9636
85.3138
143.031
237.729
402.325
717.161
1022.79
1021.1
696.75
397.493
242.571
147.928
87.048
54.7077
35.6023
27.2747
24.6807
24.6445
27.8809
36.3697
53.481
85.1681
142.682
237.705
406.177
722.835
1034.91
1097.69
702.076
397.95
241.861
148.94
90.8427
56.4319
36.7829
28.3783
24.7094
24.0733
28.3084
36.7483
54.0336
84.47
141.479
237.548
403.459
718.454
1044.66
1062.97
698.161
396.157
241.551
148.362
90.27
55.9568
36.3344
28.194
24.6651
24.6062
28.1942
35.9692
53.7681
84.9671
141.091
237.39
403.541
719.587
1056.71
1133.83
693.137
394.183
241.933
147.955
89.2795
55.1964
36.8312
27.0293
23.5899
23.4591
27.2822
36.7192
53.3293
82.8011
140.589
236.892
404.428
723.068
1080.62
1034.7
681.195
393.216
240.855
145.95
86.0388
52.3846
35.1122
27.4255
24.5711
24.1074
28.0661
36.6664
53.2887
84.4983
141.004
236.278
404.88
725.69
1100.16
966.115
679.542
392.453
239.03
145.011
86.3919
53.0096
35.5822
27.9298
24.6568
24.5276
27.3837
36.2384
51.6657
81.9845
140.367
235.572
402.99
726.779
1187.78
980.362
682.09
392.124
239.257
144.545
87.0378
53.1162
35.2142
26.8675
24.2373
23.9949
28.5318
35.9529
53.7113
82.8757
140.11
235.224
402.192
720.751
1120.91
993.017
684.23
392.854
237.13
142.995
84.9243
52.4575
35.5358
27.1824
23.6538
24.5882
28.7352
37.6395
54.3222
82.7708
139.808
234.505
399.21
713.464
1192.98
1062.14
686.264
394.492
237.121
144.38
87.5044
53.7855
36.3955
27.746
23.7832
23.7951
28.4416
37.5868
54.4926
84.0837
139.095
233.403
397.778
707.353
1069.5
1046.62
687.657
393.495
236.054
143.399
86.9429
51.9795
34.9606
26.829
24.2511
24.2904
28.277
37.7052
54.5686
82.1993
140.166
233.775
397.02
706.919
1035.52
1062.42
688.821
391.636
235.702
143.133
86.8039
54.1687
36.7195
28.0097
24.2603
23.2215
26.8288
37.7151
54.9733
85.2865
140.622
232.735
395.699
707.978
1111.15
1033.5
684.684
391.045
236.409
142.431
84.2535
52.0812
35.2491
27.0207
23.7426
23.8858
27.7911
38.0787
55.2886
84.3017
140.433
232.66
394.822
703.744
1034.45
987.486
681.348
391.445
233.814
142.065
86.1443
53.9006
36.7161
28.1889
24.7382
24.8081
28.6548
38.2323
55.4501
86.4726
140.665
232.578
393.669
704.81
1096.33
990.452
676.865
386.566
232.575
140.126
85.5748
53.4621
36.4185
28.0298
24.6616
25.1004
29.2872
38.3525
55.363
86.1364
139.978
230.563
391.021
693.383
981.657
1003.31
671.972
383.751
232.825
141.882
83.0971
50.8571
35.5612
26.7892
23.4885
24.1279
29.0439
38.1221
55.1454
84.7102
139.865
231.338
392.046
697.968
1047.65
1048.53
671.446
384.047
233.971
142.224
83.8867
51.3709
34.4214
27.6239
24.2589
24.9421
28.9696
37.9976
55.4216
87.1419
139.566
231.485
391.042
693.234
974.296
953.132
666.167
383.765
235.213
143.221
84.4426
51.8806
34.8181
27.7533
23.4829
24.9177
28.1318
36.6583
53.735
86.9679
137.193
231.195
393.335
696.713
986.472
989.567
667.35
385.565
236.683
142.538
85.8921
53.4253
35.5992
28.1323
24.3015
25.2394
29.3434
38.3132
55.7098
87.698
140.787
233.218
393.133
697.99
1047.91
980.198
663.339
387.495
238.201
144.439
84.6794
52.1876
37.2069
28.6005
25.1019
25.3935
29.3498
38.2873
55.5154
87.7391
142.506
233.967
392.447
695.728
974.203
927.858
665.828
390.096
239.213
147.311
89.5598
56.0082
37.8976
28.6395
25.0596
25.3067
29.2271
38.0256
55.429
87.5909
142.421
234.149
394.135
697.857
980.623
932.051
665.667
391.275
240.602
148.191
89.7328
56.1182
37.9736
28.3732
24.9427
25.2505
29.2216
37.7753
53.8753
87.0928
141.008
233.932
393.812
700.098
1003.73
954.336
668.794
393.07
242.01
148.713
89.69
56.074
38.0493
28.7575
24.2379
24.9588
29.0879
37.0669
55.0563
87.1298
142.353
234.371
393.876
699.683
1058.84
1022.62
678.047
397.597
244.904
149.252
88.9714
54.2427
37.7874
28.8066
25.0786
24.4575
29.2163
37.9837
54.881
86.511
142.08
234.917
394.245
697.712
986.752
988.428
678.231
399.156
246.095
150.865
91.649
56.4389
37.8899
28.8369
25.3091
25.4317
29.2142
37.7954
53.2833
84.5876
141.118
234.906
395.885
701.321
1063.24
964.799
681.541
401.807
247.955
150.624
91.2444
55.9104
37.4701
28.5679
25.1795
25.3283
29.0187
37.6639
54.5008
85.5354
141.149
235.316
395.556
699.37
1044.86
978.248
684.944
405.223
250.478
152.092
90.5836
55.0839
36.9173
28.2837
25.0643
25.2363
28.8339
37.3662
54.1916
83.9367
141.054
233.944
394.017
693.29
1026.89
1042.07
692.683
407.753
250.91
151.65
87.9749
52.2642
34.7964
26.7463
24.6365
24.9244
27.7806
35.7663
53.624
85.8653
142.013
233.646
391.365
686.912
970.871
981.314
690.703
407.834
249.992
152.892
89.8531
53.7822
36.2011
27.483
24.1886
24.9299
28.6965
36.2841
51.6065
83.9949
142.143
234.323
394.317
688.4
980.297
990.078
692.464
405.672
249.463
152.339
91.3502
55.1415
37.3795
28.3331
24.9852
24.3869
28.7093
36.7339
52.5782
86.2382
142.735
234.228
391.142
689.314
999.492
1052.14
696.557
406.767
250.007
151.254
91.0652
53.045
36.7713
28.7973
25.2502
25.084
28.2606
38.1972
53.5325
86.2645
143.515
235.278
392.319
690.96
1060.83
975.608
692.014
406.712
249.758
152.422
90.9604
55.3557
37.4584
28.8907
25.2069
24.676
28.9276
38.7962
55.6754
85.975
143.922
235.864
393.415
687.139
953.214
982.282
695.563
407.499
249.843
152.023
89.8913
52.7955
35.8338
28.6264
25.2415
25.595
29.5587
38.8285
55.8724
83.3306
144.577
236.832
395.131
690.602
972.211
1016.35
695.693
408.458
250.055
150.279
87.276
53.5993
37.388
28.6735
24.7611
25.2336
28.3506
38.6372
56.2085
86.8325
145.658
238.401
396.479
693.163
984.361
1006.8
696.261
410.499
250.326
151.933
89.2597
54.3543
37.6778
28.7272
24.4406
24.6765
28.6343
38.3873
55.3
89.3864
146.18
239.009
397.903
698.025
1054.97
956.396
694.671
407.407
249.168
151.877
91.0976
56.1608
37.724
28.7515
25.1384
25.5802
29.3894
37.837
57.4466
90.3335
146.367
239.443
400.324
704.324
1041.25
961.61
694.651
405.323
247.329
151.354
90.5715
55.988
37.5843
28.6427
24.3543
25.4075
28.8688
39.0489
57.2656
89.7712
144.895
239.586
402.235
709.137
1057.59
973.023
694.589
404.751
247.274
151.375
90.4833
55.4053
37.1598
28.5255
24.9734
25.3315
29.3604
38.5832
56.4814
89.3578
146.465
240.093
401.989
710.102
1064.21
995.091
698.449
407.099
248.031
150.131
88.3639
54.9875
35.6812
27.9732
23.8013
24.0234
27.8902
36.6692
54.0864
86.7959
145.879
239.941
402.021
704.796
1048.11
1058.66
699.821
406.269
248.4
151.277
90.2197
53.7939
37.2907
27.5433
24.03
24.3219
28.2188
37.108
54.5657
87.2713
145.792
239.595
400.472
705.708
1009.92
997.224
694.855
408.848
249.516
151.199
89.8786
55.4157
37.3639
28.3665
24.4769
24.6348
28.5267
37.4686
54.9795
87.6736
145.392
239.228
400.633
705.771
1021.46
935.232
686.999
406.194
249.097
150.137
86.938
54.7301
35.8856
28.255
23.5614
23.5718
27.3036
35.9068
52.9604
85.3937
145.385
239.436
399.864
705.191
1088.01
929.628
692.114
402.098
250.018
149.019
87.8216
54.3425
37.1048
28.5973
24.5776
24.6683
28.6798
37.8369
55.6092
88.1057
145.625
239.442
398.98
700.148
1028.94
931.928
684.719
402.693
248.263
146.252
85.0197
51.8573
35.477
28.5403
25.2282
25.3753
29.5505
39.0096
57.219
89.9802
144.968
239.494
396.384
695.169
976.416
939.995
688.944
394.447
245.736
146.228
87.5687
54.3121
36.8705
28.5341
25.0204
24.2941
28.3386
37.5949
56.4846
90.0558
146.973
240.316
400.763
703.078
985.912
951.116
684.681
392.895
242.351
145.88
84.7029
51.8774
36.5786
28.3252
24.9023
24.6727
29.0827
38.2824
55.0149
87.9571
146.272
239.243
401.593
707.992
1004.06
965.202
682.104
390
239.814
144.978
85.5428
52.6134
35.4203
27.1892
24.0773
25.059
28.3962
38.1286
54.8375
88.0608
145.524
238.761
401.49
710.992
1015.55
982.692
679.127
385.957
236.544
142.874
86.5528
53.5672
36.4236
28.0873
24.8404
25.2258
29.3179
37.3863
54.8498
87.8512
144.993
238.041
399.014
705.801
1028.37
1055.93
677.799
384.617
234.586
141.35
86.0651
52.817
35.873
27.9663
24.7438
24.3593
29.1507
38.2015
55.8221
88.5626
144.968
238.061
396.379
701.791
1085.55
1005.78
673.257
382.113
234.449
140.867
85.209
51.6453
35.1076
27.6975
24.694
24.5201
28.284
37.7194
55.3714
87.8356
144.06
238.817
395.866
694.429
976.027
965.624
671.079
381.97
233.441
141.293
84.9897
48.8029
33.0278
27.5028
24.7679
25.1196
28.8237
36.2085
53.1741
85.5506
144.212
238.975
395.174
690.481
984.751
974.504
673.236
383.212
232.518
141.31
85.2379
51.2882
34.9063
27.7335
24.7385
24.8765
28.8476
36.5521
53.5122
85.4529
142.691
237.175
395.657
690.079
1025.35
991.084
670.83
384.003
231.58
140.592
85.2482
53.574
36.6134
27.9247
24.7554
25.0226
28.3219
36.6914
53.894
85.4622
142.143
235.77
392.051
689.202
955.429
1038.73
671.489
382.525
230.735
139.722
84.4312
53.1506
36.5352
27.0098
24.2338
24.2846
29.0926
37.6753
52.1351
83.6536
141.854
236.345
392.083
690.959
1025.41
966.812
664.754
381.713
230.544
139.098
83.7988
52.8312
36.8237
28.3253
24.1962
24.532
28.9865
37.8335
54.033
84.9066
140.995
237.42
389.813
691.119
1013.32
1029.83
673.57
382.869
229.975
137.931
82.3814
51.9346
36.731
28.4449
24.7926
24.9102
28.1462
36.6423
55.1848
86.3611
139.986
233.964
388.25
689.246
1010.29
979.96
669.221
383.931
230.474
136.294
79.3566
49.2986
36.741
28.5132
24.2209
24.6597
28.9775
37.3778
54.0448
84.5344
138.817
232.579
389.753
686.134
970.68
928.548
666.301
382.858
232.215
139.941
83.9378
52.5546
37.2718
28.6598
25.4048
25.672
28.8068
38.5678
55.4582
85.4419
138.67
232.449
384.749
688.043
1029.48
924.988
665.229
383.356
233.141
143.02
87.681
55.3943
37.6151
27.7891
25.4496
25.8986
29.8593
38.7892
54.4514
85.5261
139.008
230.112
384.564
684.131
953.083
935.294
667.329
384.508
233.618
142.951
87.4263
55.1588
37.5258
28.8189
25.4921
25.7782
29.7094
38.812
56.1905
87.4594
139.226
229.627
386.79
688.617
1022.24
935.376
666.945
385.902
234.069
143.04
87.1908
54.7859
37.0078
28.5726
25.282
25.5633
29.4754
38.5916
56.0273
87.4861
141.645
229.696
384.705
684.442
966.154
949.726
669.542
383.672
233.238
141.083
84.2662
52.5109
34.9099
28.0507
25.0106
25.2779
28.3619
37.1269
54.2456
88.1784
142.042
230.062
387.955
685.676
980.963
961.125
671.825
386.311
233.479
141.219
86.3999
54.3062
35.4209
27.9643
24.9047
25.2571
29.2965
38.3991
55.5941
88.0249
142.213
230.394
387.703
688.996
1061.01
1023.19
674.702
385.545
233.548
141.898
86.0097
53.8219
35.3034
27.5623
24.117
25.2283
29.0961
38.0054
53.8516
87.1563
142.522
232.773
388.712
683.782
1003.31
969.194
671.543
386.428
233.893
141.332
83.0754
52.0334
35.9169
26.8358
24.7771
25.1426
27.9587
37.5882
55.2006
87.5062
142.349
232.353
388.51
679.822
945.216
978.524
670.948
384.869
233.942
139.637
83.7684
54.2756
35.5431
27.2347
24.9138
25.1916
28.278
37.0373
53.2517
85.8
141.737
232.013
386.754
680.847
944.896
1038.13
669.97
382.259
232.776
140.052
84.6956
55.0596
37.5899
27.869
24.9119
25.1451
28.7578
36.2308
53.3939
85.2881
141.212
231.926
385.878
682.623
959.364
979.57
665.383
381.258
233
141.938
87.0595
55.1493
37.6128
28.5104
24.8703
25.0073
28.7772
37.3154
53.1689
85.3652
140.399
230.726
385.573
686.022
967.84
924.035
662.261
382.429
235.004
140.761
86.7256
54.7929
36.9366
27.3161
23.7229
23.8921
27.6145
36.1262
52.7202
83.4773
139.679
230.627
385.836
690.041
994.745
927.529
660.235
383.711
236.491
143.775
84.2458
53.9923
37.2188
28.3074
24.5412
24.6388
28.4628
37.1202
53.1876
82.377
137.789
230.466
384.026
690.073
1063.55
942.202
660.705
384.48
236.08
143.455
84.2737
51.9408
36.7611
28.0609
23.6744
23.7252
28.1949
36.8096
52.6971
81.3759
136.394
228.233
380.035
685.93
1047.48
952.183
661.168
384.306
234.853
141.577
83.6762
52.5275
36.5226
27.9599
24.4012
24.3658
27.3527
36.3445
51.0589
80.6884
133.602
227.091
379.815
685.105
1065.44
1014.39
662.86
384.931
233.013
141.008
84.6819
53.2488
36.0137
26.5757
23.1774
23.4278
27.7938
36.3697
52.4326
81.9424
133.178
227.835
380.433
682.403
1067.14
988.156
664.27
383.196
232.251
140.406
82.0097
52.1233
34.4065
26.4297
23.2809
23.562
27.5024
35.7592
51.8437
81.4274
132.004
224.851
373.751
677.523
1046.45
954.2
662.773
380.639
232.315
139.175
83.3691
50.2907
34.0574
26.1013
23.0557
23.6826
27.01
34.0568
50.7771
79.1015
132.264
223.377
372.58
669.582
987.243
961.079
663.219
380.478
233.775
138.308
80.5514
49.2701
33.37
25.6964
22.8198
23.412
26.7526
34.0092
50.1719
78.8721
131.183
220.933
371.859
661.299
1032.07
978.702
664.508
373.466
229.56
135.967
78.6179
48.0682
32.7159
25.362
22.7025
22.8682
26.2393
33.7184
48.1501
77.3686
129.671
217.173
365.073
657.307
954.282
999.006
664.095
371.658
227.545
132.387
76.1414
47.3129
32.5453
25.4474
22.516
22.149
25.6738
33.0316
47.2189
75.9083
128.305
214.543
364.685
656.48
1012.71
1073.51
661.531
369.667
223.56
129.611
73.7203
44.5894
31.6161
24.9345
22.1836
22.0015
24.3694
31.1712
45.4504
73.8708
126.301
213.791
364.799
652.847
965.75
1028.68
647.746
366.32
220.129
125.555
71.3336
43.7149
29.9157
23.525
21.116
21.5318
23.8158
30.3035
43.6465
71.3466
124.001
213.151
364.941
651.714
979
978.494
632.428
353.523
214.973
121.957
67.6615
41.7223
29.1576
23.5742
21.1311
21.1025
23.192
29.2768
41.9039
69.2013
122.258
212.854
361.455
645.386
998.747
1010.59
621.498
348.506
210.442
117.707
65.2131
39.9612
28.3191
22.5347
20.6191
20.2359
22.6181
28.0575
39.8449
65.861
119.789
214.078
358.528
643.92
1074.19
964.981
615.379
346.711
204.309
112.276
62.0317
38.2983
27.0572
22.0174
19.8909
19.8848
22.0714
27.1471
38.0747
61.8004
113.751
208.256
353.017
631.858
996.99
992.946
611.97
343.756
196.48
106.386
58.7136
36.796
26.3637
21.4406
19.5663
19.625
21.5395
26.1211
36.5151
58.8733
107.494
201.494
343.503
623.339
957.451
1060.64
598.612
330.927
186.196
99.5413
55.0149
34.3146
25.1291
20.7051
19.1354
19.1899
20.9186
25.3232
34.859
55.796
101.529
192.644
332.753
613.295
1021.43
979.217
580.705
318.017
175.543
92.5471
50.8656
32.4713
23.9799
20.1967
18.907
19.032
20.4294
24.4342
33.1964
52.5139
95.2533
181.751
328.134
605.869
1013.69
938.452
559.222
297.225
160.502
84.2541
47.1673
30.6237
23.3119
19.7731
18.3916
18.434
19.926
23.4675
31.2016
48.2938
87.0152
168.09
319.624
595.325
1036.65
1007.71
537.549
275.772
144.708
75.3546
42.9188
28.7454
22.4486
19.3704
18.2302
18.2653
19.5071
22.5729
29.2019
43.7813
77.1667
150.032
291.467
565.447
1037.93
950.339
494.485
246.975
127.436
66.4854
38.9515
26.9491
21.4084
18.8396
17.8872
17.9588
19.0259
21.724
27.3457
39.5806
67.5426
131.455
263.863
529.346
1014.46
889.661
452.222
219.269
110.808
57.8602
35.0182
25.1574
20.5928
18.421
17.6043
17.6485
18.6162
20.8764
25.5324
35.61
58.7021
112.82
232.071
483.765
953.05
933.816
408.751
191.123
93.7421
49.699
31.2714
23.3367
19.6395
17.969
17.3036
17.3739
18.1027
19.9049
23.7495
31.9955
50.7075
95.5143
199.62
431.803
998.855
765.957
343.482
157.393
75.7359
41.5338
27.6259
21.5834
18.7778
17.4668
16.9736
16.9928
17.5858
18.9928
21.9237
28.1575
42.2031
76.5254
162.062
357.598
809.983
660.097
290.805
128.509
61.2444
34.9729
24.4692
19.9668
17.9026
16.9438
16.5748
16.6098
17.0332
18.057
20.2427
24.9576
35.7613
62.4795
131.252
295.325
678.318
519.201
232.331
98.3222
46.7354
28.4816
21.3962
18.3722
16.999
16.3783
16.1409
16.1573
16.4396
17.1302
18.5956
21.7868
29.2157
48.2298
101.758
241.047
539.525
442.814
197.064
79.3362
37.7755
24.0902
19.037
16.9909
16.1195
15.742
15.6017
15.6149
15.7846
16.2008
17.138
19.278
24.4512
38.2247
80.3227
200.777
441.085
434.567
163.808
61.177
29.5249
19.9844
16.7904
15.653
15.244
15.0971
15.0519
15.0599
15.1277
15.3043
15.7592
16.9843
20.3637
30.2099
62.5001
166.664
432.106
441.477
131.742
44.8297
22.6764
17.1974
15.5364
14.9756
14.8083
14.7595
14.7476
14.7488
14.7678
14.8231
14.9892
15.5256
17.2168
22.776
44.9316
132.73
440.426
465.516
101.054
31.8578
18.2933
15.5779
14.9407
14.8049
14.7606
14.7438
14.7408
14.7398
14.7485
14.7676
14.8181
14.9687
15.5873
18.3121
32.0512
101.753
464.453
473.245
49.256
18.49
15.6497
15.0018
14.8511
14.82
14.8247
14.8285
14.8299
14.8298
14.8279
14.8245
14.8218
14.8551
15.0028
15.6351
18.4382
49.212
474.054
348.917
276.436
157.316
100.118
68.4922
49.5662
37.8528
30.6389
26.5087
24.6484
24.6505
26.4784
30.5084
37.5764
49.2713
68.619
101.424
160.695
279.07
345.739
391.065
282.946
162.471
103.13
69.4909
49.646
37.7987
30.5315
26.3831
24.5243
24.5224
26.3193
30.0677
37.1627
49.1505
69.3674
104.112
166.325
288.568
382.736
346.296
277.784
159.261
101.292
68.9837
49.5848
37.7056
30.4187
26.266
24.4216
24.422
26.0998
30.4956
37.753
49.7122
69.5855
104.065
166.099
287.884
348.3
368.378
277.187
161.795
103.455
69.4321
49.5295
37.2661
29.8761
25.661
24.1657
24.064
26.3153
30.5337
37.7965
49.7813
69.61
104.396
167.498
291.252
350.503
332.306
276.813
159.379
101.956
69.5612
49.8563
37.7725
30.3511
25.7828
23.8783
24.0999
26.2624
30.4288
37.659
49.3812
69.2739
103.657
166.289
288.536
361.15
376.557
279.962
161.034
103.338
69.9454
49.8986
37.5577
30.3236
25.8553
23.9876
24.0273
26.1502
30.315
37.5608
49.5211
69.0753
102.503
164.384
289.312
364.094
363.965
278.655
159.532
102.562
69.6499
50.0788
37.9012
30.1184
26.1087
24.2987
24.2341
25.774
29.677
36.9048
49.065
68.8475
102.092
163.502
290.493
373.718
341.408
279.488
159.484
104.65
69.876
49.9806
37.9021
30.4342
25.8184
23.9654
24.0302
26.0534
29.8437
37.0544
49.2419
69.1127
102.255
163.528
289.436
412.058
370.549
279.233
159.552
103.068
69.8359
50.0136
37.5335
30.3728
26.154
24.2999
24.3214
26.1348
29.8572
37.0371
49.1397
68.9153
102.467
163.473
286.652
357.912
330.323
279.3
160.496
102.562
70.018
49.9055
37.749
30.2419
25.7477
23.7594
23.8051
25.7718
29.8652
37.2105
48.9087
69.179
102.869
164.222
289.395
405.537
371.094
282.707
163.815
104.889
70.4631
50.0924
37.7925
30.173
25.6732
23.8309
23.9594
26.156
30.2445
37.3144
48.9587
68.9448
102.855
164.063
288.708
392.277
365.357
283.79
164.859
105.284
70.9445
50.062
37.8128
29.86
25.7578
23.9379
24.0324
26.1864
30.2919
37.37
49.1322
68.9271
103.32
164.086
288.849
395.427
363.551
286.078
166.227
105.89
71.0607
50.2517
37.9842
30.38
26.2285
24.3362
24.3505
26.242
30.2781
37.317
48.8718
68.7627
102.051
163.511
283.838
364.027
343.049
287.186
167.628
106.488
71.294
50.5502
37.9752
30.1637
26.2507
24.3706
24.3914
26.2648
30.3096
37.3855
49.1153
68.7937
101.655
164.429
283.026
383.639
349.49
291.653
168.887
106.538
71.3365
50.5391
37.9752
30.4441
26.2072
24.0111
24.2617
26.2041
30.2346
37.2981
48.9935
68.5673
101.288
161.787
281.225
327.39
387.631
293.743
168.4
105.712
70.9673
50.3116
37.7515
29.9389
26.1294
24.2568
24.1507
26.1906
30.2104
37.2685
48.7645
68.5091
101.558
162.456
282.98
332.631
357.836
297.12
169.602
106.439
71.3839
50.0654
37.6664
29.9776
26.0684
24.2535
24.2882
26.1308
29.8258
36.9267
49.1402
68.715
101.786
162.962
288.008
332.692
368.682
295.839
171.617
107.279
71.024
50.0451
37.5381
30.1148
25.8116
23.732
23.8022
26.0779
30.2012
37.3479
49.2065
68.7866
101.823
162.316
283.208
335.521
408.883
301.116
168.213
105.241
70.5148
49.9112
36.9874
29.5414
25.6159
23.8362
23.8545
26.0283
30.1797
37.3515
48.897
68.7096
101.673
162.136
286.067
335.165
382.059
299.084
167.905
106.451
70.5986
49.997
37.5697
29.939
26.0572
24.2012
23.9394
25.6836
29.6639
37.0086
49.0226
68.8827
101.858
161.985
281.01
333.435
393.245
298.754
168.025
105.164
70.4492
49.8818
37.5596
30.2314
26.1043
24.2909
24.2923
26.0863
29.9813
37.4315
49.1701
68.9594
101.931
162.312
282.756
342.159
408.023
302.968
168.084
105.332
70.7008
49.6031
37.2234
29.8801
25.711
24.189
24.2278
26.132
30.2952
37.5089
49.2237
69.1015
102.211
162.568
283.451
347.084
458.33
296.038
167.332
106.089
70.6944
50.0248
37.5354
30.1076
25.7717
24.1874
24.2053
25.8152
30.2824
37.4516
49.2598
69.184
102.868
163.092
285.877
370.822
374.495
282.863
162.378
104.256
70.4399
49.546
36.9187
29.6842
25.9925
24.2444
24.2497
26.1434
30.3757
37.3895
49.4252
69.2064
102.105
162.759
283.521
342.211
316.485
277.876
163.893
102.991
70.399
49.79
37.3594
30.1927
26.2002
24.3771
24.346
25.9526
30.4463
37.7885
49.6787
69.304
102.331
162.986
282.576
321.942
317.908
278.424
160.366
102.967
70.4412
50.0491
37.8629
30.0897
26.244
24.4573
24.4931
26.3213
30.1821
37.7282
49.6576
69.3491
103.169
163.745
283.793
326.108
311.864
284.075
160.775
103.087
70.8773
50.4681
38.1063
30.5932
26.3949
24.493
24.4746
26.0927
30.3496
37.7513
49.6816
69.1148
102.203
162.705
283.527
332.5
315.425
277.19
160.34
103.183
70.8937
50.3731
38.0481
30.5252
26.0446
24.4803
24.5338
26.3794
30.1618
37.4577
49.6483
69.1877
102.327
163.04
284.376
358.014
310.378
277.457
160.988
103.296
70.5735
50.4249
38.0531
30.5687
26.3363
24.4513
24.4769
26.4179
30.3205
37.7974
49.7101
69.3195
102.552
163.567
284.402
335.295
314.173
278.916
161.259
103.513
71.0823
50.2963
37.9002
30.4304
26.2078
24.3121
24.1353
26.4162
30.4716
37.5405
49.5087
69.4952
102.714
163.961
285.432
338.749
315.841
279.373
161.815
105.537
70.8826
50.1829
37.8182
30.3262
26.1152
24.3011
24.3821
26.4185
30.6399
37.8373
49.6788
69.208
102.363
164.566
287.862
368.586
320.653
283.718
162.542
103.452
70.271
49.9657
37.6645
30.1432
25.5918
23.9942
23.8258
25.8808
30.4544
37.7179
49.699
69.5495
102.92
163.536
282.616
336.215
327.458
283.459
164.885
105.282
70.1692
49.9571
37.6706
30.1747
25.881
24.0174
23.8908
25.8975
30.3331
37.344
49.5975
69.4368
102.236
163.38
286.449
362.13
335.099
282.815
164.765
104.632
70.04
49.9002
37.5483
30.0346
25.5244
23.6973
23.7968
25.8397
30.0658
37.6385
49.6652
69.3388
102.621
166.301
280.007
314.846
365.91
284.534
165.199
103.719
70.0382
49.6962
37.1335
29.7405
26.0182
24.267
24.1303
26.0944
30.1873
37.4202
49.5363
69.4609
102.747
164.337
280.755
322.318
332.958
282.584
166.101
104.163
70.6281
50.1131
37.6241
30.2026
26.1533
24.45
24.5161
26.4373
30.5601
37.6983
49.6783
69.9894
103.845
162.577
283.887
324.919
335.199
284.053
165.707
104.47
70.3885
49.8728
37.3531
29.9286
25.9047
24.4998
24.5937
26.5023
30.5899
37.4523
49.7716
69.5629
103.006
162.811
280.892
335.679
371.984
288.847
165.022
105.715
70.4393
50.2473
37.9701
30.611
26.4529
24.5607
24.5594
26.4551
30.5573
37.787
49.8954
69.6511
102.988
162.874
281.693
341.935
368.928
290.714
165.458
103.893
70.2548
50.0998
37.848
30.5586
26.4323
24.4674
24.2023
26.3082
30.3911
37.324
49.5852
69.7112
103.539
164.963
284.855
385.37
372.879
292.654
166.596
104.442
70.5303
49.9824
37.4101
30.0382
26.3059
24.224
24.4552
26.365
30.4208
37.4044
49.6663
69.6719
103.424
164.763
283.847
374.369
357.274
296.984
167.715
105.306
70.8559
50.472
38.0304
30.3343
26.3825
24.5462
24.5374
26.3477
30.3728
37.4897
49.5488
69.6446
103.638
165.168
283.265
362.722
367.672
295.723
170.459
107.366
71.506
50.4803
37.6729
30.4714
26.3394
24.4908
24.4631
26.2887
30.2818
37.2695
48.9945
69.4371
103.969
164.022
281.641
326.776
382.51
293.362
168.951
106.336
71.1904
50.3239
37.807
29.9236
25.6789
23.925
24.2623
25.8329
29.7139
36.7067
48.7315
69.3612
103.078
166.043
283.705
325.859
429.178
294.306
167.167
105.267
71.5088
50.3827
37.4601
29.9204
25.6932
23.9488
24.2773
26.1259
30.0306
36.7879
48.6495
69.1863
103.998
164.344
286.844
335.188
377.104
288.835
167.338
105.997
70.9729
50.1789
37.6233
30.1392
25.662
23.904
24.2096
26.1168
30.0441
36.7134
48.663
69.0274
103.342
166.247
288.138
340.61
353.599
287.919
164.279
103.936
70.3818
50.0868
37.1621
29.6411
25.843
24.0669
23.9377
25.7687
29.9911
37.0781
48.9092
68.7154
103.381
164.702
290.975
377.944
388.766
287.991
164.484
105.166
70.6629
50.2155
37.6456
29.8847
25.6133
23.8622
24.2713
26.1296
29.7305
36.6836
48.583
68.7148
102.322
164.645
290.914
349.727
373.948
287.716
164.686
104.432
70.6433
50.1524
37.5906
30.248
26.2031
24.38
24.4279
26.2927
30.2893
37.3239
49.2131
69.0475
102.709
166.095
290.641
353.341
408.682
287.211
165.127
104.949
70.8947
50.2471
37.0234
29.6495
26.0183
24.3252
24.471
26.3957
30.3888
37.3549
49.3099
69.2326
102.909
164.084
287.098
362.712
356.374
284.382
165.758
105.953
71.3019
50.448
37.5535
29.798
25.6329
23.7851
23.965
25.9027
30.0719
37.3702
49.4897
69.5716
104.379
164.654
287.511
386.819
324.492
283.201
166.008
105.785
71.2948
50.4743
37.9166
29.9913
26.0149
24.0707
24.3172
26.2448
30.3943
37.6092
49.5957
69.5044
103.326
164.868
283.835
333.991
353.856
285.294
164.417
104.421
70.8098
50.3641
37.8661
30.0894
25.8443
24.2211
24.2077
25.7657
30.0358
37.3717
49.4094
69.522
104.067
168.084
284.984
342.365
312.548
280.378
163.115
105.216
71.3355
50.1654
37.5037
30.4025
26.2391
24.2528
23.8879
25.6512
29.7157
37.1555
49.1779
69.106
102.702
164.946
285.313
343.911
306.713
279.185
165.038
104.709
71.0507
50.0864
37.7496
30.3577
26.1708
24.1937
24.0489
25.768
29.7788
36.956
48.9779
68.9376
102.241
163.648
286.029
344.365
313.641
279.689
160.316
102.983
70.5408
49.9518
37.6527
30.1814
25.7014
23.6544
23.5704
25.1695
29.151
36.3633
48.6585
68.9645
103.068
163.855
289.337
351.761
321.619
279.389
159.473
102.331
69.962
49.8696
37.4683
29.8508
26.092
24.0271
24.0618
25.5681
29.5795
36.7816
48.9779
69.0604
102.561
163.726
286.798
370.36
342.514
278.974
159.532
104.006
70.6683
49.9863
37.2038
30.1966
26.1673
24.259
24.1541
25.847
29.9979
37.2219
49.187
69.2167
102.819
164.441
287.244
340.62
330.727
278.089
159.159
102.804
70.0635
50.0461
37.7182
30.0251
25.8507
23.9238
23.7978
25.6033
29.869
37.2415
49.3373
69.2407
103.079
165.171
288.304
377.48
372.739
278.974
160.532
101.978
69.8036
49.8269
37.8722
30.6
26.4072
24.4656
24.3183
25.8059
29.7923
37.0001
49.1203
69.2937
102.59
163.423
286.258
353.948
343.402
276.936
159.187
102.033
69.7116
49.93
37.5712
30.5304
26.3821
24.4938
24.3746
25.8772
29.9315
37.2155
49.3261
69.3224
102.702
163.357
285.257
375.838
320.296
277.591
161.971
104.321
70.644
49.9709
37.5878
30.4644
26.3493
24.4737
24.4322
26.0576
30.0334
37.2718
49.4148
69.3643
103.465
162.696
279.419
320.826
325.237
279.47
162.373
104.217
70.4207
50.0722
37.7676
30.0896
25.9166
24.0532
24.1275
26.3077
30.2424
37.4452
49.4968
68.963
102.917
165.281
280.205
325.047
366.619
282.208
162.04
104.09
70.2348
49.956
37.7103
30.5337
26.4219
24.5339
24.5212
26.4354
30.3309
37.521
49.4129
68.7452
103.436
164.057
281.214
325.017
348.146
283.325
164.51
102.963
69.7396
49.6912
37.7524
30.5969
26.4605
24.5749
24.5768
26.5089
30.6386
37.7799
49.4466
68.4051
100.793
162.506
283.338
355.188
331.429
280.598
161.921
103.149
69.9845
49.9955
37.4258
30.5361
26.4445
24.5646
24.58
26.4689
30.5631
37.6642
49.3153
68.3731
100.593
158.544
277.135
318.853
339.263
283.362
165.072
105.201
70.6589
50.2323
37.9707
30.5794
26.449
24.5833
24.5972
26.4634
30.5235
37.611
49.3002
68.5805
101.893
157.736
276.292
313.021
385.698
287.184
164.529
103.965
70.0461
49.984
37.7784
30.3038
26.3435
24.5203
24.5267
26.361
30.1369
37.3074
49.198
68.9359
99.9738
157.638
275.852
311.944
364.34
287.323
162.862
102.788
69.7265
49.8106
37.2554
30.3548
26.3422
24.503
24.513
26.3858
30.4254
37.2227
49.1096
68.7903
101.322
159.899
279.459
311.888
341.444
281.714
164.778
103.298
70.0652
49.6682
37.2118
29.9565
26.2128
24.3971
24.1321
26.3267
30.4673
37.3086
48.9021
68.2609
99.7731
158.123
274.276
316.177
348.544
282.772
163.271
103.561
70.0414
49.8233
37.3427
30.303
26.2251
24.4556
24.2101
26.0528
30.424
37.5569
49.13
67.9522
100.407
156.991
273.448
314.336
394.843
285.743
164.854
105.229
70.674
49.7525
37.623
30.0849
25.9934
24.444
24.4982
26.3575
30.4013
37.5465
49.136
67.9577
98.9701
155.513
272.802
321.126
382.558
284.471
166.187
105.195
70.7934
50.1024
37.3695
30.3331
26.2553
24.4409
24.4516
26.3075
30.4001
37.559
49.3556
68.8077
100.86
158.157
273.411
323.354
379.769
283.921
166.265
105.156
70.5857
50.0952
37.6115
29.8009
25.6073
23.8592
24.1672
25.7997
29.7905
37.0651
49.1572
68.6469
101.005
157.602
274.167
332.944
355.811
284.175
166.334
104.532
70.1601
49.8209
37.1234
29.689
25.5941
23.8501
24.1269
25.7606
29.9115
37.339
49.3596
68.9303
101.95
158.844
273.466
353.281
361.825
284.356
164.619
105.635
70.5759
49.8061
37.2016
29.672
25.5348
23.7493
24.0288
25.7232
30.0118
37.2538
49.1743
69.3212
102.668
161.537
273.999
312.223
404.181
286.557
166.567
104.913
70.053
49.4536
37.358
29.7421
25.5951
23.7773
23.9993
25.8789
29.9297
36.885
49.1466
69.0047
102.44
162.697
278.232
345.792
399.885
285.895
164.244
103.812
69.8643
49.6321
37.3854
30.0478
25.8968
23.9874
23.728
25.4615
29.7328
36.7895
49.1077
69.4706
103.668
162.192
277.299
323.303
400.753
284.279
166.055
105.504
70.4245
49.5413
37.3644
29.9966
25.8744
24.0106
23.9665
25.7159
29.423
36.6126
48.6884
68.6628
102.303
164.933
281.295
327.256
371.574
282.587
165.054
105.494
70.3372
49.6275
37.1879
29.7798
25.6675
23.7239
23.4588
25.2514
29.518
36.6188
48.3797
68.6334
102.337
162.737
282.21
360.815
393.564
284.022
166.61
106.286
70.4961
49.2996
37.0396
29.582
25.1899
23.5749
23.529
25.1533
28.9295
36.2999
48.1552
68.8239
102.579
162.816
279.255
337.54
356.2
286.844
170.311
107.253
70.6766
49.4895
36.8899
29.1526
25.1867
23.2433
23.3429
24.7162
28.4807
35.5744
47.7375
68.5976
103.168
162.17
279.831
342.414
368.286
283.135
169.894
107.238
70.6366
49.155
36.7783
29.419
25.3317
23.4492
23.1709
24.7226
28.3563
35.1746
47.322
68.231
102.818
164.076
284.835
381.856
373.66
284.805
170.592
107.378
70.5448
49.3093
36.2137
28.8545
24.8551
23.1394
23.3685
25.0099
28.466
34.9135
46.9266
67.7725
102.957
162.453
282.454
362.663
386.88
291.626
169.936
106.923
70.3865
48.6696
36.4916
29.2383
25.2198
23.4441
23.3926
24.9416
28.5914
34.7603
46.4657
67.0745
102.82
162.715
284.354
374.174
392.433
283.64
166.748
107.056
69.9798
47.9326
35.5641
28.3793
24.4953
22.8754
23.1634
24.8959
28.546
34.7589
46.2191
66.3221
102.099
163.226
289.104
425.951
406.848
289.745
168.612
106.058
68.9366
47.3108
35.4181
28.2035
24.3179
22.6725
22.6467
24.3329
28.3611
35.1351
46.5953
65.8471
100.935
159.579
282.102
410.601
420.628
282.13
163.87
104.232
67.35
46.2927
34.3762
27.5587
24.1379
22.6767
22.6636
24.2479
28.1021
34.4411
46.2558
65.6904
99.7835
157.929
275.654
398.437
471.382
284.206
162.777
101.849
65.3883
45.1443
33.8614
27.2859
23.6875
22.1893
22.5148
24.2051
27.8228
34.4601
45.7145
64.7988
98.1568
153.324
274.173
410.29
442.8
271.248
162.177
98.5724
63.0706
43.7227
33.4195
27.2795
23.7716
22.2642
22.3527
23.8995
27.2503
33.1133
43.8679
62.6791
96.1123
150.481
275.528
433.687
484.149
267.626
156.672
94.5231
60.6725
42.2752
32.0462
26.2596
23.2939
21.9084
21.6765
22.9667
25.9918
31.7625
42.1043
60.6615
93.6858
147.003
261.021
484.772
428.114
261.86
152.221
90.4899
57.8082
40.4288
30.8251
25.6283
22.7566
21.3433
21.2202
22.4809
25.3289
30.6629
40.2797
57.7798
89.9005
145.554
251.092
427.644
440.839
269.928
144.721
84.479
54.0372
38.144
29.4548
24.6282
22.1843
20.8608
20.7337
21.7751
24.292
29.0244
37.6715
53.7706
84.4561
141.618
223.524
380.069
468.716
245.532
131.627
77.06
49.4396
35.1783
27.5531
23.3707
21.1009
20.101
20.076
21.0042
23.1477
27.1863
34.6314
48.738
76.3908
130.151
220.643
391.577
396.76
220.652
118.975
68.7123
44.1299
31.89
25.4817
22.0019
20.1476
19.3235
19.3011
20.0718
21.8867
25.3358
31.745
43.9994
68.6369
119.965
226.896
420.573
362.784
203.972
105.44
59.0497
38.0379
28.0375
22.9507
20.2472
18.8282
18.2175
18.2228
18.8404
20.2646
22.9856
28.1369
38.2652
59.4637
105.798
201.31
356.241
340.608
184.438
89.4226
48.6955
31.7737
24.0926
20.3052
18.3542
17.37
16.9519
16.9556
17.3849
18.4023
20.4199
24.3455
32.328
49.8502
91.772
187.507
342.579
349.05
166.319
73.221
38.7572
25.8441
20.3622
17.7828
16.513
15.9026
15.656
15.6612
15.9209
16.5532
17.8652
20.5341
26.1993
39.447
74.3321
166.802
348.98
396.744
144.92
56.708
29.8136
20.8465
17.3895
15.9216
15.2734
15.0002
14.901
14.9031
15.0081
15.2862
15.9364
17.4118
20.8711
29.8589
56.7619
145.15
398.18
437.426
117.018
40.1287
22.266
17.2191
15.6114
15.06
14.8614
14.7869
14.7606
14.761
14.7918
14.87
15.0711
15.62
17.2237
22.2499
39.9661
116.371
438.864
468.319
59.0595
22.0161
16.4858
15.3444
14.9893
14.8584
14.811
14.7919
14.785
14.7852
14.7928
14.8124
14.8596
14.9889
15.3387
16.4797
22.0264
59.1204
468.013
)
;

boundaryField
{
    fixedWalls_1
    {
        Cmu             0.09;
        kappa           0.41;
        E               9.8;
        type            epsilonWallFunction;
        value           nonuniform List<scalar> 
200
(
364.766
397.797
395.765
382.226
349.363
347.416
354.29
377.807
337.611
378.329
357.38
384.552
327.919
333.548
333.051
367.009
344.605
329.697
361.63
320.357
360.4
334.898
365.909
326.771
367.791
362.202
361.487
345.105
378.524
342.504
389.824
368.022
341.114
341.582
354.474
382.137
339.376
377.264
351.273
382.188
324.453
333.256
335.93
346.477
350.178
354.661
360.486
400.778
369.393
334.779
332.094
343.569
366.487
316.879
330.479
372.969
364.877
372.243
367.926
350.064
356.176
389.553
384.916
386.042
359.015
361.078
371.678
404.003
360.764
406.114
390.86
365.769
345.983
347.727
363.528
392.445
331.958
338.926
340.525
371.246
340.884
343.893
355.37
361.815
370.732
382.851
425.491
393.897
403.576
415.7
456.362
388.741
399.928
426.697
357.238
340.168
348.616
395.734
437.707
468.346
346.601
371.259
381.288
352.902
308.742
301.149
307.09
315.781
330.278
369.768
343.875
319.501
322.659
333.85
341.117
386.771
385.221
392.879
388.475
360.992
377.764
345.582
350.511
347.41
344.93
342.137
344.405
338.755
372.543
322.606
322.908
357.506
316.122
317.502
350.089
331.218
360.093
319.593
350.122
300.55
302.006
317.407
354.945
352.933
364.712
368.772
367.25
356.706
331.105
334.507
348.704
392.642
350.601
326.233
362.239
338.393
362.51
322.386
351.157
326.879
329.433
364.994
333.625
334.826
344.591
368.131
327.612
336.417
343.606
384.739
358.693
329.844
343.917
307.42
320.346
335.629
319.172
323.044
353.74
331.495
333.174
340.163
347.687
357.364
404.937
381.477
355.235
356.414
363.257
363.485
370.421
372.245
410.535
362.303
372.328
342.706
348.714
397.92
438.978
468.019
)
;
    }
    frontAndBack_1
    {
        type            empty;
    }
    inlet_1
    {
        type            fixedValue;
        value           uniform 14.855;
    }
    outlet_1
    {
        type            zeroGradient;
    }
    fixedWalls_2
    {
        Cmu             0.09;
        kappa           0.41;
        E               9.8;
        type            epsilonWallFunction;
        value           nonuniform List<scalar> 
200
(
980.368
999.855
1010.53
1028.9
1085.92
986.23
998.722
1008.8
1031.6
1082.41
989.534
1055.47
985.478
990.977
1012.21
1026.06
1097.03
1038.02
973.893
975.365
984.972
984.709
997.873
1051.79
977.96
1043.79
1027.29
1096.7
1024.58
978.62
1050.27
977.693
905.065
897.729
902.622
902.738
893.604
899.078
913.62
931.566
951.344
1008.4
996.152
1009.45
983.426
945.97
954.311
1013.83
962.32
973.986
1036.8
965.291
976.747
993.656
1054.99
967.212
1028.16
949.612
957.241
970.927
1004.66
908.991
924.206
933.107
993.942
936.58
946.676
1002.12
953.7
966.812
1034.64
1002.22
1049.81
1005.18
962.714
1022.52
1008.59
986.295
999.417
1016.19
1077.58
966.492
898.246
912.687
922.035
989.298
903.228
820.343
807.326
806.548
797.078
836.834
698.466
685.926
506.348
439.16
432.896
441.148
465.789
473.529
952.202
968.588
975.85
1037.49
957.064
959.344
984.928
1029.6
1054.5
1047.76
1062.13
1029.5
974.816
986.525
1064.48
994.459
1059.35
988.333
1063.83
1041.81
1113.98
1018.46
961.061
985.527
1051.38
1013.94
988.387
929.6
938.347
998.909
956.298
924.31
940.464
1008.46
996.359
1005.48
991.053
1017.28
1062.95
1084.82
1051.1
1022.86
1097.52
1010.1
995.303
1069.02
1043.93
1120.62
1041.67
996.66
1075.42
1020.59
966.889
969.548
986.229
977.155
978.227
978.596
983.645
999.61
1051.5
979.578
1050.69
1020.08
998.604
1016.56
1097.15
1079.58
1050.66
976.196
974.343
988.353
991.664
1059.84
973.702
980.981
996.811
1008.34
1030.74
1092.18
981.66
994.775
998.658
1067.21
950.132
958.339
887.878
896.732
901.695
910.227
951.378
854.768
863.535
698.194
535.64
454.385
434.587
443.504
464.867
473.575
)
;
    }
    frontAndBack_2
    {
        type            empty;
    }
    inlet_2
    {
        type            fixedValue;
        value           uniform 14.855;
    }
    outlet_2
    {
        type            zeroGradient;
    }
    fixedWalls_3
    {
        Cmu             0.09;
        kappa           0.41;
        E               9.8;
        type            epsilonWallFunction;
        value           nonuniform List<scalar> 
200
(
1733.69
1749.37
1756.62
1784.58
1876.91
1795.28
1732.1
1782.93
1669.95
1702.24
1782.59
1763.89
1786.49
1779.59
1757.92
1701.51
1719.32
1751.4
1819.96
1742.4
1821.2
1758.11
1775.13
1859.6
1829.75
1805.82
1733.59
1741.46
1822.25
1739.72
1758.91
1842.69
1837.31
1877.96
1889.35
1906.58
1864.92
1792.91
1826.09
1735.45
1760.84
1829.3
1692.96
1708.42
1727.95
1797.86
1697.76
1710.14
1731.15
1747.75
1818.41
1742.83
1809.61
1686.66
1703
1712.75
1740.04
1759.38
1846.42
1786.14
1848.23
1759.39
1834.77
1784.37
1805.24
1890.99
1828.8
1896.99
1766.64
1783.22
1836.41
1732.99
1777.09
1817.54
1780.81
1715.34
1591.4
1576.68
1580.12
1575.69
1627.94
1574.59
1579.46
1513.7
1443.23
1351.93
1351.26
1342.83
1343.51
1409.21
1241.86
1275.03
1013.19
801.05
590.067
480.208
453.495
456.508
468.433
475.658
1704.53
1721.34
1726.72
1747.07
1812.56
1685.67
1772.47
1683.05
1698.89
1767.02
1771.36
1784.04
1761.6
1720.4
1742.28
1833.86
1778.26
1824.13
1827.27
1754.93
1845.32
1769.92
1684.85
1690.4
1705.62
1714.4
1730.21
1801.08
1615.32
1620.03
1622.31
1646.26
1673.89
1773.35
1745.78
1760.71
1723.31
1660.36
1677.55
1773.83
1728.26
1694.58
1722.64
1765.95
1804.81
1904.33
1892.2
1910.16
1866.35
1786.73
1852.86
1684.11
1691.85
1699.02
1780.21
1697.22
1717.12
1806.51
1756.45
1707.65
1721.29
1811.93
1741
1762.25
1858.07
1768.22
1830.32
1683.37
1704.88
1794.17
1713.82
1737.18
1831.13
1747.97
1660.86
1658.76
1672.34
1675.91
1696.56
1753.59
1596.94
1616.78
1699.03
1584.78
1657.76
1416.1
1293.4
1288.09
1277.53
1288.32
1351.33
1166.42
1170.26
860.244
674.017
481.959
455.084
458.534
470.918
476.792
)
;
    }
    frontAndBack_3
    {
        type            empty;
    }
    inlet_3
    {
        type            fixedValue;
        value           uniform 14.855;
    }
    outlet_3
    {
        type            zeroGradient;
    }
    fixedWalls_4
    {
        Cmu             0.09;
        kappa           0.41;
        E               9.8;
        type            epsilonWallFunction;
        value           nonuniform List<scalar> 
200
(
979.653
1003.83
1021.1
1097.69
1062.97
1133.83
1034.7
966.115
980.362
993.017
1062.14
1046.62
1062.42
1033.5
987.486
990.452
1003.31
1048.53
953.132
989.567
980.198
927.858
932.051
954.336
1022.62
988.428
964.799
978.248
1042.07
981.314
990.078
1052.14
975.608
982.282
1016.35
1006.8
956.396
961.61
973.023
995.091
1058.66
997.224
935.232
929.628
931.928
939.995
951.116
965.202
982.692
1055.93
1005.78
965.624
974.504
991.084
1038.73
966.812
1029.83
979.96
928.548
924.988
935.294
935.376
949.726
961.125
1023.19
969.194
978.524
1038.13
979.57
924.035
927.529
942.202
952.183
1014.39
988.156
954.2
961.079
978.702
999.006
1073.51
1028.68
978.494
1010.59
964.981
992.946
1060.64
979.217
938.452
1007.71
950.339
889.661
933.816
765.957
660.097
519.201
442.814
434.567
441.477
465.516
473.245
1000.68
1022.79
1034.91
1044.66
1056.71
1080.62
1100.16
1187.78
1120.91
1192.98
1069.5
1035.52
1111.15
1034.45
1096.33
981.657
1047.65
974.296
986.472
1047.91
974.203
980.623
1003.73
1058.84
986.752
1063.24
1044.86
1026.89
970.871
980.297
999.492
1060.83
953.214
972.211
984.361
1054.97
1041.25
1057.59
1064.21
1048.11
1009.92
1021.46
1088.01
1028.94
976.416
985.912
1004.06
1015.55
1028.37
1085.55
976.027
984.751
1025.35
955.429
1025.41
1013.32
1010.29
970.68
1029.48
953.083
1022.24
966.154
980.963
1061.01
1003.31
945.216
944.896
959.364
967.84
994.745
1063.55
1047.48
1065.44
1067.14
1046.45
987.243
1032.07
954.282
1012.71
965.75
979
998.747
1074.19
996.99
957.451
1021.43
1013.69
1036.65
1037.93
1014.46
953.05
998.855
809.983
678.318
539.525
441.085
432.106
440.426
464.453
474.054
)
;
    }
    frontAndBack_4
    {
        type            empty;
    }
    inlet_4
    {
        type            fixedValue;
        value           uniform 14.855;
    }
    outlet_4
    {
        type            zeroGradient;
    }
    fixedWalls_5
    {
        Cmu             0.09;
        kappa           0.41;
        E               9.8;
        type            epsilonWallFunction;
        value           nonuniform List<scalar> 
200
(
348.917
391.065
346.296
368.378
332.306
376.557
363.965
341.408
370.549
330.323
371.094
365.357
363.551
343.049
349.49
387.631
357.836
368.682
408.883
382.059
393.245
408.023
458.33
374.495
316.485
317.908
311.864
315.425
310.378
314.173
315.841
320.653
327.458
335.099
365.91
332.958
335.199
371.984
368.928
372.879
357.274
367.672
382.51
429.178
377.104
353.599
388.766
373.948
408.682
356.374
324.492
353.856
312.548
306.713
313.641
321.619
342.514
330.727
372.739
343.402
320.296
325.237
366.619
348.146
331.429
339.263
385.698
364.34
341.444
348.544
394.843
382.558
379.769
355.811
361.825
404.181
399.885
400.753
371.574
393.564
356.2
368.286
373.66
386.88
392.433
406.848
420.628
471.382
442.8
484.149
428.114
440.839
468.716
396.76
362.784
340.608
349.05
396.744
437.426
468.319
345.739
382.736
348.3
350.503
361.15
364.094
373.718
412.058
357.912
405.537
392.277
395.427
364.027
383.639
327.39
332.631
332.692
335.521
335.165
333.435
342.159
347.084
370.822
342.211
321.942
326.108
332.5
358.014
335.295
338.749
368.586
336.215
362.13
314.846
322.318
324.919
335.679
341.935
385.37
374.369
362.722
326.776
325.859
335.188
340.61
377.944
349.727
353.341
362.712
386.819
333.991
342.365
343.911
344.365
351.761
370.36
340.62
377.48
353.948
375.838
320.826
325.047
325.017
355.188
318.853
313.021
311.944
311.888
316.177
314.336
321.126
323.354
332.944
353.281
312.223
345.792
323.303
327.256
360.815
337.54
342.414
381.856
362.663
374.174
425.951
410.601
398.437
410.29
433.687
484.772
427.644
380.069
391.577
420.573
356.241
342.579
348.98
398.18
438.864
468.013
)
;
    }
    frontAndBack_5
    {
        type            empty;
    }
    inlet_5
    {
        type            fixedValue;
        value           uniform 14.855;
    }
    outlet_5
    {
        type            zeroGradient;
    }
}


// ************************************************************************* //
