/*--------------------------------*- C++ -*----------------------------------*\
  =========                 |
  \\      /  F ield         | OpenFOAM: The Open Source CFD Toolbox
   \\    /   O peration     | Website:  https://openfoam.org
    \\  /    A nd           | Version:  6
     \\/     M anipulation  |
\*---------------------------------------------------------------------------*/
FoamFile
{
    version     2.0;
    format      ascii;
    class       volScalarField;
    location    "3";
    object      epsilon;
}
// * * * * * * * * * * * * * * * * * * * * * * * * * * * * * * * * * * * * * //

dimensions      [0 2 -3 0 0 0 0];

internalField   nonuniform List<scalar> 
10000
(
954.83
405.614
223.225
119.652
66.152
40.3855
27.7592
21.5943
18.6779
17.5905
17.8331
19.4043
22.8219
29.4249
41.9737
65.842
112.517
202.283
379.626
965.941
892.547
400.175
217.297
113.278
60.2261
36.1286
25.1952
20.1025
17.7434
16.9131
17.1276
18.4382
21.2656
26.793
37.8194
60.6486
108.297
196.5
370.905
895.255
894.601
420.475
221.242
113.415
61.3948
37.031
25.664
20.3308
17.8588
16.9494
17.1648
18.4934
21.3171
26.774
37.5378
59.46
105.873
195.052
372.983
896.174
893.701
387.908
211.86
114.973
63.6417
38.4636
26.4656
20.7535
18.1224
17.0856
17.251
18.6361
21.5276
27.0647
38.173
60.0673
103.309
191.786
378.167
885.982
911.61
392.07
213.682
115.704
64.1759
38.8549
26.6806
20.8181
17.9117
16.9953
17.3471
18.9611
22.1197
27.9238
38.3505
55.9801
97.8791
197.104
379.19
897.143
888.967
390.76
211.964
115.177
64.2922
39.1532
26.968
21.0601
18.1709
17.1653
17.5375
18.94
22.0555
27.9412
38.8135
60.1506
103.826
192.751
374.268
896.464
880.516
411.751
216.538
112.319
61.5768
37.4581
26.0392
20.5937
18.2722
17.3671
17.7261
19.4022
22.9171
29.5972
42.0567
65.3096
113.073
209.059
390.392
895.383
895.393
411.622
226.691
122.837
68.3143
41.1088
27.9277
21.4482
18.5339
17.4434
17.7318
19.3879
22.8602
29.5183
42.6701
68.2696
118.212
213.947
390.357
883.135
908.35
433.151
229.008
121.6
66.1935
39.9927
27.9727
21.157
18.4901
17.4182
17.583
19.3369
22.7416
29.0349
40.3635
64.5548
114.736
216.277
402.434
883.876
912.568
418.059
227.796
127.194
71.3532
42.9463
28.739
21.5274
18.5883
17.5078
17.7715
19.361
22.6005
28.2154
40.2422
64.0483
112.06
208.711
391.467
881.707
888.612
425.201
238.733
128.478
71.1542
42.6708
28.516
21.777
18.4323
17.3072
17.6598
19.4483
22.9167
28.9254
40.9077
64.3992
111.778
206.839
387.996
881.569
879.211
459.091
246.791
124.325
69.3474
41.6853
28.2473
21.7429
18.6635
17.5532
17.8586
19.5921
23.2302
30.1143
42.9615
67.5095
115.599
209.542
389.694
902.281
882.338
439.302
238.257
122.287
64.826
38.3444
26.3581
21.1832
18.3147
17.4968
17.8806
19.6283
23.2882
30.1507
42.1073
65.297
112.828
208.199
388.822
892.359
873.693
430.632
233.152
121.473
66.0939
39.2825
26.6579
20.8771
18.4851
17.4987
17.85
19.5683
23.1928
30.1761
43.6039
69.5572
120.035
216.173
391.99
881.815
886.615
418.752
230.702
124.375
68.4951
40.52
27.0079
21.0264
18.4585
17.4775
17.805
19.472
22.9757
29.53
41.2137
66.1307
117.252
219.766
405.576
882.595
901.734
405.225
230.681
130.434
73.3384
43.1159
27.951
21.325
18.2719
17.1333
17.37
18.857
22.0585
28.3555
40.9427
65.7346
114.678
212.071
394.249
880.384
909.964
411.171
235.281
131.239
73.1131
42.3769
28.7287
21.9492
18.6461
17.2982
17.4596
18.9339
22.1503
28.4204
40.766
65.576
113.45
207.911
387.182
880.288
891.009
409.537
235.462
130.44
72.4652
43.2477
28.9726
22.0074
18.4535
17.2571
17.4972
19.0266
22.3189
28.6993
41.2579
67.579
115.247
205.818
381.039
896.094
886.705
416.64
237.896
129.504
71.0993
42.3545
28.514
21.8498
18.6429
17.3308
17.6793
19.3339
22.854
29.5658
42.2364
66.8158
114.72
206.365
380.24
881.179
916.647
425.696
240.965
127.941
66.0126
38.8559
27.4471
21.0168
18.1439
17.1319
17.5888
19.313
22.885
29.6735
42.2051
64.1197
110.678
205.901
388.846
880.599
908.089
431.237
245.911
123.954
65.9965
39.0006
26.5808
21.1838
18.367
17.253
17.344
18.8939
22.652
29.5226
42.4247
67.1216
114.486
207.233
387.139
901.502
891.19
455.863
243.139
122.61
64.7841
38.3351
26.337
20.9926
18.0751
17.1842
17.4057
18.7767
22.3531
29.0239
41.7977
66.2703
110.504
204.099
384.292
891.836
886.8
438.169
235.074
118.969
63.3919
37.6414
25.8468
20.4028
18.0711
17.1221
17.3553
18.8216
22.068
28.4223
40.8327
65.9496
115.602
211.083
386.83
881.354
915.846
435.827
231.06
116.292
61.6308
36.6852
25.3425
20.0901
17.6824
16.9541
17.233
18.6409
21.7183
27.8093
39.6039
61.8655
110.909
212.005
398.409
881.618
901.86
418.811
218.913
111.993
60.4431
36.4643
25.3265
20.0888
17.64
16.7264
16.9682
18.2943
20.7872
26.006
36.8649
59.068
105.454
202.558
388.514
896.325
879.04
396.842
208.408
114.026
62.7409
38.1831
26.372
20.6884
17.9966
16.9572
17.0997
18.3786
21.1841
26.6875
37.4463
58.3879
101.414
194.168
377.114
894.516
869.166
380.298
208.751
118.086
62.1836
37.364
25.8975
20.4434
17.8363
16.7939
16.9208
18.0704
20.5889
25.528
35.697
59.2021
103.479
192.178
371.03
896.131
871.023
395.459
207.262
121.016
68.3833
40.9818
27.927
21.583
18.522
17.1866
17.2858
18.5208
21.2683
26.468
36.2693
55.2709
96.1038
185.219
365.273
894.762
872.475
413.211
223.408
123.46
68.9044
39.5973
27.7356
21.5168
18.5472
17.4052
17.6123
19.0107
22.1242
28.0357
38.9524
60.0962
103.915
194.566
376.103
894.413
866.98
412.091
230.358
124.656
69.0716
41.2395
27.8437
21.1433
18.4235
17.2292
17.5123
19.3285
22.8706
29.518
41.8643
65.0955
112.812
208.216
388.787
892.923
870.575
441.135
236.498
123.328
67.6194
40.6804
27.6646
21.4196
18.5007
17.4225
17.7123
19.3643
22.8399
29.4546
42.5024
68.0013
117.901
213.423
389.175
880.869
873.756
422.05
225.145
115.14
62.1905
37.5355
26.8204
21.1802
18.3893
17.1997
17.4978
19.2978
22.7385
28.9999
40.274
64.4044
114.629
216.22
402.346
881.784
880.819
408.245
219.716
115.82
63.727
38.3428
25.9996
20.5216
18.2305
17.3482
17.6642
19.133
22.592
28.2117
40.1981
64.0288
112.131
208.776
391.242
879.817
887.666
392.668
216.213
118.161
66.163
39.8717
26.5232
20.6584
18.0152
17.1555
17.6887
19.4538
23.0154
29.046
41.0264
64.6541
112.326
207.496
388.173
879.844
886.011
395.912
217.401
117.282
65.1631
39.4692
27.0355
21.046
18.2974
17.3546
17.6509
19.4105
23.4023
30.3832
43.2563
68.0897
116.683
210.865
390.268
900.768
881.268
412.779
218.726
112.995
61.9018
37.9036
27.0438
21.2099
18.4283
17.4807
17.8977
19.7843
23.6204
30.5498
42.3336
66.4319
114.761
210.681
391.275
890.981
900.653
402.688
220.122
119.108
66.6703
40.7322
27.8516
21.5115
18.5538
17.5112
17.8301
19.4342
23.4276
30.7784
44.7185
71.5633
123.063
219.69
395.768
880.689
885.352
414.78
222.261
115.698
63.8301
40.1239
27.9199
21.6544
18.6611
17.5415
17.8085
19.3883
22.5363
29.2849
43.8234
70.6012
122.334
221.365
412.431
881.812
866.166
412.941
231.464
125.472
69.4984
41.3991
28.1068
21.6941
18.6407
17.4675
17.5159
18.9641
22.2739
28.6966
41.2516
66.6609
118.545
221.943
404.981
880.269
869.769
443.239
238.603
124.817
68.5208
41.1371
27.9174
21.5593
18.5831
17.4681
17.6296
18.9618
22.1684
28.5038
41.0576
66.0735
116.725
217.324
401.089
881.47
872.61
425.975
228.848
117.587
63.6179
38.2485
27.1647
21.3212
18.4866
17.415
17.6013
18.8977
22.0241
28.2232
40.4843
64.6452
113.41
211.654
394.89
879.341
879.062
415.838
226.299
120.102
66.265
39.62
26.5024
20.6224
17.958
17.0168
17.3005
18.7981
21.9793
28.2181
40.694
64.3962
111.524
205.83
385.322
879.153
884.842
404.156
225.675
124.098
69.6525
41.6882
27.3122
20.9344
18.1297
17.1331
17.4258
18.9391
22.1938
28.6353
42.2327
66.5958
112.958
203.05
378.193
892.044
879.936
411.359
229.017
123.728
68.7506
41.0546
27.8868
21.1955
18.275
17.2507
17.6349
19.2637
22.6979
29.2459
42.2338
66.8099
113.876
204.208
377.618
877.579
869.849
437.598
233.898
121.949
67.104
40.6179
27.7703
21.5175
18.5705
17.4838
17.738
19.3471
22.7483
28.6535
42.184
66.6291
113.667
204.586
380.81
900.525
893.134
418.787
221.483
112.958
61.196
37.237
26.8584
21.2851
18.5083
17.4537
17.7106
19.3529
22.8804
29.6121
42.4893
66.8191
113.969
205.166
380.735
884.678
904.116
403.679
214.339
111.161
60.9172
37.0917
25.7413
20.4683
18.2387
17.3258
17.4625
19.0604
22.7636
29.5125
42.3025
66.2983
113.322
205.563
384.774
900.905
910.37
390.615
206.49
108.459
60.2281
36.9309
25.7465
20.3901
17.9275
17.2261
17.599
19.2182
22.673
29.3198
41.9574
63.6646
110.131
204.168
384.26
887.372
906.151
389.835
211.403
110.985
61.8257
37.8545
26.1466
20.4542
17.88
16.9544
17.2852
19.0266
22.4069
28.875
41.7166
66.8174
116.204
211.34
388.156
889.064
909.008
403.117
210.156
115.173
64.6564
39.485
26.9816
20.6961
17.9503
16.9885
17.2779
18.9512
22.2222
28.2805
39.1932
62.8893
112.375
213.346
399.98
885.691
884.189
389.422
212.781
114.786
63.8945
38.9022
26.7676
20.8699
18.1232
17.1518
17.4373
18.9605
22.1177
27.9579
38.541
61.2947
107.781
202.69
385.647
884.267
876.223
403.235
212.84
110.231
60.394
36.8873
25.758
20.7084
18.1285
17.1833
17.4703
18.9893
22.1627
28.0443
38.4796
60.1348
104.395
195.702
376.418
887.049
878.483
386.665
210.448
114.622
64.3889
39.4678
27.0574
21.0294
18.2161
17.2009
17.4604
18.9695
22.1537
28.1523
39.6068
61.6525
104.726
192.268
370.823
900.754
880.611
404.682
214.126
111.187
61.2401
38.7694
27.0072
21.0746
18.2637
17.2332
17.476
18.9818
22.1234
27.3989
38.1463
58.8893
98.4379
184.77
363.79
890.952
888.902
399.143
220.322
119.07
65.8351
39.6253
27.0511
21.0306
18.2351
17.209
17.4237
18.7734
22.2561
28.578
40.6541
64.1155
106.947
197.511
377.143
891.018
883.776
416.284
223.116
116.301
63.3439
38.1675
26.9351
21.1005
18.3125
17.2764
17.5112
19.0057
22.2407
28.4009
40.1278
63.2612
109.356
199.709
375.365
894.594
895.327
396.569
220.254
121.142
67.6156
40.5943
27.5066
21.3197
18.4215
17.3319
17.5327
19.0398
22.2668
28.3932
39.7708
60.0155
104.368
196.488
378.595
894.187
882.017
398.775
222.979
122.997
69.06
41.5094
27.9153
21.5775
18.5489
17.3826
17.4025
19.0082
22.2458
28.3812
39.9269
61.7736
105.317
192.332
368.544
893.363
896.793
403.487
224.918
123.087
68.9011
41.5282
27.1595
21.3909
18.5041
17.3816
17.4759
18.8683
21.9434
27.79
38.7234
58.7277
100.944
189.544
368.933
887.721
878.518
409.256
227.529
122.574
68.0206
41.0527
27.7385
21.4493
18.4485
17.271
17.6799
19.3458
22.8461
29.5221
42.097
64.9225
111.552
205.217
386.091
901.171
880.65
435.828
231.685
117.571
63.4924
39.9094
27.4491
21.3539
18.4582
17.4098
17.712
19.355
22.8527
29.5538
42.3742
67.4327
116.139
208.762
383.007
885.551
887.556
410.821
222.113
117.432
64.5961
38.5679
26.2037
21.037
18.3852
17.4023
17.7109
19.341
22.8019
29.4408
42.048
65.1125
113.116
209.062
390.803
885.168
894.168
399.558
220.416
120.309
67.2719
40.381
26.6863
20.7091
18.0278
17.0999
17.4103
18.9388
22.1335
28.3127
40.6372
67.0109
114.936
205.947
381.669
898.024
891.596
404.005
221.799
118.837
65.6479
39.5592
26.945
21.0404
18.3085
17.3575
17.7134
19.3788
22.8288
29.3858
41.856
66.2668
114.47
206.656
381.157
885.394
888.595
423.928
222.887
112.452
60.1811
36.3718
26.1441
20.7855
18.2269
17.3513
17.745
19.456
23.0017
29.6585
41.9888
63.7344
111.012
207.153
390.453
884.607
910.308
402.972
211.01
110.695
60.887
36.8173
25.4067
20.1194
17.7551
17.0476
17.6802
19.4747
23.0743
29.7977
42.5146
67.0213
115.325
209.505
390.014
904.695
915.355
392.379
206.395
113.686
63.5179
38.373
26.3114
20.6201
18.0466
17.2297
17.7315
19.4873
23.0825
29.4227
41.0975
64.8908
112.836
208.403
389.631
894.988
908.549
389.226
211.761
116.158
64.4638
38.789
26.5177
20.7326
18.0967
17.2142
17.6082
19.3551
22.975
29.8942
43.265
69.2821
119.836
215.984
393.392
884.647
897.504
398.034
207.478
114.993
64.1694
38.7031
26.4855
20.708
18.0584
17.1367
17.4187
18.7484
21.9059
28.1588
40.6654
65.9084
117.34
217.011
409.058
885.249
880.463
388.99
214.069
116.887
65.1254
39.1919
26.7243
20.8209
18.1072
17.1527
17.4266
18.7963
21.9167
28.1059
40.4673
65.1235
115.095
216.69
400.682
882.885
898.324
390.986
214.94
117.245
65.3111
39.3955
26.8704
20.8919
18.1317
17.1559
17.443
18.9587
22.0102
27.8994
39.8724
63.6832
112.077
210.423
395.252
883.059
881.922
393.822
217.194
118.564
66.4152
40.2254
27.388
21.1798
18.2935
17.2424
17.3855
18.908
22.3728
28.4436
40.4626
63.8952
110.406
204.78
387.427
879.6
896.343
400.714
219.238
119.079
66.905
40.8125
27.8294
21.444
18.4637
17.3974
17.684
19.3428
22.5123
29.5178
42.268
66.457
113.05
203.856
381.087
904.119
876.67
413.076
221.456
115.345
63.7171
39.84
27.8538
21.6024
18.5963
17.4545
17.6869
19.3625
22.9182
29.6949
42.4846
66.6974
113.078
203.647
380.08
888.176
865.396
411.813
230.684
125.184
69.5652
41.3164
28.1247
21.677
18.5944
17.4298
17.6353
19.0998
22.8428
29.6003
42.2415
66.1656
111.822
202.828
382.562
900.677
868.741
440.846
237.219
124.049
68.2671
41.0759
27.911
21.5333
18.5315
17.3874
17.4975
19.093
22.7867
29.4967
42.077
65.6607
107.222
198.037
378.578
901.837
871.63
423.274
226.407
115.513
62.388
37.6541
26.9526
21.2525
18.4287
17.3044
17.6763
19.3371
22.8433
29.4565
41.8542
65.6835
112.593
203.829
378.977
891.004
878.504
413.023
220.68
113.949
62.307
37.6045
25.8369
20.4355
18.1888
17.3421
17.722
19.4215
22.9748
29.6519
41.9155
63.0916
108.697
202.32
383.987
891.127
884.898
397.122
211.556
110.658
62.0618
37.9144
26.1757
20.5759
17.98
17.1283
17.658
19.4152
23.0052
29.7617
42.4743
66.1461
112.116
202.085
378.133
888.572
875.59
379.726
204.395
110.881
64.6043
39.7827
27.2652
21.1946
18.3572
17.3474
17.6848
19.3895
22.9508
29.6955
42.1674
64.1861
109.84
203.084
384.167
901.759
879.007
383.128
208.314
110.734
65.7509
40.5255
27.6833
21.4325
18.4798
17.3811
17.5256
19.2946
22.8296
29.5382
42.6106
67.8541
116.236
208.964
383.664
887.332
871.192
394.18
208.311
116.28
66.4998
40.7248
27.7079
21.4057
18.4519
17.3725
17.6314
19.2684
22.717
29.1457
40.5226
64.9319
112.751
208.561
390.112
884.081
859.794
386.171
212.993
116.605
65.9519
40.1711
27.395
21.2728
18.3941
17.3252
17.5296
18.8898
22.0883
28.4071
41.0403
67.2275
114.838
205.877
381.716
900.459
863.139
403.024
213.997
112.028
62.3278
38.1209
26.9816
21.2156
18.3961
17.3232
17.449
19.1363
22.5789
29.177
41.7952
66.5095
114.316
206.182
380.52
885.081
878.229
380.566
207.513
113.9
65.0478
39.7797
26.4954
20.7099
18.2583
17.2901
17.5494
19.1098
22.4857
28.975
41.2542
63.6027
110.293
205.44
387.648
884.041
858.53
382.889
207.955
112.112
63.5171
39.0971
26.891
21.0489
18.2932
17.2533
17.4305
18.6535
21.665
27.6199
39.5026
64.7557
111.375
201.952
379.301
907.458
866.527
404.151
209.202
105.945
58.4147
36.1371
26.2007
20.8669
18.243
17.2461
17.4447
18.8838
22.0612
28.2083
40.0287
63.5457
110.122
201.447
377.036
885.39
893.205
380.874
196
101.566
57.9449
36.2435
25.4529
20.2857
17.8592
16.9756
17.3421
18.7979
21.916
27.8931
39.1555
59.7011
105.135
199.854
383.498
886.775
891.819
365.541
187.354
98.0339
58.6084
37.2186
26.2594
20.853
18.2552
17.2353
17.3274
18.3946
21.1044
26.4906
37.121
58.5138
104.446
195.337
375.589
896.478
884.447
361.474
186.981
97.8416
58.5419
37.2926
26.3804
20.9921
18.3728
17.3057
17.29
18.6139
21.4008
26.8704
37.539
58.5058
102.065
193.549
373.853
886.548
876.195
364.525
181.969
98.5614
57.6221
36.6612
26.0344
20.8407
18.2755
17.1327
17.3432
18.5266
21.1458
26.347
36.5198
56.3546
96.0786
186.87
371.733
887.214
862.57
355.232
181.984
96.548
55.8288
35.3679
25.194
19.9803
17.9683
17.1207
17.2146
18.1476
20.1365
24.5136
33.3016
51.0442
87.9945
170.827
349.176
874.165
843.237
359.403
177.01
88.8213
50.0535
31.6777
23.1329
19.2548
17.4136
16.7175
16.9036
18.0615
20.2124
24.4984
32.9183
49.7106
84.4019
161.947
335.292
856.948
802.127
322.279
157.387
80.6159
46.8153
30.3418
22.5599
19.2834
17.6664
16.9247
17.0063
17.8372
19.9027
23.8328
31.6845
47.4967
80.6402
155.994
317.391
822.083
743.439
295.85
146.406
75.6434
44.5292
29.7888
22.8444
19.2755
17.7736
17.2306
17.326
18.0764
19.8751
23.0058
28.5201
41.4999
70.8781
143.136
303.903
764.715
656.193
281.06
131.729
69.8356
41.7402
28.588
22.3715
19.7145
18.4421
17.9109
17.9521
18.544
19.8522
22.495
28.1615
39.8747
67.2434
134.606
286.946
677.081
550.405
263.37
118.049
58.2021
35.4119
26.9364
22.4603
20.2977
19.1475
18.6363
18.6592
19.215
20.4099
22.7295
26.827
36.3607
59.7914
118.84
266.047
565.383
459.601
245.752
102.555
51.0227
32.0066
25.2924
21.9688
20.1161
19.0934
18.6353
18.6555
19.161
20.2155
21.9554
24.7644
31.9772
50.8137
101.606
253.203
468.225
437.689
199.851
65.5501
33.1358
21.9318
17.7932
16.2958
15.7158
15.4414
15.3333
15.3534
15.5121
15.8521
16.5687
18.2702
22.4995
33.581
65.2538
196.873
441.303
461.474
74.9574
32.9408
21.49
17.2836
15.8947
15.3611
15.1285
15.016
14.9688
14.9688
15.0178
15.1338
15.383
15.95
17.3563
21.5016
32.5296
73.717
461.074
2079.52
847.761
507.29
285.252
127.18
56.3298
31.3536
21.7167
17.9651
16.833
17.2789
19.376
24.291
35.2735
61.1887
124.863
258.533
464.59
831.726
2114.18
1693.54
779.221
467.303
258.122
113.258
50.1471
28.371
20.0399
16.8988
15.9973
16.3335
17.9709
21.8751
30.7771
52.082
106.57
229.408
424.219
760.594
1745.87
1684.07
759.528
436.377
232.846
106.825
50.6466
29.7166
20.4839
16.973
16.0053
16.3332
17.9743
21.8862
30.6524
51.0248
101.568
210.055
389.481
682.378
1766.21
1505.84
744.479
447.893
256.436
121.578
55.8241
30.9665
21.0179
17.1018
15.9729
16.2062
17.766
21.5586
30.2065
50.8836
107.774
226.497
412.469
746.735
1724.47
1681.86
749.433
454.543
258.367
118.438
54.4648
30.492
20.3401
16.9928
15.917
16.1663
17.6893
21.4308
29.9709
49.6025
94.1694
215.207
405.828
739.881
1705.34
1608.68
731.819
442.296
249.353
113.356
52.3894
29.8878
21.0311
17.4224
16.0685
16.2052
17.7105
21.5089
30.5177
52.8681
99.4999
191.887
370.618
679.259
1731.65
1628.46
713.613
429.057
239.08
108.472
50.3644
28.7926
20.4802
17.2032
16.0032
16.3154
17.9711
22.0056
31.6732
58.4463
111.897
210.986
392.839
733.216
1727.77
1579.11
651.48
391.455
201.177
89.3591
42.8695
25.3745
18.7777
16.4317
16.1076
16.6004
18.5103
22.9883
33.1941
57.7015
109.946
189.47
365.932
672.874
1719.91
1385.6
664.27
402.314
218.004
100.875
48.0497
27.6684
19.8222
16.9005
16.1837
16.3176
17.8721
21.6974
30.8072
57.1741
111.979
225.626
422.384
755.485
1715.06
1476.11
701.395
419.464
237.155
112.434
53.2268
29.9288
20.7876
17.3428
16.3251
16.7265
18.603
23.0739
32.8551
56.1176
110.83
224.409
409.909
731.052
1715.61
1510.75
699.012
415.646
233.052
109.17
52.078
29.7365
20.719
17.3496
16.2877
16.6115
18.3284
22.5846
31.3811
48.9332
95.8184
206.065
391.424
653.525
1697.83
1606.09
755.17
455.296
242.419
107.735
51.7339
29.6716
19.9108
16.8221
15.8955
16.1264
17.9951
21.3151
30.9371
48.9322
94.6336
197.051
382.694
664.419
1682.88
1687.43
736.984
430.282
224.922
106.267
51.2762
29.5759
20.9238
17.4838
16.3056
16.4022
17.8839
21.6127
29.5294
47.5419
87.9203
181.047
355.309
643.777
1635.16
1601.8
717.322
430.893
240.69
96.7136
46.8582
28.8348
20.8402
17.4765
16.2611
16.7575
18.6996
23.1153
32.7113
53.2055
94.188
183.341
352.867
650.895
1511.01
1594.19
712.214
427.864
215.9
106.948
52.4709
28.1189
19.951
17.2543
16.3767
16.6887
18.6931
23.1095
32.7208
53.5583
87.2047
174.963
368.626
691.198
1600.49
1592.35
666.654
419.327
231.728
106.138
51.5495
29.7906
20.9719
17.1245
16.3052
16.5589
18.6928
22.9845
32.4556
54.8248
103.268
201.979
348.803
654.032
1746.79
1562.73
666.86
401.571
212.126
93.013
49.1652
29.1824
20.8912
17.442
16.2511
16.8743
18.7377
22.8076
30.4887
54.2252
100.93
198.806
377.872
704.856
1683.96
1371.93
635.404
391.02
208.017
96.0239
49.3133
28.7937
20.5855
17.0067
16.453
16.9324
18.7396
22.9733
32.7454
53.7577
99.3154
195.032
364.127
636.877
1654.17
1429.29
646.497
386.14
206.94
96.3354
46.1886
26.6518
19.5732
17.3008
16.5362
16.9699
18.5527
21.7548
32.3742
52.6622
95.0395
183.097
341.798
649.138
1564.65
1463.8
672.141
402.007
227.586
108.052
51.4394
28.749
20.5689
17.4088
16.5142
16.997
18.89
22.5522
30.2872
47.7683
84.1664
167.671
377.62
695.691
1536.34
1575.82
656.229
376.883
193.708
104.336
50.6465
26.5829
19.3969
17.0896
16.376
16.9098
18.9982
24.0168
34.7546
58.0968
107.463
205.704
373.124
674.771
1640.43
1597.79
707.083
424.598
227.316
104.699
49.6093
27.3316
20.0901
16.7179
15.9695
16.3828
18.206
23.7519
34.5334
57.983
109.585
234.024
427.176
759.276
1716.75
1606.23
659.898
408.912
225.906
101.949
43.8599
27.821
20.3378
16.8898
16.2462
16.7628
18.728
23.4874
33.9699
57.5644
112.726
231.178
417.338
735.503
1721.7
1589.43
656.13
381.864
192.665
86.0753
45.0747
27.29
20.0558
16.8886
15.9563
16.5022
17.866
21.7627
30.6023
50.7647
99.0978
222.39
402.704
660.84
1713.01
1581.47
637.472
373.678
193.058
86.6985
41.366
26.2776
19.6407
16.9062
16.0958
16.342
18.2281
21.9875
30.934
51.4709
100.047
215.65
396.973
678.555
1716.33
1456.3
615.596
355.225
177.861
80.8081
40.1034
24.307
18.4004
16.6094
16.0142
16.3849
17.663
21.4131
29.8852
49.1088
93.5708
191.085
376.582
668.959
1703.2
1411.9
649.168
378.023
191.587
87.9423
42.6221
25.6966
18.8834
16.4041
15.754
16.3373
17.6502
21.3068
29.7249
48.7731
93.7841
195.603
381.016
681.075
1696.64
1494.64
644.605
365.434
214.455
101.986
47.6506
28.0572
19.6699
16.817
15.9586
16.3696
17.6782
21.4018
30.4702
49.9167
93.7395
190.469
386.995
708.894
1693.26
1545.46
708.089
415.093
225.594
102.935
45.0798
27.7985
20.492
17.3302
16.2029
16.3094
17.8927
21.9128
32.6151
54.5321
102.351
200.952
376.743
687.022
1529.47
1455.11
704.218
414.113
223.57
100.968
43.2613
27.283
20.445
17.3352
16.1046
16.6225
18.3976
22.4878
31.806
53.448
101.647
201.08
369.88
647.878
1692.03
1593.42
711.571
415.939
216.845
84.4458
43.2458
26.4253
20.1454
17.3249
16.2783
16.6489
18.3733
22.2289
29.0454
48.1263
92.6581
178.366
342.02
649.065
1660.08
1580.83
695.974
389.899
192.717
94.7769
46.9075
28.3304
20.6195
17.379
16.0925
16.5668
18.3235
22.5242
32.0949
56.2018
107.124
207.504
372.235
679.285
1560.8
1583.42
657.779
390.397
200.39
87.7667
42.5563
27.807
20.5707
17.4436
16.3382
16.3502
17.7363
21.4425
32.1586
55.7508
107.232
207.022
349.004
639.766
1713.94
1555.24
672.072
389.187
202.756
94.6583
46.4906
28.3084
20.6506
17.4126
16.4053
16.8095
18.6467
22.6856
30.4146
55.3404
105.538
204.762
380.185
681.304
1515.68
1451.75
690.444
405.424
224.528
105.182
49.6982
26.6515
20.1276
17.1971
16.3213
16.8026
18.7261
22.9617
32.3481
54.8923
106.715
192.643
357.514
646.087
1672.36
1627.73
691.379
400.699
217.099
97.9031
46.3534
27.0095
19.7983
16.6346
16.149
16.759
18.7775
22.8775
29.9574
49.1821
106.397
206.207
368.282
672.507
1626.3
1608.48
622.455
358.007
178.874
78.6528
39.0038
25.5032
19.3129
16.766
15.8991
16.4574
18.8296
23.3899
32.9034
53.6282
103.467
184.087
346.097
625.578
1534.33
1581.36
603.721
339.692
176.267
80.8448
40.5134
24.2793
18.3462
16.6013
16.117
16.7879
18.8544
23.3812
32.6379
51.0628
106.764
204.412
382.631
689.93
1557.18
1328.69
576.877
324.034
177.643
85.413
43.2849
25.5954
18.8765
16.4428
15.9167
16.7713
18.8164
23.3502
33.8651
58.6336
109.762
192.56
359.728
651.563
1686.43
1399.66
552.176
304.19
149.958
84.4789
44.1826
25.3929
18.933
16.7538
16.2335
16.8331
18.7887
23.0111
31.2151
58.2105
111.183
206.626
371.365
681.547
1632.66
1444.2
599.387
338.158
183.506
84.102
41.0321
26.9912
19.8613
16.708
16.2357
16.812
18.746
23.0789
32.9755
56.8372
107.54
188.028
357.847
637.202
1531.59
1569.87
655.347
384.37
214.421
101.497
48.6088
28.2061
20.133
17.1171
16.274
16.7434
18.5037
21.7832
30.7205
56.3987
108.222
217.786
402.988
705.077
1579.61
1426.13
688.155
414.409
217.152
98.6131
47.6814
27.8438
19.217
16.554
15.8933
16.412
18.6631
23.1119
33.0351
55.6764
106.783
213.791
389.824
662.621
1725.03
1610.16
669.471
392.56
194.987
96.8782
46.7569
27.3612
19.8265
17.0065
16.2248
16.6709
18.5317
22.6037
30.2722
49.0931
92.1113
187.966
364.559
666.945
1719.22
1575.4
692.292
406.919
200.77
89.2125
42.3719
25.1804
19.4293
16.9362
16.1821
16.4047
18.1115
22.3509
32.5747
54.1003
101.445
200.104
372.373
672.129
1721.14
1417.53
684.098
411.2
220.406
102.242
47.5544
27.3618
19.1698
16.5926
16.209
16.8538
19.0015
23.9751
35.0527
59.0393
111.28
211.503
380.595
699.182
1678.73
1594.19
667.315
407.604
225.78
104.566
46.9492
27.3948
19.863
16.9916
16.2244
16.7721
18.8117
23.6094
34.4571
56.9598
96.4478
192.543
365.276
646.237
1482.68
1547
688.753
402.872
222.925
104.13
43.2004
26.9841
19.8498
17.0015
16.1756
16.4541
18.0244
22.3103
34.1049
57.7036
110.909
229.878
422.789
743.242
1592.18
1348.12
685.222
407.141
222.55
103.871
47.1812
27.5408
19.9348
16.9874
16.1723
16.6876
18.676
23.3097
33.7105
56.9746
110.556
223.849
411.769
735.89
1730.38
1510.78
692.647
400.758
222.731
106.531
45.0382
27.0264
19.7825
16.9141
16.0759
16.2868
18.3339
21.7598
30.4561
50.3426
96.6306
208.784
391.733
660.902
1727.83
1611.5
689.363
398.105
222.545
106.744
50.4494
26.3815
19.5977
16.8933
16.0837
16.3986
18.3886
22.0601
30.8964
51.5226
98.2119
198.205
378.392
677.815
1738.04
1562.39
665.783
383.968
215.185
105.371
51.1671
29.0174
19.5705
16.6059
15.8659
16.5311
18.3642
22.3759
30.4048
50.7945
95.9447
194.594
371.938
671.35
1737.41
1361.61
620.056
366.353
195.763
100.918
49.3931
28.7871
20.5175
17.1884
16.1962
16.5269
18.0123
22.8094
31.0456
53.8562
101.84
201.469
376.985
685.546
1749.8
1480.96
676.922
405.812
219.583
99.239
47.7886
28.0959
20.2556
16.7099
15.8582
16.2974
18.5728
23.169
32.2478
59.1879
112.739
215.309
388.841
718.553
1720.33
1581.79
635.03
373.871
209.175
96.3246
46.0148
27.0354
19.7959
16.918
16.1354
16.6083
18.5208
23.1157
33.5575
57.9683
99.0609
197.538
371.63
661.49
1557.58
1465.88
616.703
357.062
177.601
79.9153
39.4739
23.8925
18.2945
16.5594
15.8305
16.424
17.8965
21.7765
31.6743
59.7959
116.552
240.906
434.075
766.543
1722.94
1398.92
646.072
375.753
193.142
90.7543
44.3501
25.2865
18.8344
16.4358
16.045
16.6512
18.6465
23.2947
33.8992
59.6769
119.423
239.693
425.434
743.761
1732.9
1561.43
652.081
367.978
217.683
105.79
50.2913
26.8403
19.3923
16.6757
15.9131
16.5736
18.5231
22.9364
32.5003
53.2608
114.165
231.918
411.354
667.409
1727.16
1563.51
708.977
415.1
228.483
107.509
50.7486
28.8336
20.4341
17.182
16.1845
16.5297
18.3258
22.5184
31.7965
52.5082
102.209
224.469
406.332
686.352
1734.78
1474.09
702.407
413.822
227.394
106.83
50.5647
28.9112
20.4744
17.228
16.1909
16.2188
18.0337
21.8868
30.3739
49.4823
99.2319
209.464
394.956
674.585
1729.62
1597.77
705.77
418.078
225.415
102.91
48.5448
28.3542
20.2711
17.1968
16.2671
16.4975
17.9264
21.4888
29.4946
47.1974
93.4489
196.693
383.557
667.86
1734.76
1552.44
689.231
411.489
199.518
89.5208
43.9644
27.9988
20.1738
17.2036
16.3256
16.5232
17.4643
20.4864
26.9872
44.3131
86.0349
179.806
354.819
647.379
1701.12
1390.78
681.948
418.491
223.936
104.012
49.9714
28.675
19.5177
16.7322
16.2745
16.7272
18.3284
21.9065
29.8232
47.9038
89.0007
172.369
344.376
635.916
1633.21
1597.6
675.505
419.329
228.024
104.552
49.266
28.2898
20.199
17.1919
16.375
16.7788
18.2575
20.9689
27.1147
43.4596
93.9433
184.231
347.269
649.868
1507.85
1561.75
695.158
417.411
204.974
91.0295
43.9461
25.9988
19.8157
17.1366
16.3845
16.9872
19.1138
23.4996
32.1317
50.6789
84.2444
163.291
322.825
608.602
1566.11
1393.59
688.111
424.817
232.944
106.228
50.3882
28.4495
19.6257
16.73
16.0182
16.8509
19.1387
24.4243
35.5807
59.6703
108.607
210.615
391.16
702.899
1668.47
1603.99
682.168
427.067
239.046
106.459
49.8956
26.7169
20.206
17.2223
16.2694
16.4627
18.3665
24.1783
35.425
59.9101
113
239.179
432.721
765.676
1726.91
1573.3
705.65
424.266
233.31
92.7803
45.1165
28.498
20.4618
17.2264
16.2595
16.723
18.7681
23.9055
34.8354
59.6136
116.533
238.246
424.979
741.998
1732.57
1392.73
698.052
421.552
206.896
100.948
49.9854
28.9509
19.756
16.9302
15.7999
16.1272
17.7317
22.3333
33.2724
53.3072
108.185
230.865
411.543
667.147
1725.07
1607.69
703.218
416.944
224.248
101.159
48.8009
28.5315
20.3087
16.7241
15.9156
16.4418
18.1432
22.4076
31.492
53.4196
103.144
225.23
407.335
685.405
1730.7
1599.7
655.661
385.507
193.638
84.9728
46.2357
27.7879
20.1233
16.8975
16.0452
16.7518
18.6444
22.7757
31.3016
52.158
100.763
215.073
396.106
673.147
1722.62
1601.73
664.451
392.382
201.773
91.2797
46.7464
27.4748
19.7895
16.9301
16.1868
16.728
18.546
22.5484
30.8107
51.2453
98.5074
197.735
375.946
668.535
1726.52
1557.04
670.758
394.341
198.88
91.7371
44.1391
25.6768
18.48
16.62
16.0661
16.6076
18.2912
21.3406
29.9889
50.1454
97.69
196.821
370.779
662.292
1713.02
1389.73
657.098
391.944
216.736
104.287
50.1495
28.1938
18.9899
16.3263
15.7073
16.2901
18.4132
21.645
30.0709
50.3695
102.248
202.568
372.207
664.614
1704.59
1591.47
641.644
375.062
218.712
106.941
51.2466
28.6404
19.3107
16.5991
15.9555
16.5243
18.7513
22.5275
31.4142
52.1959
111.551
215.28
381.134
685.773
1642.44
1534.07
648.624
377.261
213.289
106.672
51.71
29.0832
20.267
17.0973
16.2628
16.8299
19.0412
24.1974
34.4935
56.0863
108.793
192.133
358.836
639.984
1513.44
1308.64
609.337
362.592
193.547
104.478
51.2295
29.001
20.1781
17.0876
16.2109
16.467
19.0478
24.3927
34.9611
53.3391
112.448
216.188
403.303
722.374
1620.91
1452.38
670.452
403.719
222.239
107.674
52.2286
29.3387
19.6997
16.6272
16.1114
16.5573
18.5197
24.402
35.9138
61.7386
115.245
201.515
373.458
673.546
1748.97
1587.92
647.089
381.476
205.667
109.387
53.4426
29.9392
19.8868
16.9934
16.1042
16.9321
19.2116
24.3473
34.9982
61.7847
116.462
219.296
391.708
716.237
1719.33
1527.78
660.312
391.489
222.312
111.164
53.9765
30.5016
21.0609
17.0255
16.3179
16.8909
19.0757
24.1639
35.6849
59.7827
100.26
201.026
375.675
663.109
1562.1
1308.25
624.969
378.042
200.889
107.817
52.6115
30.1842
21.1508
17.4517
16.2856
16.4353
18.2359
22.7893
35.3821
60.8659
118.214
245.311
438.999
766.14
1725.3
1479.13
691.762
428.198
233.231
109.154
51.8896
29.7449
20.9056
16.9394
16.2224
16.7269
18.8568
23.7571
34.7341
59.8792
118.844
243.073
430.109
743.03
1732.1
1570.53
651.806
411.95
232.869
106.593
49.7561
28.5366
20.3724
17.0473
15.8123
16.2848
17.848
21.9007
31.008
52.0898
103.617
234.201
415.528
666.465
1718.32
1401.62
626.749
380.787
196.101
86.5783
41.6047
24.9371
18.7302
16.7111
15.7499
16.0274
17.7817
21.8919
31.1702
52.7667
104.588
227.675
410.189
682.575
1713.41
1356.75
622.114
376.763
202.47
92.4696
44.9772
26.7331
19.5787
16.7179
15.8226
16.0857
17.5497
21.2969
29.8189
49.6208
97.5884
209.411
392.474
669.418
1680.7
1403.82
634.868
382.252
216.841
101.16
48.8769
28.561
20.4885
17.2292
16.1267
16.3263
17.4833
21.0046
29.1805
48.3112
95.7671
209.176
395.169
674.733
1642.49
1376.13
612.043
364.805
208.008
95.9411
46.7877
27.9562
20.3622
17.1947
15.9344
16.299
17.4794
21.0306
28.9798
47.2299
91.9148
213.725
405.464
693.679
1466.42
1354.78
646.719
391.62
200.492
90.1708
44.2178
26.9499
19.9466
16.724
15.9062
16.1637
17.9002
21.5673
29.9172
49.0941
94.9001
199.934
399.403
691.763
1488.28
1435.41
628.768
376.863
197.182
85.6859
41.5339
25.5918
19.3905
16.8944
16.1377
16.3894
17.7502
21.0642
29.0447
47.5402
92.7061
198.846
386.48
674.018
1499.46
1370.58
593.743
336.795
159.212
68.455
34.83
22.4283
17.8018
16.3807
15.9278
15.9341
16.9388
20.1486
26.2803
41.9088
79.619
170.816
349.916
616.651
1464.01
1368.49
560.051
297.067
141.157
62.9641
33.3631
22.2426
17.9481
16.2305
15.9084
16.0976
16.8512
19.6925
25.4542
39.9824
76.2391
165.932
341.147
614.099
1483.16
1329.02
535.427
266.968
128.149
58.9127
32.5342
22.2805
18.2527
16.5479
15.7869
15.856
16.8803
18.9218
23.6557
35.8532
65.8065
142.018
306.469
578.972
1429.85
1269.86
486.222
234.485
115.173
50.9625
29.8162
21.3827
18.0398
16.3578
15.9667
15.9633
16.3576
17.9101
22.1795
32.5131
58.5149
126.647
278.095
545.69
1423.85
1177.04
470.19
219.891
91.7431
43.3227
25.3185
20.1045
17.7984
16.577
16.2505
16.2534
16.6273
18.0949
21.2173
28.4194
47.8028
99.3353
230.351
486.974
1323.28
1085.88
407.243
182.304
76.99
38.2586
23.5332
19.5791
17.4624
16.8365
16.6148
16.5893
16.7656
17.3339
19.2401
24.7726
38.9147
79.54
187.779
421.219
1245.37
856.579
323.799
131.476
55.0218
29.6934
22.2826
18.9545
17.8229
17.2799
17.0247
16.99
17.1836
17.7527
19.2815
22.4657
30.5285
53.6268
127.296
322.669
1021.44
687.378
263.094
100.29
44.3223
26.4169
20.9126
19.0936
18.0137
17.3936
17.0876
17.0346
17.2478
17.8011
18.9057
20.9836
25.1046
40.3558
89.902
239.392
766.918
466.403
207.632
72.0333
34.1011
23.3865
19.6968
18.1054
17.3313
16.9319
16.7422
16.7046
16.8291
17.1646
17.8437
19.2876
22.6703
31.8002
66.0632
194.661
520.195
456.79
161.481
45.997
23.8163
17.5225
15.788
15.2712
15.0676
14.9716
14.932
14.9287
14.9719
15.0699
15.278
15.787
17.3814
22.7308
42.6931
156.15
459.669
472.28
63.8338
19.9122
14.6513
14.5735
14.7967
14.872
14.8712
14.8546
14.8437
14.8434
14.8553
14.8761
14.9027
14.9385
15.1507
16.8004
22.4048
47.5494
471.671
3566.84
1406.42
822.409
466.824
187.631
66.5348
31.8254
20.945
17.2085
16.1942
16.6492
18.7895
24.3311
38.6251
79.7888
200.25
458.427
822.447
1426.53
3591.48
2675.12
1222.55
721.739
400.185
146.496
53.6943
27.1006
18.8315
16.3077
15.6818
15.9884
17.4472
21.3114
31.5263
61.37
161.737
392.738
721.194
1237.51
2665.73
2716.51
1133.44
665.564
322.509
129.605
52.8409
27.5818
19.0282
16.2789
15.5628
15.8764
17.4369
21.5602
32.1318
60.7034
138.741
366.9
671.02
1168.41
2712.87
2637
952.334
566.285
303.505
130.489
55.107
28.5725
19.2353
16.433
15.6476
15.8233
17.219
21.1157
31.6942
63.0698
136.637
296.411
630.649
1114.85
2587.93
2583.31
968.362
561.579
326.835
149.432
63.9852
31.8895
19.8639
16.2294
15.4212
15.7164
17.1409
21.0762
32.403
72.4593
162.613
340.534
616.443
1080.07
2554.29
2428.2
1038.34
603.757
344.498
121.399
61.9663
31.8807
19.5858
16.3089
15.471
15.699
17.0561
20.8233
30.9118
65.9273
152.173
339.757
598.396
941.691
2518.09
2407.03
958.724
577.618
305.84
139.314
64.017
32.2584
19.9807
16.5847
15.5211
15.7166
17.1818
21.4927
31.1311
54.1096
119.638
321.734
591.1
1047.1
2532.62
2305.88
1089.3
683.861
392.646
166.493
65.888
32.5432
21.0625
17.074
15.6538
15.7786
17.5107
23.142
35.4714
65.5905
138.074
269.905
528.263
931.049
2534.31
1968.56
1065.85
676.082
386.399
160.853
63.9968
31.6156
20.6501
16.9222
15.7891
15.8719
17.8264
22.1559
30.7842
56.0897
129.915
343.731
630.737
1054.4
2155.01
2408.14
1082.54
667.614
371.541
148.309
60.1544
30.0183
18.8448
16.0202
15.6148
15.8379
17.3481
22.8043
34.9669
65.4612
149.892
335.041
603.935
1055.56
2552.15
2579.17
979.322
576.116
297.062
123.077
58.0802
27.0324
18.9278
16.225
15.5087
16.219
18.124
21.7638
31.6286
53.8655
119.358
274.66
536.939
880.321
2518.94
2450.06
1003.7
568.265
324.14
145.777
58.1328
29.4401
19.8438
16.5633
15.6794
16.3746
18.628
23.9516
35.3481
56.0953
124.738
284.756
534.243
911.917
2471.43
2461.54
1006.45
593.242
368.639
176.465
70.4972
33.3566
21.3364
17.1405
15.8734
16.016
18.5431
24.1855
37.0494
60.7749
125.223
268.551
516.868
902.543
2322.12
2410.52
895.567
543.444
371.628
173.189
67.8957
32.3485
21.0597
16.9911
15.6184
16.2556
18.371
23.9711
38.2822
73.8979
156.882
321.74
565.493
983.561
2176.88
2356.11
999.223
616.419
370.688
166.633
64.8045
28.396
20.3138
16.8477
15.772
15.9316
17.4317
21.7751
36.7932
73.3199
158.586
327.743
541.16
954.515
2532.03
2314.64
854.54
603.763
363.509
154.178
59.6504
30.4734
19.6009
16.2265
15.8394
16.4762
18.6963
23.8522
33.4298
72.5664
154.123
345.297
626.771
1080.78
2417.94
1703.42
832.125
564.639
304.251
121.316
49.9228
29.4948
20.674
16.662
15.6769
16.3884
18.6622
24.32
38.6386
71.681
136.628
340.583
607.963
1053.85
2279.16
1904.25
911.227
611.369
343.934
145.5
57.4788
28.9761
20.884
17.1637
15.913
16.0272
17.9714
24.4504
38.3928
71.473
151.576
333.967
599.717
1034.97
2461.43
1913.75
988.317
659.19
392.456
172.832
65.4672
32.2399
21.2269
17.2187
15.7523
16.4601
18.5682
24.0664
37.8153
71.4465
128.705
276.082
524.347
889.143
2295.11
2042.46
999.725
654.493
379.109
171.049
63.0903
31.3871
20.8204
17.0879
15.9153
16.3802
18.2853
23.3798
36.7559
73.6155
161.02
332.447
583.362
1002.36
2211.27
2268.17
1148.15
763.962
406.338
172.018
56.8306
28.996
20.1135
16.8214
15.9212
16.0991
17.3456
20.8518
33.5414
71.3075
158.917
326.182
547.614
963.788
2614.88
2521.26
1147.51
744.701
429.954
172.042
61.9648
30.1806
18.9074
16.0202
15.6144
16.4513
18.3972
22.6116
32.2875
69.2345
152.691
309.358
620.346
1071.85
2566.21
2324.33
1108.85
721.595
411.572
161.514
52.694
26.4925
18.6566
16.1879
15.8838
16.4685
18.3888
23.0666
34.7348
66.8326
152.445
333.284
588.058
904.326
2566.53
2179.14
1012.67
695.569
390.548
151.02
54.7516
28.2223
19.1544
16.303
15.8851
16.4576
18.2814
21.3639
29.7751
54.3662
122.572
291.999
545.923
946.131
2547.3
2232.82
1094.96
657.988
341.592
124.475
56.1855
29.6884
19.8206
16.5773
15.861
16.44
18.5422
23.1269
30.8963
55.9951
127.637
299.56
571.545
972.032
2530.29
2554
1073.69
661.998
344.892
127.733
56.0036
28.9591
18.5565
15.9725
15.7077
16.336
18.541
23.7916
32.387
56.6157
123.666
302.92
602.604
1054.18
2532.93
2422.26
1137.63
684.529
363.886
121.861
54.983
26.8041
19.0795
16.3624
15.5652
15.9047
17.8133
24.3166
36.8642
65.1223
137.54
293.495
605.669
940.953
2569.22
2485.16
1124.9
624.943
331.518
123.275
55.2076
29.9912
20.422
16.9255
15.9168
16.3041
18.4629
24.1544
36.2094
56.8485
129.811
344.227
618.941
1064.65
2531.64
2426.84
1118.64
679.845
388.148
135.843
52.8522
30.4306
20.6838
17.0199
15.9155
16.0073
17.6324
23.9245
37.0108
68.0793
154.058
345.14
598.592
929.219
2499.19
2392.39
1122.38
686.413
389.319
162.125
63.4232
31.5838
20.8445
17.0086
15.9122
16.3239
18.2923
23.6035
36.5051
59.1084
132.697
313.856
590.113
1020.81
2445.73
2399.6
1116.3
683.974
393.935
161.715
60.3578
30.1951
20.2549
16.6638
15.4973
16.1787
17.4647
21.9289
37.1438
68.7079
139.636
348.601
544.438
912.633
2213.09
2421.1
1110.48
687.812
383.373
128.561
51.6032
27.2362
19.3809
16.525
15.5874
16.2708
18.238
23.2428
36.7287
69.0988
160.655
363.729
656.121
1084.82
2541.87
2394.76
1122.03
643.593
345.261
163.881
60.365
30.2944
20.2494
16.7591
15.6345
16.1728
18.0414
21.5864
35.9937
67.1513
155.344
356.989
632.145
954.323
2526.34
2417.66
1118.54
700.029
405.723
165.884
54.3424
27.6817
19.0433
16.2171
15.691
15.8475
18.0823
23.3409
35.8314
58.6122
127.855
337.083
627.652
1049.75
2501.04
2393.67
1095.89
685.631
395.411
159.688
59.9718
30.6895
20.3887
16.7647
15.7375
15.9018
17.2916
22.9435
36.4759
68.2789
146.262
315.102
611.674
999.435
2113.77
2416.93
1067.12
664.792
383.714
154.17
57.7529
30.0958
20.2634
16.3223
15.4383
16.1424
17.8646
20.8431
35.6767
67.3129
147.879
284.333
594.292
932.35
2498.05
2392.72
1022.41
636.741
364.12
144.232
53.9909
29.2389
20.0952
16.709
15.5553
15.9595
18.3761
22.3064
35.2399
58.4756
135.532
302.131
570.764
999.927
2427.2
2414.11
884.148
602.448
344.217
135.927
46.4151
27.9248
19.7554
16.631
15.6169
16.1459
18.5607
23.6495
35.7727
66.2487
163.827
349.433
634.74
1101.14
2302.34
2378.91
919.855
562.069
302.287
109.676
47.3313
26.535
18.8793
16.2372
15.7583
16.4323
18.4624
23.1928
34.225
65.3216
151.451
340.463
629.32
1108.18
2561.78
2378.55
948.512
594.291
312.869
119.569
54.5255
30.2423
20.4858
16.8683
15.6395
16.4197
18.429
22.9213
32.4129
54.157
119.39
277.055
541.273
1055.74
2539.02
2243.39
1019.43
634.182
341.697
120.791
51.6645
30.8298
20.8515
17.0204
15.8123
16.4032
18.4033
22.7582
29.6844
54.7028
125.452
296.531
556.491
913.791
2515.89
1702.96
1002.73
638.333
301.203
135.371
61.6963
32.2634
21.1957
17.0635
15.6964
16.3167
18.3923
23.38
31.657
54.4233
118.457
294.098
581.842
988.762
2393.07
2148.26
1044.19
639.935
372.967
134.308
62.2037
32.209
21.156
16.9915
15.8391
15.9417
17.6966
23.8691
35.535
61.5513
129.501
282.236
585.848
868.762
2021.53
2489.65
1050.1
635.592
370.065
153.775
61.9766
31.621
20.865
16.3446
15.5139
16.2458
18.3438
23.7199
34.9484
54.3972
123.592
328.356
607.737
1017.99
2263.46
2448.54
900.999
552.574
308.997
129.444
60.2639
30.841
20.651
16.6357
15.6957
15.9291
17.6104
23.5999
35.7215
64.0458
145.304
328.495
598.314
928.617
2520.2
2432.67
994.374
599.521
371.062
156.433
60.858
30.103
20.3859
16.9444
15.9479
16.3008
18.3274
23.4331
35.4588
54.9996
117.09
288.541
588.75
991.297
2397.71
2397.36
880.966
537.857
355.895
129.581
52.2507
26.1007
19.7839
16.7683
15.8551
15.8554
18.0401
22.3085
36.5826
65.599
135.477
287.13
587.508
869.943
2024.34
1914.63
946.698
612.543
358.282
154.386
61.09
28.5841
19.7619
16.4926
15.8202
16.0037
17.607
23.1563
35.4982
57.1731
131.596
338.829
611.763
1020.92
2266.41
2435.3
904.882
605.032
355.19
149.026
58.4737
29.2686
18.7222
16.4264
15.8016
16.3177
18.2757
21.8917
35.9167
67.606
159.436
346.83
597.647
936.169
2522.86
2410.43
906.571
551.602
314.349
116.956
53.8946
26.0387
18.2963
15.9541
15.6563
16.0807
18.41
23.7928
35.3278
56.6956
148.316
332.247
589.388
1009.79
2395.39
2417.45
915.518
557.341
305.583
125.928
53.3706
27.9533
18.7664
16.1956
15.5295
16.15
17.6805
23.6166
35.6242
62.4405
115.687
279.051
545.382
914.06
2060.86
2285.08
953.764
551.683
312.894
122.56
47.2383
26.9268
19.2379
16.486
15.7188
16.039
18.3191
22.2632
32.6568
61.8151
146.106
365.301
672.126
1106.97
2276.12
1857.76
842.998
595.121
299.513
125.09
51.7039
25.17
18.9047
16.3577
15.5224
16.2818
18.3719
23.6083
36.6816
71.5352
166.073
373.703
664.403
1096.31
2578.28
2055
978.302
621.75
351.57
153.06
60.1683
27.0645
18.3069
15.9599
15.6534
16.1976
18.0477
21.7058
32.3384
59.8935
133.989
347.676
639.086
929.228
2560.18
2448.53
925.328
607.491
354.89
152.244
58.7366
28.7589
19.1407
16.3444
15.5295
16.0757
17.9046
21.8776
33.0233
62.9841
139.829
312.867
643.135
1010.37
2544.45
2338.12
985.435
594.695
336.278
143.799
56.8572
26.0354
19.7089
16.7468
15.7495
15.7479
17.4297
21.7758
33.0098
65.718
143.973
319.127
639.865
1081.13
2456.11
1921.25
882.788
549.335
282.234
123.934
51.0507
28.305
19.861
16.6582
15.6457
16.1101
18.2431
22.6755
34.7668
74.9611
167.503
348.58
587.183
1043.68
2198.72
2478.19
1064.14
673.93
381.896
132.044
52.5913
26.888
19.3997
16.5867
15.9019
16.3791
17.8537
23.941
36.9286
70.9686
163.033
360.565
641.157
984.97
2545.12
2463.14
908.987
647.115
388.657
153.103
57.9011
28.7133
18.6438
16.0066
15.797
16.4025
18.3889
23.6689
36.0261
62.8754
135.718
304.554
633.982
1079.27
2460.7
2435.65
947.573
640.452
373.291
121.944
53.7072
25.8135
18.6283
16.2043
15.7687
16.3082
17.9961
22.0651
33.7336
74.2516
164.838
343.213
581.314
1040.94
2209.3
2454.94
957.805
628.036
360.534
131.667
52.9537
27.8796
19.5224
16.5186
15.6136
16.2029
17.8678
23.8174
36.6047
70.7669
162.634
354.906
627.625
976.914
2569.27
2358.18
1006.98
580.389
300.558
127.58
45.953
27.1028
19.3632
16.2208
15.774
15.957
18.2681
23.5638
35.6674
62.3473
135.991
301.305
611.851
1061.63
2520.08
1935.31
962.381
605.103
346.608
153.28
50.8818
25.9455
18.6502
16.598
15.8771
16.0512
17.4669
22.0306
33.3965
73.2692
166.064
341.75
608.417
1011.27
2141.72
2448.46
924.725
566.338
347.812
151.828
55.6075
28.7214
19.861
16.7596
15.9226
16.3943
18.3624
24.1303
36.2832
67.6877
160.443
350.217
605.52
953.855
2519.21
2353.7
992.104
595.622
337.687
148.435
47.9642
25.0708
18.3395
16.1277
15.5431
15.9825
18.54
24.066
35.4955
56.483
147.714
332.498
597.118
1040.83
2469.48
1931.67
891.868
559.871
290.933
135.285
55.5114
29.2382
19.8825
16.762
15.8453
16.1813
17.8576
23.8098
35.7742
62.1382
113.367
275.647
546.564
940.261
2231.32
2406.69
1076.5
693.352
391.434
134.577
53.3239
27.6568
19.187
16.4972
15.544
16.4096
18.5616
22.6601
32.9418
62.309
147.638
369.73
672.576
1137.76
2573.85
2442.93
964.558
678.71
410.809
168.095
61.2459
30.5537
20.2174
16.2255
15.4796
16.0465
18.4455
23.6357
36.7892
71.5149
165.646
373.347
656.796
1094.18
2580.65
2423.53
1048.85
677.915
403.495
160.881
53.0215
27.3398
19.0402
16.2568
15.5184
16.2291
18.0749
21.4543
32.038
59.5872
134.177
350.855
627.37
923.297
2560.74
2453.87
949.015
656.76
393.612
152.632
58.1027
30.2145
20.3601
16.7447
15.5908
16.0474
18.1136
21.6527
32.5543
61.9316
137.858
307.42
624.673
998.485
2544.91
2433.12
939.706
646.415
379.918
124.875
47.4136
28.6006
19.9975
16.3417
15.6664
16.3749
18.1822
21.5051
32.3172
63.5902
140.012
312.407
601.544
1058.9
2456.53
2454.55
965.789
638.078
369.442
136.121
54.5534
28.603
19.8583
16.7415
15.9168
16.3969
18.407
22.4027
34.2288
71.8367
160.108
340.084
619.53
1020.56
2196.65
2359.93
1016.36
595.287
313.999
135.059
47.9207
27.7276
19.6166
16.6596
15.8532
16.0418
18.4971
23.8707
36.5553
67.1376
153.811
341.501
610.775
936.791
2535.06
1937.21
971.393
627.893
368.755
163.084
53.4972
26.5353
18.6633
16.1565
15.7883
16.2875
18.3134
23.5656
36.3255
57.4615
123.425
300.059
602.894
1001.18
2414.19
2454.76
930.246
614.915
376.821
164.368
59.4619
29.3406
19.8685
16.6631
15.7921
15.9268
17.391
21.8711
37.4649
69.4291
145.468
299.52
599.739
881.603
2039.34
2364.82
985.467
568.512
364.956
161.957
52.5923
25.5897
18.4346
16.0979
15.5832
16.3468
18.2902
23.4062
36.5057
61.5021
141.53
352.887
624.882
1039.12
2299.04
2212.56
880.11
623.343
372.051
160.896
62.6792
29.6449
19.993
16.7298
15.8898
16.3085
17.6216
21.7973
36.5947
72.2444
174.842
361.447
610.444
957.034
2586.65
1986.2
988.313
642.694
367.229
160.351
62.7883
27.1482
18.7992
16.1797
15.5997
16.4064
18.5
23.6402
35.5521
59.8627
165.694
346.476
600.022
1039.67
2514.12
2507.94
959.418
632.875
369.363
157.754
61.4101
29.6997
20.0981
16.7526
15.8783
16.3459
18.2945
23.3474
35.4041
64.9823
134.932
290.498
548.671
935.09
2442.87
2470.14
1037.8
622.717
352.71
147.964
58.9453
26.386
18.4388
15.9968
15.7021
16.1801
17.9241
21.4333
31.5718
60.6948
161.99
365.624
657.315
1087.3
2241.44
2443.86
933.606
566.86
294.324
118.324
51.3751
28.6538
19.593
16.4167
15.5295
15.7995
17.5197
22.9242
35.2647
68.0115
154.73
342.252
627.619
1080.11
2590.89
2420.52
1075.11
684.2
393.919
146.907
58.0362
28.6205
19.3871
16.3904
15.7377
16.0634
17.8309
22.2952
31.2938
57.5356
124.869
293.682
553.401
905.3
2566.06
2441.7
1032.53
657.639
404.741
174.492
64.1714
30.5611
20.2119
16.7113
15.6879
15.9286
17.6546
22.3342
32.3509
60.6862
137.475
299.853
564.616
951.307
2550.64
2385.69
867.791
614.497
379.862
161.171
59.6251
26.645
18.2936
15.8625
15.1911
15.3343
16.6928
21.9854
32.9125
58.862
142.344
308.772
564.24
958.951
2492.47
2346.47
867.663
590.182
354.164
147.303
55.1931
27.6693
18.8197
16.1924
15.4368
15.6051
16.8884
21.5179
32.0709
59.109
160.954
350.95
601.654
1019.01
2520.14
1673.01
768.878
520.643
271.63
103.054
43.2275
25.9746
19.0081
16.4
15.6316
15.8178
17.0991
20.8057
30.3602
56.4776
139.755
331.864
583.032
937.23
2077.24
1863.67
805.86
517.891
283.712
113.872
45.7699
24.7601
18.8488
16.3967
15.6457
15.7629
16.8347
20.0246
28.6581
52.0464
111.564
263.206
504.915
833.172
2063.24
1797.3
813.719
509.599
291.869
118.909
47.5182
25.863
18.8176
16.3775
15.6467
15.6991
16.5475
19.1951
27.0304
48.9045
123.853
289.582
520.77
892.235
2067.73
1779.96
766.828
471.538
277.757
107.639
43.4335
24.7932
18.5075
16.2594
15.6239
15.6412
16.2681
18.2738
23.183
45.8149
108.785
268.261
470.594
814.583
2036.48
1747.47
812.47
495.682
255.033
97.2589
35.5526
21.5471
17.2994
16.1487
15.5879
15.5743
15.9979
17.1255
23.4146
38.0822
98.1134
246.661
500.799
883.912
2027.58
1851.73
743.026
462.866
237.449
86.479
36.2091
22.5621
17.9361
16.1963
15.4261
15.3537
15.6422
17.0313
20.7424
36.8095
86.1742
227.121
460.504
777.199
2104.86
1638.92
712.918
413.017
172.351
61.8623
32.1663
21.4774
17.6631
15.9162
15.6783
15.707
15.9921
17.3703
20.0516
28.2517
58.9074
155.324
376.365
729.677
1972.53
1592.71
673.184
363.172
155.825
54.9768
27.6724
20.0617
17.4663
16.2495
16.0267
16.03
16.1999
16.8987
20.4107
28.1257
51.4454
125.315
312.378
700.063
1930.5
1561.88
582.544
311.324
130.579
47.4552
26.6158
19.9994
17.1422
16.6265
16.4983
16.5061
16.6583
17.2865
19.7427
25.0643
40.5942
97.2295
271.164
577.007
1778.96
1234.58
472.521
225.766
87.8901
37.9912
23.8537
18.9058
17.5568
17.1388
16.9783
16.9476
17.0438
17.4411
19.2148
22.948
33.1962
61.6067
191.289
502.793
1550.88
1134.76
367.038
159.772
61.3966
29.883
21.5652
18.6187
17.7958
17.4349
17.2634
17.2382
17.3478
17.6512
18.386
21.6185
29.7752
52.165
128.076
365.405
1290.37
654.391
223.119
84.8742
34.4148
22.196
19.6297
18.2742
17.5318
17.1322
16.9392
16.9078
17.0421
17.3797
18.0296
19.2623
23.1812
39.8551
93.7526
266.491
964.921
466.237
180.686
60.5469
27.9047
20.3518
18.0705
17.2017
16.7896
16.5797
16.4775
16.4606
16.5402
16.738
17.1397
18.0013
20.0882
27.1032
56.9166
175.731
534.944
461.168
129.254
32.8364
18.5362
15.7965
15.214
15.0619
15.0149
14.9919
14.9828
14.9825
15.0009
15.0385
15.1125
15.3437
16.1543
19.3627
34.0486
130.849
465.951
467.68
24.1296
11.5653
13.5993
14.5672
14.8413
14.8768
14.8524
14.8266
14.8111
14.8059
14.811
14.8239
14.8326
14.7705
14.4844
13.8694
14.7751
42.9683
474.175
2060.62
837.156
506.057
288.053
126.027
55.2282
30.7702
21.5657
18.0059
16.9974
17.5864
19.8048
24.5494
34.6573
58.0339
117.028
250.314
469.383
845.342
2119.01
1675.81
768.909
467.636
261.503
108.806
47.0965
26.5515
19.3798
16.8355
16.2709
17.0087
19.2123
23.3121
31.0173
47.6237
95.2932
215.046
423.76
778.651
1745.03
1677.44
747.522
456.201
252.766
98.2933
45.1738
26.5263
19.4722
16.8164
16.125
16.7377
19.1756
23.8974
33.5124
51.2248
95.2715
198.625
429.081
775.806
1759.62
1625.43
696.763
422
220.213
94.2815
44.9644
26.5459
19.5251
16.864
16.1534
16.7412
18.4528
22.6551
34.1697
56.3179
104.226
204.271
425.68
773.355
1717.44
1467.86
730.779
446.705
244.85
99.3597
46.9696
27.2875
19.3478
16.5931
15.9157
16.5044
18.7816
22.8543
31.4025
49.8327
97.7118
227.746
424.727
768.95
1715.04
1617.37
742.022
446.922
234.25
104.422
50.0244
28.7439
19.5813
16.6021
15.8707
16.3667
18.2759
23.3719
33.6431
56.6189
109.981
224.448
421.015
762.159
1752.5
1689.09
719.365
412.172
223.655
101.185
47.8849
28.0564
19.4724
16.4933
15.8166
16.2853
17.9826
21.8149
30.5752
50.4694
96.4871
203.076
395.532
728.94
1724.02
1615.02
692.299
391.374
194.607
84.8755
41.1839
27.153
19.8898
16.5712
15.8799
16.3937
18.0951
21.9405
30.9335
51.6881
98.8292
199.646
374.448
651.598
1713.68
1641.65
655.171
377.412
200.798
94.3473
45.5524
28.0635
20.2297
16.8898
16.1136
16.7081
18.4784
21.92
30.3171
50.6953
96.1434
193.958
371.022
667.439
1692.71
1617.79
679.093
383.115
212.408
104.736
49.9133
28.8216
20.4993
17.2028
16.2653
16.7359
18.6569
22.876
30.9167
53.5359
101.999
200.055
373.254
669.885
1672.6
1602
650.141
374.584
192.94
101.236
48.2871
28.659
20.5054
17.1694
16.2036
16.632
18.6022
23.1721
32.0524
58.6029
113.084
212.876
384.999
701.678
1620.22
1586.11
706.271
421.14
228.826
102.685
44.2735
28.234
20.435
16.7905
15.7525
16.0622
17.8575
23.1216
33.4607
57.3554
110.1
193.027
365.874
658.345
1591.47
1587.95
667.672
413.275
225.191
102.049
49.0521
28.9033
20.6436
17.2328
16.0403
16.343
18.2697
22.9781
33.1147
56.6148
112.202
231.664
420.62
742.886
1713.39
1560.3
687.903
398.433
204.484
92.5556
48.3702
28.8726
20.3966
16.8104
16.1775
16.5814
18.4458
22.6885
32.0135
54.5463
110.035
227.598
412.367
686.827
1711.12
1488.01
716.865
426.655
237.968
107.96
46.2251
26.8271
19.8636
17.0683
16.2026
16.3308
18.3889
22.5324
31.219
48.6319
104.111
218.837
407.776
738.22
1732.28
1613.87
722.366
428.219
233.658
91.3367
48.9203
28.9312
20.5816
16.8544
16.2228
16.6356
18.4193
22.4588
31.1539
50.3077
97.8582
207.185
397.251
718.551
1698.12
1608.26
703.71
404.966
210.728
102.595
48.5319
28.3421
20.353
16.8445
16.1991
16.6532
18.4659
22.5215
31.0684
49.1383
87.8283
182.625
361.328
647.543
1684.94
1622.88
650.68
390.592
217.719
99.0022
46.6096
27.2211
19.8102
16.9155
16.1522
16.6211
18.4853
22.6172
30.8603
45.797
93.8044
190.3
369.266
678.754
1644.11
1608.54
642.146
370.054
183.771
80.6672
39.1661
23.8035
18.1997
16.5465
16.0377
16.5724
18.4762
22.7872
31.8079
49.661
105.154
207.679
386.479
714.116
1617.42
1594.3
619.913
352.228
182.585
84.8284
41.9687
25.2837
18.8675
16.4436
15.9711
16.5129
18.3726
22.6598
31.8838
51.9504
101.716
204.808
383.57
704.9
1653.29
1352.72
607.104
346.663
190.019
92.4555
46.0742
27.2654
19.7489
16.8459
15.8562
16.4481
18.2712
22.5252
31.4811
47.2313
99.0753
195.864
369.781
681.932
1532.18
1463.52
591.717
329.182
174.419
82.1251
39.9313
24.313
18.4372
16.3423
15.921
16.3591
18.073
22.201
31.843
51.2692
86.9195
179.031
353.712
648.942
1594.95
1539.31
658.334
382.516
214.509
101.521
47.593
27.5325
19.7679
16.8813
15.9057
16.006
17.374
22.3718
32.0611
52.261
99.3872
206.657
394.162
716.43
1690.64
1596.05
696.236
409.035
219.5
100.304
46.7704
27.2769
19.0352
16.4821
16.0172
16.4146
17.6437
22.0006
32.2404
51.829
89.8884
184.956
364.244
650.223
1677.59
1600.59
649.362
381.231
200.972
101.025
46.0949
26.9555
19.6724
16.8707
16.0861
16.4828
17.9983
22.0408
32.6452
50.7111
96.3659
192.093
371.322
679.735
1633.07
1558.5
665.825
392.647
220.544
102.691
42.3038
24.9375
19.4071
16.8542
16.0875
16.3776
18.7087
23.4289
33.714
56.9022
107.481
207.837
387.484
713.998
1576.78
1282.65
645.918
391.938
218.818
102.122
46.2178
27.0342
19.7161
16.8952
16.1184
16.6288
18.6592
23.1766
32.7936
54.3768
103.935
204.257
381.241
707.581
1677.36
1419.22
652.875
387.81
218.395
104.783
44.1756
26.56
19.5572
16.8192
16.0583
16.4402
18.5469
23.0327
32.4721
49.9666
96.9223
180.869
341.469
636.976
1623
1389.62
644.586
387.757
219.99
106.134
49.5309
25.9702
19.3584
16.7885
16.0411
16.3502
18.3631
22.0878
32.217
58.3919
110.073
211.288
376.222
684.2
1567.54
1352.39
636.597
380.815
216.046
106.852
50.6502
28.5208
19.2891
16.5076
15.8542
16.5531
18.3017
23.447
34.0496
58.8791
110.687
211.566
353.822
646.599
1717.17
1375.55
645.746
387.379
203.696
105.03
49.4346
28.4178
20.1498
17.0894
16.1802
16.5421
18.707
23.2748
32.1879
59.0557
109.315
208.225
387.529
693.441
1522.55
1414.76
708.198
440.924
239.704
106.979
49.1397
28.2834
19.5098
16.6708
15.9217
16.6065
18.6069
23.1952
33.9882
59.5566
111.412
195.118
365.366
662.336
1687.43
1481.84
692.706
438.293
242.077
109.694
49.0269
28.3173
20.4494
17.2673
16.2385
16.5712
18.4052
22.5814
30.8662
58.6583
112.705
211.197
381.464
701.413
1670.56
1491.34
726.097
437.261
240.633
109.073
44.7294
26.3296
20.353
17.3511
16.2495
16.2042
17.7556
21.7168
31.3635
57.2486
109.474
191.305
361.152
648.36
1576.04
1580.17
735.121
441.135
241.886
109.379
49.7649
29.0112
20.8516
17.4914
16.3526
16.6174
18.404
22.8347
32.9794
56.872
111.404
229.135
414.571
729.639
1701.06
1641.11
722.92
433.496
240.908
109.463
47.1219
28.0274
20.4288
17.2931
16.1161
16.28
17.8134
21.7991
32.733
55.5834
110.937
226.393
405.593
672.268
1693.44
1580.77
697.546
438.423
234.377
91.9205
45.9743
27.3528
19.865
17.1003
16.3261
16.7545
18.679
23.1708
32.5851
50.4253
106.159
219.67
402.306
712.746
1686.92
1572.9
736.7
430.963
221.519
107.364
51.0718
29.447
20.8574
17.4029
16.2918
16.6611
18.5723
23.1737
32.9176
53.387
100.742
211.048
398.894
694.796
1525.32
1555.29
731.81
444.265
235.365
105.736
49.6676
27.1953
19.5887
16.7309
16.055
16.1535
17.7488
22.9485
33.0095
53.2054
91.4799
189.9
388.817
663.491
1678.57
1378.66
712.513
433.241
213.286
89.6382
43.1975
28.0298
20.4389
17.183
16.0384
16.4236
18.101
22.0563
32.6975
51.761
99.0649
197.732
377.116
686.528
1638.96
1558.15
737.979
426.801
214.909
96.2621
46.2897
28.4786
20.4083
16.8372
16.2129
16.7359
18.724
23.2889
32.5306
58.0641
111.164
218.274
402.962
726.883
1584.05
1586.42
730.665
431.282
216.235
98.5746
47.8145
27.6944
19.7402
17.1052
16.1843
16.4944
18.4122
22.8262
32.7363
55.6487
108.035
215.826
398.383
723.291
1718.29
1661.02
725.3
424.073
236.233
112.4
54.0008
30.5978
21.0111
17.0291
15.8593
16.1836
18.0611
21.0646
29.1851
48.2885
93.5843
190.111
360.001
644.402
1704.13
1608.9
705.652
403.393
236.066
110.961
52.7159
29.9823
20.969
17.4176
16.0773
16.317
18.1468
21.2832
29.6548
50.04
101.129
204.162
374.711
669.781
1695.71
1599.59
660.882
399.716
215.862
99.1368
47.6665
27.6713
20.5109
17.3419
16.1145
16.5377
18.3481
21.5644
29.6506
49.6835
106.371
214.278
382.053
688.294
1636.54
1557.21
690.558
419.65
243.153
114.468
54.2058
30.431
20.3479
17.0267
16.3499
16.7763
18.6198
22.6568
31.3403
51.6736
101.812
198.936
353.415
634.609
1500.93
1363.42
657.381
401.881
210.259
109.171
52.927
30.3731
21.2197
17.5469
16.4755
16.8272
18.6517
22.6116
29.4501
48.2189
101.657
205.453
391.527
708.337
1610.4
1471.26
740.422
461.967
239.133
110.028
52.1816
29.9382
20.985
17.0778
16.3763
16.8235
18.7139
23.04
32.4689
54.0653
101.15
187.118
357.864
651.586
1729.06
1555.36
729.633
455.249
245.96
108.622
50.357
28.835
20.5247
17.3143
16.3799
16.8226
18.7242
23.0184
30.6899
50.1452
95.5847
186.844
352.562
662.726
1696.09
1614.94
736.855
426.211
211.923
92.2698
43.8807
25.9082
19.9201
17.1424
16.3086
16.7777
18.6997
23.4646
34.6189
59.0388
111.397
215.308
380.914
698.391
1681.66
1697.92
703.46
404.442
217.892
101.424
48.4697
27.8246
19.8024
16.8378
16.054
16.6942
18.0568
22.1304
33.9562
59.4026
111.935
213.253
357.768
649.995
1703.62
1624.55
691.666
402.348
233.749
113.365
54.0157
30.322
21.0619
17.488
16.4494
16.9415
18.9917
23.5192
32.3126
59.8571
111.06
210.66
392.324
703.921
1566.01
1628.5
659.547
386.204
226.903
109.657
52.5104
29.9578
21.0429
17.5158
16.4551
16.948
19.0532
23.8021
34.6847
60.8242
113.834
197.221
364.981
659.725
1716.86
1618.18
710.928
422.448
217.396
105.914
50.9799
29.2926
20.7348
17.3525
16.1239
16.6931
18.9928
23.5478
32.1536
60.3747
116.049
214.859
381.476
692.716
1667.7
1629.95
659.03
409.044
228.243
104.189
48.8142
27.9689
19.239
17.0471
16.3563
16.9119
19.0266
23.7145
34.0821
59.4698
113.958
197.522
368.819
641.088
1465.04
1601.91
650.935
380.876
194.356
86.2688
41.6137
25.0667
19.502
16.9877
16.2754
16.8451
18.8509
22.7932
31.6628
59.1884
116.363
237.971
431.028
736.103
1625.2
1569.21
637.742
375.547
203.204
94.6196
45.6183
26.6512
19.3128
16.6581
16.1635
16.7484
18.8747
23.7442
34.2068
58.3789
115.604
239.121
424.69
690.657
1725.75
1411.67
646.7
382.945
218.212
104.027
49.9557
28.6269
20.278
17.112
16.1464
16.3285
18.0234
22.4935
31.7389
52.3295
101.698
233.361
425.663
735.962
1697.64
1602.84
644.328
374.737
214.52
102.314
49.3459
28.4992
20.2138
17.1004
16.0139
16.6827
18.4929
23.8098
34.7003
58.6274
112.236
216.348
424.362
721.869
1537.56
1394.82
673.769
405.365
214.617
98.4484
48.0098
28.0064
19.2246
16.5835
16.1548
16.7178
18.7188
23.4503
33.9088
57.732
114.561
238.004
424.693
696.351
1702.53
1599.05
662.821
387.297
194.702
97.122
47.2622
27.5886
19.8151
16.9618
16.1755
16.6044
18.4123
22.1554
31.1704
51.7958
100.886
231.938
424.269
747.701
1701.68
1560.3
677.239
394.391
197.303
88.898
43.3149
25.8014
19.4402
16.888
16.116
16.278
18.0932
23.3525
33.7208
57.1481
109.581
209.648
416.699
737.514
1554.14
1399.62
667.136
392.769
213.044
101.652
49.4937
28.3776
19.2139
16.546
16.0692
16.5568
18.545
23.1443
32.9512
56.1828
110.944
224.298
411.842
736.065
1731.1
1610.99
655.966
378.331
215.925
104.25
50.3977
28.8991
20.0756
16.981
16.1008
16.1057
17.7024
22.3999
31.3214
48.977
96.1308
207.209
394.44
660.914
1726.35
1546.92
675.951
385.961
211.592
103.377
50.3502
29.1648
20.6098
16.8475
16.1043
16.1713
17.6079
21.2585
30.9106
49.1017
95.1981
198.002
386.422
675.159
1729.43
1446.75
644.688
375.798
191.013
97.2052
47.0604
27.9724
20.2698
17.1748
16.1711
16.3692
17.9135
21.5561
29.4811
47.7787
89.1733
183.735
359.142
657.274
1695.16
1599.52
709.513
425.132
226.528
89.0295
43.7585
26.3082
19.6719
16.9627
15.9349
16.6805
18.6313
22.996
32.4595
52.8858
95.7796
187.899
359.28
668.562
1691.39
1612.19
665.506
411.565
224.909
101.243
47.8933
28.0834
20.2048
16.7109
15.9263
16.672
18.602
22.896
32.2832
52.8385
89.7201
181.69
376.58
694.92
1567.63
1598.69
667.493
389.035
193.971
85.5137
41.4138
26.9185
19.9099
16.8366
15.9929
16.6679
18.5513
22.6929
31.9161
53.779
107.236
214.098
361.536
669.011
1734.93
1600.1
663.356
392.39
201.719
90.6425
43.6146
26.9398
19.671
16.9092
16.1799
16.7048
18.53
22.3795
29.0955
48.4252
106.091
214.2
400.61
731.704
1550.75
1557.39
674.085
395.976
199.106
91.4962
44.3653
25.7524
18.5281
16.6379
16.1042
16.6935
18.5728
22.7049
31.7575
53.39
104.59
213.117
397.47
727.197
1740.34
1396.94
662.309
394.01
216.508
103.356
49.5922
27.9849
18.9335
16.3242
15.8034
16.6438
18.6043
22.651
29.5939
47.5575
89.411
183.753
356.12
642.846
1720.09
1606.47
647.766
377.144
218.112
105.489
50.3873
28.3037
19.1909
16.5486
16.0095
16.6802
18.6775
23.2079
33.0627
54.4456
99.3413
192.792
362.431
669.023
1685.43
1562.43
659.559
380.887
212.503
104.628
50.5056
28.5924
20.0529
16.9801
16.1601
16.6784
18.6274
23.0632
32.7838
52.9255
92.0978
182.662
378.658
698.056
1647.86
1360.57
618.871
365.245
192.695
101.884
49.666
28.3648
19.8924
16.9477
16.1178
16.6187
18.5215
22.8321
32.6967
56.7909
110.572
216.009
360.078
644.466
1664.51
1481.99
683.379
404.068
217.36
103.592
50.1101
28.5078
19.155
16.4302
15.7293
16.4817
18.4013
22.4272
30.1595
55.8246
108.572
215.89
398.746
707.111
1575.24
1647.33
664.04
381.918
200.841
105.03
51.1468
29.1325
19.7099
16.8945
15.9803
16.2696
18.3059
22.4038
31.7959
54.6828
108.001
200.213
367.521
656.466
1707.53
1642.15
693.349
393.659
216.925
106.583
51.3867
29.5416
20.7521
16.9199
16.1743
16.5347
18.2937
22.0404
28.8871
47.9231
105.456
214.404
381.11
685.24
1647.23
1642.93
666.942
385.976
196.082
99.9199
47.4571
28.0846
20.3352
17.2336
16.1605
16.2986
18.2555
22.229
30.7307
50.1416
99.4747
202.597
351.674
628.197
1505.22
1605.75
721.688
435.989
232.04
91.1919
44.6609
26.6427
19.7537
17.1482
16.1957
16.5508
18.2111
22.0146
30.2515
46.1048
97.0703
200.644
386.252
694.952
1606.6
1614.73
706.082
423.717
230.86
103.837
48.8529
28.4224
20.4083
17.1337
15.9152
16.4695
18.0883
21.6579
29.0541
51.0172
95.1011
179.685
351.425
633.07
1711.05
1600.62
654.729
388.896
196.25
86.4491
41.8286
27.1219
19.9789
16.6495
15.8769
16.4371
18.0658
21.1864
30.9242
50.5117
92.1172
180.207
350.4
625.387
1579.35
1601.43
662.619
395.181
204.475
91.4143
43.8365
27.0722
19.7492
16.8914
16.0494
16.4283
18.1903
22.016
28.6794
45.2927
81.3556
160.869
363.002
666.215
1496.34
1553.17
665.171
394.793
198.402
89.9344
43.7223
25.6827
18.5782
16.6251
15.9335
16.0779
18.0874
22.4165
32.3829
55.0145
104.288
194.765
361.291
656.371
1603.61
1377.68
649.689
390.67
212.686
99.0595
47.9108
27.6596
18.9625
16.3612
15.8784
16.2208
17.4633
21.1261
31.8001
54.5022
109.709
224.872
411.315
731.547
1672.99
1562.49
630.31
371.667
212.276
98.2061
47.0994
27.4448
19.0905
16.5404
15.7557
16.0956
17.9955
21.9819
30.9413
52.3168
106.342
221.728
405.733
719.62
1694.57
1333.31
624.017
370.395
202.506
93.0539
45.6108
27.2365
19.8575
16.9627
16.0403
16.3139
17.7354
21.5296
29.6547
48.5158
97.363
212.231
398.394
687.782
1455.49
1407.26
611.528
352.435
180.227
86.9413
43.3056
26.449
19.5883
16.8641
15.796
16.0033
17.6561
21.1279
28.8128
46.3145
85.6782
201.712
386.55
679.976
1507.98
1375.4
642.43
379.717
193.727
82.3782
41.0205
25.4497
18.7707
16.3409
15.9348
16.1626
17.1576
20.5667
27.7772
44.6191
86.0783
188.502
373.929
666.549
1473
1421.35
606.916
347.535
169.401
76.403
38.4563
24.2689
17.9997
16.4207
15.892
15.9504
17.2535
19.9918
26.6255
42.3912
82.0919
178.864
354.69
615.874
1499.43
1350.44
562.606
303.762
143.815
62.4846
32.6395
21.8192
17.6244
15.9872
15.6244
16.0653
16.972
18.9489
23.7053
36.3431
68.0785
149.156
319.719
600.194
1459.74
1333.55
540.816
278.831
133.014
57.0913
30.7261
21.7992
17.9402
16.206
15.7752
15.8401
16.6992
18.0898
22.5713
33.2927
60.6917
132.976
286.067
566.061
1478.74
1268.47
487.687
234.407
107.329
48.8175
28.1568
19.9612
17.173
16.2062
15.9463
15.992
16.4388
18.2805
21.8239
29.4324
49.0209
102.787
248.825
536.803
1397.36
1177.69
473.003
224.329
96.8623
44.8393
26.1698
20.1918
17.3733
16.5159
16.2618
16.2828
16.5842
17.5657
20.999
28.5183
45.0911
90.007
222.445
499.495
1319.21
1087.23
411.753
187.297
79.0912
39.5654
24.4113
19.7819
17.5395
16.8432
16.6213
16.6374
16.9095
17.7218
20.121
25.0324
40.1148
78.4055
186.855
416.201
1219.91
859.999
325.627
135.031
57.1487
31.126
21.8124
18.7506
17.6948
17.2139
17.0078
17.0188
17.2553
17.8702
19.5479
23.2505
32.0547
58.3911
136.815
337.446
995.594
697.133
251.138
98.5564
44.3362
27.0037
20.9144
18.9157
17.8857
17.3312
17.0829
17.0871
17.3563
17.9456
19.0058
20.9199
27.3211
45.4964
101.759
266.784
779.862
471.609
199.255
75.4203
33.6401
22.5705
19.1972
17.8697
17.2297
16.9014
16.757
16.7592
16.9283
17.3139
18.0266
19.4498
22.8593
33.4906
70.4934
210.456
512.178
453.749
156.113
42.3168
22.4551
17.3421
15.7921
15.2853
15.0769
14.9798
14.9428
14.9453
14.9991
15.1181
15.3652
15.9256
17.4695
23.353
45.188
164.864
458.476
473.559
52.7459
23.7294
17.2741
15.2772
14.9776
14.9179
14.8829
14.8568
14.8428
14.8416
14.8551
14.8859
14.9528
15.1453
15.9785
18.9219
28.7684
70.5612
475.702
947.284
401.547
222.937
120.813
67.0329
40.9205
28.0838
21.7798
18.8095
17.7443
18.101
19.9113
23.7836
31.1959
45.1324
71.2253
120.615
212.784
391.145
963.921
884.128
397.738
217.58
115.026
61.5619
36.8376
25.4818
20.2432
17.848
17.0628
17.3477
18.8569
22.156
28.8086
42.1362
68.6253
118.027
209.46
389.758
891.939
885.19
423.383
223.075
112.881
60.5956
36.6109
25.505
20.2751
17.8382
16.9674
17.2649
18.7543
21.9349
28.1902
40.7832
67.7321
117.607
209.852
382.945
892.09
882.458
393.265
207.023
109.9
61.048
37.2336
25.8749
20.4633
17.9143
16.9615
17.193
18.6125
21.6723
27.6562
39.4504
63.6724
114.852
210.11
386.282
884.248
902.455
385.011
206.859
115.079
64.9171
39.5023
27.1054
21.0892
18.2494
17.131
17.205
18.5583
21.6706
27.6488
38.4863
61.8822
110.479
211.966
401.001
879.726
910.225
395.577
203.304
115.613
65.3663
39.8149
27.229
21.1407
18.2617
17.0023
17.1544
18.4668
21.3824
27.3717
37.7444
59.5327
105.263
202.742
390.713
906.785
885.595
398.677
210.359
115.523
64.9721
39.6549
27.0828
20.7307
18.1382
17.0256
17.301
18.6787
21.6151
27.2774
38.1926
59.4891
101.023
192.437
378.893
893.579
875.656
392.174
214.669
115.5
64.2394
39.0757
26.8664
20.9316
18.1559
17.1147
17.2124
18.4973
21.1792
26.1399
36.1398
56.8143
104.906
195.567
375.867
898.427
882.384
408.88
215.9
111.302
60.9148
37.1994
25.9412
20.8125
18.1762
17.1919
17.4591
18.9857
22.158
27.5529
38.5471
59.673
99.0402
186.734
368.55
895.597
887.237
394.899
215.105
116.315
65.2229
39.9908
27.3585
21.1915
18.2888
17.1928
17.2871
18.7563
22.1807
28.4553
40.5251
63.9972
107.003
198.068
378.37
895.008
888.538
405.475
215.463
112.243
62.2292
39.5564
27.44
21.322
18.3967
17.2903
17.4745
18.9117
22.0681
28.1447
39.82
63.1356
109.554
200.394
375.461
882.361
871.016
399.382
222.502
120.919
67.275
40.5515
27.5517
21.3357
18.416
17.3062
17.4933
18.9196
22.0236
27.9888
39.1801
59.3861
104.047
197.499
380.897
881.913
875.327
419.969
226.24
118.006
64.5779
38.9114
27.2675
21.3114
18.4212
17.2079
17.4696
18.904
21.9432
27.8219
39.0106
60.7301
104.883
194.891
375.601
902.42
886.825
401.805
223.308
121.812
68.1312
40.8805
26.8537
20.7543
18.2871
17.2928
17.5195
18.9386
21.6121
27.0206
37.0581
56.4811
97.8533
186.596
368.049
892.411
868.696
407.758
226.043
120.893
66.8406
40.2714
27.3434
20.8884
18.0601
17.0548
17.3373
19.0533
22.3885
28.6887
40.3931
61.8659
106.597
198.453
379.3
892.158
872.563
435.453
230.668
115.423
61.7578
38.8515
26.9726
21.0542
18.2683
17.2605
17.5274
19.0883
22.4022
28.7925
41.3431
65.346
111.907
202.308
376.369
876.864
875.962
415.744
219.277
112.215
61.0033
36.6691
25.5461
20.6818
18.132
17.0627
17.4757
19.0672
22.3231
28.056
41.0639
64.8808
111.312
202.059
378.82
899.231
883.15
405.126
214.898
111.832
61.5343
37.5749
26.0938
20.5177
17.9337
17.1071
17.3226
18.9923
22.3542
28.7302
40.9964
64.5541
110.849
201.759
378.064
882.124
902.967
398.336
215.73
116.242
65.0331
39.7994
27.4053
21.2369
18.3071
17.2299
17.4296
18.7906
22.2022
28.5021
40.4728
63.4877
109.273
200.964
381.32
899.998
890.605
407.256
215.541
111.504
61.4183
38.143
27.1465
21.2746
18.3814
17.2733
17.4617
18.9129
22.1043
28.3157
40.0751
60.343
104.265
196.072
377.18
889.329
876.858
403.243
222.31
118.969
65.8906
39.9512
27.416
21.2537
18.35
17.2368
17.4001
18.7979
21.862
27.6582
40.1422
63.7369
110.039
201.022
375.888
876.299
885.348
425.344
224.924
113.65
61.3906
37.221
26.665
21.0392
18.2733
17.1989
17.3618
18.7207
21.5205
27.8424
39.6274
62.5545
108.396
199.905
377.885
899.054
909.434
405.513
214.56
111.222
62.3803
37.9568
26.0831
20.4841
17.8669
16.8802
17.0568
18.459
21.679
27.6099
38.9789
61.1918
106.316
198.177
376.149
882.276
908.007
394.149
210.906
111.243
65.0629
39.7902
27.2174
21.1512
18.2619
17.1605
17.3011
18.6454
21.5836
27.1952
38.0282
58.9717
99.1237
193.49
382.169
900.247
898.159
393.012
216.539
116.292
66.688
40.5265
27.5692
21.3439
18.1914
17.0249
17.1681
18.4619
21.166
26.0825
36.0151
56.5646
104.387
194.725
374.024
893.674
880.942
407.9
215.879
118.738
66.5653
40.2887
26.7068
21.1757
18.3658
17.2826
17.483
18.9624
22.1158
27.5745
38.5501
59.5792
98.8478
186.365
367.718
894.519
873.604
405.272
223.237
118.766
65.3323
39.4851
26.9925
21.0815
18.305
17.2607
17.4618
18.8563
22.2441
28.5515
40.6295
64.0592
106.906
197.818
377.424
892.414
880.801
430.088
226.415
112.168
59.4821
35.9155
25.9355
20.7119
18.1649
17.2228
17.4862
18.9831
22.2073
28.3665
40.1096
63.3184
109.63
200.293
374.626
880.6
890.747
411.377
213.816
107.037
58.3212
35.3722
24.7275
19.8255
17.5923
16.8727
17.2403
18.9509
22.2185
28.3498
39.7523
60.0839
104.666
197.755
380.532
880.315
910.408
398.909
205.509
103.523
58.8348
35.833
25.0848
20.0723
17.7791
17.0961
17.4817
19.0492
22.2318
28.3406
39.9238
62.0272
106.051
195.206
374.657
901.113
911.298
385.679
205.451
111.913
62.4669
38.1106
26.3491
20.7395
18.1634
17.2834
17.6294
19.1917
22.0109
27.7307
38.595
58.8402
99.8246
187.832
367.581
891.611
906.689
385.43
200.553
109.796
60.3012
36.8132
25.6563
20.387
17.9721
17.288
17.6936
19.3784
22.8658
29.4535
41.8628
64.9705
109.745
201.885
381.342
891.983
897.735
394.882
206.117
118.562
66.8605
40.3737
27.4497
21.3738
18.5098
17.4496
17.7283
19.2848
22.9346
29.6214
42.102
66.2123
114.185
206.423
380.279
880.256
881.979
408.775
218.552
119.668
66.8098
40.3158
26.7341
21.1955
18.4448
17.4397
17.7717
19.4746
23.119
29.9176
42.3263
64.0049
111.094
206.896
389.603
879.914
882.206
406.015
223.836
119.389
65.5317
39.4832
27.02
21.0579
18.3386
17.3818
17.6563
19.3056
23.1842
30.1469
42.963
67.395
115.425
209.047
388.482
900.783
875.646
429.115
226.707
113.047
59.8771
35.9094
25.1474
20.5089
18.1441
17.3426
17.8248
19.5907
23.2967
30.1686
41.917
65.317
112.962
207.944
388.31
890.983
881.445
409.536
214.012
109.187
59.707
36.3738
25.3523
20.1245
17.7396
16.968
17.5176
19.4917
23.229
30.2765
43.6442
69.6848
120.247
215.602
391.556
880.594
889.831
398.649
207.37
109.752
61.6761
37.9146
26.3244
20.7213
18.1019
17.1472
17.6561
19.4583
23.0707
29.714
41.5014
66.7056
119.302
216.792
406.676
881.49
892.579
386.565
207.772
107.383
59.966
36.783
25.7205
20.4213
17.9533
17.2114
17.5867
19.0413
22.3306
28.7336
41.3954
66.2536
116.001
216.124
397.232
879.419
897.201
397.847
207.111
119.103
67.1506
40.382
27.6574
21.4779
18.5131
17.2529
17.5277
19.3083
22.756
29.2438
41.8136
66.3211
115.273
211.701
391.597
879.409
874.606
410.477
220.43
120.777
67.3062
39.0347
27.4387
21.3864
18.5102
17.4389
17.7078
19.3209
22.6261
29.9223
43.2237
68.3816
117.062
210.868
387.126
893.989
870.763
409.76
226.949
121.17
66.8402
40.263
27.3818
20.8761
18.0807
17.1215
17.5456
19.1435
22.3488
29.4391
42.5905
67.9114
117.379
212.686
388.572
879.77
875.998
437.42
231.894
115.979
61.9848
38.9641
27.0484
21.1134
18.326
17.3014
17.4965
18.8049
21.9572
27.9098
39.8799
63.9836
113.677
215.165
402.331
879.574
881.525
418.931
221.322
113.208
61.4859
36.9195
25.6766
20.769
18.234
17.2666
17.3978
19.0639
22.353
28.3788
40.5378
64.3898
111.731
206.463
387.868
876.216
891.783
410.787
218.815
113.819
62.535
38.1153
26.3407
20.6332
18.0095
17.2086
17.5185
19.0748
22.1942
29.0662
41.7448
66.1497
113.641
205
380.403
900.126
902.767
407.178
222.064
119.403
66.6412
40.6772
27.7603
21.4007
18.4052
17.2903
17.4677
18.822
22.312
28.8187
41.315
65.6009
113.273
204.735
378.511
883.668
905.926
423.176
224.674
115.519
63.4529
39.9438
27.849
21.5963
18.5512
17.3473
17.4734
18.6645
21.5486
27.2699
38.5746
61.4504
111.396
204.068
379.793
878.436
906.041
425.103
234.291
124.337
68.4903
41.0792
28.0014
21.6426
18.5415
17.2198
17.4734
18.8631
21.9429
27.9509
39.606
62.5582
110.138
205.734
385.579
897.074
918.694
450.085
239.063
119.826
66.7377
40.488
27.7063
21.5061
18.5329
17.341
17.3515
18.8194
21.8746
27.7664
39.1338
61.2385
105.076
202.176
387.887
883.02
906.342
424.559
224.903
114.979
61.7342
37.3434
26.8484
21.2598
18.4703
17.3604
17.4815
18.8076
21.7278
27.3748
38.2685
59.352
99.9877
192.015
377.373
896.142
884.363
399.768
214.282
111.702
61.1095
37.1297
25.7244
20.4607
18.2342
17.296
17.3618
18.6225
21.295
26.308
36.2777
56.7546
104.327
193.24
370.891
895.803
872.799
379.074
204.76
110.401
61.1035
37.2697
25.8232
20.4517
17.9928
17.2919
17.6344
19.1663
22.3873
28.0352
39.2284
60.3145
99.696
186.141
365.302
888.856
873.939
388.287
213.557
114.027
63.6826
38.6114
26.2123
20.5979
18.028
17.1929
17.6091
19.0366
22.674
29.2705
41.776
65.7199
109.583
201.108
379.838
888.234
875.058
405.143
216.203
121.012
68.1083
40.9412
26.9788
20.8952
18.153
17.2161
17.6574
19.2999
22.7456
29.2597
41.598
65.6924
113.436
205.645
380.769
889.373
885.571
402.611
224.62
122.808
68.3102
40.938
27.6537
21.3692
18.4693
17.4305
17.7235
19.3557
22.8163
29.3477
41.4881
63.0159
109.68
205.124
388.475
884.262
877.563
422.157
228.713
119.882
65.5731
39.3105
27.434
21.4008
18.5256
17.4683
17.7055
19.3235
22.7743
29.3163
41.7286
65.6258
112.781
205.528
385.888
904.449
879.201
404.543
226.725
124.994
70.005
41.666
27.1598
20.873
18.3699
17.3925
17.6533
19.2372
22.6441
29.1495
41.3577
63.0553
109.003
202.292
382.804
896.431
872.919
412.563
230.21
125.005
69.3517
41.1266
27.7906
21.0941
18.1754
17.2248
17.5339
19.1008
22.4577
28.9101
41.3169
65.9219
114.887
208.337
383.59
887.542
875.287
442.552
232.317
123.489
68.0308
40.8663
27.7156
21.3921
18.4005
17.1538
17.4427
18.9916
22.287
28.5938
40.544
62.4678
111.255
208.622
391.921
889.072
876.499
424.383
229.046
117.3
63.2133
37.9399
26.9591
21.1789
18.3453
17.2053
17.3366
18.5572
21.4759
27.2407
38.6566
61.8608
111.368
204.181
382.319
903.028
880.417
410.958
223.112
118.836
65.5878
39.174
26.2647
20.5167
17.9098
17.0689
17.1927
18.7451
21.892
27.9662
39.7463
62.9093
110.182
204.047
381.374
888.011
885.847
396.124
221.404
122.758
69.0098
41.18
27.0256
20.8657
18.0577
16.9964
17.1858
18.7238
21.8394
27.8342
39.4256
62.0546
106.302
203.073
390.924
886.618
874.834
400.492
224.151
122.693
68.4701
41.0356
27.6565
21.3294
18.3855
17.2499
17.3787
18.7176
21.6923
27.4699
38.65
60.7051
104.948
193.554
380.186
896.692
878.322
422.086
228.387
119.732
65.5473
39.3031
27.4145
21.3635
18.4599
17.2602
17.2698
18.4688
21.1685
26.3351
36.3284
57.1903
107.148
199.338
380.006
900.881
885.446
404.398
226.417
124.912
70.0727
41.709
27.1563
20.8472
18.3423
17.3843
17.6509
19.0452
22.2007
28.1675
39.0269
60.1019
102.489
192.759
374.712
897.848
868.766
411.274
229.738
124.951
69.4802
41.158
27.7935
21.0549
18.1014
17.1688
17.6883
19.4155
22.9946
29.7615
42.0689
65.8909
114.289
210.28
391.337
897.92
870.735
441.492
231.983
123.426
68.1497
40.9539
27.74
21.355
18.2317
17.2089
17.6614
19.3812
22.9665
29.8821
43.279
69.1665
119.542
215.606
391.88
886.369
871.42
424.254
229.001
117.101
63.171
37.968
26.9915
21.2015
18.3755
17.3484
17.6741
19.3311
22.8035
29.5731
42.4556
66.023
116.714
218.956
405.097
887.771
874.949
412.824
223.765
118.418
65.3302
39.1428
26.2906
20.5916
18.2273
17.2869
17.4547
19.1449
22.3947
28.1079
40.3298
65.1021
113.975
211.28
394.013
886.642
879.326
400.175
222.515
121.725
68.2488
40.9365
26.9063
20.7298
18.0503
17.2662
17.5748
19.1685
22.4497
28.3018
40.4537
64.9577
112.619
207.011
386.987
888.274
868.679
406.816
225.305
120.636
66.821
40.2384
27.3021
20.8636
18.1158
17.2704
17.5563
18.9248
22.1161
28.3945
40.752
66.7241
114.114
204.744
380.84
902.42
872.05
433.839
229.545
114.843
61.53
38.7555
26.9087
21.0165
18.2762
17.313
17.6511
19.2779
22.7323
29.295
41.6859
65.7617
113.129
204.622
379.28
887.685
874.856
413.537
217.613
111.301
60.6162
36.4847
25.4413
20.6287
18.1606
17.2772
17.6609
19.347
22.8866
29.5213
41.7321
63.0416
108.713
203.063
386.024
885.932
881.295
401.28
211.899
110.104
60.7319
37.2194
25.8908
20.3855
17.8439
16.9922
17.4118
19.3072
22.9171
29.6357
42.2345
66.0681
112.025
203.494
383.07
901.658
896.8
392.286
211.084
113.615
63.8069
39.2821
27.0789
21.0384
18.2239
17.2545
17.634
19.366
22.9216
29.6269
42.2452
65.7987
108.165
199.598
379.694
900.033
882.483
398.244
208.691
108.051
60.0264
38.4668
27.0113
21.0795
18.2774
17.2847
17.6455
19.3947
22.9532
29.6502
42.1995
66.372
114.215
206.653
381.618
887.722
883.44
392.122
214.093
115.276
64.2189
39.121
26.9164
20.9909
18.2168
17.2304
17.4734
19.4001
23.0832
29.9151
42.3609
63.9478
110.835
206.661
389.734
884.598
877.178
405.958
213.99
110.757
61.0279
37.3445
26.0166
20.8605
18.2339
17.2892
17.5766
19.4675
23.1793
30.1485
43.0226
67.3883
115.298
209.137
389.311
904.64
894.425
392.72
212.776
115.434
65.1252
40.0548
27.4092
21.2326
18.3604
17.3677
17.7587
19.5452
23.2337
30.1247
42.129
65.1905
112.527
207.742
388.552
896.221
877.224
399.442
211.391
110.695
61.8554
39.5258
27.44
21.3294
18.4284
17.3709
17.5894
19.4478
23.1332
30.1672
43.5595
69.4463
119.907
216.159
392.566
885.917
877.119
393.171
217.286
118.546
66.4843
40.315
27.4603
21.2974
18.4154
17.3738
17.6686
19.3657
22.9133
29.5173
41.2116
65.9558
116.824
219.423
405.644
886.454
868.555
407.982
218.346
114.396
63.326
38.5049
27.1152
21.2421
18.3949
17.3266
17.5232
18.8244
22.0056
28.377
41.0657
65.693
114.7
212.739
395.304
883.674
872.531
386.732
213.118
116.967
66.313
40.2455
26.6274
20.6636
17.95
16.9712
17.2203
18.702
21.9609
28.3863
41.0778
65.3479
113.515
209.618
390.023
882.599
865.112
390.707
214.023
115.277
64.768
39.547
27.0468
21.0672
18.2352
17.1721
17.3721
18.6779
21.8527
28.3286
41.9533
66.9583
114.957
208.238
385.934
903.216
873.165
411.959
215.095
108.754
59.5409
36.5829
26.371
20.8874
18.1855
17.1483
17.3329
18.7686
21.9551
28.2651
41.0105
65.7616
114.303
209.03
386.009
885.847
899.476
389.968
202.91
105.03
59.6086
36.9431
25.7008
20.324
17.7979
16.8496
17.0837
18.6228
21.6855
27.5384
38.2494
61.1826
109.61
210.062
397.047
886.235
899.516
376.227
195.913
102.372
61.0034
38.2957
26.6793
20.9616
18.2333
17.1726
17.2989
18.6015
21.4876
27.1066
37.9026
58.9977
104.614
200.257
384.733
884.023
894.471
373.59
197.93
103.854
61.7013
38.7603
27.0075
21.2067
18.4187
17.2829
17.3354
18.5387
21.2785
26.6732
37.0141
56.4208
98.8418
192.165
377.354
888.036
890.502
383.536
195.353
106.414
61.4839
38.5252
26.8973
21.1554
18.4069
17.2781
17.1791
18.381
20.9718
26.0925
36.0348
55.367
93.7035
181.247
367.761
897.772
884.224
379.473
199.021
105.643
60.2543
37.5734
26.3612
20.8657
18.3128
17.3095
17.3198
18.1259
20.2336
24.6448
33.4691
51.7537
94.9631
181.099
360.559
888.932
878.148
391.57
198.341
99.6195
55.2343
34.2132
24.4653
20.3139
18.1408
17.3127
17.4706
18.562
20.7304
25.3883
34.5902
52.2209
88.6516
172.013
351.092
883.474
861.517
366.948
183.62
93.3419
53.3637
33.689
24.1134
19.7642
17.8975
17.2112
17.432
18.5598
21.0089
25.8303
35.4394
53.5093
91.9986
177.208
353.93
871.252
840.52
345.84
171.702
89.4014
52.0576
33.382
23.9259
19.7917
17.5728
16.876
17.1076
18.3653
20.6295
24.9472
33.4245
53.1577
91.7604
175.146
347.24
851.32
802.114
321.416
160.525
85.4023
50.1661
32.4256
23.3529
19.6657
17.7091
17.0455
17.2249
18.3255
20.3652
24.1945
31.4657
48.277
84.2994
166.431
336.576
820.935
740.047
310.584
153.732
80.5717
47.2836
31.1777
23.5503
19.6189
17.9686
17.3493
17.454
18.3904
20.1782
23.5546
30.4197
43.8527
76.2993
151.038
308.181
761.154
652.93
296.711
145.437
74.9506
44.0375
29.693
22.8408
19.9801
18.6068
18.0132
18.0146
18.5889
19.9728
22.9124
27.9247
39.634
67.1918
136.492
285.842
679.558
551.935
274.656
124.652
61.2455
36.8188
27.245
22.6483
20.5012
19.3264
18.7719
18.7494
19.2599
20.3991
22.6552
26.6179
36.3533
60.3578
120.932
265.85
565.184
457.139
251.524
101.706
50.1404
31.8914
24.8378
21.9902
20.2864
19.2703
18.7787
18.7629
19.2416
20.2824
22.0168
24.8157
31.7936
50.1011
100.797
252.169
468.811
438.642
196.957
64.5217
32.7472
21.7145
17.7878
16.3428
15.75
15.4653
15.3514
15.3674
15.5219
15.8588
16.5827
18.2912
22.5274
33.5901
65.0574
195.919
441.584
461.311
73.5398
32.1561
21.1481
17.1868
15.87
15.3606
15.1345
15.0222
14.9735
14.972
15.0196
15.134
15.3801
15.9385
17.3145
21.334
32.1187
72.8326
460.644
)
;

boundaryField
{
    fixedWalls_1
    {
        Cmu             0.09;
        kappa           0.41;
        E               9.8;
        type            epsilonWallFunction;
        value           nonuniform List<scalar> 
200
(
954.83
892.547
894.601
893.701
911.61
888.967
880.516
895.393
908.35
912.568
888.612
879.211
882.338
873.693
886.615
901.734
909.964
891.009
886.705
916.647
908.089
891.19
886.8
915.846
901.86
879.04
869.166
871.023
872.475
866.98
870.575
873.756
880.819
887.666
886.011
881.268
900.653
885.352
866.166
869.769
872.61
879.062
884.842
879.936
869.849
893.134
904.116
910.37
906.151
909.008
884.189
876.223
878.483
880.611
888.902
883.776
895.327
882.017
896.793
878.518
880.65
887.556
894.168
891.596
888.595
910.308
915.355
908.549
897.504
880.463
898.324
881.922
896.343
876.67
865.396
868.741
871.63
878.504
884.898
875.59
879.007
871.192
859.794
863.139
878.229
858.53
866.527
893.205
891.819
884.447
876.195
862.57
843.237
802.127
743.439
656.193
550.405
459.601
437.689
461.474
965.941
895.255
896.174
885.982
897.143
896.464
895.383
883.135
883.876
881.707
881.569
902.281
892.359
881.815
882.595
880.384
880.288
896.094
881.179
880.599
901.502
891.836
881.354
881.618
896.325
894.516
896.131
894.762
894.413
892.923
880.869
881.784
879.817
879.844
900.768
890.981
880.689
881.812
880.269
881.47
879.341
879.153
892.044
877.579
900.525
884.678
900.905
887.372
889.064
885.691
884.267
887.049
900.754
890.952
891.018
894.594
894.187
893.363
887.721
901.171
885.551
885.168
898.024
885.394
884.607
904.695
894.988
884.647
885.249
882.885
883.059
879.6
904.119
888.176
900.677
901.837
891.004
891.127
888.572
901.759
887.332
884.081
900.459
885.081
884.041
907.458
885.39
886.775
896.478
886.548
887.214
874.165
856.948
822.083
764.715
677.081
565.383
468.225
441.303
461.074
)
;
    }
    frontAndBack_1
    {
        type            empty;
    }
    inlet_1
    {
        type            fixedValue;
        value           uniform 14.855;
    }
    outlet_1
    {
        type            zeroGradient;
    }
    fixedWalls_2
    {
        Cmu             0.09;
        kappa           0.41;
        E               9.8;
        type            epsilonWallFunction;
        value           nonuniform List<scalar> 
200
(
2079.52
1693.54
1684.07
1505.84
1681.86
1608.68
1628.46
1579.11
1385.6
1476.11
1510.75
1606.09
1687.43
1601.8
1594.19
1592.35
1562.73
1371.93
1429.29
1463.8
1575.82
1597.79
1606.23
1589.43
1581.47
1456.3
1411.9
1494.64
1545.46
1455.11
1593.42
1580.83
1583.42
1555.24
1451.75
1627.73
1608.48
1581.36
1328.69
1399.66
1444.2
1569.87
1426.13
1610.16
1575.4
1417.53
1594.19
1547
1348.12
1510.78
1611.5
1562.39
1361.61
1480.96
1581.79
1465.88
1398.92
1561.43
1563.51
1474.09
1597.77
1552.44
1390.78
1597.6
1561.75
1393.59
1603.99
1573.3
1392.73
1607.69
1599.7
1601.73
1557.04
1389.73
1591.47
1534.07
1308.64
1452.38
1587.92
1527.78
1308.25
1479.13
1570.53
1401.62
1356.75
1403.82
1376.13
1354.78
1435.41
1370.58
1368.49
1329.02
1269.86
1177.04
1085.88
856.579
687.378
466.403
456.79
472.28
2114.18
1745.87
1766.21
1724.47
1705.34
1731.65
1727.77
1719.91
1715.06
1715.61
1697.83
1682.88
1635.16
1511.01
1600.49
1746.79
1683.96
1654.17
1564.65
1536.34
1640.43
1716.75
1721.7
1713.01
1716.33
1703.2
1696.64
1693.26
1529.47
1692.03
1660.08
1560.8
1713.94
1515.68
1672.36
1626.3
1534.33
1557.18
1686.43
1632.66
1531.59
1579.61
1725.03
1719.22
1721.14
1678.73
1482.68
1592.18
1730.38
1727.83
1738.04
1737.41
1749.8
1720.33
1557.58
1722.94
1732.9
1727.16
1734.78
1729.62
1734.76
1701.12
1633.21
1507.85
1566.11
1668.47
1726.91
1732.57
1725.07
1730.7
1722.62
1726.52
1713.02
1704.59
1642.44
1513.44
1620.91
1748.97
1719.33
1562.1
1725.3
1732.1
1718.32
1713.41
1680.7
1642.49
1466.42
1488.28
1499.46
1464.01
1483.16
1429.85
1423.85
1323.28
1245.37
1021.44
766.918
520.195
459.669
471.671
)
;
    }
    frontAndBack_2
    {
        type            empty;
    }
    inlet_2
    {
        type            fixedValue;
        value           uniform 14.855;
    }
    outlet_2
    {
        type            zeroGradient;
    }
    fixedWalls_3
    {
        Cmu             0.09;
        kappa           0.41;
        E               9.8;
        type            epsilonWallFunction;
        value           nonuniform List<scalar> 
200
(
3566.84
2675.12
2716.51
2637
2583.31
2428.2
2407.03
2305.88
1968.56
2408.14
2579.17
2450.06
2461.54
2410.52
2356.11
2314.64
1703.42
1904.25
1913.75
2042.46
2268.17
2521.26
2324.33
2179.14
2232.82
2554
2422.26
2485.16
2426.84
2392.39
2399.6
2421.1
2394.76
2417.66
2393.67
2416.93
2392.72
2414.11
2378.91
2378.55
2243.39
1702.96
2148.26
2489.65
2448.54
2432.67
2397.36
1914.63
2435.3
2410.43
2417.45
2285.08
1857.76
2055
2448.53
2338.12
1921.25
2478.19
2463.14
2435.65
2454.94
2358.18
1935.31
2448.46
2353.7
1931.67
2406.69
2442.93
2423.53
2453.87
2433.12
2454.55
2359.93
1937.21
2454.76
2364.82
2212.56
1986.2
2507.94
2470.14
2443.86
2420.52
2441.7
2385.69
2346.47
1673.01
1863.67
1797.3
1779.96
1747.47
1851.73
1638.92
1592.71
1561.88
1234.58
1134.76
654.391
466.237
461.168
467.68
3591.48
2665.73
2712.87
2587.93
2554.29
2518.09
2532.62
2534.31
2155.01
2552.15
2518.94
2471.43
2322.12
2176.88
2532.03
2417.94
2279.16
2461.43
2295.11
2211.27
2614.88
2566.21
2566.53
2547.3
2530.29
2532.93
2569.22
2531.64
2499.19
2445.73
2213.09
2541.87
2526.34
2501.04
2113.77
2498.05
2427.2
2302.34
2561.78
2539.02
2515.89
2393.07
2021.53
2263.46
2520.2
2397.71
2024.34
2266.41
2522.86
2395.39
2060.86
2276.12
2578.28
2560.18
2544.45
2456.11
2198.72
2545.12
2460.7
2209.3
2569.27
2520.08
2141.72
2519.21
2469.48
2231.32
2573.85
2580.65
2560.74
2544.91
2456.53
2196.65
2535.06
2414.19
2039.34
2299.04
2586.65
2514.12
2442.87
2241.44
2590.89
2566.06
2550.64
2492.47
2520.14
2077.24
2063.24
2067.73
2036.48
2027.58
2104.86
1972.53
1930.5
1778.96
1550.88
1290.37
964.921
534.944
465.951
474.175
)
;
    }
    frontAndBack_3
    {
        type            empty;
    }
    inlet_3
    {
        type            fixedValue;
        value           uniform 14.855;
    }
    outlet_3
    {
        type            zeroGradient;
    }
    fixedWalls_4
    {
        Cmu             0.09;
        kappa           0.41;
        E               9.8;
        type            epsilonWallFunction;
        value           nonuniform List<scalar> 
200
(
2060.62
1675.81
1677.44
1625.43
1467.86
1617.37
1689.09
1615.02
1641.65
1617.79
1602
1586.11
1587.95
1560.3
1488.01
1613.87
1608.26
1622.88
1608.54
1594.3
1352.72
1463.52
1539.31
1596.05
1600.59
1558.5
1282.65
1419.22
1389.62
1352.39
1375.55
1414.76
1481.84
1491.34
1580.17
1641.11
1580.77
1572.9
1555.29
1378.66
1558.15
1586.42
1661.02
1608.9
1599.59
1557.21
1363.42
1471.26
1555.36
1614.94
1697.92
1624.55
1628.5
1618.18
1629.95
1601.91
1569.21
1411.67
1602.84
1394.82
1599.05
1560.3
1399.62
1610.99
1546.92
1446.75
1599.52
1612.19
1598.69
1600.1
1557.39
1396.94
1606.47
1562.43
1360.57
1481.99
1647.33
1642.15
1642.93
1605.75
1614.73
1600.62
1601.43
1553.17
1377.68
1562.49
1333.31
1407.26
1375.4
1421.35
1350.44
1333.55
1268.47
1177.69
1087.23
859.999
697.133
471.609
453.749
473.559
2119.01
1745.03
1759.62
1717.44
1715.04
1752.5
1724.02
1713.68
1692.71
1672.6
1620.22
1591.47
1713.39
1711.12
1732.28
1698.12
1684.94
1644.11
1617.42
1653.29
1532.18
1594.95
1690.64
1677.59
1633.07
1576.78
1677.36
1623
1567.54
1717.17
1522.55
1687.43
1670.56
1576.04
1701.06
1693.44
1686.92
1525.32
1678.57
1638.96
1584.05
1718.29
1704.13
1695.71
1636.54
1500.93
1610.4
1729.06
1696.09
1681.66
1703.62
1566.01
1716.86
1667.7
1465.04
1625.2
1725.75
1697.64
1537.56
1702.53
1701.68
1554.14
1731.1
1726.35
1729.43
1695.16
1691.39
1567.63
1734.93
1550.75
1740.34
1720.09
1685.43
1647.86
1664.51
1575.24
1707.53
1647.23
1505.22
1606.6
1711.05
1579.35
1496.34
1603.61
1672.99
1694.57
1455.49
1507.98
1473
1499.43
1459.74
1478.74
1397.36
1319.21
1219.91
995.594
779.862
512.178
458.476
475.702
)
;
    }
    frontAndBack_4
    {
        type            empty;
    }
    inlet_4
    {
        type            fixedValue;
        value           uniform 14.855;
    }
    outlet_4
    {
        type            zeroGradient;
    }
    fixedWalls_5
    {
        Cmu             0.09;
        kappa           0.41;
        E               9.8;
        type            epsilonWallFunction;
        value           nonuniform List<scalar> 
200
(
947.284
884.128
885.19
882.458
902.455
910.225
885.595
875.656
882.384
887.237
888.538
871.016
875.327
886.825
868.696
872.563
875.962
883.15
902.967
890.605
876.858
885.348
909.434
908.007
898.159
880.942
873.604
880.801
890.747
910.408
911.298
906.689
897.735
881.979
882.206
875.646
881.445
889.831
892.579
897.201
874.606
870.763
875.998
881.525
891.783
902.767
905.926
906.041
918.694
906.342
884.363
872.799
873.939
875.058
885.571
877.563
879.201
872.919
875.287
876.499
880.417
885.847
874.834
878.322
885.446
868.766
870.735
871.42
874.949
879.326
868.679
872.05
874.856
881.295
896.8
882.483
883.44
877.178
894.425
877.224
877.119
868.555
872.531
865.112
873.165
899.476
899.516
894.471
890.502
884.224
878.148
861.517
840.52
802.114
740.047
652.93
551.935
457.139
438.642
461.311
963.921
891.939
892.09
884.248
879.726
906.785
893.579
898.427
895.597
895.008
882.361
881.913
902.42
892.411
892.158
876.864
899.231
882.124
899.998
889.329
876.299
899.054
882.276
900.247
893.674
894.519
892.414
880.6
880.315
901.113
891.611
891.983
880.256
879.914
900.783
890.983
880.594
881.49
879.419
879.409
893.989
879.77
879.574
876.216
900.126
883.668
878.436
897.074
883.02
896.142
895.803
888.856
888.234
889.373
884.262
904.449
896.431
887.542
889.072
903.028
888.011
886.618
896.692
900.881
897.848
897.92
886.369
887.771
886.642
888.274
902.42
887.685
885.932
901.658
900.033
887.722
884.598
904.64
896.221
885.917
886.454
883.674
882.599
903.216
885.847
886.235
884.023
888.036
897.772
888.932
883.474
871.252
851.32
820.935
761.154
679.558
565.184
468.811
441.584
460.644
)
;
    }
    frontAndBack_5
    {
        type            empty;
    }
    inlet_5
    {
        type            fixedValue;
        value           uniform 14.855;
    }
    outlet_5
    {
        type            zeroGradient;
    }
}


// ************************************************************************* //
