/*--------------------------------*- C++ -*----------------------------------*\
  =========                 |
  \\      /  F ield         | OpenFOAM: The Open Source CFD Toolbox
   \\    /   O peration     | Website:  https://openfoam.org
    \\  /    A nd           | Version:  6
     \\/     M anipulation  |
\*---------------------------------------------------------------------------*/
FoamFile
{
    version     2.0;
    format      ascii;
    class       volScalarField;
    location    "3";
    object      p;
}
// * * * * * * * * * * * * * * * * * * * * * * * * * * * * * * * * * * * * * //

dimensions      [0 2 -2 0 0 0 0];

internalField   nonuniform List<scalar> 
10000
(
-0.269999
-0.224094
-0.173118
-0.101915
-0.050166
-0.0241704
-0.0173531
-0.0184937
-0.0197552
-0.0182992
-0.013087
-0.00436433
0.00659243
0.0153886
0.0128869
-0.011887
-0.0650737
-0.142133
-0.198142
-0.242219
-0.384587
-0.329871
-0.250143
-0.145285
-0.0590211
-0.00561573
0.0186848
0.0276961
0.032316
0.0389302
0.0498307
0.0659494
0.0869586
0.105668
0.109616
0.0814314
0.0126309
-0.0867203
-0.176734
-0.254805
-0.0479464
-0.032463
0.00411236
0.0456846
0.0839382
0.114041
0.133738
0.144178
0.149708
0.153872
0.159393
0.166864
0.175844
0.184255
0.18967
0.186745
0.171746
0.144624
0.104442
0.064882
0.210092
0.235542
0.2573
0.269949
0.273197
0.267379
0.256501
0.244881
0.235162
0.228709
0.225345
0.224578
0.225478
0.225327
0.222812
0.216278
0.204978
0.189103
0.173041
0.161214
0.35206
0.372153
0.378933
0.374316
0.363239
0.347705
0.331438
0.316393
0.303991
0.293565
0.284825
0.27615
0.266364
0.255037
0.242507
0.231326
0.226349
0.227962
0.230692
0.231522
0.319833
0.318023
0.319991
0.327906
0.337507
0.346287
0.35247
0.354787
0.353517
0.348432
0.339538
0.325794
0.308075
0.286528
0.264084
0.245231
0.234001
0.232851
0.241063
0.252867
0.296605
0.273171
0.269051
0.283648
0.310475
0.34396
0.375496
0.399597
0.414659
0.420525
0.41933
0.411049
0.396181
0.374735
0.348488
0.321832
0.300664
0.288884
0.292936
0.311375
0.410322
0.393054
0.3941
0.407449
0.429002
0.456617
0.483703
0.505943
0.52154
0.530753
0.53435
0.532718
0.527611
0.518585
0.507013
0.494539
0.484054
0.477177
0.474885
0.47818
0.61472
0.617346
0.622012
0.62739
0.633873
0.64053
0.647167
0.653931
0.660465
0.666092
0.671195
0.675633
0.679226
0.682576
0.685789
0.686814
0.684924
0.680102
0.674599
0.671036
0.812489
0.82416
0.820182
0.809959
0.802049
0.796964
0.795247
0.797149
0.801
0.806714
0.813856
0.822543
0.83366
0.846885
0.861928
0.876124
0.885597
0.887777
0.882234
0.872559
0.930367
0.931431
0.925634
0.920181
0.917919
0.91993
0.924669
0.930894
0.93737
0.943338
0.949292
0.956836
0.966814
0.980858
0.9981
1.01697
1.03502
1.04834
1.04855
1.03455
1.08543
1.08709
1.08562
1.08293
1.08048
1.07949
1.07966
1.08075
1.08207
1.08272
1.08176
1.07925
1.07562
1.0707
1.06558
1.06206
1.06174
1.06627
1.075
1.08285
1.24525
1.24958
1.25263
1.25342
1.25184
1.24882
1.24509
1.24091
1.23675
1.23186
1.22581
1.21682
1.20357
1.18617
1.16599
1.14586
1.13056
1.1236
1.13063
1.1499
1.41686
1.42386
1.43238
1.43741
1.43588
1.42876
1.41917
1.40968
1.40133
1.39425
1.38741
1.37932
1.37035
1.35936
1.3475
1.33643
1.32812
1.3236
1.32324
1.32763
1.58867
1.59539
1.59845
1.59424
1.58623
1.5776
1.57065
1.56538
1.56154
1.55833
1.55579
1.55372
1.55188
1.55069
1.5494
1.54736
1.54461
1.54081
1.53733
1.53544
1.68812
1.67233
1.66531
1.66945
1.68025
1.69429
1.70723
1.71697
1.72369
1.72907
1.7335
1.73769
1.74279
1.74868
1.75578
1.76332
1.76897
1.77057
1.76744
1.76115
1.86245
1.85981
1.8555
1.85463
1.85984
1.86898
1.87894
1.88899
1.89838
1.90709
1.91534
1.92365
1.93124
1.93926
1.94782
1.95756
1.96798
1.9757
1.9759
1.96801
2.01207
2.01514
2.01935
2.02643
2.03506
2.04516
2.05607
2.06842
2.08057
2.09254
2.10359
2.11386
2.12289
2.12852
2.12936
2.12484
2.1166
2.10781
2.10709
2.11683
2.20087
2.20266
2.20943
2.21876
2.2288
2.23965
2.25086
2.26255
2.2741
2.28531
2.29611
2.30738
2.31902
2.33167
2.34401
2.35332
2.35861
2.36012
2.35743
2.35318
2.43649
2.43732
2.43874
2.44127
2.4455
2.45197
2.46006
2.46935
2.47844
2.48693
2.49399
2.50065
2.50885
2.52031
2.5362
2.5554
2.57365
2.58721
2.58863
2.57668
2.67166
2.67447
2.67304
2.67142
2.67146
2.6743
2.67947
2.68595
2.69253
2.69817
2.70256
2.70507
2.70453
2.70229
2.69873
2.69571
2.69569
2.69927
2.70672
2.71425
2.90285
2.90729
2.90993
2.91151
2.91217
2.91338
2.91552
2.9185
2.92167
2.92531
2.9284
2.9295
2.92801
2.92128
2.9091
2.89317
2.87796
2.86861
2.87191
2.88787
3.18253
3.1902
3.19613
3.19699
3.19214
3.18342
3.17442
3.1675
3.16355
3.16249
3.16403
3.16774
3.17257
3.17802
3.18313
3.18633
3.18685
3.18522
3.18158
3.17841
3.48319
3.49716
3.49852
3.48708
3.46862
3.44671
3.42656
3.41144
3.40179
3.39804
3.39927
3.40479
3.41419
3.42651
3.44212
3.45947
3.47407
3.48364
3.48211
3.46955
3.68598
3.69231
3.69235
3.68892
3.6786
3.66199
3.64402
3.6284
3.61754
3.61307
3.61544
3.62439
3.6379
3.65442
3.67071
3.68281
3.68873
3.69051
3.68984
3.68706
3.83661
3.84576
3.85182
3.85168
3.84321
3.82976
3.81567
3.80423
3.79712
3.79562
3.79908
3.80821
3.82298
3.84203
3.86268
3.88066
3.89162
3.89434
3.89146
3.88701
3.94745
3.94846
3.94814
3.9442
3.94035
3.93875
3.93873
3.94043
3.9438
3.94847
3.95428
3.96227
3.97187
3.98415
3.99822
4.01357
4.02782
4.03669
4.03943
4.03839
4.05696
4.04663
4.03906
4.03942
4.04745
4.05952
4.07254
4.08443
4.0938
4.10102
4.1057
4.10866
4.11061
4.11188
4.11363
4.11751
4.1245
4.13488
4.14537
4.1518
4.1831
4.16476
4.15879
4.16919
4.18917
4.21355
4.23616
4.25344
4.26491
4.27111
4.27279
4.26997
4.26266
4.25242
4.24088
4.23171
4.22811
4.23249
4.24426
4.25785
4.40928
4.40429
4.40371
4.40781
4.41701
4.43061
4.44449
4.45644
4.46453
4.46869
4.46859
4.46378
4.4541
4.43866
4.41888
4.39843
4.38187
4.3733
4.37929
4.39859
4.66255
4.6633
4.66484
4.66665
4.66849
4.67107
4.67411
4.67786
4.68132
4.68331
4.68368
4.68222
4.67854
4.67264
4.66448
4.655
4.64673
4.64135
4.64011
4.64412
4.93354
4.94
4.94416
4.94411
4.93898
4.9303
4.92129
4.91448
4.91049
4.90936
4.90963
4.91138
4.91436
4.91805
4.92214
4.92449
4.9234
4.91924
4.91442
4.91161
5.17683
5.18596
5.18722
5.17903
5.16624
5.15329
5.14328
5.13644
5.13245
5.13121
5.13305
5.13835
5.14665
5.15868
5.17306
5.18677
5.19586
5.19791
5.19276
5.18389
5.35421
5.34179
5.3368
5.33907
5.34333
5.34783
5.35052
5.35006
5.34702
5.34399
5.34219
5.34405
5.35032
5.36181
5.37753
5.39545
5.41255
5.42535
5.42569
5.41251
5.61513
5.61892
5.62085
5.61971
5.61463
5.60423
5.58998
5.5748
5.56054
5.54765
5.5363
5.52676
5.51848
5.51193
5.5064
5.5026
5.50211
5.50667
5.51548
5.52352
5.84478
5.8606
5.86535
5.85794
5.84242
5.82047
5.79735
5.7767
5.75915
5.74392
5.72902
5.71323
5.69595
5.67681
5.65645
5.63738
5.62322
5.61732
5.62493
5.64416
5.95908
5.95355
5.94736
5.94423
5.9441
5.94532
5.94605
5.94471
5.94108
5.93518
5.92745
5.91772
5.90596
5.8927
5.8788
5.86695
5.85902
5.85572
5.85684
5.86212
6.08301
6.06386
6.05494
6.06007
6.0749
6.0951
6.11355
6.12677
6.13408
6.13729
6.13672
6.1338
6.12869
6.12222
6.11528
6.10895
6.10368
6.09995
6.09849
6.09902
6.30726
6.30266
6.3018
6.30485
6.31225
6.32361
6.33513
6.34538
6.35277
6.35749
6.36004
6.36116
6.36094
6.36038
6.35914
6.35751
6.35482
6.35147
6.34881
6.3477
6.55167
6.55282
6.55515
6.55775
6.56048
6.56391
6.56773
6.57279
6.57774
6.58279
6.5868
6.59098
6.59492
6.59931
6.60372
6.60729
6.60826
6.6063
6.60286
6.59993
6.80379
6.81114
6.81715
6.81999
6.81834
6.81354
6.80816
6.80505
6.80479
6.80725
6.81112
6.81648
6.82251
6.83009
6.83874
6.84804
6.85497
6.85779
6.85543
6.84908
7.01767
7.02759
7.0319
7.02903
7.02322
7.01817
7.01595
7.01673
7.0192
7.0236
7.0281
7.03327
7.03776
7.04248
7.04796
7.05528
7.06264
7.06901
7.06983
7.06263
7.15613
7.14268
7.1404
7.14989
7.16521
7.18369
7.20111
7.21529
7.22592
7.23464
7.24162
7.24688
7.24838
7.24484
7.23442
7.21923
7.202
7.1875
7.18633
7.20016
7.38127
7.37651
7.37689
7.38166
7.39142
7.40444
7.41748
7.42969
7.43948
7.44804
7.45502
7.46219
7.46859
7.47349
7.47315
7.46563
7.45203
7.43569
7.4255
7.42855
7.63287
7.63244
7.63366
7.63449
7.63561
7.63798
7.64119
7.64569
7.65031
7.65485
7.65926
7.66495
7.67279
7.68532
7.70129
7.71774
7.73011
7.73502
7.72594
7.70523
7.90904
7.91498
7.91797
7.91452
7.90545
7.89289
7.87991
7.86917
7.86105
7.85588
7.8518
7.84957
7.84878
7.85136
7.85811
7.86984
7.88384
7.89597
7.8964
7.881
8.16175
8.17548
8.1764
8.16221
8.14059
8.1163
8.09349
8.07452
8.05901
8.04576
8.03312
8.02036
8.00606
7.99096
7.97587
7.96447
7.95784
7.95697
7.96183
7.9677
8.31634
8.31554
8.31167
8.30351
8.29177
8.27824
8.26482
8.25241
8.24027
8.22825
8.2146
8.19855
8.17754
8.15178
8.12233
8.09387
8.07127
8.05815
8.06004
8.07571
8.45302
8.44321
8.4352
8.43155
8.42956
8.42747
8.425
8.42169
8.41653
8.40966
8.40066
8.38909
8.37402
8.35646
8.3368
8.31762
8.3015
8.2904
8.28461
8.28475
8.59397
8.57886
8.56831
8.56911
8.57613
8.58471
8.59127
8.59467
8.59406
8.59112
8.58606
8.58074
8.57475
8.56884
8.56169
8.55329
8.54285
8.53087
8.52006
8.51279
8.78322
8.79113
8.79589
8.7979
8.79622
8.79144
8.78426
8.77703
8.77035
8.76535
8.76201
8.76188
8.76466
8.77085
8.77775
8.78351
8.7841
8.77755
8.76503
8.7508
8.95091
8.96895
8.9812
8.98236
8.97392
8.95952
8.94443
8.93196
8.92267
8.91753
8.91504
8.91679
8.92241
8.93374
8.94867
8.96464
8.97672
8.98121
8.97221
8.95129
9.03204
9.02681
9.02405
9.0241
9.02672
9.03151
9.03673
9.04076
9.04261
9.04309
9.04194
9.04038
9.03807
9.03688
9.03577
9.03604
9.03747
9.03891
9.03917
9.03608
9.10842
9.09104
9.08363
9.0888
9.10338
9.12324
9.14172
9.15552
9.16338
9.16666
9.16506
9.15922
9.14815
9.13368
9.11668
9.10181
9.09291
9.09122
9.09641
9.10518
9.26718
9.27102
9.27596
9.28134
9.28687
9.29151
9.29438
9.29678
9.29844
9.29956
9.29917
9.29678
9.29017
9.2789
9.2617
9.24074
9.22031
9.20553
9.20351
9.21546
9.38445
9.39608
9.40332
9.40582
9.4073
9.40892
9.41109
9.41457
9.41856
9.42326
9.42771
9.43274
9.43779
9.44299
9.44645
9.4475
9.44455
9.4387
9.42996
9.4212
9.41416
9.39938
9.39889
9.41305
9.43537
9.46209
9.48759
9.50848
9.52393
9.53578
9.54532
9.55493
9.56507
9.57811
9.59365
9.61054
9.62344
9.62864
9.62099
9.6016
9.53841
9.53038
9.53534
9.55061
9.57029
9.59156
9.61176
9.62891
9.64183
9.65128
9.65742
9.66173
9.66422
9.66655
9.66879
9.6728
9.67758
9.68206
9.68431
9.68218
9.72924
9.7405
9.74674
9.74765
9.74983
9.75508
9.76244
9.76974
9.77491
9.77718
9.7758
9.77071
9.76131
9.74954
9.73627
9.72576
9.72233
9.72726
9.73736
9.74744
9.87933
9.88107
9.88147
9.88287
9.88711
9.89441
9.90233
9.90932
9.91398
9.91536
9.91295
9.90657
9.8964
9.88245
9.86413
9.84483
9.82914
9.82088
9.82484
9.84014
10.0724
10.079
10.0841
10.0856
10.0832
10.0781
10.0726
10.069
10.0669
10.0648
10.0617
10.0574
10.0517
10.0462
10.0412
10.0377
10.0368
10.0369
10.0354
10.0329
10.2472
10.2564
10.2586
10.2521
10.2421
10.233
10.2271
10.2236
10.2211
10.2188
10.216
10.2124
10.209
10.2069
10.2074
10.2129
10.2211
10.2283
10.2285
10.22
10.368
10.3536
10.3479
10.3505
10.3574
10.3667
10.3753
10.3806
10.3823
10.3819
10.3808
10.3804
10.3795
10.3774
10.372
10.3626
10.3519
10.342
10.3405
10.3491
10.5971
10.5975
10.5963
10.5923
10.5867
10.5791
10.5701
10.5615
10.5543
10.5486
10.5451
10.5436
10.5456
10.5504
10.5563
10.5618
10.565
10.5659
10.5625
10.5568
10.8289
10.8406
10.8403
10.8267
10.806
10.7807
10.7558
10.7347
10.7184
10.7058
10.6964
10.6906
10.6881
10.6918
10.7018
10.7164
10.7327
10.7466
10.7481
10.7347
10.9852
10.9877
10.9859
10.9796
10.9667
10.9469
10.9238
10.9001
10.8782
10.858
10.8399
10.8225
10.8074
10.7944
10.7839
10.7778
10.7774
10.7838
10.7945
10.8029
11.1092
11.1102
11.1089
11.1035
11.0936
11.0788
11.0612
11.0421
11.023
11.0035
10.9837
10.9631
10.9405
10.9171
10.8939
10.8733
10.8602
10.8568
10.867
10.8875
11.1907
11.1814
11.1754
11.1743
11.1761
11.1787
11.1794
11.1765
11.1702
11.1604
11.1485
11.1332
11.1171
11.1001
11.0844
11.0735
11.0681
11.0683
11.0722
11.0788
11.295
11.2715
11.2633
11.2719
11.2893
11.3091
11.3258
11.3357
11.3391
11.3374
11.3323
11.3253
11.3159
11.3065
11.2983
11.2921
11.2895
11.2897
11.2918
11.2942
11.5273
11.5176
11.5187
11.527
11.5359
11.5433
11.5474
11.5481
11.5467
11.5442
11.5418
11.538
11.5341
11.5291
11.5244
11.5219
11.5207
11.5213
11.5232
11.5257
11.828
11.8448
11.8508
11.8437
11.8285
11.808
11.788
11.7723
11.7624
11.7577
11.7572
11.7602
11.7634
11.7663
11.7678
11.7668
11.7646
11.7622
11.7626
11.767
12.0293
12.042
12.0409
12.0284
12.0106
11.9911
11.9746
11.9642
11.9603
11.962
11.9692
11.9807
11.9978
12.0167
12.0333
12.0439
12.0449
12.0383
12.0334
12.0372
12.136
12.1252
12.1146
12.1089
12.1088
12.1133
12.1211
12.1305
12.1414
12.1548
12.1712
12.1928
12.2191
12.252
12.2886
12.3237
12.3532
12.3717
12.3724
12.358
12.2631
12.2383
12.2251
12.2283
12.2431
12.266
12.2898
12.3117
12.3315
12.3509
12.3711
12.3923
12.417
12.445
12.4769
12.5119
12.5459
12.5745
12.5874
12.5813
12.4991
12.4876
12.481
12.4794
12.4844
12.4955
12.5097
12.5255
12.5417
12.5583
12.5753
12.5939
12.6113
12.6284
12.6442
12.6591
12.6752
12.6926
12.7106
12.726
12.7678
12.7606
12.7541
12.7484
12.7444
12.7439
12.7467
12.7536
12.7637
12.7765
12.7916
12.8072
12.8233
12.836
12.8442
12.8478
12.8495
12.8541
12.8679
12.8912
13.0604
13.0584
13.0529
13.0422
13.0278
13.0119
12.9982
12.9898
12.9879
12.9925
13.0025
13.0184
13.0377
13.0606
13.0846
13.1058
13.1223
13.1343
13.1417
13.1466
13.3305
13.3346
13.3268
13.3062
13.2798
13.2519
13.2273
13.2096
13.1994
13.1967
13.2006
13.2104
13.2275
13.2504
13.2791
13.3109
13.3397
13.3622
13.3724
13.3706
13.4993
13.4903
13.4786
13.4643
13.4478
13.4285
13.4092
13.3929
13.3814
13.3758
13.3754
13.3803
13.3877
13.3979
13.4097
13.4227
13.4367
13.452
13.4696
13.4881
13.6301
13.6168
13.605
13.5931
13.5797
13.5656
13.5523
13.5417
13.535
13.5326
13.5342
13.5384
13.5438
13.5474
13.5493
13.5501
13.5521
13.5587
13.5759
13.6044
13.7109
13.6884
13.672
13.662
13.6562
13.6542
13.6556
13.6585
13.6622
13.6672
13.674
13.6837
13.6953
13.7086
13.7229
13.737
13.7505
13.7635
13.7754
13.7881
13.7941
13.7626
13.7459
13.745
13.7522
13.7633
13.7743
13.7832
13.79
13.7967
13.804
13.8132
13.8248
13.8388
13.856
13.8747
13.8935
13.9111
13.924
13.9332
13.9426
13.9278
13.9183
13.9114
13.9067
13.9038
13.902
13.9019
13.904
13.9087
13.9155
13.9247
13.9346
13.9435
13.9493
13.951
13.9498
13.95
13.9618
13.9899
14.0457
14.0351
14.0255
14.0112
13.9976
13.9884
13.9847
13.9855
13.9891
13.9948
14.0016
14.0104
14.0202
14.0306
14.0417
14.0511
14.059
14.0672
14.0773
14.0939
14.0578
14.0252
14.0107
14.0088
14.0141
14.0248
14.0372
14.0476
14.0552
14.0607
14.0646
14.0677
14.0711
14.0755
14.0825
14.0934
14.1055
14.1181
14.1289
14.143
14.131
14.1121
14.1045
14.0995
14.0978
14.0976
14.0985
14.0998
14.1015
14.1031
14.1038
14.1038
14.1011
14.0952
14.086
14.073
14.0597
14.0507
14.0584
14.0918
14.1527
14.1433
14.1405
14.1323
14.1232
14.1151
14.1102
14.1082
14.1083
14.1079
14.1061
14.1016
14.0955
14.0871
14.0777
14.0684
14.0589
14.0539
14.0582
14.0814
14.0476
14.0269
14.0291
14.0371
14.0474
14.0571
14.0664
14.073
14.0766
14.0764
14.0716
14.0634
14.0498
14.0338
14.0194
14.0072
13.9986
13.9943
13.9974
14.0194
13.8656
13.842
13.8558
13.8808
13.9077
13.9347
13.9612
13.983
13.9989
14.0066
14.0067
13.998
13.9821
13.9568
13.9239
13.8868
13.8473
13.8172
13.816
13.8608
13.6105
13.5717
13.5915
13.6359
13.6883
13.7439
13.8004
13.8493
13.886
13.9077
13.9139
13.9082
13.8891
13.8602
13.8244
13.7838
13.7449
13.7165
13.7123
13.753
13.3743
13.3152
13.337
13.4035
13.4877
13.5772
13.6631
13.7348
13.7872
13.8167
13.8247
13.8119
13.7843
13.7443
13.6994
13.6573
13.6192
13.5912
13.5854
13.6304
13.2828
13.2232
13.2523
13.3221
13.4093
13.5023
13.5931
13.6687
13.7225
13.7516
13.7561
13.7408
13.7041
13.6535
13.5925
13.525
13.4589
13.4061
13.3954
13.4664
13.2955
13.216
13.2477
13.3291
13.4249
13.5218
13.6124
13.6845
13.7312
13.7512
13.7456
13.714
13.6606
13.5856
13.4954
13.3997
13.3079
13.2429
13.241
13.3504
13.4507
13.3152
13.339
13.44
13.5572
13.6654
13.7563
13.823
13.8618
13.8741
13.8577
13.8159
13.7417
13.6412
13.5187
13.3886
13.2731
13.2025
13.2241
13.3948
13.9443
13.723
13.7109
13.8081
13.9297
14.04
14.1265
14.1895
14.2272
14.2396
14.2242
14.1805
14.1091
14.009
13.8838
13.7477
13.622
13.5478
13.5942
13.8414
15.0587
14.7235
14.6485
14.7062
14.7953
14.8753
14.9362
14.9798
15.0055
15.0157
15.0081
14.9865
14.9456
14.8887
14.8112
14.7156
14.6183
14.5613
14.6418
14.9837
17.181
16.7348
16.5903
16.5649
16.5479
16.5136
16.4743
16.4439
16.4242
16.4158
16.4177
16.4296
16.455
16.4922
16.5348
16.5671
16.5809
16.6027
16.7341
17.163
20.3571
19.8587
19.634
19.4366
19.2047
18.9628
18.7561
18.6059
18.5124
18.4695
18.4742
18.527
18.6317
18.7966
19.0146
19.2647
19.4983
19.6943
19.9025
20.3782
24.1987
23.5
23.1906
22.7894
22.3073
21.8497
21.4891
21.2403
21.0887
21.0182
21.0231
21.1
21.2609
21.5213
21.8933
22.363
22.8557
23.2578
23.5531
24.2165
29.5979
26.3695
26.2724
25.6723
24.9296
24.3314
23.909
23.633
23.4691
23.3931
23.3981
23.4783
23.6537
23.9415
24.3817
24.9996
25.7604
26.3702
26.4586
29.6375
-1.48981
-1.2614
-1.20269
-0.941228
-0.728008
-0.599317
-0.527037
-0.485187
-0.46104
-0.448947
-0.444653
-0.447807
-0.459451
-0.482983
-0.531025
-0.631064
-0.811242
-1.04571
-1.10598
-1.31847
-2.37749
-2.19862
-2.10169
-1.80485
-1.50172
-1.26913
-1.11494
-1.01768
-0.960096
-0.929545
-0.919578
-0.929209
-0.958527
-1.01745
-1.11976
-1.29015
-1.52895
-1.77046
-1.85342
-2.04398
-1.99003
-1.99754
-1.9113
-1.75885
-1.58203
-1.41176
-1.27561
-1.1811
-1.12141
-1.08948
-1.07938
-1.09177
-1.12894
-1.19837
-1.30274
-1.43538
-1.56146
-1.64776
-1.69593
-1.70955
-1.83008
-1.76396
-1.68294
-1.59946
-1.51605
-1.4339
-1.36331
-1.30874
-1.27184
-1.25096
-1.24513
-1.25491
-1.27955
-1.32551
-1.39666
-1.50051
-1.63674
-1.78545
-1.85617
-1.84746
-1.70633
-1.56908
-1.48148
-1.42892
-1.38725
-1.34649
-1.31713
-1.30224
-1.29594
-1.29628
-1.30131
-1.31127
-1.32449
-1.33814
-1.345
-1.34211
-1.33362
-1.33023
-1.37113
-1.4309
-1.30227
-1.15946
-1.08464
-1.08643
-1.12948
-1.18462
-1.23294
-1.27045
-1.29997
-1.32547
-1.35006
-1.37622
-1.40374
-1.43189
-1.45012
-1.44277
-1.40374
-1.34121
-1.32396
-1.37743
-0.856557
-0.782172
-0.79222
-0.900514
-1.01974
-1.12698
-1.2073
-1.26416
-1.30842
-1.3491
-1.38906
-1.43342
-1.49007
-1.56808
-1.66969
-1.78254
-1.88521
-1.95222
-1.934
-1.8794
-0.97813
-1.01585
-1.0672
-1.09357
-1.11929
-1.15765
-1.20522
-1.2561
-1.30659
-1.35618
-1.40698
-1.46475
-1.53209
-1.6202
-1.73611
-1.88341
-2.03943
-2.16709
-2.19894
-2.14897
-1.03651
-1.11075
-1.15187
-1.15982
-1.1647
-1.18344
-1.21598
-1.25808
-1.30131
-1.34518
-1.38959
-1.43875
-1.49165
-1.54441
-1.59647
-1.65418
-1.71427
-1.77387
-1.83536
-1.88034
-1.28327
-1.42215
-1.49128
-1.4875
-1.44225
-1.38842
-1.34973
-1.32811
-1.31929
-1.31881
-1.32317
-1.33182
-1.34052
-1.34685
-1.34822
-1.34354
-1.34653
-1.37827
-1.44312
-1.51388
-1.42096
-1.55394
-1.59566
-1.55587
-1.49034
-1.42593
-1.37527
-1.33299
-1.29725
-1.26574
-1.23503
-1.20137
-1.16369
-1.11453
-1.05089
-0.975646
-0.905249
-0.871977
-0.914432
-1.00284
-1.22576
-1.20188
-1.19674
-1.23079
-1.26823
-1.29123
-1.29019
-1.26869
-1.23716
-1.19848
-1.15453
-1.10313
-1.0408
-0.966717
-0.878024
-0.775908
-0.665341
-0.558824
-0.538411
-0.617129
-1.5316
-1.41976
-1.40176
-1.41059
-1.40692
-1.37734
-1.32823
-1.272
-1.21558
-1.15872
-1.10041
-1.03586
-0.966028
-0.894677
-0.831662
-0.790431
-0.772563
-0.75413
-0.710605
-0.686802
-1.89914
-1.87787
-1.81803
-1.66821
-1.51997
-1.39911
-1.30758
-1.23493
-1.1727
-1.11516
-1.06162
-1.01139
-0.964692
-0.923076
-0.885589
-0.852803
-0.829915
-0.808127
-0.767407
-0.717862
-1.52225
-1.46704
-1.39813
-1.34042
-1.28511
-1.2328
-1.18259
-1.13516
-1.09069
-1.0497
-1.01139
-0.97781
-0.955843
-0.950934
-0.965162
-0.988661
-1.00693
-1.01406
-0.979073
-0.897535
-1.22048
-1.15323
-1.10803
-1.08916
-1.07606
-1.05448
-1.0315
-1.01109
-0.990256
-0.965833
-0.937573
-0.906562
-0.872041
-0.84376
-0.833162
-0.856116
-0.914258
-0.99011
-1.00932
-0.960757
-0.776311
-0.696501
-0.664508
-0.701622
-0.770805
-0.840382
-0.888713
-0.912862
-0.917285
-0.907926
-0.886341
-0.852566
-0.806335
-0.742957
-0.661231
-0.572928
-0.492409
-0.441249
-0.459531
-0.522542
-0.490843
-0.443386
-0.473058
-0.583276
-0.700973
-0.80145
-0.866701
-0.898753
-0.908656
-0.905117
-0.891796
-0.86771
-0.827367
-0.768828
-0.690092
-0.585337
-0.456669
-0.320819
-0.264668
-0.312584
-0.714396
-0.791789
-0.857367
-0.889668
-0.904807
-0.912036
-0.917567
-0.923458
-0.927661
-0.931387
-0.934914
-0.937738
-0.938454
-0.931742
-0.921515
-0.904061
-0.871096
-0.814529
-0.723615
-0.648127
-0.96363
-1.05858
-1.10047
-1.07645
-1.02756
-0.978964
-0.943447
-0.924611
-0.919384
-0.926505
-0.944659
-0.978656
-1.02874
-1.09403
-1.16443
-1.2235
-1.25201
-1.23688
-1.15505
-1.03297
-1.1259
-1.21541
-1.21726
-1.12083
-1.01014
-0.925009
-0.872431
-0.847018
-0.842226
-0.856255
-0.884499
-0.92928
-0.993545
-1.07954
-1.18404
-1.30259
-1.41277
-1.48935
-1.4676
-1.3501
-0.733565
-0.714808
-0.687306
-0.668741
-0.655797
-0.647554
-0.64618
-0.654437
-0.673359
-0.704549
-0.747353
-0.802726
-0.865751
-0.935781
-1.0057
-1.07209
-1.12633
-1.16015
-1.17991
-1.17441
-0.260414
-0.219294
-0.199287
-0.21522
-0.256993
-0.305265
-0.350039
-0.396048
-0.443675
-0.495096
-0.550147
-0.610769
-0.675184
-0.737259
-0.791674
-0.839538
-0.885108
-0.926476
-0.95942
-0.980775
0.328232
0.386636
0.387488
0.312722
0.197082
0.0705782
-0.0397828
-0.127906
-0.198254
-0.258097
-0.312393
-0.363332
-0.408446
-0.451066
-0.489985
-0.525633
-0.563313
-0.60675
-0.651601
-0.686921
0.713161
0.759995
0.6968
0.549865
0.399986
0.262979
0.149744
0.0636959
0.001287
-0.0457981
-0.0828382
-0.112499
-0.135594
-0.153141
-0.166877
-0.179173
-0.195576
-0.226466
-0.275602
-0.325694
0.507915
0.437508
0.349505
0.302478
0.275015
0.249236
0.21761
0.18507
0.157775
0.13979
0.129132
0.123958
0.124563
0.129294
0.139795
0.15756
0.177636
0.185738
0.153741
0.0930146
0.204987
0.0964122
0.0435826
0.0807379
0.14701
0.206284
0.247038
0.271979
0.289184
0.305116
0.322814
0.343575
0.363719
0.381637
0.394527
0.403986
0.416495
0.435724
0.429314
0.38252
-0.128256
-0.250976
-0.254032
-0.124162
0.0321328
0.1755
0.28819
0.370263
0.42975
0.479392
0.524368
0.569261
0.613231
0.649496
0.665705
0.64085
0.563944
0.456755
0.415361
0.437245
0.0477065
0.0376023
0.0968087
0.197028
0.291671
0.38224
0.464505
0.538841
0.605682
0.668762
0.730648
0.794765
0.859548
0.92936
1.00908
1.09484
1.16741
1.20093
1.16314
1.10303
0.505465
0.586647
0.636677
0.626359
0.625519
0.646697
0.687008
0.74281
0.804211
0.867137
0.928037
0.988274
1.04862
1.11319
1.19215
1.29688
1.42361
1.54787
1.58428
1.53365
0.608472
0.629908
0.650428
0.683685
0.743046
0.818402
0.895535
0.968205
1.03354
1.09249
1.1462
1.19724
1.2428
1.28353
1.31591
1.33911
1.35978
1.39292
1.4519
1.48948
0.822164
0.853869
0.899475
0.961875
1.03425
1.11575
1.19582
1.26428
1.31931
1.3662
1.40612
1.43897
1.46211
1.46722
1.44942
1.41709
1.38728
1.37976
1.42049
1.48515
1.11317
1.14853
1.21442
1.29999
1.38725
1.47127
1.54322
1.60014
1.64489
1.67966
1.7072
1.72818
1.74349
1.75013
1.7374
1.69498
1.62454
1.54902
1.53907
1.59146
1.65203
1.71394
1.81905
1.92104
1.97653
1.99851
2.00594
2.01289
2.02375
2.03691
2.05072
2.06577
2.08553
2.11529
2.1631
2.22391
2.28081
2.31333
2.28962
2.24159
2.65926
2.81387
2.88839
2.80477
2.67733
2.5626
2.48196
2.43046
2.40071
2.38448
2.37838
2.37983
2.38722
2.404
2.43699
2.49994
2.59474
2.69185
2.72014
2.67766
3.17769
3.25776
3.22477
3.0957
2.97344
2.87589
2.80359
2.75264
2.71689
2.69193
2.67489
2.66516
2.66139
2.65337
2.62687
2.57786
2.52603
2.49936
2.5367
2.59324
3.36734
3.36674
3.32899
3.2937
3.24419
3.17704
3.10577
3.04459
2.99845
2.96492
2.94211
2.92719
2.91821
2.91138
2.89494
2.8467
2.76473
2.68389
2.67448
2.73555
3.62717
3.63996
3.62324
3.58911
3.5224
3.43693
3.35357
3.28225
3.22779
3.1901
3.16589
3.15188
3.148
3.15922
3.19777
3.2609
3.32052
3.35673
3.34091
3.31338
3.72309
3.69674
3.65919
3.62135
3.57661
3.52325
3.46944
3.42099
3.38199
3.35182
3.33153
3.32023
3.31523
3.32023
3.34501
3.40805
3.50294
3.60129
3.63881
3.60442
3.68276
3.60656
3.53867
3.49958
3.49483
3.50243
3.50471
3.49993
3.49016
3.47883
3.46653
3.45319
3.43509
3.40283
3.34986
3.28658
3.23133
3.20722
3.25816
3.33213
3.54795
3.44898
3.38451
3.38274
3.42411
3.4837
3.5368
3.57508
3.59807
3.60841
3.609
3.60051
3.58165
3.54492
3.47831
3.3758
3.26007
3.17431
3.18122
3.27282
3.5575
3.48266
3.46803
3.5292
3.60574
3.67031
3.7152
3.7481
3.77112
3.78569
3.79108
3.7881
3.78062
3.77373
3.76819
3.75375
3.72893
3.70328
3.67697
3.68582
4.02646
4.05557
4.06924
4.04607
4.01411
3.98706
3.97486
3.97578
3.98307
3.99336
4.00585
4.01924
4.03234
4.05197
4.08464
4.12655
4.15888
4.1625
4.13381
4.10525
4.23054
4.25034
4.23202
4.18593
4.15136
4.13759
4.14054
4.15024
4.16099
4.17503
4.19239
4.21708
4.25081
4.29943
4.36974
4.46149
4.55503
4.61901
4.61352
4.55634
4.11903
4.07281
4.07893
4.16794
4.25239
4.3042
4.32585
4.33054
4.33088
4.33203
4.33542
4.34462
4.36244
4.39686
4.45087
4.53271
4.63879
4.75255
4.80292
4.75708
4.50969
4.54889
4.57459
4.5669
4.54794
4.52877
4.51609
4.50602
4.49489
4.48369
4.47058
4.45502
4.43175
4.39686
4.34656
4.28629
4.23392
4.21984
4.28639
4.36572
4.56969
4.58471
4.56803
4.54083
4.53958
4.56658
4.60078
4.6253
4.63454
4.63018
4.61503
4.58916
4.54909
4.48768
4.39586
4.27759
4.16248
4.08605
4.10495
4.21006
4.34387
4.2744
4.28953
4.41962
4.5687
4.69638
4.7774
4.81763
4.82929
4.82235
4.80038
4.76726
4.72741
4.68437
4.63579
4.58386
4.53782
4.50738
4.48895
4.51611
4.84055
4.86861
4.96011
5.05406
5.10737
5.12437
5.11986
5.10605
5.08699
5.06409
5.03711
5.00606
4.97211
4.94181
4.91551
4.89038
4.85833
4.82126
4.78929
4.78256
5.63489
5.76749
5.83169
5.74761
5.61573
5.49442
5.41097
5.35874
5.32279
5.29769
5.27784
5.26378
5.25382
5.24879
5.24628
5.2416
5.22444
5.19011
5.14622
5.1135
5.82785
5.89532
5.85589
5.74678
5.65233
5.58384
5.53628
5.50547
5.48641
5.47709
5.47517
5.48193
5.49485
5.5154
5.54352
5.57476
5.59281
5.58138
5.53484
5.48316
5.5838
5.52938
5.47477
5.4842
5.52045
5.55517
5.5739
5.58558
5.59376
5.60239
5.61156
5.62697
5.64878
5.68238
5.73423
5.80748
5.88375
5.9332
5.91373
5.84798
5.66113
5.59566
5.58499
5.62646
5.67144
5.70505
5.71889
5.72141
5.71736
5.71091
5.70214
5.69553
5.69317
5.70182
5.72523
5.77835
5.86093
5.95746
5.99351
5.93935
6.23625
6.2683
6.2779
6.21264
6.1149
6.01855
5.94258
5.88992
5.84921
5.81441
5.77774
5.73739
5.68697
5.62081
5.5319
5.43395
5.35168
5.31549
5.36443
5.43191
6.55154
6.59483
6.54269
6.40616
6.26305
6.14314
6.05653
5.99694
5.94848
5.90263
5.85213
5.7927
5.71646
5.61844
5.49221
5.34312
5.19974
5.09588
5.09089
5.17448
6.33672
6.27211
6.19658
6.16545
6.15112
6.13642
6.11386
6.08513
6.04969
6.00938
5.95939
5.8975
5.82206
5.73995
5.65622
5.5742
5.5007
5.44513
5.403
5.39555
6.09938
5.99961
5.95811
6.00362
6.07425
6.13395
6.16994
6.18309
6.17754
6.15946
6.12932
6.08843
6.03601
5.97621
5.91135
5.84826
5.78552
5.72437
5.66976
5.62996
5.86925
5.76425
5.77455
5.90465
6.05092
6.17794
6.26839
6.32237
6.34738
6.35554
6.35088
6.33871
6.3211
6.30108
6.27505
6.24297
6.19825
6.13824
6.06978
6.01247
6.20061
6.21991
6.2919
6.377
6.43611
6.47972
6.51271
6.5405
6.56322
6.5841
6.60345
6.62456
6.64486
6.66736
6.68976
6.70784
6.70712
6.67178
6.59812
6.51997
6.85088
6.96833
7.01015
6.93059
6.83696
6.77266
6.745
6.74699
6.76563
6.79674
6.83646
6.8861
6.94385
7.01177
7.08954
7.17652
7.25291
7.28736
7.23962
7.14356
6.92667
6.95142
6.91287
6.8462
6.81579
6.81987
6.84026
6.87136
6.90851
6.95385
7.00788
7.0755
7.15591
7.25045
7.35454
7.46821
7.59116
7.70719
7.72647
7.63691
6.77704
6.71789
6.71757
6.80548
6.89177
6.94702
6.97498
6.99956
7.02985
7.07108
7.12405
7.19404
7.28226
7.37915
7.463
7.51997
7.55625
7.59681
7.64819
7.65913
7.19823
7.22164
7.23573
7.20938
7.17052
7.13439
7.11385
7.11166
7.12034
7.13886
7.16606
7.20739
7.26445
7.3423
7.4293
7.50773
7.56983
7.6238
7.67818
7.70336
7.32878
7.33289
7.29618
7.22759
7.17902
7.16157
7.162
7.16778
7.17195
7.17361
7.17174
7.16641
7.16081
7.16305
7.17864
7.21734
7.27731
7.35011
7.43963
7.51883
7.16808
7.10005
7.08659
7.15716
7.22665
7.26908
7.28179
7.27633
7.26329
7.24576
7.22149
7.1864
7.13455
7.07176
7.00457
6.94575
6.91729
6.94016
7.03635
7.17175
7.58561
7.60154
7.60397
7.5684
7.52434
7.48377
7.45314
7.42801
7.40349
7.37638
7.34445
7.30202
7.24682
7.17379
7.0828
6.9802
6.88343
6.81827
6.84895
6.96707
7.72133
7.7169
7.67361
7.60685
7.56804
7.5587
7.56322
7.56813
7.56542
7.55267
7.52913
7.49569
7.45169
7.40312
7.35309
7.30499
7.27013
7.25523
7.2498
7.25857
7.57405
7.49594
7.48093
7.56911
7.67059
7.74688
7.79043
7.81301
7.82149
7.81761
7.80235
7.77409
7.7381
7.69971
7.66409
7.63406
7.60722
7.58777
7.57519
7.56392
8.06609
8.07159
8.09951
8.12507
8.14713
8.16293
8.17209
8.17591
8.17492
8.17006
8.16111
8.14929
8.13169
8.11093
8.08719
8.06049
8.03351
8.00729
7.9845
7.96442
8.55231
8.5779
8.60783
8.6181
8.6138
8.61048
8.60404
8.59321
8.58341
8.57703
8.57491
8.57414
8.57533
8.57068
8.56063
8.54621
8.52394
8.49424
8.46243
8.43387
9.09576
9.15276
9.17599
9.1552
9.11384
9.06925
9.03305
9.00942
8.99771
8.99615
9.00297
9.01907
9.04046
9.06441
9.08501
9.09572
9.09163
9.06748
9.02975
8.99118
9.4751
9.51926
9.51048
9.46779
9.43246
9.40708
9.39256
9.38927
9.39504
9.4092
9.43361
9.46633
9.51182
9.56677
9.62583
9.68181
9.71878
9.72095
9.68399
9.63097
9.59101
9.55629
9.57242
9.66182
9.73702
9.77641
9.78572
9.78565
9.78976
9.80701
9.8392
9.88901
9.95195
10.0311
10.1252
10.2298
10.332
10.3998
10.3929
10.3295
10.3069
10.3687
10.4059
10.3774
10.3172
10.2517
10.2003
10.1695
10.1586
10.1679
10.1969
10.2429
10.3067
10.3815
10.4655
10.5685
10.693
10.8221
10.8767
10.8296
10.6771
10.732
10.7089
10.6182
10.5365
10.4809
10.4504
10.4366
10.4384
10.4569
10.4911
10.5408
10.597
10.6482
10.6762
10.6729
10.6585
10.6641
10.7289
10.8004
10.5047
10.4526
10.4055
10.4265
10.4832
10.5455
10.5943
10.6307
10.6652
10.7034
10.75
10.8036
10.8664
10.9275
10.9745
10.9848
10.9534
10.9132
10.9309
11.0116
10.6375
10.5798
10.5856
10.6533
10.7284
10.7907
10.8328
10.8644
10.894
10.9288
10.9716
11.0274
11.0943
11.1784
11.2852
11.4091
11.5245
11.6099
11.6282
11.6197
11.2434
11.2898
11.3219
11.2907
11.2344
11.1783
11.1395
11.1208
11.1181
11.129
11.1522
11.1865
11.2346
11.2979
11.3853
11.5075
11.6545
11.8045
11.8841
11.8676
11.51
11.5732
11.5526
11.4629
11.379
11.3178
11.2829
11.266
11.2623
11.2681
11.2807
11.2978
11.3117
11.3193
11.3178
11.3063
11.298
11.3187
11.4079
11.4988
11.2463
11.1989
11.1534
11.1714
11.2237
11.2796
11.3206
11.3465
11.3653
11.3801
11.3933
11.4032
11.4094
11.3986
11.3626
11.2989
11.2304
11.1845
11.2173
11.3195
11.3124
11.2629
11.271
11.329
11.3892
11.4353
11.462
11.4759
11.4848
11.4905
11.494
11.4976
11.5026
11.5092
11.5131
11.5117
11.5111
11.5158
11.5152
11.5273
11.8569
11.9138
11.9417
11.8869
11.8005
11.7161
11.6556
11.6196
11.6009
11.5918
11.5878
11.5869
11.5903
11.5988
11.6139
11.6304
11.6391
11.6392
11.6308
11.6158
12.079
12.152
12.1169
11.9846
11.8505
11.7445
11.6784
11.643
11.6266
11.6211
11.6227
11.6306
11.6441
11.6637
11.6888
11.7156
11.7333
11.7341
11.7176
11.691
11.7943
11.7606
11.7031
11.6649
11.6394
11.6162
11.5956
11.579
11.5685
11.5658
11.5696
11.5806
11.5974
11.6208
11.6535
11.6933
11.7306
11.7482
11.7335
11.6971
11.5108
11.4636
11.4355
11.4304
11.4331
11.4337
11.4293
11.4206
11.4135
11.4103
11.4116
11.4166
11.4243
11.4375
11.4623
11.5063
11.5654
11.6214
11.632
11.5936
10.9998
10.9202
10.8973
10.9305
10.9884
11.0477
11.0937
11.1236
11.1403
11.1473
11.1458
11.1386
11.121
11.0961
11.071
11.0543
11.0667
11.1192
11.1644
11.1607
10.5775
10.4917
10.5
10.5744
10.6541
10.7197
10.7676
10.799
10.8159
10.8165
10.8019
10.7724
10.7275
10.6607
10.5655
10.4422
10.2998
10.1821
10.1864
10.2941
10.6848
10.6894
10.7068
10.6623
10.5941
10.5324
10.4975
10.48
10.4639
10.4381
10.3961
10.3397
10.2656
10.18
10.0933
10.0097
9.93459
9.8777
9.85641
9.90327
10.5275
10.508
10.4575
10.3405
10.2268
10.1434
10.0991
10.0754
10.0515
10.0116
9.95124
9.86764
9.76594
9.65192
9.54454
9.4588
9.3897
9.33722
9.32709
9.39179
9.88834
9.74426
9.68791
9.68783
9.68879
9.67785
9.66362
9.64365
9.61361
9.5696
9.50633
9.42652
9.32445
9.21257
9.1049
9.0087
8.92836
8.86753
8.86081
8.953
9.30551
9.12339
9.10482
9.16993
9.22127
9.23847
9.23396
9.21331
9.18217
9.14179
9.08882
9.0162
8.92661
8.82327
8.71842
8.62479
8.54073
8.47892
8.48929
8.63023
8.59118
8.29066
8.23884
8.35211
8.49601
8.61863
8.70614
8.75717
8.77791
8.77854
8.75773
8.72152
8.65948
8.58037
8.49338
8.40737
8.33053
8.28055
8.3219
8.52725
8.1952
7.75594
7.66644
7.82433
8.04404
8.24981
8.41746
8.53759
8.61505
8.65829
8.67626
8.67135
8.65053
8.60801
8.54494
8.47926
8.41626
8.38596
8.48072
8.79287
8.75122
8.24481
8.13325
8.25701
8.44349
8.6202
8.76026
8.86366
8.93763
8.99197
9.02888
9.05893
9.07323
9.07317
9.04825
9.00832
8.96941
8.97866
9.14912
9.5932
10.1228
9.38748
9.19886
9.34693
9.54943
9.71925
9.83944
9.92423
9.98884
10.0415
10.0873
10.1273
10.1674
10.1998
10.2089
10.1731
10.1053
10.1104
10.3911
11.0775
12.8404
11.8597
11.5882
11.7202
11.8911
12.0009
12.0621
12.105
12.1399
12.1771
12.2164
12.2642
12.3116
12.3599
12.3828
12.3387
12.2267
12.1608
12.5126
13.5206
17.5488
16.2777
15.8938
15.9091
15.9323
15.9053
15.8616
15.8284
15.8124
15.8184
15.8467
15.8933
15.9597
16.0373
16.1196
16.1872
16.2101
16.2335
16.6583
17.942
24.1786
22.8519
22.3291
22.0237
21.7181
21.4325
21.2077
21.0521
20.9592
20.9238
20.9403
21.0069
21.121
21.2908
21.5131
21.7925
22.0979
22.4231
22.9773
24.335
32.1671
30.5371
29.9128
29.2995
28.6874
28.1847
27.8162
27.5692
27.4211
27.3556
27.3667
27.4453
27.6041
27.8544
28.2185
28.7197
29.3385
29.9507
30.5576
32.1624
43.0601
36.3565
36.2834
35.7517
35.0929
34.5482
34.1524
33.888
33.7309
33.6608
33.6704
33.7488
33.9162
34.1838
34.5872
35.1571
35.8958
36.4527
36.3798
43.0833
-2.53338
-2.00784
-2.17339
-1.73528
-1.34864
-1.11056
-0.975318
-0.903252
-0.869493
-0.859834
-0.86624
-0.890586
-0.941278
-1.03374
-1.20417
-1.5222
-2.081
-2.80922
-2.76513
-3.2266
-3.19746
-2.69074
-2.83375
-2.5643
-2.24541
-2.00787
-1.86554
-1.79259
-1.76492
-1.76254
-1.77886
-1.81609
-1.87958
-1.98753
-2.15952
-2.42311
-2.76816
-3.07648
-3.06791
-3.72028
-1.95299
-1.88582
-1.95931
-2.07601
-2.113
-2.1137
-2.11255
-2.12009
-2.13245
-2.14766
-2.16428
-2.1897
-2.22614
-2.28473
-2.36
-2.43181
-2.42119
-2.27513
-2.30473
-2.61918
-2.52666
-2.56048
-2.66109
-2.66491
-2.67273
-2.68826
-2.69692
-2.70304
-2.70693
-2.70701
-2.70564
-2.7062
-2.71064
-2.72857
-2.77303
-2.88447
-3.11391
-3.43226
-3.52931
-3.52768
-3.61403
-3.51237
-3.57572
-3.51955
-3.44753
-3.36784
-3.2879
-3.22512
-3.17635
-3.13904
-3.10568
-3.07435
-3.03965
-2.99536
-2.92565
-2.80957
-2.64816
-2.51791
-2.60829
-2.79277
-4.8571
-4.85962
-4.9142
-4.72997
-4.43372
-4.13417
-3.89907
-3.73433
-3.624
-3.55139
-3.50268
-3.47121
-3.4481
-3.43563
-3.42779
-3.39012
-3.25413
-3.00441
-2.85784
-2.92178
-5.50707
-5.65262
-5.56764
-5.21891
-4.80558
-4.43374
-4.16776
-3.99616
-3.89021
-3.82817
-3.79494
-3.78389
-3.79281
-3.8313
-3.92715
-4.10199
-4.31962
-4.47328
-4.35166
-4.16879
-4.95107
-4.84966
-4.60769
-4.399
-4.25404
-4.14761
-4.07364
-4.01921
-3.98315
-3.9676
-3.97318
-4.00577
-4.06558
-4.16052
-4.29939
-4.50149
-4.75448
-4.99261
-5.01735
-4.92799
-3.37599
-3.15241
-2.97453
-3.25125
-3.56023
-3.77973
-3.90737
-3.97155
-4.00169
-4.0252
-4.05151
-4.09416
-4.1572
-4.22906
-4.2824
-4.31141
-4.33303
-4.38176
-4.49993
-4.58698
-3.01712
-2.94972
-3.04599
-3.36956
-3.62954
-3.81143
-3.92472
-3.99318
-4.03334
-4.05513
-4.06289
-4.0618
-4.05101
-4.03112
-3.98515
-3.91162
-3.84859
-3.85943
-4.00001
-4.13635
-4.09684
-3.94274
-3.97555
-3.93703
-3.94348
-3.99699
-4.0511
-4.09422
-4.12125
-4.12821
-4.11107
-4.06435
-3.98763
-3.88472
-3.75619
-3.58303
-3.38041
-3.23175
-3.3028
-3.50373
-4.60426
-4.37968
-4.3042
-4.22064
-4.19186
-4.2053
-4.23279
-4.26314
-4.2831
-4.28511
-4.26777
-4.22839
-4.15902
-4.06124
-3.94189
-3.78352
-3.56247
-3.26946
-3.12796
-3.22875
-5.14984
-5.11048
-5.05631
-4.91847
-4.78587
-4.68217
-4.61233
-4.5694
-4.54217
-4.52295
-4.5058
-4.48659
-4.46808
-4.45378
-4.46359
-4.51982
-4.59424
-4.58506
-4.36171
-4.14859
-5.546
-5.44031
-5.3185
-5.12095
-4.97391
-4.88115
-4.82236
-4.78051
-4.7531
-4.73986
-4.74153
-4.76137
-4.80146
-4.87898
-5.00589
-5.1803
-5.36627
-5.47916
-5.34379
-5.06589
-4.71392
-4.41289
-4.29112
-4.43575
-4.61109
-4.74124
-4.81672
-4.85774
-4.87952
-4.89551
-4.91492
-4.94845
-5.00464
-5.09471
-5.23575
-5.45757
-5.75812
-6.07886
-6.13686
-5.95195
-4.20848
-4.0518
-4.19495
-4.53112
-4.77621
-4.91577
-4.98781
-5.01866
-5.02929
-5.02864
-5.02074
-5.00952
-4.99539
-4.97946
-4.95322
-4.93635
-4.98826
-5.17671
-5.41874
-5.58001
-4.47009
-4.74033
-5.0044
-5.11179
-5.15484
-5.18563
-5.211
-5.21811
-5.20991
-5.1904
-5.15822
-5.10745
-5.03808
-4.93599
-4.7786
-4.51973
-4.15778
-3.85386
-3.99984
-4.3247
-4.6095
-5.04096
-5.31978
-5.409
-5.42404
-5.42641
-5.42743
-5.42284
-5.4094
-5.38639
-5.35637
-5.31811
-5.26477
-5.18941
-5.08492
-4.92364
-4.66505
-4.29818
-4.10857
-4.158
-5.2373
-5.79786
-6.10063
-6.08971
-5.97881
-5.86504
-5.77071
-5.69499
-5.63574
-5.59059
-5.5561
-5.52859
-5.51193
-5.50291
-5.50461
-5.5204
-5.54159
-5.48997
-5.24953
-4.99145
-5.71185
-6.24717
-6.43594
-6.3185
-6.15593
-6.01835
-5.90829
-5.81657
-5.74766
-5.70409
-5.68608
-5.69337
-5.72383
-5.7877
-5.89127
-6.02423
-6.15652
-6.22025
-6.06609
-5.75091
-5.56402
-5.73023
-5.76722
-5.78709
-5.79404
-5.78603
-5.75932
-5.72551
-5.69684
-5.68488
-5.69482
-5.73203
-5.7952
-5.88226
-6.00666
-6.19339
-6.43118
-6.66219
-6.6652
-6.45898
-5.91023
-5.77463
-5.73723
-5.68333
-5.64343
-5.61172
-5.58527
-5.56475
-5.55087
-5.54635
-5.55398
-5.57917
-5.61582
-5.65448
-5.68326
-5.71427
-5.76442
-5.8473
-5.98331
-6.10581
-5.56001
-5.47831
-5.43158
-5.38445
-5.35704
-5.34435
-5.34332
-5.34797
-5.3519
-5.35435
-5.3539
-5.35246
-5.35406
-5.35012
-5.32301
-5.27232
-5.23201
-5.26583
-5.42153
-5.60093
-4.85902
-4.997
-4.99528
-5.00938
-5.0281
-5.04974
-5.08681
-5.12608
-5.15362
-5.16503
-5.16013
-5.13686
-5.09293
-5.03198
-4.94184
-4.81029
-4.65429
-4.54854
-4.64552
-4.83002
-4.67154
-4.74391
-4.73714
-4.76448
-4.81407
-4.87024
-4.93235
-4.9891
-5.02815
-5.04838
-5.04871
-5.02733
-4.9843
-4.92033
-4.84533
-4.75244
-4.60899
-4.40154
-4.32386
-4.41652
-4.88915
-4.68172
-4.62647
-4.65319
-4.72975
-4.81725
-4.88841
-4.94308
-4.98112
-5.00102
-5.00445
-4.99253
-4.96201
-4.9272
-4.92908
-5.01665
-5.17984
-5.31905
-5.238
-5.08914
-4.70686
-4.52333
-4.52239
-4.63085
-4.75876
-4.87048
-4.93958
-4.98448
-5.01226
-5.02188
-5.01272
-4.98847
-4.95415
-4.91156
-4.87396
-4.87877
-4.97258
-5.15244
-5.22585
-5.19675
-4.82511
-4.89444
-5.03077
-5.14827
-5.18642
-5.18657
-5.16948
-5.15222
-5.13662
-5.11743
-5.09039
-5.054
-5.00431
-4.93778
-4.82412
-4.62473
-4.37494
-4.18636
-4.23064
-4.40096
-6.00907
-6.25691
-6.30999
-6.01476
-5.7143
-5.50078
-5.37901
-5.31231
-5.26906
-5.23806
-5.21
-5.18022
-5.14263
-5.0862
-4.99448
-4.84014
-4.59485
-4.26676
-4.07325
-4.11753
-5.91652
-5.90079
-5.7816
-5.62485
-5.52823
-5.47206
-5.42826
-5.38689
-5.34901
-5.31772
-5.29326
-5.27711
-5.26403
-5.25457
-5.25688
-5.29925
-5.36742
-5.38042
-5.16054
-4.92049
-5.36359
-5.17728
-5.12152
-5.28231
-5.41386
-5.476
-5.47651
-5.44144
-5.39607
-5.35579
-5.32072
-5.29232
-5.27602
-5.27716
-5.2904
-5.32997
-5.40762
-5.48701
-5.40561
-5.19376
-5.46665
-5.44181
-5.48306
-5.52762
-5.52283
-5.49235
-5.45234
-5.40906
-5.36962
-5.33691
-5.31066
-5.28951
-5.27135
-5.25975
-5.23344
-5.15426
-5.01124
-4.82784
-4.75627
-4.74407
-5.37312
-5.35527
-5.34685
-5.34458
-5.34204
-5.32654
-5.30541
-5.28624
-5.27199
-5.26661
-5.26919
-5.2816
-5.30309
-5.33251
-5.37361
-5.40435
-5.37198
-5.22258
-5.036
-4.97924
-5.2359
-5.20254
-5.17171
-5.14728
-5.1229
-5.09932
-5.09122
-5.09485
-5.10628
-5.12527
-5.15468
-5.19691
-5.25509
-5.344
-5.48217
-5.69885
-5.97815
-6.21532
-6.12645
-5.91267
-5.03004
-4.97845
-4.92931
-4.89267
-4.86529
-4.84739
-4.84641
-4.86017
-4.88436
-4.9199
-4.9669
-5.02725
-5.10361
-5.20378
-5.322
-5.44846
-5.5754
-5.6715
-5.71254
-5.67982
-4.75889
-4.68396
-4.61351
-4.57008
-4.54446
-4.53272
-4.54095
-4.56391
-4.59693
-4.63954
-4.69544
-4.76881
-4.86103
-4.97589
-5.10758
-5.24486
-5.39565
-5.57338
-5.68499
-5.66447
-4.39346
-4.29482
-4.21211
-4.17561
-4.16521
-4.17005
-4.19164
-4.22286
-4.25626
-4.29249
-4.33344
-4.3818
-4.43867
-4.49501
-4.55688
-4.64433
-4.79912
-5.06174
-5.28694
-5.38664
-3.95998
-3.82978
-3.74833
-3.74669
-3.7791
-3.81855
-3.85042
-3.87743
-3.90079
-3.91793
-3.93061
-3.93922
-3.94365
-3.93601
-3.90428
-3.83533
-3.73846
-3.69526
-3.928
-4.21979
-3.51296
-3.37937
-3.3458
-3.41335
-3.48574
-3.54026
-3.56124
-3.5699
-3.5746
-3.57304
-3.56344
-3.54607
-3.52446
-3.49548
-3.45908
-3.41332
-3.35509
-3.33543
-3.47212
-3.66984
-3.52516
-3.4758
-3.53156
-3.56376
-3.52032
-3.45385
-3.38776
-3.33447
-3.29539
-3.26222
-3.23053
-3.19213
-3.14001
-3.0643
-2.95664
-2.81213
-2.64067
-2.51222
-2.60196
-2.83291
-4.14886
-4.27828
-4.22105
-3.85924
-3.51095
-3.26118
-3.11809
-3.03873
-2.98929
-2.95322
-2.91977
-2.88031
-2.82972
-2.76482
-2.69405
-2.60795
-2.47019
-2.2584
-2.18215
-2.34234
-3.18705
-3.11309
-2.8504
-2.65434
-2.59949
-2.60676
-2.62855
-2.64338
-2.64803
-2.64151
-2.62801
-2.60587
-2.57511
-2.55104
-2.5799
-2.70507
-2.90266
-3.06134
-2.98927
-2.89211
-1.5754
-1.34998
-1.17726
-1.46597
-1.82873
-2.09863
-2.26084
-2.34673
-2.38466
-2.39292
-2.38336
-2.36196
-2.33805
-2.31743
-2.31895
-2.37755
-2.52615
-2.74561
-2.83602
-2.7607
-1.21215
-1.14895
-1.31372
-1.66103
-1.91736
-2.08611
-2.1835
-2.22878
-2.2438
-2.23703
-2.21661
-2.18523
-2.14934
-2.10828
-2.03496
-1.88788
-1.69646
-1.56326
-1.64845
-1.7418
-1.87275
-2.0172
-2.20845
-2.24646
-2.24695
-2.24793
-2.23713
-2.21206
-2.18285
-2.15139
-2.11609
-2.07576
-2.0321
-1.98453
-1.92698
-1.83049
-1.65975
-1.40869
-1.29355
-1.36981
-2.52651
-2.64868
-2.75574
-2.67091
-2.53465
-2.4057
-2.30003
-2.21478
-2.14642
-2.08683
-2.03534
-1.9872
-1.94178
-1.90364
-1.90233
-1.98968
-2.15674
-2.2841
-2.175
-2.03923
-3.12168
-3.19647
-3.1754
-2.91613
-2.64148
-2.42734
-2.27662
-2.16756
-2.08353
-2.01403
-1.95541
-1.90106
-1.85285
-1.81206
-1.7858
-1.80833
-1.92448
-2.10965
-2.15717
-2.04038
-2.57254
-2.4796
-2.33235
-2.24933
-2.18459
-2.1166
-2.05428
-2.00048
-1.95736
-1.92022
-1.88892
-1.85886
-1.82957
-1.79314
-1.71816
-1.54961
-1.31659
-1.13578
-1.16543
-1.20492
-2.01028
-1.88235
-1.73091
-1.70584
-1.73025
-1.75189
-1.77518
-1.79957
-1.82094
-1.83884
-1.85387
-1.86752
-1.88058
-1.88113
-1.85832
-1.76914
-1.57221
-1.2806
-1.10092
-1.10866
-1.30669
-1.09373
-1.00504
-1.12487
-1.29821
-1.4527
-1.56726
-1.65585
-1.72973
-1.79146
-1.84946
-1.90548
-1.96444
-2.03449
-2.14278
-2.30694
-2.48989
-2.59322
-2.41529
-2.19362
-0.968654
-0.835584
-0.943711
-1.18715
-1.36975
-1.50065
-1.58914
-1.65651
-1.72183
-1.79097
-1.86886
-1.9571
-2.05451
-2.16187
-2.29742
-2.49233
-2.74426
-2.96981
-2.95208
-2.72976
-1.68852
-1.83589
-1.97582
-1.88963
-1.76531
-1.68405
-1.66258
-1.67715
-1.71668
-1.77494
-1.85201
-1.94748
-2.05513
-2.15315
-2.22062
-2.25738
-2.28786
-2.32777
-2.40942
-2.37934
-1.69058
-1.8272
-1.78929
-1.61781
-1.51499
-1.49187
-1.52276
-1.57788
-1.64001
-1.70424
-1.77106
-1.83937
-1.90703
-1.95849
-1.98155
-1.96725
-1.93222
-1.93059
-2.02601
-2.11428
-0.843573
-0.830742
-0.780173
-0.920557
-1.11551
-1.28803
-1.41422
-1.51001
-1.58577
-1.64367
-1.69108
-1.7272
-1.75341
-1.76177
-1.74563
-1.69088
-1.5991
-1.51077
-1.56147
-1.71299
-0.779226
-0.796887
-0.968247
-1.23387
-1.41735
-1.52294
-1.57883
-1.61093
-1.63502
-1.65299
-1.6677
-1.67866
-1.69029
-1.70062
-1.71203
-1.71719
-1.6971
-1.6207
-1.58026
-1.66428
-1.90973
-2.15025
-2.34919
-2.25974
-2.09219
-1.94848
-1.84819
-1.77143
-1.71935
-1.68547
-1.66738
-1.65571
-1.65206
-1.6633
-1.70696
-1.80874
-2.00306
-2.24836
-2.28959
-2.2159
-2.3498
-2.57192
-2.58218
-2.38077
-2.17233
-2.00308
-1.87896
-1.78144
-1.71109
-1.66257
-1.63078
-1.60505
-1.58599
-1.57349
-1.5595
-1.50986
-1.42045
-1.34301
-1.41931
-1.51859
-1.94839
-1.92125
-1.82461
-1.78583
-1.75706
-1.7147
-1.66991
-1.62707
-1.59478
-1.57167
-1.56015
-1.55829
-1.56932
-1.59041
-1.62129
-1.64316
-1.61805
-1.52492
-1.47155
-1.48615
-1.64928
-1.50245
-1.40412
-1.38947
-1.39936
-1.40296
-1.41047
-1.42005
-1.43022
-1.4389
-1.44996
-1.46211
-1.47951
-1.49681
-1.53256
-1.63123
-1.8255
-2.06902
-2.1089
-2.02529
-1.07669
-0.91354
-0.846889
-0.918989
-1.01962
-1.10776
-1.17485
-1.22698
-1.26971
-1.30071
-1.32344
-1.33416
-1.33366
-1.3246
-1.30138
-1.23834
-1.14429
-1.07059
-1.15386
-1.25733
-0.841781
-0.761019
-0.813195
-0.913281
-0.978038
-1.03191
-1.08044
-1.1245
-1.16533
-1.20003
-1.22961
-1.2519
-1.27065
-1.28438
-1.29175
-1.27775
-1.22758
-1.13224
-1.08944
-1.11736
-1.1543
-1.23278
-1.21286
-1.01043
-0.892562
-0.882083
-0.937491
-1.0072
-1.06739
-1.1109
-1.14041
-1.15672
-1.1611
-1.15175
-1.14284
-1.17666
-1.3147
-1.536
-1.5833
-1.52536
-0.159699
-0.0880437
-0.038979
-0.206607
-0.437578
-0.642097
-0.805303
-0.930936
-1.01928
-1.07096
-1.09285
-1.08506
-1.05493
-1.00101
-0.917603
-0.774113
-0.5767
-0.419494
-0.477579
-0.585023
0.00931599
-0.0527336
-0.262313
-0.562929
-0.774045
-0.909129
-0.99849
-1.05949
-1.10177
-1.12742
-1.14038
-1.14227
-1.13614
-1.12527
-1.11117
-1.05215
-0.881169
-0.596155
-0.415937
-0.389834
-1.09295
-1.37545
-1.62031
-1.56764
-1.44112
-1.3422
-1.27476
-1.22484
-1.19661
-1.18546
-1.18814
-1.19868
-1.22174
-1.26548
-1.36241
-1.53678
-1.73726
-1.845
-1.66049
-1.41351
-1.59277
-1.8715
-1.95116
-1.79226
-1.59189
-1.41556
-1.28785
-1.19683
-1.14213
-1.11786
-1.12013
-1.14518
-1.18579
-1.24815
-1.35161
-1.52465
-1.76027
-1.98801
-1.99292
-1.80001
-1.24302
-1.29405
-1.26111
-1.23773
-1.18338
-1.09963
-1.01718
-0.949919
-0.905856
-0.884363
-0.886617
-0.910652
-0.95514
-0.999982
-1.02726
-1.03615
-1.04801
-1.08852
-1.19256
-1.25156
-0.994316
-0.929706
-0.854914
-0.790429
-0.728412
-0.658061
-0.597254
-0.551192
-0.519261
-0.498146
-0.486365
-0.486762
-0.495392
-0.502864
-0.49524
-0.465078
-0.430209
-0.432742
-0.537481
-0.698991
-0.494091
-0.378057
-0.259186
-0.184003
-0.132701
-0.0891736
-0.0675482
-0.056556
-0.0460564
-0.0305846
-0.0109569
0.0155077
0.0444384
0.0841508
0.137761
0.212165
0.307766
0.384806
0.313644
0.128818
0.14271
0.306972
0.439277
0.477789
0.477543
0.470024
0.457648
0.447915
0.447778
0.46021
0.484837
0.517802
0.559613
0.601743
0.636766
0.669378
0.706492
0.777071
0.79205
0.671668
0.908721
1.08797
1.17271
1.11407
1.02798
0.956286
0.921911
0.909294
0.91018
0.927732
0.962321
1.01463
1.07463
1.13211
1.1655
1.13057
0.986615
0.755672
0.685318
0.710814
1.32518
1.43809
1.42108
1.3466
1.31375
1.29775
1.29705
1.30483
1.32099
1.34905
1.3945
1.45989
1.55172
1.66139
1.79429
1.97227
2.17995
2.32988
2.24463
2.09187
1.21264
1.1798
1.24448
1.48065
1.64292
1.70925
1.7144
1.70549
1.70413
1.71859
1.7487
1.79975
1.86591
1.94905
2.04574
2.1748
2.37858
2.6648
2.81451
2.76767
2.46817
2.60909
2.7266
2.61047
2.43539
2.28709
2.1745
2.09671
2.0561
2.04744
2.06493
2.09989
2.15333
2.21105
2.24709
2.20985
2.09544
2.0123
2.16523
2.34061
2.92943
2.9582
2.84176
2.59919
2.44039
2.35385
2.30278
2.27024
2.25835
2.26996
2.30433
2.36258
2.43452
2.51493
2.59468
2.63016
2.57083
2.43173
2.42486
2.58315
2.24691
2.08592
1.94828
2.03547
2.16546
2.26473
2.32398
2.3594
2.38487
2.41321
2.45496
2.51462
2.5993
2.70741
2.85949
3.09561
3.38264
3.61328
3.62932
3.63427
2.24945
2.17374
2.21555
2.37793
2.47921
2.5154
2.51677
2.50768
2.49876
2.49941
2.51157
2.54326
2.59159
2.66569
2.76425
2.9247
3.18832
3.54721
3.79389
3.83763
3.15744
3.23859
3.31225
3.17133
2.98048
2.81603
2.7016
2.61971
2.56405
2.53005
2.51218
2.50348
2.5008
2.48513
2.43237
2.33105
2.22308
2.1976
2.4433
2.70177
3.23518
3.25819
3.13102
2.87755
2.7071
2.61284
2.56016
2.52227
2.49303
2.46767
2.44119
2.41041
2.36765
2.30369
2.19929
2.03482
1.84664
1.70397
1.78416
1.96984
2.01332
1.88183
1.75865
1.86472
2.02982
2.1788
2.28278
2.35055
2.38779
2.39695
2.38183
2.34004
2.27705
2.2006
2.12823
2.0609
2.00867
1.99537
1.97341
1.97745
1.36383
1.37399
1.44835
1.6762
1.89954
2.07967
2.2082
2.29905
2.35494
2.38057
2.37961
2.35409
2.29739
2.21693
2.12725
2.03405
1.93529
1.84576
1.76402
1.71042
1.6549
1.94117
2.13821
2.21034
2.25293
2.29078
2.32775
2.36098
2.38357
2.39324
2.38778
2.36588
2.32252
2.25161
2.15652
2.03982
1.90221
1.74835
1.59355
1.42778
1.92396
2.29391
2.51851
2.55069
2.50899
2.45672
2.41204
2.37855
2.35685
2.34142
2.3261
2.31068
2.28952
2.25016
2.17535
2.06447
1.90049
1.65734
1.38936
1.15003
2.40678
2.81261
2.97998
2.84776
2.63513
2.44286
2.30726
2.21915
2.16605
2.13797
2.12482
2.1258
2.13791
2.16014
2.18676
2.2025
2.14052
1.89121
1.5225
1.1687
2.4467
2.75751
2.68556
2.35864
2.08559
1.89483
1.78408
1.7271
1.69748
1.68351
1.68263
1.69866
1.73846
1.81986
1.96174
2.19854
2.53438
2.81207
2.56146
1.97982
1.42116
1.34214
1.17812
1.11461
1.08286
1.04613
1.01325
0.996356
0.990116
0.989275
0.989437
0.995414
1.00356
1.02057
1.06024
1.15278
1.35162
1.66906
1.78081
1.55632
0.417955
0.254234
0.150331
0.150583
0.155145
0.142166
0.122679
0.107676
0.105152
0.110129
0.114502
0.114119
0.106655
0.0849513
0.0491078
0.0083821
-0.0489921
-0.0849524
0.0361437
0.187249
-1.20832
-1.44882
-1.55641
-1.45588
-1.31987
-1.20015
-1.10588
-1.03214
-0.973978
-0.927544
-0.89642
-0.874785
-0.871326
-0.890879
-0.944749
-1.04572
-1.18658
-1.3287
-1.29156
-1.11976
-2.64824
-2.88976
-2.91327
-2.7323
-2.56423
-2.4397
-2.32445
-2.21228
-2.11264
-2.03261
-1.97295
-1.93466
-1.91587
-1.91412
-1.92522
-1.97616
-2.12316
-2.33058
-2.37255
-2.21807
-3.0983
-3.19588
-3.21238
-3.29502
-3.35818
-3.37348
-3.33448
-3.26539
-3.18811
-3.10827
-3.03295
-2.95471
-2.88191
-2.80202
-2.6865
-2.50728
-2.29146
-2.11582
-2.1179
-2.1156
-3.90826
-4.22168
-4.43186
-4.5451
-4.55757
-4.48752
-4.37713
-4.26836
-4.17234
-4.08622
-4.00173
-3.91441
-3.81342
-3.70646
-3.59343
-3.43927
-3.19039
-2.82688
-2.51354
-2.28982
-4.88229
-5.50097
-5.66072
-5.42029
-5.21188
-5.07668
-4.97426
-4.89102
-4.82207
-4.75627
-4.69004
-4.60765
-4.51455
-4.40106
-4.30095
-4.26556
-4.27862
-4.20423
-3.75974
-3.12419
-4.13965
-4.73649
-4.88737
-4.83967
-4.78864
-4.7815
-4.80575
-4.83129
-4.84181
-4.83627
-4.81759
-4.79213
-4.7592
-4.73249
-4.73202
-4.79492
-4.91892
-4.92077
-4.38712
-3.47412
-2.63637
-3.59981
-3.97385
-3.97554
-3.90973
-3.88273
-3.91489
-3.96333
-4.00602
-4.03105
-4.04779
-4.04898
-4.06463
-4.10001
-4.19759
-4.38517
-4.65001
-4.80877
-4.24428
-3.03159
0.332892
-1.01218
-1.55557
-1.57486
-1.53848
-1.58002
-1.66556
-1.75019
-1.81862
-1.86415
-1.89075
-1.90067
-1.89923
-1.89542
-1.90799
-1.95262
-2.0717
-2.1538
-1.6427
-0.337709
5.10827
3.08886
2.27602
2.35317
2.49752
2.5026
2.43024
2.352
2.2844
2.24136
2.21641
2.21876
2.23158
2.25725
2.28425
2.3145
2.37359
2.55897
3.26164
4.85862
12.255
9.74153
8.87589
9.00119
9.13193
9.13383
9.0702
8.99317
8.92605
8.88123
8.86298
8.86806
8.89926
8.94544
8.99651
9.02544
9.03167
9.16467
10.1182
12.4033
22.4106
20.0463
19.1657
18.8216
18.5224
18.2457
18.0247
17.8632
17.7545
17.6944
17.6766
17.7011
17.7659
17.8831
18.0467
18.2649
18.5057
18.8307
19.8269
22.2391
34.4231
31.7987
30.9393
30.2723
29.7048
29.2736
28.9653
28.7551
28.6233
28.5515
28.5381
28.5702
28.6685
28.8426
29.1195
29.5327
30.0988
30.7408
31.5965
34.1624
50.831
40.6627
41.0349
40.8935
40.4561
40.0661
39.7779
39.5806
39.4584
39.3923
39.3793
39.4064
39.497
39.6592
39.9214
40.3011
40.7724
41.0215
40.7154
50.7005
-1.35177
-1.09951
-1.03652
-0.80257
-0.629025
-0.538953
-0.498402
-0.480462
-0.474278
-0.476564
-0.485009
-0.500752
-0.526436
-0.568703
-0.644399
-0.780954
-0.996349
-1.24742
-1.29159
-1.47438
-1.98628
-1.77174
-1.69111
-1.46876
-1.26261
-1.12772
-1.0549
-1.01976
-1.00945
-1.01689
-1.04062
-1.08357
-1.14941
-1.2552
-1.4244
-1.68431
-2.01576
-2.32132
-2.40567
-2.55427
-1.54295
-1.54444
-1.53528
-1.50832
-1.43644
-1.35339
-1.28926
-1.25328
-1.24255
-1.25408
-1.2859
-1.34107
-1.42351
-1.54386
-1.71255
-1.9391
-2.19208
-2.40905
-2.5109
-2.49116
-1.79544
-1.87463
-1.89089
-1.81105
-1.70304
-1.60488
-1.53534
-1.49615
-1.48369
-1.49402
-1.52545
-1.5778
-1.6485
-1.73826
-1.84659
-1.98275
-2.15007
-2.33683
-2.46229
-2.5015
-1.80207
-1.92509
-1.93898
-1.8539
-1.74795
-1.6608
-1.60379
-1.57509
-1.56909
-1.58433
-1.6171
-1.66784
-1.7334
-1.80708
-1.8741
-1.91411
-1.91816
-1.91546
-1.97931
-2.07796
-1.57134
-1.57608
-1.56791
-1.56657
-1.56301
-1.558
-1.55483
-1.55897
-1.57249
-1.59635
-1.63017
-1.67605
-1.73103
-1.79478
-1.85879
-1.91225
-1.94983
-1.97388
-1.99926
-2.03889
-1.57637
-1.46601
-1.41678
-1.40139
-1.41694
-1.43944
-1.46319
-1.49339
-1.52541
-1.55661
-1.58452
-1.61068
-1.63539
-1.65653
-1.67307
-1.68857
-1.71076
-1.7475
-1.79346
-1.83739
-1.31217
-1.19453
-1.14183
-1.15874
-1.22326
-1.3048
-1.38218
-1.44659
-1.49437
-1.5258
-1.54223
-1.54647
-1.53932
-1.52114
-1.49047
-1.45616
-1.43665
-1.44827
-1.49401
-1.55012
-1.17934
-1.12058
-1.12808
-1.2101
-1.30442
-1.39485
-1.46938
-1.52309
-1.55527
-1.56922
-1.56563
-1.54478
-1.50963
-1.45757
-1.38383
-1.29131
-1.19995
-1.14211
-1.15511
-1.21826
-1.83358
-1.90205
-1.95029
-1.91748
-1.85288
-1.79194
-1.74986
-1.72283
-1.7027
-1.68209
-1.65806
-1.6267
-1.58331
-1.52701
-1.45394
-1.35457
-1.23451
-1.11256
-1.05916
-1.10009
-2.32989
-2.4083
-2.42192
-2.33117
-2.19813
-2.06875
-1.96722
-1.89165
-1.83582
-1.79259
-1.75656
-1.72371
-1.69446
-1.67333
-1.67031
-1.68438
-1.7033
-1.70079
-1.6308
-1.54244
-2.42325
-2.41315
-2.38734
-2.33115
-2.24043
-2.13272
-2.03496
-1.95676
-1.89676
-1.84905
-1.8108
-1.78167
-1.75963
-1.74864
-1.75466
-1.78757
-1.83792
-1.87887
-1.85369
-1.75821
-2.52791
-2.51569
-2.47122
-2.38905
-2.28694
-2.17199
-2.06409
-1.97541
-1.90714
-1.85689
-1.82012
-1.79418
-1.77683
-1.76081
-1.73696
-1.69731
-1.63749
-1.57163
-1.54725
-1.54798
-2.42322
-2.39103
-2.29973
-2.17868
-2.08317
-2.00667
-1.93956
-1.87901
-1.82879
-1.79154
-1.7677
-1.75759
-1.75751
-1.76747
-1.77764
-1.76833
-1.72469
-1.64841
-1.58863
-1.58469
-1.88874
-1.7753
-1.69514
-1.7026
-1.72169
-1.72832
-1.71847
-1.69874
-1.67675
-1.65899
-1.64776
-1.64647
-1.65941
-1.69209
-1.7516
-1.84288
-1.94688
-2.03119
-2.01385
-1.93383
-1.60421
-1.54655
-1.5125
-1.51515
-1.51839
-1.5108
-1.50039
-1.49226
-1.48572
-1.48115
-1.47964
-1.48414
-1.49559
-1.52118
-1.55967
-1.61097
-1.66838
-1.71279
-1.73526
-1.74503
-1.07921
-0.998637
-0.965084
-1.00953
-1.08982
-1.16893
-1.22476
-1.25805
-1.27648
-1.28756
-1.29384
-1.29783
-1.3027
-1.31279
-1.33319
-1.36964
-1.43018
-1.50594
-1.55639
-1.57532
-0.627974
-0.546718
-0.566508
-0.680039
-0.805466
-0.920203
-1.00554
-1.06042
-1.09408
-1.11213
-1.11796
-1.11144
-1.08896
-1.0536
-1.01559
-0.994008
-1.0182
-1.10506
-1.19382
-1.2369
-0.588124
-0.595907
-0.638883
-0.673356
-0.71589
-0.776939
-0.845507
-0.909402
-0.959104
-0.990617
-1.00351
-0.995402
-0.965538
-0.904874
-0.810761
-0.685589
-0.541006
-0.428423
-0.461927
-0.589654
-0.512085
-0.508323
-0.528802
-0.552733
-0.597823
-0.668787
-0.752259
-0.831292
-0.893541
-0.937582
-0.966863
-0.984398
-0.990164
-0.980926
-0.947595
-0.882287
-0.779682
-0.644088
-0.568926
-0.60421
-0.640987
-0.685874
-0.734958
-0.768721
-0.795272
-0.821223
-0.849737
-0.880091
-0.909034
-0.937823
-0.96694
-1.00107
-1.04714
-1.10483
-1.16807
-1.23011
-1.28123
-1.29082
-1.21599
-1.11374
-0.886228
-0.987233
-1.05525
-1.06695
-1.04005
-0.994246
-0.95053
-0.918984
-0.905132
-0.907349
-0.923078
-0.954665
-1.00468
-1.08559
-1.19878
-1.33116
-1.45266
-1.53599
-1.51996
-1.41236
-0.986625
-1.06287
-1.07355
-1.00817
-0.93158
-0.869601
-0.830905
-0.807875
-0.796934
-0.798253
-0.810855
-0.835493
-0.874831
-0.932704
-1.0096
-1.09443
-1.16938
-1.22349
-1.2522
-1.25061
-0.6285
-0.585579
-0.567055
-0.577977
-0.597345
-0.614371
-0.620915
-0.619391
-0.617294
-0.617628
-0.623198
-0.635719
-0.654874
-0.685038
-0.72779
-0.78604
-0.865199
-0.954294
-1.01638
-1.04096
-0.521117
-0.48335
-0.495639
-0.520222
-0.528102
-0.513385
-0.484448
-0.455852
-0.432619
-0.413359
-0.396781
-0.378731
-0.356724
-0.325589
-0.293172
-0.282857
-0.325713
-0.432314
-0.538808
-0.592339
-0.716629
-0.77472
-0.759208
-0.63111
-0.488777
-0.366886
-0.286261
-0.240896
-0.213546
-0.189859
-0.164213
-0.129882
-0.0800735
-0.00744542
0.0943223
0.226503
0.364737
0.455275
0.395003
0.255638
-0.208075
-0.182526
-0.102706
-0.0146606
0.035662
0.047742
0.0398141
0.0271628
0.0182818
0.0169148
0.0251854
0.0460528
0.0796403
0.131856
0.203237
0.298508
0.424253
0.56093
0.608518
0.547775
0.597559
0.71183
0.757164
0.663468
0.525303
0.394576
0.301516
0.241447
0.20362
0.18271
0.173702
0.174887
0.185668
0.207137
0.234302
0.256104
0.27679
0.312086
0.375323
0.421667
0.786481
0.810959
0.753153
0.633502
0.525881
0.442206
0.381278
0.338298
0.311522
0.296443
0.290336
0.290371
0.2907
0.283905
0.263719
0.232746
0.205492
0.201887
0.247995
0.323878
0.498228
0.374396
0.290046
0.280975
0.303125
0.327729
0.343384
0.356451
0.369071
0.381262
0.392121
0.401786
0.412581
0.419064
0.414392
0.384438
0.324933
0.25954
0.259231
0.322992
0.417087
0.27918
0.219791
0.245214
0.303651
0.358989
0.39806
0.428172
0.452901
0.475162
0.497748
0.5233
0.554203
0.600981
0.671845
0.758997
0.840426
0.893525
0.886635
0.853567
0.734451
0.686767
0.650768
0.60244
0.567169
0.544985
0.537901
0.544172
0.556026
0.57175
0.589766
0.612337
0.641589
0.683916
0.750451
0.85511
0.987094
1.11435
1.16916
1.14624
0.770737
0.696932
0.628426
0.569316
0.544817
0.551784
0.57631
0.604809
0.631034
0.653655
0.673454
0.691027
0.705441
0.716568
0.718192
0.710665
0.702243
0.712997
0.785145
0.867752
0.455919
0.28892
0.248274
0.336347
0.453103
0.564494
0.645949
0.69808
0.732936
0.761019
0.785643
0.806699
0.821444
0.823102
0.807653
0.767477
0.714522
0.677496
0.706822
0.795794
0.597417
0.578908
0.620559
0.691373
0.743688
0.7807
0.810821
0.837346
0.861125
0.881846
0.900835
0.918338
0.932818
0.944471
0.959563
0.989505
1.04052
1.10201
1.12646
1.12472
0.771439
0.932943
0.997685
0.988006
0.967514
0.954513
0.959618
0.979171
1.00137
1.01888
1.02749
1.02743
1.02026
1.00755
0.995939
1.00383
1.04489
1.11636
1.17385
1.1775
0.850454
0.932135
0.974685
1.00791
1.05129
1.09853
1.14035
1.17426
1.19855
1.21207
1.21542
1.20802
1.18551
1.14281
1.07364
0.976876
0.871637
0.790438
0.813321
0.899149
1.29807
1.31495
1.34781
1.37056
1.39094
1.41508
1.43855
1.45651
1.46579
1.46706
1.45908
1.44168
1.41209
1.36612
1.30605
1.23556
1.16833
1.12698
1.11649
1.13396
1.74646
1.75596
1.77329
1.78053
1.78445
1.78992
1.79432
1.79219
1.78251
1.76666
1.7448
1.71603
1.67941
1.63261
1.57169
1.49725
1.41057
1.32887
1.2908
1.30489
2.32648
2.31886
2.32044
2.28677
2.24202
2.19943
2.16558
2.14047
2.11849
2.09693
2.07186
2.0458
2.02143
2.00071
1.97379
1.92567
1.84145
1.72476
1.64265
1.62714
2.7486
2.71902
2.68513
2.62027
2.56549
2.52451
2.49227
2.46865
2.45035
2.43329
2.41586
2.3989
2.38432
2.38405
2.40379
2.4412
2.48225
2.50057
2.43614
2.34177
2.76588
2.716
2.72455
2.79451
2.84261
2.85568
2.84119
2.81721
2.79428
2.7777
2.76593
2.75853
2.75398
2.75527
2.76609
2.79001
2.81867
2.8293
2.79757
2.7465
3.12082
3.2719
3.34309
3.33654
3.28417
3.21943
3.16639
3.13032
3.1078
3.09697
3.0959
3.10482
3.12217
3.15174
3.19559
3.25954
3.33253
3.38056
3.35827
3.28751
3.41362
3.55012
3.57424
3.50074
3.42402
3.3753
3.35451
3.35135
3.35609
3.36731
3.38133
3.40009
3.42224
3.44789
3.47857
3.5279
3.60667
3.69932
3.72453
3.66036
3.47923
3.4606
3.44565
3.45026
3.46986
3.49951
3.52929
3.55843
3.58733
3.61624
3.64316
3.66923
3.68937
3.69146
3.65879
3.59237
3.51782
3.47395
3.50154
3.55018
3.47515
3.42223
3.40698
3.45695
3.54221
3.63364
3.71075
3.77344
3.82289
3.86544
3.90127
3.93449
3.96319
3.981
3.97261
3.92148
3.82707
3.72348
3.68857
3.73935
3.68852
3.60391
3.62146
3.72563
3.84183
3.93638
4.00254
4.05125
4.0896
4.12389
4.15627
4.18971
4.22336
4.26836
4.33397
4.41382
4.47556
4.49505
4.44877
4.40246
4.47938
4.48083
4.50934
4.48447
4.43536
4.38773
4.35995
4.35351
4.35807
4.37087
4.38815
4.41267
4.44272
4.48595
4.55168
4.64669
4.75865
4.85948
4.87476
4.81225
5.06044
5.06375
5.01599
4.88562
4.75692
4.66108
4.60502
4.57905
4.56934
4.56971
4.57563
4.58808
4.60192
4.61723
4.62774
4.63376
4.64122
4.65743
4.6964
4.72228
5.04953
5.00895
4.95762
4.9197
4.87968
4.83814
4.7992
4.76754
4.74488
4.73279
4.7255
4.72163
4.71442
4.69695
4.66065
4.61254
4.56969
4.55238
4.58173
4.62879
4.78655
4.85549
4.88542
4.92717
4.94484
4.94182
4.9242
4.90014
4.87782
4.86116
4.84798
4.83689
4.82624
4.81445
4.78852
4.73667
4.65664
4.57731
4.56543
4.60689
4.54783
4.58373
4.61932
4.69411
4.77716
4.85163
4.9018
4.93038
4.9436
4.94967
4.9512
4.95339
4.95905
4.9778
5.01736
5.07546
5.1308
5.16278
5.13698
5.08505
4.65389
4.63276
4.66949
4.75745
4.85025
4.92574
4.97548
5.00718
5.02461
5.0326
5.03388
5.0333
5.03285
5.04102
5.06776
5.13181
5.22713
5.32226
5.34835
5.29913
5.23021
5.31557
5.35881
5.33037
5.27378
5.21778
5.1789
5.1572
5.14088
5.12635
5.10935
5.09147
5.0706
5.04262
4.99766
4.94442
4.89472
4.86686
4.90423
4.95986
5.64328
5.72165
5.69685
5.58
5.45938
5.36438
5.30137
5.26149
5.23076
5.20236
5.17175
5.14009
5.1068
5.07009
5.01669
4.93997
4.85201
4.78355
4.78562
4.86078
5.60685
5.58925
5.54448
5.51594
5.48494
5.44575
5.40154
5.35792
5.31614
5.2764
5.2344
5.19148
5.15076
5.12194
5.10957
5.11484
5.13859
5.17402
5.17422
5.16899
5.59274
5.57051
5.54319
5.53607
5.52771
5.5095
5.4785
5.43945
5.39707
5.3546
5.31136
5.26688
5.22012
5.17767
5.14586
5.13466
5.15362
5.19917
5.22424
5.20918
5.42498
5.35516
5.31905
5.34082
5.38723
5.43354
5.45887
5.46417
5.4529
5.4313
5.40077
5.36476
5.32322
5.27784
5.22064
5.14155
5.04093
4.94574
4.93559
4.98613
5.36572
5.29155
5.28289
5.35381
5.43776
5.50329
5.53955
5.55555
5.55469
5.541
5.51638
5.48407
5.44326
5.4035
5.37303
5.36122
5.3665
5.37817
5.36065
5.33444
5.81636
5.84275
5.85925
5.84185
5.81248
5.78251
5.76047
5.74438
5.72465
5.6994
5.66633
5.62445
5.57072
5.50875
5.44659
5.40449
5.39671
5.41994
5.43178
5.42116
6.084
6.09805
6.08186
6.03535
5.99387
5.9672
5.95098
5.93562
5.91413
5.88712
5.85351
5.81482
5.76649
5.70225
5.61129
5.48849
5.34339
5.20948
5.17849
5.2318
6.08203
6.02895
6.03727
6.12333
6.19297
6.22007
6.20878
6.17926
6.14489
6.11112
6.07667
6.04187
6.00673
5.96962
5.92876
5.88487
5.83019
5.76825
5.70684
5.67872
6.66509
6.70312
6.7271
6.69201
6.62435
6.54525
6.47572
6.42204
6.37999
6.34803
6.32357
6.30685
6.29557
6.2921
6.29458
6.30386
6.30477
6.27536
6.21415
6.16386
6.90476
6.93607
6.89882
6.80035
6.70611
6.63721
6.59521
6.57104
6.55859
6.55764
6.56651
6.58578
6.61692
6.66275
6.7238
6.79978
6.8711
6.90593
6.86409
6.77979
6.5548
6.47222
6.4132
6.43582
6.49494
6.56002
6.61397
6.65861
6.69876
6.73977
6.78228
6.83144
6.88613
6.9532
7.03508
7.13109
7.23885
7.34444
7.36173
7.27982
6.45624
6.35977
6.34495
6.42212
6.53182
6.64433
6.73938
6.82012
6.88758
6.9475
7.0033
7.06069
7.1225
7.18325
7.23138
7.25875
7.26654
7.27983
7.317
7.33043
6.87277
6.87586
6.90168
6.9263
6.96047
7.00746
7.0595
7.11146
7.15852
7.20205
7.24099
7.27866
7.31127
7.33943
7.35712
7.36297
7.36551
7.37615
7.40694
7.42801
7.3309
7.36911
7.40155
7.41861
7.42535
7.43682
7.45419
7.47262
7.4906
7.50869
7.52498
7.53436
7.53472
7.51843
7.47976
7.42795
7.38328
7.35834
7.38016
7.4352
7.88975
7.94434
7.97045
7.95643
7.92387
7.88942
7.86383
7.85041
7.84662
7.84912
7.85466
7.8615
7.86432
7.86063
7.84162
7.79413
7.71776
7.62779
7.59818
7.6395
8.29639
8.3323
8.32342
8.28526
8.25628
8.23565
8.21834
8.20759
8.20376
8.20524
8.21283
8.22429
8.24301
8.27381
8.32837
8.40649
8.48141
8.52311
8.4906
8.43031
8.45452
8.40552
8.41551
8.50185
8.57353
8.60681
8.60558
8.59065
8.57583
8.56959
8.57365
8.59117
8.61967
8.66655
8.73662
8.83544
8.9605
9.08668
9.11818
9.05815
9.22623
9.26771
9.29275
9.25494
9.18407
9.10405
9.03444
8.9815
8.94447
8.92388
8.91977
8.93068
8.96043
9.00389
9.05112
9.09181
9.12119
9.15358
9.20081
9.21724
9.68087
9.71043
9.6688
9.56156
9.46088
9.38208
9.32454
9.28037
9.24812
9.22831
9.21883
9.21995
9.22614
9.23961
9.25815
9.27957
9.30413
9.33637
9.38247
9.40711
9.6117
9.53349
9.46631
9.46448
9.49108
9.5196
9.5327
9.53187
9.5265
9.51994
9.5145
9.50626
9.49549
9.47268
9.43643
9.39812
9.37159
9.36871
9.4107
9.46578
9.82422
9.73429
9.713
9.75716
9.80698
9.83866
9.84747
9.84428
9.83793
9.83359
9.83267
9.83672
9.84156
9.8434
9.83134
9.79134
9.72847
9.66116
9.6521
9.69651
10.4911
10.4997
10.5044
10.4541
10.3794
10.2992
10.2339
10.1896
10.1639
10.1533
10.1562
10.1689
10.1941
10.2334
10.2935
10.3708
10.449
10.5036
10.4918
10.4427
10.8049
10.8309
10.7892
10.6867
10.5854
10.503
10.4494
10.4198
10.4097
10.416
10.4342
10.4638
10.4987
10.5429
10.6002
10.6836
10.7985
10.9208
10.9697
10.9259
10.5028
10.4244
10.3575
10.3661
10.4125
10.4665
10.5134
10.554
10.5941
10.6371
10.6841
10.7341
10.7864
10.8274
10.8419
10.8253
10.7957
10.789
10.844
10.9027
10.3867
10.3167
10.2979
10.3612
10.4568
10.5547
10.6385
10.7126
10.7803
10.8465
10.9142
10.9883
11.0653
11.1396
11.1942
11.2027
11.1609
11.1
11.0943
11.1512
10.7202
10.749
10.7728
10.7867
10.8099
10.8452
10.8882
10.9372
10.9911
11.0519
11.1211
11.2016
11.2964
11.4076
11.5393
11.6791
11.7947
11.8635
11.8541
11.8147
11.0188
11.0655
11.0942
11.0991
11.0958
11.0992
11.1126
11.1328
11.1611
11.2009
11.2525
11.3214
11.4073
11.5147
11.6414
11.7876
11.9441
12.0933
12.1549
12.1067
11.327
11.3899
11.4114
11.3833
11.3382
11.2955
11.2675
11.256
11.2587
11.2725
11.2945
11.3238
11.3602
11.402
11.4451
11.4853
11.5267
11.5864
11.6813
11.7478
11.3745
11.4213
11.41
11.3595
11.3199
11.293
11.2755
11.2652
11.2612
11.2601
11.2605
11.2582
11.2454
11.2161
11.1728
11.1259
11.0927
11.096
11.1711
11.2865
11.0722
11.0373
11.0539
11.1388
11.2108
11.2447
11.2457
11.23
11.2113
11.1936
11.1775
11.1598
11.1338
11.0881
11.0159
10.9126
10.7908
10.677
10.6697
10.7852
11.3003
11.3588
11.3915
11.3526
11.284
11.2108
11.1532
11.1093
11.0753
11.047
11.0229
11.0012
10.9837
10.97
10.9575
10.9411
10.9039
10.8306
10.7621
10.7497
11.1046
11.1456
11.1114
11.006
10.9169
10.8619
10.8354
10.8186
10.8033
10.7873
10.7687
10.7503
10.7339
10.7274
10.7459
10.8029
10.9033
11.0113
11.0014
10.888
10.3085
10.2199
10.1755
10.2001
10.2579
10.3222
10.375
10.4086
10.4261
10.4265
10.4119
10.3831
10.3434
10.2952
10.2482
10.2192
10.2302
10.2967
10.357
10.3658
9.75561
9.65328
9.66214
9.7404
9.82411
9.89405
9.94874
9.98711
10.0077
10.0089
9.98973
9.95512
9.90186
9.83515
9.7533
9.64803
9.5202
9.4046
9.40914
9.54017
9.65068
9.63861
9.65948
9.63294
9.58666
9.54851
9.53855
9.54554
9.5514
9.54409
9.52061
9.47948
9.4267
9.36569
9.30687
9.25721
9.20554
9.15926
9.14342
9.20577
9.30264
9.2528
9.21315
9.12629
9.04388
8.99344
8.98724
9.0048
9.02043
9.02246
9.0049
8.97097
8.91314
8.84625
8.79104
8.7576
8.73846
8.72135
8.73112
8.82024
8.50356
8.31072
8.25627
8.28633
8.331
8.38006
8.43176
8.47217
8.49865
8.50992
8.5058
8.48471
8.44806
8.39901
8.35469
8.33492
8.33438
8.35183
8.39711
8.5273
7.8112
7.51925
7.47032
7.57531
7.70969
7.83428
7.93938
8.01337
8.05896
8.0838
8.08741
8.07829
8.048
8.00065
7.93728
7.87384
7.83725
7.85489
7.95931
8.1901
7.4318
7.0124
6.95121
7.14543
7.3835
7.57778
7.71937
7.816
7.87725
7.90983
7.91834
7.90384
7.86845
7.80254
7.69497
7.55191
7.3745
7.23935
7.35534
7.77808
8.02742
7.53951
7.44176
7.57312
7.75682
7.9191
8.03614
8.11539
8.16401
8.19091
8.19393
8.18072
8.13847
8.07126
7.97232
7.84214
7.70175
7.63722
7.80716
8.30793
9.46616
8.75094
8.56383
8.69302
8.86702
9.01133
9.10611
9.16346
9.19601
9.21245
9.21346
9.19808
9.16432
9.10164
8.99564
8.84642
8.69546
8.63502
8.89299
9.61801
12.2798
11.3299
11.0522
11.1432
11.2601
11.3219
11.3414
11.3457
11.3432
11.3436
11.343
11.3475
11.3454
11.3378
11.3018
11.2178
11.1016
11.0437
11.3553
12.2991
17.0048
15.7575
15.3472
15.3126
15.2846
15.2093
15.1224
15.0533
15.0065
14.9857
14.9888
15.0126
15.059
15.1222
15.1952
15.2531
15.2671
15.2949
15.6947
16.9256
23.4468
22.0565
21.4892
21.1848
20.9007
20.6276
20.4022
20.2394
20.1363
20.0907
20.0984
20.1595
20.2732
20.4499
20.6862
20.9775
21.2737
21.5663
22.0801
23.3996
31.2924
29.6292
29.0116
28.4245
27.8395
27.3518
26.9894
26.7428
26.5926
26.5246
26.535
26.6169
26.7842
27.0506
27.44
27.9746
28.6189
29.2245
29.7874
31.3278
42.1917
35.4284
35.5146
34.9963
34.2862
33.7278
33.3289
33.0626
32.9035
32.8313
32.841
32.9236
33.1001
33.3827
33.8104
34.4258
35.2419
35.9021
35.8496
42.3474
-0.211715
-0.158829
-0.106636
-0.0393839
0.00548226
0.0228288
0.020748
0.0117417
0.00401526
-0.000194139
-0.000647233
0.00153111
0.00457467
0.00375076
-0.00953403
-0.0450555
-0.106996
-0.188819
-0.243069
-0.280011
-0.229042
-0.157614
-0.0753728
0.018451
0.0858578
0.115902
0.117566
0.108188
0.0987914
0.09374
0.0929735
0.0953355
0.0987219
0.095217
0.0731791
0.0189777
-0.0702816
-0.181541
-0.270441
-0.334661
0.107416
0.127837
0.160327
0.190584
0.216091
0.234695
0.245456
0.249844
0.250705
0.249984
0.248994
0.24675
0.241983
0.231898
0.214824
0.189565
0.158694
0.125027
0.0852141
0.0494867
0.30397
0.313459
0.334068
0.356108
0.371381
0.378964
0.380916
0.380393
0.379621
0.380055
0.381394
0.382712
0.383066
0.37896
0.368531
0.350895
0.327081
0.300244
0.278174
0.264561
0.473723
0.475183
0.478861
0.483061
0.488026
0.493108
0.498148
0.503519
0.509592
0.516717
0.525385
0.535448
0.546142
0.556627
0.565016
0.568658
0.565671
0.555872
0.541661
0.528092
0.577431
0.570603
0.561882
0.560748
0.568318
0.582435
0.599608
0.616775
0.631835
0.646385
0.660993
0.677213
0.695421
0.715449
0.736712
0.755234
0.766744
0.770277
0.76221
0.743709
0.668388
0.65671
0.654778
0.667527
0.687261
0.710123
0.731919
0.750535
0.765125
0.77712
0.788213
0.800366
0.81339
0.82802
0.84312
0.8566
0.866443
0.870474
0.86934
0.864089
0.869958
0.876988
0.885854
0.894311
0.900956
0.905609
0.908055
0.909857
0.911324
0.913073
0.914342
0.915275
0.91666
0.918815
0.922273
0.929099
0.939642
0.950556
0.957819
0.960099
1.06926
1.08718
1.09625
1.09447
1.08635
1.07495
1.06447
1.05669
1.05217
1.04954
1.04769
1.04476
1.03958
1.03224
1.02335
1.01576
1.01347
1.01742
1.02742
1.03936
1.14284
1.1384
1.13519
1.13604
1.14116
1.14985
1.16021
1.17003
1.17833
1.18552
1.19146
1.19531
1.1967
1.19332
1.18501
1.1724
1.15885
1.14893
1.15068
1.16563
1.23033
1.21334
1.20695
1.21453
1.23157
1.25484
1.278
1.29792
1.31413
1.3278
1.34047
1.3531
1.36584
1.37896
1.39154
1.40088
1.4055
1.40542
1.40083
1.39551
1.41708
1.42005
1.42408
1.42904
1.43447
1.4409
1.44769
1.45603
1.46548
1.47653
1.48837
1.50173
1.51783
1.53735
1.56076
1.58608
1.60758
1.62107
1.61949
1.60384
1.58365
1.59321
1.59718
1.59535
1.5923
1.59139
1.5941
1.60036
1.60867
1.61761
1.62629
1.63482
1.64254
1.65076
1.65968
1.66966
1.6805
1.69127
1.699
1.70002
1.68666
1.67393
1.67209
1.68229
1.69846
1.7179
1.73649
1.75153
1.76234
1.76957
1.77292
1.77187
1.76722
1.75879
1.74857
1.7404
1.73768
1.74333
1.7561
1.76973
1.88222
1.87876
1.87995
1.88555
1.89547
1.90804
1.92037
1.93091
1.93856
1.94273
1.94408
1.94168
1.93416
1.92054
1.90094
1.87834
1.85821
1.8456
1.84966
1.87089
2.10732
2.10934
2.11272
2.1159
2.11842
2.12078
2.12318
2.12625
2.12897
2.13107
2.13234
2.13318
2.13431
2.13409
2.13104
2.12306
2.11021
2.09492
2.08626
2.09134
2.35526
2.36516
2.37298
2.37543
2.37087
2.36037
2.34791
2.33687
2.3291
2.32451
2.32292
2.32472
2.33001
2.34094
2.35709
2.37475
2.38971
2.39723
2.39038
2.37154
2.57223
2.59029
2.59885
2.59495
2.58235
2.56406
2.54558
2.53008
2.51844
2.51065
2.50585
2.50378
2.50496
2.50934
2.51857
2.53348
2.55127
2.56734
2.57117
2.55825
2.67826
2.67326
2.66858
2.66682
2.66854
2.67285
2.67773
2.6814
2.68324
2.68288
2.6807
2.67664
2.66986
2.66102
2.65132
2.64385
2.64108
2.64456
2.65375
2.66268
2.81479
2.79646
2.78771
2.79126
2.80371
2.82229
2.84083
2.85632
2.86707
2.87356
2.87576
2.87281
2.86449
2.84859
2.82633
2.80156
2.77956
2.76605
2.76982
2.79066
3.07449
3.07628
3.07734
3.07653
3.07543
3.07521
3.07594
3.07832
3.08205
3.08653
3.09119
3.09575
3.09903
3.09982
3.09572
3.08488
3.06893
3.05109
3.04128
3.0464
3.33701
3.35067
3.35314
3.34424
3.33124
3.31756
3.30652
3.30044
3.29925
3.3028
3.3093
3.31857
3.33164
3.34855
3.36812
3.38611
3.39826
3.40213
3.39307
3.37414
3.52361
3.52788
3.52775
3.52473
3.52061
3.51533
3.51003
3.50654
3.50627
3.5101
3.51809
3.53022
3.54551
3.5648
3.58688
3.60871
3.62714
3.63948
3.63898
3.62415
3.68773
3.69109
3.69306
3.69345
3.69229
3.69115
3.69092
3.69255
3.69599
3.70191
3.70963
3.71995
3.733
3.74843
3.76553
3.78285
3.7974
3.8066
3.80948
3.80674
3.82351
3.81755
3.81658
3.8219
3.82966
3.84015
3.85271
3.86553
3.87694
3.88601
3.89302
3.89899
3.90395
3.90985
3.91662
3.92585
3.93815
3.95035
3.95892
3.96241
3.99753
3.98133
3.97799
3.98956
4.00827
4.03025
4.05131
4.06913
4.08237
4.09153
4.0969
4.09851
4.0967
4.09151
4.08443
4.07847
4.07681
4.08104
4.09133
4.10395
4.28997
4.29208
4.29473
4.29662
4.2985
4.30111
4.30414
4.30795
4.31234
4.31673
4.32098
4.32424
4.32471
4.3211
4.31251
4.29924
4.285
4.27468
4.27649
4.29181
4.58725
4.60031
4.60426
4.59761
4.58559
4.57148
4.55931
4.55132
4.54759
4.54799
4.55116
4.55696
4.56554
4.57529
4.58514
4.59236
4.59463
4.59269
4.58748
4.58274
4.81791
4.82128
4.8243
4.82464
4.81896
4.80752
4.79472
4.78364
4.77593
4.77221
4.77267
4.77793
4.78769
4.80288
4.82269
4.84449
4.86267
4.87298
4.86981
4.85471
5.03699
5.04312
5.04832
5.04804
5.04119
5.02881
5.01423
5.00004
4.98804
4.97983
4.97516
4.97439
4.9768
4.98154
4.98834
4.9971
5.00647
5.01489
5.02051
5.02111
5.21043
5.2139
5.21271
5.20643
5.19984
5.19424
5.18812
5.18141
5.17522
5.16961
5.16501
5.16079
5.15581
5.15005
5.14336
5.138
5.13714
5.14207
5.15222
5.16369
5.35548
5.35307
5.34686
5.34151
5.33987
5.34198
5.34577
5.35033
5.3547
5.35856
5.36114
5.36241
5.36203
5.3584
5.35046
5.33849
5.32596
5.31745
5.3203
5.3358
5.49976
5.49088
5.48457
5.4862
5.49351
5.50511
5.51867
5.53205
5.54371
5.55349
5.56198
5.56979
5.57738
5.58586
5.59448
5.60141
5.60522
5.60599
5.60317
5.59947
5.68643
5.66926
5.66368
5.67249
5.68871
5.70838
5.72699
5.74223
5.75284
5.76024
5.76519
5.77011
5.77631
5.78575
5.79959
5.81683
5.83326
5.84556
5.84633
5.83424
5.98786
5.98946
5.99024
5.98954
5.9883
5.98693
5.98487
5.98241
5.97935
5.97528
5.97012
5.96428
5.95744
5.95067
5.94444
5.9404
5.93959
5.94346
5.95173
5.95965
6.28858
6.30088
6.30318
6.29444
6.27938
6.2606
6.24174
6.22482
6.20992
6.19674
6.1836
6.16936
6.15279
6.13344
6.1125
6.09258
6.07738
6.07023
6.07662
6.09507
6.51771
6.52036
6.52235
6.52145
6.51328
6.49735
6.47751
6.4566
6.43675
6.41855
6.4025
6.38786
6.37397
6.36057
6.34742
6.33579
6.32717
6.32238
6.3216
6.32538
6.72313
6.72635
6.72782
6.72312
6.71175
6.69534
6.67663
6.65809
6.64126
6.62687
6.61408
6.60327
6.59486
6.58924
6.58552
6.58261
6.57927
6.57522
6.57142
6.56904
6.87598
6.87428
6.86744
6.85606
6.84569
6.83811
6.83179
6.82637
6.82156
6.81716
6.81281
6.80908
6.80661
6.80732
6.81088
6.81626
6.82058
6.82188
6.81871
6.81208
6.99566
6.98531
6.97646
6.97448
6.97847
6.98551
6.99312
6.99944
7.00291
7.00448
7.00369
7.00236
7.00077
7.00094
7.0037
7.00912
7.01571
7.02215
7.02287
7.01534
7.13696
7.11801
7.11221
7.12232
7.14023
7.16114
7.17946
7.19248
7.19968
7.20248
7.20144
7.197
7.18865
7.17748
7.16354
7.14894
7.1355
7.12619
7.12809
7.14054
7.377
7.37136
7.37076
7.37398
7.38126
7.39206
7.40244
7.4108
7.41512
7.41622
7.41357
7.40764
7.39747
7.38381
7.36795
7.3531
7.34226
7.33674
7.33609
7.33979
7.63871
7.63926
7.64109
7.64219
7.64218
7.64206
7.64147
7.64124
7.64005
7.63771
7.63384
7.62859
7.62056
7.60931
7.59516
7.58032
7.56626
7.55512
7.54975
7.55079
7.91111
7.9197
7.92641
7.92744
7.92124
7.90899
7.89436
7.8812
7.87034
7.86284
7.85684
7.85348
7.85127
7.84912
7.84436
7.83546
7.82104
7.80293
7.79048
7.78936
8.13765
8.15481
8.16323
8.15959
8.14719
8.12903
8.11028
8.09454
8.08243
8.07407
8.06842
8.06601
8.06677
8.07193
8.0798
8.08942
8.09765
8.10102
8.09279
8.07381
8.23589
8.23006
8.22667
8.22769
8.23276
8.24028
8.24797
8.25424
8.2582
8.26116
8.26247
8.26325
8.26265
8.26241
8.26328
8.26719
8.27363
8.28004
8.28013
8.27055
8.34282
8.32253
8.31503
8.32348
8.34335
8.37038
8.39652
8.41821
8.43446
8.44724
8.45719
8.46544
8.47044
8.47198
8.46792
8.45819
8.44395
8.43096
8.42803
8.43618
8.55654
8.55107
8.54929
8.55171
8.56064
8.5761
8.59358
8.6112
8.62642
8.64028
8.65239
8.66489
8.67685
8.6886
8.69784
8.70275
8.70194
8.6974
8.69
8.68244
8.79926
8.80061
8.79886
8.79555
8.79335
8.79464
8.79871
8.80596
8.81439
8.82388
8.83387
8.84579
8.85928
8.8756
8.89317
8.91069
8.92377
8.92894
8.92169
8.90369
9.04765
9.05882
9.05959
9.05199
9.03856
9.02303
9.00905
8.99958
8.9943
8.99347
8.99481
8.99916
9.00497
9.01334
9.02253
9.03215
9.03943
9.04174
9.03869
9.03165
9.22619
9.24664
9.25206
9.24215
9.22313
9.20068
9.17981
9.16347
9.15123
9.14206
9.13397
9.12655
9.11894
9.11277
9.10753
9.10613
9.10885
9.11309
9.11599
9.11662
9.31105
9.31485
9.31877
9.31935
9.31537
9.30841
9.30024
9.29202
9.28352
9.27496
9.26473
9.2525
9.23671
9.21881
9.19939
9.18272
9.1724
9.16969
9.17463
9.18419
9.39354
9.3865
9.38517
9.38948
9.39583
9.40187
9.40633
9.40824
9.40691
9.40306
9.39672
9.38812
9.37584
9.35988
9.33937
9.31676
9.29615
9.28187
9.28005
9.29203
9.47267
9.4564
9.45236
9.4631
9.48121
9.50092
9.51707
9.52714
9.53075
9.53021
9.5265
9.5223
9.51821
9.51543
9.51288
9.51056
9.50699
9.50228
9.49492
9.48702
9.6381
9.64096
9.64387
9.64706
9.65095
9.6547
9.6567
9.65735
9.65621
9.65369
9.64941
9.6449
9.64136
9.64196
9.64689
9.65649
9.66646
9.67309
9.66879
9.6519
9.77221
9.78193
9.785
9.78165
9.7768
9.77318
9.77161
9.7718
9.77178
9.77064
9.76659
9.75986
9.74978
9.73804
9.72496
9.71384
9.7063
9.70383
9.70664
9.71047
9.83565
9.82193
9.81907
9.82802
9.84317
9.86122
9.87739
9.88877
9.89466
9.8962
9.89346
9.88654
9.87388
9.85592
9.83272
9.80783
9.78673
9.77361
9.77433
9.78838
9.98418
9.97966
9.97978
9.98458
9.99443
10.0069
10.0187
10.028
10.0333
10.0351
10.0331
10.0278
10.0196
10.0102
10.0002
9.99197
9.98598
9.98179
9.97738
9.97356
10.1551
10.1563
10.1587
10.1615
10.1648
10.1685
10.1724
10.177
10.1806
10.1823
10.1811
10.1776
10.172
10.1669
10.1634
10.1634
10.1658
10.1681
10.1651
10.1549
10.34
10.3475
10.353
10.3549
10.3522
10.3465
10.3407
10.3371
10.3362
10.3372
10.3389
10.3405
10.3406
10.3378
10.3298
10.3165
10.2989
10.2826
10.2773
10.2841
10.4927
10.5029
10.5061
10.5006
10.4915
10.4834
10.4792
10.4784
10.4802
10.4841
10.4901
10.4982
10.5068
10.5159
10.523
10.5257
10.5236
10.5183
10.5104
10.5027
10.572
10.5599
10.5568
10.5635
10.5743
10.5868
10.5985
10.6077
10.6146
10.621
10.6287
10.6387
10.652
10.6686
10.6872
10.7065
10.7218
10.7295
10.7241
10.7069
10.7348
10.7364
10.7387
10.7414
10.7443
10.745
10.744
10.7433
10.7436
10.7455
10.7494
10.756
10.7645
10.776
10.7894
10.8035
10.8164
10.8244
10.8254
10.8199
10.8764
10.8844
10.8856
10.8802
10.8733
10.867
10.8628
10.8608
10.8602
10.8594
10.8578
10.8545
10.8513
10.8491
10.8491
10.8546
10.8658
10.88
10.89
10.8925
10.9566
10.9413
10.9361
10.9423
10.9543
10.9684
10.9806
10.9876
10.9896
10.987
10.9803
10.9698
10.9552
10.9387
10.9221
10.9097
10.906
10.9125
10.9265
10.9406
11.1322
11.1262
11.1239
11.1257
11.1316
11.1392
11.1455
11.1488
11.1484
11.1438
11.1356
11.122
11.1044
11.082
11.0564
11.033
11.0162
11.0096
11.0176
11.0377
11.338
11.337
11.3367
11.3361
11.3353
11.3336
11.3316
11.3296
11.3268
11.322
11.3149
11.3058
11.2943
11.2817
11.2687
11.2565
11.2489
11.2462
11.2476
11.2526
11.5647
11.5698
11.5726
11.5715
11.565
11.5543
11.5424
11.5321
11.5247
11.5189
11.5144
11.5097
11.5063
11.5038
11.503
11.5036
11.5038
11.5035
11.5027
11.5019
11.7644
11.7714
11.7719
11.7642
11.7528
11.741
11.732
11.7256
11.7219
11.7208
11.722
11.7255
11.7303
11.7381
11.7484
11.7593
11.7696
11.7759
11.7763
11.7718
11.8984
11.8814
11.8746
11.8793
11.8889
11.9011
11.912
11.92
11.9257
11.9308
11.9367
11.9432
11.9527
11.9643
11.9776
11.9935
12.0101
12.0241
12.029
12.0236
12.1292
12.1208
12.1167
12.1165
12.1205
12.1266
12.133
12.1393
12.1453
12.1517
12.1597
12.1706
12.1819
12.1928
12.2002
12.2018
12.2003
12.1986
12.2037
12.2169
12.3916
12.3886
12.3861
12.3833
12.3795
12.3757
12.3726
12.372
12.3741
12.3788
12.3869
12.3976
12.4134
12.4321
12.4521
12.4703
12.4837
12.4929
12.4964
12.4959
12.6769
12.6809
12.6822
12.6776
12.666
12.6486
12.6303
12.6154
12.6062
12.6033
12.6059
12.6147
12.6283
12.6489
12.6752
12.704
12.7315
12.753
12.7607
12.7534
12.9295
12.9408
12.9419
12.9302
12.9094
12.8834
12.8585
12.8388
12.8259
12.8194
12.819
12.8223
12.8298
12.8384
12.8479
12.8586
12.8703
12.8837
12.8983
12.9112
13.0655
13.0527
13.0402
13.0302
13.0229
13.0179
13.0149
13.0131
13.0129
13.0149
13.0197
13.028
13.0366
13.0444
13.0487
13.0485
13.0477
13.0502
13.0619
13.0834
13.2222
13.1964
13.1801
13.1758
13.1791
13.187
13.1946
13.2009
13.2061
13.2119
13.2201
13.2307
13.246
13.2643
13.2849
13.3047
13.3206
13.3326
13.3391
13.3426
13.4783
13.4732
13.4676
13.4597
13.4495
13.4371
13.4242
13.4134
13.4064
13.4044
13.407
13.4158
13.429
13.4491
13.4754
13.5052
13.5339
13.5576
13.5685
13.5653
13.7039
13.7099
13.7063
13.6916
13.67
13.6448
13.621
13.6018
13.5884
13.5808
13.5779
13.5783
13.5819
13.5869
13.5944
13.6045
13.6168
13.6326
13.6516
13.67
13.8085
13.7912
13.7751
13.7626
13.7542
13.749
13.7458
13.7427
13.7398
13.7378
13.7368
13.737
13.7359
13.7331
13.7287
13.7239
13.7221
13.7271
13.7449
13.7746
13.9198
13.889
13.8694
13.8636
13.8672
13.8766
13.8857
13.892
13.8956
13.8983
13.9011
13.9045
13.9092
13.9135
13.9179
13.9221
13.9272
13.9349
13.9463
13.9627
14.1155
14.1031
14.0927
14.0832
14.075
14.0678
14.0613
14.0568
14.0546
14.0555
14.0586
14.0652
14.0744
14.0864
14.0995
14.1117
14.1213
14.1293
14.138
14.1503
14.2775
14.2697
14.2583
14.2408
14.2232
14.2092
14.2001
14.196
14.1955
14.1985
14.2039
14.2125
14.2241
14.2386
14.2563
14.2747
14.2909
14.3038
14.3137
14.3236
14.3605
14.3294
14.3113
14.3042
14.3035
14.3079
14.3138
14.3188
14.3224
14.3263
14.3307
14.3367
14.3441
14.3537
14.3663
14.3822
14.3992
14.4163
14.4298
14.4406
14.5139
14.4965
14.484
14.4717
14.4614
14.4523
14.4445
14.439
14.4362
14.4363
14.4379
14.4403
14.4409
14.4379
14.4322
14.4247
14.4177
14.4153
14.4283
14.4603
14.6196
14.6123
14.6025
14.5839
14.5634
14.5435
14.5277
14.5177
14.5134
14.5132
14.5156
14.5189
14.5214
14.5206
14.5167
14.5107
14.5046
14.503
14.5109
14.5342
14.6006
14.5825
14.5745
14.5678
14.5624
14.557
14.553
14.5505
14.5505
14.5532
14.5583
14.5663
14.5746
14.5816
14.5857
14.5837
14.578
14.5725
14.5747
14.5946
14.5008
14.4815
14.4817
14.4866
14.4924
14.4994
14.5086
14.5187
14.5297
14.5412
14.5538
14.5677
14.5835
14.5989
14.6116
14.6195
14.6195
14.6149
14.6139
14.6302
14.3111
14.2808
14.2844
14.3029
14.328
14.3578
14.3918
14.4245
14.4534
14.4777
14.4982
14.5179
14.5353
14.552
14.568
14.5792
14.5826
14.5802
14.5782
14.5914
14.1021
14.0593
14.0663
14.103
14.1536
14.21
14.2667
14.3158
14.3544
14.3811
14.3986
14.4078
14.4123
14.4114
14.407
14.4
14.3871
14.3733
14.3711
14.4006
13.9717
13.9411
13.9597
13.9982
14.0475
14.1022
14.1571
14.2038
14.2378
14.2567
14.2598
14.2501
14.226
14.1929
14.1561
14.1201
14.0909
14.0716
14.0732
14.1193
13.8302
13.7995
13.8285
13.878
13.9334
13.9906
14.0461
14.0918
14.1218
14.1315
14.1199
14.0856
14.0321
13.9618
13.8833
13.809
13.7471
13.7099
13.7143
13.7858
13.6532
13.5938
13.6299
13.708
13.7929
13.8716
13.9413
13.9946
14.0255
14.0314
14.0101
13.9647
13.8908
13.795
13.6835
13.5691
13.4727
13.4115
13.4143
13.5137
13.5588
13.4654
13.495
13.5844
13.69
13.7938
13.8848
13.9523
13.9914
14.0006
13.9796
13.9277
13.8477
13.7412
13.6164
13.4905
13.3821
13.3153
13.3198
13.438
13.6292
13.4764
13.4884
13.5838
13.7088
13.8386
13.9545
14.0411
14.0932
14.1121
14.0966
14.0519
13.9737
13.8706
13.7477
13.6176
13.4976
13.4194
13.4328
13.5958
14.0841
13.8419
13.8221
13.9256
14.0667
14.2062
14.3238
14.4116
14.4673
14.4924
14.487
14.4521
14.3906
14.3028
14.1943
14.075
13.9572
13.8797
13.914
14.1454
15.2757
14.9419
14.8704
14.9318
15.0279
15.1169
15.1882
15.2416
15.2767
15.296
15.2984
15.2884
15.2622
15.2232
15.1661
15.0895
15.0057
14.9524
15.0259
15.3535
17.4789
17.0411
16.9058
16.8831
16.8627
16.8224
16.7788
16.7468
16.7283
16.7233
16.7311
16.7515
16.7881
16.8383
16.8935
16.9373
16.9608
16.9874
17.1167
17.5403
20.7058
20.2181
20.0052
19.8134
19.5779
19.3236
19.1029
18.9425
18.843
18.7977
18.8028
18.8581
18.967
19.1375
19.363
19.6227
19.8663
20.0693
20.2795
20.7548
24.5746
23.88
23.5736
23.1715
22.6838
22.2166
21.8454
21.5881
21.4303
21.3562
21.3594
21.4362
21.5982
21.8603
22.2346
22.7075
23.2047
23.6126
23.9141
24.5826
29.9722
26.7311
26.6216
26.019
25.2803
24.6838
24.2597
23.98
23.8119
23.7327
23.7358
23.8154
23.9911
24.2794
24.7192
25.3348
26.0914
26.6996
26.7965
29.9943
)
;

boundaryField
{
    fixedWalls_1
    {
        type            zeroGradient;
    }
    frontAndBack_1
    {
        type            empty;
    }
    inlet_1
    {
        type            zeroGradient;
    }
    outlet_1
    {
        type            fixedValue;
        value           uniform 0;
    }
    fixedWalls_2
    {
        type            zeroGradient;
    }
    frontAndBack_2
    {
        type            empty;
    }
    inlet_2
    {
        type            zeroGradient;
    }
    outlet_2
    {
        type            fixedValue;
        value           uniform 0;
    }
    fixedWalls_3
    {
        type            zeroGradient;
    }
    frontAndBack_3
    {
        type            empty;
    }
    inlet_3
    {
        type            zeroGradient;
    }
    outlet_3
    {
        type            fixedValue;
        value           uniform 0;
    }
    fixedWalls_4
    {
        type            zeroGradient;
    }
    frontAndBack_4
    {
        type            empty;
    }
    inlet_4
    {
        type            zeroGradient;
    }
    outlet_4
    {
        type            fixedValue;
        value           uniform 0;
    }
    fixedWalls_5
    {
        type            zeroGradient;
    }
    frontAndBack_5
    {
        type            empty;
    }
    inlet_5
    {
        type            zeroGradient;
    }
    outlet_5
    {
        type            fixedValue;
        value           uniform 0;
    }
}


// ************************************************************************* //
