/*--------------------------------*- C++ -*----------------------------------*\
  =========                 |
  \\      /  F ield         | OpenFOAM: The Open Source CFD Toolbox
   \\    /   O peration     | Website:  https://openfoam.org
    \\  /    A nd           | Version:  6
     \\/     M anipulation  |
\*---------------------------------------------------------------------------*/
FoamFile
{
    version     2.0;
    format      ascii;
    class       volScalarField;
    location    "17";
    object      epsilon;
}
// * * * * * * * * * * * * * * * * * * * * * * * * * * * * * * * * * * * * * //

dimensions      [0 2 -3 0 0 0 0];

internalField   nonuniform List<scalar> 
10000
(
255.121
344.884
210.371
127.611
82.3061
57.6497
44.4123
37.2058
33.3886
31.7838
31.9561
33.92
38.1794
45.9137
59.7904
84.6326
130.077
210.615
341.355
257.236
254.44
344.429
209.192
126.156
82.2609
57.5967
44.3995
37.1879
33.3539
31.6833
31.7908
33.7163
38.0836
45.5236
59.6633
84.4726
129.993
210.593
341.148
255.87
255.021
344.293
211.463
127.583
82.534
57.5847
44.4181
37.1599
33.3307
31.6814
31.8423
33.7838
38.0996
45.7939
59.5866
84.2756
129.879
210.506
341.14
255.89
255.11
345.412
211.375
128.274
82.5337
57.0715
44.355
37.0006
33.1924
31.7269
31.9017
33.8465
38.037
45.3975
59.38
83.1832
129.739
210.122
339.71
255.825
256.986
344.315
208.911
126.291
82.5224
57.6107
44.4225
37.1386
33.2594
31.7277
31.8805
33.8182
38.0082
45.5409
59.1824
84.6504
129.617
209.84
341.837
254.718
254.919
344.928
209.596
127.448
82.6464
57.173
44.2759
37.0897
33.297
31.6959
31.7458
33.6431
37.8039
45.7222
59.7855
84.7635
129.408
207.97
341.704
255.521
255.171
342.613
209.374
128.661
82.8401
58.0116
44.5059
36.9374
33.1966
31.6855
31.823
33.7522
37.9236
45.3815
59.6843
84.6587
128.052
210.033
341.527
255.8
255.444
344.934
210.421
128.441
82.6569
57.9873
44.5128
36.9702
33.2802
31.6756
31.7975
33.7291
37.9086
45.6279
59.5477
84.7993
130.146
208.469
340.938
255.52
256.537
346.521
211.877
126.73
82.4216
57.9484
44.48
36.9837
33.2826
31.6601
31.6912
33.6543
37.6899
45.4128
58.8333
84.5035
130.239
211.066
342.978
257.555
256.112
346.01
211.318
127.749
81.7445
57.853
44.4523
37.0696
33.276
31.6593
31.7557
33.6483
37.5998
45.1144
59.1701
84.2113
129.739
208.921
342.663
257.962
255.146
345.135
208.761
128.865
82.7063
57.8703
44.4221
36.8527
33.1471
31.6032
31.748
33.6399
37.6601
45.3664
58.9731
83.8315
129.405
210.509
342.483
258.066
254.239
343.616
210.193
128.883
82.4949
57.6761
44.3414
36.9913
33.2196
31.5973
31.6311
33.608
37.6901
44.9766
58.1421
82.515
127.386
209.772
341.672
256.382
256.218
344.204
211.489
128.514
81.3258
56.9284
43.9642
37.0241
33.1094
31.5077
31.7211
33.499
37.5406
45.233
58.7785
83.2918
128.339
207.773
341.246
254.434
256.057
344.42
211.065
126.942
81.9536
57.2428
44.1256
37.0383
33.1269
31.525
31.7321
33.6212
37.7061
45.0291
58.1345
82.1846
127.003
209.668
341.111
254.042
255.962
345.523
209.602
129.201
82.6173
57.4105
44.1642
37.0419
33.1242
31.5263
31.722
33.6
37.593
45.3131
58.8032
83.1622
128.512
209.453
341.01
253.567
256.263
345.492
211.484
128.998
82.0962
57.7804
44.3849
36.9701
33.1453
31.5617
31.7052
33.5804
37.6935
45.2659
58.6151
81.9078
126.644
208.57
340.914
254.767
256.67
345.415
209.507
127.924
81.5347
57.7237
44.1937
37.1241
33.2473
31.4974
31.6952
33.5586
37.6397
45.1589
58.5715
82.3841
127.699
205.935
340.736
254.973
257.162
345.573
212.192
128.492
82.2158
57.5428
44.5598
37.1674
33.2564
31.6041
31.7075
33.539
37.5533
44.994
58.3698
82.6541
126.244
208.697
340.945
255.12
257.449
345.237
211.495
128.223
83.1904
58.2
44.6288
37.0718
33.153
31.5061
31.6883
33.5141
37.4142
44.5654
57.6223
81.7433
127.942
210.46
340.865
254.374
257.829
343.28
209.484
129.31
83.3259
58.2215
44.6079
37.1478
33.2426
31.6371
31.691
33.4636
37.5191
45.0284
58.4212
82.8978
129.063
210.023
340.469
256.082
257.604
344.901
210.891
128.176
83.1338
58.1503
44.4022
37.3036
33.3492
31.6727
31.6557
33.6564
37.7748
45.3574
58.9056
83.5936
127.752
208.3
338.484
255.42
257.57
342.957
212.567
129.892
83.1258
58.1634
44.7793
37.3789
33.3087
31.6886
31.8201
33.7008
37.6224
45.0377
58.307
82.8442
129.082
210.187
339.232
256.3
257.183
343.34
212.555
129.68
82.8493
58.0185
44.8188
37.4181
33.3052
31.6809
31.8018
33.7448
37.8939
45.4651
58.9298
83.8627
127.659
209.919
339.145
255.591
256.549
343.116
212.336
129.123
81.7282
57.4045
44.7971
37.4644
33.4215
31.662
31.6858
33.7328
37.913
45.4579
58.3424
83.8747
129.424
208.673
339.419
256.725
256.573
344.267
212.151
128.052
82.3611
58.1787
44.9277
37.5337
33.4158
31.567
31.7745
33.737
37.8996
45.5036
58.9232
83.0625
128.17
210.727
340.91
257.423
255.572
342.461
211.816
129.372
81.2751
57.7179
44.8617
37.5655
33.4463
31.7049
31.6867
33.6843
37.8762
45.4786
58.4831
84.2349
129.972
210.588
339.912
258.501
256.403
344.204
211.363
129.122
82.3495
58.5003
44.7947
37.6261
33.6354
31.8755
31.8082
33.5693
37.6735
45.4788
58.7875
84.1645
129.816
210.153
341.888
258.749
256.944
342.47
209.283
127.625
83.1952
58.6758
45.1627
37.682
33.6519
31.8956
31.919
33.7066
37.9183
45.4989
59.1691
83.8892
129.333
207.76
341.897
258.858
256.831
344.175
210.452
128.952
83.0729
58.6059
45.1673
37.6828
33.646
31.8721
31.8464
33.788
37.9271
45.4806
58.9904
83.5712
129.176
210.603
341.803
257.78
258.988
345.66
211.544
127.649
81.8916
57.997
45.0604
37.6372
33.6194
31.8448
31.9361
33.7706
37.8695
45.3054
58.6962
83.0326
128.529
210.198
340.101
258.604
258.854
345.577
210.389
129.391
83.2026
58.4856
45.0737
37.6023
33.5982
31.8643
31.9318
33.7487
37.8117
45.2744
57.9245
81.8368
127.315
209.818
341.677
258.519
258.872
345.48
209.687
128.881
83.0482
57.8425
44.9231
37.5124
33.5349
31.7779
31.9002
33.7007
37.5787
45.2962
58.4811
82.5453
127.324
208.469
341.265
258.22
259.176
345.387
211.113
127.207
81.9612
57.8192
44.895
37.3278
33.3931
31.7347
31.8887
33.7221
37.6679
45.0944
58.9997
83.7269
129.63
210.403
340.92
257.737
258.585
344.805
208.972
127.566
82.5102
57.8084
44.9032
37.4927
33.5283
31.8209
31.8825
33.7184
37.8142
45.376
58.9354
82.6224
129.207
209.934
339.497
256.469
258.474
344.647
209.977
128.171
83.1949
57.9923
44.907
37.3489
33.4133
31.8093
31.8791
33.6999
37.7651
45.2304
58.885
83.615
128.987
209.549
341.035
257.427
257.779
344.226
210.922
126.159
83.07
58.3857
44.9351
37.4882
33.5196
31.8136
31.8653
33.6526
37.5358
45.1502
58.6833
83.3504
127.27
207.024
339.125
256.46
257.604
343.715
210.501
127.658
83.0643
58.3299
44.9003
37.4421
33.508
31.7971
31.8557
33.6736
37.6704
44.7306
57.8832
82.5325
129.247
209.99
340.157
258.174
256.899
341.834
208.389
128.942
82.961
58.1455
44.8322
37.2517
33.4718
31.7767
31.8341
33.6562
37.718
44.9134
58.3765
83.5823
129.109
209.704
340.292
257.924
256.545
342.612
209.51
128.764
82.6411
57.5704
44.777
37.3854
33.4905
31.7709
31.7989
33.6258
37.7053
44.9986
58.8128
83.4796
128.587
207.627
341.693
257.484
257.362
341.346
206.946
128.485
81.6668
58.0168
44.7863
37.2309
33.4496
31.7337
31.6729
33.453
37.6712
45.1915
58.7351
83.226
127.316
209.957
341.534
257.248
256.803
343.712
208.864
128.464
82.6548
57.7398
44.7604
37.385
33.4549
31.7347
31.7071
33.4884
37.6175
45.0981
58.5011
83.0606
128.488
209.473
340.257
255.772
258.873
343.391
210.161
128.113
81.6248
57.9881
44.7315
37.3147
33.416
31.717
31.7545
33.5317
37.5481
44.9504
57.782
81.731
127.89
208.956
339.701
256.314
258.585
341.319
207.933
127.48
82.2809
57.9555
44.6857
37.1805
33.384
31.7024
31.7489
33.5126
37.4971
44.9467
58.228
82.2899
126.424
207.076
339.429
254.948
257.811
342.479
209.252
125.904
81.1148
57.2804
44.601
37.2733
33.3672
31.6041
31.722
33.4804
37.2412
44.5641
58.0364
81.457
127.543
208.481
339.717
254.792
257.398
341.778
208.581
127.174
82.0022
57.7443
44.6264
37.1052
33.2586
31.6728
31.7312
33.5048
37.3506
44.761
57.9465
82.1467
127.166
208.031
340.622
254.333
256.463
340.718
205.844
125.219
80.8026
57.1054
44.5642
37.2524
33.3833
31.6715
31.6288
33.4812
37.44
44.4815
57.3195
80.9164
125.309
205.799
340.086
254.141
255.981
338.805
205.948
125.408
81.0514
57.672
44.6049
37.268
33.2575
31.6348
31.6755
33.4615
37.4485
44.7792
57.8475
81.2324
126.379
207.175
338.717
253.83
254.72
340.043
205.702
124.91
80.7515
57.5251
44.5107
37.0855
33.2464
31.5717
31.5428
33.294
37.3516
44.6685
57.6713
80.7925
125.803
206.73
339.988
254.369
254.753
338.267
206.032
124.677
80.6967
57.3848
44.4268
37.1203
33.289
31.6401
31.6035
33.3759
37.3005
44.5796
57.5643
80.698
123.996
205.934
339.535
254.4
254.064
338.809
204.089
124.012
80.8992
57.0633
44.1875
37.1254
33.3444
31.6397
31.6421
33.3546
37.0984
44.438
57.3356
81.065
124.92
205.145
337.664
252.922
254.624
339.382
205.336
123.772
80.6511
56.8732
44.1861
37.2019
33.348
31.6263
31.6261
33.344
37.224
44.3376
56.8195
80.6432
124.292
203.048
338.564
253.128
254.076
338.506
203.12
122.968
80.2803
57.0236
44.2888
37.1725
33.2988
31.5101
31.5115
33.2992
37.1732
44.2566
56.6699
79.509
122.506
203.154
338.014
253.187
253.949
336.495
203.623
122.696
79.9398
56.8087
44.1494
36.9681
33.1723
31.5578
31.5634
33.262
37.0988
44.1537
56.5133
79.4087
122.417
203.45
335.789
252.533
252.439
336.384
202.794
122.773
78.9729
56.1441
43.8034
36.9473
33.2397
31.5603
31.5516
33.2298
37.0341
44.0883
56.5489
78.9662
121.683
202.753
336.579
252.003
251.579
336.329
201.802
122.105
79.175
56.1755
43.8107
36.9159
33.2209
31.5315
31.512
33.163
36.9056
43.7492
56.3461
78.7519
121.958
201.899
335.089
251.554
251.396
335.669
200.641
121.177
78.7619
55.8994
43.7015
36.8742
33.1237
31.5009
31.491
33.1214
36.7264
43.6745
56.0982
78.2197
120.093
200.99
334.731
252.605
251.461
334.752
198.028
120.2
77.6869
55.7596
43.7411
36.9293
33.1776
31.4673
31.4538
33.0909
36.7572
43.5718
55.8814
77.9347
120.438
198.734
335.518
252.054
251.226
333.768
197.29
118.502
77.5786
55.687
43.6654
36.8945
33.1623
31.3609
31.3396
32.9619
36.7195
43.3859
55.3104
77.2289
118.665
197.942
333.386
252.204
250.719
331.469
195.865
118.04
77.1513
55.4494
43.5342
36.7232
33.1457
31.4241
31.4564
33.0438
36.6591
43.2269
55.0933
76.9058
117.868
197.436
333.1
252.301
250.415
331.148
195.713
117.144
76.5933
55.1732
43.2747
36.7179
33.1473
31.4935
31.4405
32.9806
36.4569
42.9866
54.7596
76.3368
116.56
194.692
331.897
250.936
249.007
330.009
194.418
116.207
76.099
54.961
43.3211
36.7549
33.1122
31.3942
31.3941
32.9233
36.362
42.8364
54.3893
75.3244
115.689
194.522
331.814
250.56
248.345
329.544
192.887
115.387
75.4497
54.3934
43.168
36.6816
33.0767
31.4164
31.3021
32.8023
36.2507
42.6525
54.0724
74.849
114.535
191.377
330.555
250.285
247.71
326.296
189.858
113.565
74.5005
54.194
42.8939
36.5611
32.9958
31.3697
31.2408
32.7137
36.1385
42.4305
53.5887
74.0886
113.549
190.667
329.27
249.302
246.733
325.565
188.434
112.512
73.919
53.7754
42.7444
36.4646
32.9007
31.23
31.2123
32.6994
36.0321
42.2517
53.2848
73.4186
112.266
188.82
327.826
248.665
245.986
322.756
185.658
110.65
72.9158
53.3755
42.4613
36.2375
32.7804
31.1488
31.1292
32.5544
35.8934
42.0022
52.848
72.6804
110.951
186.781
325.103
247.582
244.925
321.715
184.017
109.669
72.3071
52.966
42.2812
36.1269
32.6754
31.017
30.9481
32.4301
35.7403
41.8074
52.4831
71.9706
109.549
184.773
323.837
246.729
243.556
319.982
182.102
108.218
71.6165
52.6214
42.0437
35.9353
32.4384
30.8536
30.8032
32.2647
35.5881
41.5854
52.1011
71.2901
108.373
183.019
322.45
245.465
242.883
318.427
180.13
107.004
70.8619
52.2077
41.8099
35.746
32.3146
30.7179
30.6673
32.132
35.421
41.3496
51.6937
70.4936
106.924
180.684
320.075
243.872
241.78
316.599
177.932
105.446
70.038
51.7642
41.5538
35.5771
32.1597
30.5652
30.5004
31.943
35.1912
41.055
51.2677
69.7342
105.413
178.279
317.492
242.769
240.689
314.79
175.811
103.9
69.2142
51.2836
41.2524
35.3561
31.9747
30.3855
30.3148
31.7605
35.0139
40.8191
50.8689
68.9842
104.016
176.146
315.54
241.551
238.926
312.626
173.43
102.598
68.4635
50.8246
40.94
35.121
31.7768
30.2101
30.1571
31.5989
34.817
40.5459
50.4243
68.1736
102.517
173.751
312.885
239.731
237.117
310.745
170.867
100.887
67.5008
50.2282
40.5333
34.827
31.5484
30.0162
29.9657
31.3987
34.5935
40.2417
49.9264
67.2724
100.906
171.264
310.407
238.421
235.277
308.071
168.094
99.1167
66.5054
49.659
40.1607
34.5404
31.3127
29.8145
29.7793
31.2053
34.3582
39.9139
49.4078
66.3606
99.2034
168.391
307.579
236.845
232.967
305.038
165.04
97.1801
65.4131
49.0041
39.739
34.2421
31.0693
29.5891
29.5506
30.955
34.0558
39.5011
48.7754
65.2807
97.2327
165.162
304.499
234.624
230.456
301.266
161.496
95.0482
64.2402
48.3311
39.2924
33.9003
30.7797
29.3209
29.283
30.6677
33.7159
39.0406
48.0571
64.0339
94.9457
161.488
300.514
232.402
226.83
296.538
157.45
92.6563
62.9087
47.5252
38.7508
33.4946
30.444
29.0133
28.9701
30.3183
33.2964
38.4985
47.2696
62.7226
92.547
157.351
295.862
228.33
223.109
290.858
152.785
90.0055
61.4853
46.6551
38.146
33.032
30.0533
28.6531
28.6097
29.9252
32.8273
37.8822
46.3605
61.2069
89.7467
152.361
289.729
224.066
218.368
283.692
147.473
87.0609
59.8549
45.6533
37.4446
32.4843
29.5901
28.2301
28.1897
29.4705
32.2889
37.185
45.3541
59.5464
86.6698
146.723
282.169
217.905
212.21
274.974
141.503
83.8237
58.1069
44.5538
36.6407
31.8457
29.0453
27.7288
27.6882
28.9262
31.6505
36.3724
44.2005
57.6729
83.2492
140.3
272.444
210.26
205.384
264.661
135.054
80.3921
56.1735
43.3046
35.712
31.0936
28.3977
27.1328
27.0975
28.2953
30.9255
35.4752
42.9533
55.6593
79.607
133.425
261.299
202.225
198.29
252.434
127.997
76.7525
54.0658
41.9034
34.6683
30.2398
27.6495
26.4367
26.4073
27.5634
30.0953
34.4644
41.5992
53.5701
75.846
126.055
248.443
193.185
190.648
239.019
120.812
73.1074
51.8866
40.3899
33.4956
29.2628
26.7872
25.6305
25.6092
26.726
29.1629
33.3525
40.1418
51.3908
72.0815
118.731
234.981
185.575
183.786
224.111
113.363
69.4028
49.6135
38.7508
32.1996
28.1676
25.8131
24.719
24.7078
25.7849
28.1276
32.1506
38.6489
49.3015
68.5744
111.698
221.038
179.669
176.553
208.403
105.836
65.6712
47.2758
37.0324
30.8161
26.9857
24.7497
23.7148
23.7138
24.752
27.0005
30.8571
37.0786
47.2112
65.2274
104.907
207.086
175.92
174.036
193.465
98.9329
62.1222
44.9263
35.2422
29.3458
25.7163
23.6042
22.6313
22.6377
23.6288
25.7782
29.4807
35.4761
45.1982
62.1808
98.7153
193.605
175.002
175.09
180.466
92.8768
58.893
42.6596
33.4401
27.8437
24.4131
22.4263
21.5165
21.5279
22.4657
24.5024
28.0235
33.7666
43.119
59.3128
93.2058
181.205
177.522
181.057
169.396
87.536
55.8743
40.4527
31.6758
26.3638
23.1257
21.2619
20.4109
20.4233
21.3055
23.2262
26.5663
32.0596
41.0775
56.6407
88.1965
170.5
183.107
188.918
160.282
83.1023
53.3558
38.5164
30.055
24.9762
21.912
20.1591
19.3615
19.3735
20.1983
21.9958
25.136
30.3548
39.0257
54.0846
83.9377
161.41
189.343
198.44
152.809
79.7547
51.1472
36.717
28.5515
23.7035
20.8054
19.1569
18.4084
18.4183
19.1878
20.8688
23.8197
28.7683
37.1233
51.8604
80.7887
154.238
201.111
212.496
147.337
77.5408
49.366
35.149
27.2215
22.5805
19.8324
18.2796
17.5771
17.5841
18.3005
19.8713
22.6423
27.3133
35.2916
49.5921
77.8491
147.488
211.98
226.302
142.934
75.5273
47.636
33.6626
25.9909
21.5682
18.9801
17.5298
16.8773
16.8821
17.5446
19.0078
21.6137
26.0569
33.753
47.7432
75.6581
143.341
227.445
245.51
140.69
74.1292
46.1056
32.2801
24.8562
20.6552
18.2343
16.8949
16.2966
16.2984
16.9011
18.2457
20.676
24.8919
32.3397
46.1846
74.1618
140.807
245.2
266.737
139.428
72.5095
44.3421
30.794
23.7001
19.7736
17.5545
16.3464
15.8121
15.8123
16.3475
17.5563
19.7769
23.7059
30.8139
44.4012
72.6579
139.764
266.138
289.639
138.935
70.8003
42.4
29.1845
22.4918
18.8968
16.9182
15.8652
15.4068
15.4063
15.8641
16.9154
18.8935
22.4906
29.1934
42.4363
70.8825
139.031
290.438
316.713
138.844
68.4952
39.9471
27.2931
21.1597
17.9912
16.31
15.4443
15.0749
15.0746
15.4439
16.309
17.9894
21.157
27.2897
39.9457
68.5074
138.857
316.078
343.823
138.298
64.899
36.771
25.0889
19.7244
17.0863
15.7536
15.1017
14.8348
14.8347
15.1015
15.7535
17.0863
19.7267
25.1
36.8108
65.0156
138.539
344.331
372.93
135.908
59.6098
32.8217
22.6092
18.2367
16.2262
15.2782
14.859
14.7106
14.7106
14.8592
15.2782
16.2247
18.2345
22.6061
32.8199
59.6195
135.936
372.704
402.671
128.26
51.3105
27.8504
19.8682
16.7637
15.4757
14.9584
14.755
14.6772
14.6773
14.7552
14.9588
15.4766
16.7665
19.8718
27.8612
51.3418
128.353
402.815
432.243
107.442
38.6612
21.9418
17.0607
15.4905
14.9823
14.8091
14.7297
14.7003
14.7005
14.7306
14.8109
14.9846
15.4917
17.06
21.9406
38.6775
107.533
432.53
466.623
57.4587
21.6901
16.2917
15.2377
14.9498
14.8451
14.8044
14.7967
14.7964
14.7964
14.7967
14.8049
14.8459
14.9518
15.2416
16.2961
21.6886
57.448
466.555
689.985
992.317
591.436
332.634
189.954
115.647
78.189
58.5175
48.2556
43.7972
43.7399
48.1142
58.5917
78.8404
117.092
190.08
332.713
593.12
983.726
685.739
687.325
987.971
587.758
330.358
188.782
113.378
76.9302
57.7209
47.5886
43.1563
43.0678
47.2664
58.0994
78.3467
116.309
185.12
323.605
589.211
979.902
684.097
685.488
982.6
584.551
328.112
187.689
115.566
78.4393
58.7579
48.3837
43.7887
43.5873
47.3678
57.5565
77.9026
116.059
188.36
328.259
585.047
968.031
682.707
681.568
966.986
570.776
318.379
182.964
114.956
78.2512
58.6999
48.3565
43.7381
43.5729
47.2988
57.8778
76.509
113.688
190.883
332.253
572.418
982.999
686.823
681.427
973.615
581.318
322.13
184.762
113.267
77.1511
58.4445
48.1924
43.5392
43.4522
47.3045
57.8104
76.7796
114.2
189.743
331.231
575.068
970.496
684.933
681.081
979.242
568.006
319.439
185.736
114.15
78.3987
58.2142
48.0987
43.0005
43.3641
47.5129
57.235
76.6226
113.866
185.124
324.102
575.702
978.134
681.899
679.376
974.427
582.463
324.051
189.203
114.86
78.4106
58.3983
48.0603
43.6983
43.2982
47.0144
57.9011
77.1708
114.874
190.036
333.952
585.485
988.453
674.182
680.533
958.288
569.581
329.871
188.734
114.746
77.5754
57.6049
47.491
43.6114
42.8718
47.5573
57.8681
75.8583
111.94
188.561
332.552
572.09
986.708
673.564
676.7
970.112
589.018
328.873
184.269
116.718
79.0933
58.4488
48.3565
43.7011
43.5097
46.983
57.8225
77.0257
112.382
183.841
331.033
588.546
984.542
674.543
680.67
981.65
587.015
325.513
188.324
116.94
79.0695
59.1171
48.2556
43.1227
43.4288
47.2691
57.7739
76.1832
112.668
189.553
328.976
584.193
970.167
673.518
682.728
966.179
583.036
315.218
183.827
116.252
77.8944
59.0675
47.8067
43.5509
43.4229
47.6787
57.7152
77.2218
113.756
189.426
325.824
579.57
983.843
669.819
681.684
985.372
572.939
326.838
188.966
116.172
78.6599
59.1336
48.6247
43.1632
42.7687
47.5071
57.4787
76.9651
111.904
188.745
316.492
571.546
968.028
666.47
678.355
982.587
585.813
332.07
184.812
113.728
77.3134
58.973
48.6513
43.7724
43.1451
47.3224
56.5527
76.7461
111.489
189.32
324.653
567.218
971.039
665.501
685.49
979.887
572.987
325.97
187.613
115.292
77.7154
58.8628
48.5107
43.2845
42.6172
46.918
57.3235
76.2749
113.757
189.133
316.484
579.298
970.019
665.031
686.584
968.112
582.757
337.246
191.234
116.47
77.7844
58.7537
48.4665
43.7737
43.0518
47.9392
58.3633
78.3226
116.768
189.956
319.934
568.553
978.206
668.539
688.724
982.276
593.359
337.807
190.201
115.841
78.196
58.0693
47.8281
43.3378
43.6006
48.1454
58.3335
78.0938
116.476
189.97
322.537
582.486
993.633
664.801
688.766
970.733
589.828
335.881
185.087
113.113
76.9619
58.5006
48.3445
43.7548
43.4664
48.0083
58.1156
77.7447
116.123
190.199
329.059
568.247
993.104
668.926
684.962
985.551
575.992
335.01
188.772
114.097
77.8087
58.3737
48.215
43.6072
42.865
47.8243
57.9322
77.2291
115.427
189.357
328.762
576.749
991.919
671.801
694.335
975.843
580.28
334.235
184.518
113.994
76.576
57.45
47.9667
43.0863
43.349
47.6731
57.6771
75.6756
114.741
188.705
327.06
585.376
990.846
671.423
694.187
989.42
583.694
333.449
189.014
115.592
76.7127
57.5566
47.8574
43.0487
42.769
47.4281
57.6333
76.8506
114.016
187.477
318.968
581.608
987.189
674.218
692.404
975.569
593.062
331.17
184.669
114.99
76.4387
57.3926
47.3586
42.9482
42.8271
46.7035
57.319
75.3695
111.358
186.886
331.013
575.761
982.977
673.425
685.369
992.135
590.813
328.16
188.4
114.642
76.4881
57.6094
47.7171
43.1431
43.0278
46.7758
57.3253
76.2896
113.617
182.206
329.785
557.214
967.109
671.465
688.374
981.283
585.434
317.939
187.398
112.705
77.0384
58.1596
47.3311
42.4816
42.5868
46.5818
57.1305
76.7791
112.063
187.024
330.938
573.745
978.253
669.796
686.969
998.078
574.645
319.433
186.912
114.584
76.4882
58.122
48.0137
43.19
43.3494
46.7375
56.4486
76.6298
113.665
185.728
330.282
580.808
985.811
672.789
683.981
998.901
587.274
318.485
186.328
112.86
76.5905
57.564
47.5754
43.6259
43.4012
47.1536
57.2225
75.3964
112.749
179.706
329.379
567.277
981.165
674.214
676.523
996.196
575.949
320.601
185.59
114.211
77.69
58.2044
48.0252
43.5057
43.3366
46.362
57.0702
75.9272
111.157
182.574
329.254
571.067
965.67
672.562
675.665
994.898
587.597
311.785
184.517
113.523
77.4194
58.0764
47.8981
43.0305
43.3037
47.011
56.638
76.7673
113.038
185.204
329.396
577.217
974.916
672.388
674.734
991.718
585.398
319.795
183.957
111.424
77.0863
57.3805
47.3619
43.2551
43.2841
47.5457
57.4002
76.5253
110.525
180.191
328.759
588.453
957.983
673.463
671.155
989.497
571.923
325.041
181.113
112.91
77.0467
58.0576
47.8235
42.7919
42.6178
47.2382
56.5128
75.9378
113.646
186.102
326.955
588.672
978.174
674.785
673.895
985.735
582.728
319.717
185.787
112.484
76.7537
58.004
47.8007
42.7885
42.7094
46.7561
56.8049
76.659
112.945
184.608
323.761
586.662
991.916
669.334
666.137
981.272
569.929
328.229
185.405
110.917
75.5994
57.8578
47.7003
42.7771
42.7613
46.983
56.9016
76.2801
110.823
181.086
315.123
583.417
988.509
669.763
671.643
967.002
586.589
328.446
184.64
111.112
76.5274
57.9385
47.5231
42.9126
43.03
47.2643
57.4509
75.9783
112.595
185.213
323.211
579.42
985.555
667.416
674.71
971.876
585.266
326.847
183.4
112.676
75.873
57.8502
47.9647
43.2912
43.5876
47.8837
57.3261
74.5512
110.461
183.833
319.713
574.449
973.234
662.692
672.96
974.555
584.118
325.85
179.277
110.964
77.2089
57.8244
47.8718
42.5629
43.4952
47.8652
56.9989
75.8355
111.374
182.785
311.647
561.72
987.107
662.5
673.625
983.962
582.16
324.582
184.036
113.526
77.3018
57.1033
47.8511
43.2519
43.2606
47.472
58.0185
76.7638
112.369
181.663
318.974
564.668
985.36
661.847
666.086
979.401
579.318
322.715
182.663
113.081
77.2752
57.4525
47.5365
43.6062
43.6312
47.9983
57.9592
76.7258
110.313
181.241
311.737
564.6
983.319
664.521
669.57
962.213
574.977
320.416
181.227
112.514
77.0717
57.8307
48.0077
43.1735
42.9942
47.8287
57.8219
76.7592
111.897
178.12
317.97
571.659
980.683
663.75
670.284
964.152
572.221
318.147
176.159
111.709
76.86
57.1738
47.9912
43.6878
43.2631
47.2646
56.986
75.6577
110.049
182.216
310.605
559.317
975.865
660.407
669.381
959.714
568.005
315.648
177.555
111.308
76.6303
57.8222
47.9031
43.6536
43.5062
47.3702
57.3874
76.5896
110.464
181.459
318.095
575.632
966.63
665.786
663.627
962.124
564.067
313.034
178.691
109.508
75.6376
57.1533
47.6868
43.4599
43.3996
47.3623
57.6753
76.5396
110.869
180.051
308.916
572.254
986.419
669.013
666.426
969.336
551.76
306.022
175.199
110.262
76.4628
57.5089
47.1154
43.2372
43.2366
47.5369
57.4895
76.2046
108.969
176.918
310.111
558.582
983.1
670.876
663.357
965.826
553.144
311.826
179.404
111.342
76.4065
57.3552
47.0404
42.6579
42.9715
47.2864
56.724
75.9735
109.851
177.25
308.471
571.276
971.289
667.638
665.783
949.471
551.661
310.494
178.467
110.849
76.1519
56.715
46.8409
42.7279
42.331
46.6515
56.7713
75.7686
110.548
176.133
306.977
568.235
987.253
670.768
661.026
966.617
556.694
308.823
177.153
109.011
75.8315
57.2259
46.91
42.2798
42.4747
46.7361
56.8025
74.723
108.772
175.195
306.662
555.18
982.316
669.902
662.838
961.919
552.271
306.69
176.04
109.867
75.6522
57.0569
47.0927
42.6551
42.7016
46.862
56.6419
74.9984
108.935
174.388
309.175
563.866
968.856
668.808
665.285
957.54
538.807
303.796
172.401
109.108
75.2008
56.7452
46.8489
41.9881
42.4941
46.5995
55.849
74.5588
108.828
173.1
306.223
553.019
974.934
667.771
665.556
942.241
547.125
302.187
173.393
107.621
74.7597
56.4276
46.2459
42.2924
42.3041
46.1716
55.6678
73.4088
108.11
171.759
298.61
557.363
980.383
666.556
665.102
945.479
535.84
299.093
170.101
107.212
73.821
56.0595
46.1391
42.0095
41.6798
46.0874
55.6325
73.1671
106.557
171.878
298.929
548.157
965.81
665.676
663.601
943.918
542.61
297.009
171.426
106.675
73.5684
55.7567
45.7796
41.5373
41.6496
46.0183
55.3248
72.7275
106.504
170.309
298.909
550.168
977.222
660.986
657.766
950.653
530.227
289.082
168.007
105.871
73.0751
55.0125
45.4253
41.6552
41.5735
45.7354
54.7593
72.1986
104.69
167.668
295.338
534.977
962.121
658.396
658.144
936.847
533.548
292.395
168.53
105.764
72.9593
54.9403
45.2281
41.0034
41.1767
45.0238
54.2407
71.79
104.207
165.341
288.537
537.845
973.151
657.175
656.107
947.934
520.641
289.243
167.074
105.236
72.4981
54.0508
44.5842
40.6915
40.5757
44.6276
53.8142
71.1949
103.316
165.823
288.229
543.432
984.622
656.585
654.184
933.123
525.735
283.362
163.658
104.407
71.4679
53.7898
44.3532
40.3524
40.2127
44.1749
53.3775
70.6301
102.156
162.448
286.829
536.791
983.197
653.341
651.66
934.645
524.3
281.923
162.607
103.113
71.2142
53.4646
44.0374
40.0326
39.8031
43.6834
52.854
69.9855
101.256
161.233
279.211
527.21
979.328
651.676
649.301
929.549
519.321
278.482
160.625
102.413
70.7724
53.0783
43.6349
39.5448
39.294
43.1549
52.2677
69.273
100.215
159.306
279.474
518.904
975.282
649.426
645.838
926.247
507.865
274.854
159.168
101.574
70.3646
52.6263
43.1284
38.8523
38.6959
42.5644
51.6691
68.5814
99.3627
156.714
272.294
524.351
962.183
646.585
644.522
923.309
505.869
271.526
157.059
100.539
69.718
52.1945
42.6639
38.3458
38.0827
41.9658
50.9894
67.962
98.4248
155.041
269.46
519.031
970.263
643.009
642.343
922.777
505.351
268.961
155.921
99.8942
69.1636
51.7082
42.1956
37.9078
37.6682
41.4952
50.497
67.2687
97.2643
152.485
264.62
504.376
964.596
636.333
640.794
927.393
500.686
263.677
154.294
98.8883
68.3395
51.0948
41.6673
37.3795
37.1183
40.9455
49.9133
66.65
96.4283
151.169
260.9
502.399
957.85
630.332
639.653
921.648
487.13
260.186
152.873
98.1794
67.7609
50.4987
41.1795
36.956
36.691
40.4554
49.3439
65.9481
95.542
149.29
256.666
494.752
949.894
621.925
638.559
906.616
484.253
257.714
151.6
97.2866
67.0446
49.8522
40.5902
36.4466
36.2204
39.9319
48.7561
65.2462
94.6178
147.795
252.725
485.78
928.833
616.671
635.524
911.422
480.789
254.672
150.218
96.4274
66.3696
49.3456
40.1164
36.0125
35.7739
39.4382
48.138
64.5507
93.7532
146.327
249.159
473.56
924.178
611.156
632.947
903.945
469.216
250.576
148.572
95.4788
65.6655
48.7481
39.6267
35.55
35.2859
38.8826
47.4902
63.7425
92.6954
144.563
245.375
465.871
915.508
604.802
624.965
882.885
464.181
247.383
147.06
94.5323
64.9518
48.1495
39.068
35.0275
34.7646
38.3342
46.8617
62.918
91.527
142.648
241.382
458.5
913.413
597.822
620.583
879.713
451.858
243.66
145.33
93.425
64.1346
47.509
38.5036
34.4709
34.2264
37.7539
46.1582
62.0364
90.3239
140.674
237.466
450.205
899.561
591.306
615.481
869.406
444.307
239.921
143.405
92.1798
63.2255
46.7942
37.8937
33.93
33.7034
37.1935
45.4558
61.0616
88.8914
138.449
233.28
442.45
891.686
587.75
612.203
862.543
437.177
236.105
141.251
90.7231
62.1491
45.9981
37.2721
33.3756
33.1861
36.6229
44.7344
60.0899
87.5302
136.176
228.741
434.13
879.138
581.115
605.765
850.984
428.68
231.384
138.681
89.0718
60.9962
45.1561
36.6342
32.8568
32.6933
36.099
44.0788
59.1796
86.1918
134.04
224.616
425.223
865.587
580.035
596.912
838.198
420.143
226.753
135.994
87.2666
59.6941
44.2203
35.9425
32.2996
32.1969
35.5749
43.3649
58.1326
84.6862
131.882
220.881
417.786
853.556
574.636
592.413
819.504
410.458
221.447
132.871
85.2753
58.3655
43.2902
35.2574
31.752
31.7117
35.097
42.6913
57.1321
83.2195
129.71
216.72
408.868
839.097
565.943
590.979
810.593
402.217
216.094
129.612
83.1108
56.887
42.2727
34.519
31.1561
31.1491
34.4678
41.898
56.0236
81.5753
127.147
212.067
399.486
824.985
559.441
585.888
798.549
391.275
210.035
126.064
80.9007
55.4589
41.2799
33.7707
30.5243
30.5235
33.7246
41.0406
54.8485
79.802
124.346
207.11
390.239
812.961
551.393
576.535
783.799
379.889
203.6
122.277
78.4568
53.8672
40.1895
32.9544
29.8411
29.866
32.9963
40.1299
53.5957
77.9256
121.229
201.22
378.505
796.761
544.993
554.36
766.625
366.367
196.176
118.011
75.8515
52.1632
39.022
32.0953
29.1176
29.1508
32.1855
39.1111
52.1532
75.7421
117.834
195.206
367.27
779.542
533.857
539.157
746.746
351.781
188.093
113.212
72.887
50.3045
37.7976
31.1903
28.3404
28.3633
31.2666
37.9595
50.5851
73.4137
114.151
188.663
354.103
757.727
512.085
517.808
721.716
334.99
179.51
108.248
69.8093
48.3594
36.4992
30.2299
27.5264
27.5632
30.348
36.7347
48.8501
70.8654
110.179
181.488
340.001
733.505
491.759
498.802
693.798
316.968
169.978
102.649
66.3929
46.243
35.1114
29.2141
26.664
26.6974
29.345
35.437
47.0007
68.0336
105.691
173.714
324.314
705.828
469.852
473.23
661.582
297.802
160.037
96.7863
62.8445
44.0458
33.6783
28.1854
25.8098
25.8534
28.3525
34.1105
45.0634
65.0329
100.938
165.766
308.502
674.74
449.328
452.142
628.231
279.416
149.776
90.4749
59.0122
41.724
32.1771
27.102
24.9118
24.9671
27.3079
32.6758
42.8997
61.6301
95.4994
157.089
291.455
640.716
432.248
430.963
590.273
260.482
139.388
84.0971
55.1333
39.352
30.6325
25.9889
23.9889
24.057
26.2321
31.1947
40.6197
57.9616
89.6581
147.937
273.416
602.918
416.577
409.279
548.168
241.321
128.801
77.6271
51.2213
36.9251
29.0274
24.8153
23.0003
23.0688
25.057
29.575
38.1389
53.9116
83.0733
137.981
254.041
560.462
397.002
384.872
501.57
220.434
117.765
71.1309
47.3349
34.4861
27.3893
23.6109
21.9891
22.0645
23.8693
27.9452
35.6176
49.6843
75.8661
126.095
232.38
513.818
376.265
357.35
450.037
198.35
106.416
64.4639
43.2577
31.9244
25.6879
22.3643
20.9372
21.0109
22.6168
26.2292
33.0067
45.407
68.5078
113.127
208.522
461.017
350.124
330.651
397.332
174.981
94.3027
57.7379
39.3179
29.4669
24.0356
21.1406
19.8998
19.9694
21.3758
24.5342
30.4384
41.1983
61.2506
100.012
183.973
408.447
322.365
307.853
346.78
153.021
83.0194
51.4332
35.5737
27.0946
22.4284
19.9457
18.8835
18.946
20.1542
22.8616
27.9102
37.0876
54.2179
87.8936
160.707
358.339
307.405
293.693
299.271
131.879
72.1965
45.5879
32.1473
24.9246
20.9549
18.8473
17.9467
17.9985
19.0187
21.3101
25.5873
33.3535
47.7456
75.9441
138.782
310.634
304.214
292.306
261.807
115.48
63.7532
40.71
29.1594
23.0057
19.6445
17.8665
17.1069
17.146
17.9943
19.9057
23.4874
30.0322
42.2448
66.3428
119.5
269.071
304.027
305.288
234.921
102.292
56.6402
36.6078
26.6647
21.4016
18.5422
17.0374
16.3957
16.4232
17.1256
18.7176
21.7114
27.2026
37.5492
58.1923
104.604
237.396
306.307
320.882
210.225
92.2594
51.2803
33.3984
24.6567
20.0892
17.6361
16.3592
15.818
15.8359
16.4164
17.7485
20.2831
24.9752
33.911
52.0761
93.0603
209.535
319.317
331.635
192.646
85.6359
47.4071
30.9844
23.1044
19.0545
16.9207
15.8317
15.3759
15.387
15.8671
16.9875
19.1622
23.2568
31.1657
47.4925
85.2816
191.042
326.468
345.142
176.484
79.0465
43.8862
28.8615
21.7569
18.1857
16.3492
15.4343
15.0576
15.064
15.4562
16.3937
18.2688
21.9037
29.124
44.3943
80.0937
178.488
348.529
361.09
167.912
75.6132
41.4923
27.238
20.6972
17.5063
15.9191
15.1561
14.8495
14.8517
15.1643
15.9334
17.531
20.7349
27.2923
41.5439
75.5878
167.982
359.967
374.981
159.298
71.1904
38.7683
25.5596
19.6665
16.8878
15.5642
14.9598
14.7305
14.7313
14.9655
15.5748
16.9084
19.706
25.646
38.9817
71.7207
160.42
377.261
393.838
154.631
68.2013
36.4474
24.0206
18.7238
16.3486
15.2821
14.826
14.6696
14.6698
14.8266
15.2808
16.346
18.7204
24.017
36.4533
68.2319
154.691
394.275
408.535
148.184
63.3425
33.3265
22.2113
17.7213
15.8275
15.0409
14.7385
14.644
14.644
14.7387
15.0428
15.83
17.7247
22.2189
33.3482
63.3976
148.049
407.047
424.663
143.334
58.696
30.2584
20.4863
16.8213
15.4025
14.8711
14.7004
14.6404
14.6407
14.7015
14.8734
15.4014
16.8173
20.4788
30.2383
58.6475
143.393
425.278
436.739
134.009
51.4961
26.3642
18.58
15.9489
15.0526
14.7845
14.6949
14.6694
14.6695
14.695
14.7848
15.054
15.9541
18.5991
26.4131
51.6573
134.322
436.346
450.799
121.343
43.0077
22.3784
16.8865
15.3172
14.8831
14.7602
14.7226
14.7152
14.7156
14.7235
14.763
14.8874
15.3224
16.8692
22.3183
42.8287
121.003
450.874
461.559
95.2743
31.1234
17.9406
15.4479
14.9153
14.8066
14.7711
14.7673
14.768
14.7681
14.7679
14.7725
14.8092
14.9194
15.4617
17.9763
31.1979
95.5677
460.823
471.067
47.6502
18.2453
15.5472
14.9877
14.8526
14.8215
14.825
14.8269
14.8273
14.8273
14.8267
14.8249
14.8219
14.8543
14.9941
15.5764
18.3255
47.637
471.487
1215.77
1562.83
949.729
550.068
324.094
193.373
122.018
82.8847
62.4687
53.0426
52.5275
60.564
80.4712
117.234
187.16
315.428
553.189
961.646
1587.25
1181.91
1214.94
1537.19
925.658
545.788
323.177
192.306
121.268
82.2909
62.0329
51.8707
51.0287
58.9861
80.1191
116.46
186.037
313.211
549.164
937.568
1578.35
1178.3
1219.71
1565.2
940.394
536.563
322.344
189.176
119.194
80.7588
61.175
52.3732
51.8684
60.1917
80.1089
114.437
184.918
311.144
544.295
963.657
1556.74
1180.48
1224.63
1560.62
953.658
553.643
322.796
193.536
121.642
82.9783
63.1665
53.2506
52.4752
59.1214
80.0111
116.676
181.725
303.626
542.049
959.293
1597.71
1179.94
1224.36
1548.4
945.695
549.601
320.552
192.483
119.468
82.4593
63.103
52.2044
51.6356
60.4627
79.7652
116.255
181.952
303.565
527.054
930.91
1591.43
1179.04
1223.8
1520.29
935.501
545.419
317.792
191.562
121.292
81.3144
63.0819
53.6653
52.9924
60.0863
79.3826
115.842
180.959
301.447
528.031
938.012
1584.66
1173.52
1222.88
1543.77
911.533
531.894
310.441
187.95
120.769
83.0348
63.0273
52.5599
52.7362
58.5348
77.9234
113.935
180.18
299.855
524.218
939.809
1553.52
1171.82
1223.74
1564.5
938.345
539.508
312.435
188.631
118.804
81.6924
63.0216
53.5751
52.6286
60.461
79.4414
114.773
179.895
299.1
525.065
957.876
1568.76
1169.19
1222.07
1540.35
950.98
542.163
311.44
187.749
119.763
82.9197
62.8804
52.6543
53.3508
61.8549
80.9117
115.577
180.017
299.146
528.832
953.363
1582.12
1168.85
1220.45
1561.17
929.379
552.586
315.213
187.942
120.573
82.6702
62.6956
53.8117
53.0537
61.5226
80.9338
117.657
182.024
302.64
512.432
945.058
1572.34
1167.66
1221.46
1555.36
946.982
552.278
321.547
188.232
118.956
80.9636
61.2385
52.6114
53.1295
61.0635
80.4281
117.524
185.383
310.084
527.355
936.887
1556.93
1167.75
1220.38
1525.04
922.615
548.442
321.095
189.523
120.799
82.0183
61.7754
52.8133
52.0322
59.5206
78.892
116.748
184.531
309.458
536.079
918.098
1566.15
1168.21
1216.99
1550.13
947.248
546.02
319.823
191.872
119.16
82.839
62.1567
52.8563
52.7859
60.1115
80.2233
114.795
180.778
307.208
524.688
931.463
1542.99
1169.5
1221.81
1524.12
923.153
532.325
318.805
191.398
119.522
82.6501
63.097
53.1861
53.745
60.3698
80.2827
116.564
184.587
306.338
539.476
942.908
1579.74
1173.08
1220.93
1566.52
946.49
543.783
317.941
190.572
119.149
81.1929
63.0173
53.8911
53.8593
61.3015
80.0278
117.804
183.757
302.913
535.726
917.167
1551.81
1172.55
1220.97
1561.59
923.188
538.327
316.237
187.746
119.874
81.638
62.9061
52.6976
53.6044
60.9896
78.7377
117.518
182.987
294.359
525.934
945.042
1586.36
1175.04
1221.05
1558.79
957.112
525.871
310.538
192.507
121.743
81.9535
62.8552
53.8252
53.5825
59.8902
79.9325
117.239
180.755
302.639
537.769
919.161
1581.99
1179.31
1220.39
1535.22
953.72
538.028
316.856
192.532
121.171
82.6525
62.4839
53.2976
53.353
60.362
79.3644
116.886
182.224
306.333
535.613
933.034
1575.08
1174.16
1219.4
1571.28
951.845
521.152
314.961
192.191
121.152
81.338
61.2414
51.7637
53.057
58.8798
77.6678
115.325
182.835
299.161
522.202
945.366
1570.53
1178.66
1220.23
1570.53
932.787
535.862
310.843
191.78
119.314
82.699
62.4872
53.0921
53.128
60.2703
79.6206
117.497
186.45
305.172
534.284
939.796
1542.49
1181.92
1219.73
1565.92
959.309
547.3
317.656
191.947
119.76
81.4673
61.2409
53.7822
52.1305
60.9446
80.7262
115.729
186.365
309.764
521.976
930.237
1560.42
1184.94
1219.61
1561.47
954.662
533.698
315.952
191.363
119.48
81.8336
61.7498
53.2572
52.4983
59.6472
80.3472
117.539
185.476
308.882
537.384
914.034
1580.51
1186.62
1220.42
1552.65
947.835
545.57
314.615
191.086
120.102
82.2805
62.7938
54.4421
53.2135
59.8764
79.0118
115.418
182.562
302.084
528.406
911.521
1577.55
1189.46
1221.57
1546.28
941.409
542.426
312.125
190.325
121.177
83.1237
61.8434
54.2685
52.3595
60.5167
80.2033
117.083
187.219
308.413
545.418
933.039
1560.71
1195.12
1221
1519.79
916.11
529.656
308.811
189.805
120.596
82.8354
63.2475
54.5244
53.6927
62.0435
81.2403
118.017
186.67
312.261
544.571
950.145
1589.91
1195.17
1216.86
1560.06
938.881
544.935
303.546
188.915
118.272
81.084
62.0883
53.4535
52.2863
61.8504
80.9499
117.405
185.649
310.471
541.267
925.256
1583.17
1198.36
1210.86
1555.32
916.178
542.772
305.637
188.71
118.876
81.9945
63.3222
54.6652
53.2135
61.6197
80.4577
115.089
182.04
303.516
539.895
942.692
1557.1
1199.38
1209.29
1550.89
948.963
541.44
309.34
187.902
119.077
80.9416
63.1537
54.5018
54.1582
60.7499
79.5507
116.298
184.294
308.007
536.458
923.045
1580.19
1199.42
1206.14
1541.11
943.824
537.765
313.509
185.212
120.367
81.7095
62.3104
54.3747
54.1212
62.5045
81.5787
117.068
181.018
305.671
533.837
944.974
1576.03
1201.65
1205.87
1513.33
939.306
523.309
308.169
188.828
119.535
83.0188
63.4419
53.2842
52.7535
61.4354
81.2353
115.581
182.679
298.682
528.763
924.739
1545.8
1201.46
1205.64
1539.95
934.833
532.738
312.575
192.779
121.932
81.8935
63.3776
53.6827
53.4696
62.7587
81.1659
117.015
180.083
299.152
517.913
944.028
1569.19
1201.75
1207
1513.51
928.889
542.307
315.635
192.752
120.512
83.0838
62.7835
53.7972
54.1828
62.7886
79.6935
115.39
179.593
297.687
527.577
938.446
1539.53
1201.79
1210.94
1519.23
908.04
540.154
313.182
192.757
122.82
82.1887
64.0293
54.5253
53.2727
62.6493
80.5034
116.297
178.756
296.706
513.661
916.06
1576.2
1202.62
1212.07
1518.1
930.744
538.364
307.511
192.215
122.571
84.5524
64.0137
53.592
54.4114
62.484
81.1767
117.385
178.869
299.558
520.103
921.032
1567.6
1199.43
1213.64
1528.36
914.925
535.125
309.97
192.238
122.816
84.3076
63.7966
54.7187
54.218
62.0717
79.9591
117.264
179.932
293.795
514.59
908.616
1538.66
1197.34
1214.07
1546.79
934.914
524.941
313.57
191.673
123.156
84.0651
63.4085
53.4219
53.2472
60.8545
81.3808
116.856
177.602
297.653
507.357
906.968
1562.87
1199.88
1213.26
1538.89
914.785
526.908
313.011
190.49
122.56
82.4187
62.1071
53.8304
53.4115
61.6201
81.1831
115.697
179.284
295.493
514.465
901.517
1532.01
1190.19
1216.31
1528.96
929.849
528.239
311.631
187.308
121.935
83.1311
62.6788
54.3023
53.8252
60.2928
81.0233
117.382
180.435
289.194
503.454
903.796
1532.34
1187.12
1217.6
1499.84
911.78
521.877
310.513
188.062
120.525
83.6659
61.2184
53.2638
53.0538
61.2457
80.6408
117.173
179.639
290.527
505.222
915.886
1523.73
1173.94
1218.72
1526.99
936.479
527.35
309.285
187.955
121.055
83.6182
62.551
54.7425
54.1897
61.9699
79.3285
116.767
177.096
289.846
502.522
911.915
1525.08
1174.43
1218.69
1541.55
932.592
533.081
306.239
189.064
121.547
82.4061
63.329
54.4814
53.0766
60.9718
80.6577
116.764
179.259
291.813
503.252
905.996
1532.94
1175.02
1214.21
1511.81
927.243
530.473
308.952
188.394
121.004
82.4447
62.94
54.194
53.7505
61.5699
80.2208
116.3
180.404
295.192
507.897
884.632
1496.74
1174.59
1215.11
1527.72
921.368
526.35
306.671
185.423
119.001
81.9101
62.5103
53.7185
53.3174
60.4115
78.8441
115.754
177.646
293.019
504.818
903.156
1526.96
1175.38
1210.84
1509.32
914.332
522.551
304.615
186.062
118.852
81.3499
61.0276
52.9945
52.0861
60.8527
79.6576
114.501
177.733
290.753
491.352
881.917
1537.35
1173.14
1211.54
1523.88
895.867
518.361
302.265
184.858
118.013
80.8347
60.8849
52.5278
52.3808
60.457
78.3457
114.301
176.804
286.448
493.688
889.199
1508.68
1170.45
1212.2
1554.66
903.067
515.011
299.811
181.89
116.98
80.0363
60.52
51.0914
51.0305
59.1954
78.1616
113.709
176.253
288.995
494.771
870.868
1511.98
1167.84
1210.98
1549.31
907.863
504.823
294.064
181.385
116.061
79.281
59.1595
51.3267
51.6564
59.6102
77.7597
113.138
175.146
283.728
484.998
884.375
1511.48
1166.39
1198.39
1543.58
901.107
506.819
293.49
180.234
115.116
78.674
58.8877
50.5201
51.0827
59.117
77.8729
112.499
174.829
283.536
489.449
867.055
1522.93
1161.15
1190.42
1534.21
892.568
502.449
292.537
178.905
113.927
77.4715
58.3365
49.9772
49.6382
58.3138
77.2983
111.677
173.739
280.838
484.745
873.7
1497.18
1159.33
1187.36
1525.68
884.166
491.137
289.988
177.603
112.953
76.947
58.0473
49.7964
49.4828
57.6197
75.8115
110.594
171.292
278.562
479.241
866.681
1519
1157.62
1183.37
1498.54
875.532
490.193
285.234
174.746
111.775
76.1177
57.3341
49.105
47.9671
56.0625
75.067
109.535
169.822
275.515
472.239
844.456
1490.7
1155.3
1180.48
1499.7
867.563
484.979
283.047
173.798
110.544
75.3299
56.8475
48.4215
47.586
55.5904
73.9552
108.467
168.536
272.706
464.036
842.996
1502.69
1150.87
1173.88
1487.67
847.51
473.498
278.493
171.865
109.42
73.9006
55.2601
47.5951
46.8582
54.6617
73.1249
107.401
166.961
270.481
461.009
834.072
1492.55
1148.62
1169.87
1479.45
845.388
468.348
276.346
169.931
107.968
72.6745
54.0378
46.3612
46.0915
53.816
72.0587
106.088
165.394
267.497
457.513
827.235
1462.52
1148.9
1161.1
1469.9
835.616
461.504
272.765
168.211
106.343
71.3895
53.184
45.607
45.4466
52.9096
71.1249
104.662
163.467
265.26
455.256
827.389
1462.57
1138.18
1153.87
1457.4
813.25
454.106
270.335
166.081
104.789
69.9224
52.0576
44.5914
44.5906
51.9498
70.0093
103.674
162.317
262.374
445.295
819.92
1457.87
1136.15
1151.07
1445.91
798.263
448.949
267.252
164.196
103.139
68.686
50.8318
43.5966
43.5215
50.8663
68.7418
102.152
160.732
260.413
441.391
800.593
1462.47
1135.14
1149.62
1443.33
788.876
442.578
264.041
161.877
101.343
67.2094
49.8246
42.5162
42.476
49.8367
67.3696
100.826
159.083
257.661
435.738
799.345
1434.14
1132.87
1127.54
1427.7
776.872
437.263
261.108
160.045
99.8634
66.0279
48.9142
41.7867
41.7903
49.0179
66.4067
99.566
157.492
255.524
430.505
782.124
1449.18
1133.19
1120.51
1399.06
764.549
430.319
257
157.183
97.8198
64.6337
47.8348
40.7907
40.8619
48.0248
65.2245
98.0533
155.659
253.08
426.412
779.139
1419.73
1132.19
1120.96
1389.76
754.582
424.544
253.687
154.85
96.1777
63.4219
46.8833
39.9351
39.9903
47.0922
64.0876
96.8009
154.226
250.814
421.518
767.145
1422.22
1132.48
1112.05
1375.57
741.907
418.198
249.733
152.016
94.1995
62.0277
45.8092
39.062
39.155
46.2548
63.0829
95.5224
152.548
248.38
416.53
755.772
1407.48
1132.43
1109.14
1360.16
731.794
411.58
245.533
149.188
92.3247
60.7797
44.7394
38.1168
38.2441
45.2706
61.9961
94.2626
150.899
245.639
410.949
741.12
1371.93
1131.77
1101.84
1334.82
720.076
404.688
241.431
146.389
90.4042
59.408
43.7414
37.3101
37.4722
44.3968
60.8694
92.7712
148.803
242.705
404.848
725.194
1360.01
1111.8
1090.53
1318.88
707.091
396.734
236.528
143.185
88.3563
58.0227
42.5929
36.2691
36.4757
43.3689
59.737
91.3965
146.69
239.524
399.702
713.985
1335.48
1094.7
1078
1304.89
694.237
388.913
231.623
139.943
86.2416
56.5395
41.4132
35.2856
35.5457
42.2907
58.3131
89.3483
143.681
235.673
394.395
701.304
1315.6
1090.92
1059.77
1286.63
678.723
379.812
226.146
136.427
84.0077
55.0298
40.2356
34.2606
34.5409
41.1271
56.769
87.0335
140.569
231.38
387.95
691.299
1303.13
1086.72
1042.47
1267.8
663.882
370.65
220.437
132.89
81.6781
53.4057
39.1057
33.348
33.5933
39.9236
55.0625
84.5128
137.037
226.655
380.895
679.216
1286.38
1076.08
1018.82
1246.81
648.137
361.622
214.877
129.233
79.2283
51.697
37.879
32.3463
32.5961
38.6861
53.2527
81.7979
133.299
221.407
372.569
665.779
1270.53
1075.16
997.695
1225.41
630.727
351.348
208.656
125.384
76.7344
50.0301
36.7558
31.4741
31.6809
37.4614
51.3798
78.8376
129.006
215.518
363.638
650.906
1253.96
1058.17
972
1201.92
612.136
340.492
202.239
121.214
74.0003
48.2993
35.5984
30.5318
30.729
36.2524
49.5978
76.1229
124.747
209.068
353.479
634.277
1233.3
1024.53
956.389
1175.78
594.184
329.967
195.23
116.585
71.1342
46.5492
34.4961
29.6798
29.8282
35.0351
47.6966
73.0587
119.986
201.678
341.908
615.053
1209.93
1011.04
943.149
1146.94
574.959
318.933
188.019
111.66
68.0429
44.7434
33.3575
28.7983
28.9309
33.8387
45.8141
69.9439
114.897
193.786
329.598
594.738
1184.05
999.719
910.149
1115.67
555.29
307.154
179.901
106.225
64.7683
42.8562
32.2042
27.9271
28.023
32.5884
43.7948
66.6195
109.515
185.128
315.862
571.442
1149.69
970.076
885.201
1081.29
533.532
294.046
171.123
100.653
61.4956
41.0137
31.0549
27.0426
27.1188
31.3569
41.7576
63.0361
103.402
175.51
301.119
547.502
1116.02
962.678
845.688
1039.64
508.626
279.603
161.612
94.6561
57.9971
39.0287
29.8385
26.1376
26.2179
30.142
39.7328
59.392
97.1701
165.443
285.099
520.802
1075.69
904.301
828.753
996.652
483.089
264.832
151.78
88.5206
54.5022
37.0699
28.6205
25.2128
25.2886
28.8969
37.6828
55.6564
90.3905
154.621
269.322
495.487
1037.6
886.552
811.109
945.613
453.354
247.188
140.753
82.0062
50.8443
35.0156
27.3548
24.2675
24.351
27.6478
35.638
51.981
83.738
143.175
251.129
465.393
989.078
877.616
776.848
892.985
423.698
229.011
129.324
75.2921
47.1269
32.926
26.0572
23.2886
23.3769
26.361
33.5548
48.236
76.8926
131.355
231.969
432.107
928.833
846.082
755
836.729
391.681
209.261
117.321
68.5679
43.4722
30.8583
24.7532
22.2909
22.3733
25.0272
31.4039
44.3845
69.7976
118.649
210.163
393.669
858.062
789.476
717.821
775.012
357.677
188.892
105.272
61.789
39.7265
28.7337
23.4151
21.2652
21.3419
23.6667
29.2232
40.4908
62.5871
105.531
187.94
355.742
784.604
712.896
675.95
708.538
321.913
167.83
93.178
55.1603
36.0788
26.6426
22.0864
20.2465
20.3181
22.321
27.0909
36.7343
55.6871
92.9962
165.921
316.499
706.911
654.444
626.851
638.954
284.02
145.63
80.5926
48.2925
32.3909
24.5711
20.7882
19.258
19.3229
21.0027
24.9911
33.0562
48.9926
80.5018
143.218
276.509
627.575
597.865
596.229
563.919
244.394
124.252
68.8149
41.9508
28.978
22.6362
19.5686
18.3315
18.3951
19.7727
23.027
29.591
42.6463
68.7424
121.459
236.121
544.636
551.401
569.849
490.703
206.373
103.23
57.486
36.0493
25.8544
20.8687
18.4544
17.4829
17.5415
18.6454
21.2479
26.4867
36.9284
58.0863
101.684
198.475
465.072
491.236
523.621
411.932
169.658
84.3532
47.6523
31.0162
23.1701
19.3366
17.4839
16.7435
16.796
17.6558
19.6847
23.7718
31.9199
48.6021
83.8964
164.921
393.311
438.406
521.205
346.23
138.258
68.7821
39.9142
27.0591
21.0258
18.0833
16.6709
16.1138
16.1586
16.8173
18.3798
21.5497
27.9005
41.0148
69.548
137.12
332.614
413.078
490.074
278.413
111.136
55.8435
33.6155
23.874
19.299
17.0713
16.0132
15.6021
15.637
16.129
17.3127
19.7549
24.7122
35.0849
58.028
113.433
278.491
411.195
426.429
229.912
92.9506
47.7032
29.7157
21.818
18.1205
16.3495
15.5298
15.2189
15.2414
15.6043
16.4986
18.3908
22.3029
30.6136
49.3115
95.5325
232.726
399.508
395.19
191.858
79.2538
41.4487
26.5915
20.1537
17.1815
15.7882
15.1615
14.9302
14.9439
15.2094
15.8876
17.3702
20.5017
27.2531
42.7797
81.8587
197.02
397.959
392.937
176.021
73.4772
38.6251
25.0779
19.2566
16.6303
15.4476
14.9372
14.7563
14.7608
14.9542
15.4791
16.683
19.3355
25.1839
38.7193
73.3796
176.06
395.522
409.447
163.716
68.401
35.7938
23.4168
18.2987
16.0983
15.1636
14.7936
14.6687
14.6697
14.7998
15.1822
16.1389
18.3802
23.5738
36.1
69.0727
165.064
409.039
418.379
155.675
65.2112
33.9239
22.3264
17.6834
15.775
15.0135
14.7336
14.6511
14.6511
14.7355
15.0112
15.7642
17.6565
22.2727
33.8314
64.9961
155.237
415.573
432.48
147.89
60.7623
31.1784
20.7745
16.8752
15.3999
14.8721
14.7031
14.6493
14.6492
14.7042
14.8758
15.4149
16.9134
20.8628
31.4
61.3969
149.398
434.231
440.201
141.198
56.6522
28.7455
19.5235
16.2964
15.1703
14.8005
14.6953
14.6626
14.6627
14.696
14.8025
15.1609
16.2735
19.4754
28.6447
56.5143
141.383
441.126
450.639
133.767
51.2627
25.8113
18.1245
15.6998
14.958
14.7626
14.7032
14.692
14.692
14.7032
14.7628
14.9646
15.7194
18.1784
25.9163
51.5151
134.084
449.743
457.692
123.887
44.7944
22.748
16.8614
15.2615
14.8646
14.7553
14.7303
14.7263
14.7264
14.7302
14.7562
14.8659
15.2541
16.8219
22.6528
44.7094
123.947
457.705
463.566
108.858
36.4367
19.4736
15.7272
14.9631
14.8025
14.7644
14.7593
14.7592
14.7593
14.7593
14.7648
14.8003
14.9656
15.7612
19.4815
36.589
109.129
463.535
468.995
83.8085
26.311
16.5677
15.1386
14.878
14.8049
14.7969
14.7975
14.7979
14.7978
14.7973
14.7963
14.8008
14.8642
15.1823
16.7799
26.5109
83.6135
468.45
473.339
41.7974
17.5781
15.166
14.8711
14.8236
14.8318
14.8357
14.8364
14.8364
14.8365
14.8364
14.8356
14.8302
14.8116
14.7211
14.7229
16.6293
41.8885
473.812
680.914
987.094
586.994
329.659
187.584
117.243
79.6653
59.2748
48.7665
44.0783
43.7756
47.9394
58.0779
78.2273
116.402
190.813
332.172
591.076
991.062
671.775
678.395
983.331
583.289
327.219
185.742
117.008
79.6007
59.0814
48.5999
43.8937
43.155
47.1272
57.0054
77.6144
113.987
189.579
329.07
586.346
986.332
666.68
677.183
970.477
570.286
318.918
179.9
116.749
79.6293
58.3827
48.4071
43.8587
43.6785
47.6894
57.4144
76.8553
117.212
188.522
320.815
573.723
975.095
667.771
679.982
987.166
590.097
329.96
186.096
117.56
79.6891
59.2584
47.97
43.2953
43.5669
48.1557
57.797
77.6783
117.372
189.489
328.704
585.968
992.133
666.904
674.142
971.851
586.608
323.153
188.527
117.481
79.5358
59.2112
48.5111
43.6878
43.3508
48.1397
58.6167
78.4722
116.956
187.931
319.358
571.44
988.262
666.263
679.155
983.867
585.664
332.703
185.272
117.167
79.3639
59.0769
48.3802
43.5371
42.5674
47.9534
58.5706
78.1744
116.339
184.767
322.353
575.95
985.521
665.461
678.465
978.739
581.236
331.797
187.733
116.135
78.9755
58.3907
48.1274
43.2868
43.0278
47.8221
58.426
76.7934
114.956
190.389
324.023
578.812
980.718
667.827
677.29
964.696
567.469
329.452
190.193
117.747
78.2015
59.011
47.7265
43.5899
43.4304
47.8681
58.5048
77.9303
117.27
189.449
329.444
589.285
966.584
667.508
676.569
967.48
580.134
327.924
188.994
117.292
78.4785
59.0744
48.3512
43.5038
42.7688
47.0247
58.3298
78.8508
117.103
187.173
324.623
587.712
977.925
663.427
675.113
963.399
566.456
318.405
184.39
115.745
78.6779
58.6135
47.8152
43.2192
42.9707
47.2744
58.1311
78.6751
116.728
192.302
325.275
585.085
966.969
669.156
672.904
963.036
574.088
323.475
187.398
118.225
79.7486
59.4626
48.4274
43.6601
43.2341
47.4455
57.7959
78.2995
114.173
192.159
337.29
577.665
976.623
671.423
676.486
963.485
581.063
327.403
189.729
118.404
79.5641
59.3657
47.9409
43.2154
43.0738
46.684
56.7954
78.2407
116.297
188.066
336.579
595.926
987.337
669.937
672.1
967.542
577.484
319.124
185.604
117.951
78.4398
59.3002
48.8557
44.1325
43.8524
47.5925
57.7429
77.9818
114.361
193.438
335.307
592.853
985.151
678.846
676.566
948.536
563.369
325.777
189.88
118.078
79.3718
59.2034
48.7808
44.0691
43.8754
48.1204
58.327
77.2576
116.049
193.013
329.563
579.597
980.843
683.849
676.112
967.783
568.338
318.989
186.475
117.87
78.4292
58.5126
48.6712
43.4927
43.2804
47.4472
57.7101
78.5272
117.844
192.525
336.7
591.332
964.081
682.597
676.576
983.721
567.639
321.462
190.166
117.947
79.6557
59.3709
48.6636
44.02
43.879
47.9804
58.1253
77.1479
117.346
191.298
334.423
588.364
976.6
681.291
674.608
983.738
572.528
324.534
189.871
117.599
78.5833
58.6973
48.4649
43.8926
43.7827
47.4051
57.5926
77.3924
116.749
189.477
331.133
574.326
982.945
678.168
684.571
984.89
584.263
331.931
186.636
115.889
79.4092
59.314
47.857
43.1898
43.6124
48.1075
58.3825
77.3427
116.181
184.925
329.32
576.169
968.771
681.75
689.046
975.368
571.735
330.536
190.458
117.869
79.3041
59.2809
48.0011
43.287
43.1535
47.8687
58.1712
77.6274
115.716
187.847
321.549
573.173
975.883
677.678
694.251
984.285
584.591
329.066
186.649
117.108
78.7205
59.0837
48.0436
43.3987
43.2909
47.6871
57.388
77.9681
114.926
183.768
322.74
577.245
963.123
680.648
693.161
969.861
570.193
321.408
190.849
117.052
77.274
58.4002
48.3527
43.7792
43.6402
47.2999
57.6374
77.6675
112.956
184.4
321.868
586.737
982.981
677.854
689.904
975.964
575.817
333.026
190.15
115.306
78.4315
58.9358
47.9569
43.3013
43.6187
47.1461
57.7287
76.8136
113.87
185.619
324.472
575.73
1000.9
682.03
691.268
978.576
576.665
331.936
186.719
116.147
79.152
58.4433
48.6134
44.1047
43.6533
47.218
57.1721
77.211
115.256
189.225
329.779
590.529
1001.27
684.06
690.777
972.969
584.954
330.837
187.439
117.285
78.9147
58.5777
48.1477
43.9492
43.6166
47.6645
57.7858
76.5644
113.514
187.504
320.142
574.453
1000.22
678.819
686.883
953.974
580.164
322.078
188.941
117.11
77.823
58.9179
48.5442
43.8147
43.3985
47.0684
57.1761
76.6466
114.178
187.515
328.516
579.731
998.554
680.843
685.98
966.258
568.622
328.738
188.133
116.682
78.751
58.8026
48.3794
43.6386
42.9337
47.7315
57.6727
76.7811
112.859
182.762
320.328
577.203
997.191
679.791
684.14
979.191
573.333
327.506
183.407
116.113
77.5187
57.8656
47.635
43.0287
43.2845
47.5428
57.3809
76.2755
110.571
185.777
326.062
582.012
994.4
673.877
683.157
977.786
576.134
325.198
184.011
115.849
77.7735
58.0459
47.9281
43.0652
42.707
46.7903
56.4381
75.1536
110.934
184.374
317.842
592.249
980.61
674.192
682.27
974.834
587.295
317.852
182.493
115.599
77.1542
57.7515
47.4401
43.1651
42.8221
47.0413
56.5487
75.2863
111.186
183.253
324.357
591.337
996.451
673.351
683.163
961.671
586.859
325.258
183.902
115.461
77.2499
57.9314
47.8781
42.6812
42.9976
47.3588
56.465
75.1727
111.772
178.574
314.682
588.35
982.197
673.845
686.265
983.725
585.957
317.408
185.624
115.414
77.4404
58.2148
47.5176
43.1139
42.4942
47.3224
56.6675
75.3903
111.231
181.641
317.289
587.167
985.408
672.031
683.314
983.109
584.666
323.809
184.79
114.96
78.0893
58.1047
47.6166
43.6328
43.0723
47.2458
55.7324
74.0723
108.719
177.489
316.545
585.188
983.036
669.405
688.116
981.979
580.737
320.468
182.54
114.476
77.8742
57.3031
47.4242
43.5143
43.5585
47.0676
56.4451
75.1975
110.03
179.705
320.512
583.409
986.567
668.654
685.037
978.773
577.357
310.981
176.708
113.85
77.7156
57.5634
47.5395
43.1339
43.566
47.7834
56.8836
74.2008
109.066
175.068
318.017
580.353
993.691
665.336
687.587
975.333
565.751
318.765
180.745
113.895
77.5441
57.8923
46.9432
42.9313
43.3394
47.6421
56.2333
75.1728
107.152
177.517
310.047
576.424
991.624
662.438
691.318
963.594
567.091
311.476
181.961
113.424
77.2657
57.7729
47.4257
43.1365
43.0121
47.5428
56.4649
75.0797
108.597
174.217
315.25
572.117
987.678
660.384
690.106
976.932
564.252
317.642
178.32
112.841
76.9244
57.0554
47.8422
43.5242
43.2122
47.5597
56.8096
74.1447
106.979
175.82
312.722
557.661
975.458
658.557
688.556
975.544
563.104
310.629
177.825
112.371
76.6517
57.6678
47.8223
43.4483
42.8768
47.1387
56.3557
74.9708
108.378
177.856
306.38
568.457
992.623
657.548
685.941
971.34
562.012
314.568
177.632
112.003
75.4988
56.8222
47.3888
43.2592
43.043
47.4182
57.0527
75.3132
109.903
177.237
311.252
554.414
988.156
653.057
679.595
966.608
566.263
307.624
177.615
110.646
76.2152
57.4301
47.3212
42.8058
43.2583
46.8743
56.3073
74.0537
107.866
172.978
309.988
559.978
984.483
651.898
680.775
952.456
553.965
312.796
179.759
111.857
75.268
56.6589
47.6365
43.4395
43.3241
47.1394
56.7669
74.8556
110.003
176.251
307.629
564.133
980.724
652.042
678.897
961.071
563.456
306.759
178.461
111.357
75.6378
56.9279
47.5536
43.3102
43.2348
47.3655
57.0408
75.336
109.622
175.173
299.609
560.23
976.122
651.87
673.716
966.01
551.484
305.425
176.886
110.592
75.9768
57.1761
47.0306
43.138
43.0646
47.1737
56.7434
74.9916
108.993
174.021
305.372
555.026
960.698
652.702
673.686
962.15
553.27
303.617
173.341
108.617
75.6449
56.5647
47.3042
42.9394
42.8431
46.4694
55.8361
73.7644
108.346
169.852
297.58
549.825
963.304
654.519
672.815
948.614
552.442
301.555
176.108
109.799
75.4248
57.0754
47.1697
42.3251
42.641
46.4627
55.931
74.2487
108.114
173.359
301.096
534.289
963.486
653.439
674.114
957.698
559.805
300.001
175.088
107.867
74.245
56.7466
46.5923
42.5951
42.1419
46.1607
55.5686
73.3225
107.4
172.047
299.383
543.495
973.03
652.873
668.062
967.191
557.218
297.836
174.055
108.02
74.7394
56.6112
46.5246
42.1073
42.1555
45.9321
55.347
73.5678
106.547
170.469
293.011
549.521
959.908
649.862
669.153
965.929
553.49
297.147
172.823
107.941
73.703
56.2895
46.3705
42.1671
41.6358
45.6754
54.954
72.5152
105.581
166.983
297.205
538.021
976.897
652.795
665.454
962.711
549.895
300.449
171.746
107.163
73.6176
56.1027
46.436
41.6876
41.8258
45.4929
54.6464
72.359
103.884
167.609
294.919
547.813
972.607
649.751
663.601
958.633
544.587
297.493
167.616
106.014
73.5155
55.7763
46.2143
41.8296
41.2925
45.3762
54.5683
71.9636
103.349
165.873
291.093
534.25
955.256
650.884
660.201
942.736
539.375
294.129
166.995
104.516
73.0014
55.4096
45.8557
41.5153
41.023
45.0202
54.1608
70.9424
102.592
163.571
288.285
540.442
960.183
651.429
658.389
944.932
534.879
290.916
166.06
104.198
71.9791
54.5398
45.5015
41.2033
40.5702
44.1097
53.269
70.2135
100.984
160.424
284.234
536.306
961.698
652.623
655.219
940.476
529.645
283.424
162.925
103.074
71.5113
54.1762
44.7507
40.4479
40.1461
43.8179
52.7093
69.7261
100.366
159.198
280.261
530.454
969.136
648.674
652.002
936.692
523.87
281.474
162.318
102.037
70.8128
53.6493
44.3823
40.1231
39.695
43.3272
52.1676
69.0313
99.3943
156.853
275.425
524.108
965.826
647.011
648.482
934.951
518.347
277.754
160.026
101.075
70.0359
53.0305
43.8596
39.6022
39.2095
42.8437
51.7107
68.3611
98.5263
154.633
267.052
509.816
959.243
644.479
645.162
936.482
504.761
275.416
158.463
100.251
69.5573
52.5269
43.3854
39.1941
38.8204
42.4259
51.2207
67.8298
97.6665
153.489
265.823
507.894
943.494
641.521
642.111
929.157
500.353
269.017
156.107
99.4725
68.9357
52.0098
42.8808
38.8269
38.3986
42.0078
50.7515
67.2669
96.8032
151.664
262.36
505.212
952.809
639.993
638.36
908.378
491.021
266.507
154.69
98.5297
68.2819
51.3217
42.2821
38.2968
37.9566
41.5733
50.2693
66.6749
95.9696
150.015
258.758
490.727
933.506
634.221
635.967
909.722
486.474
262.028
153.164
97.757
67.5028
50.6474
41.5566
37.5698
37.4045
41.0929
49.7879
66.0959
95.1198
148.427
255.736
490.567
932.642
627.553
630.513
901.909
477.888
258.087
151.289
96.7621
66.7384
49.9961
41.0549
37.087
36.9259
40.6314
49.303
65.5177
94.3247
146.839
250.872
483.294
925.086
621.24
626.513
898.241
472.377
253.51
149.706
95.9083
66.061
49.3687
40.4617
36.5593
36.4296
40.1706
48.8583
64.9389
93.4594
145.228
247.251
469.179
918.167
611.153
619.685
893.577
466.471
250.336
148.128
94.9283
65.2384
48.6414
39.8154
35.9528
35.9317
39.7022
48.3724
64.3703
92.6497
143.806
244.134
465.141
917.915
603.472
615.396
892.712
460.202
246.614
146.348
93.9246
64.545
48.0104
39.2025
35.3677
35.3775
39.1786
47.7983
63.6376
91.626
142.077
240.458
457.105
910.298
598.477
612.694
896.566
452.844
242.947
144.457
92.7465
63.6206
47.254
38.5442
34.7733
34.7857
38.5743
47.1509
62.9127
90.617
140.366
237.123
450.049
902.338
596.86
609.108
888.203
447.115
239.763
142.736
91.5836
62.7728
46.5561
37.9326
34.1825
34.2074
37.9647
46.4222
62.0115
89.4641
138.496
233.164
441.629
894.447
592.745
604.002
877.516
440.065
235.987
140.528
90.1112
61.7195
45.7625
37.2771
33.6177
33.6513
37.3398
45.679
61.0945
88.296
136.781
230.023
433.996
885.331
590.972
600.16
866.274
432.783
232.141
138.486
88.7596
60.7494
45.0298
36.671
33.0446
33.0536
36.6781
44.908
60.1492
87.0263
134.817
226.425
427.735
876.386
586.98
592.804
846.054
424.04
227.885
136.035
87.1697
59.6503
44.2268
36.0328
32.4748
32.4687
36.0015
44.0981
59.1196
85.6922
132.867
222.854
419.519
854.326
582.518
579.873
835.273
415.676
223.052
133.348
85.4739
58.5178
43.4383
35.4151
31.9138
31.8775
35.3055
43.2193
58.0069
84.2464
130.873
219.302
412.931
848.638
575.496
576.545
820.881
406.28
218.112
130.508
83.6984
57.3608
42.6415
34.8061
31.3678
31.3104
34.6348
42.3478
56.8451
82.7494
128.837
215.609
404.781
832.917
572.164
573.551
805.396
395.322
212.433
127.451
81.7276
56.0412
41.7397
34.1234
30.7684
30.6909
33.9063
41.4247
55.639
81.1265
126.47
211.45
397.158
824.583
567.257
560.184
788.524
384.253
206.147
123.98
79.6052
54.6723
40.8264
33.4501
30.1844
30.0919
33.1948
40.4904
54.3547
79.3433
123.86
206.919
388.093
812.742
557.737
545.865
773.762
372.373
199.26
120.141
77.3195
53.2199
39.8342
32.6931
29.5288
29.4367
32.4443
39.5372
53.064
77.5005
121.123
202.161
378.122
791.06
544.909
524.951
757.43
360.49
192.73
116.333
74.9078
51.6827
38.7952
31.9153
28.8641
28.7706
31.6657
38.5062
51.5923
75.3708
117.933
196.75
368.097
778.905
538.367
516.851
738.498
348.259
185.87
112.363
72.4402
50.0633
37.6786
31.0718
28.1523
28.0739
30.8621
37.4344
50.0205
72.9745
114.269
190.832
357.173
758.011
530.058
504.31
716.787
334.992
179.056
108.124
69.7224
48.3278
36.5006
30.1936
27.4128
27.3472
30.0214
36.3157
48.3774
70.4263
110.312
184.489
345.47
739.934
516.124
488.431
690.717
320.528
172.227
103.733
66.8072
46.424
35.2093
29.2515
26.6315
26.5795
29.1225
35.098
46.5569
67.557
105.793
177.315
331.998
714.409
504.905
475.477
661.736
304.335
164.098
98.6603
63.6034
44.4033
33.8595
28.2646
25.8105
25.7771
28.1917
33.8363
44.6443
64.5015
100.98
169.477
316.701
687.951
489.131
458.113
627.274
286.291
154.631
92.926
60.0655
42.1804
32.3931
27.2014
24.928
24.9126
27.1807
32.4466
42.4897
61.0256
95.3875
160.061
298.747
655.513
468.508
438.141
588.894
266.61
144.048
86.6297
56.3066
39.8639
30.8595
26.0812
23.9956
23.9994
26.1143
30.9945
40.259
57.3188
89.0644
149.435
278.718
614.982
444.022
415.059
545.479
246.12
132.819
79.9766
52.2784
37.3694
29.2266
24.8992
23.014
23.0325
24.9739
29.4266
37.8461
53.3591
82.3083
137.785
256.69
568.677
411.131
388.493
500.373
225.702
121.607
73.198
48.2051
34.8594
27.5569
23.674
21.9923
22.0235
23.7785
27.7753
35.2984
49.1256
75.0649
125.245
232.221
515.229
366.007
362.631
454.668
203.579
109.607
66.271
44.1019
32.2976
25.8441
22.4198
20.9456
20.9883
22.5558
26.1022
32.7467
44.8885
67.6049
112.005
207.701
461.817
338.366
346.822
407.57
181.263
97.2025
59.2133
39.9865
29.7458
24.1399
21.1731
19.9018
19.9503
21.3244
24.4134
30.1763
40.6747
60.3302
98.9797
183.174
410.113
330.231
341.073
363.223
159.892
85.8355
52.7753
36.1356
27.301
22.4978
19.9683
18.8915
18.9461
20.1388
22.8034
27.7466
36.7079
53.4531
86.6334
159.913
358.287
312.649
326.847
315.158
138.122
74.4279
46.4202
32.4208
25.0003
20.973
18.8512
17.9488
18.0014
19.0185
21.291
25.5065
33.1306
47.419
76.0973
139.744
311.825
301.31
307.349
272.949
120.07
65.378
41.2317
29.3004
23.0378
19.6494
17.8673
17.1106
17.1554
18.0103
19.9285
23.5069
30.0163
42.2608
66.9585
122.394
274.917
302.996
304.848
236.937
103.184
56.7996
36.5564
26.6007
21.3626
18.5217
17.0287
16.3952
16.4296
17.139
18.7414
21.7539
27.2759
37.6765
58.6533
105.96
239.351
304.912
315.316
209.993
92.5442
51.3546
33.4158
24.6543
20.0803
17.6287
16.3561
15.8196
15.8426
16.429
17.7699
20.3214
25.0495
34.0444
52.4059
94.2832
213.031
318.027
324.754
188.953
84.4373
47.0097
30.8037
23.0096
19.0105
16.9023
15.8253
15.3756
15.3906
15.8735
16.9969
19.1783
23.2982
31.3018
47.8791
85.9603
192.373
328.268
345.451
178.094
79.7768
44.0437
28.8955
21.7728
18.1951
16.3541
15.437
15.0601
15.0673
15.4607
16.3976
18.2663
21.8768
29.0324
44.1685
79.7221
178.076
348.634
358.1
166.605
74.9597
41.2943
27.1774
20.6748
17.497
15.9149
15.1545
14.8494
14.8526
15.1676
15.9411
17.5488
20.7747
27.3709
41.6662
75.6547
167.579
359.306
379.496
160.852
71.914
39.0083
25.6385
19.6952
16.8993
15.5689
14.9616
14.7306
14.731
14.9632
15.5696
16.8979
19.6855
25.6066
38.9046
71.5748
160.057
375.662
391.837
153.363
67.7011
36.2878
23.9676
18.7049
16.3409
15.2787
14.8251
14.6695
14.6698
14.8271
15.2824
16.3499
18.7292
24.0379
36.5051
68.337
154.799
393.859
409.032
149.089
63.7445
33.4636
22.2593
17.7393
15.8349
15.0435
14.7385
14.644
14.6438
14.7382
15.0415
15.8288
17.7242
22.2184
33.3521
63.4524
148.523
408.587
424.575
142.64
58.3796
30.1566
20.4525
16.8094
15.3984
14.8705
14.7005
14.6405
14.6407
14.7016
14.8737
15.4011
16.8189
20.4838
30.2629
58.7257
143.32
424.662
436.81
134.487
51.7056
26.434
18.6038
15.9561
15.0548
14.7849
14.695
14.6694
14.6695
14.6949
14.7846
15.0538
15.9525
18.5849
26.3757
51.5458
134.206
436.964
451.023
121.087
42.906
22.3458
16.8765
15.3159
14.883
14.7602
14.7226
14.7152
14.7156
14.7235
14.7628
14.8872
15.3229
16.8924
22.3881
43.0255
121.374
450.875
461.307
95.345
31.156
17.9507
15.4521
14.9164
14.8069
14.7712
14.7673
14.768
14.768
14.7678
14.7723
14.8085
14.9167
15.449
17.9374
31.1172
95.2519
461.525
471.189
47.638
18.2388
15.5461
14.9876
14.8527
14.8215
14.825
14.8269
14.8273
14.8273
14.8267
14.8248
14.8217
14.8529
14.9873
15.5427
18.2329
47.6556
471.106
258.195
344.644
211.015
128.94
82.4323
57.7414
44.4019
37.178
33.3473
31.7231
31.8598
33.7911
38.0236
45.7285
59.4264
84.0156
129.278
208.691
338.029
259.221
257.788
343.556
209.614
128.7
82.0412
57.5619
44.0916
36.9788
33.2048
31.5942
31.7138
33.6125
37.9404
45.6152
59.2548
83.0762
129.113
208.528
336.46
258.902
257.883
344.389
210.96
128.647
81.1341
57.0927
44.4005
37.2144
33.3846
31.7521
31.8695
33.7672
37.9014
45.3388
58.9486
84.1052
129.002
207.506
338.642
258.973
257.692
342.748
208.85
128.243
81.8717
57.9549
44.4876
37.2353
33.3939
31.7667
31.8785
33.7689
37.8393
45.7496
59.4598
83.9957
127.843
209.713
337.821
259.91
256.726
343.216
209.279
127.051
83.134
58.0478
44.2338
37.0513
33.3404
31.7417
31.8474
33.7443
37.955
45.6525
58.9931
83.2296
129.162
209.537
339.938
260.736
258.467
342.861
209.52
128.384
83.3413
58.0802
44.5547
37.2525
33.2861
31.6907
31.737
33.5804
37.6929
45.3431
59.6215
84.4245
128.585
207.438
338.399
260.21
259.144
343.567
210.708
129.926
83.4565
57.9148
44.4973
37.2494
33.4194
31.7932
31.8985
33.7562
37.805
45.4216
59.5448
84.3935
129.332
209.934
340.12
259.412
258.523
345.598
212.969
129.863
83.3574
57.2585
44.3007
37.0291
33.3615
31.7596
31.8018
33.633
37.8355
45.431
59.3987
84.0856
128.785
209.029
338.006
259.066
260.086
345.483
212.749
128.137
83.1882
57.9104
44.0649
37.1162
33.349
31.6923
31.8979
33.7238
37.9991
45.6531
59.2822
83.8027
126.996
207.024
339.346
258.29
260.138
344.89
212.31
129.878
83.056
58.0263
44.1533
37.0084
33.2276
31.7358
31.918
33.8207
37.9723
45.5832
59.0876
83.1327
129.447
208.888
338.125
258.234
260.361
342.74
211.634
129.559
83.0638
57.5604
44.2311
37.1743
33.2743
31.6504
31.8753
33.8062
37.7744
45.2209
58.619
83.9966
129.342
210.538
339.157
258.446
260.646
344.791
209.345
128.803
82.0551
58.0512
44.4923
37.0986
33.3108
31.7062
31.8285
33.8225
37.9884
45.5861
59.3167
83.7361
127.63
210.473
340.256
258.986
260.175
343.439
209.759
127.233
82.7256
58.0804
44.5853
37.2254
33.2307
31.6807
31.7896
33.8045
37.9584
45.2623
59.2187
82.7284
129.459
210.208
338.441
259.02
260.303
345.408
210.655
127.761
81.9024
57.5381
44.2253
37.1969
33.3609
31.6459
31.8815
33.7998
37.9646
45.6
59.3212
83.2472
129.015
209.866
340.072
258.955
260.044
344.992
212.267
128.166
82.7565
58.2323
44.4937
37.1247
33.3567
31.7814
31.9139
33.795
37.7577
45.2008
59.2326
83.8448
127.344
208.144
338.134
258.892
259.921
344.822
211.914
129.356
81.9674
58.222
44.7698
37.1961
33.3085
31.7828
31.9082
33.8154
37.9674
45.3451
59.0517
83.7551
129.189
210.491
339.726
259.224
259.093
342.786
209.754
129.01
83.0324
58.2054
44.7947
37.3763
33.3738
31.8035
31.9013
33.8089
38.0082
45.5311
58.3763
82.3928
127.149
210.219
340.908
258.997
259.667
344.51
211.687
127.566
81.9727
57.589
44.7101
37.3708
33.5012
31.7964
31.8497
33.6645
38.0091
45.6041
58.8421
83.1117
127.98
208.572
340.55
258.751
260.733
346.192
210.144
129.197
83.1099
58.2282
44.7195
37.3272
33.4931
31.7147
31.7476
33.7754
38.0053
45.414
59.3935
83.8755
129.085
210.095
340.031
258.253
261.019
346.186
212.936
128.057
82.1501
57.6855
44.6215
37.4635
33.534
31.8325
31.8622
33.7229
38.0443
45.7681
59.3512
82.8392
127.434
209.666
338.253
258.109
260.98
344.469
212.601
130.616
83.6962
58.5942
44.9681
37.4958
33.5178
31.8292
31.9537
33.8792
38.1167
45.7821
59.3539
83.9165
129.253
208.675
339.569
258.584
261.29
346.36
210.739
130.328
83.2679
58.4919
44.9139
37.4666
33.4918
31.7139
31.9059
33.8264
38.091
45.7211
59.1502
83.4519
127.949
210.769
338.239
258.537
260.992
346.188
211.803
130.397
82.7365
58.4275
44.8127
37.4061
33.4614
31.7606
31.8819
33.8148
38.0693
45.697
58.9772
82.3807
129.383
211.092
339.989
258.933
260.596
344.534
213.186
130.331
83.6547
58.3978
44.4863
37.336
33.4312
31.6498
31.7489
33.6519
38.031
45.6682
58.5818
83.4667
128.217
211.019
341.528
259.126
260.003
346.318
213.093
130.07
83.5068
57.8999
44.5826
37.2282
33.4221
31.7559
31.8824
33.7991
38.0441
45.7607
59.0797
84.7799
130.61
211.084
341.611
258.992
259.743
345.838
212.552
129.607
83.2539
58.4556
44.8719
37.3885
33.4287
31.6613
31.8433
33.6427
37.8064
45.7194
59.4493
84.6717
130.399
210.653
341.46
258.643
258.759
345.119
211.945
127.801
82.1067
58.3599
44.8429
37.3433
33.4081
31.739
31.8651
33.7515
37.9398
45.554
58.8275
84.4953
130.192
210.098
341.494
258.812
257.776
344.658
211.235
129.677
83.3523
58.3931
44.7831
37.1289
33.349
31.6749
31.8292
33.6144
37.7735
45.7728
59.5533
84.2713
129.755
207.517
341.361
258.548
258.778
344.089
208.601
128.037
82.3933
58.2678
44.722
37.1635
33.2314
31.6971
31.8372
33.7822
38.0087
45.7458
59.4013
83.1276
129.61
209.056
341.641
258.099
258.455
343.083
210.305
129.7
83.3173
58.2169
44.647
37.2353
33.2483
31.6621
31.7795
33.7327
37.9411
45.667
59.3746
84.1553
128.455
210.24
341.804
259.659
259.366
344.345
211.816
129.476
83.0611
58.0454
44.5324
37.0953
33.193
31.6097
31.6213
33.6607
37.8519
45.2764
58.6228
83.5815
130.018
208.265
341.8
260.074
259.376
342.43
209.664
127.733
81.8828
57.3438
44.125
37.1097
33.187
31.5375
31.665
33.5147
37.6684
45.437
58.7449
83.5458
130.089
210.608
341.726
260.054
259.379
343.473
211.746
129.378
82.8647
57.7444
44.2123
37.0139
33.1996
31.585
31.743
33.5473
37.7108
45.3989
58.7015
84.0819
129.718
208.754
341.246
259.898
259.213
344.555
211.418
129.062
82.6005
57.1755
44.1282
37.1371
33.2875
31.6338
31.7252
33.5364
37.7629
45.3052
58.556
83.7242
129.425
210.333
339.766
259.854
259.011
342.43
208.954
127.43
82.2528
57.4295
44.2707
37.1666
33.2958
31.6305
31.71
33.4922
37.7098
45.2247
58.5668
82.4696
127.434
209.824
340.624
259.134
259.154
344.682
210.724
129.024
81.526
57.7594
44.4954
37.168
33.2751
31.601
31.6867
33.5556
37.6339
44.8454
58.009
82.6299
127.651
207.885
341.415
258.864
258.838
344.186
211.952
128.919
82.5207
57.7623
44.4502
37.129
33.2314
31.5611
31.6439
33.5198
37.6199
45.0737
58.4011
82.8432
127.543
208.299
341.246
258.475
258.579
342.569
211.488
128.296
81.4431
57.0118
44.0713
36.9052
33.1768
31.5107
31.5182
33.3172
37.3606
44.694
57.6005
81.6571
128.222
208.585
340.055
258.074
257.885
343.821
211.112
126.717
82.5313
57.4635
44.3198
37.0163
33.1188
31.4853
31.5088
33.3981
37.508
45.0315
58.1649
82.4155
127.01
209.99
341.592
257.82
257.465
341.899
210.953
128.823
82.6475
57.842
44.1412
36.8867
33.0498
31.3864
31.5194
33.3442
37.4239
44.7364
58.3571
82.9249
128.164
209.506
341.269
256.957
257.114
342.538
210.58
128.482
82.2543
57.773
44.4157
36.8897
33.1071
31.4143
31.4838
33.1761
37.2184
44.7488
57.6012
81.5926
126.068
207.219
340.6
256.38
255.653
343.383
210.192
128.073
81.3833
57.1898
44.1811
36.9752
33.2075
31.4653
31.4635
33.2255
37.3484
44.703
57.6596
81.8786
126.411
208.595
340.626
255.739
257.278
342.949
209.57
127.623
82.1142
57.6755
44.4717
37.1564
33.2317
31.4502
31.3478
33.2961
37.3082
44.3653
57.4885
82.2087
126.183
207.906
340.032
255.464
258.31
341.329
207.287
125.701
81.6688
57.4707
44.3654
37.0081
33.2164
31.4482
31.3903
33.297
37.3252
44.462
57.4004
81.9631
126.687
205.746
338.253
255.181
257.468
342.311
209.08
127.293
80.6286
56.7283
44.0007
37.1483
33.2555
31.3889
31.4123
33.2616
37.3121
44.6207
57.361
80.79
126.213
206.047
338.842
255.523
255.981
341.63
206.768
126.674
80.7951
57.0296
44.2337
37.22
33.3089
31.5338
31.4796
33.1405
37.2494
44.5925
57.3468
81.4708
124.715
205.373
338.579
255.864
256.482
339.876
206.704
126.203
81.2676
57.3755
44.4604
37.2572
33.3278
31.5821
31.5583
33.2978
37.0752
44.4954
57.457
80.6336
125.923
205.35
338.789
255.174
256.642
339.687
205.873
124.591
80.2289
56.8718
44.4174
37.256
33.3379
31.5691
31.4664
33.311
37.2161
44.4249
57.3429
80.5296
124.522
205.21
338.466
255.566
255.682
339.006
205.288
124.697
81.0111
57.3176
44.4353
37.2543
33.3405
31.5833
31.5808
33.3317
37.1823
44.0644
56.7466
80.3079
125.383
205.978
339.241
254.38
256.247
338.595
204.803
124.807
80.6329
57.1146
44.3937
37.2316
33.3409
31.5616
31.5792
33.3066
37.0833
44.1399
56.766
80.0342
124.781
205.23
337.458
254.514
254.935
338.415
204.939
123.154
79.884
56.4243
44.2837
37.0931
33.3244
31.4464
31.474
33.227
37.2233
44.2805
56.6521
79.6028
122.823
204.293
338.244
254.476
254.655
337.389
202.663
124.031
79.7787
56.7851
44.2948
37.2736
33.3701
31.5859
31.611
33.3555
37.2112
44.2544
56.8022
79.5054
123.428
201.797
336.373
254.9
254.03
335.108
203.325
123.517
80.1395
57.0007
44.3679
37.2884
33.3149
31.5655
31.5403
33.3348
37.1372
43.9129
56.6156
79.1107
122.903
203.055
336.406
254.529
253.843
334.984
200.988
121.486
78.9793
56.403
44.0769
37.2449
33.4455
31.7167
31.6661
33.2578
37.0094
43.94
56.1706
79.0465
120.99
200.615
335.48
252.958
253.258
334.334
200.898
121.178
79.111
56.5676
44.2156
37.1469
33.4086
31.6432
31.5982
33.3567
37.1539
44.0952
56.3938
78.2211
120.921
200.227
334.927
252.404
253.636
334.302
198.398
120.32
78.6728
56.3378
44.1585
37.2408
33.3502
31.7266
31.6975
33.3419
37.112
44.0241
56.3148
78.7534
121.022
199.361
334.286
251.42
253.347
334.924
197.948
119.724
77.5704
55.7456
43.8825
37.2233
33.3728
31.7082
31.6807
33.3206
37.0138
43.6466
55.6576
77.6179
120.338
199.343
334.202
250.986
252.37
334.048
196.992
119.633
77.7091
55.8068
43.9896
37.2336
33.4154
31.6603
31.5457
33.1545
36.8384
43.6396
55.7507
77.6468
118.504
198.077
331.345
250.82
251.892
331.741
196.39
118.951
77.1794
55.8494
43.793
37.2
33.3514
31.5474
31.5849
33.1735
36.8308
43.5053
55.346
77.2495
117.98
195.836
331.438
250.303
250.93
331.288
196.371
118.144
76.9085
55.6832
43.8963
37.2185
33.4788
31.6489
31.5102
33.1477
36.7809
43.4031
55.0839
76.2726
116.928
195.161
331.065
250.43
250.037
330.201
193.826
117.192
76.5866
55.1842
43.7607
37.1709
33.4976
31.7687
31.5973
33.1833
36.7725
43.3938
54.9624
75.8697
115.961
193.717
331.581
250.517
249.37
329.995
192.619
115.453
76.0327
54.9441
43.674
37.1304
33.4604
31.7611
31.6652
33.2322
36.7886
43.2694
54.7251
75.229
114.703
192.257
328.75
250.204
248.96
328.847
190.576
114.457
75.0777
54.7718
43.4144
36.911
33.2872
31.7189
31.6635
33.1834
36.7054
43.1018
54.2256
74.8131
113.723
190.519
328.903
248.836
248.303
326.326
189.004
112.961
74.608
54.4808
43.3077
36.8742
33.2616
31.6685
31.6087
33.0983
36.4605
42.7644
53.8491
74.0111
112.672
189.008
325.775
248.553
247.569
326.078
187.148
111.897
73.956
54.1551
43.1031
36.7584
33.196
31.6183
31.5623
33.0353
36.3723
42.5642
53.5763
73.5676
111.722
187.587
325.734
248.173
247.148
323.048
185.355
110.776
73.2794
53.7609
42.9307
36.6677
33.1305
31.5463
31.4627
32.9424
36.3065
42.3721
53.2043
72.9378
110.676
185.916
325.204
247.59
246.022
322.461
183.525
109.557
72.6755
53.4393
42.7568
36.5955
33.0409
31.4661
31.3323
32.8361
36.0707
42.121
52.8198
72.2552
109.505
184.035
322.711
246.11
245.058
319.373
181.536
108.275
71.9628
53.0665
42.5127
36.3879
32.8909
31.2766
31.2066
32.6441
35.9297
41.8937
52.3921
71.4547
108.14
182.045
321.281
245.803
244.085
318.091
179.771
106.933
71.1984
52.6497
42.2837
36.238
32.7887
31.1492
31.0896
32.5207
35.7671
41.6313
51.94
70.5975
106.594
180.057
319.241
245.011
242.963
316.583
177.739
105.504
70.3992
52.1716
41.9561
35.98
32.5796
30.97
30.9009
32.339
35.5859
41.3705
51.5272
69.8934
105.317
177.816
317.215
243.995
241.653
314.857
175.553
103.958
69.4722
51.6344
41.6133
35.7261
32.3453
30.7795
30.7283
32.1426
35.3462
41.0997
51.0808
69.0406
103.646
175.06
314.688
242.35
240.043
313.012
173.116
102.244
68.4817
51.0575
41.2309
35.4407
32.1402
30.6035
30.5412
31.9548
35.1475
40.8099
50.6217
68.2063
102.142
172.862
312.392
241.7
237.614
310.43
170.104
100.325
67.437
50.4457
40.8304
35.1319
31.8506
30.3306
30.2796
31.6948
34.8643
40.461
50.0823
67.2487
100.346
169.946
310.046
239.99
234.738
307.363
166.799
98.2686
66.2849
49.7817
40.3749
34.7859
31.5618
30.0433
29.9904
31.4044
34.5395
40.0595
49.4618
66.1678
98.3702
166.78
306.747
237.9
230.369
303.487
163.028
95.9758
65.0338
49.045
39.9019
34.4302
31.2568
29.7647
29.7172
31.1114
34.1993
39.6138
48.7952
65.0306
96.3018
163.389
303.442
234.53
226.159
299.022
158.967
93.6054
63.7623
48.2776
39.3629
34.0143
30.9049
29.4422
29.3976
30.7681
33.793
39.0795
47.9973
63.723
93.9687
159.466
299.348
231.007
221.401
293.654
154.192
90.9244
62.2801
47.3523
38.7343
33.5322
30.4932
29.0589
29.0109
30.3535
33.3193
38.4808
47.1335
62.2687
91.2687
154.767
293.893
226.091
215.838
286.638
148.943
88.0858
60.688
46.3496
38.0065
32.9501
29.9995
28.6114
28.5695
29.8796
32.766
37.7819
46.1474
60.641
88.2257
149.257
286.669
219.375
208.437
278.034
142.988
84.8368
58.9136
45.2182
37.1742
32.2831
29.43
28.0933
28.0612
29.3377
32.1364
36.9816
45.0098
58.7922
84.8324
143.095
277.898
212.117
201.571
267.718
136.503
81.4146
56.9789
43.9388
36.2227
31.509
28.7538
27.4652
27.4368
28.6756
31.3873
36.0624
43.7376
56.7585
81.1649
136.199
266.962
203.167
193.991
255.79
129.538
77.8054
54.8815
42.535
35.1514
30.6264
27.9775
26.7373
26.712
27.9074
30.5215
35.0275
42.3825
54.69
77.4591
129.065
254.758
194.313
187.207
242.324
122.317
74.0804
52.6606
40.9938
33.9597
29.6147
27.0712
25.8844
25.8622
27.0129
29.5287
33.8612
40.91
52.5693
73.7721
121.662
240.771
185.655
179.971
227.51
115.274
70.5596
50.422
39.3277
32.6157
28.4745
26.0507
24.9226
24.9077
26.0126
28.4285
32.5874
39.3357
50.4274
70.2932
114.457
225.77
178.391
174.329
212.323
107.953
66.8707
48.0749
37.5552
31.1669
27.232
24.9365
23.873
23.8643
24.9156
27.211
31.1832
37.6428
48.2073
66.8908
107.312
209.676
172.701
172.315
197.615
101.093
63.3586
45.6924
35.6952
29.6257
25.9079
23.7499
22.7517
22.7483
23.7459
25.9212
29.6821
35.8229
45.8772
63.4138
100.369
194.234
170.979
174.511
184.165
94.9539
60.0435
43.3318
33.8171
28.0595
24.5509
22.5269
21.5981
21.6008
22.5394
24.5856
28.1316
33.9488
43.504
60.1093
94.2431
181.041
172.637
179.067
171.112
89.0626
56.85
40.9658
31.9212
26.494
23.2086
21.3224
20.4611
20.4696
21.3506
23.267
26.5977
32.0945
41.1931
57.0612
88.9844
170.452
180.405
185.623
161.384
84.1169
53.889
38.7472
30.1535
25.0311
21.9523
20.1937
19.3932
19.4036
20.2269
22.0199
25.1453
30.3303
38.9707
54.0612
84.0496
161.532
189.013
197.35
153.459
80.2532
51.3886
36.8046
28.5911
23.7296
20.8265
19.1764
18.4271
18.4365
19.2054
20.8844
23.8277
28.7478
37.0205
51.6106
80.542
154.285
200.745
209.083
147.351
77.705
49.387
35.15
27.2264
22.59
19.844
18.2915
17.5885
17.5948
18.3109
19.8825
22.6565
27.3369
35.3193
49.575
77.6944
147.319
211.579
225.829
143.207
75.5792
47.6725
33.6877
26.0102
21.5826
18.9905
17.5378
16.8835
16.8865
17.5468
19.0069
21.6081
26.0485
33.7447
47.7402
75.7057
143.514
227.667
244.733
140.932
74.1313
46.102
32.2858
24.8638
20.6625
18.2407
16.8997
16.3002
16.3011
16.9031
18.2472
20.6774
24.8924
32.3387
46.185
74.1889
140.883
245.543
266.437
139.536
72.5566
44.3856
30.8222
23.7153
19.7815
17.5587
16.3488
15.8136
15.8131
16.3476
17.5554
19.776
23.7062
30.8159
44.4072
72.6527
139.858
266.285
290.412
139.092
70.9866
42.4801
29.2101
22.498
18.8978
16.9186
15.8656
15.4073
15.4068
15.8647
16.9162
18.8937
22.4892
29.1902
42.4328
70.8924
139.047
290.183
316.563
138.895
68.4157
39.9044
27.2798
21.1573
17.992
16.3112
15.4452
15.0757
15.0754
15.4447
16.3102
17.9917
21.1612
27.2975
39.9627
68.5472
138.954
316.436
344.544
138.555
65.0677
36.8452
25.1183
19.7363
17.0914
15.7559
15.1025
14.8351
14.8349
15.1018
15.754
17.0871
19.728
25.1015
36.8101
65.0056
138.526
343.945
372.531
135.835
59.5597
32.7977
22.5993
18.233
16.2252
15.2783
14.8594
14.7109
14.7109
14.8595
15.2785
16.2255
18.2365
22.6117
32.8389
59.6902
136.165
373.472
403.012
128.456
51.3801
27.8742
19.8776
16.768
15.4785
14.9594
14.7554
14.6774
14.6774
14.7553
14.9589
15.4765
16.7655
19.8686
27.8516
51.3109
128.229
402.323
432.535
107.546
38.6719
21.937
17.0561
15.4885
14.9812
14.8086
14.7296
14.7003
14.7005
14.7306
14.8109
14.9848
15.4925
17.0622
21.9489
38.726
107.743
433.24
466.55
57.4514
21.692
16.298
15.2439
14.9528
14.8457
14.8045
14.7967
14.7964
14.7964
14.7968
14.8049
14.8461
14.9526
15.2436
16.2984
21.6774
57.3989
466.344
)
;

boundaryField
{
    fixedWalls_1
    {
        Cmu             0.09;
        kappa           0.41;
        E               9.8;
        type            epsilonWallFunction;
        value           nonuniform List<scalar> 
200
(
255.121
254.44
255.021
255.11
256.986
254.919
255.171
255.444
256.537
256.112
255.146
254.239
256.218
256.057
255.962
256.263
256.67
257.162
257.449
257.829
257.604
257.57
257.183
256.549
256.573
255.572
256.403
256.944
256.831
258.988
258.854
258.872
259.176
258.585
258.474
257.779
257.604
256.899
256.545
257.362
256.803
258.873
258.585
257.811
257.398
256.463
255.981
254.72
254.753
254.064
254.624
254.076
253.949
252.439
251.579
251.396
251.461
251.226
250.719
250.415
249.007
248.345
247.71
246.733
245.986
244.925
243.556
242.883
241.78
240.689
238.926
237.117
235.277
232.967
230.456
226.83
223.109
218.368
212.21
205.384
198.29
190.648
183.786
176.553
174.036
175.09
181.057
188.918
198.44
212.496
226.302
245.51
266.737
289.639
316.713
343.823
372.93
402.671
432.243
466.623
257.236
255.87
255.89
255.825
254.718
255.521
255.8
255.52
257.555
257.962
258.066
256.382
254.434
254.042
253.567
254.767
254.973
255.12
254.374
256.082
255.42
256.3
255.591
256.725
257.423
258.501
258.749
258.858
257.78
258.604
258.519
258.22
257.737
256.469
257.427
256.46
258.174
257.924
257.484
257.248
255.772
256.314
254.948
254.792
254.333
254.141
253.83
254.369
254.4
252.922
253.128
253.187
252.533
252.003
251.554
252.605
252.054
252.204
252.301
250.936
250.56
250.285
249.302
248.665
247.582
246.729
245.465
243.872
242.769
241.551
239.731
238.421
236.845
234.624
232.402
228.33
224.066
217.905
210.26
202.225
193.185
185.575
179.669
175.92
175.002
177.522
183.107
189.343
201.111
211.98
227.445
245.2
266.138
290.438
316.078
344.331
372.704
402.815
432.53
466.555
)
;
    }
    frontAndBack_1
    {
        type            empty;
    }
    inlet_1
    {
        type            fixedValue;
        value           uniform 14.855;
    }
    outlet_1
    {
        type            zeroGradient;
    }
    fixedWalls_2
    {
        Cmu             0.09;
        kappa           0.41;
        E               9.8;
        type            epsilonWallFunction;
        value           nonuniform List<scalar> 
200
(
689.985
687.325
685.488
681.568
681.427
681.081
679.376
680.533
676.7
680.67
682.728
681.684
678.355
685.49
686.584
688.724
688.766
684.962
694.335
694.187
692.404
685.369
688.374
686.969
683.981
676.523
675.665
674.734
671.155
673.895
666.137
671.643
674.71
672.96
673.625
666.086
669.57
670.284
669.381
663.627
666.426
663.357
665.783
661.026
662.838
665.285
665.556
665.102
663.601
657.766
658.144
656.107
654.184
651.66
649.301
645.838
644.522
642.343
640.794
639.653
638.559
635.524
632.947
624.965
620.583
615.481
612.203
605.765
596.912
592.413
590.979
585.888
576.535
554.36
539.157
517.808
498.802
473.23
452.142
430.963
409.279
384.872
357.35
330.651
307.853
293.693
292.306
305.288
320.882
331.635
345.142
361.09
374.981
393.838
408.535
424.663
436.739
450.799
461.559
471.067
685.739
684.097
682.707
686.823
684.933
681.899
674.182
673.564
674.543
673.518
669.819
666.47
665.501
665.031
668.539
664.801
668.926
671.801
671.423
674.218
673.425
671.465
669.796
672.789
674.214
672.562
672.388
673.463
674.785
669.334
669.763
667.416
662.692
662.5
661.847
664.521
663.75
660.407
665.786
669.013
670.876
667.638
670.768
669.902
668.808
667.771
666.556
665.676
660.986
658.396
657.175
656.585
653.341
651.676
649.426
646.585
643.009
636.333
630.332
621.925
616.671
611.156
604.802
597.822
591.306
587.75
581.115
580.035
574.636
565.943
559.441
551.393
544.993
533.857
512.085
491.759
469.852
449.328
432.248
416.577
397.002
376.265
350.124
322.365
307.405
304.214
304.027
306.307
319.317
326.468
348.529
359.967
377.261
394.275
407.047
425.278
436.346
450.874
460.823
471.487
)
;
    }
    frontAndBack_2
    {
        type            empty;
    }
    inlet_2
    {
        type            fixedValue;
        value           uniform 14.855;
    }
    outlet_2
    {
        type            zeroGradient;
    }
    fixedWalls_3
    {
        Cmu             0.09;
        kappa           0.41;
        E               9.8;
        type            epsilonWallFunction;
        value           nonuniform List<scalar> 
200
(
1215.77
1214.94
1219.71
1224.63
1224.36
1223.8
1222.88
1223.74
1222.07
1220.45
1221.46
1220.38
1216.99
1221.81
1220.93
1220.97
1221.05
1220.39
1219.4
1220.23
1219.73
1219.61
1220.42
1221.57
1221
1216.86
1210.86
1209.29
1206.14
1205.87
1205.64
1207
1210.94
1212.07
1213.64
1214.07
1213.26
1216.31
1217.6
1218.72
1218.69
1214.21
1215.11
1210.84
1211.54
1212.2
1210.98
1198.39
1190.42
1187.36
1183.37
1180.48
1173.88
1169.87
1161.1
1153.87
1151.07
1149.62
1127.54
1120.51
1120.96
1112.05
1109.14
1101.84
1090.53
1078
1059.77
1042.47
1018.82
997.695
972
956.389
943.149
910.149
885.201
845.688
828.753
811.109
776.848
755
717.821
675.95
626.851
596.229
569.849
523.621
521.205
490.074
426.429
395.19
392.937
409.447
418.379
432.48
440.201
450.639
457.692
463.566
468.995
473.339
1181.91
1178.3
1180.48
1179.94
1179.04
1173.52
1171.82
1169.19
1168.85
1167.66
1167.75
1168.21
1169.5
1173.08
1172.55
1175.04
1179.31
1174.16
1178.66
1181.92
1184.94
1186.62
1189.46
1195.12
1195.17
1198.36
1199.38
1199.42
1201.65
1201.46
1201.75
1201.79
1202.62
1199.43
1197.34
1199.88
1190.19
1187.12
1173.94
1174.43
1175.02
1174.59
1175.38
1173.14
1170.45
1167.84
1166.39
1161.15
1159.33
1157.62
1155.3
1150.87
1148.62
1148.9
1138.18
1136.15
1135.14
1132.87
1133.19
1132.19
1132.48
1132.43
1131.77
1111.8
1094.7
1090.92
1086.72
1076.08
1075.16
1058.17
1024.53
1011.04
999.719
970.076
962.678
904.301
886.552
877.616
846.082
789.476
712.896
654.444
597.865
551.401
491.236
438.406
413.078
411.195
399.508
397.959
395.522
409.039
415.573
434.231
441.126
449.743
457.705
463.535
468.45
473.812
)
;
    }
    frontAndBack_3
    {
        type            empty;
    }
    inlet_3
    {
        type            fixedValue;
        value           uniform 14.855;
    }
    outlet_3
    {
        type            zeroGradient;
    }
    fixedWalls_4
    {
        Cmu             0.09;
        kappa           0.41;
        E               9.8;
        type            epsilonWallFunction;
        value           nonuniform List<scalar> 
200
(
680.914
678.395
677.183
679.982
674.142
679.155
678.465
677.29
676.569
675.113
672.904
676.486
672.1
676.566
676.112
676.576
674.608
684.571
689.046
694.251
693.161
689.904
691.268
690.777
686.883
685.98
684.14
683.157
682.27
683.163
686.265
683.314
688.116
685.037
687.587
691.318
690.106
688.556
685.941
679.595
680.775
678.897
673.716
673.686
672.815
674.114
668.062
669.153
665.454
663.601
660.201
658.389
655.219
652.002
648.482
645.162
642.111
638.36
635.967
630.513
626.513
619.685
615.396
612.694
609.108
604.002
600.16
592.804
579.873
576.545
573.551
560.184
545.865
524.951
516.851
504.31
488.431
475.477
458.113
438.141
415.059
388.493
362.631
346.822
341.073
326.847
307.349
304.848
315.316
324.754
345.451
358.1
379.496
391.837
409.032
424.575
436.81
451.023
461.307
471.189
671.775
666.68
667.771
666.904
666.263
665.461
667.827
667.508
663.427
669.156
671.423
669.937
678.846
683.849
682.597
681.291
678.168
681.75
677.678
680.648
677.854
682.03
684.06
678.819
680.843
679.791
673.877
674.192
673.351
673.845
672.031
669.405
668.654
665.336
662.438
660.384
658.557
657.548
653.057
651.898
652.042
651.87
652.702
654.519
653.439
652.873
649.862
652.795
649.751
650.884
651.429
652.623
648.674
647.011
644.479
641.521
639.993
634.221
627.553
621.24
611.153
603.472
598.477
596.86
592.745
590.972
586.98
582.518
575.496
572.164
567.257
557.737
544.909
538.367
530.058
516.124
504.905
489.131
468.508
444.022
411.131
366.007
338.366
330.231
312.649
301.31
302.996
304.912
318.027
328.268
348.634
359.306
375.662
393.859
408.587
424.662
436.964
450.875
461.525
471.106
)
;
    }
    frontAndBack_4
    {
        type            empty;
    }
    inlet_4
    {
        type            fixedValue;
        value           uniform 14.855;
    }
    outlet_4
    {
        type            zeroGradient;
    }
    fixedWalls_5
    {
        Cmu             0.09;
        kappa           0.41;
        E               9.8;
        type            epsilonWallFunction;
        value           nonuniform List<scalar> 
200
(
258.195
257.788
257.883
257.692
256.726
258.467
259.144
258.523
260.086
260.138
260.361
260.646
260.175
260.303
260.044
259.921
259.093
259.667
260.733
261.019
260.98
261.29
260.992
260.596
260.003
259.743
258.759
257.776
258.778
258.455
259.366
259.376
259.379
259.213
259.011
259.154
258.838
258.579
257.885
257.465
257.114
255.653
257.278
258.31
257.468
255.981
256.482
256.642
255.682
256.247
254.935
254.655
254.03
253.843
253.258
253.636
253.347
252.37
251.892
250.93
250.037
249.37
248.96
248.303
247.569
247.148
246.022
245.058
244.085
242.963
241.653
240.043
237.614
234.738
230.369
226.159
221.401
215.838
208.437
201.571
193.991
187.207
179.971
174.329
172.315
174.511
179.067
185.623
197.35
209.083
225.829
244.733
266.437
290.412
316.563
344.544
372.531
403.012
432.535
466.55
259.221
258.902
258.973
259.91
260.736
260.21
259.412
259.066
258.29
258.234
258.446
258.986
259.02
258.955
258.892
259.224
258.997
258.751
258.253
258.109
258.584
258.537
258.933
259.126
258.992
258.643
258.812
258.548
258.099
259.659
260.074
260.054
259.898
259.854
259.134
258.864
258.475
258.074
257.82
256.957
256.38
255.739
255.464
255.181
255.523
255.864
255.174
255.566
254.38
254.514
254.476
254.9
254.529
252.958
252.404
251.42
250.986
250.82
250.303
250.43
250.517
250.204
248.836
248.553
248.173
247.59
246.11
245.803
245.011
243.995
242.35
241.7
239.99
237.9
234.53
231.007
226.091
219.375
212.117
203.167
194.313
185.655
178.391
172.701
170.979
172.637
180.405
189.013
200.745
211.579
227.667
245.543
266.285
290.183
316.436
343.945
373.472
402.323
433.24
466.344
)
;
    }
    frontAndBack_5
    {
        type            empty;
    }
    inlet_5
    {
        type            fixedValue;
        value           uniform 14.855;
    }
    outlet_5
    {
        type            zeroGradient;
    }
}


// ************************************************************************* //
