/*--------------------------------*- C++ -*----------------------------------*\
  =========                 |
  \\      /  F ield         | OpenFOAM: The Open Source CFD Toolbox
   \\    /   O peration     | Website:  https://openfoam.org
    \\  /    A nd           | Version:  6
     \\/     M anipulation  |
\*---------------------------------------------------------------------------*/
FoamFile
{
    version     2.0;
    format      ascii;
    class       volScalarField;
    location    "17";
    object      k;
}
// * * * * * * * * * * * * * * * * * * * * * * * * * * * * * * * * * * * * * //

dimensions      [0 2 -2 0 0 0 0];

internalField   nonuniform List<scalar> 
10000
(
0.201151
0.514785
0.461414
0.403721
0.365149
0.345666
0.33698
0.333868
0.333244
0.333893
0.334955
0.33637
0.338921
0.344302
0.354671
0.375121
0.4121
0.465487
0.517107
0.203082
0.200781
0.514393
0.462058
0.404242
0.365514
0.346701
0.337789
0.334642
0.333805
0.334515
0.33562
0.336975
0.339448
0.345814
0.355787
0.375194
0.412214
0.463915
0.516801
0.202588
0.201028
0.514447
0.462554
0.404602
0.366124
0.34715
0.339061
0.336074
0.333962
0.3347
0.335902
0.337217
0.339517
0.345444
0.355446
0.375847
0.412467
0.464316
0.516606
0.202282
0.201164
0.516836
0.463159
0.405726
0.366649
0.346827
0.337635
0.334552
0.334001
0.335218
0.337768
0.338903
0.339793
0.344736
0.35533
0.375704
0.412464
0.464703
0.516305
0.201261
0.202447
0.518759
0.462404
0.40579
0.366784
0.347658
0.338706
0.336089
0.334381
0.33621
0.337125
0.338248
0.33956
0.344583
0.35532
0.376245
0.412655
0.466573
0.515375
0.202109
0.201825
0.517563
0.463923
0.405775
0.36671
0.34653
0.337178
0.33499
0.333794
0.334441
0.335538
0.336968
0.339394
0.344584
0.355222
0.376138
0.412673
0.467096
0.516702
0.201758
0.200388
0.518035
0.462198
0.405327
0.366379
0.345787
0.336777
0.333956
0.333743
0.33412
0.335202
0.336658
0.339149
0.344416
0.355191
0.376135
0.411146
0.465076
0.516086
0.202394
0.201542
0.51699
0.463827
0.40532
0.366126
0.346288
0.337014
0.334999
0.334991
0.334238
0.335295
0.33674
0.339162
0.344471
0.355183
0.376102
0.412099
0.466515
0.516183
0.202517
0.2021
0.51811
0.463329
0.405059
0.366012
0.345289
0.33688
0.33302
0.332535
0.33354
0.335031
0.336526
0.338852
0.3445
0.355103
0.375962
0.411316
0.465779
0.516712
0.202463
0.200638
0.516428
0.460663
0.404613
0.36589
0.345204
0.337202
0.33299
0.332227
0.333418
0.335156
0.336622
0.338636
0.344677
0.355154
0.37575
0.411443
0.4648
0.515076
0.202071
0.200839
0.516922
0.462014
0.404244
0.365477
0.344988
0.336508
0.333723
0.331884
0.333405
0.336204
0.337753
0.338379
0.343399
0.355302
0.375292
0.409316
0.461661
0.51445
0.201647
0.201576
0.516983
0.461784
0.402769
0.365464
0.344782
0.335396
0.332089
0.331616
0.33257
0.333847
0.335356
0.337832
0.342863
0.353915
0.374403
0.408208
0.46168
0.513926
0.200495
0.201559
0.516414
0.460204
0.403161
0.365626
0.345091
0.335788
0.333464
0.331984
0.333799
0.334811
0.335177
0.337674
0.342513
0.353435
0.373837
0.407686
0.46228
0.513695
0.200349
0.200903
0.51615
0.461847
0.403327
0.365621
0.345331
0.336012
0.332444
0.331471
0.332264
0.334525
0.335272
0.338833
0.342559
0.35344
0.373324
0.407781
0.462568
0.514197
0.200174
0.201457
0.514699
0.462123
0.403942
0.365586
0.345816
0.336755
0.333726
0.331862
0.332242
0.333533
0.335072
0.337387
0.342141
0.353859
0.372776
0.408732
0.461249
0.514177
0.20127
0.200761
0.51522
0.461979
0.402727
0.365795
0.346244
0.338036
0.334471
0.332275
0.332518
0.333488
0.33485
0.338045
0.341802
0.352743
0.372188
0.408148
0.463621
0.513991
0.201145
0.201445
0.514099
0.462053
0.403602
0.366071
0.34705
0.337298
0.334523
0.332914
0.333221
0.335207
0.336175
0.336985
0.341559
0.352113
0.372096
0.409599
0.465232
0.515665
0.20104
0.201906
0.515679
0.460744
0.404185
0.366351
0.347298
0.338298
0.334642
0.333892
0.333326
0.334198
0.335322
0.337043
0.341801
0.353001
0.372008
0.407878
0.464697
0.515357
0.201862
0.202511
0.517393
0.463779
0.405039
0.366932
0.347436
0.337725
0.33371
0.332886
0.333571
0.334585
0.33654
0.337312
0.341978
0.352503
0.372384
0.409126
0.464635
0.515224
0.201835
0.202955
0.518751
0.464675
0.406678
0.367519
0.347875
0.339073
0.334026
0.333132
0.334932
0.335906
0.335407
0.337542
0.342955
0.352528
0.372978
0.410663
0.464597
0.513628
0.201734
0.202313
0.517842
0.464265
0.406729
0.367299
0.348121
0.338442
0.334478
0.333242
0.333235
0.334371
0.335405
0.33874
0.342807
0.353038
0.372948
0.411285
0.464916
0.515428
0.201845
0.201742
0.517629
0.464463
0.407142
0.368294
0.348966
0.340273
0.336838
0.335532
0.333909
0.334193
0.3354
0.337819
0.343522
0.352899
0.372961
0.411445
0.464647
0.515438
0.201979
0.201784
0.515698
0.464068
0.407108
0.36848
0.349317
0.340334
0.336751
0.33567
0.335394
0.335984
0.337341
0.338138
0.342642
0.352968
0.373534
0.411752
0.466189
0.514366
0.201815
0.202115
0.516262
0.464479
0.407508
0.369096
0.349678
0.34039
0.336543
0.335212
0.334111
0.334611
0.336771
0.339217
0.342961
0.353107
0.373262
0.410722
0.465416
0.516068
0.201676
0.202074
0.515452
0.464138
0.407426
0.369409
0.349728
0.339953
0.335705
0.334191
0.333801
0.334208
0.335707
0.338274
0.342917
0.353755
0.374075
0.412462
0.467485
0.516765
0.202816
0.201979
0.515783
0.464641
0.407517
0.370094
0.351028
0.340454
0.335989
0.334361
0.334012
0.33444
0.335791
0.339422
0.343241
0.353669
0.374326
0.412255
0.467205
0.515372
0.203275
0.201828
0.517103
0.464639
0.406811
0.370187
0.351137
0.341918
0.337673
0.335965
0.334437
0.334718
0.335805
0.338207
0.343278
0.353836
0.374742
0.412156
0.467068
0.516956
0.203464
0.202926
0.51695
0.465159
0.408007
0.370501
0.350443
0.340951
0.336285
0.334659
0.334509
0.334897
0.33607
0.33865
0.34462
0.354198
0.374652
0.410797
0.465146
0.518603
0.204128
0.203216
0.516223
0.463708
0.406462
0.370571
0.350495
0.341644
0.336301
0.334636
0.334849
0.33648
0.338046
0.340332
0.344593
0.354267
0.374443
0.412292
0.46685
0.518539
0.20384
0.203604
0.518451
0.465923
0.408042
0.370884
0.350471
0.341911
0.336586
0.335019
0.335981
0.335499
0.337293
0.339719
0.344002
0.354456
0.375093
0.412459
0.466816
0.518211
0.203649
0.203257
0.517937
0.465526
0.408028
0.370828
0.350325
0.340347
0.337422
0.335908
0.335477
0.335364
0.337517
0.338997
0.34389
0.354464
0.375126
0.411749
0.464348
0.516412
0.20254
0.202888
0.517476
0.46392
0.407086
0.370943
0.350755
0.340076
0.335771
0.334074
0.334026
0.335766
0.337064
0.339065
0.344074
0.354492
0.374327
0.410037
0.464888
0.516921
0.202787
0.203222
0.5185
0.465699
0.408988
0.371121
0.350213
0.339952
0.3357
0.333809
0.33352
0.334091
0.335589
0.339692
0.34491
0.355263
0.374197
0.409918
0.464426
0.51728
0.202768
0.20278
0.518031
0.465323
0.408755
0.371152
0.350519
0.340326
0.337267
0.33431
0.333714
0.334042
0.335024
0.337469
0.342706
0.354036
0.373586
0.409538
0.465121
0.516863
0.203258
0.202279
0.517771
0.465034
0.407826
0.371233
0.351252
0.34014
0.336892
0.335522
0.335289
0.335703
0.335328
0.337359
0.342344
0.353334
0.372969
0.408762
0.465079
0.517282
0.20316
0.202215
0.517232
0.46442
0.408775
0.370961
0.350256
0.339886
0.335668
0.333944
0.333453
0.334375
0.335668
0.33776
0.342376
0.352243
0.372174
0.408064
0.462846
0.516072
0.202884
0.201806
0.516053
0.461961
0.406757
0.37053
0.349925
0.339904
0.335904
0.334101
0.333318
0.33307
0.333512
0.335358
0.340124
0.350594
0.371385
0.407337
0.463276
0.516481
0.202786
0.202352
0.517411
0.463346
0.407043
0.370483
0.350193
0.340278
0.336768
0.336093
0.33545
0.333755
0.333771
0.335395
0.340014
0.350366
0.371021
0.406794
0.462074
0.515862
0.201824
0.203098
0.516914
0.464381
0.406408
0.370364
0.350882
0.340305
0.338056
0.33518
0.335199
0.335205
0.334331
0.335686
0.339934
0.350237
0.370842
0.407157
0.462921
0.51441
0.201591
0.203182
0.515747
0.464274
0.40735
0.37004
0.349727
0.339871
0.336998
0.335653
0.334776
0.334759
0.335591
0.337107
0.340167
0.350056
0.370802
0.405898
0.460398
0.513508
0.20094
0.203279
0.517415
0.463671
0.406273
0.369791
0.349304
0.339618
0.335636
0.333925
0.333383
0.333456
0.334203
0.335815
0.340063
0.349922
0.370472
0.406381
0.460534
0.513117
0.200643
0.203247
0.517777
0.463191
0.407195
0.369853
0.349546
0.34097
0.337552
0.335544
0.333902
0.333806
0.334443
0.33605
0.340202
0.349822
0.369864
0.405149
0.459543
0.512211
0.200395
0.202227
0.517297
0.463068
0.406592
0.369462
0.349661
0.339721
0.33665
0.334457
0.334205
0.334467
0.336402
0.338089
0.341799
0.350014
0.369634
0.404927
0.459858
0.512402
0.200046
0.201776
0.515244
0.460562
0.40589
0.369147
0.349076
0.339456
0.335574
0.334283
0.334468
0.335516
0.335999
0.337539
0.341375
0.349895
0.369386
0.405111
0.459463
0.512994
0.19953
0.201148
0.514188
0.459758
0.404932
0.368741
0.348725
0.340487
0.335721
0.334512
0.335703
0.334392
0.335008
0.336838
0.341046
0.350285
0.369184
0.404518
0.457535
0.512824
0.199616
0.200613
0.513149
0.45891
0.403837
0.368403
0.348666
0.339258
0.33577
0.334443
0.334896
0.334177
0.335593
0.338101
0.340196
0.349508
0.368935
0.40347
0.458567
0.5125
0.199438
0.20025
0.512494
0.459056
0.403605
0.368026
0.34791
0.339212
0.336818
0.335201
0.333702
0.334741
0.335073
0.336774
0.33983
0.349972
0.368546
0.403028
0.45797
0.512287
0.199841
0.200128
0.512137
0.458514
0.403074
0.367726
0.347696
0.338796
0.335121
0.333624
0.332996
0.33307
0.33341
0.335187
0.340138
0.348759
0.367729
0.401993
0.457119
0.511761
0.199675
0.200014
0.512555
0.457691
0.402429
0.367173
0.347794
0.339759
0.336994
0.335084
0.333482
0.333407
0.33356
0.334887
0.338783
0.347733
0.367033
0.401549
0.456685
0.511477
0.199377
0.19973
0.51214
0.456853
0.401848
0.366532
0.347672
0.339899
0.336474
0.335116
0.333848
0.333793
0.334115
0.335475
0.339248
0.347874
0.366586
0.40099
0.455548
0.510884
0.198952
0.199342
0.510318
0.455418
0.401062
0.36643
0.347699
0.339117
0.335728
0.334441
0.334447
0.335901
0.336479
0.337702
0.340895
0.348502
0.366306
0.40087
0.455161
0.510639
0.198646
0.198679
0.510038
0.454194
0.400448
0.366742
0.347862
0.339372
0.336152
0.334988
0.334803
0.335796
0.336249
0.337275
0.339749
0.348381
0.366199
0.40044
0.454383
0.509
0.198428
0.198171
0.50875
0.453193
0.399799
0.366438
0.348168
0.34002
0.337141
0.337339
0.336992
0.336506
0.336608
0.337627
0.340694
0.34776
0.365928
0.399093
0.452416
0.508574
0.197569
0.197275
0.507477
0.451404
0.398639
0.365878
0.348499
0.340605
0.337696
0.337702
0.337395
0.336356
0.336304
0.337181
0.340068
0.347668
0.365192
0.398539
0.451981
0.50763
0.19777
0.19724
0.506509
0.450405
0.397663
0.365562
0.349286
0.342812
0.339975
0.338783
0.33864
0.337175
0.337038
0.337796
0.340439
0.347724
0.364546
0.397866
0.45134
0.507992
0.197951
0.197093
0.50634
0.448974
0.396989
0.36547
0.350582
0.343291
0.339908
0.339794
0.339534
0.339282
0.338636
0.338914
0.342173
0.348931
0.364447
0.396899
0.449291
0.507636
0.197836
0.196822
0.50562
0.44809
0.396188
0.365113
0.350925
0.344552
0.34069
0.339537
0.339188
0.339226
0.339782
0.339536
0.341572
0.348075
0.364206
0.396215
0.448091
0.506148
0.19743
0.196014
0.503792
0.446939
0.395622
0.365442
0.351614
0.345707
0.343415
0.341867
0.340445
0.340382
0.341062
0.340683
0.342228
0.348261
0.363413
0.395395
0.447107
0.505936
0.19694
0.195788
0.503515
0.445867
0.394916
0.364996
0.352157
0.346674
0.344316
0.343158
0.343095
0.34346
0.342696
0.341977
0.344337
0.349722
0.363273
0.39452
0.445844
0.504987
0.196668
0.195226
0.502569
0.444444
0.394046
0.365
0.352909
0.348012
0.345931
0.344199
0.34367
0.343953
0.343621
0.343492
0.344897
0.349195
0.362804
0.393464
0.444152
0.503863
0.196034
0.194381
0.501592
0.442916
0.39337
0.365424
0.353627
0.349005
0.347299
0.346575
0.346369
0.346223
0.345995
0.345461
0.345845
0.35034
0.362415
0.39267
0.443076
0.502798
0.195775
0.194098
0.500978
0.441725
0.392639
0.364726
0.354522
0.350277
0.348832
0.348405
0.348158
0.347725
0.347088
0.346219
0.346285
0.349466
0.361951
0.391596
0.441515
0.501397
0.195153
0.193362
0.499557
0.43995
0.39157
0.364413
0.355378
0.351482
0.350164
0.349681
0.349369
0.348954
0.348269
0.347132
0.346394
0.349687
0.361653
0.390512
0.440082
0.500723
0.194546
0.192777
0.498487
0.438274
0.390521
0.363949
0.355819
0.352399
0.351252
0.350843
0.350567
0.350156
0.349515
0.348639
0.347287
0.350267
0.361619
0.389397
0.438447
0.499263
0.193812
0.192042
0.497309
0.436875
0.389456
0.363392
0.356159
0.353318
0.352373
0.352092
0.351897
0.351531
0.350884
0.350026
0.3495
0.351791
0.361894
0.388146
0.436668
0.498428
0.193102
0.191135
0.495636
0.434596
0.387809
0.362535
0.355831
0.35399
0.353396
0.353251
0.353144
0.35283
0.352202
0.351261
0.350053
0.350884
0.361474
0.386662
0.434277
0.496195
0.192149
0.190242
0.493982
0.432344
0.386093
0.361805
0.354812
0.354591
0.354491
0.354537
0.354507
0.354218
0.353556
0.352524
0.351514
0.351879
0.360786
0.384779
0.431822
0.494859
0.191135
0.189659
0.492688
0.4301
0.383639
0.361254
0.356345
0.355441
0.355644
0.355905
0.355957
0.355666
0.354921
0.353691
0.352158
0.351169
0.359917
0.382892
0.429294
0.49256
0.18998
0.188652
0.490943
0.427283
0.380648
0.357958
0.354076
0.355406
0.35663
0.35731
0.357459
0.357104
0.35619
0.354684
0.352762
0.351482
0.35888
0.380567
0.426531
0.491114
0.189218
0.187617
0.489186
0.424416
0.377931
0.357001
0.352001
0.355109
0.357482
0.358539
0.35881
0.358452
0.35742
0.355646
0.353224
0.351459
0.35739
0.377757
0.423491
0.488716
0.187986
0.186102
0.486732
0.420916
0.375694
0.356839
0.351757
0.354215
0.358217
0.359734
0.360134
0.359736
0.358556
0.356482
0.353431
0.35062
0.355269
0.373981
0.419769
0.48628
0.186662
0.184566
0.483918
0.417021
0.375556
0.357266
0.351862
0.354954
0.359331
0.361088
0.361579
0.361157
0.359811
0.357316
0.353357
0.349463
0.352148
0.369233
0.416322
0.484272
0.185573
0.182856
0.480841
0.412195
0.370635
0.354518
0.352181
0.35752
0.360909
0.362629
0.363144
0.362683
0.361193
0.358294
0.352764
0.34842
0.350018
0.365584
0.412469
0.481742
0.183979
0.180696
0.476983
0.407413
0.367736
0.352828
0.353348
0.358024
0.362022
0.364066
0.364733
0.364306
0.362788
0.359978
0.355549
0.350638
0.350494
0.364497
0.408279
0.478203
0.181869
0.178203
0.472463
0.402084
0.364395
0.352251
0.352123
0.35823
0.363054
0.365511
0.36637
0.365971
0.364348
0.361284
0.356121
0.35023
0.34887
0.363544
0.403121
0.474306
0.179427
0.174907
0.46648
0.395681
0.360224
0.34937
0.349854
0.356952
0.36368
0.366772
0.367902
0.367571
0.365878
0.362667
0.357604
0.350648
0.347792
0.359974
0.397344
0.468551
0.175617
0.171428
0.460024
0.388749
0.356072
0.346593
0.349131
0.358568
0.36445
0.367797
0.369192
0.368964
0.367208
0.363779
0.358316
0.350743
0.346203
0.356473
0.390681
0.462365
0.171606
0.166912
0.451836
0.380632
0.351313
0.343317
0.34835
0.356679
0.363434
0.367777
0.369798
0.369801
0.368026
0.364443
0.358867
0.350955
0.344973
0.352885
0.382846
0.453701
0.166003
0.161588
0.441675
0.371809
0.346762
0.341619
0.348195
0.358067
0.362889
0.366567
0.369243
0.369667
0.367822
0.363926
0.358449
0.350793
0.3458
0.348499
0.373927
0.443062
0.159841
0.156018
0.430432
0.362847
0.342113
0.341451
0.348292
0.35632
0.363957
0.366706
0.36852
0.368555
0.366608
0.362809
0.35698
0.349548
0.343538
0.343529
0.364671
0.431181
0.15352
0.150368
0.418479
0.354135
0.337796
0.343284
0.349385
0.356978
0.36308
0.366719
0.368774
0.369486
0.367221
0.36343
0.357696
0.350242
0.342867
0.339759
0.355198
0.417231
0.14703
0.14464
0.405532
0.346507
0.334143
0.34223
0.352299
0.360091
0.364452
0.367556
0.369311
0.369479
0.368152
0.366035
0.361105
0.353721
0.342155
0.336182
0.346541
0.403479
0.142047
0.139748
0.392947
0.341081
0.333023
0.342257
0.353289
0.360743
0.36544
0.369496
0.371268
0.37143
0.37
0.36677
0.361837
0.354886
0.344891
0.335223
0.339949
0.389678
0.138248
0.136142
0.377924
0.335562
0.335601
0.346898
0.3557
0.361586
0.366299
0.369044
0.370522
0.370757
0.369572
0.366738
0.362604
0.35684
0.347019
0.336049
0.335237
0.37684
0.136775
0.135927
0.365187
0.332573
0.33689
0.349088
0.358084
0.364022
0.36747
0.370675
0.371879
0.371493
0.370987
0.368339
0.363415
0.358054
0.350831
0.340148
0.333964
0.365661
0.136956
0.137928
0.355039
0.332413
0.340454
0.351493
0.358877
0.36394
0.36835
0.370588
0.371443
0.371892
0.370543
0.367719
0.364055
0.36005
0.352914
0.342165
0.333774
0.356041
0.139445
0.142945
0.348119
0.334002
0.343503
0.353693
0.359546
0.365104
0.368267
0.370133
0.371629
0.371762
0.370859
0.368874
0.365814
0.360851
0.355301
0.345682
0.335205
0.348547
0.143783
0.148859
0.342693
0.337238
0.347871
0.356578
0.361812
0.364874
0.367661
0.369915
0.370966
0.371086
0.370333
0.368417
0.36615
0.362706
0.35757
0.348661
0.33718
0.342601
0.149237
0.156515
0.337633
0.33932
0.35098
0.358898
0.363258
0.366165
0.367799
0.369419
0.370067
0.370166
0.369764
0.368743
0.366709
0.363807
0.359591
0.35221
0.34061
0.337973
0.157722
0.166646
0.33445
0.343616
0.3555
0.361832
0.364581
0.36674
0.367968
0.368506
0.368729
0.368768
0.368599
0.368121
0.367106
0.365345
0.361752
0.355513
0.343776
0.334665
0.166159
0.177493
0.333083
0.348636
0.359774
0.364716
0.366634
0.367479
0.36789
0.367974
0.367995
0.368015
0.368016
0.367922
0.367414
0.366823
0.364872
0.36004
0.349037
0.333307
0.178191
0.192141
0.333619
0.355339
0.364889
0.368003
0.368654
0.368467
0.368072
0.36784
0.367732
0.367736
0.367829
0.367964
0.368155
0.368567
0.36798
0.364825
0.355195
0.33354
0.191623
0.208177
0.340141
0.363841
0.3704
0.371335
0.370631
0.369606
0.368675
0.368147
0.367908
0.367925
0.368228
0.368914
0.369776
0.370634
0.371332
0.370459
0.363972
0.340068
0.208114
0.226265
0.349676
0.373569
0.376169
0.374703
0.37271
0.371016
0.369774
0.368991
0.368614
0.3686
0.36895
0.369674
0.370848
0.372529
0.374554
0.376111
0.373663
0.350166
0.226632
0.247123
0.365852
0.384696
0.381734
0.377522
0.374252
0.372
0.370545
0.369671
0.369263
0.369261
0.36967
0.370543
0.372002
0.374251
0.377523
0.38174
0.384685
0.365549
0.246696
0.268321
0.386021
0.395863
0.386256
0.379368
0.375248
0.37274
0.371216
0.370342
0.369946
0.369943
0.370334
0.371201
0.372718
0.375238
0.379379
0.386333
0.396056
0.386467
0.268719
0.291466
0.411748
0.405335
0.388503
0.380084
0.37569
0.373246
0.371844
0.371085
0.370756
0.370755
0.371085
0.371841
0.373231
0.375675
0.380059
0.388478
0.40533
0.411537
0.291183
0.314446
0.435178
0.409374
0.388944
0.380062
0.37576
0.373589
0.372478
0.371932
0.371713
0.371715
0.371938
0.372487
0.373588
0.375758
0.380045
0.388937
0.409373
0.43517
0.314645
0.33779
0.44509
0.407066
0.385686
0.378059
0.375032
0.37375
0.373184
0.372947
0.372863
0.372865
0.372954
0.373197
0.373762
0.375039
0.378059
0.38567
0.407041
0.445058
0.337881
0.364506
0.421737
0.386505
0.377506
0.375374
0.374621
0.374345
0.374271
0.374254
0.374252
0.374252
0.374254
0.374271
0.374345
0.374622
0.375376
0.37751
0.38651
0.421772
0.36449
0.542828
1.09295
0.914056
0.729028
0.589864
0.507766
0.461748
0.436287
0.422555
0.416054
0.415017
0.419675
0.432209
0.457292
0.504405
0.589057
0.726314
0.91269
1.09093
0.542885
0.537517
1.08632
0.911781
0.729035
0.586737
0.506972
0.462192
0.437069
0.423361
0.416477
0.415561
0.419829
0.432292
0.457121
0.502755
0.587755
0.724647
0.91061
1.09003
0.538388
0.539898
1.09683
0.906193
0.729786
0.589573
0.507756
0.462268
0.43676
0.423154
0.416595
0.415284
0.419812
0.43242
0.456897
0.503302
0.586685
0.723268
0.909296
1.08983
0.541427
0.540782
1.09807
0.91861
0.729934
0.586091
0.507717
0.462318
0.436448
0.423038
0.416461
0.41564
0.419898
0.432116
0.456675
0.502501
0.581956
0.721236
0.906473
1.08612
0.539765
0.53485
1.09286
0.915956
0.728844
0.588731
0.50852
0.462404
0.436555
0.422672
0.416179
0.415414
0.420102
0.431959
0.456177
0.500645
0.581905
0.719462
0.897083
1.08307
0.535832
0.539374
1.08493
0.903044
0.720281
0.590059
0.509133
0.462682
0.436535
0.423016
0.416416
0.415305
0.419867
0.431676
0.455929
0.500477
0.581173
0.717933
0.906558
1.0746
0.534338
0.542208
1.08853
0.90647
0.722951
0.593195
0.509876
0.462726
0.43667
0.422604
0.416308
0.415132
0.419703
0.431352
0.455539
0.499823
0.581475
0.70836
0.903288
1.07667
0.534424
0.54204
1.08373
0.907068
0.723291
0.590373
0.509324
0.463097
0.437032
0.42272
0.416155
0.414923
0.419501
0.431259
0.455387
0.499378
0.58008
0.709442
0.901226
1.08435
0.533593
0.541563
1.09399
0.908862
0.728322
0.59416
0.508612
0.463393
0.437331
0.422929
0.415958
0.414625
0.419247
0.431224
0.455145
0.498902
0.577957
0.707831
0.88829
1.08409
0.532388
0.536441
1.08295
0.914881
0.727252
0.594107
0.509789
0.464254
0.438139
0.423129
0.415832
0.414368
0.419131
0.431009
0.455034
0.498352
0.573698
0.710984
0.894395
1.08145
0.526676
0.540787
1.08144
0.91444
0.72305
0.590598
0.509857
0.464822
0.438706
0.423818
0.416362
0.414441
0.418891
0.430847
0.454922
0.498853
0.57585
0.709592
0.897477
1.0797
0.526544
0.537392
1.08075
0.905794
0.731545
0.593742
0.510884
0.465483
0.439061
0.423918
0.416382
0.41449
0.418607
0.43052
0.454769
0.499644
0.577289
0.700281
0.889663
1.07209
0.52653
0.543114
1.08784
0.910453
0.730703
0.589991
0.511152
0.466087
0.439398
0.424079
0.41642
0.414631
0.418691
0.430475
0.454588
0.498426
0.574602
0.705452
0.904089
1.07466
0.528276
0.543342
1.0844
0.903135
0.731473
0.593198
0.512052
0.466084
0.439362
0.424315
0.416731
0.414974
0.418978
0.430398
0.454648
0.499924
0.578797
0.709826
0.902855
1.07827
0.53348
0.545574
1.10286
0.911735
0.731336
0.589733
0.512296
0.465703
0.438926
0.4239
0.416352
0.414548
0.418612
0.430267
0.45439
0.499353
0.578552
0.704221
0.902354
1.07419
0.534233
0.551898
1.10411
0.91789
0.731449
0.593189
0.512081
0.465783
0.439446
0.423825
0.416779
0.414777
0.418328
0.430187
0.454318
0.498925
0.575483
0.7103
0.899938
1.08709
0.534397
0.551066
1.10517
0.924601
0.729109
0.594751
0.511759
0.464668
0.438416
0.423812
0.416281
0.414276
0.418289
0.430167
0.454138
0.497718
0.575796
0.707505
0.898464
1.08889
0.530218
0.549643
1.10235
0.922091
0.721314
0.590401
0.511013
0.464411
0.437952
0.423065
0.415806
0.414243
0.418317
0.430199
0.454228
0.498135
0.575586
0.700911
0.895261
1.08742
0.536448
0.549363
1.1024
0.920362
0.728587
0.592112
0.510707
0.464261
0.438482
0.423113
0.415941
0.41431
0.418375
0.43021
0.454284
0.498127
0.577473
0.706707
0.885724
1.0837
0.534747
0.543613
1.10057
0.908457
0.72466
0.589657
0.509472
0.464044
0.437657
0.423111
0.416425
0.414769
0.418451
0.430225
0.454187
0.498707
0.580145
0.712774
0.896514
1.0762
0.533138
0.543296
1.09018
0.90671
0.721603
0.585914
0.508389
0.463494
0.437799
0.423422
0.416074
0.414443
0.418506
0.430104
0.454256
0.499684
0.579407
0.704777
0.886318
1.07816
0.528397
0.542831
1.09259
0.903508
0.711964
0.583699
0.507984
0.463767
0.436686
0.42252
0.416313
0.414791
0.418391
0.430132
0.454067
0.499268
0.57877
0.710434
0.893212
1.0821
0.531345
0.541442
1.09117
0.90511
0.711699
0.58269
0.507316
0.463024
0.436583
0.422429
0.416062
0.414402
0.418034
0.429787
0.453658
0.498882
0.574892
0.707418
0.889249
1.07315
0.533953
0.53676
1.08455
0.90079
0.708933
0.581287
0.506576
0.462289
0.435472
0.421769
0.415623
0.414079
0.417955
0.429782
0.453574
0.498813
0.578009
0.700924
0.884627
1.08242
0.532691
0.536202
1.09001
0.894876
0.70375
0.579826
0.505286
0.46095
0.43508
0.421727
0.415282
0.413732
0.418035
0.429426
0.45339
0.498278
0.575784
0.704594
0.900872
1.09029
0.536968
0.53487
1.08285
0.8849
0.704167
0.57886
0.504587
0.459807
0.434717
0.421889
0.414914
0.413366
0.417664
0.429416
0.453176
0.497417
0.579024
0.706201
0.899398
1.08913
0.535548
0.530776
1.08596
0.895794
0.705715
0.577851
0.503989
0.459709
0.434585
0.421871
0.41454
0.41324
0.417459
0.429299
0.453126
0.497984
0.578587
0.710995
0.898973
1.08727
0.53507
0.534281
1.09019
0.901934
0.71039
0.576732
0.502569
0.459821
0.434331
0.421281
0.414049
0.413054
0.417833
0.429568
0.452819
0.496937
0.574379
0.709187
0.887943
1.08392
0.53028
0.536392
1.08755
0.891487
0.703668
0.575638
0.50135
0.458345
0.434125
0.420994
0.41407
0.413274
0.418013
0.429702
0.452634
0.495509
0.575495
0.702433
0.893916
1.07693
0.533212
0.534818
1.07875
0.89289
0.711697
0.576055
0.500163
0.457227
0.434167
0.420398
0.41407
0.413762
0.418326
0.429956
0.452494
0.495444
0.574451
0.703167
0.89242
1.0839
0.531535
0.532757
1.07813
0.889441
0.709745
0.577092
0.499899
0.457072
0.434326
0.420719
0.414173
0.413803
0.418424
0.430003
0.452153
0.494188
0.569592
0.698765
0.882175
1.08053
0.529621
0.53023
1.08078
0.886974
0.708607
0.574536
0.499322
0.45683
0.433056
0.420314
0.414182
0.413849
0.418505
0.430058
0.452085
0.494181
0.572113
0.700167
0.883646
1.07905
0.524751
0.535361
1.07678
0.887433
0.707108
0.576091
0.49935
0.455832
0.432183
0.41962
0.414484
0.413788
0.418426
0.429905
0.451995
0.494091
0.573035
0.702747
0.885693
1.07865
0.527618
0.534667
1.0859
0.889993
0.705487
0.572535
0.49859
0.45569
0.432594
0.419961
0.414094
0.413606
0.418231
0.429549
0.451872
0.493984
0.572167
0.701064
0.877922
1.06917
0.523115
0.532663
1.08211
0.882669
0.704006
0.573939
0.498705
0.455603
0.431726
0.419239
0.414438
0.413243
0.41784
0.429953
0.451827
0.493619
0.570925
0.694348
0.886451
1.07494
0.527778
0.529829
1.07175
0.888062
0.697631
0.574123
0.498546
0.455906
0.431712
0.419178
0.414053
0.413557
0.418161
0.429495
0.451916
0.494098
0.570398
0.695393
0.877834
1.07447
0.527478
0.528397
1.07227
0.879704
0.69718
0.571406
0.497664
0.454784
0.431717
0.419194
0.413628
0.413051
0.417581
0.429039
0.451798
0.493256
0.567378
0.694219
0.883264
1.06582
0.522752
0.528739
1.07278
0.877811
0.694163
0.571255
0.496831
0.454553
0.431441
0.419375
0.41433
0.413792
0.418304
0.429604
0.45232
0.493705
0.568159
0.694003
0.877973
1.07277
0.526744
0.525723
1.0716
0.875392
0.693026
0.568829
0.496358
0.454892
0.432074
0.420117
0.414259
0.413494
0.417851
0.429009
0.451789
0.493424
0.569015
0.694941
0.885729
1.06962
0.524238
0.527974
1.06915
0.874263
0.691813
0.568614
0.496192
0.454119
0.431436
0.419883
0.414226
0.413217
0.417396
0.429103
0.451398
0.493042
0.568273
0.697219
0.877688
1.08204
0.52981
0.527545
1.06196
0.870663
0.686981
0.567452
0.495674
0.454073
0.431604
0.419973
0.414169
0.413731
0.417571
0.428255
0.451113
0.492349
0.565736
0.695902
0.879421
1.08209
0.531559
0.526377
1.06751
0.860961
0.688666
0.567125
0.495195
0.454135
0.432274
0.419706
0.413795
0.41327
0.416799
0.428198
0.450848
0.492159
0.566506
0.693867
0.881279
1.0802
0.529784
0.524936
1.05869
0.862523
0.683852
0.565708
0.494875
0.454162
0.432117
0.420316
0.414242
0.413139
0.416748
0.428585
0.450546
0.491699
0.565493
0.692135
0.878523
1.0803
0.528881
0.523369
1.05643
0.862546
0.682731
0.564992
0.494541
0.45452
0.431945
0.419713
0.413588
0.412618
0.416541
0.427829
0.449869
0.491043
0.563942
0.685096
0.879601
1.08005
0.524858
0.520219
1.05361
0.854848
0.681233
0.564114
0.494054
0.453389
0.431608
0.419843
0.413301
0.412275
0.416546
0.427874
0.449911
0.490548
0.563069
0.68468
0.875925
1.07946
0.525222
0.523451
1.05704
0.86159
0.681378
0.563444
0.49381
0.453357
0.431279
0.419489
0.413774
0.412764
0.416669
0.4285
0.450355
0.489682
0.560714
0.681793
0.874173
1.07779
0.523933
0.522707
1.06191
0.862801
0.675721
0.562305
0.493583
0.453425
0.432007
0.419183
0.413548
0.412418
0.416655
0.42787
0.449529
0.48947
0.560085
0.679843
0.870213
1.07575
0.522973
0.519811
1.06076
0.854329
0.675266
0.561657
0.493183
0.453491
0.432016
0.419683
0.413421
0.412519
0.416793
0.428275
0.449707
0.489671
0.558902
0.676926
0.866778
1.07264
0.520836
0.518429
1.05211
0.852156
0.673407
0.560568
0.492613
0.453472
0.432253
0.419457
0.413561
0.413027
0.417195
0.427246
0.447889
0.488088
0.557266
0.67424
0.862636
1.06825
0.517246
0.516729
1.05173
0.847754
0.671489
0.558988
0.491927
0.453569
0.432359
0.419654
0.414
0.412774
0.416723
0.427653
0.447428
0.486284
0.555302
0.670151
0.859175
1.06615
0.516552
0.514713
1.04709
0.844434
0.66916
0.557529
0.490824
0.453612
0.432179
0.419813
0.413873
0.412957
0.416754
0.426793
0.446943
0.48394
0.553389
0.666454
0.848112
1.05513
0.514882
0.510939
1.03433
0.841097
0.667441
0.557005
0.49078
0.454056
0.433116
0.420045
0.414121
0.413437
0.417022
0.426854
0.447472
0.482542
0.550782
0.663447
0.844555
1.05428
0.513893
0.509846
1.03393
0.837047
0.665933
0.556349
0.49099
0.45504
0.43261
0.42035
0.414316
0.413292
0.417526
0.426717
0.44589
0.481501
0.547781
0.659883
0.837077
1.04916
0.510597
0.507486
1.02738
0.833077
0.663865
0.555379
0.488627
0.453449
0.431949
0.420073
0.414087
0.413109
0.417198
0.426798
0.445831
0.480714
0.543607
0.655319
0.828903
1.04565
0.509378
0.506041
1.02865
0.829172
0.661176
0.553874
0.487928
0.452112
0.431934
0.420253
0.414297
0.412988
0.416895
0.427327
0.446541
0.477756
0.540415
0.651529
0.822856
1.04462
0.506616
0.504208
1.02883
0.825828
0.659496
0.55268
0.487303
0.452042
0.432163
0.420896
0.414259
0.412745
0.416248
0.425758
0.444399
0.477002
0.539321
0.646616
0.81558
1.04039
0.5038
0.503457
1.02762
0.822129
0.656752
0.550567
0.486966
0.451963
0.432281
0.42108
0.414604
0.412583
0.415575
0.424201
0.441925
0.476532
0.538903
0.641023
0.808548
1.02973
0.499434
0.502369
1.03242
0.819911
0.654534
0.548544
0.486758
0.452087
0.432513
0.421363
0.414844
0.412621
0.414918
0.422359
0.438789
0.472069
0.533516
0.635299
0.80232
1.02531
0.494018
0.501427
1.0304
0.815268
0.651059
0.547342
0.487087
0.45221
0.433245
0.421673
0.415179
0.413093
0.414496
0.421045
0.436643
0.469499
0.529095
0.629872
0.796784
1.01836
0.488858
0.499747
1.02651
0.811947
0.647284
0.543032
0.48357
0.452692
0.432525
0.421782
0.415518
0.413375
0.415035
0.420931
0.436256
0.46821
0.525009
0.623982
0.788617
1.0094
0.48253
0.498441
1.02421
0.808178
0.64399
0.541709
0.483385
0.450971
0.432784
0.422151
0.415888
0.413573
0.414613
0.420603
0.436158
0.46521
0.520125
0.618537
0.781378
0.999176
0.478443
0.494896
1.01286
0.803007
0.640142
0.537103
0.478953
0.448593
0.431929
0.422327
0.41622
0.413837
0.414741
0.420361
0.433968
0.462972
0.517368
0.613928
0.773165
0.987567
0.473236
0.491112
1.00674
0.79754
0.635787
0.536575
0.478507
0.44853
0.432052
0.422595
0.416606
0.414217
0.415004
0.420543
0.432925
0.459655
0.512578
0.606527
0.7655
0.982098
0.46844
0.484909
0.997224
0.79064
0.631456
0.532891
0.477867
0.44838
0.432747
0.422944
0.416997
0.414641
0.415601
0.419827
0.431334
0.455206
0.506607
0.598905
0.757248
0.977666
0.463765
0.48212
0.990001
0.785181
0.62771
0.533854
0.47793
0.448425
0.432061
0.42308
0.417354
0.415033
0.415724
0.420014
0.431834
0.455111
0.500063
0.590928
0.747593
0.971941
0.459258
0.477651
0.981177
0.777959
0.623362
0.530204
0.477538
0.448358
0.432025
0.423353
0.417767
0.415496
0.416452
0.42038
0.429312
0.44731
0.489904
0.581122
0.736572
0.965122
0.455703
0.474488
0.976805
0.770961
0.622847
0.531298
0.479151
0.449406
0.432191
0.423851
0.418363
0.416039
0.416706
0.419701
0.427371
0.443891
0.484368
0.569716
0.726343
0.959278
0.452252
0.468924
0.971511
0.761915
0.611324
0.524058
0.472986
0.446409
0.431928
0.424204
0.419001
0.416718
0.417418
0.421131
0.429351
0.445023
0.483433
0.56221
0.719178
0.955867
0.450744
0.46379
0.966046
0.753126
0.604914
0.519967
0.470568
0.445039
0.43193
0.424566
0.419475
0.417137
0.417535
0.420683
0.428443
0.441598
0.476647
0.556569
0.712847
0.948519
0.444469
0.461972
0.962762
0.74296
0.594264
0.513215
0.468913
0.445059
0.432731
0.425001
0.419916
0.417542
0.41752
0.420142
0.428032
0.438891
0.472694
0.553073
0.705443
0.943651
0.438691
0.458783
0.958164
0.731941
0.584647
0.506034
0.464244
0.443382
0.432546
0.425136
0.42022
0.417891
0.418042
0.420087
0.426606
0.438378
0.472367
0.548042
0.695482
0.936417
0.433354
0.451521
0.950832
0.719935
0.575187
0.498822
0.463273
0.444186
0.432506
0.425228
0.420494
0.41814
0.417989
0.420201
0.427906
0.437887
0.473586
0.539943
0.683681
0.926798
0.426208
0.440338
0.939722
0.705474
0.566425
0.494008
0.459438
0.442455
0.431673
0.424896
0.420756
0.4185
0.418492
0.420007
0.424993
0.436518
0.467959
0.530309
0.670236
0.915595
0.418566
0.423459
0.924503
0.688377
0.554903
0.49374
0.459493
0.443223
0.432104
0.425093
0.42101
0.418743
0.418768
0.420949
0.42504
0.435381
0.461679
0.517657
0.65475
0.899204
0.405433
0.410664
0.902519
0.667844
0.538252
0.485013
0.459836
0.442878
0.432244
0.425498
0.421182
0.418906
0.418801
0.4201
0.425153
0.435155
0.456886
0.508392
0.639665
0.879397
0.387848
0.392297
0.875172
0.645229
0.523415
0.47624
0.453529
0.440875
0.431121
0.42487
0.421023
0.419023
0.418853
0.420017
0.425839
0.436528
0.45728
0.501114
0.621829
0.856911
0.372379
0.375745
0.842726
0.618086
0.511224
0.468375
0.448888
0.439849
0.431397
0.424745
0.421131
0.418871
0.418619
0.419827
0.423984
0.432557
0.452929
0.489828
0.601154
0.830756
0.355518
0.355644
0.809479
0.590562
0.506325
0.468049
0.448308
0.437986
0.430044
0.424275
0.420714
0.418874
0.418416
0.419964
0.42441
0.433922
0.448571
0.486915
0.582883
0.804874
0.340791
0.339558
0.777411
0.563946
0.494567
0.469552
0.448163
0.435263
0.429847
0.423885
0.419997
0.418309
0.418437
0.420447
0.42521
0.430463
0.441854
0.485993
0.561496
0.77505
0.327058
0.32172
0.744661
0.540792
0.474887
0.456006
0.44457
0.433809
0.427577
0.421878
0.418491
0.417254
0.417696
0.419012
0.422416
0.431601
0.439925
0.469591
0.542261
0.746198
0.312778
0.303537
0.712232
0.524555
0.464925
0.450893
0.439037
0.432693
0.424863
0.419318
0.416247
0.415413
0.416474
0.418609
0.419608
0.427558
0.439443
0.456934
0.523695
0.713467
0.295517
0.283177
0.675284
0.510853
0.457929
0.447421
0.439153
0.428803
0.420937
0.415746
0.413047
0.412577
0.414032
0.416663
0.418033
0.423682
0.429044
0.442387
0.506217
0.676757
0.277389
0.262261
0.632592
0.497284
0.45393
0.439986
0.430695
0.422469
0.415796
0.411277
0.408995
0.408872
0.410782
0.414229
0.416608
0.419562
0.424659
0.432939
0.48781
0.632143
0.256656
0.243762
0.583406
0.47596
0.445396
0.433313
0.424839
0.416705
0.41034
0.40619
0.404197
0.404267
0.406384
0.410598
0.416545
0.419216
0.42566
0.430622
0.46623
0.587914
0.239073
0.230375
0.53691
0.454546
0.434295
0.42516
0.41702
0.409582
0.403958
0.400375
0.398719
0.398919
0.400975
0.405006
0.41096
0.418493
0.42162
0.428945
0.448936
0.547846
0.2321
0.226633
0.489647
0.429553
0.42312
0.417599
0.409639
0.402653
0.397616
0.394498
0.393091
0.393305
0.395144
0.398811
0.404454
0.41174
0.418177
0.423981
0.439224
0.512296
0.230822
0.230112
0.463851
0.417126
0.413948
0.408304
0.401397
0.395549
0.391347
0.388727
0.387538
0.387731
0.389307
0.392444
0.397407
0.404686
0.413708
0.416595
0.423933
0.479147
0.232611
0.241502
0.45044
0.408683
0.405801
0.401059
0.395027
0.389799
0.386026
0.383665
0.382578
0.382715
0.384051
0.386682
0.390695
0.396291
0.403739
0.413481
0.421302
0.463112
0.241492
0.251445
0.441342
0.408506
0.40069
0.395387
0.389787
0.385032
0.381599
0.379432
0.378415
0.378504
0.379686
0.382055
0.385701
0.390679
0.396588
0.401904
0.411438
0.444657
0.249991
0.259626
0.434017
0.412158
0.399676
0.393515
0.38697
0.381905
0.37843
0.376296
0.375297
0.375344
0.376428
0.378631
0.382127
0.387109
0.393571
0.400642
0.410652
0.436714
0.258161
0.270965
0.43031
0.414303
0.401665
0.391616
0.384437
0.379451
0.376144
0.37413
0.373177
0.373201
0.37421
0.376284
0.379675
0.384708
0.391755
0.400844
0.415133
0.432302
0.273637
0.282477
0.428594
0.418794
0.402756
0.390983
0.383332
0.378215
0.374917
0.372938
0.372034
0.372035
0.372958
0.374945
0.378307
0.383554
0.391558
0.403649
0.420539
0.430249
0.281483
0.293841
0.429505
0.424962
0.404973
0.391461
0.382831
0.377483
0.374261
0.372468
0.371688
0.371682
0.372465
0.374229
0.377408
0.382657
0.391141
0.404854
0.424677
0.431058
0.29562
0.307875
0.43868
0.430724
0.406099
0.390725
0.381867
0.376731
0.373817
0.372294
0.371646
0.371642
0.372296
0.373819
0.376776
0.381994
0.390958
0.406215
0.432065
0.440124
0.307268
0.318912
0.450845
0.437637
0.406695
0.389972
0.380933
0.376047
0.373473
0.372244
0.371724
0.371723
0.372243
0.37346
0.375972
0.380801
0.389786
0.406558
0.437095
0.450223
0.318266
0.331488
0.468577
0.441859
0.405792
0.388103
0.379475
0.37525
0.373286
0.372368
0.372039
0.372039
0.372371
0.37329
0.375255
0.379502
0.388152
0.405871
0.441952
0.468172
0.331914
0.341372
0.486031
0.443481
0.402651
0.385379
0.377847
0.374557
0.373249
0.372728
0.372562
0.372563
0.372729
0.373249
0.374539
0.377811
0.385317
0.402599
0.44353
0.485931
0.340885
0.352157
0.49492
0.439211
0.396414
0.381587
0.376081
0.374193
0.373461
0.373226
0.373164
0.373168
0.373233
0.37348
0.374203
0.376108
0.381606
0.396448
0.439218
0.494858
0.352215
0.360498
0.49573
0.421472
0.385973
0.377206
0.374887
0.374116
0.373904
0.373863
0.37386
0.373861
0.373868
0.373916
0.374126
0.374892
0.377188
0.385847
0.42131
0.495601
0.360055
0.368054
0.430909
0.384794
0.377009
0.37528
0.374715
0.374619
0.374623
0.37463
0.374633
0.374633
0.374629
0.374621
0.374617
0.374717
0.375292
0.377087
0.384869
0.431059
0.368308
0.958409
1.61955
1.35569
1.0763
0.860065
0.706113
0.602232
0.536155
0.497406
0.478379
0.475189
0.487627
0.519362
0.577943
0.674472
0.823471
1.04254
1.33827
1.6152
0.932755
0.957767
1.61025
1.34424
1.06989
0.859381
0.705471
0.601413
0.535793
0.496936
0.477786
0.474552
0.486942
0.518759
0.577138
0.673357
0.8211
1.03195
1.33293
1.61287
0.930479
0.957859
1.63287
1.36172
1.07964
0.857963
0.706459
0.601975
0.535638
0.496607
0.477371
0.474154
0.486326
0.518159
0.57649
0.672196
0.817171
1.03478
1.31964
1.61135
0.928536
0.962274
1.63576
1.36013
1.07845
0.860226
0.706392
0.600853
0.534305
0.494866
0.4754
0.47339
0.484406
0.51765
0.576024
0.672131
0.817971
1.03693
1.33302
1.60729
0.922278
0.958282
1.63493
1.34348
1.07508
0.860469
0.705565
0.601107
0.535318
0.495915
0.476183
0.473307
0.484931
0.516696
0.575393
0.671354
0.815699
1.02745
1.31898
1.60532
0.922857
0.961104
1.63376
1.35613
1.06747
0.857025
0.704929
0.600047
0.5352
0.495682
0.475152
0.472682
0.485924
0.517048
0.574805
0.670614
0.815382
1.03622
1.32821
1.59653
0.918693
0.962677
1.62978
1.34439
1.07587
0.858486
0.705213
0.600873
0.535195
0.495495
0.475377
0.470956
0.484935
0.518009
0.574614
0.669889
0.812265
1.03266
1.32508
1.58343
0.917638
0.961748
1.62929
1.36018
1.08044
0.858212
0.70514
0.601737
0.535369
0.494544
0.477596
0.473235
0.487279
0.51835
0.574704
0.669612
0.812593
1.02042
1.31079
1.58316
0.918373
0.958437
1.61985
1.36454
1.07703
0.858749
0.70526
0.601626
0.535408
0.496364
0.477603
0.474611
0.487429
0.518324
0.575317
0.6696
0.81543
1.02926
1.3226
1.58198
0.916694
0.963526
1.6335
1.35187
1.06698
0.860947
0.705973
0.600882
0.535262
0.494909
0.476952
0.473261
0.487523
0.518239
0.575932
0.669693
0.817459
1.03443
1.32164
1.57996
0.918461
0.962265
1.63288
1.36236
1.07866
0.859611
0.707167
0.60189
0.535117
0.496312
0.476268
0.475029
0.48769
0.517139
0.575587
0.670722
0.812543
1.02447
1.30612
1.58738
0.915693
0.957851
1.62173
1.34755
1.0879
0.863661
0.707075
0.6015
0.534403
0.497867
0.478958
0.475079
0.487858
0.518832
0.576026
0.671512
0.817866
1.0404
1.31846
1.60331
0.919169
0.963357
1.63413
1.36423
1.08812
0.862345
0.705711
0.601232
0.534381
0.497763
0.47883
0.474536
0.487607
0.51886
0.574816
0.671061
0.811352
1.03901
1.33003
1.60549
0.922433
0.961887
1.63055
1.37545
1.08839
0.860396
0.707424
0.60236
0.535597
0.496966
0.47822
0.475718
0.486743
0.518762
0.576112
0.670835
0.814388
1.03805
1.32711
1.6043
0.927326
0.959485
1.6098
1.36172
1.07987
0.861547
0.707477
0.603316
0.536622
0.499515
0.480798
0.4767
0.488024
0.518739
0.575881
0.670296
0.81646
1.02868
1.32185
1.59041
0.925957
0.957581
1.62062
1.37625
1.08944
0.866342
0.706017
0.602936
0.535799
0.498504
0.480112
0.474816
0.486104
0.517423
0.575619
0.668961
0.814356
1.04364
1.31188
1.60337
0.923907
0.961134
1.63377
1.37594
1.08786
0.866458
0.707407
0.602802
0.53701
0.499217
0.478848
0.475499
0.487311
0.518383
0.575215
0.669591
0.812781
1.04587
1.33019
1.59892
0.926979
0.958076
1.63483
1.37425
1.0811
0.865106
0.707732
0.603139
0.537369
0.498884
0.479043
0.476422
0.488344
0.517758
0.575967
0.670361
0.813821
1.04465
1.31654
1.59295
0.925534
0.962449
1.63201
1.37353
1.08044
0.864541
0.705973
0.602597
0.53613
0.497361
0.478589
0.476142
0.488294
0.519571
0.576674
0.671183
0.815471
1.04601
1.33205
1.58396
0.923258
0.960992
1.62864
1.37099
1.08484
0.864003
0.707313
0.602026
0.536418
0.497701
0.478598
0.474607
0.486518
0.519346
0.576458
0.671768
0.817205
1.04459
1.3317
1.60694
0.928685
0.958476
1.6271
1.36818
1.0821
0.863098
0.706942
0.602744
0.536923
0.498367
0.479434
0.475729
0.487808
0.519211
0.57757
0.672848
0.819778
1.04379
1.3189
1.60566
0.9295
0.958681
1.61011
1.35282
1.07188
0.861927
0.706281
0.601635
0.536599
0.498106
0.479209
0.474466
0.489153
0.521573
0.57885
0.673377
0.815362
1.04167
1.33471
1.60789
0.932617
0.955997
1.61895
1.36339
1.07733
0.862053
0.705774
0.602273
0.536358
0.497655
0.478071
0.475974
0.489263
0.52216
0.580004
0.6747
0.818631
1.04015
1.3318
1.60514
0.935304
0.957994
1.62727
1.36102
1.08178
0.861171
0.703738
0.601302
0.535523
0.496597
0.478909
0.474366
0.488774
0.522094
0.579744
0.675255
0.818378
1.03617
1.31508
1.60526
0.93928
0.95273
1.62436
1.34578
1.0802
0.860867
0.704398
0.60237
0.537413
0.498241
0.478994
0.475358
0.488014
0.521761
0.580952
0.676438
0.819172
1.0334
1.3267
1.59167
0.936276
0.95006
1.61861
1.35235
1.07849
0.85985
0.704108
0.601559
0.537434
0.497124
0.477601
0.476641
0.489919
0.523577
0.581788
0.677415
0.819462
1.02385
1.32625
1.59159
0.939411
0.948327
1.61814
1.35961
1.07687
0.858701
0.704751
0.602519
0.537853
0.499009
0.479405
0.47677
0.489491
0.523805
0.58202
0.678425
0.821225
1.02937
1.32512
1.59127
0.939907
0.945772
1.60267
1.35604
1.06912
0.856868
0.703116
0.602401
0.537858
0.498843
0.478298
0.476413
0.487671
0.524141
0.583208
0.678792
0.821267
1.01934
1.32441
1.59967
0.940078
0.946786
1.6136
1.35376
1.07274
0.856038
0.703751
0.602257
0.537904
0.499976
0.482305
0.476418
0.490482
0.52453
0.582986
0.677674
0.822452
1.02621
1.32184
1.59092
0.941763
0.943897
1.61103
1.35156
1.07108
0.855323
0.702566
0.601736
0.537565
0.498605
0.483245
0.47987
0.493274
0.524807
0.582768
0.677774
0.823033
1.02757
1.32289
1.60873
0.942405
0.945923
1.60585
1.34856
1.06561
0.852087
0.702848
0.602042
0.537495
0.501295
0.484325
0.481162
0.493598
0.524015
0.5825
0.677348
0.823286
1.0301
1.31889
1.59422
0.94078
0.944986
1.60496
1.34687
1.06457
0.853239
0.703374
0.601581
0.538551
0.500971
0.484749
0.48124
0.49414
0.525606
0.581839
0.676575
0.819726
1.0311
1.31595
1.60368
0.939098
0.948147
1.59009
1.343
1.06549
0.853672
0.703006
0.602355
0.540398
0.503533
0.48531
0.481109
0.494267
0.525786
0.581893
0.676178
0.818475
1.02142
1.29858
1.58448
0.937038
0.949047
1.59924
1.33497
1.06968
0.855597
0.704448
0.603169
0.54035
0.503595
0.485781
0.481992
0.494643
0.525985
0.581827
0.675709
0.817322
1.02287
1.30008
1.59116
0.935351
0.951492
1.60934
1.34611
1.06866
0.853659
0.705127
0.602488
0.540142
0.503941
0.485699
0.481719
0.494668
0.526178
0.582125
0.675373
0.816235
1.01769
1.29351
1.59158
0.931102
0.952218
1.608
1.33376
1.0629
0.856134
0.706443
0.604196
0.540655
0.503634
0.48553
0.481574
0.494962
0.526582
0.582737
0.675222
0.816075
1.02118
1.29197
1.58798
0.929733
0.950902
1.60237
1.34126
1.06701
0.856007
0.706876
0.60527
0.541481
0.502488
0.484951
0.48089
0.494971
0.526879
0.582425
0.675367
0.815559
1.015
1.29215
1.57739
0.92786
0.951072
1.59534
1.33245
1.06511
0.855634
0.707863
0.606749
0.543047
0.505688
0.486875
0.479042
0.495018
0.527339
0.58272
0.675876
0.816482
1.02068
1.30242
1.59077
0.925182
0.952925
1.61247
1.34187
1.06338
0.854666
0.70766
0.607454
0.544537
0.507419
0.487623
0.481039
0.494497
0.527748
0.582813
0.675891
0.816655
1.02216
1.30093
1.59167
0.922675
0.95245
1.60853
1.32836
1.06041
0.853763
0.707123
0.607256
0.544375
0.507273
0.48678
0.482452
0.496624
0.528236
0.583126
0.675669
0.815461
1.01462
1.29586
1.5898
0.920368
0.950603
1.60724
1.32965
1.05822
0.852203
0.705713
0.606925
0.544145
0.507228
0.489203
0.485008
0.496528
0.528457
0.58365
0.675143
0.813424
1.01623
1.28895
1.58865
0.922635
0.948841
1.60342
1.32552
1.05598
0.850903
0.705067
0.606642
0.543725
0.506763
0.48897
0.486236
0.498503
0.528917
0.5844
0.675993
0.813561
1.01583
1.29393
1.57144
0.920113
0.948166
1.60146
1.32635
1.05151
0.848426
0.704522
0.606511
0.543314
0.506359
0.487092
0.484386
0.497297
0.528638
0.58427
0.676746
0.813815
1.01301
1.2805
1.57203
0.918676
0.946423
1.59642
1.31935
1.04869
0.84691
0.703657
0.605921
0.541995
0.50515
0.487656
0.48546
0.49918
0.528269
0.585139
0.677785
0.813141
1.00859
1.28029
1.5689
0.915321
0.944738
1.58448
1.31806
1.04451
0.844467
0.701312
0.605036
0.541901
0.505809
0.488341
0.486394
0.499656
0.529569
0.586521
0.678293
0.813283
1.01038
1.27611
1.56748
0.913485
0.943393
1.59198
1.30697
1.04126
0.842798
0.70082
0.604009
0.541304
0.505362
0.48689
0.484987
0.499765
0.530337
0.587385
0.677812
0.81281
1.00843
1.27572
1.55414
0.911058
0.94093
1.57944
1.29932
1.03704
0.840022
0.699421
0.603079
0.541145
0.504007
0.488137
0.486769
0.499726
0.531098
0.587386
0.676777
0.811935
1.0036
1.27157
1.55904
0.909334
0.93052
1.57597
1.29373
1.03399
0.83716
0.697905
0.602587
0.540792
0.504226
0.486315
0.486189
0.49843
0.530195
0.587242
0.676373
0.809536
1.0004
1.26453
1.55033
0.906451
0.927858
1.57184
1.2894
1.03123
0.834691
0.695995
0.602191
0.540108
0.50392
0.486396
0.486021
0.499426
0.530835
0.586706
0.673077
0.806904
0.997717
1.25774
1.55206
0.904991
0.924521
1.56848
1.28468
1.02806
0.834956
0.695924
0.601919
0.539399
0.503179
0.486062
0.485211
0.497793
0.529876
0.586111
0.672112
0.802145
0.993657
1.25129
1.53974
0.901636
0.921278
1.55754
1.28029
1.02248
0.83141
0.693714
0.600398
0.537466
0.500991
0.486525
0.48386
0.497752
0.52961
0.585477
0.671634
0.800039
0.991084
1.24667
1.5322
0.899004
0.918189
1.55488
1.27551
1.01959
0.830114
0.691555
0.599523
0.536621
0.501012
0.48649
0.4851
0.497852
0.529094
0.58484
0.670364
0.798863
0.987679
1.23913
1.52774
0.894
0.912786
1.54834
1.27112
1.01458
0.827476
0.691226
0.598621
0.535855
0.501778
0.48605
0.483441
0.495846
0.528192
0.583355
0.667297
0.797715
0.98329
1.23486
1.5256
0.890104
0.90908
1.54515
1.2666
1.01123
0.824226
0.689303
0.597276
0.534808
0.501286
0.485905
0.484657
0.496262
0.527948
0.583224
0.666509
0.794738
0.979456
1.23086
1.53115
0.889303
0.902009
1.53993
1.25943
1.00616
0.819747
0.686379
0.595784
0.533655
0.500552
0.485097
0.484296
0.496337
0.527429
0.581848
0.665807
0.788861
0.97514
1.22602
1.53063
0.888051
0.897744
1.53196
1.25269
0.998961
0.812865
0.681158
0.59371
0.532535
0.499696
0.482876
0.482412
0.497125
0.52718
0.581659
0.665693
0.787907
0.972732
1.2225
1.52758
0.8866
0.893875
1.52193
1.24475
0.991667
0.805548
0.675623
0.591599
0.531131
0.497662
0.484114
0.483456
0.496789
0.52663
0.581603
0.661551
0.786881
0.969088
1.21797
1.51536
0.884164
0.886236
1.51406
1.23565
0.983594
0.800103
0.67154
0.589638
0.530047
0.496668
0.481785
0.481198
0.495904
0.525578
0.578958
0.656854
0.786659
0.96259
1.21312
1.51748
0.881565
0.871774
1.50203
1.22395
0.974667
0.797126
0.669576
0.587297
0.528377
0.495031
0.481432
0.482242
0.4954
0.524629
0.577208
0.65477
0.778066
0.954714
1.20734
1.512
0.880534
0.868881
1.497
1.21224
0.960979
0.787589
0.668385
0.584902
0.526528
0.493795
0.479943
0.479808
0.493061
0.522886
0.574629
0.653059
0.769407
0.944747
1.19948
1.49724
0.87954
0.867182
1.48904
1.20078
0.953288
0.779475
0.669282
0.582414
0.524817
0.492258
0.478981
0.479325
0.492257
0.522008
0.573004
0.648355
0.764337
0.940217
1.19299
1.49273
0.879561
0.865436
1.48197
1.18954
0.947386
0.769951
0.662691
0.579167
0.522637
0.49052
0.476519
0.477951
0.490413
0.520649
0.572733
0.649301
0.764137
0.938588
1.18432
1.47945
0.880117
0.86138
1.47589
1.17748
0.931828
0.757943
0.657527
0.575838
0.52011
0.488422
0.474854
0.475241
0.489009
0.518908
0.569163
0.643767
0.756536
0.932892
1.1754
1.47411
0.872013
0.853022
1.46651
1.16293
0.919796
0.749293
0.651672
0.571852
0.517279
0.486183
0.472868
0.473248
0.487223
0.517416
0.56691
0.643209
0.749067
0.922493
1.16549
1.4665
0.856977
0.842955
1.45509
1.14525
0.906157
0.745746
0.644131
0.567184
0.514068
0.483663
0.471028
0.471844
0.48605
0.516118
0.565145
0.644576
0.747064
0.916535
1.15568
1.46068
0.850076
0.831145
1.44353
1.12808
0.890248
0.743993
0.634654
0.562289
0.511033
0.481218
0.469144
0.470229
0.484322
0.514118
0.561044
0.637678
0.744683
0.90857
1.14762
1.45379
0.848157
0.815891
1.42768
1.10657
0.873134
0.724328
0.62323
0.557359
0.50779
0.478765
0.46762
0.468802
0.482744
0.512455
0.558837
0.633832
0.729846
0.897847
1.1368
1.44747
0.840492
0.801114
1.41228
1.08855
0.851309
0.706265
0.611027
0.552721
0.505158
0.477226
0.467346
0.467825
0.481058
0.51035
0.557739
0.628899
0.722802
0.888615
1.12325
1.43806
0.833092
0.78255
1.39486
1.0736
0.839305
0.691006
0.602848
0.548292
0.501752
0.475012
0.46596
0.46644
0.479094
0.508223
0.557501
0.62281
0.718226
0.878506
1.10811
1.4276
0.829873
0.766251
1.3741
1.05322
0.826945
0.681831
0.600139
0.544736
0.498674
0.472601
0.462817
0.463928
0.476723
0.505288
0.552003
0.611776
0.708848
0.867063
1.08948
1.41007
0.807489
0.748103
1.35032
1.02924
0.810976
0.678967
0.59306
0.539694
0.495082
0.470004
0.460214
0.461656
0.474301
0.502603
0.549157
0.604956
0.698756
0.856512
1.0711
1.39507
0.788731
0.736002
1.32795
1.00872
0.799275
0.673284
0.588789
0.535557
0.491716
0.467566
0.45795
0.459202
0.471554
0.499292
0.545961
0.603916
0.696715
0.844606
1.04915
1.37462
0.778576
0.719038
1.30451
0.985321
0.79581
0.669155
0.587541
0.530817
0.488121
0.46498
0.455754
0.456989
0.468907
0.495575
0.541632
0.603198
0.690643
0.83069
1.02686
1.35021
0.759957
0.692794
1.28188
0.959935
0.772238
0.658508
0.587591
0.524886
0.483976
0.462065
0.453139
0.454269
0.465669
0.491273
0.536876
0.604804
0.685771
0.815007
1.00214
1.32127
0.738396
0.672829
1.26063
0.936611
0.747612
0.640858
0.57653
0.518931
0.480095
0.459088
0.450543
0.45155
0.462344
0.486241
0.528889
0.593841
0.676849
0.792794
0.970093
1.29112
0.72422
0.647721
1.23029
0.913295
0.72857
0.630353
0.568595
0.512471
0.475631
0.455762
0.447675
0.448696
0.458958
0.481369
0.520873
0.581831
0.664947
0.769088
0.936464
1.25941
0.687753
0.6361
1.20164
0.898961
0.718049
0.620986
0.55985
0.506089
0.471233
0.452263
0.444483
0.445406
0.455106
0.475899
0.511752
0.565125
0.635934
0.743788
0.912853
1.23439
0.681018
0.614649
1.15973
0.877262
0.715611
0.624173
0.551903
0.49937
0.466528
0.448568
0.441157
0.442048
0.451291
0.47094
0.504649
0.554978
0.621196
0.719854
0.883438
1.19446
0.658901
0.587853
1.11731
0.848082
0.698855
0.604461
0.539013
0.491329
0.461161
0.444448
0.437397
0.43815
0.446784
0.465009
0.495909
0.541456
0.600941
0.69744
0.852541
1.14192
0.620759
0.566538
1.07114
0.812474
0.669468
0.586813
0.528179
0.483844
0.455622
0.439934
0.433291
0.433943
0.441905
0.458732
0.487145
0.528688
0.581214
0.667936
0.804029
1.07455
0.569092
0.53246
1.02202
0.774471
0.64978
0.575883
0.517213
0.475163
0.449162
0.434718
0.42848
0.428972
0.436196
0.451449
0.476992
0.513797
0.557598
0.633033
0.758268
1.0067
0.514637
0.499929
0.972957
0.74664
0.632478
0.56239
0.504674
0.465482
0.441852
0.428815
0.423178
0.423558
0.429965
0.44367
0.466878
0.500957
0.541623
0.610975
0.717861
0.937171
0.473631
0.466151
0.919966
0.709351
0.610764
0.541107
0.487867
0.453551
0.433196
0.421945
0.417025
0.417334
0.422921
0.434898
0.455439
0.48689
0.526515
0.583235
0.67391
0.861647
0.430432
0.442736
0.859852
0.672963
0.585174
0.517731
0.470464
0.441329
0.424163
0.414617
0.410425
0.410683
0.415381
0.425454
0.442879
0.470959
0.511359
0.560526
0.62828
0.783242
0.392649
0.411766
0.795393
0.629561
0.549971
0.489536
0.451335
0.428265
0.414591
0.406921
0.403522
0.403758
0.407626
0.415855
0.429981
0.453082
0.489558
0.536256
0.588639
0.71327
0.349071
0.386286
0.722054
0.58458
0.510101
0.463983
0.434327
0.416265
0.405498
0.399423
0.396715
0.396897
0.399947
0.406438
0.417432
0.434858
0.461079
0.499999
0.546092
0.653868
0.320101
0.386785
0.65419
0.539486
0.480755
0.441888
0.418781
0.405106
0.39694
0.392301
0.390227
0.390381
0.392768
0.397878
0.406625
0.420762
0.442674
0.473437
0.518755
0.613295
0.31044
0.342286
0.579495
0.492006
0.448104
0.422172
0.405987
0.395876
0.389644
0.386051
0.384429
0.384527
0.386351
0.390273
0.397015
0.407989
0.425553
0.453127
0.492045
0.571324
0.312092
0.309273
0.527259
0.465983
0.431751
0.410453
0.397101
0.388839
0.383797
0.380923
0.379646
0.379715
0.381142
0.384225
0.389591
0.398377
0.41259
0.435096
0.470257
0.533585
0.302867
0.303111
0.487542
0.446349
0.418106
0.401204
0.390536
0.383698
0.379476
0.377079
0.376026
0.376062
0.377204
0.379695
0.384065
0.391129
0.402389
0.420501
0.450748
0.491542
0.307957
0.308277
0.477019
0.443032
0.415414
0.398102
0.387321
0.380661
0.376712
0.374528
0.373607
0.37362
0.374592
0.376811
0.380845
0.387586
0.398426
0.415825
0.444062
0.477007
0.308269
0.321541
0.472545
0.446669
0.415561
0.39661
0.385263
0.37871
0.375057
0.373187
0.372447
0.37244
0.373185
0.375018
0.378627
0.385099
0.396388
0.415377
0.445723
0.472628
0.320848
0.327465
0.471795
0.45132
0.415732
0.395204
0.383709
0.377484
0.374286
0.372816
0.372255
0.372246
0.372807
0.374262
0.377434
0.383631
0.395106
0.415641
0.451356
0.471904
0.32697
0.338121
0.478727
0.455364
0.4149
0.392983
0.381858
0.376358
0.373801
0.372731
0.372292
0.372283
0.372717
0.373781
0.376306
0.381768
0.392814
0.414712
0.455468
0.478443
0.338176
0.343764
0.488496
0.458015
0.41278
0.390602
0.380224
0.375509
0.373545
0.372753
0.372489
0.372487
0.372743
0.373538
0.375491
0.380227
0.390622
0.412823
0.458109
0.489344
0.344076
0.3522
0.501566
0.459158
0.409349
0.38751
0.378374
0.374722
0.373453
0.372989
0.372871
0.372871
0.372987
0.373448
0.37469
0.378343
0.387455
0.409297
0.45917
0.501315
0.35147
0.357274
0.51333
0.457474
0.403638
0.383805
0.376699
0.374325
0.373561
0.373357
0.373313
0.373316
0.373357
0.373568
0.374313
0.376661
0.383695
0.403463
0.457355
0.513106
0.357425
0.362334
0.518007
0.44542
0.394474
0.379402
0.375253
0.374162
0.373829
0.373756
0.373745
0.373748
0.373758
0.373843
0.374154
0.375276
0.379455
0.394558
0.445395
0.517748
0.362079
0.366326
0.504702
0.41972
0.383517
0.376388
0.37481
0.374299
0.374229
0.37423
0.374236
0.374235
0.374232
0.374233
0.374292
0.37479
0.376457
0.383674
0.420547
0.504333
0.366077
0.369869
0.431897
0.384916
0.376004
0.374995
0.374706
0.374733
0.374754
0.374759
0.374759
0.374759
0.374757
0.374747
0.374704
0.374586
0.374491
0.374526
0.381399
0.431527
0.370017
0.539698
1.08706
0.904383
0.716906
0.584374
0.502917
0.457191
0.43191
0.418622
0.412795
0.412066
0.416587
0.428633
0.452642
0.498348
0.579341
0.712917
0.899101
1.08324
0.531908
0.534851
1.08033
0.896159
0.709751
0.581062
0.501957
0.45754
0.432551
0.41897
0.413532
0.412729
0.416725
0.428939
0.452256
0.497774
0.57537
0.710231
0.895045
1.08096
0.530114
0.539545
1.09047
0.905658
0.713456
0.583915
0.502672
0.457222
0.431824
0.418557
0.412937
0.412161
0.416572
0.428593
0.452158
0.497451
0.578787
0.70432
0.89115
1.07942
0.528671
0.538563
1.08991
0.904338
0.716252
0.581104
0.502694
0.457564
0.431805
0.418601
0.41354
0.412672
0.416666
0.428906
0.451879
0.495706
0.577495
0.710731
0.878627
1.06835
0.523289
0.536726
1.08707
0.900411
0.711722
0.583806
0.503302
0.457358
0.431875
0.418563
0.412949
0.412066
0.416731
0.428494
0.452044
0.497774
0.582914
0.70797
0.88744
1.07171
0.527585
0.535929
1.08605
0.895083
0.718843
0.581679
0.503097
0.457533
0.431917
0.418741
0.412598
0.411624
0.416069
0.427818
0.452173
0.499229
0.583019
0.715815
0.894501
1.06865
0.530075
0.530382
1.08294
0.900298
0.71516
0.582792
0.502975
0.457833
0.432087
0.41841
0.412258
0.411203
0.415717
0.427455
0.45205
0.499065
0.582805
0.7158
0.887249
1.07018
0.529902
0.532173
1.08308
0.911818
0.723159
0.584959
0.503659
0.458372
0.432715
0.417931
0.411847
0.410785
0.415372
0.427156
0.451877
0.498632
0.58248
0.715471
0.900115
1.06993
0.526771
0.531807
1.08034
0.910247
0.722623
0.583186
0.504146
0.458973
0.4323
0.417913
0.411644
0.410564
0.415256
0.427189
0.45169
0.498059
0.582265
0.709376
0.892971
1.07312
0.531344
0.534873
1.07356
0.90781
0.721484
0.582982
0.504968
0.459189
0.43273
0.418101
0.411463
0.410364
0.415047
0.427237
0.451556
0.496874
0.581826
0.722382
0.907773
1.07184
0.531953
0.540243
1.08421
0.904794
0.72056
0.586915
0.505962
0.459601
0.433184
0.418281
0.411315
0.410305
0.415112
0.427493
0.451402
0.496464
0.577743
0.722892
0.910438
1.08619
0.538292
0.540315
1.07284
0.892469
0.717641
0.586901
0.505936
0.460222
0.433523
0.418948
0.411918
0.410928
0.415661
0.427954
0.452043
0.497835
0.583132
0.72234
0.909444
1.08536
0.538255
0.540817
1.07678
0.899536
0.712767
0.58578
0.506548
0.460833
0.433961
0.419075
0.412062
0.411013
0.415839
0.428216
0.452335
0.496421
0.58131
0.721776
0.910849
1.07954
0.536189
0.541352
1.0801
0.90761
0.72028
0.583416
0.507358
0.461611
0.434683
0.419505
0.412358
0.411259
0.416117
0.428552
0.45274
0.496327
0.576124
0.719654
0.90852
1.09436
0.541822
0.541411
1.08835
0.906609
0.715594
0.585362
0.508515
0.462549
0.435143
0.419878
0.412657
0.411564
0.416461
0.429068
0.453377
0.497501
0.579698
0.718273
0.895134
1.08504
0.536068
0.541479
1.08972
0.91033
0.723319
0.586872
0.509666
0.463171
0.43569
0.420264
0.412939
0.411798
0.416726
0.429405
0.454038
0.498387
0.577142
0.712201
0.898424
1.09124
0.540146
0.541085
1.08977
0.901471
0.722628
0.588347
0.510802
0.463921
0.436165
0.420586
0.413198
0.412045
0.417024
0.429831
0.454811
0.500156
0.57832
0.717517
0.900454
1.09086
0.543696
0.539382
1.09169
0.913786
0.721134
0.589379
0.511632
0.46441
0.436608
0.420957
0.413507
0.412316
0.417263
0.429982
0.455176
0.50173
0.58233
0.71656
0.898791
1.08461
0.543636
0.545353
1.09112
0.912658
0.716705
0.59058
0.511797
0.464441
0.436834
0.421215
0.413747
0.412541
0.417407
0.429973
0.455126
0.502242
0.584861
0.710131
0.910418
1.09464
0.543794
0.548014
1.09745
0.902855
0.714188
0.591615
0.51162
0.464089
0.43702
0.421455
0.413965
0.412712
0.417502
0.429768
0.454881
0.50183
0.584567
0.713226
0.909336
1.09367
0.543331
0.544068
1.09681
0.91029
0.717887
0.59092
0.511435
0.464017
0.437196
0.421724
0.414247
0.412959
0.417641
0.429718
0.4546
0.501411
0.584114
0.717874
0.90642
1.08813
0.541809
0.546104
1.0941
0.904027
0.719588
0.592271
0.511146
0.463939
0.437263
0.421926
0.414457
0.413094
0.41762
0.42981
0.454303
0.499525
0.582615
0.711804
0.898578
1.09516
0.53859
0.544553
1.08644
0.913448
0.724272
0.59298
0.510781
0.463895
0.437132
0.42217
0.414673
0.4132
0.417384
0.429408
0.454047
0.499087
0.58159
0.718296
0.906959
1.09435
0.54226
0.54004
1.08607
0.904753
0.725788
0.588863
0.509783
0.46327
0.436678
0.422409
0.414927
0.413197
0.417231
0.429336
0.453867
0.497926
0.576219
0.714384
0.897812
1.09041
0.539869
0.540209
1.08489
0.906077
0.723146
0.588423
0.509623
0.463415
0.436686
0.422413
0.414845
0.413161
0.417245
0.4296
0.453725
0.497329
0.576083
0.712261
0.895928
1.08141
0.538115
0.537924
1.08536
0.901003
0.717284
0.587304
0.509375
0.463053
0.436743
0.422158
0.414445
0.412735
0.417288
0.429195
0.453118
0.496574
0.575407
0.709904
0.893707
1.08238
0.5331
0.538531
1.08965
0.90139
0.722258
0.5877
0.509339
0.463362
0.437265
0.422035
0.414517
0.412647
0.416782
0.429229
0.452237
0.495633
0.571762
0.70693
0.895368
1.08019
0.533783
0.539782
1.08823
0.903152
0.717777
0.587181
0.50915
0.462814
0.436469
0.422394
0.41498
0.412712
0.416643
0.428971
0.451597
0.494906
0.570793
0.70294
0.891636
1.08046
0.531836
0.542689
1.08028
0.909057
0.723701
0.587949
0.508935
0.462781
0.436488
0.421847
0.414575
0.412706
0.416508
0.42859
0.451275
0.494153
0.56897
0.698844
0.885036
1.07132
0.530051
0.540042
1.08589
0.908875
0.723348
0.587821
0.508635
0.462667
0.436619
0.42203
0.415132
0.412868
0.416376
0.427906
0.450898
0.49305
0.566794
0.694564
0.88151
1.07683
0.529168
0.546495
1.08116
0.907575
0.722753
0.590065
0.508774
0.462716
0.437309
0.422208
0.415121
0.413308
0.41638
0.427373
0.450115
0.492004
0.564856
0.686965
0.867764
1.06758
0.5251
0.546953
1.09295
0.906768
0.721625
0.589225
0.508446
0.462681
0.437255
0.422353
0.41513
0.413233
0.416393
0.427316
0.450162
0.491379
0.563374
0.683897
0.870015
1.07073
0.524874
0.545948
1.09158
0.90284
0.718774
0.587855
0.508368
0.462622
0.437376
0.422506
0.414943
0.413149
0.416364
0.42716
0.449418
0.490731
0.562495
0.682657
0.871841
1.06824
0.522874
0.544625
1.08985
0.894224
0.716752
0.586385
0.507926
0.462525
0.437249
0.422759
0.415091
0.412957
0.416408
0.42719
0.449318
0.490385
0.56211
0.684944
0.870116
1.07436
0.521114
0.540484
1.08304
0.901936
0.710222
0.581798
0.506879
0.462439
0.436974
0.423486
0.415698
0.413236
0.416503
0.427246
0.449203
0.490086
0.562244
0.691055
0.876657
1.07499
0.519472
0.54403
1.08757
0.894244
0.711584
0.581643
0.506423
0.461628
0.437199
0.423188
0.41552
0.41321
0.416642
0.427409
0.449221
0.489685
0.561204
0.690268
0.874885
1.07405
0.518357
0.539482
1.08428
0.897032
0.708975
0.58035
0.505441
0.461213
0.436814
0.422865
0.415888
0.413463
0.416855
0.427894
0.449336
0.489888
0.562075
0.688863
0.862442
1.07289
0.517574
0.538898
1.08116
0.894075
0.704796
0.578441
0.504702
0.460851
0.436593
0.422246
0.415809
0.413951
0.417299
0.427655
0.449576
0.489876
0.561213
0.688858
0.867048
1.06991
0.51717
0.536357
1.07253
0.88392
0.699982
0.577579
0.50419
0.460676
0.43637
0.422205
0.415775
0.414006
0.41722
0.428102
0.44982
0.490154
0.56305
0.687958
0.873158
1.06227
0.517513
0.53616
1.07432
0.88652
0.702672
0.576582
0.50341
0.460656
0.435965
0.422202
0.416149
0.414288
0.417794
0.428433
0.450158
0.48972
0.560664
0.686882
0.873417
1.06688
0.518656
0.535201
1.07859
0.889786
0.696899
0.575051
0.502299
0.459498
0.435533
0.42221
0.416036
0.41443
0.418017
0.428833
0.450641
0.490277
0.562298
0.684634
0.871401
1.0667
0.518303
0.53164
1.07721
0.888422
0.701288
0.574828
0.502164
0.459422
0.436131
0.422286
0.416346
0.414698
0.418411
0.429461
0.451257
0.490114
0.561226
0.679252
0.870475
1.06443
0.517129
0.532214
1.0697
0.885457
0.699306
0.573731
0.501421
0.459534
0.435577
0.422266
0.416222
0.414886
0.418722
0.429824
0.451563
0.490135
0.559421
0.683421
0.869362
1.0587
0.514212
0.52828
1.07171
0.883419
0.697877
0.572719
0.500569
0.458374
0.435841
0.422314
0.415974
0.41512
0.419116
0.430238
0.451776
0.489908
0.5587
0.677885
0.868087
1.06992
0.517774
0.530214
1.06633
0.879567
0.695848
0.571917
0.49984
0.457978
0.434885
0.422619
0.416086
0.415371
0.419453
0.430454
0.451362
0.489652
0.558027
0.67961
0.864222
1.06841
0.513253
0.529113
1.07147
0.877008
0.693834
0.570362
0.499569
0.457918
0.434867
0.422034
0.416133
0.41555
0.41968
0.430487
0.450551
0.48888
0.557232
0.677547
0.855199
1.06872
0.516644
0.52659
1.06735
0.867613
0.687651
0.568697
0.498562
0.457988
0.435252
0.421954
0.41651
0.415706
0.419784
0.43029
0.450427
0.488731
0.55614
0.672194
0.860697
1.06607
0.517826
0.524579
1.0653
0.866643
0.686145
0.567432
0.497351
0.456105
0.433773
0.421729
0.416122
0.415695
0.419718
0.430014
0.450348
0.488228
0.555219
0.669928
0.850799
1.06481
0.516763
0.52009
1.06361
0.862114
0.682692
0.565725
0.496039
0.45579
0.433707
0.421781
0.416197
0.415609
0.41951
0.430605
0.450577
0.487542
0.553764
0.666459
0.849333
1.06283
0.514827
0.518895
1.06005
0.858358
0.679557
0.564034
0.494933
0.455652
0.433715
0.421845
0.416205
0.415361
0.419736
0.429806
0.44949
0.486624
0.552496
0.663607
0.84507
1.05983
0.510499
0.515699
1.05131
0.853382
0.676723
0.562727
0.49452
0.456214
0.434432
0.422116
0.416775
0.415478
0.419339
0.429985
0.449503
0.486952
0.551756
0.660908
0.842839
1.0534
0.51133
0.514261
1.0492
0.848419
0.672511
0.56069
0.493783
0.455428
0.433577
0.422254
0.416481
0.415662
0.419416
0.429417
0.449249
0.485283
0.550262
0.659046
0.838192
1.04717
0.510644
0.511232
1.04482
0.843105
0.66981
0.558799
0.493045
0.454741
0.433535
0.42214
0.416637
0.416145
0.419986
0.429603
0.449374
0.484864
0.548166
0.655088
0.827734
1.04435
0.506832
0.508799
1.04138
0.836386
0.665623
0.556214
0.491703
0.454643
0.434342
0.422971
0.417156
0.415887
0.419626
0.429756
0.450318
0.484886
0.546652
0.652583
0.823131
1.03502
0.505117
0.506088
1.04136
0.831531
0.662744
0.553811
0.489603
0.453626
0.433876
0.422689
0.416954
0.415977
0.419903
0.429556
0.449301
0.485218
0.544396
0.64948
0.818441
1.04022
0.503416
0.503909
1.03848
0.827762
0.659833
0.552057
0.488232
0.452789
0.433637
0.422458
0.417084
0.416083
0.419534
0.429076
0.44833
0.48311
0.54297
0.646127
0.812932
1.03573
0.50026
0.500695
1.02732
0.82221
0.656717
0.550601
0.48844
0.452669
0.433263
0.422643
0.417697
0.416681
0.419993
0.428907
0.447264
0.480686
0.539209
0.642144
0.80771
1.02181
0.496985
0.498229
1.02729
0.818014
0.653571
0.548239
0.487135
0.451178
0.433909
0.423307
0.417844
0.416686
0.419844
0.428293
0.445802
0.477994
0.536198
0.638368
0.800532
1.01557
0.491477
0.495064
1.01976
0.812644
0.649862
0.5459
0.485415
0.450561
0.433409
0.423159
0.418048
0.416916
0.419752
0.427653
0.444574
0.476224
0.533808
0.633746
0.794353
1.00883
0.486105
0.490384
1.01478
0.805735
0.645087
0.543528
0.482523
0.449904
0.432767
0.422958
0.41796
0.416772
0.419513
0.427708
0.444764
0.477104
0.533628
0.629036
0.788117
1.00249
0.480499
0.486896
1.00509
0.799431
0.640141
0.540901
0.480177
0.449897
0.432897
0.423146
0.418434
0.416997
0.419601
0.427922
0.44537
0.474976
0.53054
0.623009
0.780236
0.990916
0.473124
0.48207
1.00028
0.792584
0.633934
0.538196
0.479533
0.450903
0.433251
0.423338
0.418621
0.417471
0.419938
0.427278
0.443805
0.475267
0.528753
0.617968
0.773295
0.983841
0.468978
0.47957
0.994134
0.786174
0.627579
0.534986
0.478868
0.449455
0.433727
0.423525
0.418778
0.417512
0.41966
0.42639
0.442067
0.471595
0.524299
0.612107
0.766976
0.976751
0.466057
0.476829
0.988952
0.778652
0.619987
0.528563
0.478884
0.449955
0.432851
0.423839
0.419029
0.417691
0.419397
0.425673
0.440778
0.469808
0.520954
0.606241
0.760263
0.972592
0.464548
0.473175
0.983729
0.770953
0.612715
0.523253
0.474027
0.447394
0.43189
0.423818
0.419254
0.417907
0.419773
0.425444
0.440891
0.468697
0.516979
0.599883
0.753468
0.966274
0.461035
0.468944
0.976933
0.76316
0.604691
0.513692
0.468328
0.445173
0.431768
0.42401
0.419519
0.418032
0.419284
0.424848
0.439363
0.464997
0.51243
0.595469
0.747352
0.961657
0.459433
0.463998
0.967707
0.755394
0.599833
0.5104
0.465237
0.443482
0.43114
0.423921
0.419848
0.418295
0.419395
0.424411
0.437652
0.461963
0.507385
0.590848
0.740314
0.955464
0.455134
0.457158
0.963898
0.747154
0.595319
0.510342
0.466521
0.445247
0.43241
0.424416
0.420272
0.418649
0.419564
0.423979
0.436031
0.457947
0.500875
0.583407
0.732755
0.950399
0.451417
0.450699
0.954783
0.73675
0.585386
0.505532
0.463013
0.443754
0.431978
0.425131
0.420752
0.419111
0.420301
0.423734
0.433623
0.453385
0.495328
0.576312
0.725169
0.945591
0.446841
0.447983
0.949396
0.727829
0.57868
0.499875
0.462607
0.442463
0.431493
0.425306
0.421133
0.419539
0.420571
0.423617
0.432145
0.450938
0.492232
0.572251
0.716173
0.938537
0.443438
0.44128
0.939745
0.714557
0.576609
0.499611
0.464399
0.443476
0.431764
0.425715
0.42165
0.420041
0.420927
0.423874
0.433071
0.452107
0.488356
0.563667
0.705056
0.931199
0.437517
0.428838
0.925423
0.694966
0.565629
0.495271
0.460118
0.44114
0.432178
0.426119
0.422189
0.420559
0.421196
0.423779
0.431491
0.447995
0.481096
0.553937
0.693476
0.923659
0.429382
0.416758
0.911439
0.675486
0.54698
0.489908
0.457643
0.44048
0.43118
0.426136
0.422687
0.421116
0.421582
0.424381
0.430868
0.446679
0.477931
0.547591
0.680446
0.9148
0.421307
0.404262
0.893597
0.655322
0.534066
0.480383
0.45205
0.438242
0.431473
0.425777
0.422773
0.421292
0.421382
0.423796
0.430182
0.444114
0.4744
0.537911
0.665039
0.904302
0.415723
0.39768
0.878701
0.640042
0.518921
0.475733
0.448431
0.436008
0.429954
0.425528
0.422919
0.421415
0.421493
0.424216
0.428766
0.438722
0.46597
0.520718
0.649052
0.8925
0.406797
0.38493
0.857415
0.623058
0.504986
0.470174
0.447797
0.435904
0.430138
0.425438
0.42262
0.421193
0.42165
0.423262
0.427521
0.434118
0.458533
0.508255
0.633107
0.876558
0.395207
0.372491
0.834527
0.61031
0.495935
0.463174
0.445027
0.435568
0.43114
0.425399
0.422848
0.421273
0.421069
0.423665
0.427729
0.43189
0.451313
0.49335
0.616428
0.857724
0.384243
0.360097
0.807948
0.592246
0.490844
0.459767
0.44427
0.436468
0.430078
0.424924
0.422208
0.420616
0.420303
0.422794
0.426359
0.430975
0.447148
0.486239
0.598698
0.831595
0.367872
0.343893
0.77746
0.572079
0.489225
0.462832
0.441648
0.433844
0.428366
0.424352
0.421098
0.419731
0.419735
0.42167
0.424606
0.430247
0.440841
0.476965
0.576443
0.800352
0.348316
0.326562
0.744711
0.550163
0.489383
0.459047
0.440938
0.433722
0.427714
0.422638
0.419291
0.418185
0.419147
0.420381
0.425414
0.42806
0.434786
0.463209
0.553777
0.764525
0.324994
0.307549
0.711873
0.535204
0.48062
0.453543
0.440153
0.431379
0.425429
0.419977
0.416687
0.415785
0.417086
0.419283
0.423408
0.429017
0.433819
0.452998
0.532081
0.72263
0.296481
0.288363
0.680634
0.524726
0.475885
0.448879
0.435799
0.428539
0.421711
0.416296
0.413256
0.412618
0.414313
0.41831
0.423617
0.427192
0.435015
0.448889
0.506198
0.673661
0.26678
0.27214
0.648111
0.506332
0.467972
0.447882
0.435137
0.425668
0.417315
0.411819
0.409008
0.408557
0.410265
0.413967
0.419278
0.424427
0.429709
0.437203
0.478119
0.624769
0.254313
0.263382
0.614699
0.489244
0.458909
0.440764
0.429465
0.418724
0.411112
0.406352
0.40401
0.403786
0.405506
0.40908
0.414277
0.420485
0.423922
0.427723
0.449758
0.580142
0.247238
0.25658
0.581953
0.470655
0.44861
0.433555
0.420933
0.411184
0.404506
0.400463
0.398569
0.398536
0.400209
0.403477
0.407921
0.41244
0.414957
0.414468
0.427819
0.53989
0.233443
0.242445
0.541102
0.453449
0.435616
0.423187
0.411434
0.403039
0.397571
0.394317
0.392836
0.392946
0.394564
0.397691
0.402005
0.406284
0.406726
0.406291
0.420683
0.508056
0.230469
0.235578
0.50175
0.437854
0.421789
0.41056
0.401879
0.395558
0.391243
0.388597
0.387384
0.387532
0.389004
0.391905
0.396184
0.401373
0.405328
0.406058
0.418888
0.488541
0.236332
0.237731
0.463206
0.414291
0.406216
0.400782
0.394545
0.38944
0.385788
0.383501
0.382442
0.382569
0.383862
0.386434
0.390361
0.395657
0.401412
0.40651
0.417268
0.461372
0.239133
0.24829
0.445315
0.410074
0.401209
0.395902
0.38983
0.384951
0.38152
0.379387
0.378395
0.378489
0.37965
0.381977
0.385585
0.390614
0.39665
0.401047
0.41173
0.444698
0.250316
0.256936
0.435892
0.411319
0.40196
0.392869
0.386364
0.381564
0.378281
0.376252
0.375299
0.375358
0.376419
0.378558
0.381917
0.386629
0.392655
0.401321
0.413709
0.436285
0.258914
0.27189
0.43175
0.4134
0.400622
0.390885
0.384266
0.379437
0.37617
0.374164
0.373219
0.373253
0.374269
0.37635
0.379725
0.384624
0.391038
0.400368
0.413288
0.431184
0.273043
0.281379
0.429724
0.420324
0.40277
0.391468
0.383525
0.378283
0.374941
0.372949
0.372045
0.372051
0.37298
0.374983
0.378394
0.383735
0.391878
0.403652
0.420087
0.429551
0.280896
0.296607
0.430551
0.424451
0.404907
0.391176
0.382697
0.377434
0.374247
0.372465
0.371686
0.37168
0.372461
0.374217
0.37738
0.38261
0.391093
0.404793
0.424463
0.430344
0.294855
0.305897
0.439665
0.431972
0.406142
0.391001
0.382037
0.376806
0.373837
0.372298
0.371645
0.371639
0.372292
0.373813
0.376763
0.381973
0.390933
0.406181
0.432072
0.440015
0.307605
0.319827
0.450079
0.437035
0.406544
0.389825
0.380839
0.376004
0.373472
0.372245
0.371726
0.371722
0.37224
0.373457
0.375978
0.38082
0.389818
0.406586
0.43724
0.450519
0.319002
0.331138
0.468333
0.441865
0.405884
0.388194
0.379538
0.375282
0.373293
0.372372
0.372041
0.37204
0.37237
0.373286
0.375241
0.379474
0.388112
0.405837
0.442004
0.468712
0.331498
0.341555
0.486135
0.443481
0.402618
0.385348
0.377829
0.374553
0.373249
0.372728
0.372562
0.372562
0.372728
0.373249
0.374542
0.377831
0.385354
0.402642
0.443565
0.486093
0.341473
0.352188
0.494906
0.439212
0.396434
0.381603
0.376089
0.374196
0.373462
0.373227
0.373164
0.373168
0.373233
0.37348
0.3742
0.376087
0.381561
0.396375
0.439163
0.494926
0.352139
0.360341
0.495711
0.42147
0.385985
0.377207
0.374888
0.374116
0.373905
0.373863
0.37386
0.373861
0.373869
0.373918
0.37413
0.374903
0.377226
0.386004
0.421528
0.495738
0.360501
0.368134
0.430921
0.384801
0.376998
0.375279
0.374715
0.374619
0.374623
0.37463
0.374633
0.374633
0.374628
0.374621
0.374617
0.374717
0.375283
0.37701
0.384765
0.430899
0.368058
0.202926
0.516103
0.461773
0.405974
0.36845
0.348221
0.338984
0.335468
0.334698
0.334972
0.335524
0.336537
0.33874
0.343869
0.354571
0.375287
0.411628
0.465017
0.51507
0.203721
0.202746
0.516074
0.460832
0.406038
0.368782
0.348808
0.339753
0.336372
0.336767
0.337449
0.337144
0.338529
0.339598
0.344504
0.355259
0.375746
0.411445
0.465147
0.514879
0.203419
0.202985
0.516636
0.463167
0.405619
0.368758
0.34958
0.340997
0.336534
0.335402
0.336518
0.336565
0.337282
0.33956
0.345674
0.355836
0.376082
0.412863
0.464739
0.513646
0.203145
0.202964
0.518553
0.466357
0.407552
0.369211
0.348921
0.340006
0.337503
0.335186
0.335668
0.337556
0.337447
0.340309
0.345038
0.355222
0.375761
0.413231
0.466911
0.515486
0.203971
0.204179
0.520561
0.466836
0.407324
0.369476
0.349551
0.340952
0.336056
0.334884
0.33565
0.337188
0.338081
0.339123
0.343859
0.354467
0.37586
0.413015
0.465829
0.517136
0.204275
0.204038
0.520627
0.467588
0.409611
0.369908
0.349055
0.340469
0.336039
0.334537
0.335065
0.335934
0.336777
0.339833
0.343822
0.35421
0.375512
0.412887
0.466668
0.517309
0.203599
0.204976
0.520277
0.46738
0.40959
0.369455
0.349252
0.339633
0.336851
0.334554
0.336284
0.337108
0.336513
0.338596
0.344365
0.354243
0.37537
0.412428
0.465972
0.515494
0.203271
0.205113
0.520443
0.467093
0.409412
0.369454
0.348622
0.339796
0.334863
0.333662
0.334483
0.335364
0.336395
0.338428
0.343313
0.354033
0.375217
0.412112
0.464258
0.515161
0.202868
0.205026
0.520669
0.46691
0.409323
0.369431
0.347776
0.338214
0.335186
0.333622
0.334915
0.336741
0.336961
0.338656
0.343339
0.353992
0.375001
0.411836
0.465158
0.515151
0.202891
0.20408
0.520467
0.466575
0.409131
0.369496
0.347696
0.337542
0.333732
0.333149
0.33495
0.335356
0.337741
0.338947
0.343365
0.354424
0.374897
0.410544
0.463907
0.514453
0.202974
0.204717
0.519166
0.466485
0.408778
0.369414
0.347702
0.337657
0.333829
0.332899
0.333557
0.334815
0.336183
0.33855
0.34325
0.353724
0.37486
0.411959
0.46576
0.516126
0.203031
0.205132
0.520376
0.466966
0.407832
0.369439
0.347805
0.337732
0.335018
0.333213
0.333796
0.334562
0.337439
0.339883
0.3436
0.353614
0.374397
0.410263
0.463568
0.516074
0.203619
0.204854
0.520112
0.466525
0.408873
0.36957
0.347899
0.337712
0.33383
0.333174
0.334877
0.334414
0.336144
0.339904
0.343641
0.353581
0.374355
0.410483
0.463915
0.514723
0.203295
0.204577
0.519728
0.466261
0.408692
0.369622
0.348199
0.338058
0.333988
0.333022
0.33318
0.334057
0.335941
0.339753
0.343851
0.353534
0.374361
0.410858
0.464016
0.515111
0.202898
0.203518
0.518916
0.464014
0.407104
0.369498
0.348354
0.338195
0.334044
0.333442
0.333244
0.334085
0.33574
0.338968
0.344575
0.353529
0.374464
0.411706
0.465116
0.516004
0.203327
0.203975
0.518431
0.465323
0.408435
0.369689
0.348799
0.338637
0.334342
0.332919
0.333082
0.333986
0.335868
0.339963
0.343452
0.35333
0.374364
0.411742
0.464243
0.516077
0.203372
0.204333
0.519408
0.467005
0.409847
0.370123
0.34873
0.339057
0.336014
0.33338
0.333354
0.334119
0.336243
0.338848
0.344205
0.35343
0.374363
0.411839
0.466331
0.515266
0.202748
0.204149
0.518593
0.466987
0.410142
0.3705
0.348873
0.339964
0.335946
0.333644
0.333526
0.334071
0.335123
0.337359
0.343234
0.353417
0.374192
0.411621
0.466109
0.515306
0.202779
0.205422
0.520108
0.466417
0.409657
0.370251
0.348721
0.338832
0.335638
0.33497
0.335272
0.335925
0.336784
0.337716
0.3425
0.353022
0.374005
0.410076
0.465601
0.515601
0.202883
0.205393
0.519376
0.464575
0.409072
0.369944
0.34871
0.339615
0.334418
0.333232
0.333482
0.334323
0.335694
0.338129
0.34375
0.353773
0.373879
0.410175
0.465545
0.514687
0.202999
0.205404
0.520014
0.466521
0.407857
0.369602
0.348946
0.339183
0.334194
0.332969
0.333232
0.334186
0.335839
0.33914
0.343787
0.353779
0.373946
0.410006
0.465504
0.515345
0.203106
0.20524
0.520425
0.466128
0.408227
0.369332
0.348291
0.3386
0.334363
0.333195
0.333476
0.334516
0.336262
0.338611
0.343469
0.353805
0.373898
0.410651
0.46551
0.515199
0.203159
0.20406
0.518878
0.465659
0.406778
0.369165
0.348289
0.339649
0.334738
0.333333
0.333481
0.3346
0.337765
0.339968
0.344592
0.354501
0.37415
0.409274
0.463864
0.514993
0.203306
0.204139
0.519162
0.465361
0.408051
0.36929
0.34822
0.338506
0.334954
0.334826
0.333864
0.334454
0.33632
0.338333
0.343238
0.354201
0.374509
0.411059
0.465849
0.517357
0.204058
0.203763
0.518948
0.463548
0.406717
0.369219
0.34826
0.339007
0.336378
0.334142
0.333929
0.334446
0.335931
0.339343
0.343393
0.353903
0.374972
0.412439
0.465018
0.517777
0.203491
0.203337
0.518405
0.465164
0.407934
0.369277
0.348355
0.340074
0.336476
0.335793
0.336051
0.336298
0.337336
0.338378
0.343191
0.353906
0.374968
0.412673
0.467599
0.51781
0.204108
0.203211
0.518278
0.462856
0.40617
0.368948
0.34795
0.338976
0.335463
0.334713
0.335286
0.335043
0.33605
0.338049
0.343262
0.353973
0.375228
0.412552
0.467345
0.517549
0.203926
0.203735
0.51824
0.463647
0.406252
0.368705
0.347731
0.337488
0.333737
0.333157
0.334866
0.336374
0.337423
0.338279
0.343733
0.354118
0.375268
0.411595
0.467024
0.517333
0.203341
0.20383
0.51803
0.462695
0.405858
0.368338
0.348057
0.337193
0.333408
0.332695
0.333569
0.335265
0.335542
0.337857
0.343144
0.35454
0.375357
0.412727
0.466774
0.515991
0.204108
0.203806
0.518057
0.462235
0.405487
0.368014
0.347034
0.337344
0.333803
0.333223
0.333738
0.334686
0.335952
0.338287
0.343489
0.354032
0.375127
0.412577
0.467024
0.517249
0.204247
0.203741
0.517567
0.462164
0.405541
0.368043
0.347158
0.337758
0.335354
0.335381
0.336018
0.336961
0.338194
0.340056
0.344618
0.3541
0.374975
0.412003
0.465043
0.517665
0.204298
0.203668
0.517398
0.463119
0.406179
0.368173
0.347357
0.338466
0.334034
0.334204
0.334786
0.335729
0.337069
0.338707
0.343788
0.354011
0.374818
0.411816
0.466423
0.517303
0.20361
0.204027
0.518688
0.461905
0.405236
0.367999
0.347395
0.337631
0.333652
0.333057
0.333588
0.334454
0.335746
0.338507
0.343888
0.354103
0.374494
0.410601
0.466297
0.517447
0.203679
0.20327
0.517818
0.464472
0.407088
0.368362
0.34761
0.338944
0.334175
0.333215
0.333645
0.334353
0.335414
0.338427
0.345154
0.354854
0.374416
0.410504
0.465655
0.517154
0.203224
0.203589
0.518266
0.464347
0.407011
0.368164
0.347646
0.338592
0.335401
0.33479
0.334342
0.335664
0.335325
0.337988
0.344242
0.354208
0.374335
0.410968
0.465143
0.515632
0.202793
0.203354
0.518041
0.464075
0.406887
0.368379
0.347955
0.337608
0.334029
0.333325
0.334867
0.334294
0.334922
0.337442
0.342988
0.353433
0.374093
0.410525
0.463363
0.515975
0.202538
0.202519
0.517569
0.461928
0.406176
0.367696
0.34699
0.337484
0.335038
0.333175
0.334302
0.334811
0.334862
0.337309
0.343307
0.35338
0.373898
0.40937
0.463593
0.51567
0.202186
0.20244
0.517471
0.461919
0.405995
0.367779
0.347103
0.337522
0.333846
0.333092
0.334095
0.333918
0.33471
0.337157
0.342488
0.35378
0.373922
0.409513
0.46428
0.515131
0.202003
0.201844
0.516084
0.462028
0.405544
0.367661
0.347142
0.338675
0.335091
0.334037
0.333828
0.334914
0.33654
0.33899
0.343799
0.352991
0.373421
0.409136
0.464087
0.515876
0.201844
0.201905
0.516996
0.460612
0.404251
0.367315
0.347063
0.337445
0.333425
0.332169
0.332392
0.333572
0.335311
0.337725
0.342691
0.352587
0.372866
0.407778
0.461714
0.515142
0.201071
0.2021
0.517143
0.462933
0.406149
0.367796
0.347299
0.337573
0.333465
0.332426
0.333568
0.333448
0.334506
0.336864
0.341864
0.352191
0.3726
0.407542
0.461592
0.514906
0.200895
0.202423
0.516373
0.462474
0.405899
0.367772
0.347738
0.339174
0.334049
0.332675
0.332816
0.334947
0.336336
0.338611
0.343263
0.352338
0.372237
0.406761
0.460754
0.51315
0.200452
0.201726
0.515962
0.462243
0.405815
0.367822
0.347842
0.339206
0.334547
0.332978
0.332806
0.334085
0.335116
0.337272
0.342045
0.352197
0.37168
0.405853
0.460277
0.513746
0.200467
0.202116
0.515376
0.461381
0.405118
0.367624
0.348046
0.339301
0.336028
0.334988
0.334026
0.333061
0.3337
0.335778
0.340586
0.351476
0.370943
0.405389
0.460319
0.513814
0.200834
0.201126
0.514149
0.458558
0.403065
0.367224
0.348626
0.340696
0.336059
0.334298
0.33286
0.332693
0.333472
0.335481
0.340027
0.349796
0.369923
0.404589
0.458675
0.513629
0.200475
0.20101
0.513231
0.458408
0.402872
0.366925
0.347492
0.339538
0.335132
0.333649
0.332965
0.333076
0.333866
0.335741
0.340093
0.349445
0.36909
0.404051
0.45944
0.512576
0.200836
0.200758
0.512951
0.457177
0.402094
0.366704
0.347361
0.338622
0.336227
0.335238
0.333571
0.333681
0.335524
0.33731
0.340984
0.349323
0.367958
0.403289
0.458932
0.512968
0.200617
0.200694
0.512515
0.45668
0.401427
0.366502
0.347463
0.338497
0.33484
0.33379
0.333565
0.333691
0.334508
0.335866
0.339549
0.348454
0.367618
0.403015
0.457109
0.512461
0.200381
0.200374
0.512032
0.456489
0.401288
0.366668
0.348705
0.340102
0.33557
0.334494
0.335446
0.335629
0.335394
0.337627
0.340193
0.348697
0.367485
0.401882
0.457191
0.511946
0.200017
0.2001
0.511541
0.456669
0.401288
0.366823
0.348784
0.340303
0.335977
0.334659
0.334605
0.33507
0.336795
0.338015
0.340558
0.348843
0.367493
0.40166
0.45645
0.510745
0.19973
0.199583
0.510668
0.455122
0.40145
0.367019
0.348826
0.3404
0.336769
0.335401
0.335167
0.335388
0.336836
0.338487
0.341841
0.349737
0.366975
0.400617
0.454245
0.510219
0.19945
0.199047
0.509937
0.45466
0.401006
0.366983
0.34997
0.341187
0.337554
0.336135
0.336009
0.337108
0.336571
0.33841
0.341009
0.349143
0.36633
0.399493
0.45316
0.509347
0.199111
0.198967
0.509468
0.453749
0.4001
0.366939
0.349825
0.343277
0.340066
0.338668
0.338337
0.337802
0.336988
0.338175
0.342066
0.348809
0.365944
0.39823
0.451502
0.507869
0.198286
0.19868
0.509305
0.453343
0.400098
0.367659
0.351017
0.343311
0.33953
0.338595
0.339073
0.338997
0.33906
0.338971
0.341572
0.348925
0.365551
0.397617
0.450526
0.507356
0.197546
0.198674
0.508285
0.45175
0.399625
0.368018
0.351333
0.344452
0.341877
0.34112
0.340643
0.340284
0.340073
0.340179
0.343497
0.350374
0.365562
0.397048
0.449069
0.50643
0.197139
0.198377
0.507485
0.450978
0.399157
0.36823
0.352754
0.345487
0.342663
0.341827
0.341955
0.341874
0.341667
0.341148
0.343615
0.350306
0.365626
0.396574
0.448239
0.506242
0.196724
0.197659
0.50659
0.449688
0.398474
0.368011
0.35362
0.346745
0.343953
0.34369
0.343688
0.343521
0.343285
0.343718
0.344882
0.351134
0.365967
0.396262
0.44737
0.505818
0.196763
0.197015
0.505799
0.448379
0.397865
0.368395
0.354361
0.347595
0.34464
0.344606
0.344784
0.344756
0.344676
0.345157
0.347476
0.353355
0.366809
0.395851
0.44652
0.506281
0.196613
0.196536
0.504738
0.447359
0.397085
0.367894
0.354693
0.348841
0.346764
0.346235
0.346247
0.346331
0.346423
0.3468
0.3486
0.354005
0.367167
0.395716
0.445875
0.505978
0.196822
0.195782
0.503572
0.446178
0.396785
0.368691
0.35562
0.350761
0.348897
0.348118
0.347859
0.347884
0.34799
0.348588
0.350447
0.355431
0.367912
0.395517
0.445312
0.50528
0.196117
0.195246
0.502453
0.445034
0.396157
0.368922
0.356706
0.352114
0.350514
0.349798
0.349577
0.349562
0.349531
0.349883
0.351485
0.356155
0.36809
0.395012
0.444364
0.503495
0.196215
0.194866
0.501631
0.443666
0.395719
0.369483
0.358383
0.353919
0.352172
0.351452
0.351174
0.351064
0.351002
0.351316
0.352642
0.356779
0.36807
0.394675
0.443726
0.503049
0.195356
0.194385
0.500567
0.442477
0.394871
0.368885
0.358974
0.354931
0.353409
0.352848
0.352602
0.352414
0.352312
0.352494
0.353518
0.356744
0.367196
0.39386
0.442248
0.502072
0.195079
0.193917
0.499807
0.440994
0.394016
0.369483
0.359322
0.355794
0.354547
0.354101
0.353898
0.353723
0.353575
0.353622
0.354193
0.355642
0.366387
0.392726
0.440361
0.500861
0.194256
0.193491
0.498945
0.439311
0.392634
0.367799
0.358579
0.356364
0.355573
0.355297
0.355139
0.354962
0.354758
0.354623
0.354816
0.355664
0.366553
0.391821
0.438893
0.499462
0.193851
0.192964
0.498059
0.437602
0.391053
0.366343
0.357158
0.356699
0.356431
0.356331
0.356229
0.356047
0.355767
0.355428
0.355172
0.355451
0.364232
0.390267
0.437018
0.497848
0.192991
0.192119
0.49662
0.435319
0.388839
0.364454
0.357632
0.356979
0.357233
0.357383
0.357367
0.357174
0.356762
0.356097
0.355238
0.356704
0.36386
0.389065
0.43504
0.496239
0.1923
0.19124
0.494614
0.43261
0.386471
0.361834
0.35491
0.356331
0.357703
0.358248
0.358371
0.358166
0.357597
0.356467
0.354031
0.355491
0.363322
0.387698
0.4334
0.495454
0.191912
0.190487
0.493431
0.42969
0.383789
0.361148
0.354577
0.355241
0.358149
0.359152
0.359418
0.359204
0.358503
0.357173
0.355123
0.354299
0.36252
0.385757
0.430877
0.493934
0.191024
0.189324
0.491129
0.42639
0.380229
0.361241
0.355461
0.357137
0.359009
0.36009
0.360456
0.360232
0.359353
0.357466
0.353727
0.353272
0.361006
0.383809
0.428322
0.492199
0.190082
0.188078
0.48903
0.422512
0.375769
0.357001
0.352096
0.355228
0.359112
0.360927
0.361551
0.361377
0.360441
0.358438
0.354331
0.35298
0.358791
0.38119
0.425347
0.490166
0.189022
0.186397
0.486554
0.418335
0.371602
0.352751
0.350624
0.353909
0.359586
0.361941
0.362754
0.362598
0.36155
0.359313
0.355041
0.35443
0.358783
0.379111
0.422034
0.488663
0.188186
0.184106
0.483248
0.413205
0.36715
0.348678
0.348865
0.35425
0.360546
0.363174
0.364116
0.363979
0.362881
0.360636
0.35676
0.353028
0.359227
0.375609
0.41721
0.485456
0.186232
0.181296
0.478852
0.407739
0.363713
0.347577
0.349105
0.354838
0.361438
0.364445
0.365551
0.365389
0.364077
0.361332
0.355951
0.352172
0.356338
0.371555
0.412164
0.48187
0.184069
0.1777
0.473486
0.401309
0.359146
0.346519
0.349588
0.357278
0.362988
0.365983
0.367137
0.366945
0.365487
0.362453
0.356627
0.352736
0.353496
0.366967
0.406055
0.47673
0.180854
0.174192
0.46787
0.39519
0.355886
0.346511
0.351607
0.357427
0.363784
0.367206
0.368584
0.368447
0.366924
0.363816
0.358604
0.349999
0.349538
0.362571
0.399891
0.472003
0.177487
0.169859
0.460749
0.387616
0.353078
0.347018
0.350474
0.356438
0.364095
0.368123
0.369765
0.369712
0.368103
0.364718
0.358903
0.349763
0.346958
0.358102
0.392178
0.464783
0.172653
0.1649
0.45252
0.379899
0.351558
0.343359
0.348789
0.356187
0.363391
0.368058
0.370196
0.370367
0.368755
0.365211
0.359137
0.349834
0.346276
0.353689
0.383547
0.455468
0.166848
0.159005
0.442121
0.37039
0.345156
0.340906
0.350366
0.35618
0.362448
0.366724
0.369316
0.369895
0.368325
0.364643
0.358389
0.350405
0.344695
0.347975
0.373208
0.444445
0.160577
0.153533
0.430729
0.360847
0.340294
0.340079
0.348585
0.356399
0.362674
0.366819
0.368822
0.368898
0.367252
0.363461
0.357186
0.348317
0.340591
0.341611
0.362127
0.431076
0.15343
0.147614
0.417938
0.351634
0.335435
0.340781
0.348501
0.356988
0.363301
0.367188
0.369065
0.36918
0.368246
0.365508
0.359823
0.349222
0.340053
0.336779
0.351485
0.417264
0.146871
0.142428
0.404724
0.34391
0.331673
0.340627
0.34969
0.358267
0.364065
0.367893
0.369667
0.369645
0.367948
0.3644
0.358773
0.349908
0.339362
0.332306
0.341764
0.402329
0.14072
0.13746
0.391284
0.339329
0.330739
0.34006
0.350911
0.359724
0.366382
0.368848
0.370549
0.371537
0.370205
0.367025
0.360829
0.353969
0.343234
0.330693
0.335028
0.38789
0.136005
0.134798
0.376938
0.333928
0.333513
0.344676
0.355204
0.363114
0.367537
0.37055
0.371893
0.371331
0.369659
0.367204
0.36185
0.355649
0.344412
0.331713
0.331405
0.373338
0.133555
0.134637
0.364355
0.329966
0.334711
0.346556
0.356212
0.363352
0.36718
0.369959
0.371222
0.37114
0.369848
0.367196
0.362969
0.357622
0.347838
0.335621
0.329419
0.359958
0.133648
0.136975
0.354918
0.3299
0.338983
0.349688
0.357658
0.363657
0.367565
0.370842
0.372332
0.37219
0.370241
0.367664
0.363765
0.359051
0.351086
0.338733
0.330037
0.351421
0.136576
0.140767
0.34556
0.331128
0.342102
0.35277
0.36018
0.364372
0.368422
0.370842
0.371915
0.371862
0.370382
0.368234
0.364829
0.359877
0.353871
0.343961
0.332955
0.346556
0.142918
0.146838
0.340296
0.333811
0.346065
0.355256
0.361394
0.364839
0.367838
0.370241
0.371279
0.37145
0.370877
0.369449
0.366631
0.362671
0.356679
0.347877
0.336784
0.342557
0.14923
0.155574
0.337025
0.338606
0.350799
0.358941
0.36366
0.366435
0.368017
0.369636
0.370285
0.370368
0.369911
0.36877
0.366579
0.363797
0.359527
0.351632
0.339668
0.338469
0.157575
0.164776
0.33342
0.342882
0.355055
0.36179
0.365142
0.366938
0.368105
0.368642
0.368863
0.368894
0.368712
0.368204
0.367109
0.365251
0.36216
0.355732
0.343811
0.33505
0.166098
0.177493
0.332215
0.348295
0.359788
0.364788
0.366825
0.36767
0.367983
0.368061
0.368072
0.368076
0.36806
0.367945
0.36737
0.36664
0.364833
0.359944
0.348837
0.333534
0.178432
0.191678
0.333475
0.355537
0.364958
0.368012
0.368602
0.36851
0.368117
0.367903
0.367775
0.367758
0.367847
0.36803
0.368161
0.368607
0.368044
0.365014
0.355647
0.334076
0.1918
0.208343
0.340228
0.363799
0.370372
0.371318
0.370633
0.369611
0.368691
0.368169
0.367923
0.367919
0.368163
0.368677
0.369618
0.370597
0.371262
0.370343
0.363797
0.339972
0.208094
0.226676
0.350034
0.373773
0.376221
0.37466
0.372637
0.370974
0.369761
0.368992
0.368623
0.368616
0.368979
0.369732
0.370931
0.372573
0.374575
0.376107
0.373619
0.349948
0.226532
0.247022
0.365723
0.384629
0.381771
0.377566
0.374289
0.372034
0.370566
0.369683
0.36927
0.369265
0.369671
0.370541
0.371998
0.37426
0.377555
0.381805
0.384829
0.365844
0.246915
0.268737
0.386574
0.396015
0.386256
0.379359
0.375244
0.372731
0.371209
0.370339
0.369945
0.369944
0.370338
0.371204
0.37272
0.375232
0.379357
0.386278
0.395944
0.386038
0.268528
0.291153
0.411453
0.405304
0.388489
0.380074
0.375684
0.373242
0.371843
0.371085
0.370756
0.370756
0.371086
0.371843
0.373234
0.375679
0.380065
0.3885
0.405381
0.411914
0.291652
0.314761
0.435126
0.409341
0.38892
0.380048
0.375753
0.373586
0.372476
0.371932
0.371713
0.371715
0.371938
0.372488
0.373589
0.37576
0.380047
0.388943
0.409386
0.435196
0.314368
0.33781
0.445023
0.407027
0.385667
0.378053
0.375029
0.373748
0.373184
0.372947
0.372863
0.372865
0.372955
0.373197
0.373761
0.375037
0.378055
0.385658
0.407022
0.44506
0.338331
0.364508
0.421783
0.386522
0.377514
0.375376
0.374621
0.374345
0.374271
0.374254
0.374252
0.374252
0.374254
0.374271
0.374345
0.374622
0.375376
0.377515
0.386521
0.421788
0.364357
)
;

boundaryField
{
    fixedWalls_1
    {
        type            kqRWallFunction;
        value           nonuniform List<scalar> 
200
(
0.201151
0.200781
0.201028
0.201164
0.202447
0.201825
0.200388
0.201542
0.2021
0.200638
0.200839
0.201576
0.201559
0.200903
0.201457
0.200761
0.201445
0.201906
0.202511
0.202955
0.202313
0.201742
0.201784
0.202115
0.202074
0.201979
0.201828
0.202926
0.203216
0.203604
0.203257
0.202888
0.203222
0.20278
0.202279
0.202215
0.201806
0.202352
0.203098
0.203182
0.203279
0.203247
0.202227
0.201776
0.201148
0.200613
0.20025
0.200128
0.200014
0.19973
0.199342
0.198679
0.198171
0.197275
0.19724
0.197093
0.196822
0.196014
0.195788
0.195226
0.194381
0.194098
0.193362
0.192777
0.192042
0.191135
0.190242
0.189659
0.188652
0.187617
0.186102
0.184566
0.182856
0.180696
0.178203
0.174907
0.171428
0.166912
0.161588
0.156018
0.150368
0.14464
0.139748
0.136142
0.135927
0.137928
0.142945
0.148859
0.156515
0.166646
0.177493
0.192141
0.208177
0.226265
0.247123
0.268321
0.291466
0.314446
0.33779
0.364506
0.203082
0.202588
0.202282
0.201261
0.202109
0.201758
0.202394
0.202517
0.202463
0.202071
0.201647
0.200495
0.200349
0.200174
0.20127
0.201145
0.20104
0.201862
0.201835
0.201734
0.201845
0.201979
0.201815
0.201676
0.202816
0.203275
0.203464
0.204128
0.20384
0.203649
0.20254
0.202787
0.202768
0.203258
0.20316
0.202884
0.202786
0.201824
0.201591
0.20094
0.200643
0.200395
0.200046
0.19953
0.199616
0.199438
0.199841
0.199675
0.199377
0.198952
0.198646
0.198428
0.197569
0.19777
0.197951
0.197836
0.19743
0.19694
0.196668
0.196034
0.195775
0.195153
0.194546
0.193812
0.193102
0.192149
0.191135
0.18998
0.189218
0.187986
0.186662
0.185573
0.183979
0.181869
0.179427
0.175617
0.171606
0.166003
0.159841
0.15352
0.14703
0.142047
0.138248
0.136775
0.136956
0.139445
0.143783
0.149237
0.157722
0.166159
0.178191
0.191623
0.208114
0.226632
0.246696
0.268719
0.291183
0.314645
0.337881
0.36449
)
;
    }
    frontAndBack_1
    {
        type            empty;
    }
    inlet_1
    {
        type            fixedValue;
        value           uniform 0.375;
    }
    outlet_1
    {
        type            zeroGradient;
    }
    fixedWalls_2
    {
        type            kqRWallFunction;
        value           nonuniform List<scalar> 
200
(
0.542828
0.537517
0.539898
0.540782
0.53485
0.539374
0.542208
0.54204
0.541563
0.536441
0.540787
0.537392
0.543114
0.543342
0.545574
0.551898
0.551066
0.549643
0.549363
0.543613
0.543296
0.542831
0.541442
0.53676
0.536202
0.53487
0.530776
0.534281
0.536392
0.534818
0.532757
0.53023
0.535361
0.534667
0.532663
0.529829
0.528397
0.528739
0.525723
0.527974
0.527545
0.526377
0.524936
0.523369
0.520219
0.523451
0.522707
0.519811
0.518429
0.516729
0.514713
0.510939
0.509846
0.507486
0.506041
0.504208
0.503457
0.502369
0.501427
0.499747
0.498441
0.494896
0.491112
0.484909
0.48212
0.477651
0.474488
0.468924
0.46379
0.461972
0.458783
0.451521
0.440338
0.423459
0.410664
0.392297
0.375745
0.355644
0.339558
0.32172
0.303537
0.283177
0.262261
0.243762
0.230375
0.226633
0.230112
0.241502
0.251445
0.259626
0.270965
0.282477
0.293841
0.307875
0.318912
0.331488
0.341372
0.352157
0.360498
0.368054
0.542885
0.538388
0.541427
0.539765
0.535832
0.534338
0.534424
0.533593
0.532388
0.526676
0.526544
0.52653
0.528276
0.53348
0.534233
0.534397
0.530218
0.536448
0.534747
0.533138
0.528397
0.531345
0.533953
0.532691
0.536968
0.535548
0.53507
0.53028
0.533212
0.531535
0.529621
0.524751
0.527618
0.523115
0.527778
0.527478
0.522752
0.526744
0.524238
0.52981
0.531559
0.529784
0.528881
0.524858
0.525222
0.523933
0.522973
0.520836
0.517246
0.516552
0.514882
0.513893
0.510597
0.509378
0.506616
0.5038
0.499434
0.494018
0.488858
0.48253
0.478443
0.473236
0.46844
0.463765
0.459258
0.455703
0.452252
0.450744
0.444469
0.438691
0.433354
0.426208
0.418566
0.405433
0.387848
0.372379
0.355518
0.340791
0.327058
0.312778
0.295517
0.277389
0.256656
0.239073
0.2321
0.230822
0.232611
0.241492
0.249991
0.258161
0.273637
0.281483
0.29562
0.307268
0.318266
0.331914
0.340885
0.352215
0.360055
0.368308
)
;
    }
    frontAndBack_2
    {
        type            empty;
    }
    inlet_2
    {
        type            fixedValue;
        value           uniform 0.375;
    }
    outlet_2
    {
        type            zeroGradient;
    }
    fixedWalls_3
    {
        type            kqRWallFunction;
        value           nonuniform List<scalar> 
200
(
0.958409
0.957767
0.957859
0.962274
0.958282
0.961104
0.962677
0.961748
0.958437
0.963526
0.962265
0.957851
0.963357
0.961887
0.959485
0.957581
0.961134
0.958076
0.962449
0.960992
0.958476
0.958681
0.955997
0.957994
0.95273
0.95006
0.948327
0.945772
0.946786
0.943897
0.945923
0.944986
0.948147
0.949047
0.951492
0.952218
0.950902
0.951072
0.952925
0.95245
0.950603
0.948841
0.948166
0.946423
0.944738
0.943393
0.94093
0.93052
0.927858
0.924521
0.921278
0.918189
0.912786
0.90908
0.902009
0.897744
0.893875
0.886236
0.871774
0.868881
0.867182
0.865436
0.86138
0.853022
0.842955
0.831145
0.815891
0.801114
0.78255
0.766251
0.748103
0.736002
0.719038
0.692794
0.672829
0.647721
0.6361
0.614649
0.587853
0.566538
0.53246
0.499929
0.466151
0.442736
0.411766
0.386286
0.386785
0.342286
0.309273
0.303111
0.308277
0.321541
0.327465
0.338121
0.343764
0.3522
0.357274
0.362334
0.366326
0.369869
0.932755
0.930479
0.928536
0.922278
0.922857
0.918693
0.917638
0.918373
0.916694
0.918461
0.915693
0.919169
0.922433
0.927326
0.925957
0.923907
0.926979
0.925534
0.923258
0.928685
0.9295
0.932617
0.935304
0.93928
0.936276
0.939411
0.939907
0.940078
0.941763
0.942405
0.94078
0.939098
0.937038
0.935351
0.931102
0.929733
0.92786
0.925182
0.922675
0.920368
0.922635
0.920113
0.918676
0.915321
0.913485
0.911058
0.909334
0.906451
0.904991
0.901636
0.899004
0.894
0.890104
0.889303
0.888051
0.8866
0.884164
0.881565
0.880534
0.87954
0.879561
0.880117
0.872013
0.856977
0.850076
0.848157
0.840492
0.833092
0.829873
0.807489
0.788731
0.778576
0.759957
0.738396
0.72422
0.687753
0.681018
0.658901
0.620759
0.569092
0.514637
0.473631
0.430432
0.392649
0.349071
0.320101
0.31044
0.312092
0.302867
0.307957
0.308269
0.320848
0.32697
0.338176
0.344076
0.35147
0.357425
0.362079
0.366077
0.370017
)
;
    }
    frontAndBack_3
    {
        type            empty;
    }
    inlet_3
    {
        type            fixedValue;
        value           uniform 0.375;
    }
    outlet_3
    {
        type            zeroGradient;
    }
    fixedWalls_4
    {
        type            kqRWallFunction;
        value           nonuniform List<scalar> 
200
(
0.539698
0.534851
0.539545
0.538563
0.536726
0.535929
0.530382
0.532173
0.531807
0.534873
0.540243
0.540315
0.540817
0.541352
0.541411
0.541479
0.541085
0.539382
0.545353
0.548014
0.544068
0.546104
0.544553
0.54004
0.540209
0.537924
0.538531
0.539782
0.542689
0.540042
0.546495
0.546953
0.545948
0.544625
0.540484
0.54403
0.539482
0.538898
0.536357
0.53616
0.535201
0.53164
0.532214
0.52828
0.530214
0.529113
0.52659
0.524579
0.52009
0.518895
0.515699
0.514261
0.511232
0.508799
0.506088
0.503909
0.500695
0.498229
0.495064
0.490384
0.486896
0.48207
0.47957
0.476829
0.473175
0.468944
0.463998
0.457158
0.450699
0.447983
0.44128
0.428838
0.416758
0.404262
0.39768
0.38493
0.372491
0.360097
0.343893
0.326562
0.307549
0.288363
0.27214
0.263382
0.25658
0.242445
0.235578
0.237731
0.24829
0.256936
0.27189
0.281379
0.296607
0.305897
0.319827
0.331138
0.341555
0.352188
0.360341
0.368134
0.531908
0.530114
0.528671
0.523289
0.527585
0.530075
0.529902
0.526771
0.531344
0.531953
0.538292
0.538255
0.536189
0.541822
0.536068
0.540146
0.543696
0.543636
0.543794
0.543331
0.541809
0.53859
0.54226
0.539869
0.538115
0.5331
0.533783
0.531836
0.530051
0.529168
0.5251
0.524874
0.522874
0.521114
0.519472
0.518357
0.517574
0.51717
0.517513
0.518656
0.518303
0.517129
0.514212
0.517774
0.513253
0.516644
0.517826
0.516763
0.514827
0.510499
0.51133
0.510644
0.506832
0.505117
0.503416
0.50026
0.496985
0.491477
0.486105
0.480499
0.473124
0.468978
0.466057
0.464548
0.461035
0.459433
0.455134
0.451417
0.446841
0.443438
0.437517
0.429382
0.421307
0.415723
0.406797
0.395207
0.384243
0.367872
0.348316
0.324994
0.296481
0.26678
0.254313
0.247238
0.233443
0.230469
0.236332
0.239133
0.250316
0.258914
0.273043
0.280896
0.294855
0.307605
0.319002
0.331498
0.341473
0.352139
0.360501
0.368058
)
;
    }
    frontAndBack_4
    {
        type            empty;
    }
    inlet_4
    {
        type            fixedValue;
        value           uniform 0.375;
    }
    outlet_4
    {
        type            zeroGradient;
    }
    fixedWalls_5
    {
        type            kqRWallFunction;
        value           nonuniform List<scalar> 
200
(
0.202926
0.202746
0.202985
0.202964
0.204179
0.204038
0.204976
0.205113
0.205026
0.20408
0.204717
0.205132
0.204854
0.204577
0.203518
0.203975
0.204333
0.204149
0.205422
0.205393
0.205404
0.20524
0.20406
0.204139
0.203763
0.203337
0.203211
0.203735
0.20383
0.203806
0.203741
0.203668
0.204027
0.20327
0.203589
0.203354
0.202519
0.20244
0.201844
0.201905
0.2021
0.202423
0.201726
0.202116
0.201126
0.20101
0.200758
0.200694
0.200374
0.2001
0.199583
0.199047
0.198967
0.19868
0.198674
0.198377
0.197659
0.197015
0.196536
0.195782
0.195246
0.194866
0.194385
0.193917
0.193491
0.192964
0.192119
0.19124
0.190487
0.189324
0.188078
0.186397
0.184106
0.181296
0.1777
0.174192
0.169859
0.1649
0.159005
0.153533
0.147614
0.142428
0.13746
0.134798
0.134637
0.136975
0.140767
0.146838
0.155574
0.164776
0.177493
0.191678
0.208343
0.226676
0.247022
0.268737
0.291153
0.314761
0.33781
0.364508
0.203721
0.203419
0.203145
0.203971
0.204275
0.203599
0.203271
0.202868
0.202891
0.202974
0.203031
0.203619
0.203295
0.202898
0.203327
0.203372
0.202748
0.202779
0.202883
0.202999
0.203106
0.203159
0.203306
0.204058
0.203491
0.204108
0.203926
0.203341
0.204108
0.204247
0.204298
0.20361
0.203679
0.203224
0.202793
0.202538
0.202186
0.202003
0.201844
0.201071
0.200895
0.200452
0.200467
0.200834
0.200475
0.200836
0.200617
0.200381
0.200017
0.19973
0.19945
0.199111
0.198286
0.197546
0.197139
0.196724
0.196763
0.196613
0.196822
0.196117
0.196215
0.195356
0.195079
0.194256
0.193851
0.192991
0.1923
0.191912
0.191024
0.190082
0.189022
0.188186
0.186232
0.184069
0.180854
0.177487
0.172653
0.166848
0.160577
0.15343
0.146871
0.14072
0.136005
0.133555
0.133648
0.136576
0.142918
0.14923
0.157575
0.166098
0.178432
0.1918
0.208094
0.226532
0.246915
0.268528
0.291652
0.314368
0.338331
0.364357
)
;
    }
    frontAndBack_5
    {
        type            empty;
    }
    inlet_5
    {
        type            fixedValue;
        value           uniform 0.375;
    }
    outlet_5
    {
        type            zeroGradient;
    }
}


// ************************************************************************* //
