/*--------------------------------*- C++ -*----------------------------------*\
  =========                 |
  \\      /  F ield         | OpenFOAM: The Open Source CFD Toolbox
   \\    /   O peration     | Website:  https://openfoam.org
    \\  /    A nd           | Version:  6
     \\/     M anipulation  |
\*---------------------------------------------------------------------------*/
FoamFile
{
    version     2.0;
    format      ascii;
    class       volScalarField;
    location    "30";
    object      k;
}
// * * * * * * * * * * * * * * * * * * * * * * * * * * * * * * * * * * * * * //

dimensions      [0 2 -2 0 0 0 0];

internalField   nonuniform List<scalar> 
10000
(
0.208553
0.528419
0.48894
0.430938
0.377816
0.336944
0.30906
0.292117
0.282907
0.279308
0.279937
0.284652
0.295118
0.313003
0.340645
0.380595
0.432332
0.489165
0.52792
0.208594
0.208515
0.528269
0.488534
0.4305
0.377654
0.337185
0.309519
0.293347
0.284409
0.281096
0.281744
0.285349
0.296222
0.314053
0.341069
0.380532
0.431938
0.489015
0.527799
0.208564
0.208522
0.528259
0.488878
0.430819
0.377748
0.337142
0.309071
0.292176
0.283072
0.279853
0.280383
0.284763
0.29495
0.313471
0.340665
0.380363
0.432034
0.488746
0.527851
0.208511
0.208514
0.528276
0.488867
0.430752
0.377534
0.336996
0.309203
0.292249
0.28328
0.280951
0.28147
0.2856
0.294749
0.313007
0.340642
0.380343
0.432147
0.48906
0.52791
0.208583
0.208452
0.528171
0.488661
0.430523
0.377512
0.337146
0.30984
0.293202
0.283969
0.279123
0.279376
0.284045
0.29453
0.31355
0.340701
0.380227
0.432047
0.489108
0.528019
0.208651
0.208482
0.528074
0.488406
0.430153
0.377337
0.336964
0.308902
0.291962
0.282656
0.279056
0.279356
0.283986
0.294378
0.312587
0.340263
0.380081
0.431526
0.488673
0.528094
0.208698
0.208456
0.527921
0.488185
0.430012
0.377171
0.336726
0.308833
0.291954
0.282715
0.27911
0.27926
0.283991
0.294358
0.312707
0.340481
0.379894
0.43141
0.488716
0.528087
0.20867
0.208464
0.527857
0.488024
0.429513
0.376918
0.336479
0.308858
0.292238
0.282972
0.28042
0.279513
0.284068
0.294299
0.313089
0.340037
0.379575
0.431026
0.488598
0.52809
0.208679
0.2085
0.527815
0.487607
0.42927
0.376768
0.336734
0.309033
0.293404
0.282822
0.279044
0.279291
0.283905
0.294103
0.312045
0.339569
0.379296
0.430687
0.488098
0.528092
0.208586
0.208483
0.527829
0.487306
0.428879
0.376459
0.336375
0.308933
0.292638
0.282773
0.279428
0.279584
0.284002
0.294138
0.312594
0.33976
0.37914
0.430304
0.48778
0.527949
0.208479
0.208484
0.52786
0.487004
0.428466
0.376167
0.336604
0.309334
0.291867
0.282608
0.278932
0.280524
0.28403
0.293976
0.311545
0.339022
0.378767
0.429855
0.487352
0.527778
0.208331
0.208347
0.527655
0.486494
0.427877
0.375641
0.335812
0.30838
0.291978
0.283746
0.279168
0.279518
0.284261
0.294114
0.311408
0.338848
0.378364
0.429424
0.486983
0.527476
0.208079
0.208215
0.527392
0.485999
0.427504
0.37542
0.335427
0.308256
0.291966
0.28298
0.280188
0.281055
0.285907
0.294354
0.311442
0.33905
0.377942
0.428875
0.486421
0.527308
0.207938
0.208162
0.527284
0.485638
0.427029
0.375047
0.335364
0.308411
0.292494
0.283968
0.279016
0.280208
0.285532
0.294438
0.311362
0.338191
0.377486
0.428301
0.48587
0.527103
0.207756
0.207997
0.527081
0.485237
0.426649
0.374602
0.334628
0.308684
0.293557
0.283468
0.279096
0.27939
0.28546
0.295225
0.312184
0.338258
0.377347
0.427916
0.485477
0.526973
0.207617
0.2079
0.526885
0.484752
0.426087
0.37414
0.333796
0.307284
0.292468
0.284518
0.280165
0.279391
0.284397
0.293901
0.311389
0.338308
0.376827
0.427181
0.484813
0.526644
0.207389
0.207659
0.52652
0.484161
0.425435
0.373632
0.333481
0.306987
0.2914
0.28328
0.2788
0.279313
0.28527
0.293883
0.310632
0.337645
0.376323
0.426616
0.484392
0.52644
0.207236
0.207492
0.526239
0.483543
0.424694
0.373075
0.333162
0.306889
0.291205
0.282702
0.279875
0.279616
0.283979
0.293412
0.31072
0.33797
0.375771
0.425878
0.483674
0.526088
0.207009
0.207254
0.525912
0.482886
0.423985
0.372608
0.332993
0.30702
0.292478
0.284067
0.279387
0.280215
0.285159
0.293239
0.310467
0.337261
0.37506
0.425091
0.482978
0.525734
0.20674
0.207009
0.525564
0.482244
0.423374
0.372101
0.33279
0.30697
0.29211
0.283857
0.279524
0.281593
0.284477
0.293148
0.310238
0.336722
0.374214
0.424116
0.48207
0.525329
0.20645
0.206801
0.525231
0.481529
0.422586
0.371459
0.332547
0.306865
0.291606
0.283917
0.279637
0.280738
0.285159
0.293086
0.309633
0.335806
0.373262
0.423122
0.481256
0.52492
0.206145
0.206609
0.524967
0.480953
0.421911
0.370945
0.33248
0.30709
0.291799
0.283616
0.280337
0.279623
0.283784
0.293434
0.309204
0.334803
0.372248
0.422081
0.480433
0.524444
0.205833
0.206434
0.524716
0.480393
0.421247
0.370418
0.332599
0.307457
0.292349
0.284956
0.281066
0.280012
0.284012
0.29244
0.308278
0.333478
0.371234
0.421044
0.479528
0.523896
0.205478
0.206222
0.524454
0.479865
0.420607
0.369904
0.331994
0.308148
0.293278
0.284187
0.281165
0.280669
0.285279
0.292764
0.307357
0.332345
0.370314
0.420106
0.478807
0.52362
0.205293
0.206046
0.524194
0.479237
0.419936
0.369461
0.331862
0.307855
0.292703
0.285411
0.281817
0.280903
0.284233
0.292262
0.307366
0.331923
0.369553
0.419256
0.478072
0.523172
0.204996
0.205829
0.523926
0.478665
0.419299
0.368996
0.331751
0.307589
0.293786
0.285985
0.28265
0.282843
0.286043
0.292821
0.308206
0.331825
0.36874
0.41834
0.477364
0.522903
0.204824
0.205613
0.523634
0.477896
0.418517
0.368538
0.331922
0.308501
0.294324
0.286227
0.282804
0.283159
0.286324
0.29313
0.307221
0.331741
0.367963
0.417469
0.476545
0.522491
0.20451
0.205365
0.523328
0.477166
0.417666
0.367918
0.332171
0.308819
0.29539
0.287171
0.283735
0.284169
0.28692
0.294612
0.308037
0.330848
0.367181
0.416601
0.475789
0.522184
0.204282
0.205102
0.522954
0.476383
0.41686
0.367345
0.33197
0.309237
0.296277
0.289452
0.286325
0.285582
0.28784
0.295082
0.307987
0.330123
0.366477
0.415773
0.475031
0.521873
0.204051
0.204843
0.522603
0.475606
0.41597
0.3667
0.331775
0.309815
0.29712
0.290272
0.28728
0.287413
0.290067
0.296495
0.308392
0.33002
0.365922
0.414958
0.47428
0.521518
0.203817
0.204612
0.522313
0.474875
0.415189
0.366121
0.331407
0.310346
0.298412
0.291722
0.288845
0.288746
0.29138
0.297168
0.308471
0.329848
0.365233
0.414109
0.473547
0.521193
0.20363
0.20434
0.521952
0.474091
0.414359
0.365559
0.331113
0.310954
0.299328
0.293117
0.290514
0.290263
0.292438
0.298038
0.308761
0.329837
0.364645
0.413266
0.47282
0.52089
0.203441
0.204027
0.521509
0.47323
0.413492
0.365035
0.331252
0.311329
0.300417
0.294571
0.291783
0.291436
0.293509
0.29872
0.309176
0.330113
0.363934
0.412315
0.472
0.520629
0.203255
0.203716
0.521036
0.472345
0.412569
0.364379
0.330878
0.311255
0.30124
0.295763
0.293197
0.292752
0.294638
0.299765
0.310161
0.329788
0.363278
0.411376
0.471157
0.520278
0.202968
0.203399
0.520576
0.471405
0.411617
0.36383
0.331155
0.312355
0.30217
0.296777
0.29427
0.293885
0.295758
0.300642
0.310798
0.329505
0.362561
0.410318
0.470144
0.519756
0.202606
0.203066
0.520087
0.470392
0.410586
0.363109
0.330692
0.31284
0.303091
0.297929
0.295503
0.295081
0.296808
0.30153
0.311319
0.329558
0.361921
0.409253
0.469134
0.519196
0.202245
0.202784
0.519628
0.469377
0.409505
0.362427
0.330657
0.313337
0.303905
0.298968
0.296687
0.296316
0.297933
0.302424
0.311866
0.329823
0.36115
0.40808
0.467978
0.518571
0.201861
0.202485
0.519126
0.468381
0.408439
0.36172
0.330723
0.313787
0.304704
0.299992
0.297822
0.29745
0.298948
0.303206
0.312241
0.32928
0.360338
0.406924
0.466881
0.51793
0.201498
0.202231
0.518678
0.467377
0.407316
0.360896
0.330044
0.314054
0.305497
0.30107
0.29902
0.298657
0.300062
0.304074
0.312624
0.328774
0.359501
0.40573
0.465753
0.517349
0.201175
0.2019
0.518166
0.466287
0.406166
0.360183
0.329892
0.314027
0.306152
0.30202
0.300099
0.299758
0.30107
0.30487
0.313051
0.32873
0.358815
0.404627
0.464685
0.516862
0.200882
0.201558
0.517649
0.465138
0.404955
0.359334
0.32991
0.313325
0.306655
0.302897
0.301126
0.300807
0.302039
0.305618
0.313379
0.328821
0.35806
0.4035
0.463589
0.516351
0.200566
0.201145
0.517034
0.463847
0.40363
0.358327
0.328858
0.31296
0.306965
0.303631
0.302098
0.301859
0.303022
0.306384
0.313726
0.328293
0.357336
0.402407
0.462504
0.515861
0.200305
0.200725
0.516364
0.462569
0.402309
0.357302
0.32786
0.313092
0.307023
0.304147
0.302893
0.302759
0.303877
0.307037
0.314036
0.328459
0.356719
0.401339
0.461489
0.515351
0.200043
0.200319
0.515655
0.461223
0.400891
0.356166
0.326348
0.310954
0.306028
0.304293
0.303504
0.303512
0.304517
0.307331
0.313769
0.327909
0.355871
0.400162
0.460418
0.514866
0.199804
0.199917
0.514954
0.459879
0.399431
0.355026
0.325952
0.310346
0.304516
0.303836
0.303663
0.303858
0.304713
0.30703
0.312918
0.328045
0.355075
0.398958
0.459291
0.51441
0.199536
0.199526
0.51424
0.458464
0.397872
0.353714
0.325984
0.310009
0.304941
0.302621
0.303052
0.303547
0.304102
0.305812
0.313048
0.327233
0.353997
0.397572
0.458003
0.513888
0.199223
0.199174
0.513614
0.457039
0.396256
0.352215
0.324169
0.308737
0.30264
0.30147
0.301245
0.302095
0.302403
0.30503
0.311289
0.326012
0.352851
0.396141
0.456667
0.513337
0.198888
0.198759
0.512884
0.455524
0.394565
0.350778
0.32308
0.308651
0.302618
0.303156
0.300778
0.30092
0.302111
0.30587
0.311238
0.324658
0.351634
0.39459
0.455196
0.512642
0.198473
0.19838
0.512197
0.453993
0.392794
0.349214
0.32214
0.309481
0.302332
0.300757
0.301164
0.30191
0.302827
0.303886
0.311529
0.323227
0.350312
0.392918
0.453648
0.511902
0.198061
0.197927
0.511423
0.452375
0.390971
0.347581
0.322107
0.307504
0.301484
0.298122
0.297815
0.298511
0.299927
0.30311
0.310024
0.322532
0.348984
0.391187
0.452014
0.51111
0.197587
0.197513
0.510663
0.450672
0.389053
0.34556
0.319294
0.305404
0.301656
0.298063
0.297753
0.298398
0.299789
0.303654
0.309228
0.32221
0.347516
0.3893
0.450241
0.510286
0.197089
0.197051
0.509876
0.448905
0.387132
0.343841
0.317751
0.304597
0.301096
0.298076
0.298484
0.299263
0.300434
0.30142
0.306796
0.32004
0.345889
0.387352
0.44836
0.509417
0.196528
0.196548
0.508984
0.446997
0.385095
0.342112
0.318283
0.304286
0.300181
0.298408
0.296552
0.29613
0.298377
0.302162
0.306929
0.3198
0.344546
0.385277
0.446307
0.508441
0.195915
0.196034
0.508117
0.445029
0.383044
0.340462
0.316202
0.303677
0.298232
0.297379
0.297488
0.296105
0.298771
0.301279
0.307512
0.317566
0.342697
0.383006
0.444115
0.507329
0.19523
0.195364
0.507052
0.442736
0.380809
0.339946
0.317566
0.304099
0.299149
0.296444
0.296399
0.2957
0.297313
0.299274
0.305422
0.316367
0.341014
0.380553
0.441718
0.506068
0.194463
0.194614
0.505862
0.440197
0.378097
0.338093
0.315338
0.30442
0.297584
0.296837
0.295482
0.295497
0.296039
0.298159
0.303737
0.315956
0.339085
0.377861
0.439094
0.504664
0.193595
0.193669
0.504347
0.437315
0.375121
0.335484
0.313301
0.302261
0.297283
0.296153
0.296136
0.29628
0.296594
0.299522
0.302985
0.316709
0.337077
0.374981
0.436232
0.503131
0.192628
0.192629
0.502664
0.434177
0.371937
0.333263
0.311936
0.301298
0.299242
0.298824
0.297486
0.297158
0.297125
0.298337
0.30233
0.314678
0.334629
0.371854
0.433078
0.501366
0.191513
0.191397
0.500735
0.430705
0.368458
0.330638
0.310406
0.301693
0.299018
0.299122
0.300339
0.300395
0.299986
0.299071
0.302132
0.313247
0.332139
0.368483
0.429649
0.49939
0.190286
0.190053
0.498642
0.427024
0.364891
0.32809
0.308757
0.301394
0.299927
0.30032
0.301448
0.301433
0.301061
0.301224
0.302622
0.312003
0.329628
0.36505
0.426092
0.497303
0.188988
0.18852
0.496286
0.423083
0.361279
0.325822
0.308067
0.303563
0.303057
0.303871
0.304332
0.303656
0.302837
0.30225
0.303896
0.310719
0.327056
0.36149
0.422304
0.495011
0.187556
0.186868
0.493721
0.418972
0.357686
0.323767
0.308747
0.304999
0.304499
0.305239
0.306141
0.306291
0.305279
0.303397
0.304088
0.309436
0.324603
0.357946
0.4184
0.492558
0.186034
0.185036
0.490876
0.414737
0.354194
0.321745
0.308197
0.306084
0.307
0.308289
0.308718
0.308349
0.307171
0.305497
0.305047
0.308899
0.322563
0.354551
0.414426
0.489925
0.184389
0.183044
0.487772
0.410351
0.350866
0.320142
0.30863
0.30745
0.308572
0.30999
0.310641
0.310553
0.309303
0.307187
0.306186
0.308434
0.320542
0.351165
0.410306
0.487125
0.182614
0.18089
0.484485
0.40587
0.347745
0.318854
0.310211
0.309198
0.310639
0.312153
0.312882
0.312712
0.311602
0.309713
0.307576
0.308452
0.318989
0.348074
0.406126
0.484122
0.180679
0.178496
0.480807
0.401154
0.344693
0.317723
0.310856
0.31084
0.312639
0.314347
0.315211
0.315047
0.313795
0.311814
0.309982
0.310196
0.318006
0.34523
0.401817
0.480804
0.178557
0.175987
0.476879
0.396385
0.341947
0.317643
0.312052
0.312478
0.314667
0.316631
0.317654
0.31751
0.316187
0.313956
0.311592
0.311155
0.317313
0.342553
0.397438
0.477263
0.176308
0.173286
0.472515
0.391473
0.339209
0.317698
0.313293
0.314379
0.316787
0.318816
0.319872
0.319794
0.318574
0.31641
0.313962
0.312963
0.317471
0.34017
0.392924
0.473337
0.173832
0.170575
0.467913
0.386676
0.336714
0.318098
0.314557
0.316148
0.318821
0.321011
0.322165
0.322115
0.32087
0.3186
0.315889
0.314244
0.317697
0.337761
0.388353
0.46918
0.171321
0.167914
0.463213
0.382105
0.33451
0.317785
0.315654
0.317837
0.320725
0.322979
0.324165
0.324162
0.32297
0.32074
0.317921
0.31592
0.31813
0.335838
0.383868
0.464657
0.168686
0.165412
0.458584
0.377932
0.332896
0.318021
0.31704
0.319619
0.322646
0.324966
0.326191
0.326206
0.325019
0.322751
0.319782
0.317272
0.31854
0.333973
0.379534
0.460089
0.166228
0.163145
0.45408
0.374193
0.331893
0.319208
0.31871
0.321515
0.324586
0.326883
0.32809
0.328124
0.326977
0.324739
0.321738
0.319051
0.319743
0.332811
0.375568
0.455419
0.16381
0.161164
0.449742
0.370894
0.331355
0.320463
0.320434
0.323364
0.326443
0.32873
0.32994
0.329997
0.328895
0.326703
0.323691
0.320804
0.320889
0.331965
0.371941
0.450915
0.16171
0.159469
0.445502
0.367888
0.331073
0.321511
0.322075
0.325184
0.328271
0.330522
0.331706
0.331768
0.330698
0.32854
0.32551
0.322409
0.321815
0.331388
0.368555
0.446331
0.159713
0.158031
0.441352
0.365164
0.331126
0.322724
0.323769
0.327018
0.330109
0.332334
0.333501
0.333572
0.332539
0.33043
0.327424
0.324215
0.323128
0.331084
0.365545
0.441878
0.15804
0.156677
0.437022
0.362413
0.330542
0.323855
0.325468
0.328872
0.331966
0.334153
0.335291
0.335356
0.33434
0.332248
0.329207
0.325795
0.324144
0.330973
0.362557
0.437215
0.156371
0.155228
0.43235
0.359636
0.3305
0.325143
0.327246
0.330782
0.333878
0.336036
0.337151
0.337212
0.336216
0.334155
0.331119
0.327577
0.325376
0.330501
0.35963
0.432426
0.154826
0.1534
0.42709
0.356583
0.330172
0.326326
0.328997
0.332706
0.335824
0.337958
0.339047
0.339096
0.338101
0.336043
0.332972
0.32926
0.326521
0.330206
0.356488
0.427031
0.153065
0.15142
0.421105
0.353308
0.329909
0.327628
0.330859
0.334723
0.337849
0.339951
0.341012
0.34105
0.340063
0.33802
0.334929
0.331058
0.327758
0.329896
0.353164
0.420992
0.151213
0.149445
0.414238
0.349772
0.329766
0.329027
0.332814
0.336823
0.339945
0.342005
0.34303
0.343056
0.342083
0.340066
0.33697
0.332958
0.329123
0.329751
0.349641
0.414067
0.149151
0.147224
0.406453
0.346089
0.329753
0.330594
0.334935
0.339062
0.342159
0.344162
0.345144
0.345161
0.344211
0.342235
0.339153
0.335024
0.330645
0.32973
0.345949
0.40626
0.147068
0.145164
0.397805
0.342433
0.330007
0.33239
0.337233
0.341436
0.34448
0.346409
0.347343
0.347352
0.346437
0.344525
0.341492
0.337293
0.332433
0.33
0.342345
0.397656
0.145103
0.143645
0.388559
0.339096
0.33071
0.334537
0.339757
0.34396
0.346901
0.348729
0.349601
0.349606
0.348741
0.346922
0.343985
0.339784
0.334554
0.3307
0.339044
0.388434
0.143589
0.14286
0.378838
0.336207
0.331864
0.336985
0.342466
0.346594
0.349385
0.351085
0.351886
0.351888
0.351089
0.349394
0.346605
0.342479
0.336994
0.331864
0.336206
0.378771
0.142852
0.142701
0.36909
0.334236
0.333648
0.339813
0.345379
0.349325
0.351904
0.353442
0.354158
0.354159
0.353443
0.351907
0.349328
0.345382
0.339814
0.333646
0.33424
0.369086
0.142695
0.144079
0.359604
0.333314
0.335977
0.342963
0.348435
0.352097
0.354406
0.355751
0.356368
0.356368
0.355749
0.354404
0.352095
0.348431
0.342957
0.335972
0.333324
0.359627
0.144073
0.14677
0.350766
0.333069
0.338927
0.346406
0.351603
0.354874
0.356853
0.357973
0.358478
0.358477
0.357971
0.35685
0.35487
0.351597
0.346402
0.338928
0.33308
0.350809
0.146769
0.151383
0.343054
0.334231
0.342619
0.350138
0.354839
0.357608
0.359201
0.360069
0.36045
0.360449
0.360066
0.359196
0.357602
0.354831
0.350133
0.34262
0.334229
0.343089
0.151379
0.157813
0.336787
0.336722
0.346942
0.354082
0.358084
0.360256
0.361418
0.362011
0.362261
0.36226
0.362009
0.361413
0.360252
0.358081
0.354086
0.346958
0.336735
0.336805
0.157799
0.166552
0.333124
0.340802
0.351949
0.358197
0.361293
0.362781
0.363475
0.36378
0.363893
0.363892
0.363779
0.363472
0.362779
0.361293
0.358202
0.35196
0.340816
0.333137
0.166552
0.177375
0.331672
0.346325
0.357327
0.362356
0.364401
0.365145
0.36535
0.365362
0.365337
0.365337
0.365361
0.36535
0.365145
0.364405
0.362363
0.357337
0.346336
0.331684
0.177357
0.190796
0.331982
0.3534
0.363203
0.366541
0.367365
0.367312
0.367021
0.366745
0.366588
0.366588
0.366745
0.367022
0.367313
0.367368
0.366544
0.363207
0.353405
0.331981
0.190795
0.206986
0.33847
0.362299
0.36933
0.370556
0.370067
0.36922
0.36846
0.367923
0.367648
0.367648
0.367922
0.368459
0.36922
0.370068
0.370558
0.369336
0.362312
0.33848
0.206965
0.225166
0.347953
0.372143
0.375376
0.374231
0.372399
0.370812
0.369649
0.368903
0.368539
0.368539
0.368901
0.369647
0.370809
0.372397
0.374231
0.37538
0.372152
0.347962
0.225164
0.245931
0.363685
0.383371
0.381203
0.377374
0.374238
0.372027
0.370583
0.369714
0.369305
0.369305
0.369712
0.37058
0.372024
0.374235
0.377376
0.381212
0.383389
0.363687
0.245908
0.267921
0.384134
0.394787
0.385988
0.379343
0.375305
0.372815
0.371296
0.370424
0.370026
0.370025
0.370422
0.371294
0.372812
0.375302
0.379343
0.385993
0.394803
0.384133
0.267913
0.291299
0.41012
0.40464
0.388342
0.380082
0.375745
0.373315
0.371908
0.371141
0.370805
0.370805
0.37114
0.371906
0.373312
0.375743
0.380082
0.388346
0.404653
0.410127
0.291293
0.314372
0.434472
0.408926
0.388845
0.380084
0.375809
0.373632
0.372512
0.371958
0.371733
0.371733
0.371959
0.372512
0.373631
0.375809
0.380082
0.388849
0.408935
0.434471
0.314359
0.338058
0.444943
0.406815
0.385643
0.378093
0.375063
0.373776
0.373204
0.372963
0.372877
0.372877
0.372964
0.373206
0.373778
0.375064
0.378094
0.385644
0.406818
0.444936
0.33807
0.364363
0.42146
0.386482
0.377505
0.375378
0.374627
0.374348
0.374272
0.374255
0.374253
0.374253
0.374255
0.374272
0.374348
0.374627
0.375378
0.377505
0.386483
0.421464
0.36436
0.615038
1.1916
1.0619
0.86915
0.690979
0.560367
0.478693
0.432709
0.40758
0.3965
0.396168
0.407238
0.43268
0.481337
0.567232
0.699685
0.873777
1.05974
1.18835
0.612555
0.613774
1.18958
1.05624
0.86065
0.684452
0.555287
0.476407
0.432535
0.407722
0.396734
0.396234
0.407472
0.431919
0.47842
0.561967
0.69247
0.866451
1.05341
1.18671
0.611623
0.612884
1.18975
1.05637
0.859325
0.681713
0.553512
0.475342
0.431492
0.407969
0.397165
0.396155
0.406735
0.431332
0.477588
0.561535
0.692992
0.867906
1.0559
1.18782
0.609948
0.610321
1.18802
1.05208
0.856219
0.679564
0.551118
0.473851
0.430784
0.407295
0.39669
0.396302
0.406862
0.430704
0.476436
0.558744
0.686723
0.86553
1.05311
1.18728
0.611326
0.609225
1.18731
1.05116
0.85627
0.679375
0.549864
0.472871
0.429859
0.406152
0.395714
0.395024
0.40588
0.43006
0.475446
0.557661
0.685616
0.862641
1.05293
1.18498
0.608868
0.607489
1.18537
1.04938
0.857877
0.681351
0.548359
0.471709
0.429047
0.404794
0.394497
0.394634
0.405131
0.429369
0.474048
0.554698
0.681687
0.855718
1.05034
1.18549
0.609557
0.605345
1.18365
1.04592
0.85167
0.678926
0.547035
0.470793
0.428384
0.403725
0.393396
0.393421
0.404326
0.428765
0.472857
0.552643
0.679422
0.853034
1.04846
1.1839
0.608584
0.602844
1.18221
1.04318
0.853142
0.675842
0.545133
0.46956
0.427745
0.40356
0.39384
0.393508
0.404348
0.428187
0.471564
0.549519
0.673764
0.845404
1.04175
1.1816
0.60558
0.601208
1.17978
1.03861
0.845582
0.672483
0.543547
0.468447
0.42701
0.403045
0.392946
0.393684
0.403936
0.427414
0.470057
0.546998
0.670325
0.84247
1.04032
1.1797
0.60474
0.598775
1.17692
1.03408
0.839091
0.665347
0.540941
0.467141
0.426243
0.402876
0.392874
0.392798
0.403476
0.426709
0.46856
0.544042
0.666468
0.836684
1.03591
1.1787
0.603237
0.597249
1.17498
1.02946
0.83495
0.662639
0.539112
0.466092
0.425439
0.402776
0.393357
0.392698
0.402931
0.425853
0.466875
0.540846
0.663027
0.834236
1.03479
1.17825
0.602601
0.594988
1.17258
1.02467
0.829702
0.657919
0.537143
0.464943
0.424755
0.401576
0.392102
0.392244
0.402345
0.42516
0.465536
0.538706
0.659874
0.830967
1.03302
1.17804
0.60159
0.59257
1.1698
1.02032
0.82386
0.653594
0.534824
0.463642
0.424224
0.401514
0.392651
0.392629
0.402622
0.424499
0.46419
0.536379
0.656468
0.828642
1.03369
1.17742
0.600896
0.590909
1.16785
1.01544
0.818392
0.649354
0.532079
0.462161
0.423584
0.401388
0.391776
0.391177
0.401615
0.423652
0.462934
0.534284
0.653236
0.824982
1.02911
1.17451
0.599577
0.588694
1.16539
1.01212
0.814392
0.644932
0.529023
0.460533
0.422524
0.401664
0.390821
0.390675
0.401828
0.422836
0.461436
0.531803
0.64992
0.821848
1.02618
1.17419
0.598481
0.586718
1.16281
1.00714
0.808698
0.641423
0.526494
0.459084
0.421521
0.400554
0.389902
0.389982
0.40029
0.421913
0.460126
0.529421
0.64636
0.817856
1.02056
1.17182
0.59676
0.584593
1.16064
1.00348
0.804252
0.636928
0.524187
0.457882
0.420391
0.399344
0.389585
0.389709
0.399094
0.421047
0.458535
0.52673
0.642852
0.813977
1.01739
1.17027
0.595141
0.58258
1.15868
0.999324
0.799656
0.633439
0.521993
0.456589
0.419452
0.398194
0.389369
0.389582
0.398458
0.420352
0.457222
0.524259
0.639239
0.810501
1.01456
1.16915
0.593783
0.579999
1.15541
0.994651
0.794675
0.629438
0.519506
0.455267
0.418536
0.398086
0.389506
0.390153
0.398186
0.419495
0.455839
0.522109
0.63583
0.806019
1.01055
1.1676
0.591714
0.577745
1.15206
0.989408
0.789525
0.625629
0.517151
0.454078
0.417893
0.39801
0.389946
0.389039
0.397718
0.41858
0.454453
0.519703
0.632199
0.801753
1.00667
1.16465
0.590088
0.576832
1.14976
0.98465
0.783452
0.62111
0.51462
0.452859
0.417852
0.398042
0.389024
0.388812
0.397503
0.41769
0.453189
0.517576
0.628851
0.796964
1.00172
1.1624
0.58779
0.577893
1.14987
0.980578
0.778505
0.617194
0.512333
0.451566
0.416728
0.398502
0.388968
0.388856
0.397526
0.41682
0.451986
0.515309
0.624949
0.792272
0.997931
1.161
0.585584
0.577453
1.15079
0.978193
0.773288
0.613219
0.510273
0.450496
0.415321
0.397201
0.388995
0.388915
0.396552
0.415911
0.45093
0.513421
0.621756
0.78774
0.993141
1.15859
0.583436
0.576499
1.15014
0.978754
0.769482
0.610168
0.508485
0.449531
0.414318
0.396529
0.389238
0.389248
0.396532
0.415048
0.449888
0.511309
0.618146
0.783455
0.98978
1.15656
0.581634
0.573301
1.14872
0.977925
0.766028
0.607102
0.506708
0.448734
0.414099
0.396693
0.389538
0.390107
0.396652
0.414385
0.448973
0.509397
0.614763
0.778785
0.98517
1.15484
0.579501
0.57236
1.1474
0.975572
0.762651
0.604567
0.505199
0.447872
0.413861
0.396938
0.390388
0.389312
0.396998
0.414342
0.448079
0.507474
0.611633
0.77507
0.982221
1.15333
0.577568
0.57018
1.14281
0.968584
0.758946
0.60197
0.503761
0.44719
0.413648
0.39734
0.390216
0.38934
0.396239
0.414481
0.447109
0.505488
0.60838
0.770802
0.977979
1.15184
0.575814
0.568338
1.1415
0.963879
0.755912
0.599991
0.502467
0.446369
0.413307
0.397173
0.390661
0.389417
0.396112
0.4138
0.446176
0.50369
0.605428
0.767245
0.975045
1.15039
0.574111
0.566147
1.13831
0.960151
0.752122
0.597438
0.501061
0.445629
0.413047
0.396441
0.390598
0.389556
0.39602
0.413089
0.445146
0.501774
0.60217
0.762687
0.970653
1.14826
0.571588
0.56409
1.13644
0.954541
0.748853
0.595442
0.49984
0.444816
0.412822
0.396343
0.390504
0.38963
0.395879
0.41241
0.444269
0.499994
0.598973
0.758056
0.966108
1.14558
0.56903
0.562518
1.13457
0.951403
0.74552
0.593129
0.498544
0.444144
0.412764
0.396275
0.390085
0.389876
0.395949
0.412249
0.44331
0.497967
0.595268
0.752446
0.960593
1.14188
0.565873
0.560241
1.13214
0.947583
0.742442
0.590938
0.497237
0.443427
0.412986
0.396255
0.390901
0.390734
0.396081
0.411824
0.442364
0.495997
0.591812
0.747639
0.955511
1.13873
0.563229
0.55874
1.13017
0.943865
0.738868
0.588459
0.495875
0.442692
0.412154
0.396018
0.389783
0.389745
0.396406
0.411524
0.441409
0.493993
0.588347
0.742857
0.951168
1.1363
0.561018
0.556327
1.12753
0.939422
0.735069
0.585963
0.494447
0.441892
0.412077
0.39592
0.390519
0.390472
0.39576
0.411016
0.440333
0.491946
0.584813
0.737877
0.946032
1.13416
0.558764
0.554235
1.12466
0.935102
0.731163
0.583298
0.492999
0.440945
0.411689
0.395743
0.389461
0.389655
0.395981
0.410592
0.439256
0.489772
0.581111
0.732856
0.941483
1.13143
0.556122
0.551722
1.12182
0.930434
0.727209
0.580674
0.491563
0.440278
0.411406
0.395729
0.389427
0.389121
0.394791
0.409667
0.43804
0.487664
0.577611
0.728101
0.936314
1.12876
0.553609
0.549519
1.11883
0.926171
0.723204
0.577813
0.489946
0.439987
0.411101
0.395755
0.389616
0.389307
0.394566
0.408717
0.43688
0.485483
0.57378
0.722593
0.931228
1.12571
0.550945
0.547585
1.11663
0.92164
0.718936
0.574888
0.488169
0.438519
0.410013
0.395675
0.389972
0.390202
0.39462
0.408621
0.435732
0.483402
0.570386
0.717894
0.925923
1.12291
0.548119
0.545757
1.11456
0.917313
0.714628
0.571842
0.486443
0.437691
0.40939
0.39627
0.390933
0.389861
0.394419
0.408802
0.43451
0.481175
0.566598
0.712466
0.920588
1.11982
0.545424
0.544137
1.11301
0.913002
0.710197
0.568725
0.484555
0.436416
0.408553
0.3954
0.39026
0.389141
0.394269
0.408199
0.433162
0.478782
0.562658
0.706991
0.914989
1.11707
0.542684
0.542474
1.11087
0.909077
0.706196
0.565794
0.48269
0.434862
0.408263
0.395888
0.389642
0.389219
0.394468
0.407403
0.431691
0.476348
0.558672
0.701319
0.909281
1.11416
0.54022
0.540826
1.10854
0.904763
0.701775
0.56265
0.480891
0.43377
0.407956
0.394938
0.389674
0.388882
0.393117
0.405947
0.429977
0.473595
0.554111
0.694935
0.902993
1.1109
0.537245
0.539094
1.10609
0.900568
0.697758
0.559728
0.479086
0.432814
0.408034
0.395035
0.390879
0.38997
0.393082
0.404129
0.428299
0.470926
0.549813
0.688872
0.896636
1.10771
0.534692
0.537613
1.1043
0.896268
0.693344
0.556535
0.477064
0.431161
0.408721
0.39493
0.390289
0.389222
0.391633
0.402062
0.426418
0.467877
0.544958
0.682322
0.890347
1.10465
0.531752
0.535333
1.10107
0.891474
0.68896
0.553404
0.475137
0.43006
0.407338
0.394711
0.38944
0.388501
0.391344
0.401405
0.424758
0.464904
0.540205
0.675664
0.883535
1.10155
0.528966
0.533382
1.09876
0.886699
0.684251
0.549983
0.473033
0.429656
0.405933
0.394953
0.388772
0.389103
0.391096
0.400801
0.422742
0.461734
0.535288
0.669067
0.877051
1.0984
0.525842
0.530979
1.0955
0.88138
0.679222
0.546394
0.470852
0.429968
0.404765
0.393172
0.388202
0.387441
0.390801
0.400508
0.421003
0.45868
0.530326
0.662095
0.869994
1.09495
0.522551
0.528568
1.09238
0.87597
0.674019
0.542663
0.468467
0.428129
0.404343
0.393081
0.388215
0.387398
0.390741
0.400721
0.418999
0.455474
0.52521
0.655064
0.862714
1.09096
0.51872
0.526125
1.08932
0.870483
0.668526
0.538692
0.46609
0.426882
0.404042
0.393028
0.388157
0.387319
0.390137
0.398858
0.41709
0.452239
0.519803
0.647448
0.854994
1.08693
0.514965
0.523264
1.08591
0.864426
0.662755
0.534577
0.463644
0.42558
0.404078
0.393877
0.388406
0.387585
0.390246
0.397659
0.415353
0.448969
0.51428
0.639682
0.846721
1.08192
0.510564
0.520824
1.0831
0.858491
0.656682
0.530148
0.461005
0.424
0.404547
0.392948
0.388349
0.387912
0.391104
0.397337
0.413858
0.445616
0.508519
0.631651
0.838463
1.07718
0.506456
0.517585
1.07933
0.851857
0.650305
0.525608
0.458352
0.422215
0.403655
0.393401
0.388551
0.388933
0.389755
0.39571
0.412131
0.441943
0.502345
0.623042
0.829284
1.07129
0.501771
0.514622
1.07574
0.845379
0.643824
0.52087
0.455547
0.419958
0.402957
0.392185
0.388339
0.388379
0.390516
0.395508
0.410979
0.438149
0.496073
0.614387
0.820287
1.06624
0.497787
0.511415
1.07204
0.838397
0.636983
0.51597
0.452745
0.417954
0.402373
0.392054
0.38919
0.387612
0.389291
0.395282
0.407799
0.433778
0.489462
0.605303
0.810736
1.06051
0.493408
0.508353
1.0688
0.83139
0.630007
0.510979
0.449957
0.417545
0.401726
0.391642
0.388597
0.388471
0.390056
0.393281
0.405873
0.429957
0.483162
0.596506
0.801503
1.05536
0.489612
0.505078
1.06512
0.823621
0.62251
0.505773
0.446943
0.417911
0.400327
0.391409
0.38803
0.387371
0.388483
0.391164
0.403142
0.425736
0.47663
0.587404
0.792162
1.05067
0.485947
0.502005
1.06198
0.815833
0.61483
0.500425
0.443652
0.415333
0.398884
0.391477
0.387307
0.38665
0.387669
0.390027
0.401285
0.422101
0.470508
0.578574
0.782946
1.04626
0.482362
0.498378
1.05799
0.807053
0.606547
0.49484
0.440276
0.413619
0.398513
0.391239
0.386853
0.385194
0.386099
0.388423
0.399011
0.418301
0.464343
0.569548
0.773468
1.04212
0.478617
0.494757
1.05445
0.797864
0.597838
0.489126
0.436955
0.411683
0.397173
0.389812
0.385497
0.383702
0.384823
0.388124
0.397039
0.414939
0.458714
0.560838
0.763791
1.03758
0.474247
0.489766
1.04946
0.786976
0.588176
0.483008
0.433185
0.409488
0.395197
0.388707
0.386255
0.383682
0.385177
0.38892
0.394915
0.411708
0.45314
0.551754
0.753258
1.03246
0.469115
0.484326
1.04425
0.775136
0.577816
0.476775
0.429496
0.407475
0.394869
0.387744
0.385167
0.383217
0.383356
0.386546
0.392548
0.408749
0.447855
0.542685
0.742028
1.02645
0.4629
0.476954
1.03718
0.76146
0.566437
0.470176
0.425626
0.405016
0.39317
0.387546
0.386094
0.38331
0.38333
0.385275
0.3904
0.405936
0.442499
0.533096
0.729593
1.01922
0.455474
0.46802
1.02846
0.745939
0.553946
0.463076
0.421725
0.402942
0.392231
0.38722
0.384695
0.383154
0.382197
0.383417
0.388075
0.40331
0.43714
0.523025
0.715715
1.01027
0.44643
0.456972
1.01753
0.72873
0.540805
0.455595
0.417374
0.40086
0.392251
0.3875
0.385054
0.383667
0.382443
0.382392
0.386415
0.400827
0.43168
0.512468
0.700445
0.999627
0.43604
0.443753
1.00382
0.709573
0.527044
0.447895
0.412381
0.398588
0.39316
0.388465
0.385629
0.38503
0.3829
0.382731
0.386445
0.398822
0.426443
0.501605
0.683647
0.986357
0.423762
0.4289
0.987836
0.689265
0.513479
0.440781
0.408736
0.396376
0.391271
0.387851
0.386429
0.384274
0.383917
0.38383
0.386937
0.396629
0.421303
0.490765
0.666092
0.971622
0.410716
0.412323
0.969057
0.667522
0.49989
0.433994
0.406435
0.394727
0.389968
0.387194
0.386014
0.384878
0.383333
0.382874
0.386661
0.394886
0.416742
0.480195
0.647708
0.954735
0.396218
0.39504
0.948234
0.645561
0.48697
0.427424
0.4014
0.392287
0.388703
0.387486
0.385433
0.384077
0.38406
0.382916
0.385295
0.39301
0.412448
0.469927
0.628722
0.935781
0.38101
0.377163
0.925644
0.623553
0.474828
0.42235
0.400615
0.392708
0.389314
0.387146
0.386043
0.384015
0.383041
0.383411
0.384041
0.391486
0.408591
0.460159
0.609747
0.915544
0.36551
0.359149
0.90149
0.601915
0.463385
0.416806
0.400164
0.390969
0.388451
0.386452
0.384914
0.383893
0.383615
0.382568
0.383911
0.390193
0.40497
0.450742
0.590387
0.892893
0.34935
0.341729
0.876745
0.581468
0.453295
0.412548
0.398494
0.390577
0.387647
0.38545
0.385222
0.384337
0.382879
0.382506
0.38461
0.38877
0.401405
0.441832
0.571662
0.869608
0.333811
0.324371
0.850496
0.561354
0.443337
0.407488
0.395731
0.3906
0.386468
0.384976
0.383789
0.38304
0.383077
0.382272
0.382869
0.387074
0.397824
0.433211
0.552864
0.844105
0.31791
0.308584
0.824312
0.543071
0.435013
0.403517
0.393394
0.38884
0.386062
0.384945
0.383174
0.3823
0.38181
0.380449
0.38153
0.385401
0.394413
0.425317
0.535242
0.818649
0.303552
0.293038
0.796288
0.524439
0.426123
0.398741
0.390332
0.387157
0.385877
0.384737
0.382585
0.381822
0.381865
0.380041
0.381621
0.383996
0.391275
0.417939
0.518077
0.791751
0.289814
0.280114
0.768627
0.507772
0.418735
0.394642
0.387048
0.384136
0.382497
0.381602
0.381286
0.381003
0.380541
0.379201
0.37998
0.381834
0.387877
0.411219
0.502477
0.765204
0.278381
0.268648
0.739938
0.491189
0.410926
0.390081
0.383505
0.380791
0.379449
0.378642
0.378132
0.377892
0.377905
0.378248
0.378486
0.379971
0.385176
0.405776
0.488469
0.73904
0.269118
0.260626
0.712419
0.476951
0.404822
0.38641
0.380577
0.378104
0.376764
0.375998
0.375608
0.37549
0.37558
0.375844
0.376486
0.377806
0.382565
0.401052
0.475811
0.71349
0.262043
0.256519
0.685939
0.463892
0.399226
0.383107
0.378049
0.375888
0.374728
0.374057
0.373717
0.373637
0.373776
0.374114
0.374728
0.376273
0.380899
0.397663
0.464934
0.68911
0.257435
0.2512
0.660833
0.453114
0.395287
0.38088
0.376231
0.374194
0.373085
0.372451
0.372155
0.372139
0.37237
0.372844
0.373656
0.375259
0.379652
0.394867
0.454938
0.664751
0.252074
0.245946
0.63702
0.444036
0.392383
0.379482
0.375178
0.37324
0.372144
0.371496
0.371192
0.371199
0.371493
0.372052
0.372932
0.374608
0.378943
0.392767
0.44597
0.640606
0.247299
0.24281
0.613483
0.436339
0.390722
0.378848
0.374621
0.372697
0.371567
0.370884
0.370561
0.370586
0.370939
0.371607
0.372608
0.374388
0.378756
0.391188
0.437772
0.61631
0.243987
0.239907
0.590071
0.429634
0.390024
0.37898
0.374745
0.37275
0.371471
0.370683
0.37031
0.370341
0.370766
0.371607
0.372881
0.375296
0.37957
0.39014
0.430025
0.591072
0.240421
0.238092
0.565518
0.423178
0.389747
0.380051
0.375857
0.373256
0.37167
0.370717
0.370268
0.370276
0.370749
0.371731
0.373335
0.375925
0.38008
0.389767
0.423361
0.566086
0.238315
0.237295
0.541405
0.417681
0.389647
0.381247
0.3771
0.37441
0.3725
0.371313
0.370751
0.370747
0.371328
0.372537
0.374486
0.377241
0.381397
0.389656
0.417588
0.541246
0.237271
0.237203
0.517426
0.41277
0.389986
0.382433
0.378122
0.375143
0.373059
0.371716
0.371049
0.371066
0.371724
0.373037
0.375054
0.377986
0.3823
0.389977
0.41287
0.517521
0.237163
0.239682
0.495821
0.409392
0.390841
0.383579
0.379028
0.375786
0.373499
0.372027
0.371297
0.371293
0.372021
0.37351
0.375834
0.379094
0.383666
0.390929
0.409438
0.495764
0.239583
0.242575
0.47572
0.407554
0.391976
0.384774
0.379864
0.37632
0.373829
0.372231
0.371448
0.371443
0.372221
0.373809
0.376307
0.379869
0.384805
0.392031
0.407609
0.47574
0.242572
0.248234
0.458877
0.406906
0.393482
0.386016
0.380656
0.376783
0.374087
0.372368
0.371529
0.371524
0.372357
0.374076
0.376776
0.380647
0.386015
0.393513
0.406954
0.458991
0.248128
0.254226
0.44486
0.40729
0.395338
0.387281
0.381358
0.377136
0.374234
0.372431
0.371569
0.371568
0.372431
0.374234
0.377138
0.381368
0.3873
0.395371
0.40734
0.444857
0.254167
0.26277
0.434537
0.409557
0.397479
0.388463
0.381917
0.377337
0.374295
0.37245
0.371576
0.371574
0.372447
0.374291
0.377334
0.381918
0.388465
0.39749
0.409578
0.434593
0.262708
0.271742
0.429032
0.412813
0.39969
0.389507
0.382265
0.37741
0.374301
0.372435
0.371559
0.371558
0.372431
0.374298
0.377408
0.382268
0.389519
0.399713
0.412845
0.429051
0.271661
0.282382
0.426889
0.417179
0.401942
0.390283
0.382398
0.37738
0.374218
0.372381
0.371547
0.371547
0.372378
0.374216
0.377377
0.382398
0.390287
0.401961
0.41722
0.426895
0.282373
0.293659
0.427422
0.422497
0.404055
0.390623
0.382328
0.37716
0.374052
0.372321
0.371558
0.371558
0.372319
0.374049
0.377155
0.382325
0.390626
0.404061
0.422504
0.427445
0.293567
0.306065
0.435956
0.429011
0.405481
0.390646
0.38187
0.376734
0.37382
0.372295
0.371641
0.371641
0.372293
0.373816
0.37673
0.381866
0.390649
0.405494
0.429051
0.435953
0.306096
0.318248
0.447248
0.435354
0.406017
0.389815
0.38095
0.376108
0.373544
0.372304
0.371808
0.371808
0.372303
0.373541
0.376105
0.380948
0.38982
0.406031
0.435377
0.447235
0.318154
0.330693
0.464914
0.440485
0.405593
0.388223
0.379639
0.375378
0.373357
0.372453
0.372118
0.372118
0.372452
0.373356
0.375373
0.379636
0.388224
0.405604
0.440516
0.464902
0.330745
0.341781
0.484281
0.442475
0.402554
0.385433
0.377921
0.374623
0.373295
0.372754
0.372576
0.372576
0.372754
0.373294
0.37462
0.377919
0.385434
0.402564
0.442505
0.484261
0.341737
0.351572
0.49419
0.43902
0.396621
0.381673
0.376119
0.374232
0.373491
0.373249
0.373183
0.373183
0.373248
0.37349
0.374223
0.376114
0.381671
0.396634
0.439029
0.494169
0.351588
0.360856
0.495677
0.421058
0.3864
0.377483
0.375016
0.374169
0.373933
0.373886
0.373881
0.373881
0.373887
0.373932
0.374165
0.375008
0.377488
0.386433
0.421049
0.495638
0.360899
0.367813
0.430425
0.384498
0.375955
0.374865
0.374641
0.374595
0.374613
0.374625
0.374629
0.374629
0.374625
0.374613
0.374594
0.374634
0.374834
0.375874
0.384482
0.430476
0.367804
1.08621
1.81734
1.6024
1.28952
1.00249
0.786429
0.646279
0.564248
0.519512
0.498969
0.496203
0.511313
0.550731
0.628132
0.763671
0.976596
1.26371
1.58355
1.80633
1.06418
1.08338
1.81244
1.59108
1.27668
0.99169
0.780845
0.643521
0.562995
0.519199
0.49886
0.495867
0.510482
0.548806
0.62405
0.755904
0.964922
1.24994
1.57333
1.79918
1.0574
1.08129
1.80997
1.58748
1.27249
0.988172
0.777938
0.641802
0.562486
0.519005
0.498814
0.495987
0.510388
0.548274
0.622984
0.753452
0.960147
1.24364
1.56689
1.79637
1.05902
1.0761
1.80779
1.58192
1.26499
0.982447
0.774768
0.640324
0.561675
0.518422
0.498551
0.495794
0.51033
0.547613
0.620899
0.749226
0.953411
1.23316
1.55782
1.79125
1.05716
1.07481
1.80854
1.57713
1.2579
0.978066
0.773027
0.639012
0.560686
0.518334
0.498634
0.496009
0.510134
0.546509
0.619155
0.745971
0.948048
1.22769
1.55224
1.78883
1.05521
1.07169
1.81007
1.575
1.2541
0.975454
0.770742
0.63771
0.560207
0.518152
0.498632
0.495959
0.509922
0.545936
0.617693
0.743392
0.941866
1.21943
1.54535
1.78629
1.05386
1.07061
1.80898
1.57655
1.2496
0.972853
0.76771
0.636155
0.559585
0.518139
0.498745
0.495937
0.509732
0.545199
0.615716
0.740056
0.936981
1.21517
1.54145
1.78665
1.05192
1.06903
1.80313
1.57748
1.25058
0.973211
0.7654
0.634942
0.559492
0.518315
0.498757
0.495801
0.509304
0.544468
0.614127
0.736761
0.931782
1.20863
1.54117
1.7892
1.05033
1.06396
1.80314
1.57487
1.25359
0.975646
0.762961
0.634089
0.559885
0.51842
0.499082
0.49612
0.5094
0.54373
0.612247
0.733699
0.928089
1.20452
1.54222
1.78732
1.04769
1.06285
1.80177
1.56986
1.24912
0.972889
0.760694
0.634754
0.559285
0.518187
0.499114
0.496191
0.509166
0.543146
0.610553
0.730421
0.922951
1.19878
1.53365
1.78398
1.04516
1.05998
1.79935
1.56463
1.24315
0.964678
0.758736
0.634954
0.56002
0.518799
0.499154
0.49641
0.50956
0.54309
0.608848
0.727438
0.919251
1.19448
1.53575
1.77828
1.03881
1.05555
1.79527
1.55567
1.23809
0.962158
0.757502
0.634256
0.559049
0.518748
0.499547
0.496585
0.509536
0.542451
0.607749
0.724801
0.914328
1.18806
1.52583
1.77959
1.0349
1.05256
1.78884
1.54941
1.22972
0.956586
0.756634
0.633383
0.559364
0.518519
0.499601
0.496714
0.509536
0.542089
0.606322
0.722069
0.910051
1.18226
1.51849
1.77312
1.03161
1.04785
1.7853
1.54141
1.22335
0.952054
0.75688
0.63254
0.558719
0.519064
0.5003
0.496949
0.509371
0.541594
0.604919
0.718921
0.905295
1.17709
1.51304
1.76827
1.02721
1.04496
1.78114
1.53715
1.21677
0.946795
0.752037
0.629789
0.558653
0.518961
0.500552
0.497342
0.509582
0.541171
0.603597
0.716364
0.900654
1.17122
1.50567
1.76464
1.02287
1.04173
1.77642
1.52974
1.20942
0.940663
0.750117
0.628954
0.557634
0.519186
0.500622
0.497713
0.509489
0.540757
0.602201
0.713104
0.896371
1.16593
1.49896
1.7583
1.01847
1.03834
1.77271
1.52311
1.20053
0.934816
0.746641
0.627078
0.55729
0.519127
0.500505
0.497883
0.509813
0.540544
0.601112
0.710766
0.892207
1.16039
1.49412
1.75578
1.01637
1.03464
1.7688
1.51626
1.19443
0.929358
0.743147
0.625195
0.556454
0.519128
0.500828
0.498171
0.510238
0.540617
0.599919
0.708148
0.88762
1.15431
1.48761
1.75179
1.01387
1.03093
1.76459
1.50897
1.18558
0.92379
0.740123
0.623939
0.556155
0.519114
0.501013
0.498364
0.510318
0.540503
0.598792
0.705756
0.883965
1.14959
1.48252
1.74825
1.01454
1.02575
1.76122
1.50199
1.17995
0.918153
0.736509
0.622059
0.555966
0.519019
0.501524
0.498766
0.510351
0.540357
0.597853
0.70365
0.880329
1.14449
1.47632
1.74429
1.01325
1.02138
1.75632
1.49529
1.17271
0.913911
0.733939
0.621041
0.55547
0.519761
0.502249
0.499459
0.51086
0.540041
0.59714
0.701731
0.87639
1.1381
1.46998
1.74117
1.0109
1.01744
1.75086
1.48761
1.16715
0.909537
0.73127
0.619564
0.555075
0.520029
0.502852
0.499961
0.510836
0.540072
0.596543
0.700099
0.873141
1.13333
1.46393
1.73769
1.00531
1.0123
1.74516
1.47915
1.15947
0.904594
0.72847
0.618319
0.554712
0.52006
0.503592
0.500756
0.511368
0.540137
0.595915
0.698282
0.869124
1.12712
1.45724
1.73504
1.00289
1.00851
1.74002
1.47189
1.15463
0.901117
0.726515
0.617444
0.554274
0.520241
0.503917
0.501101
0.511647
0.54026
0.595344
0.696566
0.865457
1.12127
1.45083
1.73155
0.998565
1.00402
1.73441
1.46547
1.14782
0.896018
0.723586
0.616143
0.553881
0.5202
0.503846
0.501143
0.511691
0.540191
0.594704
0.694668
0.861554
1.11547
1.44384
1.72813
0.992583
1.00017
1.72972
1.45785
1.14206
0.892111
0.721436
0.615284
0.553544
0.520198
0.504236
0.501642
0.51237
0.539981
0.594092
0.692801
0.858083
1.10947
1.43752
1.7244
0.989271
0.996818
1.72592
1.45187
1.1353
0.887203
0.718846
0.614115
0.553109
0.520116
0.50463
0.501859
0.512672
0.540111
0.593512
0.690921
0.854341
1.10429
1.43131
1.72046
0.984662
0.99276
1.72169
1.44345
1.12844
0.882827
0.716512
0.6131
0.552657
0.51979
0.504626
0.502018
0.512669
0.540008
0.592981
0.689059
0.850284
1.09799
1.42446
1.71448
0.979316
0.9889
1.7171
1.43719
1.12223
0.878347
0.714201
0.612065
0.55222
0.51966
0.504609
0.502221
0.512496
0.539654
0.592324
0.687286
0.846649
1.09213
1.41708
1.70864
0.975199
0.98526
1.71336
1.43027
1.11604
0.874348
0.711996
0.610997
0.551695
0.519318
0.50443
0.502408
0.512815
0.539614
0.591761
0.685517
0.842608
1.08536
1.40923
1.70231
0.969151
0.980985
1.70792
1.42319
1.10952
0.869843
0.709646
0.609851
0.551127
0.519098
0.504537
0.502572
0.512909
0.539366
0.59125
0.684095
0.839514
1.07974
1.40135
1.69662
0.964941
0.977327
1.70371
1.4166
1.1034
0.865802
0.707364
0.608683
0.550506
0.518648
0.504175
0.502266
0.512621
0.53914
0.590623
0.68235
0.835898
1.07397
1.3944
1.69213
0.960324
0.973021
1.69854
1.40971
1.09728
0.861489
0.704958
0.607482
0.549914
0.518397
0.503997
0.502105
0.512516
0.53885
0.590068
0.680898
0.832611
1.06828
1.3874
1.69031
0.95697
0.969199
1.69374
1.40277
1.09121
0.857524
0.702636
0.60621
0.549233
0.517983
0.503648
0.501897
0.51234
0.538589
0.5894
0.679196
0.829062
1.06271
1.38165
1.69215
0.953872
0.965784
1.68934
1.39659
1.08553
0.853418
0.700179
0.604903
0.54856
0.517604
0.503402
0.501583
0.511907
0.538114
0.588686
0.677639
0.825759
1.0571
1.37573
1.69167
0.951377
0.961835
1.68379
1.38927
1.07923
0.849181
0.697658
0.603519
0.547798
0.517135
0.503015
0.501207
0.511549
0.537749
0.587921
0.675968
0.822455
1.05204
1.37015
1.68891
0.949116
0.958144
1.67879
1.38328
1.07362
0.845009
0.695066
0.602093
0.547056
0.516705
0.50269
0.500939
0.511176
0.537177
0.586992
0.674139
0.819049
1.04669
1.36441
1.68463
0.946516
0.953258
1.67251
1.3754
1.06697
0.84052
0.692334
0.600531
0.546172
0.516197
0.502343
0.500563
0.51078
0.536605
0.585949
0.67208
0.815267
1.04115
1.35877
1.68112
0.94489
0.949678
1.66774
1.36942
1.06134
0.836222
0.689606
0.59897
0.5453
0.515659
0.501959
0.500272
0.510398
0.535956
0.584723
0.669773
0.811243
1.03506
1.35166
1.67282
0.941202
0.945732
1.66318
1.36281
1.05528
0.831862
0.686828
0.597307
0.544309
0.51505
0.501536
0.499864
0.509881
0.535143
0.583345
0.667287
0.80697
1.0289
1.34505
1.66815
0.938869
0.943162
1.66114
1.35759
1.04975
0.827523
0.683978
0.595597
0.54329
0.514401
0.501073
0.499472
0.509399
0.534334
0.581821
0.664554
0.802513
1.02233
1.33739
1.66094
0.935267
0.940118
1.65778
1.35221
1.0442
0.823147
0.681011
0.59371
0.542094
0.513613
0.500491
0.49895
0.508767
0.53337
0.580166
0.661694
0.797833
1.01565
1.3297
1.65538
0.931788
0.937631
1.65567
1.34614
1.03754
0.818034
0.677648
0.591624
0.540789
0.512753
0.499865
0.498395
0.508124
0.532352
0.578391
0.658712
0.793228
1.00917
1.32212
1.64865
0.928136
0.934729
1.65363
1.34043
1.03112
0.812853
0.674048
0.589265
0.53925
0.511717
0.499106
0.497741
0.507372
0.531217
0.576462
0.655497
0.78827
1.00241
1.3143
1.64197
0.924129
0.931115
1.65022
1.33259
1.0228
0.806488
0.66981
0.586547
0.537488
0.510528
0.498241
0.497008
0.506548
0.529984
0.574386
0.652083
0.783082
0.995516
1.30725
1.63748
0.921278
0.92677
1.64611
1.32477
1.01451
0.799775
0.665129
0.583486
0.535503
0.509182
0.497241
0.496142
0.505604
0.528642
0.572195
0.648554
0.777824
0.988432
1.29921
1.63122
0.917022
0.92188
1.64082
1.31543
1.00475
0.79203
0.659812
0.580047
0.533281
0.507668
0.496114
0.495167
0.504541
0.527154
0.569811
0.644765
0.772364
0.981664
1.2929
1.62777
0.914535
0.917253
1.63612
1.30611
0.994701
0.783822
0.654058
0.576324
0.530886
0.506012
0.494826
0.494016
0.503318
0.525553
0.567364
0.640895
0.766643
0.973982
1.2845
1.62186
0.910055
0.912115
1.63069
1.29581
0.983696
0.775012
0.647963
0.572396
0.528334
0.504225
0.493421
0.492754
0.501973
0.523825
0.564782
0.636865
0.760768
0.966442
1.27731
1.6185
0.907161
0.907304
1.62584
1.2847
0.971798
0.765659
0.64155
0.56826
0.525638
0.502315
0.49189
0.491346
0.500491
0.522007
0.562182
0.632844
0.754677
0.95804
1.26824
1.61254
0.902437
0.901842
1.62038
1.27285
0.959305
0.755932
0.634927
0.56398
0.522818
0.500299
0.490269
0.489858
0.498914
0.520051
0.559424
0.628682
0.748461
0.94967
1.25978
1.60786
0.898575
0.896166
1.61441
1.25965
0.945719
0.745632
0.627991
0.55951
0.519869
0.498198
0.488596
0.488335
0.4973
0.518052
0.556604
0.624392
0.741852
0.940599
1.25067
1.60315
0.894474
0.889264
1.60732
1.24572
0.931741
0.735111
0.620889
0.554912
0.51681
0.496007
0.486862
0.486776
0.495651
0.515985
0.553685
0.620039
0.735211
0.931461
1.24128
1.59841
0.889955
0.881561
1.59968
1.23032
0.916639
0.724062
0.613575
0.550181
0.513646
0.493742
0.485078
0.485191
0.494004
0.51393
0.550732
0.615523
0.728153
0.9217
1.23161
1.59456
0.885841
0.872273
1.59083
1.21355
0.900804
0.712615
0.605954
0.545245
0.510336
0.491365
0.483221
0.483568
0.492355
0.511907
0.547819
0.611056
0.721232
0.911704
1.22101
1.59016
0.880518
0.861297
1.58032
1.19531
0.884247
0.701086
0.59848
0.540401
0.507031
0.488946
0.481295
0.481876
0.490679
0.50995
0.545063
0.606631
0.71391
0.900702
1.2094
1.58522
0.874744
0.849186
1.56859
1.17597
0.867122
0.689233
0.590757
0.535361
0.503572
0.486396
0.479246
0.480065
0.488891
0.507914
0.542275
0.602141
0.706271
0.888797
1.19645
1.58
0.867665
0.835565
1.55582
1.15553
0.849635
0.677513
0.583275
0.530462
0.500148
0.483813
0.477119
0.478133
0.486933
0.505656
0.539189
0.597109
0.697501
0.875037
1.18075
1.57228
0.858343
0.821125
1.54165
1.13415
0.831938
0.665772
0.575821
0.525521
0.496632
0.481094
0.474806
0.475964
0.48469
0.503052
0.535673
0.591567
0.688349
0.861017
1.1646
1.5642
0.848361
0.805521
1.52652
1.11215
0.814364
0.6543
0.568566
0.520648
0.493085
0.47827
0.472331
0.473585
0.482184
0.500132
0.531768
0.585434
0.678163
0.8449
1.14484
1.55284
0.835008
0.789379
1.5103
1.08944
0.796891
0.643156
0.561574
0.515866
0.489494
0.475299
0.469626
0.470907
0.47931
0.496767
0.527386
0.578987
0.667848
0.828623
1.12443
1.54083
0.820981
0.77229
1.49295
1.06645
0.779764
0.632326
0.554644
0.511
0.485734
0.472096
0.466648
0.467926
0.476109
0.493038
0.522575
0.571967
0.656595
0.810519
1.10089
1.52557
0.803694
0.754571
1.47473
1.04248
0.762413
0.62171
0.547974
0.506169
0.481829
0.468643
0.463353
0.464576
0.47249
0.488866
0.517376
0.56472
0.644966
0.791699
1.07601
1.50907
0.785192
0.73581
1.45537
1.01789
0.745037
0.611009
0.541141
0.50102
0.477574
0.464843
0.459705
0.46084
0.468412
0.484087
0.511304
0.556284
0.631974
0.77113
1.04835
1.48993
0.764142
0.716019
1.43426
0.992128
0.72705
0.599703
0.53337
0.49524
0.472874
0.460651
0.45566
0.456682
0.463874
0.478797
0.50465
0.547151
0.618215
0.749526
1.01873
1.46781
0.740754
0.69507
1.41193
0.965809
0.708754
0.588005
0.525227
0.489119
0.467812
0.456075
0.45121
0.452079
0.458812
0.472842
0.49712
0.53691
0.603233
0.726431
0.98688
1.44298
0.715133
0.672241
1.38682
0.93786
0.689814
0.575967
0.517181
0.4828
0.462367
0.451059
0.446308
0.447012
0.453259
0.466338
0.488923
0.52581
0.587138
0.701953
0.952346
1.41352
0.685886
0.647803
1.35918
0.908739
0.670291
0.562868
0.507353
0.475258
0.456159
0.445489
0.440925
0.441473
0.447207
0.459279
0.480111
0.514021
0.570325
0.67664
0.916064
1.38097
0.654426
0.620839
1.32737
0.877437
0.650038
0.549957
0.498457
0.468062
0.449802
0.439566
0.435131
0.435508
0.440699
0.451687
0.47062
0.501405
0.552528
0.650074
0.876782
1.3421
0.618793
0.592072
1.29189
0.844395
0.62881
0.535463
0.487364
0.459289
0.442487
0.433027
0.428885
0.429169
0.433866
0.443812
0.460875
0.488525
0.534576
0.623396
0.83618
1.2989
0.580946
0.560908
1.25169
0.808983
0.60658
0.520918
0.476789
0.450754
0.435102
0.426269
0.422375
0.42256
0.42678
0.435719
0.451001
0.475688
0.516768
0.596535
0.793625
1.2494
0.540761
0.528516
1.20794
0.772246
0.583422
0.505055
0.464724
0.441169
0.427088
0.419134
0.415613
0.415769
0.419551
0.427532
0.441092
0.462889
0.499119
0.569971
0.750506
1.19559
0.499562
0.494725
1.15971
0.733745
0.559272
0.488828
0.452806
0.43176
0.419158
0.412028
0.408863
0.408995
0.41236
0.419432
0.431371
0.450469
0.482165
0.544331
0.707662
1.13823
0.459783
0.461369
1.10926
0.695285
0.535097
0.472315
0.440561
0.422176
0.411211
0.405003
0.402252
0.402392
0.405374
0.411595
0.422032
0.438644
0.466109
0.520258
0.666933
1.07957
0.422877
0.428108
1.0552
0.656618
0.511421
0.456317
0.428906
0.413146
0.40375
0.398418
0.396058
0.3962
0.398809
0.404216
0.413243
0.427565
0.451235
0.49819
0.629207
1.02172
0.390909
0.397001
0.999371
0.619427
0.489239
0.441467
0.418147
0.404862
0.396949
0.392446
0.390453
0.390595
0.392848
0.397489
0.405209
0.417466
0.437812
0.478532
0.59526
0.966052
0.363527
0.368029
0.942047
0.583985
0.468938
0.428197
0.408689
0.397659
0.391073
0.387304
0.385631
0.385772
0.387714
0.391691
0.398272
0.408704
0.426119
0.46149
0.56545
0.913986
0.34229
0.343741
0.885848
0.551883
0.451361
0.417078
0.400934
0.391801
0.386293
0.383103
0.381673
0.381791
0.383453
0.386859
0.392487
0.401428
0.416421
0.447111
0.539331
0.864508
0.324792
0.323555
0.831474
0.523802
0.437121
0.408402
0.394959
0.387301
0.382617
0.379863
0.378611
0.378703
0.380143
0.383089
0.387926
0.395588
0.408528
0.435452
0.517596
0.819513
0.31338
0.309557
0.781283
0.501026
0.426319
0.402077
0.390722
0.384142
0.380017
0.377536
0.376382
0.376445
0.377729
0.380368
0.38468
0.391476
0.402913
0.426587
0.499013
0.776162
0.304629
0.299677
0.734982
0.483345
0.419281
0.398275
0.3882
0.38221
0.378351
0.375988
0.374866
0.374899
0.376082
0.378523
0.382476
0.388632
0.398904
0.419996
0.483704
0.734952
0.298725
0.293908
0.692994
0.4699
0.414915
0.39613
0.386748
0.381054
0.377323
0.375007
0.373894
0.373912
0.375054
0.377419
0.381216
0.387062
0.396656
0.415687
0.471047
0.694615
0.293614
0.290722
0.655321
0.460649
0.413196
0.395672
0.386373
0.380607
0.376819
0.374461
0.373323
0.373323
0.374453
0.376805
0.380586
0.386371
0.3957
0.413256
0.460975
0.656213
0.290539
0.289062
0.620164
0.45313
0.412095
0.395613
0.386321
0.380421
0.376533
0.374133
0.372982
0.372981
0.374127
0.37652
0.380404
0.386316
0.395623
0.412153
0.453357
0.620738
0.289022
0.288572
0.589103
0.44784
0.411596
0.395767
0.386378
0.380349
0.376368
0.373933
0.372772
0.372766
0.373915
0.376332
0.380295
0.386335
0.395692
0.411611
0.447746
0.588898
0.288449
0.289364
0.559208
0.442906
0.411374
0.395939
0.386439
0.380229
0.376197
0.373762
0.372614
0.372612
0.373759
0.376187
0.380213
0.386385
0.395945
0.41142
0.443082
0.559446
0.289273
0.292249
0.534025
0.440188
0.411491
0.396069
0.386369
0.380063
0.376013
0.373599
0.372474
0.372468
0.373587
0.375989
0.380039
0.386356
0.39608
0.411528
0.440228
0.534216
0.292003
0.295191
0.511901
0.438807
0.411854
0.396178
0.386219
0.379816
0.37578
0.373422
0.37234
0.372337
0.373418
0.375773
0.379811
0.386218
0.396172
0.411917
0.43885
0.511953
0.29509
0.300385
0.494391
0.438387
0.412329
0.396206
0.385975
0.379497
0.375511
0.373241
0.372219
0.372215
0.373233
0.375498
0.379484
0.385974
0.396222
0.412372
0.43842
0.494332
0.300434
0.306175
0.481009
0.439311
0.41301
0.396178
0.385585
0.37907
0.375192
0.373062
0.372136
0.372135
0.373062
0.375195
0.379077
0.385605
0.396214
0.413066
0.439378
0.480789
0.305844
0.312785
0.472665
0.44125
0.413591
0.395847
0.385006
0.378548
0.37485
0.372901
0.372101
0.372101
0.372899
0.37485
0.378548
0.385013
0.395864
0.413635
0.441344
0.472789
0.312941
0.320183
0.469052
0.444192
0.414006
0.3953
0.384252
0.37794
0.374503
0.372791
0.372099
0.372099
0.37279
0.374504
0.377941
0.384258
0.395313
0.414031
0.444249
0.469063
0.320051
0.327864
0.468195
0.447731
0.414141
0.394333
0.38323
0.377225
0.374157
0.372746
0.372201
0.372201
0.372745
0.374155
0.377222
0.383229
0.394341
0.41417
0.447815
0.46827
0.327935
0.336081
0.474316
0.45206
0.413796
0.39284
0.381931
0.376432
0.373832
0.372741
0.372356
0.372356
0.37274
0.373831
0.37643
0.381929
0.392848
0.413824
0.452093
0.474356
0.336013
0.343671
0.483824
0.455459
0.412103
0.390576
0.380322
0.375601
0.37361
0.372847
0.3726
0.3726
0.372848
0.373611
0.375603
0.380327
0.390594
0.412136
0.455532
0.483885
0.343816
0.351266
0.498306
0.457024
0.409042
0.387649
0.378556
0.374836
0.373523
0.373045
0.372911
0.372912
0.373046
0.373525
0.374842
0.378552
0.387658
0.40905
0.457049
0.498277
0.35112
0.357113
0.511073
0.456429
0.403652
0.383891
0.376775
0.37437
0.373578
0.373361
0.373314
0.373314
0.373363
0.373581
0.374363
0.376751
0.383929
0.403648
0.456432
0.511129
0.357313
0.362462
0.516571
0.445217
0.394687
0.379565
0.375326
0.374202
0.373855
0.37378
0.373769
0.373769
0.373781
0.373859
0.37422
0.375472
0.379708
0.394542
0.444914
0.516576
0.362312
0.366085
0.50626
0.420595
0.383697
0.376491
0.374811
0.374297
0.374238
0.374245
0.374252
0.374253
0.374248
0.374242
0.374289
0.374678
0.376185
0.383076
0.419334
0.506395
0.366281
0.369751
0.429997
0.381172
0.374472
0.374468
0.374579
0.374703
0.374745
0.374754
0.374755
0.374755
0.374755
0.374753
0.374741
0.374742
0.375177
0.37705
0.385663
0.430536
0.369675
0.615185
1.19032
1.0629
0.877004
0.703957
0.573505
0.486543
0.435527
0.408115
0.395678
0.394888
0.405137
0.429457
0.475051
0.556332
0.686759
0.860676
1.0491
1.18173
0.604692
0.614218
1.18881
1.06029
0.873843
0.700081
0.571464
0.485353
0.434904
0.408374
0.395783
0.395374
0.40548
0.429074
0.472334
0.551015
0.678644
0.851602
1.04256
1.17779
0.601762
0.613458
1.18847
1.05543
0.868295
0.695945
0.570018
0.483295
0.434459
0.40807
0.395748
0.394717
0.404841
0.428134
0.471286
0.549057
0.675915
0.848547
1.03947
1.17641
0.60056
0.612484
1.18803
1.05794
0.871757
0.699024
0.568786
0.482482
0.434017
0.407964
0.396109
0.394984
0.4045
0.427282
0.469371
0.545415
0.669921
0.842097
1.03511
1.17483
0.598456
0.611555
1.1867
1.05497
0.86862
0.696699
0.567301
0.481567
0.433452
0.407555
0.3952
0.394033
0.403621
0.426384
0.467891
0.542799
0.66668
0.838817
1.03285
1.17469
0.597635
0.610361
1.18562
1.05247
0.866178
0.694368
0.563362
0.480145
0.433024
0.406902
0.395194
0.394182
0.402481
0.425503
0.466141
0.539666
0.662281
0.834428
1.03205
1.17598
0.596462
0.609217
1.18187
1.04684
0.858567
0.687918
0.561868
0.479504
0.432525
0.406029
0.39396
0.392824
0.401998
0.42471
0.464603
0.537577
0.662175
0.834451
1.03431
1.17695
0.597301
0.606823
1.18104
1.04416
0.854338
0.68573
0.559605
0.477958
0.432045
0.405926
0.393894
0.392734
0.401803
0.424007
0.463378
0.536661
0.665414
0.837158
1.03042
1.17705
0.598932
0.60638
1.17908
1.0403
0.850625
0.682472
0.556779
0.476948
0.431606
0.40588
0.393877
0.392652
0.401599
0.423298
0.4624
0.536745
0.666303
0.838665
1.03521
1.17701
0.596831
0.605421
1.17755
1.03706
0.84586
0.678651
0.554921
0.476027
0.431328
0.405993
0.393903
0.39271
0.401603
0.422654
0.461486
0.538236
0.664973
0.832845
1.03632
1.1764
0.599673
0.603028
1.1764
1.03425
0.842018
0.674769
0.552455
0.474997
0.430906
0.406466
0.393877
0.392982
0.401983
0.421877
0.460437
0.534273
0.662865
0.837501
1.03166
1.17747
0.598697
0.601308
1.1754
1.03329
0.839299
0.67177
0.550578
0.473834
0.430356
0.406039
0.393561
0.392091
0.400644
0.421277
0.460017
0.536216
0.660772
0.830501
1.02992
1.17418
0.596577
0.600203
1.17422
1.03329
0.835826
0.666918
0.547132
0.472368
0.429742
0.405843
0.393555
0.392151
0.399936
0.420651
0.459183
0.534124
0.65423
0.828502
1.02675
1.17367
0.59728
0.59878
1.17292
1.0311
0.832625
0.664024
0.544309
0.470963
0.429151
0.405604
0.393563
0.392895
0.400174
0.420194
0.458356
0.532654
0.652566
0.823884
1.02274
1.1724
0.594185
0.597702
1.17142
1.0254
0.827824
0.659524
0.541816
0.469664
0.428576
0.405385
0.393449
0.3922
0.399085
0.419362
0.457257
0.528475
0.647557
0.818026
1.01829
1.16923
0.59322
0.595861
1.16954
1.02027
0.823885
0.656611
0.539754
0.468497
0.428018
0.405118
0.393368
0.391412
0.398729
0.418496
0.456444
0.526694
0.644091
0.813768
1.01365
1.16749
0.590972
0.594941
1.16854
1.01634
0.819148
0.652122
0.536956
0.467144
0.427384
0.404875
0.39321
0.391402
0.398652
0.417822
0.455422
0.52375
0.637996
0.807401
1.00902
1.16543
0.589078
0.59406
1.16674
1.01328
0.81543
0.648909
0.534774
0.465912
0.42677
0.40468
0.393329
0.391626
0.398653
0.417696
0.45484
0.52197
0.635393
0.803299
1.00385
1.16331
0.587555
0.594264
1.16596
1.01094
0.811611
0.64542
0.532372
0.46464
0.426095
0.404388
0.393404
0.392414
0.399103
0.417627
0.453845
0.519405
0.631727
0.798085
1.0007
1.16059
0.585713
0.593181
1.16445
1.00913
0.807855
0.642004
0.529889
0.463309
0.425389
0.4041
0.393723
0.391997
0.398318
0.417515
0.452994
0.517729
0.62822
0.79369
0.99568
1.15893
0.583736
0.590369
1.16296
1.00648
0.804132
0.638308
0.527685
0.462125
0.424694
0.403618
0.393084
0.391526
0.398128
0.416529
0.451829
0.515292
0.624412
0.78865
0.991718
1.15673
0.581806
0.588238
1.16179
1.00379
0.800425
0.634796
0.525254
0.46087
0.423966
0.402898
0.393122
0.391659
0.398083
0.415716
0.450864
0.513181
0.620667
0.784585
0.987747
1.15448
0.579586
0.586257
1.15959
1.00118
0.796376
0.631135
0.523125
0.459724
0.423221
0.402095
0.393829
0.392533
0.398154
0.415546
0.449919
0.510794
0.616858
0.779872
0.984252
1.15319
0.577964
0.583562
1.15724
0.995933
0.791889
0.627358
0.520751
0.458517
0.42242
0.401841
0.393353
0.391916
0.398003
0.41539
0.448918
0.508802
0.613112
0.775483
0.980997
1.15153
0.576033
0.58199
1.15488
0.990206
0.78692
0.623928
0.518923
0.457496
0.421209
0.401692
0.394261
0.392648
0.398007
0.415499
0.447958
0.506582
0.609961
0.771806
0.977866
1.1518
0.574505
0.579623
1.15248
0.985825
0.782293
0.620476
0.516801
0.456439
0.420289
0.401618
0.393452
0.391733
0.397783
0.414574
0.44696
0.504537
0.606128
0.766876
0.973495
1.15054
0.572971
0.577369
1.15045
0.981834
0.778035
0.61756
0.515192
0.455635
0.420043
0.40217
0.392977
0.392381
0.397924
0.41428
0.446144
0.50272
0.60326
0.762931
0.969391
1.14735
0.571495
0.575009
1.14857
0.977871
0.773438
0.614291
0.513137
0.454492
0.419664
0.401494
0.393276
0.39186
0.398047
0.413987
0.445266
0.500898
0.599814
0.758056
0.964825
1.14506
0.569762
0.572266
1.14593
0.973375
0.76911
0.611079
0.511242
0.453496
0.419261
0.401957
0.392788
0.391926
0.398443
0.413488
0.444277
0.498916
0.596617
0.753824
0.960779
1.14316
0.568128
0.56979
1.14351
0.968829
0.764881
0.608029
0.509304
0.452366
0.419006
0.400938
0.392844
0.392066
0.397859
0.41364
0.443506
0.4972
0.59352
0.7496
0.9564
1.13981
0.565805
0.567333
1.1407
0.9639
0.75965
0.604295
0.507097
0.451162
0.419181
0.401064
0.393168
0.392895
0.398053
0.412913
0.442478
0.495344
0.590352
0.745584
0.953336
1.138
0.56391
0.564154
1.13737
0.958301
0.754743
0.601
0.50511
0.449901
0.417548
0.401355
0.393506
0.391875
0.397604
0.413143
0.441721
0.493703
0.587374
0.741329
0.94898
1.13585
0.561636
0.561354
1.13365
0.952389
0.749162
0.59708
0.502839
0.448718
0.416438
0.400339
0.392694
0.391975
0.39808
0.412519
0.440836
0.49206
0.584427
0.737214
0.94523
1.1338
0.559348
0.55831
1.13017
0.947097
0.744284
0.593922
0.501011
0.447752
0.41619
0.40074
0.39275
0.392097
0.397631
0.412169
0.440083
0.490538
0.58169
0.733175
0.941
1.13129
0.556844
0.556207
1.12751
0.94228
0.739425
0.590299
0.498845
0.446633
0.415915
0.399784
0.392896
0.393121
0.398426
0.412099
0.439211
0.488733
0.578424
0.728562
0.936244
1.12852
0.554277
0.554143
1.12655
0.938527
0.735426
0.587458
0.497126
0.445826
0.416315
0.400316
0.393003
0.392896
0.397993
0.41147
0.438279
0.487071
0.575438
0.724261
0.931969
1.12685
0.552101
0.552697
1.12726
0.934217
0.730599
0.583872
0.494988
0.444644
0.415485
0.399379
0.393333
0.392949
0.397566
0.410667
0.437254
0.485195
0.572023
0.719217
0.927204
1.12617
0.549751
0.551293
1.12466
0.930275
0.72651
0.580988
0.493228
0.443719
0.416108
0.399136
0.39321
0.393155
0.398014
0.409618
0.436133
0.483376
0.568753
0.714499
0.92292
1.12635
0.548111
0.550221
1.12637
0.926517
0.721796
0.577392
0.491053
0.44242
0.415172
0.398781
0.392314
0.392527
0.396864
0.409264
0.43503
0.481609
0.56561
0.709677
0.918104
1.12491
0.546246
0.548502
1.12275
0.922063
0.717379
0.574222
0.489114
0.441258
0.414604
0.398476
0.392122
0.391722
0.396859
0.409301
0.433619
0.479636
0.562324
0.705112
0.913662
1.12017
0.5442
0.546541
1.12088
0.917457
0.712315
0.570514
0.486877
0.439887
0.413805
0.398248
0.392203
0.391723
0.397317
0.40782
0.432304
0.477838
0.559212
0.700398
0.908641
1.11721
0.542114
0.544152
1.11619
0.912446
0.707728
0.567257
0.484859
0.438637
0.412985
0.397959
0.39239
0.392206
0.396335
0.407508
0.431368
0.475848
0.555791
0.695602
0.903963
1.11467
0.539673
0.541745
1.11389
0.907265
0.702356
0.563319
0.482495
0.437381
0.412161
0.397494
0.392893
0.391137
0.396689
0.407337
0.430479
0.473746
0.552209
0.690391
0.898374
1.11136
0.536931
0.538839
1.11041
0.901572
0.697214
0.55971
0.480221
0.436062
0.411098
0.397071
0.391437
0.39068
0.395989
0.407294
0.430452
0.471479
0.54823
0.684717
0.892663
1.10892
0.534101
0.535543
1.10621
0.895421
0.69134
0.555488
0.477633
0.434404
0.409951
0.396868
0.391304
0.390632
0.395103
0.407501
0.428273
0.468793
0.544007
0.678575
0.885885
1.10463
0.530395
0.532165
1.10198
0.889091
0.685631
0.551507
0.47535
0.433621
0.410779
0.397476
0.392106
0.390795
0.394297
0.406123
0.426923
0.466139
0.539477
0.672043
0.878757
1.09983
0.526143
0.529268
1.09912
0.883081
0.679586
0.547113
0.472576
0.431866
0.409134
0.395858
0.390626
0.391108
0.394023
0.405271
0.425205
0.463288
0.534922
0.665359
0.871037
1.09477
0.521769
0.525513
1.09447
0.876323
0.673434
0.542751
0.46988
0.430365
0.40827
0.3956
0.390299
0.390634
0.393608
0.404048
0.423294
0.460229
0.52996
0.658293
0.863292
1.08963
0.517289
0.522196
1.09082
0.869556
0.666895
0.538072
0.466882
0.428223
0.40631
0.395332
0.390227
0.39076
0.393456
0.402349
0.421249
0.457278
0.525151
0.651246
0.855383
1.08528
0.51314
0.518583
1.08695
0.862373
0.659992
0.533173
0.463939
0.426581
0.40507
0.394184
0.389941
0.390037
0.393728
0.400836
0.419663
0.454339
0.520148
0.644062
0.847149
1.07883
0.508228
0.514324
1.08138
0.854195
0.652623
0.528013
0.460833
0.425083
0.405777
0.394207
0.390001
0.39089
0.392482
0.400405
0.418845
0.451539
0.515258
0.637043
0.839602
1.07449
0.504662
0.510795
1.07721
0.846387
0.644879
0.522469
0.457481
0.423136
0.404599
0.393987
0.389704
0.390142
0.392783
0.398724
0.417054
0.448382
0.510277
0.62999
0.831977
1.07015
0.500925
0.506858
1.0719
0.838024
0.637
0.516836
0.454062
0.421368
0.40409
0.39407
0.389626
0.38907
0.391338
0.397982
0.415321
0.4453
0.505315
0.622732
0.823954
1.06528
0.497157
0.503625
1.06803
0.829867
0.628633
0.510744
0.450255
0.418967
0.403009
0.394617
0.389741
0.389069
0.391238
0.397446
0.413329
0.442139
0.500459
0.615623
0.816124
1.06069
0.493734
0.4999
1.06327
0.821164
0.620183
0.504696
0.446588
0.416677
0.401605
0.393077
0.389791
0.389929
0.392246
0.397353
0.411848
0.439021
0.495565
0.608312
0.808318
1.05679
0.490684
0.496972
1.0601
0.812739
0.611402
0.498331
0.442929
0.415447
0.400409
0.393113
0.390328
0.388175
0.390398
0.397317
0.409529
0.435634
0.490678
0.600755
0.799781
1.05178
0.487048
0.49283
1.05547
0.803218
0.602259
0.491869
0.4388
0.413034
0.399621
0.393785
0.389512
0.387704
0.390238
0.394583
0.406763
0.432354
0.485716
0.592998
0.791643
1.04834
0.484246
0.488926
1.05151
0.7935
0.592818
0.48533
0.434698
0.410077
0.397344
0.391864
0.388734
0.387476
0.388507
0.393119
0.404976
0.429427
0.480584
0.584705
0.782353
1.04339
0.480127
0.483533
1.04575
0.782455
0.582953
0.478821
0.430818
0.407438
0.395042
0.390157
0.388568
0.387766
0.388607
0.393751
0.403583
0.426178
0.474983
0.575904
0.772724
1.03889
0.476161
0.477804
1.03985
0.770571
0.57256
0.472162
0.427007
0.405135
0.393151
0.388649
0.387671
0.388711
0.388567
0.392372
0.401616
0.422461
0.469276
0.566694
0.762105
1.03341
0.471236
0.47024
1.03161
0.756955
0.561596
0.465517
0.423263
0.403007
0.392996
0.389393
0.388687
0.38755
0.388097
0.391073
0.399543
0.419744
0.463404
0.556947
0.750869
1.02779
0.465987
0.462141
1.02258
0.742462
0.550193
0.458793
0.419597
0.400716
0.391885
0.388805
0.387835
0.388552
0.389187
0.391255
0.39953
0.420712
0.457828
0.546824
0.738343
1.02063
0.459375
0.452216
1.01143
0.726248
0.538191
0.451991
0.415965
0.398411
0.39103
0.387865
0.388328
0.387553
0.387639
0.391445
0.399738
0.415751
0.450983
0.536059
0.725045
1.01303
0.452146
0.441587
0.999103
0.709198
0.525986
0.445195
0.412392
0.395865
0.390084
0.388289
0.387322
0.386584
0.387236
0.389566
0.396542
0.412419
0.444844
0.524931
0.710135
1.00345
0.443119
0.42949
0.98472
0.691173
0.513844
0.438687
0.409075
0.393744
0.388886
0.38692
0.386559
0.3867
0.388206
0.389451
0.394382
0.409196
0.438406
0.513397
0.694357
0.992877
0.433071
0.416983
0.969388
0.673189
0.502306
0.432689
0.405952
0.392819
0.389887
0.387062
0.386784
0.386867
0.387171
0.387996
0.39186
0.405937
0.432244
0.501583
0.676973
0.980048
0.421038
0.403536
0.952553
0.654988
0.491474
0.42753
0.403022
0.392349
0.388603
0.386772
0.38729
0.38626
0.388269
0.38885
0.390667
0.403027
0.425972
0.489466
0.658444
0.96498
0.407368
0.389713
0.934791
0.63717
0.481459
0.42316
0.400269
0.392744
0.389653
0.386662
0.38686
0.385847
0.386788
0.387047
0.389863
0.400251
0.420216
0.477562
0.638713
0.947191
0.391855
0.375366
0.915814
0.619557
0.472118
0.41936
0.397377
0.389835
0.387459
0.38613
0.385715
0.38554
0.385655
0.386921
0.389555
0.397592
0.414482
0.465627
0.61787
0.926155
0.374547
0.360521
0.895375
0.602118
0.463258
0.415832
0.395765
0.388524
0.38643
0.386653
0.386086
0.385701
0.385605
0.385477
0.386956
0.395013
0.409262
0.454297
0.596473
0.90259
0.35633
0.34597
0.874375
0.585309
0.455097
0.412354
0.396299
0.388522
0.386218
0.385491
0.385263
0.386097
0.386343
0.385566
0.38642
0.392773
0.404194
0.443271
0.574517
0.876005
0.337263
0.331103
0.851568
0.568275
0.447259
0.408773
0.394229
0.388121
0.385926
0.385085
0.384711
0.384559
0.384627
0.385622
0.386089
0.390348
0.39951
0.433214
0.553209
0.847967
0.319136
0.317542
0.828983
0.552212
0.440067
0.405847
0.394612
0.388067
0.385798
0.384838
0.384368
0.384142
0.384189
0.385206
0.386258
0.387975
0.395127
0.423847
0.532398
0.818136
0.301716
0.303912
0.804622
0.535853
0.432512
0.401691
0.391396
0.387766
0.385854
0.384786
0.384163
0.383877
0.383832
0.383673
0.38368
0.3851
0.391058
0.4157
0.51361
0.788796
0.287171
0.291497
0.779542
0.519836
0.425192
0.397762
0.388789
0.384861
0.382973
0.381912
0.381264
0.380848
0.380611
0.380578
0.381073
0.382486
0.38755
0.408728
0.496743
0.760052
0.274837
0.279899
0.75365
0.503911
0.417656
0.393243
0.385185
0.381811
0.380041
0.378986
0.378385
0.378118
0.378106
0.3783
0.378758
0.380016
0.384492
0.403117
0.482529
0.733498
0.2661
0.269091
0.726044
0.48786
0.410252
0.388859
0.381777
0.378693
0.377021
0.376068
0.375571
0.375414
0.37555
0.375928
0.376551
0.377857
0.382016
0.398603
0.470321
0.708324
0.259515
0.260308
0.698722
0.473064
0.403572
0.385
0.378856
0.376235
0.374875
0.374096
0.373684
0.373552
0.373651
0.373981
0.374653
0.376092
0.38015
0.395345
0.460562
0.685243
0.255982
0.252587
0.670501
0.459258
0.397838
0.38191
0.376653
0.374326
0.373072
0.372374
0.37205
0.372027
0.37227
0.372756
0.37352
0.374956
0.378881
0.392978
0.452033
0.662448
0.252117
0.247347
0.643483
0.447667
0.393572
0.379761
0.375152
0.373103
0.371998
0.37138
0.371083
0.371068
0.371317
0.371831
0.37268
0.374271
0.37838
0.391625
0.44448
0.639513
0.247117
0.243443
0.616898
0.437975
0.391089
0.3789
0.37456
0.372534
0.371398
0.370779
0.37049
0.370515
0.370842
0.37147
0.372442
0.374189
0.37853
0.390856
0.437217
0.616034
0.243403
0.240449
0.590775
0.429868
0.390179
0.379081
0.374753
0.372544
0.371258
0.370578
0.370255
0.370282
0.370657
0.37141
0.372688
0.375157
0.379505
0.39017
0.429892
0.5908
0.240549
0.238442
0.565849
0.423392
0.3898
0.380211
0.376043
0.373571
0.37194
0.370787
0.370284
0.370287
0.370767
0.371787
0.373584
0.376173
0.380384
0.389925
0.423424
0.566253
0.238364
0.237612
0.540928
0.417504
0.389686
0.381396
0.377225
0.374446
0.372507
0.371317
0.370746
0.370758
0.371345
0.37254
0.374418
0.37715
0.381335
0.389631
0.417476
0.540859
0.237414
0.237355
0.517843
0.413029
0.390027
0.38239
0.378097
0.37516
0.373088
0.371741
0.371074
0.371065
0.371717
0.373059
0.375134
0.378091
0.382422
0.39011
0.413042
0.517919
0.237282
0.239717
0.495407
0.409285
0.390769
0.383533
0.378986
0.375741
0.373458
0.371995
0.371273
0.371272
0.371987
0.373445
0.375728
0.378967
0.383524
0.390765
0.409388
0.495576
0.239665
0.242452
0.475892
0.407555
0.39201
0.384805
0.379889
0.37634
0.373843
0.372239
0.371453
0.371447
0.372232
0.373838
0.376347
0.379912
0.384847
0.392086
0.407612
0.476077
0.242582
0.248275
0.458694
0.406883
0.39346
0.385984
0.380626
0.376761
0.374075
0.372364
0.37153
0.371528
0.372361
0.374066
0.376755
0.380625
0.385999
0.393502
0.406938
0.458786
0.248125
0.254266
0.444921
0.407308
0.395354
0.387301
0.381373
0.377137
0.37423
0.372428
0.371566
0.371564
0.372427
0.37423
0.377141
0.381383
0.387322
0.395398
0.407358
0.44494
0.254276
0.262672
0.434525
0.409542
0.397461
0.388446
0.381908
0.377337
0.374295
0.372449
0.371574
0.371573
0.372445
0.37429
0.377332
0.381911
0.388456
0.397489
0.409582
0.434558
0.262697
0.271824
0.429027
0.412798
0.399686
0.389509
0.382264
0.37741
0.3743
0.372435
0.371559
0.371559
0.372432
0.374298
0.377408
0.382269
0.389527
0.399724
0.412857
0.429059
0.271723
0.28233
0.426876
0.417187
0.401939
0.39028
0.382396
0.377379
0.374218
0.372381
0.371547
0.371547
0.372378
0.374217
0.377378
0.382399
0.390288
0.401955
0.417214
0.426903
0.28237
0.293664
0.427424
0.422486
0.404047
0.390618
0.382324
0.377157
0.37405
0.37232
0.371558
0.371557
0.372318
0.374048
0.377154
0.382324
0.390624
0.404064
0.422517
0.427444
0.29365
0.306075
0.43595
0.429009
0.405474
0.39064
0.381866
0.376731
0.373818
0.372294
0.37164
0.37164
0.372292
0.373815
0.376728
0.381864
0.390645
0.405491
0.429052
0.435972
0.306021
0.318214
0.447215
0.435339
0.406009
0.389811
0.380947
0.376107
0.373543
0.372304
0.371807
0.371807
0.372302
0.37354
0.376102
0.380945
0.389816
0.406026
0.435374
0.447228
0.318285
0.330734
0.464915
0.440472
0.40559
0.388222
0.379638
0.375378
0.373357
0.372453
0.372118
0.372118
0.372452
0.373355
0.375372
0.379635
0.388224
0.405606
0.440514
0.464908
0.330624
0.341744
0.484232
0.442461
0.402545
0.385426
0.377918
0.374621
0.373294
0.372753
0.372576
0.372576
0.372753
0.373294
0.374619
0.377915
0.385427
0.402554
0.442499
0.484266
0.341858
0.351604
0.494137
0.439012
0.396634
0.381676
0.37612
0.374232
0.373491
0.373248
0.373183
0.373183
0.373248
0.373489
0.374223
0.376114
0.381672
0.396635
0.439034
0.494163
0.351498
0.360863
0.495611
0.421009
0.386413
0.377492
0.375017
0.374169
0.373932
0.373885
0.373881
0.373881
0.373887
0.373932
0.374164
0.375007
0.377479
0.386402
0.42104
0.49563
0.360965
0.367826
0.430503
0.384486
0.375879
0.374836
0.374635
0.374593
0.374613
0.374625
0.374629
0.374629
0.374625
0.374613
0.374595
0.374638
0.374852
0.375923
0.384497
0.430496
0.36778
0.209016
0.528668
0.489039
0.430587
0.37744
0.336415
0.308207
0.291137
0.28221
0.278748
0.279462
0.284457
0.294808
0.312564
0.34034
0.380465
0.432241
0.489192
0.527937
0.208697
0.209004
0.528522
0.48847
0.429788
0.377171
0.336519
0.308313
0.291364
0.282714
0.279898
0.281072
0.286181
0.296237
0.313539
0.340666
0.380315
0.43195
0.488982
0.52788
0.208614
0.208888
0.528504
0.488294
0.429538
0.376926
0.336895
0.308188
0.291249
0.283088
0.279632
0.280285
0.285252
0.295424
0.312867
0.340212
0.380052
0.431683
0.488867
0.527877
0.208607
0.208711
0.528466
0.487973
0.429129
0.376533
0.336442
0.308038
0.291124
0.28177
0.278241
0.27919
0.284383
0.294632
0.312239
0.340052
0.379869
0.431442
0.488684
0.527717
0.208594
0.208574
0.528285
0.487964
0.428882
0.376219
0.336136
0.307883
0.291299
0.28172
0.278075
0.279128
0.284412
0.294528
0.312096
0.340155
0.379769
0.431365
0.48819
0.527597
0.208549
0.208405
0.528073
0.487593
0.42877
0.375882
0.335687
0.307832
0.292031
0.281683
0.278093
0.279349
0.284757
0.294521
0.311958
0.33965
0.379504
0.431118
0.488162
0.527525
0.208465
0.208324
0.527906
0.487323
0.428412
0.375577
0.335257
0.307646
0.291292
0.28163
0.277983
0.279793
0.286237
0.2946
0.311886
0.339608
0.379273
0.430847
0.487787
0.527515
0.208428
0.208178
0.527683
0.486988
0.428334
0.375296
0.334691
0.307505
0.290588
0.28162
0.278101
0.279863
0.284652
0.294462
0.311851
0.339817
0.379069
0.4306
0.487841
0.527471
0.208365
0.208058
0.527469
0.48659
0.428046
0.375034
0.334619
0.307946
0.290884
0.282833
0.278387
0.279234
0.283533
0.294921
0.312088
0.339233
0.378604
0.429903
0.48728
0.527363
0.208303
0.20792
0.527185
0.485942
0.427202
0.374585
0.334456
0.307267
0.291188
0.281713
0.279
0.27876
0.283505
0.29376
0.311039
0.338475
0.378108
0.429394
0.486966
0.527212
0.208224
0.207793
0.526953
0.485408
0.426425
0.374031
0.334444
0.306619
0.290224
0.281665
0.278081
0.280031
0.285056
0.29513
0.311369
0.338668
0.377864
0.429085
0.486652
0.527133
0.208141
0.207598
0.526665
0.48489
0.425816
0.373488
0.333565
0.306599
0.290574
0.28325
0.278458
0.279814
0.284477
0.294723
0.311868
0.338208
0.377519
0.428625
0.486198
0.526997
0.20801
0.207428
0.526391
0.484327
0.425261
0.373039
0.333006
0.306632
0.290788
0.282858
0.278504
0.279273
0.283818
0.294355
0.311259
0.338219
0.377511
0.428334
0.485811
0.526836
0.207839
0.207261
0.526132
0.483964
0.424935
0.372747
0.332941
0.307409
0.291976
0.283439
0.279681
0.280388
0.283666
0.293416
0.310274
0.337417
0.376829
0.427677
0.485358
0.526604
0.207693
0.207115
0.52584
0.483427
0.424401
0.372339
0.332765
0.306832
0.29133
0.282261
0.278517
0.28005
0.28444
0.294012
0.310221
0.337388
0.376395
0.427185
0.484836
0.526314
0.207528
0.206976
0.525634
0.483007
0.423979
0.37206
0.332749
0.306321
0.290969
0.283289
0.278612
0.278944
0.283403
0.292712
0.30941
0.336482
0.375922
0.426698
0.484472
0.526173
0.207485
0.206815
0.525381
0.482424
0.423376
0.371703
0.332723
0.306332
0.291625
0.282306
0.279804
0.280533
0.285004
0.292986
0.309369
0.336518
0.375536
0.426065
0.483929
0.525966
0.207292
0.206714
0.525277
0.481982
0.422867
0.371318
0.332524
0.306323
0.290584
0.282363
0.279209
0.27993
0.284534
0.292963
0.309215
0.335792
0.374855
0.425391
0.48343
0.525836
0.207162
0.20653
0.525004
0.481426
0.422275
0.370928
0.332405
0.306513
0.291006
0.282721
0.280375
0.281438
0.284215
0.293192
0.309309
0.335774
0.374412
0.424774
0.482857
0.525629
0.206985
0.206364
0.524717
0.480889
0.421625
0.370456
0.332273
0.306864
0.291561
0.283268
0.279713
0.280548
0.284295
0.293479
0.30942
0.336213
0.373882
0.424172
0.482394
0.525497
0.206866
0.206192
0.524454
0.480406
0.421086
0.370046
0.332072
0.307697
0.292775
0.283509
0.280014
0.281558
0.285638
0.294508
0.309312
0.335017
0.373243
0.423561
0.481916
0.525266
0.206678
0.206037
0.524234
0.479899
0.420411
0.369506
0.331693
0.307062
0.292145
0.283892
0.28027
0.280577
0.284805
0.293603
0.30977
0.334621
0.372781
0.422994
0.481442
0.525116
0.206525
0.205856
0.524034
0.479374
0.419861
0.369186
0.332097
0.308206
0.292876
0.28473
0.280933
0.281171
0.286261
0.2948
0.309443
0.334759
0.37235
0.422381
0.480857
0.524861
0.20628
0.205637
0.523763
0.478763
0.419239
0.36871
0.331709
0.308302
0.293465
0.285595
0.282867
0.282811
0.285641
0.294437
0.309925
0.334405
0.371777
0.421752
0.480314
0.52466
0.206067
0.205387
0.523435
0.47807
0.418545
0.368335
0.331734
0.308799
0.294396
0.286723
0.283344
0.283495
0.286988
0.294217
0.309245
0.333748
0.37118
0.420962
0.479612
0.524362
0.205816
0.205193
0.523197
0.477514
0.417965
0.368016
0.33203
0.308745
0.295751
0.287527
0.284973
0.284447
0.287382
0.294505
0.308775
0.332916
0.370492
0.420204
0.479
0.524074
0.205579
0.204976
0.522897
0.476875
0.417326
0.36761
0.331856
0.309128
0.296277
0.288294
0.285732
0.285382
0.288536
0.295215
0.309131
0.332742
0.369934
0.419331
0.478156
0.52363
0.205273
0.204831
0.522688
0.476271
0.41669
0.367223
0.332125
0.310379
0.297537
0.290259
0.287105
0.286636
0.289158
0.295825
0.309473
0.332578
0.369182
0.418359
0.477273
0.523134
0.204926
0.204578
0.522301
0.475556
0.415964
0.366825
0.332175
0.311259
0.298692
0.291503
0.2884
0.287837
0.290416
0.297512
0.310008
0.332531
0.368536
0.417375
0.476317
0.522683
0.204629
0.204407
0.522065
0.474896
0.415297
0.366492
0.332364
0.311945
0.299722
0.292716
0.289663
0.289223
0.291902
0.298151
0.310405
0.332425
0.367668
0.416263
0.47534
0.52218
0.204318
0.204135
0.521726
0.474087
0.414447
0.366036
0.332526
0.312666
0.300987
0.29425
0.29117
0.290703
0.293105
0.299437
0.310984
0.332502
0.366917
0.415205
0.474378
0.521667
0.204031
0.203892
0.521452
0.473328
0.413711
0.365671
0.332777
0.31324
0.301859
0.295483
0.292705
0.292405
0.294669
0.300373
0.311474
0.332946
0.366136
0.414142
0.47345
0.521203
0.203747
0.203522
0.520963
0.472364
0.412778
0.365182
0.333113
0.313956
0.303034
0.297066
0.294226
0.293757
0.295864
0.30143
0.312322
0.332442
0.365279
0.413102
0.472535
0.520831
0.203509
0.203163
0.520417
0.471383
0.411867
0.36464
0.332902
0.314434
0.303946
0.298235
0.295589
0.295344
0.297381
0.302535
0.312834
0.332159
0.364561
0.412106
0.471615
0.520431
0.203223
0.202775
0.519824
0.470371
0.410905
0.36409
0.33279
0.314981
0.304916
0.299494
0.296956
0.296563
0.298406
0.303408
0.313438
0.331813
0.363866
0.411097
0.470699
0.520072
0.202971
0.202401
0.519171
0.469374
0.409949
0.363481
0.332262
0.315446
0.305808
0.300643
0.298278
0.297957
0.29976
0.304511
0.314016
0.331553
0.363288
0.41012
0.469707
0.519554
0.202622
0.202124
0.518655
0.468472
0.409102
0.363005
0.332106
0.315912
0.306714
0.301834
0.299594
0.299294
0.300991
0.305517
0.314712
0.331629
0.36273
0.409102
0.468707
0.519046
0.202307
0.201895
0.518239
0.467671
0.408287
0.362487
0.331905
0.316153
0.307498
0.302965
0.300913
0.300658
0.302256
0.306508
0.315259
0.331787
0.36211
0.408091
0.467669
0.518489
0.201946
0.201766
0.517998
0.466913
0.407514
0.36196
0.331578
0.315837
0.308018
0.303904
0.302062
0.301857
0.303356
0.307345
0.315519
0.331116
0.36146
0.407042
0.466574
0.517912
0.20159
0.201654
0.517825
0.466224
0.406744
0.361412
0.33134
0.3148
0.308032
0.304509
0.302968
0.302864
0.304278
0.307973
0.315481
0.330888
0.360786
0.405978
0.465527
0.517402
0.201271
0.201504
0.51756
0.465469
0.40589
0.360735
0.33153
0.314884
0.307202
0.304444
0.303371
0.303494
0.304861
0.30829
0.314958
0.330609
0.360072
0.404856
0.464361
0.516747
0.200886
0.201301
0.51717
0.464607
0.404928
0.359848
0.330227
0.312543
0.304935
0.303243
0.302987
0.303646
0.305035
0.3084
0.315664
0.330586
0.35938
0.403755
0.463265
0.516194
0.200585
0.201085
0.516751
0.463664
0.403885
0.358935
0.329085
0.31206
0.304593
0.301644
0.301363
0.302764
0.30412
0.30734
0.314403
0.330597
0.358519
0.40252
0.462022
0.515485
0.200197
0.200836
0.516295
0.4626
0.402736
0.358017
0.327903
0.311759
0.305172
0.302325
0.300626
0.301103
0.302259
0.305639
0.31391
0.329637
0.35755
0.401305
0.46086
0.514938
0.199939
0.200555
0.515831
0.461407
0.401429
0.356971
0.326675
0.310536
0.301883
0.298943
0.301005
0.3026
0.303246
0.306125
0.312762
0.32868
0.356504
0.400031
0.459649
0.514361
0.199636
0.200215
0.515265
0.460104
0.399968
0.355824
0.326331
0.310625
0.301358
0.298101
0.297969
0.299053
0.299883
0.303137
0.310955
0.327149
0.355355
0.398737
0.458477
0.513881
0.19944
0.19984
0.514612
0.458682
0.398366
0.354415
0.326186
0.308242
0.300627
0.297651
0.29842
0.297186
0.299453
0.30274
0.310741
0.325549
0.354174
0.397429
0.45737
0.513463
0.199247
0.199435
0.513912
0.457203
0.39669
0.352984
0.324661
0.307879
0.299854
0.296765
0.295338
0.29601
0.299901
0.302669
0.311944
0.324624
0.3531
0.396057
0.45614
0.51296
0.198981
0.198989
0.513141
0.455578
0.394834
0.351357
0.323298
0.307821
0.299659
0.295652
0.294222
0.294573
0.296376
0.300772
0.310064
0.323854
0.351759
0.394522
0.454827
0.512428
0.198674
0.198528
0.512359
0.453928
0.392976
0.349769
0.321967
0.308702
0.300488
0.295605
0.294054
0.294425
0.296229
0.300468
0.3086
0.323394
0.35037
0.39288
0.453339
0.511831
0.198299
0.198085
0.511581
0.452186
0.39102
0.348141
0.322019
0.305868
0.297709
0.295729
0.293901
0.294277
0.296091
0.301392
0.307148
0.321213
0.34871
0.391047
0.451711
0.511145
0.197874
0.197613
0.510749
0.450362
0.388935
0.346041
0.318653
0.303428
0.296218
0.294057
0.293585
0.294101
0.295647
0.299221
0.306226
0.32063
0.347362
0.389158
0.449934
0.510272
0.197344
0.197119
0.509862
0.44839
0.386732
0.344247
0.316497
0.303484
0.29606
0.29558
0.294406
0.296237
0.29793
0.30105
0.306637
0.321575
0.345866
0.387053
0.448035
0.509352
0.196803
0.196571
0.508912
0.446228
0.384232
0.342362
0.3159
0.301504
0.295236
0.293962
0.295083
0.295034
0.296498
0.299488
0.306586
0.320234
0.344109
0.384883
0.44598
0.508346
0.196178
0.195934
0.507867
0.443808
0.3814
0.339979
0.316476
0.301503
0.295568
0.293802
0.293588
0.294075
0.295695
0.300437
0.306831
0.31927
0.342218
0.382496
0.443708
0.507186
0.195464
0.195191
0.506692
0.441156
0.378326
0.337126
0.313978
0.301593
0.297337
0.296445
0.296328
0.296705
0.297545
0.299548
0.30535
0.317402
0.340216
0.380058
0.441322
0.506033
0.19475
0.194308
0.505329
0.438293
0.375094
0.334116
0.312133
0.300179
0.296041
0.29621
0.296213
0.296568
0.297233
0.298215
0.304176
0.315669
0.338205
0.377378
0.438656
0.504642
0.193864
0.193272
0.50376
0.435199
0.371824
0.330968
0.309959
0.299058
0.296237
0.296425
0.296376
0.296795
0.298294
0.299618
0.303112
0.31407
0.336124
0.374485
0.435793
0.503261
0.192989
0.19206
0.501936
0.431801
0.368455
0.327565
0.307977
0.299223
0.297182
0.29855
0.298973
0.299087
0.29809
0.29936
0.301515
0.31203
0.333672
0.371281
0.432626
0.501592
0.1919
0.190664
0.499851
0.428144
0.365294
0.325312
0.306515
0.2996
0.297905
0.297968
0.298371
0.298687
0.299002
0.300227
0.301611
0.310185
0.331362
0.368048
0.429337
0.499828
0.190769
0.189043
0.497414
0.424075
0.361965
0.324601
0.307855
0.302253
0.301156
0.301448
0.301982
0.302271
0.301633
0.300642
0.301866
0.309497
0.329228
0.364597
0.425698
0.497771
0.189394
0.187271
0.494773
0.419764
0.358345
0.324899
0.30721
0.302852
0.302394
0.302857
0.303451
0.303671
0.303376
0.301944
0.303612
0.308575
0.326787
0.360906
0.421735
0.495442
0.187819
0.185212
0.491712
0.415126
0.354434
0.322004
0.307884
0.304227
0.304689
0.305698
0.305966
0.306143
0.305484
0.304425
0.303721
0.308422
0.324545
0.357164
0.417474
0.492833
0.18602
0.183038
0.488415
0.410265
0.350731
0.320577
0.307448
0.305876
0.306701
0.307681
0.308488
0.308484
0.307679
0.305989
0.304584
0.30907
0.322387
0.353315
0.412798
0.489738
0.183887
0.180588
0.484666
0.405176
0.346936
0.318978
0.307892
0.307467
0.308891
0.310407
0.311136
0.311113
0.309981
0.30817
0.306718
0.308098
0.320295
0.349443
0.407852
0.486298
0.181562
0.178073
0.480745
0.400062
0.343351
0.317822
0.309344
0.309082
0.310922
0.312801
0.313923
0.313827
0.312671
0.310764
0.308801
0.308707
0.318962
0.345747
0.402637
0.482355
0.178923
0.175319
0.476458
0.394845
0.339912
0.316599
0.309775
0.310739
0.313195
0.315339
0.316469
0.316398
0.315088
0.312844
0.310579
0.310262
0.317783
0.342057
0.397218
0.478043
0.17612
0.172532
0.471997
0.389752
0.33697
0.316076
0.31095
0.31254
0.31525
0.317464
0.318648
0.318623
0.317386
0.315157
0.312454
0.311075
0.316785
0.338657
0.391768
0.47338
0.173151
0.169637
0.467253
0.384692
0.334283
0.315852
0.312583
0.314495
0.317453
0.319844
0.321103
0.321079
0.319808
0.317447
0.314557
0.312766
0.316305
0.335609
0.386364
0.468401
0.170116
0.166838
0.462399
0.379963
0.332055
0.315738
0.313818
0.316351
0.319538
0.322004
0.323302
0.323308
0.322027
0.319597
0.316449
0.313983
0.315886
0.332982
0.381241
0.463311
0.167172
0.164159
0.457491
0.375625
0.33046
0.315831
0.315206
0.318182
0.321531
0.324081
0.325451
0.325526
0.324302
0.321864
0.318558
0.31563
0.316527
0.331311
0.376607
0.458159
0.164373
0.161788
0.452728
0.371799
0.329731
0.31713
0.317062
0.320258
0.323614
0.32611
0.327441
0.327516
0.326318
0.323919
0.320627
0.31749
0.317626
0.330088
0.372335
0.453109
0.161912
0.159774
0.448155
0.368487
0.32981
0.318587
0.318941
0.322241
0.325588
0.328061
0.329382
0.329478
0.328338
0.326016
0.322759
0.319488
0.319122
0.329817
0.368821
0.448366
0.159888
0.158221
0.443782
0.365522
0.329721
0.320024
0.32087
0.324273
0.32759
0.330008
0.331296
0.331395
0.330291
0.328017
0.324775
0.321347
0.320355
0.32965
0.365718
0.443856
0.158343
0.157371
0.439602
0.362912
0.329645
0.321361
0.322753
0.32629
0.32958
0.331937
0.333184
0.333277
0.332204
0.329981
0.32677
0.323254
0.321846
0.329998
0.363221
0.439724
0.157472
0.155954
0.435313
0.360479
0.32965
0.322885
0.324741
0.328356
0.331601
0.333892
0.335091
0.335173
0.334132
0.331971
0.328818
0.32524
0.323364
0.329928
0.360846
0.435581
0.156194
0.154116
0.430826
0.358026
0.329621
0.324328
0.32669
0.330412
0.333626
0.335855
0.337006
0.33707
0.336041
0.333912
0.330773
0.327094
0.324763
0.329945
0.358471
0.431236
0.154459
0.152531
0.425829
0.355374
0.329536
0.325828
0.328693
0.332512
0.33569
0.337857
0.338959
0.339003
0.337988
0.335896
0.332775
0.328995
0.326183
0.329983
0.355896
0.426367
0.152865
0.150829
0.420206
0.352534
0.32939
0.327329
0.330678
0.334609
0.337771
0.339889
0.340952
0.340983
0.339983
0.337921
0.334808
0.330915
0.327604
0.329845
0.352953
0.420657
0.151193
0.148809
0.413649
0.349326
0.329493
0.328896
0.332755
0.336799
0.339936
0.341998
0.343018
0.343035
0.342049
0.340018
0.336909
0.332888
0.329051
0.329674
0.34961
0.413981
0.149286
0.147071
0.406177
0.345883
0.329639
0.330536
0.334916
0.339064
0.342172
0.344177
0.345156
0.345167
0.344209
0.342225
0.339137
0.335005
0.330632
0.329742
0.346007
0.406247
0.14718
0.14503
0.397696
0.342353
0.329989
0.332401
0.337255
0.34146
0.344504
0.346432
0.347363
0.34737
0.346451
0.344536
0.341503
0.337308
0.33246
0.330059
0.342463
0.397763
0.145193
0.14358
0.388478
0.339021
0.330666
0.334517
0.339752
0.343967
0.346914
0.348745
0.349618
0.349623
0.348756
0.346935
0.343995
0.33979
0.334557
0.330707
0.339077
0.388485
0.143662
0.14289
0.378866
0.336247
0.331903
0.337012
0.342485
0.346608
0.349396
0.351095
0.351896
0.351898
0.351099
0.349404
0.346614
0.342487
0.337002
0.331874
0.336216
0.37885
0.142833
0.142689
0.369055
0.334249
0.33363
0.339801
0.345376
0.349325
0.351906
0.353445
0.354162
0.354162
0.353446
0.351909
0.34933
0.345382
0.339813
0.333643
0.334247
0.36909
0.142688
0.144083
0.359647
0.333314
0.335986
0.342972
0.348443
0.352103
0.354411
0.355754
0.356371
0.35637
0.355751
0.354405
0.352096
0.348431
0.342957
0.335968
0.33331
0.359634
0.144063
0.146758
0.350755
0.333067
0.338922
0.346402
0.351602
0.354874
0.356854
0.357974
0.358478
0.358478
0.357971
0.35685
0.354871
0.351599
0.346405
0.33893
0.333069
0.350793
0.146765
0.151379
0.343058
0.334218
0.342616
0.350137
0.354838
0.357607
0.359201
0.360068
0.36045
0.360449
0.360066
0.359197
0.357603
0.354832
0.350135
0.342622
0.334233
0.343088
0.151376
0.157809
0.336779
0.336722
0.346946
0.354084
0.358083
0.360255
0.361417
0.362011
0.362261
0.36226
0.36201
0.361415
0.360255
0.358085
0.35409
0.34696
0.336737
0.336798
0.157805
0.16656
0.333122
0.340807
0.351953
0.358199
0.361294
0.362781
0.363475
0.363781
0.363894
0.363893
0.36378
0.363474
0.36278
0.361295
0.358203
0.351961
0.340818
0.333138
0.166553
0.177369
0.331675
0.346321
0.357326
0.362357
0.364403
0.365146
0.365351
0.365363
0.365338
0.365337
0.365362
0.36535
0.365146
0.364406
0.362364
0.35734
0.346341
0.331686
0.177367
0.190802
0.33198
0.353404
0.363207
0.366544
0.367368
0.367314
0.367023
0.366746
0.366589
0.366588
0.366745
0.367021
0.367312
0.367367
0.366543
0.363206
0.353406
0.331988
0.190796
0.206977
0.338465
0.362298
0.36933
0.370556
0.370068
0.369222
0.368461
0.367924
0.367649
0.367648
0.367922
0.368459
0.369219
0.370067
0.370559
0.369338
0.362316
0.338486
0.206971
0.22518
0.347961
0.372148
0.375378
0.374232
0.3724
0.370813
0.36965
0.368903
0.368539
0.368539
0.368901
0.369646
0.370809
0.372396
0.37423
0.375379
0.372152
0.347963
0.225162
0.245923
0.363686
0.383374
0.381204
0.377375
0.374239
0.372028
0.370583
0.369714
0.369305
0.369305
0.369712
0.37058
0.372024
0.374235
0.377376
0.381212
0.38339
0.363691
0.245912
0.267928
0.384137
0.394789
0.385989
0.379344
0.375306
0.372816
0.371297
0.370424
0.370026
0.370026
0.370422
0.371294
0.372812
0.375302
0.379343
0.385994
0.394803
0.384134
0.267911
0.291303
0.410127
0.404642
0.388342
0.380083
0.375745
0.373316
0.371908
0.371141
0.370805
0.370805
0.371141
0.371907
0.373312
0.375743
0.380082
0.388346
0.404652
0.410124
0.29129
0.314368
0.434474
0.408927
0.388846
0.380084
0.375809
0.373632
0.372512
0.371958
0.371733
0.371734
0.371959
0.372512
0.373631
0.375809
0.380083
0.388849
0.408935
0.434471
0.314362
0.338069
0.444943
0.406815
0.385643
0.378093
0.375063
0.373776
0.373204
0.372963
0.372877
0.372877
0.372964
0.373206
0.373778
0.375064
0.378094
0.385644
0.406818
0.444936
0.338064
0.36436
0.421461
0.386482
0.377505
0.375378
0.374627
0.374348
0.374272
0.374255
0.374253
0.374253
0.374255
0.374272
0.374348
0.374627
0.375378
0.377505
0.386482
0.421464
0.364362
)
;

boundaryField
{
    fixedWalls_1
    {
        type            kqRWallFunction;
        value           nonuniform List<scalar> 
200
(
0.208553
0.208515
0.208522
0.208514
0.208452
0.208482
0.208456
0.208464
0.2085
0.208483
0.208484
0.208347
0.208215
0.208162
0.207997
0.2079
0.207659
0.207492
0.207254
0.207009
0.206801
0.206609
0.206434
0.206222
0.206046
0.205829
0.205613
0.205365
0.205102
0.204843
0.204612
0.20434
0.204027
0.203716
0.203399
0.203066
0.202784
0.202485
0.202231
0.2019
0.201558
0.201145
0.200725
0.200319
0.199917
0.199526
0.199174
0.198759
0.19838
0.197927
0.197513
0.197051
0.196548
0.196034
0.195364
0.194614
0.193669
0.192629
0.191397
0.190053
0.18852
0.186868
0.185036
0.183044
0.18089
0.178496
0.175987
0.173286
0.170575
0.167914
0.165412
0.163145
0.161164
0.159469
0.158031
0.156677
0.155228
0.1534
0.15142
0.149445
0.147224
0.145164
0.143645
0.14286
0.142701
0.144079
0.14677
0.151383
0.157813
0.166552
0.177375
0.190796
0.206986
0.225166
0.245931
0.267921
0.291299
0.314372
0.338058
0.364363
0.208594
0.208564
0.208511
0.208583
0.208651
0.208698
0.20867
0.208679
0.208586
0.208479
0.208331
0.208079
0.207938
0.207756
0.207617
0.207389
0.207236
0.207009
0.20674
0.20645
0.206145
0.205833
0.205478
0.205293
0.204996
0.204824
0.20451
0.204282
0.204051
0.203817
0.20363
0.203441
0.203255
0.202968
0.202606
0.202245
0.201861
0.201498
0.201175
0.200882
0.200566
0.200305
0.200043
0.199804
0.199536
0.199223
0.198888
0.198473
0.198061
0.197587
0.197089
0.196528
0.195915
0.19523
0.194463
0.193595
0.192628
0.191513
0.190286
0.188988
0.187556
0.186034
0.184389
0.182614
0.180679
0.178557
0.176308
0.173832
0.171321
0.168686
0.166228
0.16381
0.16171
0.159713
0.15804
0.156371
0.154826
0.153065
0.151213
0.149151
0.147068
0.145103
0.143589
0.142852
0.142695
0.144073
0.146769
0.151379
0.157799
0.166552
0.177357
0.190795
0.206965
0.225164
0.245908
0.267913
0.291293
0.314359
0.33807
0.36436
)
;
    }
    frontAndBack_1
    {
        type            empty;
    }
    inlet_1
    {
        type            fixedValue;
        value           uniform 0.375;
    }
    outlet_1
    {
        type            zeroGradient;
    }
    fixedWalls_2
    {
        type            kqRWallFunction;
        value           nonuniform List<scalar> 
200
(
0.615038
0.613774
0.612884
0.610321
0.609225
0.607489
0.605345
0.602844
0.601208
0.598775
0.597249
0.594988
0.59257
0.590909
0.588694
0.586718
0.584593
0.58258
0.579999
0.577745
0.576832
0.577893
0.577453
0.576499
0.573301
0.57236
0.57018
0.568338
0.566147
0.56409
0.562518
0.560241
0.55874
0.556327
0.554235
0.551722
0.549519
0.547585
0.545757
0.544137
0.542474
0.540826
0.539094
0.537613
0.535333
0.533382
0.530979
0.528568
0.526125
0.523264
0.520824
0.517585
0.514622
0.511415
0.508353
0.505078
0.502005
0.498378
0.494757
0.489766
0.484326
0.476954
0.46802
0.456972
0.443753
0.4289
0.412323
0.39504
0.377163
0.359149
0.341729
0.324371
0.308584
0.293038
0.280114
0.268648
0.260626
0.256519
0.2512
0.245946
0.24281
0.239907
0.238092
0.237295
0.237203
0.239682
0.242575
0.248234
0.254226
0.26277
0.271742
0.282382
0.293659
0.306065
0.318248
0.330693
0.341781
0.351572
0.360856
0.367813
0.612555
0.611623
0.609948
0.611326
0.608868
0.609557
0.608584
0.60558
0.60474
0.603237
0.602601
0.60159
0.600896
0.599577
0.598481
0.59676
0.595141
0.593783
0.591714
0.590088
0.58779
0.585584
0.583436
0.581634
0.579501
0.577568
0.575814
0.574111
0.571588
0.56903
0.565873
0.563229
0.561018
0.558764
0.556122
0.553609
0.550945
0.548119
0.545424
0.542684
0.54022
0.537245
0.534692
0.531752
0.528966
0.525842
0.522551
0.51872
0.514965
0.510564
0.506456
0.501771
0.497787
0.493408
0.489612
0.485947
0.482362
0.478617
0.474247
0.469115
0.4629
0.455474
0.44643
0.43604
0.423762
0.410716
0.396218
0.38101
0.36551
0.34935
0.333811
0.31791
0.303552
0.289814
0.278381
0.269118
0.262043
0.257435
0.252074
0.247299
0.243987
0.240421
0.238315
0.237271
0.237163
0.239583
0.242572
0.248128
0.254167
0.262708
0.271661
0.282373
0.293567
0.306096
0.318154
0.330745
0.341737
0.351588
0.360899
0.367804
)
;
    }
    frontAndBack_2
    {
        type            empty;
    }
    inlet_2
    {
        type            fixedValue;
        value           uniform 0.375;
    }
    outlet_2
    {
        type            zeroGradient;
    }
    fixedWalls_3
    {
        type            kqRWallFunction;
        value           nonuniform List<scalar> 
200
(
1.08621
1.08338
1.08129
1.0761
1.07481
1.07169
1.07061
1.06903
1.06396
1.06285
1.05998
1.05555
1.05256
1.04785
1.04496
1.04173
1.03834
1.03464
1.03093
1.02575
1.02138
1.01744
1.0123
1.00851
1.00402
1.00017
0.996818
0.99276
0.9889
0.98526
0.980985
0.977327
0.973021
0.969199
0.965784
0.961835
0.958144
0.953258
0.949678
0.945732
0.943162
0.940118
0.937631
0.934729
0.931115
0.92677
0.92188
0.917253
0.912115
0.907304
0.901842
0.896166
0.889264
0.881561
0.872273
0.861297
0.849186
0.835565
0.821125
0.805521
0.789379
0.77229
0.754571
0.73581
0.716019
0.69507
0.672241
0.647803
0.620839
0.592072
0.560908
0.528516
0.494725
0.461369
0.428108
0.397001
0.368029
0.343741
0.323555
0.309557
0.299677
0.293908
0.290722
0.289062
0.288572
0.289364
0.292249
0.295191
0.300385
0.306175
0.312785
0.320183
0.327864
0.336081
0.343671
0.351266
0.357113
0.362462
0.366085
0.369751
1.06418
1.0574
1.05902
1.05716
1.05521
1.05386
1.05192
1.05033
1.04769
1.04516
1.03881
1.0349
1.03161
1.02721
1.02287
1.01847
1.01637
1.01387
1.01454
1.01325
1.0109
1.00531
1.00289
0.998565
0.992583
0.989271
0.984662
0.979316
0.975199
0.969151
0.964941
0.960324
0.95697
0.953872
0.951377
0.949116
0.946516
0.94489
0.941202
0.938869
0.935267
0.931788
0.928136
0.924129
0.921278
0.917022
0.914535
0.910055
0.907161
0.902437
0.898575
0.894474
0.889955
0.885841
0.880518
0.874744
0.867665
0.858343
0.848361
0.835008
0.820981
0.803694
0.785192
0.764142
0.740754
0.715133
0.685886
0.654426
0.618793
0.580946
0.540761
0.499562
0.459783
0.422877
0.390909
0.363527
0.34229
0.324792
0.31338
0.304629
0.298725
0.293614
0.290539
0.289022
0.288449
0.289273
0.292003
0.29509
0.300434
0.305844
0.312941
0.320051
0.327935
0.336013
0.343816
0.35112
0.357313
0.362312
0.366281
0.369675
)
;
    }
    frontAndBack_3
    {
        type            empty;
    }
    inlet_3
    {
        type            fixedValue;
        value           uniform 0.375;
    }
    outlet_3
    {
        type            zeroGradient;
    }
    fixedWalls_4
    {
        type            kqRWallFunction;
        value           nonuniform List<scalar> 
200
(
0.615185
0.614218
0.613458
0.612484
0.611555
0.610361
0.609217
0.606823
0.60638
0.605421
0.603028
0.601308
0.600203
0.59878
0.597702
0.595861
0.594941
0.59406
0.594264
0.593181
0.590369
0.588238
0.586257
0.583562
0.58199
0.579623
0.577369
0.575009
0.572266
0.56979
0.567333
0.564154
0.561354
0.55831
0.556207
0.554143
0.552697
0.551293
0.550221
0.548502
0.546541
0.544152
0.541745
0.538839
0.535543
0.532165
0.529268
0.525513
0.522196
0.518583
0.514324
0.510795
0.506858
0.503625
0.4999
0.496972
0.49283
0.488926
0.483533
0.477804
0.47024
0.462141
0.452216
0.441587
0.42949
0.416983
0.403536
0.389713
0.375366
0.360521
0.34597
0.331103
0.317542
0.303912
0.291497
0.279899
0.269091
0.260308
0.252587
0.247347
0.243443
0.240449
0.238442
0.237612
0.237355
0.239717
0.242452
0.248275
0.254266
0.262672
0.271824
0.28233
0.293664
0.306075
0.318214
0.330734
0.341744
0.351604
0.360863
0.367826
0.604692
0.601762
0.60056
0.598456
0.597635
0.596462
0.597301
0.598932
0.596831
0.599673
0.598697
0.596577
0.59728
0.594185
0.59322
0.590972
0.589078
0.587555
0.585713
0.583736
0.581806
0.579586
0.577964
0.576033
0.574505
0.572971
0.571495
0.569762
0.568128
0.565805
0.56391
0.561636
0.559348
0.556844
0.554277
0.552101
0.549751
0.548111
0.546246
0.5442
0.542114
0.539673
0.536931
0.534101
0.530395
0.526143
0.521769
0.517289
0.51314
0.508228
0.504662
0.500925
0.497157
0.493734
0.490684
0.487048
0.484246
0.480127
0.476161
0.471236
0.465987
0.459375
0.452146
0.443119
0.433071
0.421038
0.407368
0.391855
0.374547
0.35633
0.337263
0.319136
0.301716
0.287171
0.274837
0.2661
0.259515
0.255982
0.252117
0.247117
0.243403
0.240549
0.238364
0.237414
0.237282
0.239665
0.242582
0.248125
0.254276
0.262697
0.271723
0.28237
0.29365
0.306021
0.318285
0.330624
0.341858
0.351498
0.360965
0.36778
)
;
    }
    frontAndBack_4
    {
        type            empty;
    }
    inlet_4
    {
        type            fixedValue;
        value           uniform 0.375;
    }
    outlet_4
    {
        type            zeroGradient;
    }
    fixedWalls_5
    {
        type            kqRWallFunction;
        value           nonuniform List<scalar> 
200
(
0.209016
0.209004
0.208888
0.208711
0.208574
0.208405
0.208324
0.208178
0.208058
0.20792
0.207793
0.207598
0.207428
0.207261
0.207115
0.206976
0.206815
0.206714
0.20653
0.206364
0.206192
0.206037
0.205856
0.205637
0.205387
0.205193
0.204976
0.204831
0.204578
0.204407
0.204135
0.203892
0.203522
0.203163
0.202775
0.202401
0.202124
0.201895
0.201766
0.201654
0.201504
0.201301
0.201085
0.200836
0.200555
0.200215
0.19984
0.199435
0.198989
0.198528
0.198085
0.197613
0.197119
0.196571
0.195934
0.195191
0.194308
0.193272
0.19206
0.190664
0.189043
0.187271
0.185212
0.183038
0.180588
0.178073
0.175319
0.172532
0.169637
0.166838
0.164159
0.161788
0.159774
0.158221
0.157371
0.155954
0.154116
0.152531
0.150829
0.148809
0.147071
0.14503
0.14358
0.14289
0.142689
0.144083
0.146758
0.151379
0.157809
0.16656
0.177369
0.190802
0.206977
0.22518
0.245923
0.267928
0.291303
0.314368
0.338069
0.36436
0.208697
0.208614
0.208607
0.208594
0.208549
0.208465
0.208428
0.208365
0.208303
0.208224
0.208141
0.20801
0.207839
0.207693
0.207528
0.207485
0.207292
0.207162
0.206985
0.206866
0.206678
0.206525
0.20628
0.206067
0.205816
0.205579
0.205273
0.204926
0.204629
0.204318
0.204031
0.203747
0.203509
0.203223
0.202971
0.202622
0.202307
0.201946
0.20159
0.201271
0.200886
0.200585
0.200197
0.199939
0.199636
0.19944
0.199247
0.198981
0.198674
0.198299
0.197874
0.197344
0.196803
0.196178
0.195464
0.19475
0.193864
0.192989
0.1919
0.190769
0.189394
0.187819
0.18602
0.183887
0.181562
0.178923
0.17612
0.173151
0.170116
0.167172
0.164373
0.161912
0.159888
0.158343
0.157472
0.156194
0.154459
0.152865
0.151193
0.149286
0.14718
0.145193
0.143662
0.142833
0.142688
0.144063
0.146765
0.151376
0.157805
0.166553
0.177367
0.190796
0.206971
0.225162
0.245912
0.267911
0.29129
0.314362
0.338064
0.364362
)
;
    }
    frontAndBack_5
    {
        type            empty;
    }
    inlet_5
    {
        type            fixedValue;
        value           uniform 0.375;
    }
    outlet_5
    {
        type            zeroGradient;
    }
}


// ************************************************************************* //
