/*--------------------------------*- C++ -*----------------------------------*\
  =========                 |
  \\      /  F ield         | OpenFOAM: The Open Source CFD Toolbox
   \\    /   O peration     | Website:  https://openfoam.org
    \\  /    A nd           | Version:  6
     \\/     M anipulation  |
\*---------------------------------------------------------------------------*/
FoamFile
{
    version     2.0;
    format      ascii;
    class       volScalarField;
    location    "6";
    object      epsilon;
}
// * * * * * * * * * * * * * * * * * * * * * * * * * * * * * * * * * * * * * //

dimensions      [0 2 -3 0 0 0 0];

internalField   nonuniform List<scalar> 
10000
(
417.332
286.483
169.456
107.922
71.4537
49.9639
36.8985
29.1345
24.8246
22.9262
22.9405
24.7974
28.849
36.0036
48.1919
68.6565
102.656
162.265
279.679
409.661
434.183
296.287
175.428
111.354
72.1722
50.1066
36.8763
29.0698
24.7411
22.8362
22.859
24.7211
28.7548
35.8211
47.8944
69.167
105.438
165.613
285.333
423.681
440.119
306.779
180.593
112.265
72.9428
50.1817
36.8384
28.9916
24.6385
22.7498
22.9225
24.8578
28.9114
35.6012
48.5469
69.2768
105.557
167.17
287.941
427.266
450.844
302.919
178.059
111.427
72.8858
50.2419
37.1259
29.2926
24.856
22.6629
22.939
24.9708
29.1803
36.3836
48.9523
69.5023
105.817
171.402
296.734
439.519
495.33
305.064
174.989
110.107
73.0635
50.32
37.0664
29.1557
24.7904
22.9078
22.9568
25.0791
29.3937
36.864
49.2303
69.7638
104.526
166.519
282.98
476.885
437.339
310.197
177.353
111.498
73.4133
50.6679
36.5323
28.5184
24.5275
22.5541
22.6852
25.0384
29.3697
36.8788
49.3016
70.1594
105.374
172.876
278.236
387.913
480.559
299.779
169.112
108.053
73.1674
50.6713
37.0769
29.0493
24.4226
22.9126
23.125
25.1251
29.376
36.8308
49.3042
69.9276
106.06
167.222
279.174
391.636
440.641
291.227
168.949
108.228
72.9477
50.5824
37.0347
29.1117
24.7764
22.9432
23.0299
24.736
28.8628
36.3236
49.2179
69.6466
103.552
162.985
280.49
387.917
406.112
300.633
170.984
109.221
73.3101
50.3143
36.7472
28.8792
24.5791
22.4581
22.6556
25.0492
29.4019
36.9342
49.49
70.3751
104.06
164.407
283.841
399.753
414.598
299.647
173.241
109.974
73.2653
49.6981
35.9478
28.6631
24.5331
22.5944
22.7492
25.0503
29.4419
37.0233
49.5027
70.1006
104.739
166.25
286.501
400.884
482.52
308.861
176.455
111.257
73.3104
50.3882
36.2341
28.1968
24.4338
22.793
22.9894
25.0345
29.3526
36.9083
49.5421
70.7074
105.459
171.731
297.888
411.91
459.153
315.425
182.516
114.892
74.0569
50.4878
36.7145
28.3945
24.1522
22.7501
23.0045
25.0262
29.2359
36.4138
49.3744
70.4603
105.479
166.64
288.365
447.274
438.355
312.799
177.452
113.392
73.748
50.4615
36.806
28.877
24.606
22.8043
22.9867
24.9659
29.1781
36.6478
49.252
70.8555
107.704
172.03
293.906
389.479
478.432
302.007
170.424
112.599
73.7008
49.8087
36.5902
28.8036
24.523
22.4486
22.8827
24.8961
29.0616
36.0648
48.5522
69.9879
104.77
164.98
284.154
432.337
391.759
296.476
169.322
110.434
73.1458
49.9293
36.3385
28.2576
24.4351
22.6615
22.7825
24.7485
28.9867
36.4491
48.9909
70.1208
105.199
166.31
284.712
399.835
396.619
281.69
169.545
114.281
73.0147
49.7176
35.8142
28.4598
24.253
22.0994
22.1158
24.0233
28.2642
36.1835
48.8979
70.064
106.973
170.16
294.595
404.813
402.737
289.487
174.121
110.602
72.5147
49.0647
36.1438
28.397
23.8655
22.0197
22.18
24.1291
28.2794
35.6556
48.4183
69.9034
105.509
164.935
287.508
423.49
465.982
279.885
163.094
106.505
71.2389
48.997
35.8986
28.2536
24.0892
22.3277
22.4523
24.4107
28.5738
35.9362
48.5002
69.4152
104.287
166.031
289.991
433.628
421.942
277.458
164.107
106.999
71.2655
48.3895
35.6949
28.095
23.9839
22.2488
22.388
24.3617
28.498
35.7906
48.3267
69.763
105.045
167.987
294.164
455.689
389.839
279.519
165.968
109.878
70.9975
48.3694
35.5437
27.5433
23.455
21.7161
21.8047
23.8397
28.2376
35.314
47.5455
69.291
105.849
173.593
302.972
521.231
399.205
284.078
168.12
106.791
70.6882
48.8772
35.8054
28.1281
23.9115
22.142
22.1095
24.2309
28.3407
35.1399
47.6796
69.6006
107.207
170.374
291.884
454.677
463.704
296.628
177.208
109.64
71.2259
49.0308
35.9224
28.2358
23.7064
21.98
22.3287
24.2774
28.5121
35.8765
48.3927
69.9274
107.394
174.647
299.546
428.85
424.053
282.015
170.912
107.188
70.9668
48.8446
35.8831
28.3753
24.2612
22.4441
22.4623
24.007
28.3955
35.6864
48.0071
70.2839
108.49
175.051
307.627
491.356
382.924
281.207
177.697
107.744
71.1807
48.4027
35.8082
28.3645
24.2571
22.4825
22.5868
24.3103
28.5687
36.2914
48.9953
70.4276
107.863
175.937
310.452
488.374
384.749
283.899
173.503
107.705
71.4903
48.7087
35.1595
28.1704
24.164
22.3113
22.6539
24.6371
28.8424
36.297
48.9017
70.2278
108.107
178.42
310.661
491.112
398.604
288.593
169.287
107.65
71.4936
48.8786
35.4337
27.74
23.7312
22.1758
22.5805
24.3013
28.344
35.6976
48.672
69.8821
106.653
174.708
302.865
471.766
410.721
286.882
171.27
108.5
71.769
49.3724
35.9232
28.2668
24.2189
22.5692
22.6165
24.8023
28.9881
36.3384
48.6999
69.5642
106.461
168.923
302.429
514.227
469.75
297.208
179.783
111.465
71.9758
49.7605
36.4793
28.7664
24.6749
22.9373
22.9995
24.9821
29.1687
36.5475
48.8727
69.1999
103.423
166.12
295.957
431.114
434.967
291.905
172.725
107.806
71.5604
49.4531
36.198
28.2016
24.2012
22.8099
23.0576
24.9968
29.1867
36.5834
48.9515
69.6026
103.498
165.979
304.864
437.073
408.351
287.766
171.974
108.55
71.7471
48.9147
35.656
28.2365
24.5142
22.5828
22.9858
24.994
29.2139
36.6521
49.0728
69.8959
103.61
164.317
285.744
445.002
416.884
302.869
170.1
109.81
72.176
49.6624
36.5463
28.7804
24.6901
22.9144
23.031
24.9171
28.8338
36.2432
48.769
69.6571
103.745
163.725
282.794
398.239
437.405
292.659
172.109
109.324
72.1114
49.377
36.5138
28.3682
24.6721
22.9526
23.0574
24.8094
29.3452
36.9042
49.2717
70.1622
104.724
165.13
285.469
414.57
488.765
293.726
168.686
106.889
71.9639
49.7847
36.7034
28.6189
24.6765
22.8801
22.7647
25.013
29.4205
37.0709
49.7502
71.1707
107.896
167.387
287.812
448.811
423.899
292.042
169.492
106.977
71.6831
49.9439
36.2607
28.9102
24.6749
22.8435
22.8743
24.6011
29.1662
36.8391
49.6458
71.3251
108.363
173.125
291.505
375.288
478.301
301.708
174.972
107.366
71.7149
49.912
36.5665
28.7301
24.104
22.2206
22.3486
24.3266
28.4967
36.127
49.4462
71.1835
107.791
170.924
291.276
383.813
443.957
292.691
169.825
107.055
71.6537
49.6441
35.7983
28.1706
24.2664
22.3865
22.49
24.4286
28.601
36.0866
49.1717
71.5234
111.114
179.03
288.815
440.405
415.977
285.425
163.509
106.978
71.8588
49.5646
35.9045
28.5286
24.0839
22.5943
22.7468
24.7078
28.861
36.1968
48.9394
70.3201
107.09
171.143
285.271
415.225
421.234
284.577
163.162
105.968
70.9705
49.1769
35.659
28.5329
24.3931
22.5961
22.7318
24.6992
28.8233
36.2528
48.5143
69.5449
104.935
167.671
285.339
400.987
491.259
295.818
164.522
107.097
71.1338
48.8203
35.5639
28.4284
24.2771
22.4144
22.3397
24.4852
28.3629
35.8403
48.6357
69.363
105.327
173.585
294.027
414.607
462.883
284.051
164.311
110.024
72.0094
49.4039
35.7982
28.4946
24.2712
22.1367
22.511
24.3727
28.8516
36.2651
48.5562
68.7951
104.539
167.049
279.688
422.143
428.144
280.963
163.543
107.607
71.0632
49.269
36.1116
28.5114
24.3203
22.3054
22.4201
24.6289
28.8474
35.8713
48.3305
68.2001
101.282
161.067
276.573
360.446
478.797
283.428
164.832
105.567
70.5872
49.1039
36.012
28.4602
24.3456
22.579
22.7008
24.6731
28.8227
36.1797
48.3712
68.2969
101.518
164.265
286.732
368.916
415.346
283.334
166.302
106.058
70.5085
48.4822
35.1314
27.7391
23.7446
22.0671
22.2062
24.1501
28.7023
36.1216
48.3445
68.3228
101.367
160.62
277.871
369.432
475.519
292.882
171.606
106.842
70.7442
48.9145
35.5554
28.2898
24.2362
22.4881
22.5552
24.2466
28.2968
35.5663
48.0087
68.8953
101.766
162.036
282.238
383.304
463.333
294.882
171.495
107.433
70.9897
49.0231
35.9508
28.3519
24.2636
22.5138
22.6213
24.5
28.6223
35.8317
48.0448
68.4294
102.162
163.328
285.864
389.405
463.883
295.389
171.674
108.897
71.1906
48.4003
35.2668
27.5859
23.6662
21.9914
22.167
24.0418
28.1363
35.3267
47.9733
68.294
102.708
164.373
288.974
401.235
427.826
290.445
169.621
107.533
71.3329
48.8556
35.9762
28.0835
24.1587
22.4051
22.6193
24.5685
28.6129
35.8246
47.9853
68.0518
102.135
164.692
297.841
408.328
432.035
291.383
170.152
107.778
71.5687
48.9684
35.7051
28.4862
24.2906
22.1472
22.3488
24.4183
28.1236
35.2425
47.8021
67.9799
102.153
164.536
290.362
418.972
445.41
293.29
171.075
108.006
71.9107
49.4966
36.4821
28.7153
24.4318
22.5082
22.7334
24.3986
28.4135
35.5505
47.5888
67.9507
102.472
164.961
293.214
462.702
472.33
291.735
171.932
108.204
72.0612
50.1083
36.6185
28.672
24.2091
22.4538
22.8362
24.8338
28.942
36.1181
48.0998
68.197
103.12
167.908
288.594
403.991
412.175
283.936
167.173
109.362
72.2789
50.1677
36.7111
28.4721
24.5289
22.7871
22.9138
24.8725
29.0339
36.2611
48.1927
67.9871
103.539
165.208
291.276
452.466
469.798
292.558
168.976
107.719
72.0384
50.0787
36.6836
28.3704
24.1521
22.3719
22.4817
24.4592
28.934
36.2458
48.175
67.7234
102.07
160.92
284.35
437.263
430.582
290.279
172.995
108.459
72.0845
49.9528
36.6715
28.8972
24.6564
22.828
22.9044
24.8342
28.9866
36.2211
48.3041
67.7464
100.846
164.462
288.395
426.671
387.47
290.493
166.053
108.423
71.7797
49.2528
35.9083
28.3814
24.6217
22.8769
22.9449
24.8549
28.925
35.7728
48.3445
68.0726
101.047
159.399
278.845
395.634
384.391
287.774
165.591
106.238
71.3491
49.4831
36.3281
28.7868
24.667
22.844
22.6152
24.4386
28.8146
35.9946
48.6395
68.783
103.05
160.157
277.114
400.515
393.84
284.194
165.589
106.206
71.2468
48.9491
35.7595
28.7435
24.7011
22.9484
23.0409
24.8229
28.9866
36.4925
48.8868
69.1617
103.663
163.872
283.72
459.841
400.142
297.805
167.776
106.814
71.8704
49.612
36.3753
28.7692
24.6827
22.9463
23.0123
24.5532
28.5811
36.6194
49.0893
69.5895
104.429
164.437
278.948
421.236
408.82
284.129
167.683
107.124
71.5289
49.0041
35.7373
28.6458
24.695
23.025
23.1759
25.1183
29.1488
36.855
49.2564
70.1972
106.103
166.568
278.544
382.879
421.733
295.599
169.62
107.496
71.3839
49.3116
36.0046
28.5389
24.5996
22.9419
23.1491
25.2006
29.5376
37.056
49.2129
70.5749
107.151
169.303
283.069
387.029
477.584
287.748
174.405
110.437
71.8191
49.4046
35.3333
27.8891
23.9989
22.4911
23.0437
25.1713
29.5124
37.082
49.7224
70.8389
107.739
171.04
289.165
431.911
400.593
283.686
168.487
107.851
71.4931
49.5096
36.0489
28.6111
24.5207
22.8918
23.1111
25.1522
29.4587
37.022
49.6936
70.8033
106.766
171.452
287.022
402.091
412.89
287.295
172.062
108.575
71.5305
49.5629
36.393
28.6311
24.2888
22.8622
23.1206
25.1635
29.4634
37.0187
49.7002
71.0221
107.94
169.952
290.98
410.76
418.305
290.307
170.9
109.665
71.4734
49.4158
36.3452
28.4357
24.5995
22.8303
23.0003
25.0432
29.3316
36.8638
49.5455
70.8004
106.245
168.333
302.823
469.444
440.27
298.383
172.548
108.046
71.1892
49.3106
36.2627
28.6514
24.4374
22.2882
22.3925
24.4846
29.0871
36.6419
49.1612
70.7577
106.466
167.175
291.108
443.409
481.613
298.443
171.622
107.973
71.1627
48.7499
35.5178
28.0362
24.2447
22.3377
22.5653
24.7642
29.0674
36.5742
48.9964
70.5579
107.211
168.11
297.578
495.38
472.59
299.622
174.349
109.552
71.4393
49.3282
36.1491
28.4528
23.9577
22.3079
22.7583
24.7478
28.6164
36.0455
48.9415
70.513
105.791
167.504
286.433
430.01
482.961
302.052
176.306
110.152
71.4799
49.1419
36.0829
28.398
23.9335
22.3207
22.7471
24.7623
28.9175
36.3521
49.1465
70.4407
107.833
173.087
293.489
392.295
465.293
295.101
176.582
110.912
71.7399
49.3146
35.5202
28.1579
23.8789
22.451
22.6646
24.3575
28.4686
35.6991
49.0512
70.1094
105.483
169.777
297.479
437.098
424.147
293.936
176.118
110.689
71.6269
49.2765
36.0205
28.269
23.7845
22.1831
22.6126
24.6631
28.7042
36.1529
49.188
70.1025
105.458
173.282
293.232
407.168
428.991
297.843
174.138
110.002
71.6513
49.3174
36.0648
28.3398
23.943
22.4121
22.3081
24.3375
28.9867
36.7073
49.31
70.0989
105.066
164.9
297.8
412.328
452.604
310.09
176.645
110.163
71.9773
49.2066
35.9373
28.3164
24.2335
22.5932
22.5345
24.4671
28.6211
36.5778
49.2306
70.4879
107.433
163.846
288.439
431.188
478.193
304.3
180.81
112.422
72.2704
48.9155
35.4155
27.7815
23.7585
22.611
22.9288
24.939
29.0856
36.5795
48.9463
69.6891
105.972
164.085
289.567
472.63
484.502
303.457
176.453
109.639
71.8171
49.3415
36.0918
28.4323
24.1389
22.6438
22.9907
24.9908
28.799
36.5089
48.6695
69.7298
105.61
161.259
276.139
401.081
434.321
294.451
172.119
111.122
71.9409
48.9306
35.2692
27.8428
24.2894
22.7134
22.9497
25.004
29.2833
36.6068
48.8025
69.2052
105.1
164.537
280.232
362.989
504.905
298.163
177.526
109.377
71.2448
48.1895
35.2119
27.8243
24.1621
22.319
22.736
24.5517
29.1585
36.6059
48.8845
69.2796
103.882
160.002
273.256
370.655
475.759
293.799
167.422
109.863
70.6982
48.2553
35.3656
27.969
24.2292
22.5615
22.7375
24.5661
29.0791
36.502
48.8146
69.1125
102.764
161.052
279.707
372.076
440.568
291.466
167.346
107.589
70.0848
48.268
35.8792
28.3847
24.2213
22.4876
22.3735
24.3949
28.9177
36.3764
48.8648
69.7612
104.98
165.023
275.958
417.151
477.077
292.541
167.717
106.363
70.0002
48.7468
36.0812
28.4054
23.7501
22.3307
22.3175
24.3161
28.4174
35.6658
48.3081
69.3571
103.874
163.52
276.492
385.103
407.301
288.872
169.099
104.445
69.5932
48.6322
35.9843
28.3878
23.8312
22.1161
22.2919
24.5476
28.7101
35.7338
48.3994
69.8286
105.83
166.987
279.254
390.34
419.86
279.286
163.622
104.222
69.6211
48.5141
35.8809
28.3977
24.0297
22.4632
22.4221
24.54
28.7417
35.7312
48.3497
69.46
104.616
165.669
286.734
444.935
468.411
282.435
165.107
104.786
69.5351
48.389
35.729
28.3695
24.3125
22.5055
22.4813
24.1741
28.6558
35.9632
47.9735
69.3332
104.859
165.987
285.836
439.988
419.342
284.882
166.521
105.504
69.5798
48.1378
35.4474
28.154
24.1528
22.3578
22.1156
24.0328
28.4977
35.918
48.3327
69.4154
105.337
167.066
287.079
449.278
475.965
290.052
169.848
106.898
69.5794
47.9494
35.1752
27.4631
23.576
22.189
22.2987
23.9553
27.8898
35.0944
47.9629
69.0465
106.208
169.55
292.085
449.635
474.282
290.082
169.165
105.468
68.8856
47.0362
34.9103
27.7184
23.788
21.8116
21.8764
24.0026
27.9865
34.836
47.1664
68.5851
105.419
166.925
286.692
427.306
478.436
288.081
166.659
104.815
67.9669
47.1143
34.7917
27.5733
23.3904
21.88
21.8363
23.8707
27.8014
34.5101
46.712
67.9489
104.615
167.693
295.748
435.65
458.479
293.282
167.065
105.196
67.4585
46.6969
34.4009
27.3615
23.4969
21.818
21.6516
23.2984
27.0844
34.0185
46.1291
67.2362
105.349
167.885
291.885
454.12
475.452
289.338
166.807
103.819
66.4652
45.3889
33.8767
27.0335
23.2316
21.3667
21.6318
23.3483
27.105
33.8473
45.6966
65.9768
104.072
169.315
297.832
508.945
538.137
295.812
166.983
102.732
65.3876
44.4879
32.5743
25.9262
22.4371
20.9686
21.0554
23.0154
26.7126
33.1706
44.1015
64.4774
101.583
164.083
290.163
456.222
533.428
287.347
162.926
100.499
63.6382
43.233
31.7564
25.3629
22.2241
20.8226
20.8037
22.3193
25.6493
31.7178
42.5716
62.4998
99.2503
163.209
286.345
519.656
548.314
287.247
163.737
97.797
61.0777
41.2929
30.5978
24.826
21.8018
20.4875
20.5894
22.2227
25.4346
31.0518
41.1305
59.9943
96.0302
161.782
282.626
485.92
542.805
285.627
160.427
93.894
58.4273
39.756
29.8256
24.5165
21.8804
20.5737
20.5181
21.5886
24.4254
29.799
39.464
57.2568
91.8216
161.226
284.111
532.415
514.999
290.692
154.112
88.2087
54.9064
37.8431
28.7999
23.934
21.3304
20.3442
20.3216
21.2502
23.7191
28.5012
37.4038
54.1472
86.6982
151.583
285.76
464.359
558.969
273.425
143.149
81.1882
50.8796
35.6395
27.6016
23.2562
20.8996
19.8408
19.8169
20.8049
23.0545
27.3394
35.2555
50.4709
80.9017
142.974
268.697
473.773
479.09
252.92
130.681
73.8916
46.632
33.1106
26.0752
22.2882
20.323
19.4616
19.4666
20.3214
22.2547
25.9752
32.9554
46.3993
73.6495
131.093
251.8
496.996
427.425
232.143
117.991
65.454
41.4331
30.0046
24.2224
21.1452
19.5185
18.8214
18.8454
19.5913
21.2117
24.2685
30.1126
41.6596
65.9068
119.326
233.313
417.471
376.793
215.34
102.945
55.4224
35.4356
26.3735
21.9294
19.6333
18.4635
17.9433
17.9582
18.5119
19.726
22.0467
26.5669
35.9267
56.6458
105.621
217.979
380.121
363.548
192.792
84.8508
44.1668
28.7642
22.2438
19.1945
17.6752
16.9237
16.6193
16.6275
16.9542
17.7307
19.3061
22.4691
29.2578
45.1128
86.2864
195.077
364.58
383.649
162.574
63.2696
32.4744
22.1863
18.2171
16.5086
15.733
15.3834
15.2511
15.2579
15.4085
15.7703
16.558
18.2936
22.3313
32.8036
63.8154
163.841
387.472
440.897
126.07
41.3103
23.0387
17.928
16.0899
15.3209
14.9967
14.8709
14.8286
14.8283
14.8773
15.0013
15.3207
16.0719
17.8902
22.9978
41.1832
125.219
441.503
468.202
59.8537
21.9921
16.2145
15.054
14.8187
14.8057
14.8142
14.8025
14.7957
14.7959
14.8038
14.8149
14.8058
14.8258
15.0662
16.2287
22.0057
59.9254
467.969
1122.15
689.141
406.059
250.668
149.08
85.6284
51.0224
33.8125
25.8022
22.7431
22.9308
26.2833
34.3095
50.5123
80.7504
138.111
235.694
394.776
690.664
1117.07
1208.31
708.741
416.596
255.158
147.403
84.0956
49.887
33.0943
25.3612
22.4509
22.6486
25.8606
33.7399
50.0032
79.6005
136.558
238.4
403.485
708.898
1202.66
1190.58
708.48
411.484
252.375
147.253
82.9882
48.8941
32.4663
25.0331
22.2635
22.5334
24.9087
32.1796
49.8832
76.9351
136.843
236.306
398.842
698.095
1114.27
1209.23
710.528
412.941
254.677
147.803
78.4008
45.3769
30.2558
23.7062
21.8993
22.6211
26.2608
33.9206
50.4304
80.5836
138.364
236.208
401.725
702.959
1125.97
1199.97
706.354
413.077
251.831
147.455
79.8531
46.9693
31.3376
24.3725
21.3329
22.457
26.1516
34.2259
50.3024
81.2629
136.406
236.518
395.827
704.447
1194.39
1167.89
706.134
416.627
250.958
146.728
82.1226
48.6121
32.3434
23.8897
21.6744
21.9017
25.2042
32.8185
48.1333
78.493
138.662
235.989
395.215
683.669
1086.56
1231.35
708.658
412.431
250.743
146.42
78.123
45.4368
31.3448
24.7893
22.5065
22.8929
26.4315
34.484
50.1651
79.1679
136.742
233.903
398.395
684.903
1080.87
1157.47
709.439
416.261
248.819
145.542
81.9726
48.4013
32.4669
25.3448
22.6164
22.9216
26.4376
34.5018
50.335
79.6749
137.002
232.435
394.959
686.896
1093.58
1244.48
717.837
415.885
247.876
141.359
77.226
45.0579
30.4766
24.9459
22.4322
22.705
26.1506
34.0949
49.8859
80.9415
136.253
229.943
392.43
687.843
1096.18
1186.14
706.472
411.366
247.29
141.43
78.1001
45.9111
31.0995
24.8427
22.3158
22.0078
25.2144
32.7738
47.8866
80.0597
135.318
228.151
393.014
690.816
1115.5
1123.48
696.053
403.276
247.439
140.321
78.3684
46.4309
31.5212
24.0549
22.1849
22.8629
26.5274
34.7142
50.2282
77.8884
132.325
226.3
387.431
693.365
1122.03
1137.7
699.427
407.387
244.815
142.646
81.5569
48.5643
32.9861
24.5373
21.4873
22.592
26.238
34.4588
50.0552
79.0567
133.369
224.778
388.025
696.992
1141.27
1225.96
703.732
399.482
245.117
142.351
79.8131
46.5777
32.6234
25.1527
21.6799
22.3187
25.1879
33.8843
49.66
77.4888
132.11
222.727
382.398
687.068
1198.57
1148.23
695.143
398.561
243.363
145.237
84.0157
47.608
31.7718
25.1398
21.9809
21.8408
25.7974
32.5582
49.1473
78.6901
131.198
221.28
379.286
679.565
1100.01
1210.3
683.695
401.083
240.91
144.345
83.8968
50.3858
33.3956
25.3053
21.5391
21.865
25.4921
33.1048
47.4231
78.1067
129.396
220.964
380.174
682.372
1145.21
1115.56
679.788
396.757
241.161
144.035
82.9765
49.6752
33.1906
25.4459
22.3461
22.3927
26.4645
34.52
49.9428
76.2677
133.968
221.708
381.143
682.778
1179.48
1139.86
684.143
396.525
240.272
140.455
79.2876
48.9911
32.9028
25.2601
21.872
22.8159
26.4722
34.5565
50.1915
78.2016
135.098
223.997
383.006
682.383
1143.07
1161.81
687.254
397.911
239.876
141.645
81.1362
48.5129
32.5777
25.2112
22.4832
22.8478
26.2421
34.1577
48.9117
80.9895
136.093
229.13
386.02
683.652
1082.26
1210.08
689.968
397.183
239.941
141.037
80.0087
47.7218
32.1937
25.0557
22.3762
22.6726
25.3759
33.3378
50.8
79.2541
134.944
230.348
392.828
691.816
1099.46
1169.39
684.962
396.42
239.162
137.416
75.3092
46.3266
31.5663
24.7577
22.164
22.662
26.3966
34.975
52.1689
83.4105
139.773
235.119
397.706
703.1
1197.19
1230.73
684.177
392.953
234.505
137.27
76.9364
44.7025
29.9258
23.601
21.7381
21.6236
25.0799
33.7804
51.7514
82.7433
137.055
234.671
397.046
700.462
1176.81
1134.18
673.626
388.334
231.231
136.957
79.9546
47.9082
31.6947
24.4903
21.5146
21.8764
25.406
33.9582
51.7429
82.7053
137.157
233.881
394.738
700.489
1156.77
1202.62
671.645
383.785
227.806
136.155
79.5795
47.3597
30.1694
23.7653
22.081
22.2807
25.7298
35.026
51.6074
82.2276
136.191
233.004
396.329
691.045
1083.78
1134.59
665.103
380.612
228.142
133.269
78.6396
45.6055
31.0216
24.3258
22.3333
22.7715
26.4653
35.062
51.5806
82.2556
136.036
232.124
393.551
701.79
1083.15
1068.08
663.423
381.617
230.411
137.214
77.9767
48.5409
32.8016
25.3982
22.424
22.1381
26.1578
34.8386
51.1781
81.6031
136.004
231.061
390.253
690.414
1087.25
1073.32
666.733
385.358
231.082
135.125
80.1735
48.8625
32.8308
25.4627
22.3429
22.7713
25.5262
34.6952
51.0001
81.0732
132.651
229.195
385.309
685.707
1091.5
1158.99
676.607
389.57
236.62
141.129
80.6711
48.1016
31.2963
25.1461
22.4092
22.8849
25.62
34.5996
50.5281
79.0738
135.348
228.636
381.214
677.092
1099.85
1149.15
678.216
389.407
237.361
140.8
76.85
45.5396
32.4756
25.167
21.8819
23.0192
26.6714
34.6636
50.5332
80.7875
137.904
228.869
379.673
669.917
1146.61
1140.41
676.336
388.306
235.238
139.972
78.9129
47.4079
32.8507
25.2803
22.4619
23.0371
26.5943
34.3137
48.6245
81.4638
137.983
229.312
381.151
663.189
1031.67
1091.44
669.173
387.765
234.271
139.714
81.4791
49.038
32.7675
24.9749
21.7221
22.8727
26.5537
34.2391
49.134
79.0176
137.304
228.469
378.121
663.002
1040.7
1102.07
671.409
390.383
233.095
136.637
80.6665
48.5078
32.3204
24.7864
22.2283
22.8082
25.9773
35.2243
50.0363
80.1273
136.796
228.334
378.948
664.886
1045.05
1120
673.097
388.285
232.011
136.9
79.5631
45.9514
31.4048
23.5781
21.9921
22.8525
26.8574
35.535
51.6396
81.4925
135.256
228.616
379.944
664.625
1100.83
1185.76
677.445
384.249
229.147
138.578
77.328
48.2092
30.7329
23.9978
21.8249
22.1901
26.7239
35.345
51.4881
81.4395
135.796
228.631
379.457
659.537
1021.64
1080.89
658.035
380.045
230.232
139.703
81.5073
48.8404
32.6048
25.0796
21.6424
22.811
26.6136
35.0144
50.8619
80.5878
136.477
229.375
380.682
662.61
1029.48
1137.32
658.158
376.351
229.709
139.934
81.0218
48.3567
32.4561
25.2667
22.5528
22.9638
26.4609
34.5889
48.9262
77.9633
138.635
230.165
379.448
663.48
1046.63
1039.01
648.747
373.786
230.1
140.232
78.5698
45.7379
31.6662
25.0744
22.5099
22.8486
25.5152
33.6714
51.0375
81.9012
139.393
230.657
381.017
666.848
1059.01
1027.91
647.63
375.986
231.434
140.952
82.1902
49.5025
30.5331
24.6621
22.4629
23.0106
26.6331
34.7242
49.4837
82.3614
138.817
230.68
382.989
673.533
1141.58
1029.6
650.933
377.642
232.196
140.697
79.0663
49.6572
31.8295
24.3956
22.272
22.7249
26.4818
34.8196
50.3515
79.8691
136.867
230.786
384.081
674.157
1121.6
1022.7
657.021
380.208
231.504
139.123
82.3608
50.2762
33.0982
25.3133
22.2454
21.7607
25.2522
34.4132
48.8283
80.2976
138.847
232.08
385.767
680.379
1145.2
1029.92
665.427
383.878
235.775
140.433
81.9299
49.9672
31.7423
24.3816
22.0732
22.0186
25.8267
34.6631
50.5491
80.1187
138.441
231.554
388.221
684.38
1150.1
1023.3
667.967
384.722
235.503
136.912
78.9547
50.1719
33.7002
25.6728
21.9734
22.3235
26.5078
34.4187
48.6349
79.7457
137.816
231.367
388.444
691.631
1167.66
1029.55
667.545
386.186
235.397
137.851
82.5806
50.6939
34.0217
25.8961
22.7695
23.0132
26.6673
34.5888
49.1589
80.5001
135.962
231.631
388.344
692.625
1174.2
1039.58
674.59
387.881
235.984
138.597
82.9344
50.4464
33.7601
25.6906
22.5228
22.856
26.5251
34.6009
49.5031
82.6083
139.585
232.412
388.46
689.132
1160.01
1058.14
668.289
389.637
238.363
141.766
82.7865
50.1336
33.4753
25.3694
22.12
21.901
26.2175
34.5348
50.5351
82.3129
140.383
233.025
387.579
684.971
1110.47
1067.64
671.321
391.648
240.263
141.996
82.537
49.7312
32.9334
24.9334
21.3514
21.9094
25.338
33.9784
49.7801
79.3362
139.776
234.39
391.021
686.663
1085.13
1138.48
678.24
395.79
239.804
140.688
81.168
48.6802
31.1216
23.6934
21.8069
22.3934
25.8367
33.5233
47.783
79.8764
137.522
235.133
394.864
693.437
1109.05
1063.64
670.383
390.179
237.178
139.792
79.7977
45.8904
31.8405
23.9718
21.1525
22.1429
25.5484
32.3809
48.4499
81.0338
138.418
233.772
395.035
699.354
1196
1072.11
672.759
390.747
236.928
136.547
76.0231
46.2751
31.8671
24.5048
21.3002
21.4753
24.7496
32.6272
49.7053
78.7718
136.604
234.13
395.423
698.97
1180.75
1141.69
678.862
392.035
236.901
136.559
77.4583
47.576
31.7952
24.5062
21.7665
21.9838
25.229
32.7633
49.9298
81.4134
139.009
234.521
394.037
695.02
1164.94
1092.72
674.926
391.655
233.365
136.55
79.6164
47.6103
31.5695
24.2314
21.1704
21.2002
24.2465
33.4249
49.5042
78.8904
136.408
234.664
395.644
693.017
1107.29
1118.19
679.117
389.221
233.548
133.814
79.2457
45.2492
29.95
23.429
21.9237
22.2062
25.0649
33.3671
49.0201
80.0083
137.35
235.386
394.827
698.28
1118.03
1173.46
678.907
387.85
234.561
137.004
79.541
47.9138
31.6935
24.7592
22.1187
22.5425
25.8204
32.9814
46.7773
77.4367
138.432
236.791
397.266
705.193
1142.87
1166.62
679.094
387.799
234.721
134.033
79.2818
47.9291
30.5582
24.6675
21.9924
22.3986
25.6214
32.0947
48.7983
79.5521
138.057
237.727
398.896
706.034
1220.53
1167.31
678.343
389.118
235.814
137.071
79.0202
47.9831
32.6116
24.9974
21.8947
22.181
25.509
33.1344
48.2035
75.9108
136.364
238.183
401.643
705.128
1153.36
1152.86
676.819
391.667
238.015
141.968
77.2267
45.5544
32.3068
24.8144
20.958
21.1195
24.1799
31.4511
47.6197
74.1624
131.931
236.995
399.951
717.939
1250.77
1094.93
679.162
392.293
238.874
143.201
82.0668
49.2414
32.6974
24.8586
21.4552
21.7479
24.9382
32.2115
47.3191
73.5508
130.785
233.88
398.176
718.819
1258.67
1113.92
684.344
394.508
239.19
141.234
78.5506
47.2006
31.3094
24.6223
22.1374
22.4434
25.7738
33.3496
46.5152
74.9788
130.086
230.689
395.743
711.989
1238.94
1164.07
690.84
394.697
239.682
144.468
81.845
50.5615
33.3954
24.3478
22.1089
22.4253
25.7701
33.8054
49.9339
78.7695
132.431
224.904
393.127
706.775
1264.63
1147.72
690.988
394.948
240.112
144.625
85.2414
51.5434
34.017
25.6708
22.452
22.2937
25.4517
33.4546
50.1229
77.1778
134.491
223.395
386.213
693.349
1196
1228.85
691.148
396.207
240.132
145.196
85.624
51.4929
33.9919
25.6432
22.3967
21.5505
24.1557
31.7062
51.0097
82.205
136.121
225.089
382.406
689.454
1279.75
1112.89
670.023
396.359
241.391
145.465
85.6981
51.3549
33.8987
25.5265
22.5333
22.5905
25.693
33.676
51.4657
82.5899
136.881
225.917
384.69
682.105
1143.74
1052.66
665.09
391.593
242.625
145.992
85.6046
51.3014
33.6384
24.8881
22.3995
22.8795
26.5196
34.8467
51.4482
82.9772
138.1
228.129
389.048
686.11
1064.41
1124.82
673.517
393.828
244.658
143.974
84.7203
50.9439
33.6201
24.5648
21.6278
22.017
25.4349
33.2618
49.1131
82.3214
137.637
234.472
392.715
686.872
1080.73
1045.26
663.229
393.835
244.131
145.603
84.5318
50.511
33.4439
25.312
22.3372
22.801
26.395
34.4742
50.744
82.258
139.809
235.318
392.877
697.389
1102.07
1056.45
674.73
400.575
243.967
145.021
81.2755
48.0854
33.0924
25.075
22.1413
22.6299
26.3011
34.1749
50.1992
79.2793
137.733
236.246
394.818
696.697
1185.76
1129.32
667.099
397.346
244.069
143.069
84.09
50.394
33.0311
23.9131
21.6215
22.0098
26.0923
32.6383
48.2224
80.9467
140.1
237.695
399.714
699.002
1110.8
1047.97
663.885
394.647
243.067
144.663
84.0874
50.0006
32.648
24.3791
20.9465
21.9123
26.394
33.9512
49.9349
82.622
139.375
237.925
398.961
704.826
1124.63
1058.73
671.774
401.963
243.363
143.99
80.8251
47.3674
30.9262
23.2864
21.3228
22.5341
26.5915
35.5126
52.2312
82.2885
135.755
237.466
400.006
706.679
1158.67
1127.98
667.875
395.087
239.796
140.319
83.9574
50.1516
32.7254
24.4226
21.9578
22.1099
25.7277
35.4919
52.7037
80.599
136.635
237.956
401.501
714.994
1184.07
1061.34
661.975
390.991
237.894
141.678
84.3867
50.0013
31.6446
24.9082
22.6221
23.2139
27.0128
34.6137
53.1842
84.7052
139.204
238.676
403.509
713.034
1256.25
1076.25
668.526
387.371
237.579
138.15
83.9155
48.0745
33.4352
25.7215
22.6733
23.1365
27.1294
35.9725
53.1242
84.9345
136.059
243.388
407.494
711.905
1182.22
1154.15
668.37
391.171
238.854
141.966
84.1677
50.5416
33.6255
25.723
22.4915
22.2234
26.5991
35.5887
52.7607
85.3443
142.947
244.58
406.942
710.006
1257.5
1115.27
663.725
389.001
239.487
144.947
83.8997
50.2066
33.2689
25.4542
21.8237
22.6083
25.5044
34.8715
52.1808
85.3533
145.598
245.277
407.72
707.898
1139.16
1100.53
660.704
386.663
239.058
144.115
79.9743
49.0975
31.5036
25.1837
22.3717
22.7351
25.6144
33.3355
49.6708
82.1447
144.604
245.397
407.081
706.927
1160.81
1039.42
656.298
388.54
239.645
142.401
80.4814
48.9689
32.7806
25.0734
21.8466
22.5505
25.9874
34.1146
51.1261
84.0142
143.449
243.272
406.265
711.528
1219.45
1042.09
653.178
382.712
236.348
140.964
79.6318
46.8828
32.4285
24.7089
21.4452
22.2069
25.5305
33.3917
50.3714
83.448
142.162
243.434
402.603
710.409
1146.14
1071.91
657.49
384.145
236.61
139.523
80.2451
48.3063
32.2454
23.7561
21.485
21.8577
24.8748
31.6152
47.4306
80.0714
140.215
240.008
403.183
714.326
1235.65
1151.71
663.553
385.396
236.724
137.47
79.1742
47.5863
31.8033
23.7193
20.8979
21.5303
24.4946
30.8961
46.5308
78.4449
138.663
239.971
403.887
708.96
1208.93
1133.41
659.467
384.622
236.668
136.235
77.2559
46.2865
31.2098
23.9434
21.041
20.7749
24.0606
30.4
45.1921
75.6565
136.538
239.459
397.633
710.36
1235.92
1152.75
655.873
382.986
233.781
133.834
75.1806
44.9873
30.3904
23.5229
20.3449
20.5868
23.6748
29.4429
43.2079
73.3553
132.74
235.361
399.36
708.825
1221.72
1142.74
642.983
378.057
232.214
127.814
69.8689
41.4
29.3724
22.7074
20.6046
20.4933
22.9049
28.7191
42.125
70.9228
129.204
232.743
391.409
707.833
1194.03
1118.01
632.04
370.899
223.95
123.831
69.8418
41.421
28.9518
22.4144
19.9652
20.6122
23.1538
28.5135
40.6833
68.4954
124.241
228.08
389.754
709.042
1265.55
1054.94
614.319
359.24
215.125
120.228
67.7678
39.881
28.1657
22.4912
19.9306
20.4364
22.9682
28.8347
39.9627
65.1556
119.284
220.29
387.462
685.829
1167.69
1107.83
605.039
346.184
208.346
114.846
62.6068
38.1251
27.3734
22.0835
19.8614
19.6948
22.4466
28.3598
39.892
63.2385
115.243
214.918
376.335
676.473
1196.38
1016.96
596.532
340.308
201.84
109.224
59.5313
36.1482
25.5059
20.8369
19.4458
19.4243
21.7986
26.6731
38.5594
60.9567
112.149
207.474
363.386
645.184
1258.99
1038.08
598.211
339.229
197.133
103.331
55.4599
34.1355
24.7531
20.4692
18.8044
19.0552
21.3228
25.8739
36.0174
58.6078
107.021
202.137
353.721
617.361
1120.24
1053.35
604.645
339.945
185.664
93.9622
50.3752
31.7012
23.6464
19.9209
18.5099
18.6085
20.2832
24.7179
34.3606
55.5981
101.168
192.711
342.714
608.328
1073.78
1126.83
590.775
321.468
171.752
86.5801
46.7278
30.1383
23.2416
19.5625
18.2398
18.3139
19.7884
23.5608
31.4631
49.5623
91.7505
181.146
337.384
606.022
1142.99
1049.76
564.971
297.202
152.742
76.9506
42.85
28.4051
21.9876
19.2505
18.1102
18.102
19.3409
22.571
29.7648
45.7071
82.8534
165.655
321.995
600.147
1086.94
1093.13
530.015
265.024
134.531
68.6019
39.403
26.9262
21.4263
18.7239
17.8169
17.6806
18.8305
21.6482
27.9068
41.8507
74.3426
148.257
293.614
565.056
1159.78
957.037
492.811
244.58
122.409
61.6591
35.9265
25.3101
20.569
18.3859
17.4662
17.4753
18.4411
20.8189
25.9997
37.6018
64.9993
130.003
265.753
523.245
1047.74
958.802
454.67
214.337
103.54
52.9039
32.269
23.6295
19.7786
17.9218
17.2597
17.29
18.0538
19.989
24.1707
33.3676
54.7501
106.633
225.125
471.036
978.107
972.777
405.772
183.712
85.4385
44.3381
28.4902
21.9463
19.015
17.6311
17.0541
17.0677
17.6832
19.2201
22.4884
29.7083
46.6203
88.66
189.63
418.166
964.551
777.181
340.241
148.256
67.8916
37.5234
25.6576
20.6548
18.3872
17.3091
16.8709
16.8702
17.3257
18.4205
20.7495
25.7943
37.4613
66.9834
145.797
344.077
876.049
638.124
279.128
116.017
54.0171
31.4893
22.8963
19.3149
17.6971
16.9026
16.5683
16.5602
16.9025
17.6941
19.3832
22.9929
31.5063
53.4329
114.737
278.177
660.816
486.146
232.068
90.2369
41.658
26.0678
20.3555
17.9819
16.8865
16.3626
16.1348
16.115
16.3147
16.8217
17.9192
20.2619
25.8301
40.7663
86.4046
225.691
516.212
446.114
192.266
70.074
33.1586
21.9128
18.0051
16.5369
15.9291
15.656
15.5443
15.5334
15.6319
15.8939
16.5206
18.0695
22.0718
33.422
70.2675
189.102
446.709
443.221
145.345
47.772
23.6036
17.5253
15.7361
15.1769
15.0004
14.9407
14.9235
14.9225
14.9451
15.0066
15.1851
15.7668
17.6343
23.9145
48.4232
146.115
444.695
464.162
106.97
32.2859
18.7925
15.7737
15.0214
14.842
14.7963
14.781
14.7799
14.7774
14.7845
14.7989
14.8547
15.0856
15.9245
18.9108
31.9898
106.173
465.7
475.638
49.8963
18.3515
14.9814
14.7774
14.8198
14.8168
14.8118
14.8087
14.8079
14.8074
14.8086
14.8099
14.8069
14.7669
14.688
14.9798
18.394
49.7912
474.222
1987.84
1151.94
688.006
431.325
254.62
132.797
68.7392
39.146
26.6018
22.3791
22.7481
27.2985
38.9265
65.9053
123.25
228.283
394.665
657.837
1135.67
2010.16
2077.84
1155.8
691.252
430.242
249.248
123.056
67.1356
38.6063
26.2478
22.099
22.4308
26.6416
37.5466
63.6918
116.249
221.226
391.015
660.869
1138.75
2132.5
1911.71
1140.98
681.481
427.3
246.171
131.285
67.8029
38.4719
25.9788
21.854
22.3097
25.9416
34.426
60.4008
121.361
221.402
384.59
637.446
1122.18
2039.6
1903.58
1128.22
679.647
425.086
248.178
130.852
66.9914
37.9062
25.3866
20.8384
22.1732
25.7112
36.1326
64.751
120.722
223.079
382.173
633.931
1116.25
2152.56
1921.72
1130.91
680.592
423.927
243.063
123.084
66.0703
37.43
23.7956
21.7174
22.4738
26.7035
37.2418
63.7888
119.449
217.416
382.231
627.982
1089.58
1956.87
1934.05
1131.64
683.644
421.33
245.246
129.09
65.287
36.9524
24.4188
21.8465
22.4536
25.5564
37.6449
59.5907
114.215
225.019
383.237
629.4
1083.09
1844.6
2031.16
1130.01
679.075
419.012
242.85
126.709
63.8167
36.2238
25.2457
21.8476
22.7509
26.3456
36.1095
63.3005
115.099
224.359
382.699
628.203
1087.14
1867.29
1903.95
1107.01
665.453
413.598
233.762
117.049
57.2977
32.8973
24.6232
21.0063
22.88
27.5444
36.8009
59.9925
113.764
223.063
382.837
629.836
1092.61
1952.01
1796.14
1081.72
651.219
411.771
238.327
122.424
61.0607
35.0156
23.9827
22.1404
23.093
27.8628
38.134
62.3853
115.646
221.244
381.744
625.236
1078.83
1794.82
1794.72
1075.46
654.09
414.218
244.55
127.293
64.0803
36.8593
24.6127
22.1981
22.9682
27.6393
35.1574
56.8939
107.229
220.957
383.063
629.434
1084.65
1812.8
1805.52
1069.14
652.843
417.241
244.724
124.7
62.1389
36.213
24.5026
22.1166
22.8367
28.0664
39.1571
64.3107
116.846
221.449
382.539
634.479
1086.93
1819.02
1812.83
1067.89
654.858
418.054
237.209
113.948
56.4371
35.5963
25.526
22.0779
21.787
28.1197
41.4917
69.4634
125.481
216.851
378.425
636.521
1095.16
1845.27
1831.8
1071.83
657.818
418.719
242.015
116.785
59.1952
35.7446
25.3602
22.0443
22.179
26.7903
40.7057
68.2375
125.304
228.923
388.747
640.938
1099.21
1861.7
1840.67
1075.08
661.156
420.239
249.659
119.021
60.8663
34.1027
24.0258
21.8664
22.9797
27.9178
39.7456
66.6013
124.544
228.817
390.027
641.284
1099.11
1946.4
1858.57
1073.87
662.844
419.841
251.499
126.497
65.3695
36.8733
25.4796
21.7293
22.9092
27.7426
37.2683
61.5401
117.95
226.074
384.842
635.157
1091.54
1873.4
1889.04
1094.33
675.645
428.913
253.888
118.076
62.6856
36.2357
25.1235
21.7402
22.7012
27.7031
39.0786
64.2883
125.007
225.966
386.448
635.492
1089.42
1894.42
1860.78
1098.2
681.84
437.257
254.762
128.426
64.4954
34.3102
23.3645
20.4992
22.3685
27.4404
38.4976
66.7464
124.957
221.102
386.997
634.529
1093.1
1991.56
1951.31
1112.45
687.061
436.957
245.036
118.973
63.172
36.5192
24.5085
21.0689
21.6661
26.2378
37.0481
65.7231
124.307
223.327
389.548
635.499
1096.01
1955.85
1907.22
1115.22
686.034
433.485
245.958
120.429
62.197
36.1188
25.4589
21.7666
22.6731
27.9717
39.9345
61.2653
123.452
225.799
389.196
634.803
1094.94
1948.55
1864.73
1118.39
684.055
432.887
245.847
118.441
57.1166
33.5359
25.1623
21.5104
22.4822
27.7706
40.2449
63.4671
121.824
219.438
388.466
633.122
1094.9
1877.91
1886.97
1131.05
684.723
427.01
238.398
120.784
60.2466
35.8041
25.2068
20.4337
21.3422
27.6198
40.3077
66.1795
120.986
226.356
389.721
639.367
1098.81
1903.63
1977.36
1134.22
686.683
427.872
248.953
126.804
64.2308
35.229
25.1277
21.1618
22.0085
27.2242
39.4083
65.0316
113.86
219.573
384.146
633.876
1101.1
1934.17
1880.16
1129.37
687.313
428.098
249.073
119.439
58.949
34.765
24.0017
20.3009
21.0815
26.7788
37.3823
61.8662
113.881
222.661
389.266
643.852
1103.53
2021.26
1884.29
1130.32
686.338
426.623
248.852
131.779
65.4088
37.128
25.8312
20.9917
22.2056
26.2995
40.0199
65.722
112.336
219.514
386.4
645.383
1092.03
1923.96
1905.94
1135.05
685.723
425.416
247.77
131.377
60.3556
34.7395
25.8519
21.9576
22.3451
27.4976
40.1271
66.6859
115.538
223.578
391.916
646.622
1127.58
2038.89
1921.83
1138.77
687.018
423.186
243.432
129.224
63.0746
37.369
25.9503
21.8067
21.3785
26.8687
39.6937
66.8604
121.215
221.187
390.234
652.702
1134.77
2024.42
2001.77
1140.98
687.261
422.422
233.384
123.767
60.4893
37.1532
25.6737
21.7129
22.3381
27.0912
38.9693
66.4201
121.428
223.905
388.512
649.527
1127.33
2041.17
1900.37
1130.31
683.586
422.54
244.632
126.649
64.3931
36.9812
24.1498
20.3264
21.9208
25.5425
36.1989
65.4294
119.51
221.881
385.964
645.618
1118.97
2000.64
1910.63
1135.99
687.913
421.494
241.766
120.547
62.7553
35.9689
25.0798
20.8363
22.0116
26.9175
38.561
65.1111
118.236
221.332
383.065
640.225
1109.67
1907.64
1978.26
1121.78
678.998
420.144
240.144
117.454
57.112
32.6267
24.5862
21.2201
21.1109
25.5905
36.291
64.3936
116.071
220.688
380.537
634.626
1094.84
1966.98
1859.56
1103.36
671.023
416.201
232.443
114.662
57.223
32.9626
24.2935
21.1401
21.9012
27.3383
38.8264
61.5297
108.26
220.337
379.925
634.433
1081.4
1795.01
1861.82
1100.67
663.385
412.186
232.305
113.343
56.7418
32.8088
23.9802
20.2098
20.7276
27.1155
37.3522
68.3604
117.619
220.607
379.536
636.033
1078.99
1797.34
1879.93
1100.71
659.477
408.707
232.303
114.396
58.8834
33.8517
23.2644
20.9777
21.6616
27.467
38.7671
68.9963
123.167
216.235
381.198
630.738
1079.31
1790.93
1915.33
1103.54
661.222
405.54
231.835
104.436
56.8217
32.3025
24.2929
20.782
21.8137
27.4926
40.4897
69.2177
120.075
220.861
379.169
630.419
1094.35
1805.32
1936.19
1099.12
656.584
403.697
231.403
114.928
56.4885
33.3736
24.1036
22.1116
22.9406
26.4189
39.4036
69.2783
126.424
227.704
386.68
631.334
1092.15
1815.26
1974.67
1116.2
657.413
404.791
225.086
124.738
63.3501
36.9543
26.1217
22.4304
23.2197
28.3998
41.0388
68.5839
125.755
227.083
385.305
630.026
1092.44
1837.17
1998.12
1120.23
663.616
403.535
233.101
125.441
62.5177
36.5681
26.0223
22.3724
23.0904
28.1998
40.4766
64.733
119.924
220.857
382.473
630.157
1103.09
1855.56
2097.37
1123.05
664.892
412.276
244.594
126.668
57.5967
33.3967
24.3522
22.042
22.9199
28.0098
39.3838
70.5117
127.458
230.975
386.962
629.44
1095.63
1949.88
1977.94
1112.58
661.728
413.64
245.59
127.674
64.0834
36.9784
25.9708
22.0545
22.6228
27.1052
41.9162
70.5355
126.388
231.75
391.414
628.322
1078.57
1809.35
1932.99
1111.63
656.977
412.747
244.856
120.738
62.0279
35.987
25.4964
20.9598
21.6526
28.1773
41.6925
69.8174
119.348
230.351
390.998
631.066
1070.81
1811.59
2034.07
1115.57
659.225
411.493
244.934
126.912
56.8775
34.7708
25.0102
21.7389
22.4543
27.9173
41.2634
70.5503
123.85
226.074
390.805
633.075
1078.53
1833.24
1977.12
1101.47
654.402
408.114
241.792
125.452
57.0872
32.5284
23.4136
21.4064
21.445
26.0702
38.2187
69.8823
127.912
232.37
392.274
636.454
1075.01
1884.48
1918.41
1085.32
647.679
405.559
235.288
122.766
56.7031
33.3793
24.0585
21.4109
22.4651
26.6139
38.4103
68.4581
126.368
232.707
396.317
641.002
1074.22
1814.94
1945.52
1073.2
641.654
402.565
233.066
121.238
59.124
34.4851
23.6271
20.4807
22.342
26.6799
37.9046
64.4609
119.391
226.625
399.577
644.579
1080.6
1917.69
1883.49
1067.72
641.56
399.976
229.338
114.353
53.023
33.1956
24.1311
21.307
22.4711
27.7754
39.5002
67.3514
122.06
228.586
400.989
647.967
1087.69
1900.04
1907.84
1069.19
642.79
399.922
229.636
118.592
58.5233
36.0395
25.175
20.4013
22.0742
27.4543
37.6008
66.769
125.379
227.805
401.391
654.62
1101.66
1934.31
1939.68
1071.07
646.512
401.493
221.792
113.659
62.0909
36.0403
24.9862
20.5001
21.2178
27.2597
38.7401
65.0136
124.548
228.327
401.317
658.074
1104.76
1950.49
1889.19
1078.85
649.553
401.892
229.913
116.906
59.1745
33.7891
23.7318
20.5311
21.9329
26.9419
37.4711
59.1661
123.18
229.6
404.489
659.518
1113.89
1987.41
1962.03
1070.61
650.707
400.999
236.497
125.427
64.7796
37.1392
25.4656
21.1372
21.148
26.3681
35.3727
61.7007
119.019
234.12
404.265
659.886
1123.63
2014.01
1889.55
1093.84
654.226
406.915
228.735
118.255
64.1803
37.232
25.4065
20.4019
21.5345
25.647
37.0741
64.2513
124.538
232.948
400.479
660.554
1136.5
2038.27
1897.94
1095.17
652.409
407.11
236.463
125.703
63.7751
36.8254
24.3242
21.055
22.4011
26.1029
38.0955
59.1147
117.846
224.781
402.811
666.497
1138.18
2030.26
1980.43
1098.59
659.701
412.177
228.514
123.125
62.6106
36.1003
25.4586
21.8885
22.6884
26.4002
36.8753
62.6808
119.329
225.151
397.717
662.214
1130.31
1974.07
1945.02
1088.42
656.679
412.007
241.828
123.088
57.0808
32.8036
23.8536
20.8042
22.7735
27.6498
38.5734
66.6657
122.07
227.563
397.863
653.924
1122.82
2042.74
1912.38
1098.31
658.061
413.141
238.928
115.325
59.8025
35.0567
25.2566
21.8119
22.9253
27.6224
35.4834
64.0231
129.213
233.983
395.818
650.831
1104.83
1870.61
1987.61
1100.68
657.055
412.198
232.429
121.401
63.5219
36.5837
24.3143
20.8083
22.7987
27.9789
37.6153
69.8615
129.703
235.055
396.642
647.294
1101.67
1875
1888.93
1089.94
657.621
411.782
241.578
127.916
59.4423
34.0781
25.1978
21.786
22.8027
28.1626
38.7477
69.1332
127.975
233.865
398.029
648.638
1096.69
1914.49
1979.24
1099.84
660.226
415.209
241.565
126.593
63.5292
36.141
24.3432
20.6095
21.6247
27.9975
40.2676
67.879
126.372
233.447
400.028
651.71
1094.84
1823.55
1887.57
1087.94
658.382
412.139
234.321
116.952
57.3746
34.3705
25.5951
21.5496
22.3599
26.9931
37.6418
63.2358
119.157
227.926
398.028
650.343
1097.13
1847.55
1906.15
1098.06
659.877
413.313
233.392
122.056
61.0821
35.8021
25.8766
22.5307
23.4242
28.574
38.8837
65.3125
124.149
230.367
398.758
650.504
1108.33
1877.03
2005.76
1104.19
662.398
413.144
232.573
128.666
65.1248
38.1704
24.9714
22.415
23.423
28.8862
40.0453
67.2172
129.337
234.137
398.201
650.585
1112.37
1963.92
1939.22
1099.1
658.254
417.572
239.881
129.728
60.3097
37.5053
25.9165
22.2815
23.1758
28.8221
42.3259
70.898
128.945
233.931
397.003
650.746
1108.14
1872.08
1882.33
1098.81
664.603
419.166
229.088
129.943
66.7584
37.9117
24.7675
21.2175
22.8139
28.1955
41.7747
70.3907
123.442
227.178
399.302
652.977
1114.2
1891.42
1897.09
1100.58
666.984
422.589
242.019
125.706
65.047
37.316
25.9463
22.1165
22.4945
26.3976
39.4731
67.2469
130.72
234.673
400.448
655.876
1126.63
1998.43
1988.86
1105.94
673.512
425.694
253.517
135.638
63.1408
35.0426
25.601
22.0472
22.1961
27.6359
42.7931
71.9209
130.358
234.873
401.303
654.979
1126.91
1922.18
1927.93
1112.22
676.173
424.928
252.039
135.47
62.4623
37.2872
25.4385
21.9453
23.1177
28.753
42.8622
71.5215
128.056
232.636
400.918
656.886
1134.04
1952.25
1953.13
1118.67
676.304
425.104
251.138
134.074
67.4054
37.2856
24.1546
20.8469
22.6795
27.3419
42.3938
70.1454
119.772
231.014
401.026
659.038
1138.78
2075.25
2055.24
1132.66
676.114
422.603
247.691
130.892
65.9178
37.108
25.8118
21.8738
23.081
28.9775
42.2659
70.244
121.885
225.383
396.124
653.63
1121.63
1984.96
2028.43
1126.69
673.23
420.634
240.944
122.502
59.5346
33.4259
25.2998
20.6058
21.8515
28.4572
41.3491
67.308
124.486
228.905
397.764
650.031
1111.24
1866.7
2007.03
1121.33
668.234
420.065
249.672
130.332
65.3391
37.0697
25.5641
21.1693
22.6872
27.9821
39.5862
73.0657
132.296
235.688
396.692
648.224
1107.1
1866.6
2091.83
1111.71
665.848
419.2
247.044
121.23
59.4565
36.2747
24.3902
21.5497
22.5504
26.6877
41.5211
72.7819
132.637
237.662
400.002
651.392
1106.54
1885.25
1945.18
1105.04
663.827
418.293
246.232
127.109
63.0428
36.3595
25.4904
20.8919
22.3768
27.1225
38.5243
70.9809
131.008
236.985
400.813
651.49
1105.61
1916.77
1845.44
1100.81
661.21
414.425
237.557
125.464
57.2037
34.9499
25.1727
21.6288
22.2166
26.0132
38.6296
69.2478
129.351
237.186
401.866
650.722
1106.18
1865.32
1861.5
1103.39
659.306
413.341
240.526
124.956
61.3951
32.915
24.3972
20.459
21.8584
26.7651
37.8601
66.8989
122.282
230.583
399.84
647.729
1108.91
1891.73
1863.87
1101.28
657.705
411.781
237.672
121.636
55.9112
34.3216
23.4206
20.3699
20.9166
25.3695
36.9849
64.4281
123.467
231.018
397.653
647.125
1113.62
1918.3
1883.26
1101.04
657.209
411.025
234.253
112.835
57.3638
32.7835
23.413
20.4287
21.592
25.7616
37.1721
66.1808
124.24
228.596
396.223
646.521
1116.07
2030.19
1900.15
1102.01
657.659
411.12
231.14
112.784
59.1837
34.067
23.944
20.7219
21.4303
26.145
37.8844
64.7249
122.251
224.863
390.377
640.627
1099.45
1943.41
1991.18
1099.42
650.804
404.035
221.287
113.518
58.2109
33.037
23.3445
20.3949
21.0766
25.5491
36.7686
62.7168
119.823
223.73
385.678
632.611
1099.2
2040.38
1867.59
1074.58
641.29
397.048
217.703
104.714
51.9523
30.9591
22.2424
19.9208
20.6195
24.778
35.2717
56.8177
116.259
219.982
380.359
624.377
1094.43
1920.08
1926.02
1054.91
632.087
391.145
216.708
109.92
55.1218
29.1573
20.9859
18.9116
20.1204
23.9596
34.249
58.0447
108.176
208.654
372.655
620.812
1091.82
2030.79
1694.61
1031.64
621.103
387.526
204.431
104.305
49.4932
28.3375
21.0315
19.3173
19.7323
22.9189
30.7226
52.3043
105.975
203.773
359.44
612.293
1063.08
1919.18
1676.7
1003.72
607.326
382.334
204.741
100.309
48.1742
27.7791
20.7102
18.6689
19.3316
22.308
29.7599
49.4869
96.4255
193.916
349.123
589.341
1030.22
1804.98
1651.43
969.967
592.134
368.12
189.778
89.2327
44.7049
26.9174
20.7305
18.8031
18.9355
21.378
27.7905
46.401
92.368
186.967
339.9
580.948
1005.89
1801.77
1642.26
925.76
569.747
348.263
179.431
84.452
44.3044
26.9169
20.3563
18.558
18.5734
20.3547
26.526
43.6059
85.3205
177.329
330.934
565.986
985.084
1821.15
1615.21
879.622
528.174
318.499
161.608
77.3649
39.7866
26.7312
20.6775
17.9576
17.8623
19.8694
25.0672
40.156
78.6881
165.449
318.767
548.569
953.976
1842.55
1600.41
858.202
510.49
301.324
151.627
71.5834
38.9554
25.9742
20.2856
17.844
17.7587
19.4781
24.2327
37.2684
72.6883
157.392
305.051
525.292
921.008
1803.23
1594.15
849.83
493.891
283.165
138.855
65.3797
35.4205
23.7558
19.1218
17.5281
17.553
19.119
23.4163
35.0866
67.5737
144.393
286.674
500.409
887.25
1678.65
1651.76
836.108
483.64
271.112
129.807
60.2023
33.5618
23.3949
19.0613
17.4564
17.4723
18.8041
22.5912
32.5537
60.0878
130.064
266.334
473.778
864.125
1599.82
1556.83
809.852
457.433
253.72
117.279
54.1705
31.4628
22.8346
18.6621
17.525
17.5925
18.87
22.4074
30.253
52.0217
113.643
246.084
453.349
841.045
1664.91
1553.91
782.68
429.845
227.812
99.5587
47.9413
28.8684
21.3703
18.5019
17.3742
17.1876
18.4862
21.7008
28.4089
46.8405
95.7543
211.463
412.078
788.5
1510.76
1561.22
744.736
392.525
196.09
87.1401
42.081
26.7043
20.6634
18.1997
17.2373
17.1942
18.0473
20.2766
26.078
41.2147
82.8903
181.413
371.972
746.543
1505.02
1587.93
672.212
342.721
163.37
70.8251
36.5829
24.5359
19.8962
17.8491
17.1073
17.0818
17.7774
19.4918
24.1061
35.141
65.2223
144.845
321.543
686.835
1520.83
1402.85
592.632
285.981
129.454
56.9705
31.7106
22.7789
19.013
17.5406
16.8124
16.7749
17.2951
18.78
22.2829
30.9707
53.3763
113.697
259.857
603.774
1566.83
1242.66
493.702
228.123
101.548
46.424
27.6454
20.8492
18.3126
17.1717
16.7327
16.7186
17.1422
18.1242
20.5555
26.4806
43.2613
91.5894
216.912
510.703
1337.84
983.058
377.721
163.252
69.5028
35.0324
23.5386
19.3024
17.6056
16.9063
16.6137
16.5993
16.8818
17.6331
19.3208
23.3716
33.6178
63.5985
157.063
398.486
1103.36
731.821
290.207
112.663
47.389
27.2414
20.6043
18.1123
17.0737
16.6074
16.4132
16.3987
16.5726
17.0282
18.1793
21.0432
28.616
49.6638
114.51
315.513
850.082
546.215
220.316
80.6467
35.5687
22.4762
18.4132
16.9741
16.4082
16.1412
16.0243
16.0185
16.1292
16.3856
16.9395
18.4259
22.7455
36.2797
81.6169
220.891
590.13
462.452
166.171
55.3053
25.8698
18.6521
16.5665
15.9073
15.6444
15.5239
15.4757
15.4766
15.5388
15.6764
15.9526
16.6048
18.7461
26.5006
57.7012
173.703
466.357
459.198
129.236
41.2324
21.102
16.5154
15.3249
15.0319
14.9601
14.9394
14.9343
14.9344
14.9479
14.9829
15.0744
15.3718
16.3783
20.3645
38.7286
124.074
461.463
467.673
83.5385
25.5769
16.5913
15.0899
14.8467
14.8062
14.8003
14.7949
14.7969
14.7944
14.7981
14.8036
14.8161
14.877
15.166
16.8396
27.1062
92.8494
469.752
471.325
44.2282
19.1869
15.5722
14.9346
14.8357
14.8225
14.8205
14.8184
14.818
14.8177
14.8188
14.8214
14.8251
14.8422
14.9385
15.5044
18.6398
43.4061
477.694
1105.74
685.621
397.634
242.143
143.786
82.7214
50.3296
33.6965
25.4786
22.4127
22.9493
26.8898
35.5723
52.5853
84.4053
140.56
236.71
398.497
707.489
1141.44
1186.6
702.633
406.492
243.23
141.856
78.7874
49.1199
33.2959
25.0756
21.303
22.1016
26.3487
34.9467
51.8777
83.928
139.562
239.293
407.519
724.01
1243.09
1121.19
693.333
397.881
243.422
144.914
81.7499
50.9414
33.5666
25.0537
21.7261
21.8738
26.0143
34.4742
51.2308
83.7241
141.598
239.642
407.836
727.132
1239.52
1139.02
697.54
397.973
243.515
145.66
85.0542
51.5705
33.8097
24.3028
21.1888
22.1525
25.0796
33.7205
48.6013
82.3323
140.899
238.338
409.731
733.52
1262.42
1227.45
702.197
398.287
242.784
144.087
84.4768
51.3817
33.899
25.4216
22.1143
22.396
25.685
33.5784
48.9694
79.4056
139.755
238.066
408.94
730.797
1240.84
1203.96
696.968
398.421
243.177
146.881
86.0228
51.6736
33.9641
25.5129
21.8921
22.2103
25.3411
32.0927
47.2449
79.7251
139.064
238.279
409.034
736.808
1327.64
1189.62
688.073
395.682
243.448
146.052
84.9822
51.1639
33.8034
25.5636
21.6759
21.9995
24.5683
32.8479
48.8194
80.7002
137.03
234.295
405.091
727.76
1241.04
1141.82
685.206
394.631
243.71
144.746
83.547
50.615
33.709
25.6797
22.3336
21.5903
24.7638
31.34
48.7076
80.2065
137.133
236.434
403.937
726.792
1273.58
1195.56
686.544
392.894
242.279
140.807
79.2816
49.7242
33.3268
25.5322
22.3861
21.9877
25.6087
32.3316
47.0127
79.4159
134.285
235.444
403.571
727.496
1357.22
1070.28
673.662
392.729
240.566
141.296
81.0551
49.4685
33.0672
25.3255
22.3297
22.3717
25.6578
33.4881
49.2667
79.1126
136.229
234.937
401.345
715.418
1285.94
1084.63
677.778
394.125
241.062
141.748
82.2612
46.9484
30.9793
23.8655
21.8783
21.9852
24.3818
31.8528
48.6648
75.682
132.863
234.169
400.335
710.564
1209.95
1091.33
681.513
395.576
239.464
138.308
79.2102
47.9328
31.9928
24.4434
21.3748
21.269
24.5576
32.5365
48.8003
77.4412
132.348
234.109
399.154
714.135
1166.59
1116.74
685.154
397.649
239.798
140.8
81.7523
49.5305
32.9835
25.1263
22.0062
21.5366
24.5748
32.1698
47.5235
79.9979
134.371
230.923
397.11
712.836
1201.78
1130.83
684.795
397.856
238.91
137.838
81.038
49.0805
32.691
24.9358
21.9207
21.7583
25.0617
33.4862
49.86
80.3341
132.28
230.49
396.082
716.579
1254.64
1211.15
686.255
393.76
234.897
138.364
77.965
46.5394
30.9598
23.761
21.2029
22.2643
25.7626
32.461
49.9144
81.2869
136.251
231.19
394.041
707.353
1221.36
1172.3
678.365
390.437
233.544
137.79
81.2815
49.2656
32.784
24.9295
22.0008
22.4194
26.0449
33.8027
48.5227
80.7247
133.528
230.308
391.356
700.228
1117.04
1220.16
671.975
384.771
232.655
134.501
81.098
49.1879
32.8001
24.8843
21.8562
22.3028
25.941
33.0519
50.6606
80.9667
135.576
229.941
390.469
698.206
1134.1
1151.55
658.076
381.721
234.656
139.39
80.9116
48.7542
32.5113
24.4032
20.8458
21.497
26.0315
34.3576
50.9351
81.179
132.779
228.095
390.813
692.444
1175.69
1052.41
656.246
381.525
234.922
140.84
80.585
48.2157
32.1845
24.4964
21.3465
22.2004
25.988
34.149
50.5283
79.4789
134.044
229.664
391.81
690.398
1105.34
1066.82
660.259
384.713
236.121
140.501
76.549
45.0362
31.4184
23.6025
21.6894
21.6212
25.7481
32.8004
49.1229
81.9455
136.419
231.915
394.012
695.191
1134.64
1070.26
660.388
386.265
237.77
140.262
78.1168
46.3629
30.8737
24.4717
21.9567
22.2957
25.9323
34.3238
51.2407
80.6184
139.731
234.34
394.988
699.917
1202.88
1134.16
663.872
389.864
239.229
138.249
79.8421
48.0215
32.0239
23.9571
21.1853
21.531
24.9922
33.5105
51.5677
82.8945
140.092
234.868
394.91
695.571
1120.65
1035.32
659.92
391.452
239.832
140.727
78.0553
46.267
30.9571
24.7915
22.139
22.5002
26.233
34.6712
51.2342
81.4738
139.332
234.033
394.608
704.428
1207.46
1032.52
661.845
392.155
241.488
139.985
84.1068
50.4703
33.1916
25.0067
21.998
21.6343
25.2283
34.1605
49.5895
83.5036
137.377
233.476
393.854
695.282
1143.54
1048.84
667.084
395.492
244.133
146.06
85.0205
50.6406
33.1169
24.0612
21.3661
21.9436
26.0834
33.9542
51.2749
83.5276
141.187
235.949
393.54
690.049
1079.43
1063.37
672.168
399.277
246.106
147.97
85.8985
50.883
33.2782
24.9605
22.1264
22.4587
26.1637
34.4566
50.9763
82.8268
140.734
236.555
395.329
694.494
1086.74
1137.01
680.974
401.709
247.067
148.277
85.7982
50.7756
33.2266
24.1344
21.4111
21.6313
25.1304
32.9523
48.6838
79.8364
140.001
236.411
397.218
700.723
1114.2
1088.96
681.452
404.296
249.99
149.6
86.1703
50.8271
33.4786
25.4676
22.4333
22.7546
26.283
34.4312
50.3725
80.5747
139.431
236.079
398.442
705.591
1135.29
1108.91
686.547
408.371
252.896
149.926
85.9551
50.4221
33.2271
25.3453
22.2815
22.0028
26.0949
34.3688
50.3912
81.3874
137.743
236.209
399.299
707.206
1216.44
1189.77
697.691
413.32
254.569
150.089
85.8415
49.6913
33.0253
25.2118
22.2672
22.5234
25.3502
33.9543
49.7062
80.7329
138.006
234.857
398.583
703.185
1171.85
1123.43
699.039
415.357
254.481
149.126
85.3289
47.137
31.4442
24.6994
21.4557
22.3819
26.1377
33.8099
49.2194
77.7894
135.7
234.337
395.447
703.791
1223.11
1135.22
695.522
414.652
254.512
149.077
85.5834
48.5685
33.0705
24.5564
22.0159
21.824
26.1582
32.6141
48.8782
78.6139
137.865
235.599
397.263
692.582
1183.55
1197.65
693.37
416.668
253.193
146.407
85.3726
50.9022
33.4933
25.5719
21.9818
22.5101
26.5708
33.909
47.5461
78.5702
136.124
234.914
394.333
689.661
1096.6
1074.41
688.027
411.344
253.634
148.96
85.6827
50.6337
33.0573
25.6053
22.8957
23.1284
26.761
33.7178
50.1756
79.088
138.363
234.748
395.989
700.478
1176.48
1085.81
692.176
413.791
251.809
148.177
84.7885
50.0823
31.3114
24.4453
22.6303
23.1517
26.7477
34.9147
50.0745
81.0306
138.519
233.733
394.933
687.325
1076.26
1088.6
695.244
413.866
251.399
145.231
84.2333
49.8598
32.9611
25.3988
22.5669
22.9213
26.3758
34.0207
51.6958
84.6693
137.465
234.585
396.102
690.038
1077.38
1095.7
696.318
417.46
250.863
147.124
81.3318
46.9611
31.1352
24.3867
21.9563
22.1841
25.5634
35.0172
53.7272
85.7184
142.589
234.368
396.933
693.9
1091.49
1091.55
695.611
413.697
250.043
144.635
84.8985
49.4695
32.6083
25.4929
22.3639
23.3832
26.8647
36.2926
53.7259
83.4663
142.695
237.607
399.345
704.901
1097.59
1096.52
695.375
417.149
249.923
149.336
85.4667
47.2381
30.4605
25.3017
22.868
23.5212
27.4798
36.3238
53.8446
86.2758
143.277
238.52
398.142
699.812
1118.19
1094.61
696.388
411.804
250.161
148.412
85.0225
50.3614
32.2434
25.4248
22.7153
23.2714
27.1736
35.8485
53.1862
85.5691
141.046
238.43
401.014
703.649
1134.72
1103.89
697.555
410.224
249.161
145.065
81.488
49.8839
33.5228
25.3868
22.4075
22.8821
26.6905
35.277
52.3883
84.8109
142.552
239.712
400.633
710.192
1211.08
1117.89
702.292
413.579
252.85
149.377
85.1118
48.6872
33.0429
24.1907
21.1856
21.6288
25.193
33.2635
49.7043
81.4985
139.701
237.719
399.658
699.133
1129.21
1190.34
707.308
414.772
253.374
149.42
84.3521
49.6209
33.0085
24.9493
21.7937
22.0997
25.791
34.0875
50.7442
82.7677
140.204
238.94
400.332
703.64
1134.91
1087.14
701.134
415.707
252.574
145.87
79.8232
46.6129
32.6769
24.2131
22.3135
22.4081
26.1595
34.6572
51.6233
83.8566
139.885
239.048
395.519
695.617
1146.26
1079.75
691.705
408.688
251.537
145.708
81.3082
48.0618
33.035
25.2922
22.643
23.1352
27.102
36.161
53.9032
86.8337
141.87
239.734
396.472
695.822
1198.77
1084.1
691.562
398.532
250.981
144.681
83.1729
49.9873
33.2834
24.6209
22.4797
23.0021
26.9006
36.0258
53.9721
87.6
145.073
240.876
398.42
696.392
1124.06
1080.09
690.379
394.852
246.051
141.263
82.4864
49.7786
33.3338
25.5664
22.5471
22.7008
25.6139
34.3721
53.3233
87.0541
145.322
241.498
401.593
704.57
1215.16
1084.5
689.441
392.045
243.447
143.537
81.6702
49.1559
33.156
25.4459
22.3762
22.2517
26.2309
35.5557
53.0984
86.6005
144.875
241.571
402.636
711.395
1198.22
1081.67
694.215
389.418
240.27
142.72
78.0943
45.8728
32.3077
24.2623
21.6912
23.0532
26.9992
35.4112
52.4217
85.9228
144.721
241.249
403.706
714.776
1220.39
1095.67
677.918
386.716
236.922
140.203
81.0437
48.3245
32.3223
25.0151
22.4291
23.0502
26.8308
34.0514
50.4288
85.31
142.875
241.739
404.118
714.922
1212.98
1109.71
676.048
384.785
236.403
138.906
76.7034
44.7916
29.8805
23.5283
21.4502
22.7776
26.8284
35.578
52.909
85.4313
143.26
240.589
403.922
712.344
1180.33
1192.27
678.583
384.358
234.888
137.887
76.7085
45.2125
30.2776
24.0808
21.8448
22.12
25.8037
35.0571
52.286
84.6442
143.657
240.327
405.365
712.808
1259.94
1154.57
674.587
384.599
233.513
137.61
76.3957
45.4614
30.5706
23.2591
21.4036
22.7804
26.5787
34.7446
51.4622
83.8389
143.05
240.099
400.477
684.091
1117.36
1228.14
671.054
384.024
232.271
137.9
78.4384
47.3726
32.0071
24.1916
22.3421
22.9631
26.5397
34.1897
49.0215
80.0869
140.353
239.23
396.201
678.88
1031.25
1125.52
658.66
380.765
231.567
136.387
75.5667
44.8663
30.5883
24.1917
22.3158
22.9441
26.4749
33.4967
49.6791
80.8987
140.971
240.395
399.456
683.726
1043.64
1049.74
659.81
381.845
232.054
137.586
79.0096
47.4835
32.2357
25.0132
22.3109
22.905
26.6203
35.0361
50.4963
81.2153
140.43
239.938
396.409
688.377
1067.71
1068.67
665.612
386.288
232.295
133.541
74.4957
44.3476
30.6231
23.9362
21.292
22.6109
26.3854
35.0349
52.0416
83.1647
139.801
237.953
396.672
692.178
1094.8
1088.4
671.879
386.255
231.828
133.775
75.436
45.4232
32.0758
25.076
21.9135
22.5566
25.3803
34.6546
51.7968
82.9161
137.46
235.652
395.217
693.542
1170.38
1165.2
675.228
385.68
231.979
134.178
76.1
45.9882
31.3871
25.1129
22.4927
22.3278
26.1621
33.4747
51.4106
82.3067
136.589
234.981
388.82
689.349
1120.3
1108.6
669.836
385.633
233.098
137.132
79.3458
48.4818
32.945
24.9657
22.6038
23.0517
26.6938
34.98
51.4022
82.1037
135.63
232.439
387.177
683.593
1073.44
1172.72
673.456
388.859
233.518
134.843
76.8782
46.4264
32.1902
24.5182
22.4603
22.8726
25.7907
33.6383
49.4887
79.9927
135.43
229.838
387.93
687.55
1088.14
1086.82
670.991
388.853
236.32
140.618
82.068
50.1584
33.4713
25.4013
22.5254
23.0169
26.8213
35.2904
51.8152
82.8785
133.371
229.494
389.363
697.085
1173.74
1151.83
673.879
386.949
235.511
139.64
81.1142
49.8861
33.2209
24.3795
21.5345
22.0744
26.4641
35.106
51.6486
83.5958
136.08
227.197
388.605
681.837
1090.54
1073.75
668.628
387.384
236.089
139.346
77.832
49.2362
32.781
25.1821
22.3366
22.7239
25.6557
34.6096
49.2869
83.3264
133.692
228.285
384.337
684.283
1102.25
1085.33
673.316
389.691
235.428
136.744
81.7431
49.4467
32.5519
24.2919
22.1439
22.8588
26.5513
34.8482
50.9742
83.9515
138.658
231.848
388.966
689.348
1128.75
1160.08
681.407
387.863
235.721
139.317
81.3064
48.6573
30.9658
24.7794
21.4905
22.6548
26.3671
33.4972
52.2411
84.0898
139.056
232.866
391.07
694.276
1207.7
1077.95
672.225
385.575
234.601
138.408
80.5111
46.5174
31.6049
25.0623
22.0954
22.6649
26.2759
33.7701
51.9841
83.5936
136.668
232.994
392.586
692.915
1102.2
1083.15
678.527
384.822
233.719
136.483
79.5481
48.4197
32.9765
25.2302
21.4562
21.8803
25.4402
33.8011
51.7995
83.4483
138.353
232.806
392.911
700.235
1179.4
1096.61
670.713
384.379
232.552
132.137
76.6183
46.4681
32.951
25.3352
22.3679
22.7033
26.3326
34.6644
51.3175
82.746
136.087
232.647
390.229
687.899
1085.69
1149.93
668.952
386.218
235.219
137.229
82.3252
50.1618
33.4215
25.2542
22.1243
22.4418
26.0754
34.2986
50.83
82.6274
139.082
232.875
393.833
700.634
1084
1052.35
663.845
383.648
236.784
141.414
82.3163
50.237
33.5153
24.3412
21.1278
21.2756
24.8246
33.3436
48.1807
81.0838
137.724
231.538
388.928
690.629
1089.44
1118.03
664.225
384.946
237.44
142.447
82.0329
50.0386
33.521
25.4587
21.7837
21.8957
25.6268
33.4647
48.9583
79.6672
136.801
230.83
387.512
687.368
1096.49
1034.8
656.853
385.767
238.015
141.597
80.5211
49.6508
33.4571
25.611
22.4115
22.383
25.4702
32.155
48.4771
77.1628
133.167
230.159
388.318
686.137
1111.59
1039.99
657.46
386.426
238.811
141.124
75.6834
49.1781
33.4774
25.5631
22.3583
22.2735
24.8699
33.2757
47.0317
76.1591
131.301
230.036
387.815
684.121
1130.07
1069.08
661.644
387.839
237.926
139.016
79.1048
49.402
33.38
25.4137
22.2167
22.1647
25.4516
33.3545
49.0291
78.5329
129.709
228.231
384.533
683.758
1161.55
1142.28
661.096
389.658
238.319
139.145
81.7127
49.3607
33.0455
25.1609
22.0089
21.3504
24.4391
32.8435
47.1719
78.0309
128.644
226.374
384.853
682.842
1240.52
1122.71
664.324
387.237
237.194
139.576
80.6258
48.3745
32.4693
24.7553
21.8561
21.9446
25.0385
31.8747
48.4331
77.5847
129.576
224.035
377.917
666.15
1129.66
1125.88
667.85
384.554
235.228
138.23
79.0279
47.3067
31.6766
24.1908
20.7587
21.3848
24.0885
31.5724
47.6311
76.8007
127.782
221.826
374.022
661.694
1057.74
1093.03
665.71
386.794
233.465
134.389
74.5915
43.9214
29.398
22.7805
20.577
21.274
24.4819
31.7391
46.6536
75.596
128.321
220.658
373.462
660.474
1076.8
1108.47
664.735
378.426
229.467
131.769
73.4656
43.6724
29.5231
22.9067
20.6947
20.5149
24.0447
31.001
45.5992
74.401
127.285
220.829
374.804
662.459
1162
1137.48
658.198
377.51
226.18
127.248
71.6414
43.1552
29.4945
22.879
20.5166
20.6476
22.9919
29.8516
42.5402
70.6012
125.421
219.304
368.05
652.489
1132.4
1199.6
644.279
363.969
221.191
124.011
66.8941
41.6342
28.682
21.983
19.7908
19.8086
22.5528
29.1429
41.5105
69.3232
122.246
220.342
365.695
647.65
1144.69
1096.94
628.465
360.906
217.671
120.096
64.7288
38.6618
26.7483
21.9379
19.833
19.7158
22.2418
27.3898
39.3962
66.5871
122.011
217.897
362.769
644.005
1132.79
1055.1
620.435
363.729
211.616
114.595
61.7299
37.586
26.3586
21.6353
19.578
19.3926
21.8135
26.6439
37.397
61.7108
117.243
215.533
360.527
640.188
1112.78
1135.84
619.457
352.227
203.8
108.453
58.2907
36.5636
25.9287
21.0907
19.2051
18.9974
20.8196
25.4225
35.8071
58.3543
109.956
209.835
356.092
632.643
1040.56
1112.36
606.026
343.866
194.499
101.74
55.0843
33.7334
24.9409
20.2472
18.8671
18.8665
20.518
24.6941
34.0897
55.2823
103.052
202.037
353.274
620.831
1044.4
1091.48
599.639
333.754
184.841
95.2935
50.4358
31.8373
23.3539
19.6615
18.1884
18.2095
19.8743
23.9374
32.712
52.5379
97.6264
190.966
354.297
613.738
1050.74
1030.82
581.905
317.212
171.606
87.2148
47.1317
30.0501
22.5726
19.2857
18.0519
18.1319
19.5683
23.0158
30.9196
48.8301
90.3884
177.907
335.3
611.839
1072.97
1044.35
563.801
298.62
156.374
78.5808
43.142
28.2877
22.27
19.0273
17.9739
18.0294
19.2062
22.1726
28.9629
44.393
80.8809
161.122
313.616
593.231
1095.71
1070.69
531.89
270.794
138.311
69.431
39.2947
26.7339
21.1315
18.5512
17.7248
17.6063
18.7313
21.4552
27.1953
40.131
70.5997
142.053
286.593
564.72
1123.97
1143.77
495.31
240.711
120.56
60.7751
35.6442
25.2036
20.508
18.2109
17.3806
17.4638
18.4922
20.828
25.5577
36.183
61.3167
121.441
255.08
532.592
1166.16
1032.12
455.698
216.222
104.762
53.2084
32.2524
23.6495
19.6574
17.9613
17.2427
17.3813
18.1109
19.9789
24.0763
33.0712
54.0228
105.247
223.254
479.51
1101.29
930.554
400.1
183.016
85.6814
44.9128
28.8381
22.079
18.9988
17.5879
17.0994
17.089
17.7488
19.2689
22.4809
29.4645
45.4599
85.4386
186.836
418.478
990.957
795.465
343.228
151.474
70.2952
38.3729
25.8538
20.6647
18.3295
17.2346
16.824
16.8729
17.3548
18.4918
20.9578
26.3588
38.9917
70.7229
152.768
347.96
824.36
634.137
274.133
114.251
53.136
31.1957
22.7344
19.2002
17.593
16.8611
16.5794
16.5965
16.9345
17.7546
19.456
23.1728
32.0189
54.8793
118.526
285.586
675.795
493.732
228.459
90.1125
42.0284
26.1453
20.2935
17.8997
16.838
16.345
16.1502
16.1651
16.396
16.9293
18.069
20.5658
26.5401
42.5081
91.438
235.957
505.975
448.611
188.569
69.3826
32.7933
21.7078
17.8662
16.4481
15.8803
15.64
15.5538
15.5658
15.6865
15.964
16.5831
18.0919
22.1151
33.5385
70.779
193.283
449.886
444.063
145.826
48.3065
23.6611
17.507
15.7017
15.1538
14.9896
14.9373
14.9244
14.9276
14.9573
15.0337
15.2376
15.8506
17.7332
23.9843
48.4742
147.993
446.755
463.844
105.523
31.835
18.9558
15.9469
15.0818
14.8516
14.7964
14.7804
14.7798
14.7778
14.7854
14.8004
14.8546
15.0676
15.9093
18.9248
32.2536
107.003
461.734
474.94
49.9877
18.4628
14.9627
14.6684
14.7703
14.8064
14.8091
14.8079
14.8076
14.8074
14.8087
14.8104
14.8107
14.792
14.697
14.9763
18.3497
49.8774
476.382
430.18
280.261
162.782
104.34
69.8905
48.8273
36.1521
28.6469
24.524
22.7578
22.8578
24.7641
28.8434
36.0281
48.1081
68.4437
102.443
162.043
279.17
414.138
453.83
285.381
166.191
105.83
70.1638
48.3505
35.9794
28.5143
24.4027
22.6392
22.7461
24.6538
28.7136
35.9101
48.0903
68.9689
103.941
165.594
285.988
433.315
509.061
292.681
170.639
107.929
70.4498
49.0145
36.223
28.6456
24.497
22.7077
22.8151
24.6869
28.6135
35.6737
47.7186
69.2447
104.787
167.637
290.355
479.781
427.293
274.701
165.74
106.005
70.4782
49.1129
36.2537
28.6458
24.4857
22.683
22.7949
24.7312
28.8598
36.3937
48.8215
69.683
105.411
169.421
296.419
427.806
379.084
275.333
160.983
103.936
70.2495
49.3315
36.4141
28.7119
24.4795
22.6811
22.7609
24.6834
28.5964
36.3936
48.8874
69.8417
105.806
170.375
300.574
489.938
396.879
289.254
163.327
105.117
70.5368
49.4414
36.4505
28.6876
24.4016
22.6423
22.7476
24.7205
28.948
36.4217
48.9376
69.7842
106.301
171.57
293.646
459.455
424.796
280.861
167.318
108.454
71.2382
49.6853
36.6051
28.7519
24.0626
22.5751
22.4244
24.5602
28.8432
36.3052
48.7897
69.7948
105.791
169.584
293.631
485.824
458.964
282.678
162.94
107.297
71.0465
49.6957
36.6076
28.8456
24.3456
22.7177
22.7205
24.3313
28.7847
36.2018
48.2928
69.6196
107.06
171.234
292
485.592
427.943
283.778
163.018
106.277
71.1912
49.7342
36.5701
28.8608
24.6601
22.8336
22.8642
24.6909
28.7496
36.1213
48.6215
69.4892
105.542
166.672
287.498
418.569
386.677
276.235
162.623
105.096
70.8775
49.4373
35.7708
28.2636
24.4641
22.7454
22.8016
24.6046
28.5694
35.4616
48.4134
69.4878
106.243
171.492
298.452
430.632
389.544
288.002
164.067
105.438
70.827
49.3113
35.9145
28.2096
24.3919
22.655
22.7288
24.5318
28.2045
35.4495
48.2819
69.3741
105.386
166.828
288.82
436.761
404.933
282.455
165.373
106.051
70.914
49.2815
35.8059
28.2877
24.2654
22.5231
22.6393
24.5363
28.5548
35.7643
47.9438
69.3548
105.4
170.811
292.423
462.497
416.161
286.942
167.03
106.718
71.0236
49.2453
36.2436
28.5763
23.9586
22.1086
22.2269
24.2984
28.2008
35.47
48.1763
69.3632
105.542
168.245
294.84
524.999
470.482
290.032
168.949
107.628
71.2055
48.7328
35.7202
28.65
24.4685
22.5925
22.6477
24.5818
28.7238
36.0729
48.4686
69.2791
104.724
168.638
292.582
463.181
421.799
291.279
170.956
108.653
71.9204
49.6366
36.3665
28.7946
24.4867
22.501
22.2837
24.0905
28.1454
35.4167
47.8198
69.1256
104.78
171.306
294.328
423.032
431.14
306.283
178.194
111.476
72.2114
49.6406
36.0161
28.7421
24.455
22.2931
22.5685
24.46
28.5352
35.7914
47.8756
68.987
104.767
170.963
292.034
470.327
455.666
302.853
176.975
110.673
72.0447
49.5999
36.3209
28.679
24.4833
22.6434
22.6816
24.4984
28.5306
35.786
48.2306
69.09
104.932
171.84
293.386
444.863
440.469
297.21
176.932
110.572
71.7499
48.7517
35.512
28.4183
24.3573
22.5911
22.6439
24.4143
28.0295
35.2335
48.1878
69.0443
104.801
169.653
302.479
467.189
448.512
299.361
174.204
108.661
71.2445
48.7364
35.588
28.4023
24.3209
22.5382
22.6199
24.556
28.6874
36.0054
48.3274
69.1144
105.572
171.651
293.968
467.794
506.708
307.1
178.58
109.175
71.0833
48.7465
35.7463
28.3352
24.2403
22.4529
22.5191
24.4768
28.6705
36.0365
48.414
68.9539
104.048
166.447
285.641
411.019
502.125
309.899
173.791
110.097
71.0535
47.9245
35.0396
28.2575
24.2444
22.4621
22.4634
24.0793
28.5467
36.0988
48.5345
69.1858
104.538
170.842
294.605
458.622
526.521
308.517
173.349
108.093
71.0865
48.6144
35.7844
28.344
24.2332
22.4516
22.4906
24.3099
28.2328
36.0506
48.5889
69.1772
103.94
165.892
283.831
410.506
524.691
307.892
174.125
108.198
71.2619
49.2941
36.0682
28.374
24.2287
22.4655
22.497
24.2826
28.6714
36.2373
48.6736
69.3198
104.256
165.592
285.218
403.29
505.828
303.475
175.885
108.449
71.2036
49.202
35.8995
28.1425
23.7285
22.0245
22.3448
24.0623
28.4262
36.2772
48.7724
69.5139
105.385
167.068
295.404
399.46
456.366
307.624
171.031
108.69
71.071
49.0876
35.7868
27.7615
23.9705
22.3052
22.3061
24.3672
28.9116
36.4333
48.9649
69.6319
104.393
164.785
281.973
393.854
497.937
294.522
168.59
107.01
70.8064
48.9314
35.4511
28.2664
23.8624
22.1783
22.6348
24.7792
28.9737
36.0441
48.603
69.7994
104.815
165.415
284.34
395.781
429.116
294.531
173.345
108.491
71.3834
48.8578
36.0591
28.5527
24.485
22.6646
22.561
24.8092
29.1041
36.5841
49.0971
70.0439
106.722
167.402
291.291
388.753
484.248
308.712
169.193
108.035
71.8337
49.7132
35.8713
28.2101
24.5298
22.7906
22.8545
24.8444
29.1391
36.5943
49.0798
69.7963
105.316
165.491
284.715
396.488
413.194
289.313
168.866
110.079
72.4655
50.0194
36.5637
28.7937
24.6867
22.8012
22.5372
24.5156
29.1628
36.6904
49.1655
69.9801
105.277
169.053
288.726
445.216
412.292
299.421
173.125
109.076
72.1283
49.33
35.9415
28.4216
24.2106
22.4336
22.6785
24.9582
29.2801
36.6998
49.1106
69.9377
105.652
166.064
287.858
405.496
417.569
284.618
165.448
109
71.8114
49.5932
36.3363
28.6377
24.454
22.7564
23.0166
25.0333
29.3234
36.7099
48.9393
69.8903
104.461
166.127
290.371
413.546
410.923
284.977
165.184
106.297
71.3363
48.8124
35.5127
27.8905
24.0781
22.2481
22.8267
24.9864
29.2473
36.2516
49.1041
69.9245
104.772
166.95
298.44
464.635
415.911
286.593
165.74
106.554
70.9705
49.1378
36.0335
28.2562
23.7508
22.1649
22.7274
24.9207
29.2536
36.3613
48.9229
70.2189
107.081
170.831
294.504
432.325
409.922
286.882
166.368
107.361
70.9811
49.1855
36.0822
28.2931
23.8469
22.2018
22.6802
24.8518
29.2454
36.7424
49.3351
70.5119
105.326
169.94
287.861
409.338
417.59
286.952
167.095
108.69
70.9544
49.0796
35.9566
28.1946
24.0792
22.4124
22.6016
24.5093
29.0789
36.6539
49.2924
70.2167
105.267
169.536
302.346
449.969
459.088
297.918
169.08
107.128
70.9863
49.0281
35.3948
27.5366
23.556
22.0658
22.2841
24.3873
28.6515
36.0865
49.1484
70.467
105.323
165.011
288.659
392.603
374.59
283.273
172.535
109.716
71.6314
49.2601
36.0253
28.2762
24.1778
22.6588
22.8028
24.8153
29.0885
36.3208
48.8872
70.8586
107.737
164.152
281.533
436.327
387.052
286.444
173.32
109.347
71.7502
49.5872
36.4681
28.8547
24.6321
22.7723
22.8242
24.8169
29.1343
36.6966
49.2918
70.3594
105.403
164.116
280.145
402.057
401.238
290.167
171.598
107.781
71.3445
48.9042
35.752
28.7383
24.63
22.7732
22.734
24.3798
28.601
36.5502
49.266
70.5446
107.264
165.085
281.756
406.369
417.29
300.914
177.721
108.497
71.8942
49.2234
36.104
28.8553
24.6765
22.7351
22.4845
24.594
28.8707
36.4812
49.0493
70.4556
105.836
166.476
284.395
424.259
471.623
301.888
171.44
108.139
71.7237
49.5609
36.5984
28.9424
24.3728
22.6842
22.7027
24.3251
28.4045
35.9675
49.078
70.4833
107.087
168.045
286.099
436.932
463.61
302.461
172.964
108.979
71.9956
49.0742
36.6329
29.0485
24.7918
22.9064
22.6643
24.812
28.9786
36.3025
48.5887
70.1002
105.968
172.06
288.37
466.385
476.245
309.473
173.635
109.378
72.5411
49.7686
36.6627
29.0043
24.7639
22.9018
22.8906
24.7356
28.7639
35.6983
48.3688
70.0391
105.432
169.659
287.739
406.176
476.048
294.972
176
111.324
72.5217
49.9836
36.5987
28.8539
24.6392
22.814
22.7755
24.2657
28.1747
35.488
48.0828
69.7119
105.592
167.718
292.824
451.603
455.406
291.609
171.897
109.235
72.1458
49.2567
35.7397
28.5243
24.2376
22.6655
22.7863
24.5371
28.304
35.4226
47.8913
69.5892
107.671
168.3
293.834
410.981
414.716
286.658
166.357
106.492
71.3413
49.2214
35.9024
28.4738
23.9409
22.1985
22.6056
24.4883
28.2005
35.3162
47.6016
68.81
105.729
170.609
292.023
422.323
420.995
286.517
166.356
106.648
71.2451
49.2252
36.0885
28.4336
23.9863
22.2336
22.3255
24.2193
28.3237
35.5542
47.7924
68.6418
104.061
167.997
296.427
479.271
485.754
288.992
167.446
107.139
71.6581
48.7212
35.369
28.3529
24.2949
22.5856
22.7305
24.6862
28.8435
36.1379
48.3648
68.9306
105.621
169.034
297.668
460.542
457.458
284.78
166.165
106.902
71.4051
49.2877
35.7315
28.4426
24.3557
22.6732
22.8416
24.8208
29.0168
36.3697
48.6364
68.9103
104.955
170.308
298.734
518.296
441.814
283.939
167.094
107.317
71.5983
49.07
36.2
28.4882
24.3072
22.6671
22.8496
24.8384
29.0559
36.4707
48.8769
69.2869
105.884
168.917
294.032
461.718
396.743
284.445
171.88
108.482
72.1045
49.8472
36.4949
28.5854
24.0024
22.6348
22.8752
24.8814
29.1082
36.5726
49.1817
70.2125
106.412
171.602
292.785
426.205
405.231
288.657
173.312
110.444
72.7772
50.012
36.4974
28.6864
24.3326
22.3989
22.7572
24.766
28.9125
35.9634
48.4792
69.5822
104.927
171.341
297.303
487.852
450.237
294.631
173.589
108.173
72.3925
49.8551
36.392
28.7387
24.5288
22.6733
22.7418
24.6833
28.8615
36.2476
48.7035
69.4432
104.304
169.91
295.551
460.248
389.827
291.023
170.931
107.365
72.2338
49.7875
35.7714
28.5727
24.4415
22.5353
22.2052
23.977
28.0482
35.434
48.0746
69.2727
103.896
166.651
297.361
456.482
389.283
292.233
165.188
105.915
71.9409
49.6859
36.2999
28.6036
24.4281
22.5233
22.2836
24.0259
28.1
35.4639
48.1296
69.1643
104.038
165.858
293.328
513.61
400
287.129
163.92
105.432
71.5272
49.0298
35.4863
28.3031
24.3065
22.4768
22.4567
24.1018
28.1502
35.4894
48.3046
69.2097
105.417
167.837
285.359
432.158
397.527
296.848
164.303
105.613
71.4494
49.4597
35.8304
27.9185
24.2874
22.456
22.214
24.4108
28.6163
35.9902
48.4379
69.2175
104.422
166.795
292.06
395.505
396.775
281.334
162.371
105.732
70.9959
49.546
36.4459
28.4143
24.4237
22.5407
22.3616
24.5217
28.7571
36.1565
48.5945
69.445
104.9
167.451
289.819
417.099
403.238
291.133
162.327
107.326
70.7238
49.5062
36.6284
28.9086
24.5895
22.6718
22.6438
24.6092
28.8066
36.199
48.6303
69.4648
105.037
170.799
293.525
481.359
413.985
277.401
160.702
104.237
70.4979
49.381
36.5685
28.8966
24.2803
22.6025
22.4156
24.6519
28.9246
36.3549
48.8127
69.6152
104.725
166.617
289.384
450.608
453.285
279.351
162.3
104.87
70.778
49.4023
36.5438
28.9391
24.6881
22.7928
22.8186
24.7753
28.9951
36.4275
48.9222
69.8649
105.181
166.139
287.666
432.512
380.615
279.03
164.579
105.981
71.0813
49.4785
35.8685
28.7305
24.6168
22.7281
22.7775
24.8373
29.1286
36.6165
49.1914
70.4099
107.731
166.996
287.859
466.497
392.114
290.321
171.067
107.109
71.2554
49.1229
35.7756
28.2648
24.4929
22.6485
22.4104
24.807
29.185
36.7043
49.274
70.3543
107.356
167.735
285.977
400.313
403.252
287.465
168.801
108.843
71.4826
49.1935
35.7565
28.5805
24.5005
22.6761
22.5372
24.8807
29.2586
36.7924
49.385
70.4376
106.362
169.048
288.761
407.894
456.376
284.066
165.003
106.02
70.8242
49.3187
35.8893
28.5911
24.447
22.4533
22.5233
24.518
28.8065
36.246
48.8587
70.4409
108.625
172.744
296.697
465.481
403.4
283.922
166.153
106.459
70.8892
49.3557
36.3174
28.5059
24.5135
22.7996
22.9361
24.9494
29.2162
36.6494
49.057
69.8518
105.11
162.476
287.517
451.363
411.686
298.378
168.644
107.223
70.9577
48.9913
36.3482
28.6879
24.1873
22.5097
22.5202
24.5233
29.0659
36.5224
48.6845
69.8434
102.978
161.502
286.239
452.58
429.977
296.026
171.31
108.877
71.3354
49.4004
36.3437
28.748
24.5672
22.8149
22.9197
24.8409
28.8059
36.4842
48.6866
69.81
103.542
161.405
286.361
432.45
458.985
286.97
168.105
105.81
70.6876
49.2397
36.2591
28.6118
24.1725
22.4454
22.8723
24.9172
29.1171
36.4468
48.4844
69.5193
106.273
161.032
287.39
473.355
404.019
286.621
165.643
105.5
70.4647
48.5367
35.991
28.2419
24.5349
22.8051
22.8252
24.8025
28.7363
36.0375
48.3671
68.6459
102.93
160.147
286.032
417.689
416.252
297.156
167.808
105.976
70.6577
48.8002
35.613
28.6937
24.6362
22.549
22.6267
24.5847
29.1235
36.5528
48.7661
68.5632
100.907
159.617
287.543
471.865
425.148
297.304
167.995
106.329
71.0778
49.4128
36.1005
28.9046
24.7699
22.9165
23.014
25.011
29.2255
36.6594
49.0319
69.1388
101.265
159.623
286.823
443.862
439.391
291.099
168.489
106.932
71.2736
49.6016
36.5693
28.898
24.6898
22.8252
22.674
24.8266
29.0279
36.3691
48.9699
69.5746
101.878
159.945
292.115
500.713
474.776
299.667
170.465
109.068
71.4524
49.1323
36.42
28.769
24.594
22.7811
22.8845
24.7502
28.9204
36.1477
48.9
69.452
102.688
159.868
273.746
417.393
413.685
289.191
172.383
108.195
71.1172
49.3286
36.3036
28.6773
24.4857
22.6059
22.3997
24.5131
28.4626
36.2577
48.8934
69.8104
103.664
161.844
274.006
365.348
425.114
293.717
170.634
107.828
70.8231
48.9587
35.5519
28.3935
24.3168
22.502
22.3506
24.1579
28.6034
36.2168
48.6919
70.5241
106.772
167.022
278.347
382.696
440.15
294.013
168.229
106.104
70.5609
48.4193
35.9555
28.087
23.8791
22.1801
22.5349
24.2082
28.1498
36.0873
48.86
70.4501
106.091
168.463
281.37
436.739
467.354
292.725
168.546
106.299
70.5851
48.7039
36.0451
28.4968
24.3345
22.5692
22.6772
24.5082
28.3568
36.0059
48.703
70.0489
105.591
167.895
281.77
388.176
525.046
297.711
169.595
106.728
70.6087
48.8139
35.3634
27.8406
24.0619
22.1233
22.5084
24.4588
28.5059
35.4559
48.0656
70.2124
106.768
165.856
285.913
395.961
462.79
287.695
169.35
107.012
70.4113
48.4918
35.5422
28.0878
24.04
22.0318
22.021
23.8363
28.245
35.5047
47.6927
69.3383
104.379
165.194
291.247
443.534
433.725
294.257
171.573
107.657
70.3633
47.6384
34.7362
27.7887
23.5665
22.0317
22.1245
23.6832
27.6181
35.1445
47.3038
69.0543
104.571
164.904
283.559
409.509
496.665
301.215
173.086
108.109
70.1123
48.0009
34.7281
27.3325
23.4282
21.7632
21.9859
23.4892
27.2814
34.3129
46.8093
68.6753
106.229
165.65
285.405
415.881
473.782
298.216
173.831
108.496
70.0468
48.1501
34.854
27.5034
23.5312
21.7731
21.6843
23.2391
26.9255
33.7521
46.3862
68.1832
104.831
166.235
288.31
473.983
524.224
301.78
175.066
109.581
69.9359
48.0412
35.1684
27.8283
23.8276
22.0574
21.9573
23.384
26.7929
33.344
45.6448
67.258
104.384
166.061
286.657
438.193
480.422
305.601
177.953
109.148
70.0786
47.1109
34.8651
27.6766
23.7432
22.0317
21.9639
23.4274
26.8217
32.9602
44.7763
66.017
103.759
166.553
289.233
451.287
535.171
301.789
174.894
108.029
69.3651
46.5154
33.8029
26.7817
23.3943
21.8188
21.8114
23.2961
26.4346
32.7422
44.3154
65.0281
102.947
168.273
292.237
469.139
499.994
292.939
172.295
106.755
67.6419
45.635
33.6503
26.4958
22.7583
21.1879
21.2918
23.1843
26.7661
32.9917
44.295
64.5212
101.222
164.709
300.162
526.166
517.476
295.732
176.093
105.284
65.8029
44.5348
33.1022
26.1584
22.5847
21.0793
21.1501
22.7012
26.2591
33.169
44.625
64.5895
100.36
163.309
290.016
477.913
587.659
298.384
170.283
101.918
63.4795
42.8786
31.7754
25.621
22.3172
20.9213
21.1881
22.7949
26.3737
32.8096
43.9427
63.0604
98.9973
163.296
293.577
544.919
564.689
296.314
165.972
98.0584
61.3023
41.7696
31.545
25.6058
22.3791
20.9771
21.0639
22.4738
25.4174
31.2662
41.9481
61.5058
97.6695
163.402
296.545
543.328
547.376
300.357
163.246
94.5587
58.9213
40.3762
30.1894
24.5782
21.7168
20.6509
20.5732
22.0371
24.866
30.4131
40.5165
59.1013
94.1011
157.609
285.414
538.515
594.591
287.612
155.411
89.3814
55.9437
38.7548
29.4232
24.2574
21.7249
20.5125
20.3206
21.4097
24.0832
29.1213
38.4134
55.9548
89.97
156.324
270.063
503.873
530.482
275.398
145.145
83.2888
52.1969
36.2644
27.9092
23.4481
21.0434
19.9721
19.9398
20.9229
23.1491
27.4114
35.3605
50.7896
81.8089
145.322
279.768
550.061
479.859
251.309
132.894
75.4783
47.5207
33.6575
26.4686
22.5997
20.5372
19.6161
19.5755
20.3872
22.3434
26.1056
33.1557
46.7826
74.3934
131.797
248.178
473.292
420.624
234.895
120.445
66.6638
42.0028
30.2918
24.4178
21.3285
19.667
18.9578
18.9609
19.6764
21.2823
24.3048
30.1019
41.6709
66.1223
119.856
234.011
424.311
376.577
215.243
103.643
55.7622
35.5597
26.4131
21.9586
19.6829
18.5453
18.0491
18.0481
18.5522
19.7211
22.0468
26.5923
35.9727
56.6522
105.55
217.829
378.84
363.114
193.458
84.5098
44.0155
28.6935
22.2103
19.1939
17.7059
16.9588
16.6405
16.6463
16.9847
17.7651
19.3317
22.5005
29.3189
45.2662
86.5822
195.389
364.449
384.449
162.711
63.1744
32.5048
22.2049
18.2391
16.5394
15.7691
15.4235
15.2937
15.2974
15.4407
15.7969
16.5804
18.3053
22.314
32.7216
63.5469
163.682
387.705
441.516
126.03
41.4471
23.0213
17.904
16.0814
15.3215
15.0012
14.877
14.8352
14.8343
14.8822
15.0046
15.3211
16.0673
17.8788
22.9996
41.3122
125.232
441.698
467.838
59.7446
21.9528
16.2053
15.0527
14.8189
14.8063
14.8149
14.8033
14.7966
14.7967
14.8045
14.8155
14.8067
14.8257
15.0647
16.221
21.9782
59.8802
467.866
)
;

boundaryField
{
    fixedWalls_1
    {
        Cmu             0.09;
        kappa           0.41;
        E               9.8;
        type            epsilonWallFunction;
        value           nonuniform List<scalar> 
200
(
417.332
434.183
440.119
450.844
495.33
437.339
480.559
440.641
406.112
414.598
482.52
459.153
438.355
478.432
391.759
396.619
402.737
465.982
421.942
389.839
399.205
463.704
424.053
382.924
384.749
398.604
410.721
469.75
434.967
408.351
416.884
437.405
488.765
423.899
478.301
443.957
415.977
421.234
491.259
462.883
428.144
478.797
415.346
475.519
463.333
463.883
427.826
432.035
445.41
472.33
412.175
469.798
430.582
387.47
384.391
393.84
400.142
408.82
421.733
477.584
400.593
412.89
418.305
440.27
481.613
472.59
482.961
465.293
424.147
428.991
452.604
478.193
484.502
434.321
504.905
475.759
440.568
477.077
407.301
419.86
468.411
419.342
475.965
474.282
478.436
458.479
475.452
538.137
533.428
548.314
542.805
514.999
558.969
479.09
427.425
376.793
363.548
383.649
440.897
468.202
409.661
423.681
427.266
439.519
476.885
387.913
391.636
387.917
399.753
400.884
411.91
447.274
389.479
432.337
399.835
404.813
423.49
433.628
455.689
521.231
454.677
428.85
491.356
488.374
491.112
471.766
514.227
431.114
437.073
445.002
398.239
414.57
448.811
375.288
383.813
440.405
415.225
400.987
414.607
422.143
360.446
368.916
369.432
383.304
389.405
401.235
408.328
418.972
462.702
403.991
452.466
437.263
426.671
395.634
400.515
459.841
421.236
382.879
387.029
431.911
402.091
410.76
469.444
443.409
495.38
430.01
392.295
437.098
407.168
412.328
431.188
472.63
401.081
362.989
370.655
372.076
417.151
385.103
390.34
444.935
439.988
449.278
449.635
427.306
435.65
454.12
508.945
456.222
519.656
485.92
532.415
464.359
473.773
496.996
417.471
380.121
364.58
387.472
441.503
467.969
)
;
    }
    frontAndBack_1
    {
        type            empty;
    }
    inlet_1
    {
        type            fixedValue;
        value           uniform 14.855;
    }
    outlet_1
    {
        type            zeroGradient;
    }
    fixedWalls_2
    {
        Cmu             0.09;
        kappa           0.41;
        E               9.8;
        type            epsilonWallFunction;
        value           nonuniform List<scalar> 
200
(
1122.15
1208.31
1190.58
1209.23
1199.97
1167.89
1231.35
1157.47
1244.48
1186.14
1123.48
1137.7
1225.96
1148.23
1210.3
1115.56
1139.86
1161.81
1210.08
1169.39
1230.73
1134.18
1202.62
1134.59
1068.08
1073.32
1158.99
1149.15
1140.41
1091.44
1102.07
1120
1185.76
1080.89
1137.32
1039.01
1027.91
1029.6
1022.7
1029.92
1023.3
1029.55
1039.58
1058.14
1067.64
1138.48
1063.64
1072.11
1141.69
1092.72
1118.19
1173.46
1166.62
1167.31
1152.86
1094.93
1113.92
1164.07
1147.72
1228.85
1112.89
1052.66
1124.82
1045.26
1056.45
1129.32
1047.97
1058.73
1127.98
1061.34
1076.25
1154.15
1115.27
1100.53
1039.42
1042.09
1071.91
1151.71
1133.41
1152.75
1142.74
1118.01
1054.94
1107.83
1016.96
1038.08
1053.35
1126.83
1049.76
1093.13
957.037
958.802
972.777
777.181
638.124
486.146
446.114
443.221
464.162
475.638
1117.07
1202.66
1114.27
1125.97
1194.39
1086.56
1080.87
1093.58
1096.18
1115.5
1122.03
1141.27
1198.57
1100.01
1145.21
1179.48
1143.07
1082.26
1099.46
1197.19
1176.81
1156.77
1083.78
1083.15
1087.25
1091.5
1099.85
1146.61
1031.67
1040.7
1045.05
1100.83
1021.64
1029.48
1046.63
1059.01
1141.58
1121.6
1145.2
1150.1
1167.66
1174.2
1160.01
1110.47
1085.13
1109.05
1196
1180.75
1164.94
1107.29
1118.03
1142.87
1220.53
1153.36
1250.77
1258.67
1238.94
1264.63
1196
1279.75
1143.74
1064.41
1080.73
1102.07
1185.76
1110.8
1124.63
1158.67
1184.07
1256.25
1182.22
1257.5
1139.16
1160.81
1219.45
1146.14
1235.65
1208.93
1235.92
1221.72
1194.03
1265.55
1167.69
1196.38
1258.99
1120.24
1073.78
1142.99
1086.94
1159.78
1047.74
978.107
964.551
876.049
660.816
516.212
446.709
444.695
465.7
474.222
)
;
    }
    frontAndBack_2
    {
        type            empty;
    }
    inlet_2
    {
        type            fixedValue;
        value           uniform 14.855;
    }
    outlet_2
    {
        type            zeroGradient;
    }
    fixedWalls_3
    {
        Cmu             0.09;
        kappa           0.41;
        E               9.8;
        type            epsilonWallFunction;
        value           nonuniform List<scalar> 
200
(
1987.84
2077.84
1911.71
1903.58
1921.72
1934.05
2031.16
1903.95
1796.14
1794.72
1805.52
1812.83
1831.8
1840.67
1858.57
1889.04
1860.78
1951.31
1907.22
1864.73
1886.97
1977.36
1880.16
1884.29
1905.94
1921.83
2001.77
1900.37
1910.63
1978.26
1859.56
1861.82
1879.93
1915.33
1936.19
1974.67
1998.12
2097.37
1977.94
1932.99
2034.07
1977.12
1918.41
1945.52
1883.49
1907.84
1939.68
1889.19
1962.03
1889.55
1897.94
1980.43
1945.02
1912.38
1987.61
1888.93
1979.24
1887.57
1906.15
2005.76
1939.22
1882.33
1897.09
1988.86
1927.93
1953.13
2055.24
2028.43
2007.03
2091.83
1945.18
1845.44
1861.5
1863.87
1883.26
1900.15
1991.18
1867.59
1926.02
1694.61
1676.7
1651.43
1642.26
1615.21
1600.41
1594.15
1651.76
1556.83
1553.91
1561.22
1587.93
1402.85
1242.66
983.058
731.821
546.215
462.452
459.198
467.673
471.325
2010.16
2132.5
2039.6
2152.56
1956.87
1844.6
1867.29
1952.01
1794.82
1812.8
1819.02
1845.27
1861.7
1946.4
1873.4
1894.42
1991.56
1955.85
1948.55
1877.91
1903.63
1934.17
2021.26
1923.96
2038.89
2024.42
2041.17
2000.64
1907.64
1966.98
1795.01
1797.34
1790.93
1805.32
1815.26
1837.17
1855.56
1949.88
1809.35
1811.59
1833.24
1884.48
1814.94
1917.69
1900.04
1934.31
1950.49
1987.41
2014.01
2038.27
2030.26
1974.07
2042.74
1870.61
1875
1914.49
1823.55
1847.55
1877.03
1963.92
1872.08
1891.42
1998.43
1922.18
1952.25
2075.25
1984.96
1866.7
1866.6
1885.25
1916.77
1865.32
1891.73
1918.3
2030.19
1943.41
2040.38
1920.08
2030.79
1919.18
1804.98
1801.77
1821.15
1842.55
1803.23
1678.65
1599.82
1664.91
1510.76
1505.02
1520.83
1566.83
1337.84
1103.36
850.082
590.13
466.357
461.463
469.752
477.694
)
;
    }
    frontAndBack_3
    {
        type            empty;
    }
    inlet_3
    {
        type            fixedValue;
        value           uniform 14.855;
    }
    outlet_3
    {
        type            zeroGradient;
    }
    fixedWalls_4
    {
        Cmu             0.09;
        kappa           0.41;
        E               9.8;
        type            epsilonWallFunction;
        value           nonuniform List<scalar> 
200
(
1105.74
1186.6
1121.19
1139.02
1227.45
1203.96
1189.62
1141.82
1195.56
1070.28
1084.63
1091.33
1116.74
1130.83
1211.15
1172.3
1220.16
1151.55
1052.41
1066.82
1070.26
1134.16
1035.32
1032.52
1048.84
1063.37
1137.01
1088.96
1108.91
1189.77
1123.43
1135.22
1197.65
1074.41
1085.81
1088.6
1095.7
1091.55
1096.52
1094.61
1103.89
1117.89
1190.34
1087.14
1079.75
1084.1
1080.09
1084.5
1081.67
1095.67
1109.71
1192.27
1154.57
1228.14
1125.52
1049.74
1068.67
1088.4
1165.2
1108.6
1172.72
1086.82
1151.83
1073.75
1085.33
1160.08
1077.95
1083.15
1096.61
1149.93
1052.35
1118.03
1034.8
1039.99
1069.08
1142.28
1122.71
1125.88
1093.03
1108.47
1137.48
1199.6
1096.94
1055.1
1135.84
1112.36
1091.48
1030.82
1044.35
1070.69
1143.77
1032.12
930.554
795.465
634.137
493.732
448.611
444.063
463.844
474.94
1141.44
1243.09
1239.52
1262.42
1240.84
1327.64
1241.04
1273.58
1357.22
1285.94
1209.95
1166.59
1201.78
1254.64
1221.36
1117.04
1134.1
1175.69
1105.34
1134.64
1202.88
1120.65
1207.46
1143.54
1079.43
1086.74
1114.2
1135.29
1216.44
1171.85
1223.11
1183.55
1096.6
1176.48
1076.26
1077.38
1091.49
1097.59
1118.19
1134.72
1211.08
1129.21
1134.91
1146.26
1198.77
1124.06
1215.16
1198.22
1220.39
1212.98
1180.33
1259.94
1117.36
1031.25
1043.64
1067.71
1094.8
1170.38
1120.3
1073.44
1088.14
1173.74
1090.54
1102.25
1128.75
1207.7
1102.2
1179.4
1085.69
1084
1089.44
1096.49
1111.59
1130.07
1161.55
1240.52
1129.66
1057.74
1076.8
1162
1132.4
1144.69
1132.79
1112.78
1040.56
1044.4
1050.74
1072.97
1095.71
1123.97
1166.16
1101.29
990.957
824.36
675.795
505.975
449.886
446.755
461.734
476.382
)
;
    }
    frontAndBack_4
    {
        type            empty;
    }
    inlet_4
    {
        type            fixedValue;
        value           uniform 14.855;
    }
    outlet_4
    {
        type            zeroGradient;
    }
    fixedWalls_5
    {
        Cmu             0.09;
        kappa           0.41;
        E               9.8;
        type            epsilonWallFunction;
        value           nonuniform List<scalar> 
200
(
430.18
453.83
509.061
427.293
379.084
396.879
424.796
458.964
427.943
386.677
389.544
404.933
416.161
470.482
421.799
431.14
455.666
440.469
448.512
506.708
502.125
526.521
524.691
505.828
456.366
497.937
429.116
484.248
413.194
412.292
417.569
410.923
415.911
409.922
417.59
459.088
374.59
387.052
401.238
417.29
471.623
463.61
476.245
476.048
455.406
414.716
420.995
485.754
457.458
441.814
396.743
405.231
450.237
389.827
389.283
400
397.527
396.775
403.238
413.985
453.285
380.615
392.114
403.252
456.376
403.4
411.686
429.977
458.985
404.019
416.252
425.148
439.391
474.776
413.685
425.114
440.15
467.354
525.046
462.79
433.725
496.665
473.782
524.224
480.422
535.171
499.994
517.476
587.659
564.689
547.376
594.591
530.482
479.859
420.624
376.577
363.114
384.449
441.516
467.838
414.138
433.315
479.781
427.806
489.938
459.455
485.824
485.592
418.569
430.632
436.761
462.497
524.999
463.181
423.032
470.327
444.863
467.189
467.794
411.019
458.622
410.506
403.29
399.46
393.854
395.781
388.753
396.488
445.216
405.496
413.546
464.635
432.325
409.338
449.969
392.603
436.327
402.057
406.369
424.259
436.932
466.385
406.176
451.603
410.981
422.323
479.271
460.542
518.296
461.718
426.205
487.852
460.248
456.482
513.61
432.158
395.505
417.099
481.359
450.608
432.512
466.497
400.313
407.894
465.481
451.363
452.58
432.45
473.355
417.689
471.865
443.862
500.713
417.393
365.348
382.696
436.739
388.176
395.961
443.534
409.509
415.881
473.983
438.193
451.287
469.139
526.166
477.913
544.919
543.328
538.515
503.873
550.061
473.292
424.311
378.84
364.449
387.705
441.698
467.866
)
;
    }
    frontAndBack_5
    {
        type            empty;
    }
    inlet_5
    {
        type            fixedValue;
        value           uniform 14.855;
    }
    outlet_5
    {
        type            zeroGradient;
    }
}


// ************************************************************************* //
