/*--------------------------------*- C++ -*----------------------------------*\
  =========                 |
  \\      /  F ield         | OpenFOAM: The Open Source CFD Toolbox
   \\    /   O peration     | Website:  https://openfoam.org
    \\  /    A nd           | Version:  6
     \\/     M anipulation  |
\*---------------------------------------------------------------------------*/
FoamFile
{
    version     2.0;
    format      ascii;
    class       volScalarField;
    location    "6";
    object      p;
}
// * * * * * * * * * * * * * * * * * * * * * * * * * * * * * * * * * * * * * //

dimensions      [0 2 -2 0 0 0 0];

internalField   nonuniform List<scalar> 
10000
(
-0.141947
-0.126734
-0.101389
-0.0609521
-0.031542
-0.015561
-0.00873338
-0.00534916
-0.00218874
0.000862575
0.00399398
0.00690354
0.00969288
0.0109738
0.0067201
-0.0086745
-0.0391763
-0.0828672
-0.108806
-0.119881
-0.210497
-0.181919
-0.130413
-0.0602647
-0.0031683
0.0326701
0.0507922
0.0606395
0.0679634
0.0751711
0.08328
0.092481
0.104726
0.116384
0.120982
0.106399
0.0644712
0.00108548
-0.0553797
-0.100297
0.0482487
0.0555991
0.0768852
0.102948
0.128097
0.149951
0.16672
0.178794
0.187916
0.195585
0.202965
0.210782
0.219365
0.228802
0.238026
0.243113
0.239968
0.226747
0.201698
0.173435
0.283414
0.301519
0.314628
0.319813
0.318368
0.312214
0.305025
0.299761
0.297505
0.298471
0.301893
0.307552
0.315086
0.322934
0.329639
0.333298
0.331801
0.323642
0.311497
0.298541
0.449857
0.469583
0.475411
0.467254
0.451469
0.432327
0.414954
0.401631
0.393375
0.389056
0.387783
0.38839
0.389583
0.39104
0.391748
0.392023
0.39383
0.39611
0.394936
0.386622
0.472864
0.477862
0.483012
0.485274
0.484227
0.480473
0.475441
0.470196
0.465718
0.461844
0.457989
0.453102
0.447174
0.439456
0.430817
0.423092
0.41814
0.417152
0.419859
0.420752
0.467722
0.455517
0.456809
0.467288
0.482832
0.50031
0.514905
0.524747
0.530035
0.531451
0.53029
0.526152
0.51844
0.506271
0.490036
0.472213
0.457162
0.448096
0.449712
0.461389
0.538364
0.530862
0.534551
0.546845
0.56305
0.581208
0.596699
0.607677
0.613935
0.616805
0.616762
0.61397
0.60912
0.601275
0.591225
0.58025
0.570839
0.564865
0.563466
0.568983
0.670911
0.674866
0.679858
0.686764
0.694348
0.700637
0.705291
0.708741
0.711245
0.712918
0.714188
0.715063
0.715012
0.714544
0.71392
0.712022
0.708861
0.704793
0.702111
0.702602
0.807385
0.81191
0.810292
0.804917
0.801775
0.80036
0.80079
0.803062
0.806113
0.810085
0.814909
0.82073
0.828426
0.837813
0.848722
0.859523
0.867091
0.869245
0.865397
0.857101
0.887136
0.882962
0.878326
0.874627
0.874069
0.877082
0.882283
0.88856
0.894848
0.9008
0.906907
0.914876
0.925125
0.939239
0.95607
0.974106
0.990852
1.00212
1.00036
0.985403
0.983257
0.982549
0.979991
0.976836
0.974865
0.975072
0.976988
0.98023
0.983824
0.987269
0.989939
0.992172
0.994439
0.99637
0.99833
1.00089
1.00439
1.00917
1.0143
1.01755
1.08318
1.08636
1.08668
1.085
1.08218
1.07944
1.0774
1.07596
1.07527
1.07448
1.07346
1.07075
1.06535
1.05688
1.04596
1.03385
1.02392
1.019
1.024
1.04118
1.19314
1.20297
1.20857
1.20967
1.20481
1.19593
1.18611
1.17742
1.17074
1.16575
1.16157
1.15653
1.15102
1.14343
1.13463
1.12563
1.11822
1.11398
1.11409
1.1229
1.29858
1.30991
1.31344
1.30784
1.297
1.28454
1.27345
1.26424
1.25718
1.25135
1.24663
1.24236
1.23814
1.23411
1.22993
1.22518
1.2207
1.21689
1.21554
1.21972
1.34498
1.33512
1.33036
1.33123
1.33476
1.33876
1.34092
1.34048
1.33828
1.33569
1.33295
1.33013
1.32835
1.32735
1.32788
1.32982
1.33186
1.3324
1.33076
1.33075
1.42807
1.42337
1.42056
1.41843
1.41908
1.42055
1.42115
1.42077
1.41961
1.41791
1.41615
1.4148
1.41322
1.41264
1.41341
1.41646
1.42193
1.4268
1.42673
1.42374
1.47307
1.47244
1.47574
1.48047
1.48533
1.48946
1.49262
1.49534
1.49707
1.49808
1.49853
1.49845
1.49807
1.49556
1.49022
1.48208
1.47243
1.46407
1.46362
1.47428
1.52846
1.52875
1.53383
1.54214
1.55084
1.55856
1.56478
1.56951
1.57288
1.57507
1.57682
1.57904
1.58186
1.58585
1.59021
1.59293
1.5933
1.5918
1.58872
1.58683
1.60973
1.60773
1.60865
1.61376
1.62119
1.62937
1.6369
1.64313
1.64742
1.64997
1.65083
1.65108
1.6527
1.65692
1.66504
1.67621
1.68721
1.69501
1.694
1.6816
1.68875
1.68688
1.68516
1.68726
1.69329
1.70169
1.71051
1.71784
1.72299
1.72537
1.72563
1.7236
1.71882
1.71262
1.70563
1.69928
1.69588
1.69608
1.70051
1.70606
1.77204
1.77095
1.77103
1.77451
1.78108
1.78967
1.7986
1.80595
1.81092
1.81338
1.81339
1.80987
1.8035
1.79223
1.77667
1.75856
1.74176
1.73133
1.73353
1.75137
1.90942
1.91095
1.91142
1.91263
1.91359
1.91416
1.91525
1.91645
1.91743
1.91723
1.91607
1.91366
1.90997
1.90532
1.90026
1.89464
1.889
1.88468
1.88233
1.88518
2.09035
2.09699
2.09338
2.0836
2.07145
2.05916
2.04952
2.04302
2.03875
2.03594
2.03379
2.03167
2.0302
2.02953
2.03158
2.03685
2.04286
2.04829
2.04782
2.03971
2.22534
2.22714
2.22349
2.21782
2.2077
2.19418
2.18087
2.16947
2.16102
2.15557
2.15331
2.15393
2.1564
2.16077
2.16575
2.16943
2.17077
2.17101
2.17046
2.16725
2.32415
2.32992
2.33347
2.32929
2.31746
2.30184
2.28647
2.27387
2.26507
2.26016
2.25846
2.26011
2.26596
2.27539
2.28717
2.29843
2.30533
2.30588
2.30155
2.29322
2.3802
2.38104
2.38286
2.37734
2.36884
2.36018
2.3525
2.3468
2.34357
2.34234
2.34296
2.34621
2.35157
2.36008
2.37082
2.38281
2.39336
2.39791
2.39534
2.38381
2.41258
2.40626
2.40328
2.40283
2.40512
2.40788
2.41029
2.41197
2.4129
2.41382
2.41473
2.41622
2.41902
2.42267
2.42732
2.43302
2.43911
2.44447
2.44611
2.43808
2.43459
2.41911
2.41532
2.42355
2.43794
2.4538
2.46696
2.47549
2.48014
2.48187
2.48183
2.48022
2.47685
2.47234
2.46712
2.46273
2.46089
2.46222
2.46523
2.46254
2.51405
2.50616
2.50504
2.51003
2.51964
2.53197
2.54343
2.55222
2.55753
2.55973
2.55928
2.55577
2.54942
2.53871
2.52454
2.50922
2.49607
2.48796
2.48872
2.49492
2.61319
2.61056
2.61011
2.61382
2.61935
2.62605
2.63279
2.6389
2.64353
2.6459
2.64636
2.64488
2.64115
2.63502
2.6268
2.61718
2.60879
2.60304
2.60075
2.60247
2.73302
2.73731
2.73942
2.74111
2.74082
2.73943
2.73842
2.73878
2.74025
2.74249
2.74434
2.74586
2.74715
2.74782
2.74832
2.74769
2.74517
2.74123
2.73784
2.73409
2.83918
2.84781
2.84857
2.84325
2.83614
2.83105
2.82974
2.8315
2.83517
2.84004
2.84597
2.85331
2.86153
2.87176
2.88322
2.89407
2.90156
2.90331
2.89848
2.88495
2.91106
2.90034
2.89573
2.89746
2.90223
2.90945
2.91726
2.9242
2.92966
2.93511
2.9408
2.94847
2.95884
2.97264
2.98923
3.00698
3.02299
3.03341
3.03035
3.01269
3.05463
3.0575
3.05854
3.05645
3.05192
3.04497
3.03742
3.0312
3.02711
3.02473
3.02374
3.02413
3.02524
3.02754
3.03015
3.03284
3.03612
3.04034
3.04395
3.04759
3.17832
3.19345
3.19825
3.1906
3.17544
3.15577
3.13726
3.12295
3.11327
3.10677
3.10161
3.09603
3.08973
3.08159
3.07179
3.06144
3.05276
3.04854
3.05315
3.06779
3.2099
3.2071
3.20408
3.19974
3.19544
3.1913
3.1875
3.18392
3.18083
3.17789
3.17494
3.17118
3.16592
3.15898
3.15072
3.14265
3.13657
3.13366
3.1344
3.13889
3.234
3.21786
3.21135
3.21381
3.2221
3.23318
3.24227
3.24805
3.25047
3.25121
3.25001
3.24748
3.24342
3.23784
3.23149
3.22532
3.22005
3.21666
3.21602
3.21751
3.31803
3.31224
3.31006
3.31093
3.31493
3.3212
3.32681
3.33114
3.33325
3.33365
3.33262
3.33074
3.32752
3.3239
3.3197
3.31551
3.31153
3.30831
3.30721
3.30717
3.41657
3.41769
3.41638
3.41624
3.4166
3.41729
3.41785
3.4188
3.41912
3.41921
3.41825
3.4172
3.41592
3.415
3.41443
3.4142
3.41337
3.41191
3.41123
3.41077
3.52614
3.53371
3.53628
3.53634
3.5327
3.52613
3.51871
3.51252
3.50819
3.50551
3.50371
3.50319
3.50336
3.50553
3.50949
3.51534
3.5209
3.52457
3.52511
3.5231
3.60262
3.61218
3.6158
3.61305
3.607
3.60033
3.59491
3.59113
3.58832
3.58681
3.58526
3.58446
3.58383
3.58446
3.58709
3.59298
3.60058
3.60819
3.611
3.60917
3.61463
3.6025
3.6024
3.61175
3.62492
3.63896
3.65065
3.65866
3.66328
3.666
3.66742
3.6678
3.66584
3.66109
3.65235
3.64141
3.63039
3.62269
3.6257
3.64285
3.68062
3.67443
3.67674
3.68519
3.69827
3.7132
3.72673
3.73804
3.74612
3.75233
3.75691
3.76131
3.7653
3.76843
3.76806
3.76298
3.75385
3.74401
3.74098
3.75078
3.77401
3.77279
3.77469
3.78107
3.79014
3.80108
3.81216
3.82306
3.83239
3.84056
3.84763
3.85536
3.86413
3.8765
3.8913
3.90639
3.91823
3.92445
3.92057
3.90955
3.90696
3.9126
3.91519
3.9175
3.91881
3.91959
3.92057
3.92305
3.92636
3.93103
3.93559
3.94136
3.94822
3.95788
3.97047
3.98625
4.00233
4.01501
4.01658
4.00724
4.04574
4.05944
4.0614
4.05422
4.04367
4.03309
4.02491
4.02014
4.01788
4.01707
4.01649
4.01616
4.0149
4.01344
4.01163
4.01143
4.01283
4.01618
4.02152
4.02875
4.1281
4.12989
4.13014
4.12698
4.12135
4.11535
4.11058
4.10747
4.10518
4.10342
4.10082
4.09663
4.08899
4.07752
4.06259
4.04713
4.03455
4.02825
4.03303
4.05026
4.19978
4.19495
4.19156
4.1907
4.19099
4.19196
4.19342
4.19507
4.19586
4.1958
4.19423
4.19067
4.18384
4.17436
4.16243
4.15009
4.13999
4.13465
4.13485
4.13923
4.28757
4.27729
4.26851
4.26846
4.27395
4.28204
4.28947
4.29529
4.29821
4.29947
4.29855
4.29665
4.29306
4.2885
4.28235
4.27574
4.26892
4.26319
4.26014
4.25851
4.43102
4.43609
4.43733
4.43572
4.43182
4.42698
4.42161
4.41731
4.41383
4.41178
4.4105
4.41116
4.41301
4.41709
4.42162
4.42612
4.42815
4.42661
4.42159
4.41415
4.56726
4.58225
4.58968
4.58595
4.57386
4.55763
4.54211
4.53019
4.52189
4.51769
4.51579
4.51747
4.52226
4.53204
4.5451
4.55985
4.57232
4.57934
4.57574
4.56062
4.64278
4.6429
4.63824
4.63222
4.62634
4.62155
4.61778
4.61463
4.61155
4.60911
4.60676
4.60562
4.60505
4.60697
4.61003
4.61487
4.62056
4.62565
4.62874
4.62814
4.72318
4.71101
4.7017
4.69852
4.70039
4.70519
4.70907
4.71057
4.7092
4.70628
4.70151
4.69547
4.68729
4.67821
4.66833
4.66059
4.65729
4.65919
4.666
4.67598
4.86506
4.86469
4.86514
4.86164
4.85564
4.84743
4.83787
4.82885
4.82089
4.8142
4.80829
4.80267
4.79553
4.78622
4.77345
4.75842
4.74432
4.73559
4.73809
4.75091
4.96547
4.97
4.97249
4.96719
4.95819
4.94734
4.93657
4.9275
4.92043
4.91569
4.91264
4.91169
4.91237
4.91449
4.91637
4.91742
4.91605
4.91351
4.91053
4.90509
4.98649
4.97001
4.96597
4.97107
4.98006
4.99024
4.99831
5.00324
5.00547
5.00725
5.00935
5.01386
5.02043
5.03101
5.04453
5.05965
5.07157
5.07707
5.07258
5.05375
5.05858
5.04662
5.04668
5.05519
5.06615
5.07666
5.08481
5.09047
5.09365
5.09618
5.09826
5.10145
5.10539
5.11118
5.11788
5.12587
5.13313
5.13816
5.13974
5.13475
5.1729
5.17529
5.17607
5.17541
5.17668
5.17961
5.18301
5.18565
5.1869
5.18715
5.18637
5.18504
5.18226
5.17911
5.17506
5.17207
5.17252
5.17714
5.1838
5.19369
5.26427
5.26087
5.25697
5.25733
5.26147
5.26787
5.27408
5.27898
5.28218
5.28371
5.28379
5.28241
5.27949
5.27422
5.26522
5.25419
5.24424
5.23892
5.24262
5.25935
5.3833
5.38661
5.38831
5.39011
5.39023
5.38846
5.3862
5.38491
5.38466
5.38483
5.38492
5.38509
5.38474
5.38475
5.3849
5.38556
5.38744
5.38959
5.39066
5.39255
5.48189
5.48743
5.48924
5.48642
5.48253
5.48018
5.48035
5.48212
5.48432
5.48667
5.48871
5.49036
5.49206
5.49471
5.49908
5.50698
5.51686
5.52557
5.52786
5.52503
5.54301
5.52781
5.5238
5.5289
5.53947
5.55363
5.56799
5.57996
5.58891
5.59604
5.60238
5.60911
5.61498
5.61965
5.62119
5.61921
5.61548
5.61199
5.61404
5.62325
5.68918
5.68621
5.68567
5.6852
5.68633
5.68896
5.69262
5.6978
5.70402
5.71124
5.71973
5.72952
5.74161
5.75522
5.76874
5.78085
5.78909
5.7935
5.79252
5.78496
5.85484
5.86418
5.86428
5.85434
5.84125
5.8283
5.81905
5.8153
5.81626
5.82087
5.82804
5.83827
5.85067
5.86734
5.88742
5.90885
5.9285
5.9422
5.94218
5.9235
5.97749
5.98175
5.98022
5.97355
5.96258
5.94935
5.93711
5.92815
5.9231
5.92143
5.92248
5.92488
5.92921
5.93452
5.94025
5.94653
5.95328
5.96065
5.96674
5.96613
6.06323
6.06906
6.06903
6.0624
6.05108
6.03758
6.02498
6.01499
6.00857
6.00475
6.00274
6.00126
5.99855
5.9944
5.98853
5.98127
5.97586
5.97387
5.97923
5.99238
6.09043
6.0914
6.08959
6.0876
6.08564
6.08437
6.0834
6.08249
6.08204
6.08173
6.08172
6.0801
6.07804
6.07391
6.06875
6.06423
6.06098
6.05972
6.06008
6.06353
6.11227
6.10038
6.09723
6.10463
6.11718
6.13132
6.14346
6.15163
6.15617
6.15831
6.15876
6.15801
6.15479
6.15018
6.14473
6.13878
6.13426
6.13116
6.1295
6.128
6.21962
6.21373
6.21757
6.22655
6.23541
6.24296
6.24763
6.24953
6.24941
6.248
6.24577
6.24116
6.23513
6.22631
6.21655
6.20773
6.20033
6.19493
6.19128
6.18757
6.37906
6.39656
6.40655
6.40479
6.39539
6.38091
6.36629
6.35394
6.34482
6.33771
6.33183
6.32621
6.31853
6.30865
6.29675
6.2831
6.27016
6.25915
6.25194
6.24561
6.46554
6.48713
6.49687
6.49254
6.4798
6.4628
6.44683
6.43405
6.42503
6.41808
6.41317
6.40853
6.40607
6.40277
6.39718
6.38766
6.37288
6.35513
6.34137
6.32965
6.46231
6.46792
6.47384
6.47796
6.48096
6.48305
6.48449
6.4848
6.48432
6.48349
6.48266
6.48326
6.4851
6.49048
6.49835
6.50576
6.5106
6.50909
6.49627
6.47051
6.44823
6.44076
6.44533
6.46039
6.48038
6.50202
6.51975
6.53227
6.53994
6.5443
6.54647
6.54678
6.54813
6.55084
6.55653
6.56519
6.57401
6.57923
6.57311
6.55597
6.49434
6.49778
6.50829
6.52331
6.54161
6.56127
6.57899
6.59311
6.60284
6.60821
6.61008
6.60981
6.60647
6.60142
6.59511
6.5882
6.5827
6.57863
6.57582
6.57587
6.56666
6.57667
6.58725
6.60124
6.61673
6.6333
6.6494
6.6637
6.67501
6.68219
6.6861
6.68537
6.68188
6.67291
6.6594
6.64197
6.62322
6.60773
6.60169
6.60971
6.6827
6.69938
6.71116
6.72196
6.73091
6.73837
6.74574
6.75307
6.76001
6.76522
6.76853
6.77021
6.77014
6.76904
6.76692
6.76168
6.7528
6.74105
6.72844
6.72081
6.81626
6.83894
6.85137
6.85481
6.85425
6.85213
6.85111
6.85199
6.85399
6.85537
6.85545
6.85371
6.85256
6.85197
6.85373
6.85672
6.85707
6.85232
6.83936
6.82255
6.9103
6.92054
6.93198
6.94072
6.94638
6.94846
6.9488
6.94828
6.94746
6.94558
6.94193
6.93621
6.9278
6.91785
6.90716
6.89626
6.88531
6.87518
6.86713
6.86719
6.9995
7.00503
7.01672
7.02696
7.03386
7.03775
7.03989
7.04107
7.04167
7.04065
7.03751
7.03065
7.02049
7.00543
6.98705
6.96657
6.94606
6.92928
6.92183
6.93181
7.07461
7.07147
7.07741
7.08823
7.10034
7.11285
7.12477
7.13467
7.14155
7.14497
7.14472
7.14152
7.13561
7.12789
7.11941
7.11032
7.10033
7.09004
7.07975
7.07732
7.18676
7.17107
7.17285
7.18781
7.20843
7.23021
7.24903
7.26315
7.27182
7.27617
7.27618
7.27325
7.26833
7.26304
7.25933
7.25714
7.25558
7.25319
7.24655
7.24258
7.39446
7.38753
7.38974
7.3942
7.40114
7.40912
7.41639
7.42263
7.42741
7.43054
7.43164
7.43122
7.42895
7.42469
7.41805
7.4093
7.39884
7.38962
7.38767
7.40185
7.62836
7.62095
7.61568
7.60599
7.59853
7.59539
7.59661
7.60039
7.60481
7.60889
7.61203
7.6153
7.61859
7.62304
7.62919
7.63591
7.6421
7.64761
7.65066
7.65876
7.87108
7.83945
7.81866
7.80478
7.79915
7.80093
7.80662
7.81238
7.81703
7.82098
7.82447
7.82874
7.83504
7.84485
7.85944
7.87993
7.90238
7.92282
7.93419
7.94386
8.24264
8.21396
8.18465
8.14998
8.12034
8.09743
8.08146
8.07129
8.06609
8.06548
8.06874
8.07684
8.08779
8.10229
8.1191
8.13706
8.15561
8.17331
8.1917
8.2217
8.66076
8.63387
8.59442
8.53525
8.47546
8.42312
8.38282
8.35459
8.33764
8.33027
8.33142
8.34086
8.35873
8.38488
8.41845
8.45828
8.49859
8.53517
8.56068
8.58544
9.04336
9.00469
8.9569
8.88647
8.81246
8.74438
8.68849
8.64529
8.61588
8.60043
8.59804
8.60984
8.63273
8.66861
8.71699
8.77501
8.83567
8.88896
8.92253
8.94982
9.36299
9.32178
9.27523
9.19857
9.11043
9.02626
8.95609
8.90175
8.86556
8.84747
8.84734
8.86431
8.8969
8.94225
8.99677
9.05693
9.11388
9.16263
9.20079
9.25004
9.55643
9.50609
9.46523
9.39379
9.30629
9.22011
9.1495
9.09646
9.06241
9.04752
9.05131
9.07614
9.11824
9.17766
9.2499
9.32843
9.40439
9.46647
9.50455
9.54884
9.62118
9.56193
9.53456
9.48287
9.41335
9.34062
9.27874
9.23101
9.2006
9.18834
9.19546
9.223
9.27083
9.33752
9.41992
9.51235
9.59918
9.66211
9.68879
9.7287
9.55851
9.51231
9.51967
9.49261
9.43729
9.37198
9.31462
9.26896
9.23882
9.22669
9.23355
9.26271
9.30986
9.37504
9.45172
9.52786
9.58856
9.61615
9.6117
9.65984
9.24463
9.19946
9.25788
9.28585
9.27221
9.2351
9.19575
9.16006
9.13355
9.1196
9.1202
9.13484
9.16297
9.19933
9.23867
9.27083
9.28055
9.25634
9.21163
9.27819
8.60077
8.51548
8.6317
8.74784
8.81774
8.84716
8.85498
8.85107
8.84191
8.83398
8.82698
8.82294
8.81444
8.79754
8.76809
8.71693
8.64107
8.54024
8.45346
8.56833
7.73554
7.55493
7.70591
7.91432
8.08746
8.2117
8.29349
8.34459
8.37169
8.38012
8.37156
8.34378
8.29638
8.21889
8.10842
7.96087
7.78009
7.58671
7.46299
7.67073
6.97496
6.62748
6.76752
7.0351
7.28653
7.48755
7.63475
7.73517
7.7941
7.81959
7.8121
7.77338
7.69764
7.57825
7.41191
7.19217
6.93351
6.67176
6.54529
6.91263
6.84367
6.26843
6.35131
6.6004
6.83483
7.02013
7.15604
7.25241
7.31163
7.33841
7.33463
7.29808
7.23116
7.12598
6.98209
6.78884
6.5531
6.30968
6.23134
6.81386
7.76694
6.96457
6.95409
7.04799
7.11762
7.16658
7.20586
7.23844
7.2603
7.26907
7.26526
7.24788
7.21877
7.18357
7.14061
7.09454
7.02528
6.94322
6.95674
7.7557
9.82845
8.47903
8.28929
8.17741
8.05824
7.96722
7.91503
7.89024
7.87963
7.87113
7.86798
7.86284
7.86433
7.88737
7.93435
8.03495
8.16335
8.28424
8.46576
9.78043
13.3475
8.70782
8.50797
8.51757
8.39218
8.30311
8.26031
8.2391
8.22712
8.2194
8.21618
8.21472
8.2205
8.23845
8.28216
8.37442
8.50709
8.50342
8.69407
13.3053
-0.797496
-0.683876
-0.660803
-0.495082
-0.3695
-0.298045
-0.256092
-0.227889
-0.208646
-0.197806
-0.193039
-0.194668
-0.201345
-0.213023
-0.233981
-0.281142
-0.380551
-0.525238
-0.550158
-0.659048
-1.20531
-1.11072
-1.05333
-0.848379
-0.643211
-0.489491
-0.388023
-0.321216
-0.278112
-0.252259
-0.239147
-0.239131
-0.248962
-0.274211
-0.321883
-0.412638
-0.555582
-0.708929
-0.755989
-0.874072
-0.789315
-0.82807
-0.78374
-0.676263
-0.545004
-0.414824
-0.307708
-0.228656
-0.173855
-0.137769
-0.116712
-0.110117
-0.118744
-0.146617
-0.195969
-0.263539
-0.326839
-0.365594
-0.382081
-0.381071
-0.568437
-0.553319
-0.508129
-0.439171
-0.355348
-0.266306
-0.186012
-0.118401
-0.0656854
-0.0256402
0.00267697
0.0207636
0.0293253
0.0245395
0.00139484
-0.0482139
-0.127222
-0.218311
-0.251384
-0.22605
-0.373845
-0.29111
-0.228644
-0.169907
-0.104528
-0.0340587
0.0275035
0.0772058
0.11739
0.151546
0.180251
0.206622
0.23146
0.25882
0.291971
0.33103
0.3672
0.389868
0.373472
0.33593
0.0828743
0.192018
0.259328
0.283718
0.283712
0.278356
0.280537
0.292663
0.309139
0.328257
0.345934
0.363738
0.380662
0.400249
0.429425
0.479826
0.550943
0.626496
0.652185
0.608243
0.667056
0.743683
0.757029
0.693259
0.618238
0.555056
0.517811
0.503335
0.500434
0.500927
0.501229
0.498388
0.486211
0.458514
0.413308
0.360954
0.317118
0.29698
0.32911
0.375087
0.90725
0.901762
0.887212
0.870975
0.842118
0.804089
0.765529
0.73156
0.703233
0.678127
0.653099
0.62214
0.582466
0.524451
0.44282
0.335377
0.223726
0.141356
0.136656
0.192801
1.15636
1.12612
1.11333
1.09925
1.07217
1.03299
0.988071
0.941901
0.899642
0.859233
0.818788
0.772297
0.719027
0.659912
0.595882
0.524968
0.456589
0.401635
0.366186
0.358681
1.23284
1.1426
1.08805
1.07481
1.08597
1.09974
1.10113
1.09048
1.07173
1.04703
1.01778
0.982224
0.941738
0.897406
0.851976
0.809857
0.766961
0.717182
0.669117
0.63425
1.39505
1.2813
1.22717
1.23643
1.26359
1.28412
1.2891
1.2843
1.27276
1.25716
1.23927
1.22103
1.20306
1.19184
1.19182
1.20332
1.21639
1.21186
1.16833
1.09651
1.7665
1.75141
1.72368
1.66948
1.61179
1.56134
1.52612
1.50335
1.48596
1.47257
1.46147
1.45513
1.45637
1.46876
1.49651
1.54066
1.59652
1.65143
1.64394
1.55854
1.69451
1.7482
1.72974
1.68926
1.65931
1.64768
1.64964
1.65539
1.66013
1.66379
1.66795
1.67692
1.69244
1.71427
1.73712
1.75177
1.75281
1.7514
1.75868
1.74317
1.48652
1.48602
1.50419
1.59556
1.69026
1.76224
1.80838
1.83636
1.85351
1.86446
1.87124
1.87547
1.87914
1.88347
1.89152
1.90359
1.91425
1.92185
1.93028
1.93983
1.79892
1.83128
1.86974
1.9137
1.96293
2.00815
2.04487
2.0714
2.08965
2.09983
2.10524
2.10494
2.09623
2.07541
2.04254
2.00533
1.97549
1.95595
1.96586
2.00759
2.12591
2.16883
2.20477
2.2357
2.26829
2.30395
2.33293
2.35093
2.36281
2.37131
2.3799
2.38757
2.3967
2.39941
2.38788
2.34873
2.28002
2.19996
2.17018
2.19265
2.62803
2.69104
2.73217
2.72588
2.69426
2.65795
2.63406
2.62381
2.62462
2.63244
2.64771
2.67087
2.70318
2.74729
2.80355
2.86052
2.90441
2.91986
2.88393
2.81482
3.05425
3.10998
3.11195
3.04072
2.95584
2.88347
2.83986
2.82295
2.82393
2.8365
2.85832
2.89169
2.9407
3.0073
3.08982
3.18799
3.29364
3.38744
3.40309
3.33564
3.06586
3.04177
3.01228
2.98876
2.96908
2.95716
2.95317
2.95559
2.96488
2.98025
3.00136
3.02953
3.06587
3.114
3.16836
3.22646
3.28616
3.3422
3.39228
3.42957
2.94209
2.90325
2.8848
2.90635
2.94367
2.98332
3.01948
3.04986
3.07604
3.09969
3.1212
3.13753
3.14706
3.1487
3.1476
3.15241
3.17348
3.21062
3.27135
3.35541
2.80499
2.75655
2.76414
2.85103
2.95493
3.04495
3.11262
3.16274
3.20029
3.22786
3.2489
3.2612
3.26125
3.24407
3.21029
3.16113
3.11335
3.08424
3.11808
3.21073
3.06665
3.0896
3.12308
3.16538
3.21391
3.26474
3.30999
3.34667
3.37379
3.39167
3.40059
3.39984
3.39138
3.3738
3.3517
3.32793
3.31121
3.31052
3.32103
3.34358
3.46746
3.50784
3.53705
3.55741
3.56783
3.57635
3.58713
3.59466
3.59749
3.59445
3.58546
3.56894
3.54543
3.5184
3.49216
3.46799
3.44672
3.43427
3.4367
3.4447
4.0758
4.14305
4.1576
4.11853
4.05122
3.97765
3.9183
3.87668
3.84692
3.82174
3.79693
3.77055
3.74439
3.71559
3.68603
3.65798
3.63222
3.61072
3.60001
3.59314
4.64451
4.70291
4.66601
4.5441
4.41122
4.29041
4.19393
4.12355
4.0738
4.03471
4.00139
3.97058
3.94248
3.91673
3.89395
3.87485
3.85812
3.83906
3.81768
3.7913
4.78758
4.73872
4.67104
4.59815
4.52299
4.44883
4.37895
4.31713
4.26606
4.22475
4.19011
4.15888
4.13194
4.1089
4.09385
4.09077
4.09842
4.10518
4.08875
4.03963
4.72794
4.63686
4.57964
4.55979
4.54556
4.52311
4.49214
4.45571
4.41997
4.38737
4.3587
4.33328
4.30852
4.28445
4.26096
4.24216
4.23595
4.24432
4.23991
4.18914
4.5197
4.40798
4.37342
4.42516
4.48905
4.53934
4.56543
4.56836
4.55721
4.54149
4.52601
4.5121
4.50052
4.48601
4.46028
4.40803
4.32186
4.22309
4.18695
4.19313
4.605
4.56853
4.57876
4.61899
4.65377
4.67779
4.68905
4.69096
4.68738
4.6825
4.67952
4.68091
4.6867
4.70044
4.72603
4.75923
4.78486
4.78434
4.73956
4.68294
4.84344
4.87699
4.88336
4.84783
4.82032
4.80185
4.79214
4.79033
4.79195
4.79532
4.79942
4.80666
4.81884
4.84034
4.87885
4.94172
5.02265
5.09742
5.10285
5.04349
4.78551
4.77544
4.76124
4.76116
4.78236
4.81307
4.8426
4.86557
4.88238
4.8944
4.90444
4.91504
4.92583
4.93848
4.95154
4.96437
4.97877
4.99865
5.02604
5.03546
4.71789
4.71765
4.72784
4.76083
4.80941
4.86681
4.92021
4.96003
4.98656
5.00489
5.01775
5.02527
5.02674
5.01602
4.99042
4.95658
4.92779
4.91703
4.93868
4.97884
4.64872
4.6603
4.69398
4.76519
4.85432
4.9445
5.02011
5.07627
5.11633
5.14321
5.16157
5.17193
5.1766
5.17223
5.15142
5.10516
5.03535
4.96458
4.95268
4.99828
4.80994
4.84734
4.9239
5.02987
5.12015
5.18781
5.23753
5.27649
5.30838
5.33339
5.35248
5.36691
5.38099
5.39911
5.42905
5.46708
5.49995
5.51138
5.48522
5.45552
5.42568
5.54417
5.61089
5.58798
5.54898
5.52148
5.51433
5.52021
5.53242
5.54455
5.55587
5.56599
5.57525
5.58886
5.61389
5.66233
5.73576
5.80553
5.8166
5.7797
5.83247
5.90525
5.89595
5.83294
5.78432
5.75661
5.74684
5.7489
5.75616
5.76304
5.7685
5.77247
5.77599
5.77289
5.75424
5.71771
5.67825
5.65715
5.67842
5.72204
6.07588
6.09099
6.08271
6.08094
6.06756
6.04273
6.01778
6.0007
5.99253
5.98853
5.98757
5.98701
5.98732
5.9853
5.97326
5.93373
5.86433
5.79517
5.78107
5.83176
6.38897
6.41921
6.43221
6.42383
6.38213
6.32543
6.27467
6.2365
6.21177
6.19782
6.19142
6.1901
6.19506
6.21016
6.24447
6.29548
6.33903
6.35692
6.33293
6.30358
6.60335
6.60795
6.60514
6.5845
6.54541
6.49534
6.44809
6.41073
6.38402
6.3658
6.35511
6.35203
6.35447
6.36727
6.39726
6.45848
6.54207
6.61676
6.63077
6.58926
6.69107
6.66013
6.62784
6.59466
6.57366
6.56009
6.54512
6.52945
6.51407
6.50091
6.48927
6.47897
6.4673
6.44781
6.4158
6.37819
6.34704
6.33541
6.36582
6.41444
6.6542
6.59327
6.55212
6.54213
6.5571
6.58607
6.61099
6.62626
6.63173
6.62976
6.62258
6.61007
6.59123
6.55885
6.50382
6.42003
6.32599
6.25809
6.2598
6.3311
6.7023
6.63552
6.6201
6.65881
6.70824
6.7484
6.77267
6.78734
6.79398
6.79478
6.78896
6.77694
6.76039
6.74132
6.71941
6.68708
6.6464
6.61048
6.58577
6.59256
7.08728
7.09258
7.09332
7.06645
7.03113
7.00094
6.98462
6.97941
6.97936
6.98156
6.9849
6.98812
6.98927
6.99209
7.00036
7.01149
7.01297
6.9963
6.96751
6.94267
7.2803
7.28208
7.25483
7.20384
7.16023
7.1355
7.12854
7.13061
7.1365
7.14636
7.15941
7.17849
7.20493
7.24348
7.29851
7.36856
7.43482
7.47245
7.45652
7.40594
7.23466
7.18026
7.16774
7.21526
7.25955
7.28242
7.28686
7.2842
7.28344
7.28793
7.29647
7.31245
7.33717
7.37913
7.44046
7.52608
7.62608
7.71704
7.74296
7.70008
7.51961
7.53584
7.54082
7.51652
7.48081
7.44886
7.42778
7.4163
7.41097
7.41176
7.41523
7.42067
7.42302
7.42029
7.40963
7.39349
7.38145
7.38876
7.43673
7.50192
7.52493
7.52569
7.49909
7.4627
7.44703
7.4578
7.4789
7.49905
7.51374
7.52373
7.52974
7.5305
7.52236
7.49844
7.45104
7.3823
7.31444
7.27388
7.29666
7.39033
7.28922
7.21106
7.20823
7.30445
7.42506
7.53285
7.60486
7.64668
7.66813
7.67834
7.67838
7.67066
7.6562
7.63673
7.60975
7.57822
7.55102
7.53874
7.54077
7.57584
7.58793
7.59046
7.65523
7.74513
7.81467
7.85675
7.87832
7.88834
7.89117
7.88997
7.88379
7.87243
7.85522
7.83659
7.81674
7.79586
7.77161
7.75118
7.74711
7.7639
8.19463
8.29773
8.35765
8.32225
8.2543
8.19182
8.15428
8.1362
8.12665
8.12239
8.11934
8.11817
8.11684
8.116
8.11297
8.10573
8.09011
8.06881
8.05404
8.05431
8.43426
8.49732
8.49009
8.43127
8.38102
8.34823
8.3306
8.32606
8.32907
8.33816
8.35145
8.37047
8.39301
8.42047
8.45143
8.4822
8.5003
8.4974
8.47626
8.45683
8.32446
8.29629
8.27711
8.30527
8.35484
8.40384
8.44007
8.47127
8.49899
8.52752
8.55702
8.59342
8.63701
8.69321
8.76482
8.85212
8.93535
8.98813
8.98158
8.93968
8.44243
8.40786
8.41809
8.47558
8.5414
8.59862
8.63734
8.6659
8.68804
8.71035
8.73274
8.76194
8.79906
8.85179
8.92035
9.01394
9.12441
9.22787
9.26242
9.22004
9.00242
9.04804
9.07246
9.04494
8.99271
8.9409
8.9042
8.88649
8.87934
8.88007
8.88332
8.8899
8.89464
8.89385
8.87982
8.86012
8.84952
8.86235
8.91585
8.97862
9.45876
9.51633
9.48985
9.38495
9.268
9.16976
9.10272
9.0631
9.0385
9.0217
9.00737
8.99213
8.9696
8.93358
8.87733
8.8026
8.73075
8.68621
8.70661
8.79259
9.52728
9.49748
9.44453
9.39519
9.34728
9.30123
9.25848
9.22166
9.18951
9.16195
9.13321
9.1002
9.05916
9.01281
8.96333
8.91404
8.87333
8.85163
8.84659
8.86288
9.47411
9.40419
9.36633
9.37088
9.38473
9.39184
9.38713
9.37227
9.35052
9.32554
9.29538
9.25883
9.21301
9.15917
9.09861
9.03928
8.98623
8.94762
8.93045
8.92289
9.35201
9.26685
9.25988
9.33884
9.42857
9.503
9.5469
9.56139
9.55469
9.53676
9.50958
9.47573
9.43529
9.39013
9.3381
9.2818
9.2233
9.17058
9.13365
9.10488
9.6462
9.65548
9.69906
9.75825
9.79984
9.82443
9.83258
9.82955
9.81827
9.80231
9.78267
9.76095
9.73548
9.70875
9.68082
9.6511
9.61348
9.56574
9.51198
9.45462
10.2182
10.3187
10.3484
10.287
10.2143
10.1586
10.1249
10.1068
10.0957
10.0881
10.083
10.0808
10.0816
10.0888
10.1049
10.1318
10.1551
10.1555
10.1094
10.0207
10.4193
10.4559
10.4287
10.3744
10.3445
10.3371
10.3391
10.3461
10.354
10.3647
10.3791
10.4014
10.4316
10.4732
10.5251
10.588
10.6594
10.725
10.7198
10.6239
10.4545
10.4125
10.4141
10.4786
10.5387
10.5721
10.5831
10.5908
10.6022
10.6221
10.652
10.6962
10.7568
10.8275
10.8916
10.9371
10.962
10.9785
10.9901
10.9715
10.8709
10.897
10.9119
10.8915
10.8576
10.8253
10.8059
10.8012
10.8069
10.823
10.85
10.893
10.9541
11.0367
11.1299
11.2155
11.2793
11.3159
11.327
11.3201
11.0592
11.0758
11.0533
11.0007
10.9594
10.9412
10.9385
10.943
10.951
10.9631
10.9796
11.0015
11.0314
11.073
11.1278
11.1968
11.2714
11.3341
11.3794
11.4179
11.0014
10.9494
10.9416
10.994
11.0435
11.0709
11.0778
11.0749
11.0723
11.0734
11.0779
11.0827
11.0824
11.0784
11.0728
11.0696
11.0814
11.1165
11.182
11.2652
11.2968
11.3147
11.3196
11.2908
11.2518
11.2155
11.1897
11.1723
11.1614
11.1552
11.1531
11.1494
11.1415
11.1211
11.0864
11.0394
10.9917
10.9607
10.9909
11.0788
11.325
11.3313
11.2984
11.2433
11.2077
11.1948
11.1955
11.2007
11.2046
11.206
11.2038
11.1981
11.1863
11.1697
11.1497
11.1276
11.1132
11.1124
11.1191
11.1472
11.0799
11.0099
10.9928
11.0576
11.1351
11.1941
11.2302
11.2526
11.2653
11.2699
11.2666
11.2538
11.234
11.2096
11.1846
11.1616
11.1417
11.1307
11.1315
11.1477
11.233
11.2254
11.242
11.2679
11.2965
11.3225
11.3421
11.3547
11.3604
11.3599
11.3531
11.3401
11.3184
11.2896
11.2555
11.2185
11.1847
11.1592
11.147
11.1474
11.3904
11.4037
11.4236
11.4417
11.455
11.4699
11.48
11.4816
11.4778
11.4697
11.4579
11.4392
11.4152
11.3801
11.3371
11.2905
11.243
11.2009
11.1736
11.1568
11.6102
11.6485
11.6692
11.6631
11.645
11.6249
11.611
11.6021
11.595
11.5854
11.5722
11.5548
11.532
11.5026
11.4656
11.42
11.3681
11.3136
11.27
11.2357
11.7007
11.739
11.7418
11.7207
11.7073
11.7024
11.7044
11.7095
11.7135
11.7119
11.7059
11.6925
11.6779
11.6616
11.6442
11.6237
11.5919
11.5436
11.4869
11.4294
11.6212
11.6021
11.6247
11.7099
11.7854
11.8317
11.8507
11.8554
11.8541
11.8503
11.8451
11.8396
11.8336
11.8329
11.8423
11.8613
11.881
11.8775
11.8302
11.7496
12.0163
12.0799
12.1276
12.1309
12.105
12.0691
12.0386
12.0165
12.0001
11.9868
11.9754
11.9635
11.9555
11.9501
11.9527
11.9743
12.0175
12.0633
12.0535
11.9747
12.1924
12.2579
12.2672
12.2223
12.176
12.1425
12.1237
12.1117
12.1041
12.0968
12.0891
12.0797
12.0662
12.0429
12.0016
11.9394
11.8716
11.8232
11.822
11.8377
11.9751
11.9449
11.9334
11.9727
12.0376
12.1019
12.1502
12.1811
12.202
12.2132
12.2192
12.2175
12.2138
12.2012
12.1739
12.1162
12.0251
11.9326
11.8944
11.9269
11.9849
11.9443
11.9718
12.0576
12.1512
12.23
12.284
12.3191
12.342
12.3569
12.3661
12.3733
12.3806
12.3941
12.4209
12.4576
12.4849
12.4871
12.4457
12.4004
12.3975
12.4527
12.5046
12.5223
12.5203
12.5123
12.5092
12.512
12.5166
12.5203
12.5211
12.5196
12.5206
12.5296
12.5569
12.6106
12.6828
12.7516
12.7616
12.7039
12.6407
12.7172
12.7331
12.7016
12.6739
12.6598
12.661
12.669
12.6785
12.6838
12.6832
12.6752
12.6578
12.6323
12.6004
12.5631
12.5311
12.5222
12.5567
12.5965
12.5546
12.5393
12.5318
12.5788
12.6584
12.7403
12.8052
12.8502
12.8806
12.8965
12.901
12.8928
12.8748
12.8395
12.7832
12.7065
12.6299
12.5767
12.5861
12.6516
12.794
12.7746
12.8006
12.8825
12.9775
13.0619
13.123
13.1642
13.1904
13.2032
13.2038
13.1945
13.1786
13.1581
13.1329
13.1051
13.0816
13.0704
13.0677
13.0744
13.5624
13.6264
13.661
13.6516
13.6283
13.6079
13.6002
13.6036
13.6111
13.6164
13.6158
13.61
13.6002
13.5908
13.5843
13.5804
13.5757
13.5734
13.5768
13.5682
14.3373
14.4097
14.3863
14.2903
14.2
14.1368
14.106
14.0989
14.1029
14.111
14.119
14.1288
14.1417
14.1607
14.1853
14.2143
14.2388
14.2543
14.2608
14.243
14.9279
14.9161
14.8632
14.8037
14.7544
14.7169
14.6911
14.6777
14.6749
14.6834
14.7001
14.7285
14.7661
14.8183
14.8844
14.9621
15.0378
15.0924
15.1103
15.0759
15.5926
15.5647
15.5205
15.4616
15.4051
15.3596
15.3247
15.3028
15.2957
15.307
15.3343
15.3799
15.4413
15.5235
15.6275
15.7561
15.8944
16.0124
16.0602
16.0155
16.143
16.0775
16.0201
15.972
15.9425
15.9281
15.9188
15.9168
15.9245
15.9487
15.9884
16.0499
16.1255
16.2193
16.328
16.4522
16.5934
16.7374
16.8203
16.8133
16.8407
16.7655
16.7198
16.6879
16.6588
16.6313
16.6071
16.5932
16.5947
16.6155
16.6559
16.7192
16.8013
16.8939
16.9816
17.0541
17.1017
17.1342
17.1949
17.2937
18.0083
18.0114
17.9688
17.8242
17.6503
17.4955
17.3853
17.3169
17.282
17.2775
17.2993
17.3503
17.4222
17.5147
17.6234
17.7406
17.8529
17.939
17.9807
18.028
19.0302
19.0322
18.9406
18.7059
18.4455
18.2251
18.0701
17.9684
17.9069
17.8772
17.877
17.9044
17.9568
18.0316
18.13
18.2497
18.3693
18.4549
18.489
18.5345
19.5615
19.494
19.4228
19.258
19.0376
18.818
18.637
18.4987
18.4022
18.3445
18.3217
18.3337
18.3711
18.4347
18.5224
18.6251
18.7262
18.7874
18.7871
18.8297
19.6848
19.6166
19.635
19.5402
19.3488
19.1256
18.9241
18.7601
18.6411
18.5637
18.5235
18.5121
18.5274
18.5637
18.6217
18.696
18.7642
18.7845
18.7396
18.7942
19.0219
18.8855
18.9732
18.9829
18.9052
18.7875
18.6695
18.5652
18.4824
18.4237
18.3858
18.3682
18.3629
18.3672
18.3858
18.4112
18.426
18.3846
18.2754
18.3599
17.7233
17.4942
17.6774
17.842
17.9253
17.9522
17.9508
17.933
17.909
17.8813
17.8555
17.8282
17.8041
17.7737
17.739
17.7016
17.6409
17.5137
17.3292
17.4745
16.116
15.8034
16.1103
16.4051
16.6096
16.7425
16.8228
16.8661
16.8845
16.8856
16.8706
16.8434
16.8006
16.7357
16.6483
16.5327
16.3761
16.147
15.8818
16.1366
14.1459
13.5488
13.9224
14.3953
14.7691
15.0382
15.2238
15.3451
15.4176
15.451
15.4519
15.418
15.3574
15.2579
15.114
14.8965
14.5891
14.2125
13.9012
14.4346
12.4994
11.4839
11.8502
12.4283
12.9082
13.2499
13.4845
13.6444
13.743
13.7944
13.8008
13.7673
13.6889
13.5601
13.3654
13.0559
12.6103
12.0714
11.757
12.775
12.2933
10.7065
10.941
11.4323
11.8184
12.0885
12.2754
12.4036
12.4827
12.5231
12.5303
12.5004
12.436
12.3219
12.1514
11.9006
11.5369
11.0653
10.869
12.4816
14.3543
12.313
12.3395
12.47
12.5188
12.5364
12.5547
12.5741
12.5881
12.5963
12.5979
12.5922
12.5755
12.5562
12.5218
12.4891
12.4221
12.3157
12.339
14.4303
18.8571
15.8647
15.5518
15.2898
15.034
14.8546
14.7465
14.6859
14.6544
14.6374
14.6375
14.6437
14.6657
14.7248
14.8137
14.9909
15.2411
15.5093
15.8225
18.7829
25.7433
16.9426
16.5164
16.5898
16.4301
16.2746
16.1719
16.1066
16.0682
16.0479
16.0454
16.0554
16.0858
16.1456
16.2421
16.3928
16.5602
16.4861
16.8849
25.6504
-1.42819
-1.10957
-1.22914
-0.909295
-0.654208
-0.507658
-0.421683
-0.370263
-0.343137
-0.336846
-0.346091
-0.373528
-0.420003
-0.493686
-0.613384
-0.826641
-1.21485
-1.73995
-1.68224
-1.91119
-1.34077
-0.953104
-1.05454
-0.850667
-0.635749
-0.489723
-0.406443
-0.366887
-0.354915
-0.364058
-0.387886
-0.432033
-0.492931
-0.58364
-0.713406
-0.906023
-1.16925
-1.40822
-1.38937
-1.84556
0.336059
0.389136
0.324975
0.215484
0.134695
0.0786669
0.0349102
-0.00581229
-0.0415065
-0.0759482
-0.110696
-0.153023
-0.202602
-0.265759
-0.33634
-0.397667
-0.396572
-0.293091
-0.30603
-0.553919
0.73752
0.687563
0.581459
0.511859
0.41021
0.305486
0.221821
0.156576
0.109179
0.0752726
0.0512948
0.0300455
0.0109969
-0.0121086
-0.0485161
-0.131729
-0.308666
-0.555787
-0.629738
-0.659862
0.494748
0.561319
0.463997
0.403782
0.341854
0.297367
0.270973
0.253752
0.244206
0.24196
0.247312
0.259859
0.281655
0.319678
0.386194
0.491821
0.627562
0.722135
0.63896
0.448399
-0.183912
-0.199671
-0.297154
-0.240144
-0.0961557
0.0630867
0.185522
0.268637
0.322067
0.360122
0.388922
0.415575
0.442375
0.472598
0.510783
0.580028
0.723282
0.930901
1.03272
0.951568
-0.60307
-0.746684
-0.735499
-0.495314
-0.182641
0.100178
0.298967
0.422614
0.495402
0.538789
0.564775
0.580006
0.585707
0.575202
0.527263
0.426484
0.296248
0.213205
0.321056
0.45669
-0.0734466
-0.0539001
0.0906827
0.279543
0.456109
0.592819
0.686236
0.749299
0.788437
0.805968
0.804803
0.780843
0.733707
0.655859
0.540643
0.374447
0.174765
0.00734603
0.0176243
0.116851
1.46143
1.5823
1.68736
1.51904
1.35152
1.24212
1.1899
1.17196
1.16927
1.16117
1.14266
1.10247
1.03893
0.957323
0.879356
0.810437
0.745321
0.679392
0.603752
0.571739
2.34675
2.36186
2.25189
2.00687
1.81987
1.69488
1.62921
1.59508
1.57834
1.5673
1.55826
1.54589
1.53124
1.51488
1.50949
1.51619
1.50631
1.44824
1.33416
1.2413
2.15808
2.24815
2.18742
2.17773
2.13246
2.06782
2.01989
1.98699
1.96771
1.96159
1.96829
1.99078
2.03101
2.09041
2.17134
2.28818
2.42033
2.49793
2.41193
2.24068
2.17342
2.35281
2.39096
2.41712
2.39833
2.367
2.33656
2.30994
2.29293
2.2906
2.30134
2.32977
2.38202
2.46512
2.57799
2.73317
2.9352
3.15969
3.2241
3.10455
2.03603
2.09364
2.13762
2.24466
2.34836
2.4327
2.48781
2.52079
2.54076
2.55471
2.56771
2.5856
2.61001
2.64327
2.67438
2.68932
2.69941
2.74832
2.89727
3.02718
1.99696
2.12332
2.26506
2.47316
2.63511
2.73632
2.79325
2.82553
2.84055
2.84204
2.83214
2.81113
2.77911
2.72506
2.64093
2.53082
2.42546
2.3765
2.49165
2.69371
2.93323
3.25365
3.4586
3.44383
3.37241
3.30488
3.25952
3.22759
3.20238
3.17479
3.14378
3.10022
3.0411
2.9528
2.82087
2.61926
2.35655
2.0996
2.07291
2.23203
3.78578
4.0345
4.0849
3.91835
3.76204
3.65693
3.59414
3.55752
3.53268
3.51063
3.49389
3.47768
3.46348
3.44467
3.42253
3.37258
3.2528
3.04281
2.83733
2.7471
4.12897
4.08476
4.05151
4.02674
3.98106
3.9241
3.87113
3.83454
3.81099
3.79762
3.79523
3.80916
3.83939
3.89529
3.98914
4.14663
4.36134
4.5168
4.34394
4.07629
4.45434
4.29374
4.21867
4.17765
4.13344
4.08816
4.04846
4.01823
3.99886
3.99296
3.99762
4.01674
4.05403
4.11847
4.21353
4.35554
4.55775
4.80691
4.88243
4.77702
4.33126
4.01225
3.85936
3.87618
3.93723
3.99266
4.03525
4.0675
4.09097
4.10981
4.12786
4.14985
4.17396
4.20379
4.23832
4.2761
4.31246
4.37761
4.52474
4.66535
4.24439
3.8663
3.74309
3.83788
3.95981
4.05445
4.12365
4.1781
4.21583
4.23812
4.24648
4.24276
4.22783
4.19377
4.13596
4.06413
4.00403
3.99488
4.12484
4.3469
4.52766
4.37351
4.33851
4.33167
4.33934
4.35378
4.37855
4.40526
4.42532
4.4306
4.42043
4.38925
4.33942
4.26832
4.16653
4.01558
3.83163
3.67228
3.70751
3.89887
4.40262
4.46551
4.48255
4.52924
4.57782
4.61971
4.65602
4.68527
4.70469
4.71002
4.70035
4.67048
4.62448
4.56668
4.50716
4.4384
4.36016
4.28081
4.20318
4.16427
4.80838
4.85179
4.88424
4.93165
4.97677
5.01205
5.03558
5.05134
5.06148
5.06263
5.05601
5.03816
5.00821
4.97121
4.94335
4.92746
4.90607
4.84584
4.72912
4.6195
5.59473
5.46018
5.45529
5.46006
5.47457
5.48703
5.48379
5.47378
5.46574
5.45834
5.45212
5.44717
5.44734
5.45281
5.47852
5.53802
5.62101
5.66843
5.56796
5.41844
6.12372
6.02556
6.0164
6.00273
5.98368
5.95985
5.92881
5.89645
5.87181
5.85209
5.8373
5.82766
5.82503
5.83305
5.85048
5.89014
5.98042
6.11495
6.13295
6.02493
6.42226
6.55109
6.58464
6.55638
6.49018
6.41681
6.35666
6.30644
6.26759
6.23783
6.21599
6.1987
6.19019
6.17953
6.13728
6.0297
5.86803
5.72646
5.74737
5.81269
7.03087
7.17967
7.17741
7.06713
6.92589
6.80084
6.71706
6.65655
6.61274
6.5823
6.56666
6.55902
6.55896
6.55869
6.54636
6.49041
6.35546
6.15023
6.03777
6.01116
7.35456
7.31648
7.20111
7.06754
6.97798
6.92559
6.89827
6.87799
6.86187
6.85137
6.85007
6.85711
6.8765
6.90724
6.96953
7.08563
7.22341
7.29113
7.1784
6.97576
6.75756
6.54359
6.47529
6.66479
6.85692
6.9842
7.04453
7.06433
7.06927
7.07033
7.07396
7.08404
7.10439
7.14455
7.21656
7.3344
7.50928
7.71413
7.78124
7.65369
6.95089
6.92604
6.98754
7.1025
7.1783
7.21378
7.23255
7.24604
7.25756
7.26797
7.27904
7.29089
7.30733
7.32801
7.34724
7.33826
7.29978
7.27804
7.39119
7.50326
7.48344
7.58894
7.60891
7.49486
7.41072
7.36761
7.36283
7.38279
7.41172
7.43998
7.47091
7.5048
7.54011
7.56984
7.59712
7.60507
7.56996
7.51095
7.54754
7.67251
7.56951
7.53455
7.47962
7.43957
7.44159
7.46093
7.48822
7.52103
7.55469
7.58847
7.62417
7.66509
7.71427
7.77037
7.84813
7.96925
8.12943
8.29312
8.34662
8.33843
7.71868
7.66159
7.63537
7.61687
7.60713
7.61571
7.63425
7.65745
7.68262
7.70762
7.73311
7.76027
7.78953
7.82531
7.8649
7.921
8.0244
8.20027
8.37287
8.42947
7.81916
7.77098
7.74858
7.74192
7.75223
7.77078
7.78372
7.79508
7.80743
7.8196
7.83103
7.83998
7.84532
7.83487
7.79587
7.70766
7.57623
7.47913
7.61233
7.83892
7.93448
7.90274
7.89056
7.89446
7.90753
7.92136
7.92978
7.93442
7.93617
7.9337
7.92645
7.91345
7.89168
7.85286
7.8015
7.75117
7.71473
7.71643
7.76974
7.87516
8.07483
8.0659
8.07224
8.08591
8.10157
8.11266
8.11245
8.10578
8.09433
8.07791
8.0519
8.01326
7.95796
7.88188
7.78806
7.69015
7.59877
7.51922
7.52589
7.62426
8.29529
8.31892
8.34042
8.35133
8.35508
8.35006
8.33336
8.31075
8.28796
8.26296
8.23299
8.19337
8.14193
8.08321
8.0115
7.91361
7.77505
7.59816
7.50474
7.52003
8.60827
8.6817
8.70788
8.68454
8.64165
8.59535
8.55774
8.52488
8.49563
8.47121
8.44657
8.4198
8.3879
8.35665
8.334
8.33154
8.35609
8.37548
8.25047
8.09109
8.94542
9.03573
9.03025
8.93709
8.84125
8.76726
8.72786
8.70238
8.68202
8.66536
8.65169
8.63805
8.62149
8.60555
8.59219
8.58351
8.58384
8.57444
8.49983
8.38143
8.84809
8.85924
8.79027
8.72364
8.72456
8.75862
8.79884
8.82956
8.84742
8.8561
8.85879
8.85965
8.86591
8.88902
8.94147
9.03119
9.148
9.23432
9.17174
9.0108
8.20472
8.06304
8.08646
8.35843
8.64302
8.85799
8.98259
9.04578
9.07558
9.08721
9.08911
9.08916
9.09285
9.10914
9.13717
9.19284
9.3062
9.47587
9.52942
9.40054
8.77635
8.82732
9.03048
9.2282
9.33535
9.38317
9.39617
9.39241
9.38146
9.36803
9.3524
9.33744
9.32692
9.31308
9.26414
9.15201
8.99688
8.8789
8.92689
9.00609
10.0914
10.3079
10.4632
10.3
10.0789
9.90721
9.79606
9.72518
9.67935
9.64612
9.62177
9.60197
9.58527
9.5658
9.53074
9.45333
9.30814
9.11371
9.02705
9.1045
10.7541
10.8481
10.7452
10.4913
10.2863
10.1336
10.0301
9.96283
9.91691
9.88473
9.86252
9.84836
9.83998
9.83771
9.86274
9.94519
10.0595
10.1231
10.0277
9.95009
10.6084
10.5228
10.375
10.3051
10.2417
10.1804
10.1361
10.1095
10.0915
10.0785
10.0708
10.0695
10.0731
10.0854
10.1113
10.1713
10.288
10.4571
10.5088
10.4317
10.2167
10.1204
10.0081
10.0244
10.0782
10.1309
10.1736
10.207
10.2334
10.2566
10.2769
10.2976
10.3192
10.3384
10.3313
10.2557
10.1153
10.0005
10.0488
10.1514
9.72936
9.63204
9.61119
9.78722
9.98811
10.1445
10.2551
10.3365
10.4001
10.4544
10.5025
10.5498
10.596
10.6354
10.6581
10.6341
10.5249
10.3507
10.2766
10.3607
10.0487
10.0822
10.1748
10.2541
10.3377
10.4261
10.5054
10.5754
10.6347
10.6898
10.7412
10.7946
10.8491
10.9098
10.9957
11.1425
11.32
11.4293
11.3642
11.2998
10.4873
10.5787
10.6937
10.7514
10.7857
10.8212
10.8504
10.8761
10.903
10.9346
10.9692
11.009
11.0501
11.1038
11.1759
11.2961
11.4868
11.7184
11.8221
11.7752
11.2041
11.3764
11.469
11.4138
11.3152
11.2326
11.1856
11.1628
11.1544
11.1588
11.1691
11.1846
11.1985
11.2035
11.1787
11.1107
11.0232
10.9842
11.1159
11.2735
11.7287
11.8485
11.8067
11.6366
11.5013
11.4183
11.3794
11.3665
11.3614
11.3573
11.3498
11.3357
11.3138
11.2773
11.2113
11.0942
10.9295
10.7895
10.8247
10.9985
11.462
11.3643
11.2943
11.3688
11.4681
11.5436
11.5808
11.5972
11.5997
11.5926
11.5735
11.5416
11.4964
11.4503
11.4157
11.3929
11.3708
11.349
11.3156
11.3374
11.7159
11.6385
11.7034
11.8603
11.9576
11.9891
11.9778
11.9483
11.9158
11.8862
11.8568
11.8277
11.7977
11.7761
11.7689
11.7821
11.807
11.8141
11.7712
11.704
12.6924
12.7564
12.8324
12.751
12.6073
12.4685
12.3619
12.2802
12.2172
12.1728
12.1399
12.1186
12.1061
12.1097
12.1342
12.191
12.2783
12.3643
12.3508
12.2368
13.1624
13.2026
13.0996
12.8888
12.7186
12.6001
12.522
12.4701
12.4313
12.4048
12.3866
12.3768
12.3707
12.3713
12.3773
12.3974
12.443
12.529
12.5809
12.5187
12.6505
12.4737
12.3233
12.3558
12.4399
12.5073
12.5487
12.5801
12.5993
12.6118
12.6203
12.6308
12.6421
12.6477
12.6333
12.5809
12.4599
12.3009
12.2917
12.3689
12.442
12.2653
12.2325
12.3587
12.4997
12.6194
12.7062
12.7737
12.8206
12.8556
12.882
12.9092
12.9341
12.9566
12.9825
13.0385
13.1286
13.2075
13.1659
13.1106
12.7853
12.7958
12.841
12.8728
12.9136
12.9703
13.0262
13.0776
13.1165
13.1486
13.171
13.1886
13.1947
13.1942
13.1866
13.1862
13.223
13.3115
13.3672
13.3717
13.1515
13.2313
13.2941
13.3245
13.3506
13.3834
13.4132
13.4397
13.462
13.4816
13.4969
13.5086
13.5149
13.518
13.5045
13.4414
13.3026
13.1303
13.113
13.2128
13.7658
13.8832
13.9432
13.9099
13.8603
13.828
13.8173
13.8189
13.824
13.8323
13.841
13.8529
13.8678
13.8833
13.9049
13.9536
14.0275
14.087
14.0304
13.9678
14.1665
14.2488
14.2381
14.1898
14.1673
14.1613
14.164
14.1704
14.1757
14.1801
14.1821
14.184
14.1826
14.1812
14.1814
14.1932
14.228
14.2964
14.3288
14.3021
14.2543
14.211
14.2705
14.4613
14.581
14.616
14.5976
14.5673
14.5441
14.5315
14.5286
14.533
14.5463
14.5694
14.5911
14.5753
14.4677
14.2886
14.2369
14.2932
15.3516
15.4485
15.544
15.4531
15.2885
15.1305
15.0012
14.9038
14.8397
14.8078
14.8017
14.8212
14.8616
14.9262
15.0189
15.1564
15.3273
15.4413
15.3678
15.2662
15.8463
15.862
15.7512
15.5241
15.3289
15.1789
15.0707
14.9965
14.9482
14.9241
14.9187
14.9312
14.9573
14.9978
15.0533
15.15
15.331
15.5711
15.6893
15.6622
15.248
15.0519
14.8796
14.8836
14.9235
14.9373
14.9356
14.934
14.9295
14.9255
14.9236
14.9263
14.9288
14.9231
14.8859
14.7974
14.6922
14.6527
14.8033
14.9857
14.8263
14.5967
14.5134
14.5939
14.7056
14.798
14.855
14.8911
14.9081
14.9108
14.9027
14.8838
14.8588
14.8171
14.7439
14.6191
14.4531
14.308
14.3376
14.4977
14.8626
14.799
14.7823
14.7714
14.7919
14.8365
14.8807
14.9147
14.9324
14.935
14.9219
14.893
14.8464
14.7933
14.7468
14.71
14.6764
14.642
14.5969
14.5635
14.7637
14.7753
14.787
14.8171
14.8615
14.9169
14.9645
14.9972
15.0145
15.0188
15.0112
14.9887
14.9538
14.9126
14.8764
14.8539
14.8385
14.8147
14.7531
14.6523
14.8034
14.8622
14.9178
14.971
15.0258
15.0794
15.1127
15.1296
15.1364
15.1366
15.1288
15.1144
15.0919
15.0708
15.0575
15.0623
15.0919
15.1213
15.0633
14.9265
14.9574
15.0792
15.1603
15.1987
15.2225
15.2447
15.2626
15.2719
15.2751
15.2738
15.266
15.2483
15.2227
15.188
15.1453
15.1054
15.0802
15.0918
15.0774
14.9627
15.2598
15.4078
15.4708
15.4427
15.4018
15.3774
15.3838
15.3969
15.407
15.4115
15.4126
15.4073
15.3934
15.3643
15.3124
15.2093
15.0254
14.7847
14.6824
14.6837
15.3289
15.4205
15.4234
15.394
15.4031
15.4307
15.469
15.5041
15.5317
15.5481
15.5584
15.5624
15.5703
15.5784
15.6002
15.6553
15.7321
15.7612
15.6205
15.4689
15.0537
15.027
15.105
15.328
15.5024
15.6027
15.6476
15.6713
15.688
15.6979
15.6989
15.6945
15.6845
15.6767
15.6763
15.7021
15.7862
15.9246
15.9515
15.852
15.8539
15.9947
16.13
16.0999
16.0208
15.9552
15.9096
15.8832
15.8748
15.873
15.8718
15.8626
15.8515
15.8316
15.7887
15.6868
15.5223
15.3799
15.4091
15.4894
16.1894
16.2712
16.2279
16.0891
16.0069
15.9782
15.9767
15.9871
16.0053
16.026
16.047
16.0661
16.0825
16.0919
16.0902
16.0443
15.9127
15.7122
15.6193
15.6771
15.7331
15.6454
15.5714
15.6729
15.8166
15.9386
16.0265
16.0919
16.1424
16.1836
16.2197
16.2544
16.2971
16.3517
16.4358
16.5747
16.7331
16.8239
16.7553
16.6658
15.8105
15.7765
15.8294
16.0018
16.141
16.2254
16.2726
16.3047
16.331
16.357
16.3801
16.4087
16.4435
16.5004
16.5815
16.7115
16.9089
17.1515
17.2877
17.2354
16.7216
16.8399
16.9004
16.8315
16.7303
16.6435
16.588
16.5555
16.5423
16.542
16.5481
16.5573
16.5692
16.5768
16.5649
16.5222
16.4755
16.4864
16.6769
16.8417
17.2092
17.2899
17.1643
16.9627
16.8326
16.7667
16.737
16.7249
16.7237
16.7262
16.7265
16.7222
16.7113
16.6891
16.6423
16.5546
16.4545
16.405
16.522
16.6831
16.7905
16.6929
16.5244
16.5571
16.6665
16.7829
16.8733
16.9417
16.9892
17.0177
17.0269
17.0178
16.9922
16.9596
16.9328
16.9149
16.9197
16.9799
17.0626
17.1068
16.7937
16.7511
16.7035
16.8307
17.0074
17.175
17.3049
17.4029
17.4698
17.5122
17.5309
17.5305
17.5052
17.4628
17.4148
17.3753
17.3529
17.3754
17.4505
17.4779
17.6614
17.8097
17.8573
17.8949
17.9641
18.0443
18.1171
18.1775
18.2214
18.2501
18.2614
18.2585
18.2349
18.1911
18.1274
18.059
18.0042
17.9845
18.0182
17.9831
18.892
19.1224
19.2063
19.2218
19.2251
19.2265
19.224
19.2215
19.2223
19.2253
19.2257
19.2258
19.2209
19.2013
19.1492
19.0728
18.9765
18.8675
18.8005
18.6965
20.741
21.0494
21.1169
20.9783
20.799
20.6434
20.5306
20.4548
20.4089
20.3874
20.3841
20.4001
20.4298
20.4749
20.5204
20.5517
20.5246
20.3842
20.1993
19.9709
22.7221
22.9905
22.9003
22.5612
22.251
22.0174
21.8581
21.7557
21.688
21.6508
21.6412
21.6657
21.7246
21.834
21.9996
22.2424
22.5552
22.8161
22.6727
22.2293
24.1872
24.1855
24.0299
23.8355
23.621
23.4186
23.2434
23.1072
23.0077
22.946
22.9185
22.9334
22.982
23.0739
23.2105
23.4112
23.6939
24.028
24.1346
23.9206
25.6122
25.5818
25.4658
25.2824
25.049
24.814
24.6016
24.4227
24.2913
24.208
24.1688
24.1724
24.2157
24.2926
24.3969
24.5299
24.6594
24.757
24.857
24.8961
26.3779
26.305
26.1961
26.0837
25.9422
25.7909
25.6464
25.5162
25.413
25.3434
25.3107
25.3183
25.3578
25.4214
25.495
25.5609
25.6057
25.6059
25.6157
25.6424
26.9386
26.8954
26.906
26.8889
26.7865
26.6435
26.5135
26.4059
26.3261
26.273
26.2531
26.2624
26.3021
26.3641
26.451
26.5307
26.5347
26.4329
26.3153
26.2908
27.6359
27.7714
27.8755
27.7054
27.4452
27.2147
27.0499
26.934
26.8616
26.8273
26.8299
26.8693
26.9416
27.0487
27.216
27.456
27.7177
27.8475
27.6542
27.455
27.2241
27.2647
27.3471
27.2268
27.0439
26.9113
26.847
26.8149
26.8054
26.8128
26.8451
26.9024
26.9977
27.1263
27.2948
27.5191
27.7987
28.0145
27.9289
27.8098
25.5322
25.3763
25.6638
25.9395
26.0297
26.0373
26.0489
26.0688
26.0928
26.1188
26.1548
26.2083
26.2874
26.3982
26.5363
26.6505
26.6945
26.614
26.4835
26.617
23.7245
23.5903
24.0876
24.3837
24.5025
24.5483
24.5776
24.6046
24.6328
24.6512
24.6654
24.6645
24.6604
24.6417
24.62
24.5569
24.3986
24.1243
23.9071
24.277
21.114
20.6216
21.1693
21.6219
21.9086
22.0946
22.2173
22.299
22.3517
22.376
22.3721
22.3376
22.2651
22.1396
21.9526
21.6614
21.2229
20.6293
20.24
20.95
18.2984
17.3044
17.8921
18.5026
18.9061
19.1421
19.2927
19.3923
19.4544
19.4792
19.4703
19.4175
19.3282
19.18
18.9662
18.6543
18.165
17.4576
16.8624
17.8611
15.9541
14.0262
14.4422
15.1964
15.7463
16.0648
16.252
16.3754
16.4484
16.4838
16.4773
16.4348
16.3448
16.1945
15.9704
15.6435
15.2009
14.6229
14.1396
15.7901
15.4734
12.5496
12.7925
13.4975
13.9768
14.2489
14.4058
14.5004
14.5527
14.5766
14.5786
14.5544
14.5061
14.4177
14.2732
14.0249
13.6261
13.1036
12.9462
15.7404
18.6981
15.2289
15.2516
15.3633
15.3493
15.297
15.258
15.2357
15.2231
15.2198
15.2211
15.2291
15.237
15.2636
15.2878
15.3301
15.3077
15.1979
15.2836
18.8264
25.603
20.897
20.4955
20.0971
19.7457
19.5073
19.3595
19.2735
19.228
19.2072
19.2123
19.2328
19.2778
19.3815
19.5242
19.7865
20.1437
20.5332
20.9369
25.5692
35.8241
23.1081
22.5186
22.7117
22.5591
22.3766
22.2474
22.1636
22.1151
22.0927
22.0958
22.1191
22.1698
22.263
22.3986
22.5907
22.7593
22.5847
23.1766
35.8749
-0.726102
-0.578734
-0.540497
-0.386892
-0.284377
-0.236182
-0.213851
-0.200924
-0.194138
-0.194057
-0.19916
-0.209785
-0.225109
-0.246291
-0.280286
-0.343456
-0.456
-0.602084
-0.612038
-0.689836
-0.907967
-0.754581
-0.685596
-0.52797
-0.395313
-0.31674
-0.276689
-0.255744
-0.246732
-0.248092
-0.25796
-0.279198
-0.310133
-0.362064
-0.449721
-0.59706
-0.798621
-0.988513
-1.02894
-1.09493
-0.337713
-0.330379
-0.315865
-0.304011
-0.270384
-0.228228
-0.192487
-0.169961
-0.159696
-0.161427
-0.173602
-0.198967
-0.238619
-0.301714
-0.396936
-0.535704
-0.696801
-0.83295
-0.882735
-0.830135
-0.295833
-0.363863
-0.376316
-0.324783
-0.255454
-0.192062
-0.14431
-0.113841
-0.0986971
-0.0971564
-0.108143
-0.132161
-0.167932
-0.21834
-0.285686
-0.379553
-0.499708
-0.63123
-0.70497
-0.697644
-0.115935
-0.230083
-0.255765
-0.198148
-0.117317
-0.04745
0.00262438
0.0339487
0.0494137
0.0497061
0.0359667
0.00804975
-0.0337926
-0.0862798
-0.140854
-0.181215
-0.19594
-0.199127
-0.236357
-0.286781
0.263824
0.232712
0.213791
0.208594
0.217238
0.233412
0.251209
0.263623
0.267312
0.260086
0.240989
0.208248
0.162579
0.104013
0.038075
-0.0248481
-0.0758911
-0.107959
-0.123347
-0.139196
0.561812
0.616325
0.6266
0.624848
0.609761
0.596468
0.586566
0.572764
0.555276
0.533824
0.508757
0.477964
0.441244
0.400045
0.356146
0.309766
0.260309
0.209349
0.168485
0.136464
1.13575
1.21479
1.2343
1.199
1.12498
1.04082
0.966326
0.906651
0.860739
0.824879
0.796027
0.770913
0.74868
0.729759
0.71628
0.703518
0.680696
0.641047
0.589112
0.527482
1.64699
1.69923
1.67775
1.57809
1.45361
1.332
1.23163
1.15634
1.10351
1.06687
1.0435
1.03169
1.02959
1.04016
1.0686
1.11335
1.15694
1.17255
1.13393
1.04077
1.52808
1.47214
1.40982
1.38253
1.36612
1.34449
1.31509
1.28406
1.2567
1.23652
1.22315
1.21881
1.22644
1.24852
1.28903
1.35506
1.43762
1.51228
1.51916
1.43392
1.38815
1.3085
1.26568
1.28476
1.32841
1.36483
1.38045
1.38233
1.37773
1.37175
1.3677
1.36752
1.37107
1.37493
1.37149
1.35903
1.34197
1.33462
1.36376
1.39839
1.40503
1.38074
1.36904
1.37595
1.40564
1.44447
1.47336
1.48841
1.4951
1.49895
1.50357
1.50845
1.51532
1.52028
1.51731
1.49427
1.45433
1.41667
1.42214
1.484
1.31408
1.29095
1.29718
1.33961
1.40066
1.46974
1.52953
1.57224
1.60022
1.61871
1.6323
1.64392
1.65523
1.67109
1.69744
1.73762
1.79114
1.84186
1.85429
1.84532
1.31265
1.31271
1.36532
1.45736
1.54151
1.61051
1.66518
1.70844
1.73987
1.76194
1.77558
1.78318
1.78688
1.78798
1.79357
1.81745
1.86938
1.94178
1.99265
1.98566
1.62435
1.6968
1.75447
1.77043
1.7929
1.82449
1.85998
1.89291
1.92013
1.93919
1.9517
1.95637
1.95204
1.93459
1.9003
1.84588
1.78521
1.74266
1.7748
1.83681
1.83398
1.87613
1.90718
1.93768
1.98101
2.03292
2.08046
2.11634
2.14242
2.15937
2.16885
2.1696
2.16214
2.14137
2.1105
2.07271
2.03585
2.01568
2.01979
2.02426
2.29739
2.37081
2.40979
2.40939
2.39154
2.37719
2.37883
2.39086
2.40615
2.41796
2.42638
2.42918
2.42568
2.41211
2.3863
2.34724
2.29436
2.2392
2.21684
2.21222
2.7936
2.87801
2.88013
2.81925
2.75519
2.70424
2.67863
2.67406
2.68069
2.69122
2.70457
2.7201
2.74232
2.76852
2.791
2.79573
2.7641
2.69137
2.6285
2.59827
3.0676
3.08483
3.07114
3.06047
3.04057
3.01026
2.97965
2.95623
2.94321
2.9415
2.95004
2.97181
3.00797
3.06664
3.14868
3.25002
3.35894
3.43666
3.40187
3.30149
3.35682
3.38331
3.38994
3.37929
3.34233
3.28606
3.22602
3.17621
3.1429
3.12585
3.12074
3.12716
3.14555
3.18073
3.23899
3.32251
3.42677
3.53894
3.58636
3.54962
3.44903
3.43827
3.41798
3.38927
3.35549
3.3221
3.29232
3.26784
3.25004
3.23698
3.2279
3.21993
3.20891
3.19586
3.18496
3.1785
3.1778
3.19651
3.25704
3.32573
3.39285
3.33843
3.29257
3.27515
3.28122
3.30099
3.32124
3.33564
3.34087
3.33821
3.33019
3.31475
3.29025
3.24628
3.18124
3.10427
3.03786
2.99922
3.02745
3.11565
3.39588
3.346
3.33255
3.37294
3.41951
3.45459
3.4719
3.47822
3.47669
3.46808
3.45281
3.42977
3.39605
3.34726
3.28389
3.21692
3.1635
3.13384
3.13097
3.14807
3.70882
3.73396
3.74178
3.72312
3.6937
3.6681
3.65358
3.64709
3.64151
3.63362
3.61983
3.59785
3.56596
3.51977
3.45905
3.38607
3.30435
3.23063
3.19656
3.18927
3.79398
3.81282
3.7998
3.7704
3.75286
3.7579
3.7773
3.79805
3.81409
3.82417
3.82761
3.82543
3.81901
3.8109
3.79618
3.76039
3.68719
3.58059
3.49687
3.46292
3.63076
3.57046
3.58036
3.67864
3.79407
3.8975
3.96856
4.01098
4.03594
4.05342
4.06548
4.07686
4.09173
4.11675
4.15764
4.2174
4.28107
4.31321
4.24619
4.13956
4.01895
4.03268
4.10362
4.19073
4.2529
4.28384
4.29576
4.29897
4.29966
4.29999
4.30121
4.30582
4.31483
4.3354
4.3697
4.42193
4.49472
4.57013
4.57623
4.51552
4.73759
4.84405
4.90667
4.8617
4.77609
4.68966
4.6287
4.58851
4.56175
4.5424
4.52819
4.51703
4.51091
4.51192
4.51927
4.5256
4.53185
4.54324
4.5622
4.57542
5.10217
5.15219
5.14625
5.07059
4.98673
4.91284
4.85641
4.81399
4.78417
4.7608
4.74289
4.7266
4.70942
4.68451
4.64899
4.6057
4.56667
4.54595
4.55766
4.59453
5.0972
5.03718
5.0031
4.99793
5.00109
4.99899
4.99024
4.98075
4.97269
4.96415
4.95563
4.94514
4.93549
4.9203
4.89443
4.84569
4.77117
4.69382
4.67214
4.70491
5.21432
5.13706
5.10972
5.12709
5.15803
5.17863
5.1834
5.18172
5.17765
5.1737
5.17198
5.17372
5.18065
5.19946
5.23648
5.2844
5.32467
5.33806
5.30688
5.25675
5.62187
5.60435
5.58666
5.54242
5.49346
5.44786
5.41279
5.39021
5.37496
5.36605
5.36148
5.36332
5.37306
5.39666
5.44264
5.52029
5.61757
5.70099
5.71794
5.66611
5.7908
5.74325
5.68516
5.61977
5.57166
5.54544
5.53408
5.5288
5.52631
5.52523
5.52625
5.52967
5.53575
5.54503
5.55291
5.55596
5.55587
5.56314
5.60331
5.65027
5.63975
5.49718
5.4411
5.48317
5.54829
5.60871
5.6461
5.66243
5.66975
5.67668
5.68702
5.70044
5.71615
5.72818
5.73227
5.71777
5.68862
5.66484
5.68279
5.74643
5.73214
5.68347
5.68474
5.72182
5.7513
5.76724
5.77621
5.78236
5.78879
5.79744
5.81034
5.82895
5.85268
5.88173
5.91916
5.96957
6.03214
6.09142
6.11248
6.10718
5.77763
5.86646
5.89404
5.87756
5.86107
5.84889
5.84833
5.8586
5.87255
5.88707
5.89974
5.91276
5.92699
5.94458
5.96954
6.01263
6.07998
6.16058
6.21515
6.22228
5.7053
5.75034
5.7731
5.79665
5.83268
5.87165
5.90564
5.93389
5.95696
5.97508
5.99015
6.00222
6.0083
6.00432
5.98559
5.94932
5.90669
5.87935
5.91941
6.00454
5.86809
5.87681
5.90154
5.92698
5.95574
5.98814
6.01828
6.04267
6.06078
6.07437
6.08323
6.0872
6.08389
6.06913
6.04517
6.01597
5.99175
5.98843
6.00715
6.04968
6.06244
6.06292
6.07876
6.09628
6.11883
6.14353
6.16517
6.17938
6.18679
6.18895
6.18674
6.17861
6.16293
6.13621
6.09551
6.04413
5.98742
5.94254
5.94029
5.98168
6.40641
6.39376
6.39424
6.37644
6.35574
6.33978
6.3314
6.32846
6.32639
6.32195
6.31284
6.29914
6.28266
6.26269
6.23204
6.18149
6.10624
6.02041
5.97908
5.9983
6.67277
6.6361
6.59927
6.55099
6.51662
6.49798
6.48767
6.48264
6.47862
6.47191
6.46046
6.44435
6.42381
6.40768
6.40038
6.40172
6.40776
6.40951
6.37152
6.32131
6.66823
6.60096
6.58707
6.63675
6.67754
6.69482
6.6906
6.67702
6.66101
6.64639
6.63124
6.61518
6.59717
6.58014
6.56691
6.56092
6.55883
6.55124
6.53148
6.50258
6.90435
7.00014
7.04041
7.03083
6.99029
6.93961
6.8954
6.86142
6.83506
6.81461
6.79852
6.78731
6.78104
6.78477
6.80187
6.83732
6.88196
6.90861
6.88771
6.8306
7.10463
7.21699
7.23443
7.17144
7.09986
7.04591
7.01135
6.98894
6.9713
6.95715
6.94338
6.93226
6.92391
6.92127
6.9285
6.95807
7.0178
7.08786
7.10046
7.03787
7.1062
7.11025
7.10513
7.09859
7.09496
7.09602
7.09693
7.09614
7.09406
7.09012
7.08401
7.07672
7.0661
7.04396
6.9994
6.93543
6.87192
6.83815
6.85748
6.88979
6.9886
6.95793
6.95353
6.99106
7.05526
7.12096
7.17209
7.20703
7.2279
7.23967
7.24486
7.24634
7.24437
7.23335
7.20246
7.14018
7.0468
6.95482
6.92571
6.97203
7.04059
6.97924
6.99925
7.09392
7.20335
7.29256
7.35168
7.3892
7.41188
7.42671
7.43663
7.44515
7.45207
7.46591
7.49405
7.53234
7.55647
7.55077
7.50583
7.4674
7.60765
7.61245
7.63753
7.63793
7.62658
7.61465
7.61143
7.6175
7.62509
7.63363
7.64097
7.65168
7.66511
7.68941
7.73177
7.7975
7.8758
7.9413
7.9381
7.87241
8.16075
8.161
8.11819
8.02389
7.93635
7.87489
7.84362
7.83331
7.83246
7.83544
7.83953
7.84681
7.85509
7.86663
7.87777
7.88934
7.90322
7.91809
7.93632
7.9372
8.34438
8.30364
8.25041
8.2062
8.16149
8.12033
8.08695
8.06297
8.04775
8.04073
8.03691
8.03526
8.03113
8.01973
7.9946
7.96108
7.93125
7.91936
7.93711
7.95921
8.26469
8.3032
8.31408
8.32434
8.3162
8.29875
8.2779
8.2584
8.24458
8.23753
8.23487
8.23414
8.23415
8.23169
8.21606
8.17629
8.10997
8.04381
8.03283
8.05633
8.11026
8.12864
8.14787
8.19685
8.25732
8.31513
8.35688
8.38506
8.40413
8.42054
8.43561
8.45283
8.47303
8.50243
8.54549
8.59912
8.64508
8.66604
8.64102
8.57816
8.20809
8.19113
8.21713
8.29714
8.38859
8.4671
8.52289
8.56356
8.59272
8.61707
8.6379
8.66028
8.6837
8.71547
8.76113
8.83479
8.92815
9.00882
9.02142
8.95539
8.71238
8.78536
8.82419
8.82333
8.8072
8.79267
8.78952
8.79859
8.81124
8.82687
8.84233
8.85978
8.87628
8.88892
8.88831
8.87899
8.86706
8.86253
8.88885
8.92628
9.18863
9.26459
9.25463
9.17781
9.09997
9.04497
9.01774
9.01197
9.01618
9.02513
9.03539
9.0475
9.06024
9.07018
9.0658
9.03839
8.99489
8.95881
8.96552
9.0337
9.38371
9.3851
9.36107
9.33799
9.30757
9.2754
9.24763
9.2295
9.21991
9.21841
9.21998
9.22492
9.23323
9.25047
9.27824
9.31528
9.36027
9.40414
9.41292
9.41744
9.54179
9.53482
9.52311
9.50777
9.48363
9.45802
9.43308
9.41332
9.40009
9.39533
9.39587
9.40092
9.40634
9.41599
9.4321
9.46086
9.50756
9.56637
9.59773
9.59581
9.51533
9.46259
9.43745
9.44463
9.46871
9.49726
9.51709
9.53047
9.53952
9.54886
9.55841
9.56986
9.58109
9.59158
9.5924
9.57337
9.53161
9.48904
9.50141
9.55555
9.53047
9.46806
9.45798
9.50858
9.57189
9.62408
9.65728
9.68071
9.69655
9.7099
9.72055
9.73147
9.7391
9.74972
9.76738
9.79815
9.8397
9.87968
9.88805
9.88028
9.90955
9.93103
9.94034
9.92575
9.90339
9.8852
9.8775
9.87926
9.88178
9.88536
9.88607
9.88422
9.87454
9.85967
9.84391
9.84288
9.86895
9.91697
9.94959
9.95703
10.1698
10.1884
10.1731
10.1338
10.1
10.0825
10.0773
10.0763
10.0736
10.0689
10.0606
10.0486
10.0287
9.99492
9.93905
9.85849
9.76261
9.68261
9.68633
9.75851
10.2706
10.2308
10.2335
10.2944
10.3434
10.3616
10.3516
10.3293
10.3044
10.2806
10.2556
10.2286
10.1984
10.1624
10.1197
10.0739
10.0249
9.98241
9.95758
9.96646
10.8231
10.8634
10.8843
10.853
10.789
10.7127
10.6433
10.586
10.5388
10.4997
10.4664
10.4372
10.4096
10.3843
10.3605
10.3408
10.3195
10.2889
10.2564
10.2378
11.1122
11.1595
11.1382
11.0509
10.9532
10.8678
10.8018
10.7503
10.7107
10.6815
10.6612
10.6484
10.6446
10.652
10.6727
10.7072
10.7417
10.7575
10.73
10.6773
10.8795
10.8266
10.7832
10.7818
10.7982
10.813
10.8174
10.8156
10.8125
10.8122
10.815
10.8253
10.8421
10.8726
10.9201
10.9846
11.0613
11.1364
11.1459
11.08
10.7003
10.6305
10.6144
10.6617
10.7303
10.7964
10.8453
10.8811
10.9058
10.9255
10.9446
10.9682
11.0003
11.0383
11.0747
11.1025
11.1178
11.1324
11.1552
11.1485
10.8278
10.8331
10.8482
10.8682
10.8966
10.9321
10.9674
10.9974
11.0199
11.0377
11.0524
11.0683
11.0838
11.1006
11.115
11.125
11.1362
11.1498
11.1663
11.1678
10.985
11.0141
11.0384
11.0593
11.0761
11.0966
11.1195
11.1384
11.1522
11.1619
11.1682
11.1681
11.1612
11.1405
11.1014
11.0508
11.0073
10.9815
10.9915
11.0252
11.2103
11.2625
11.2915
11.2923
11.2819
11.2727
11.2707
11.2752
11.2831
11.2895
11.294
11.2941
11.2872
11.269
11.2335
11.1697
11.0811
10.9891
10.9578
10.9841
11.3092
11.3588
11.3695
11.358
11.3558
11.3635
11.3757
11.3906
11.4066
11.4196
11.43
11.4344
11.4364
11.4385
11.4519
11.477
11.4965
11.4943
11.4514
11.3963
11.2448
11.2253
11.2549
11.3476
11.431
11.4855
11.5144
11.5308
11.5426
11.5538
11.5647
11.5768
11.5886
11.6072
11.6381
11.6865
11.7513
11.8136
11.8099
11.7403
11.651
11.7114
11.7638
11.772
11.7502
11.7182
11.6931
11.6793
11.6736
11.6735
11.6782
11.6858
11.7016
11.7228
11.7449
11.7608
11.7644
11.7628
11.7665
11.7449
11.8567
11.9203
11.9298
11.8837
11.8334
11.7954
11.7729
11.7599
11.7533
11.7496
11.7462
11.7419
11.7347
11.7276
11.7224
11.7192
11.7186
11.7187
11.7194
11.7007
11.6838
11.65
11.6375
11.6689
11.7173
11.763
11.7938
11.8106
11.8192
11.8195
11.812
11.7921
11.7619
11.7144
11.6518
11.5842
11.5264
11.4877
11.4837
11.4964
11.7212
11.6685
11.6871
11.7595
11.8342
11.888
11.9162
11.9263
11.9257
11.9165
11.9
11.8752
11.8418
11.797
11.7362
11.6491
11.5433
11.4391
11.393
11.4006
12.1533
12.1869
12.2252
12.226
12.2004
12.1607
12.1232
12.0917
12.0644
12.0367
12.0071
11.9721
11.9367
11.9039
11.884
11.8764
11.8716
11.8529
11.7989
11.7212
12.3882
12.4386
12.4386
12.3867
12.3249
12.2685
12.2272
12.1957
12.1696
12.143
12.1122
12.0765
12.0344
11.9934
11.9622
11.9561
11.982
12.0189
12.0083
11.9309
12.1684
12.1238
12.0921
12.1135
12.1606
12.2066
12.2394
12.258
12.2658
12.2619
12.2472
12.22
12.1836
12.1324
12.0615
11.9728
11.8838
11.8248
11.8238
11.8438
12.0608
12.0062
12.0007
12.0679
12.1644
12.2579
12.3303
12.3835
12.4188
12.4372
12.4417
12.4349
12.4195
12.3941
12.3525
12.2796
12.1748
12.07
12.0274
12.0584
12.3372
12.3496
12.3725
12.4082
12.4609
12.5214
12.5788
12.6279
12.6665
12.6945
12.7137
12.7272
12.7408
12.761
12.7954
12.8377
12.8643
12.8619
12.8165
12.7627
12.7306
12.7597
12.7795
12.8016
12.8312
12.8695
12.9114
12.9499
12.9828
13.0116
13.0361
13.0635
13.0972
13.147
13.2136
13.2993
13.3938
13.479
13.4918
13.4216
13.3028
13.355
13.363
13.3448
13.3262
13.3185
13.3251
13.3431
13.3661
13.389
13.4091
13.4293
13.4526
13.4845
13.5243
13.5703
13.6199
13.6742
13.7303
13.7536
13.8641
13.9009
13.8766
13.826
13.7951
13.7854
13.7896
13.8035
13.8222
13.8414
13.8585
13.8729
13.8815
13.883
13.8801
13.8808
13.8931
13.9237
13.9875
14.0625
14.3641
14.3194
14.3046
14.3416
14.3783
14.3963
14.3967
14.3919
14.3916
14.3979
14.4098
14.4263
14.4415
14.4491
14.4401
14.4084
14.3597
14.3106
14.3328
14.4258
15.4303
15.4597
15.4503
15.3731
15.2748
15.1814
15.1109
15.0647
15.0396
15.0328
15.0408
15.0629
15.099
15.1477
15.2029
15.2556
15.286
15.2798
15.2652
15.2749
16.3482
16.3738
16.3033
16.1423
15.988
15.8696
15.7894
15.7374
15.7076
15.7001
15.7116
15.7458
15.799
15.877
15.9833
16.1227
16.2898
16.4438
16.476
16.4195
16.9041
16.8289
16.735
16.6403
16.5623
16.5012
16.451
16.4115
16.388
16.3835
16.398
16.4335
16.488
16.5612
16.6513
16.7635
16.8998
17.0508
17.1433
17.1796
17.6509
17.5655
17.5055
17.4341
17.3514
17.2679
17.1928
17.1326
17.0931
17.0768
17.0849
17.1203
17.1764
17.2534
17.3387
17.4152
17.4647
17.4913
17.5466
17.6692
18.7078
18.7033
18.6647
18.5018
18.2928
18.0951
17.9426
17.8341
17.7625
17.7239
17.7183
17.7444
17.8017
17.8866
17.9957
18.1212
18.2363
18.3144
18.3404
18.3958
19.4419
19.4419
19.3908
19.1712
18.899
18.6522
18.4685
18.3412
18.2576
18.2115
18.2004
18.2255
18.2779
18.3609
18.4798
18.6285
18.7771
18.8706
18.8803
18.9233
19.4256
19.3576
19.3543
19.2387
19.0505
18.8579
18.6984
18.5746
18.491
18.4455
18.4371
18.4648
18.5263
18.6184
18.7453
18.9062
19.068
19.1653
19.1399
19.1682
18.7587
18.6397
18.7311
18.7428
18.6706
18.5681
18.4743
18.3952
18.3381
18.3074
18.3015
18.3252
18.372
18.4408
18.5285
18.6296
18.7294
18.7687
18.6976
18.768
17.4293
17.2118
17.4153
17.6172
17.7308
17.7708
17.7752
17.7647
17.7519
17.7406
17.7358
17.7353
17.7421
17.7449
17.7364
17.703
17.607
17.4273
17.255
17.4725
15.8305
15.5283
15.8434
16.1511
16.3696
16.5166
16.6101
16.6674
16.6978
16.7082
16.6989
16.6729
16.6243
16.5469
16.4434
16.2953
16.0933
15.8322
15.576
15.8962
13.9325
13.3566
13.7324
14.202
14.5726
14.8467
15.0379
15.1623
15.2352
15.2652
15.2567
15.205
15.1132
14.9635
14.7482
14.4534
14.0923
13.6801
13.3665
13.9711
12.419
11.4449
11.811
12.3638
12.8118
13.1301
13.3485
13.4948
13.5811
13.6207
13.6126
13.5605
13.4568
13.2922
13.0504
12.701
12.2451
11.7182
11.3874
12.3961
12.2835
10.7371
10.9594
11.4182
11.7687
12.0021
12.1593
12.2666
12.3304
12.3587
12.3544
12.3129
12.2362
12.1107
11.9299
11.6677
11.295
10.8313
10.6208
12.2157
14.2526
12.1782
12.1719
12.3
12.3623
12.3864
12.4034
12.419
12.4284
12.4323
12.4296
12.4201
12.4008
12.3821
12.3539
12.3287
12.2557
12.1278
12.1218
14.1917
18.6733
15.6514
15.3344
15.0883
14.8523
14.6846
14.5817
14.5228
14.4914
14.4738
14.4735
14.4803
14.5042
14.5683
14.666
14.8572
15.1172
15.3776
15.6619
18.5849
25.5501
16.7351
16.3187
16.4048
16.25
16.1027
16.0053
15.9427
15.9055
15.8861
15.8845
15.8965
15.9301
15.9953
16.0989
16.2608
16.4467
16.3957
16.7948
25.5411
-0.122502
-0.100386
-0.0742212
-0.0364579
-0.0114866
-0.00119655
-0.000570178
-0.00320963
-0.00563118
-0.00788826
-0.010033
-0.012598
-0.0157358
-0.0209504
-0.0322889
-0.054839
-0.0915394
-0.139134
-0.164753
-0.169973
-0.157311
-0.111012
-0.0564917
0.00448445
0.0462131
0.0629896
0.0624777
0.0561689
0.0502099
0.0453243
0.0415307
0.0373202
0.0338967
0.0265162
0.00927004
-0.0278346
-0.0885018
-0.163297
-0.219145
-0.250071
0.0687405
0.0876933
0.108238
0.124878
0.137442
0.145742
0.149536
0.149404
0.146639
0.141441
0.134534
0.125169
0.113331
0.0983102
0.0802531
0.0588077
0.03616
0.0144795
-0.00851413
-0.0279791
0.21217
0.222955
0.236782
0.249491
0.255574
0.25519
0.250416
0.243582
0.236245
0.22892
0.22116
0.212226
0.20208
0.188927
0.172297
0.152862
0.131935
0.112261
0.0997522
0.095992
0.337694
0.338072
0.339626
0.339606
0.338194
0.335339
0.331755
0.327896
0.324196
0.320548
0.31712
0.313969
0.310602
0.307484
0.303901
0.29909
0.292297
0.283695
0.274602
0.267532
0.410668
0.400015
0.391788
0.388157
0.389282
0.393696
0.399438
0.404585
0.407777
0.410224
0.412148
0.414888
0.418932
0.424845
0.432641
0.440225
0.444438
0.444468
0.437277
0.421883
0.467349
0.452528
0.44749
0.452957
0.463134
0.474955
0.485475
0.493202
0.497655
0.499959
0.501441
0.503885
0.507164
0.512576
0.519299
0.525855
0.530308
0.530423
0.526517
0.518373
0.606032
0.610223
0.613366
0.614795
0.614111
0.611452
0.607204
0.602524
0.597718
0.593116
0.588372
0.583611
0.579939
0.577534
0.576847
0.579166
0.584255
0.588983
0.590118
0.586137
0.74962
0.765378
0.770893
0.7649
0.751956
0.735089
0.718933
0.704882
0.693997
0.684705
0.676623
0.668164
0.658701
0.648183
0.63713
0.627349
0.621976
0.621551
0.625875
0.632341
0.800176
0.796301
0.79308
0.789415
0.786581
0.784419
0.7828
0.780351
0.777336
0.773669
0.769757
0.764418
0.758018
0.7484
0.735858
0.721034
0.706618
0.696623
0.697096
0.708781
0.853274
0.834572
0.827953
0.830227
0.837913
0.848226
0.856952
0.86237
0.864924
0.865729
0.866293
0.867334
0.869061
0.871753
0.875085
0.877217
0.877165
0.875039
0.871169
0.868077
0.96483
0.960672
0.96136
0.962046
0.961772
0.960709
0.958715
0.957211
0.956313
0.956859
0.958583
0.962344
0.969365
0.980189
0.995243
1.01296
1.02839
1.03753
1.03482
1.02096
1.04759
1.04926
1.0505
1.04635
1.04034
1.0348
1.03136
1.03013
1.03057
1.03196
1.03417
1.03779
1.04237
1.04918
1.05788
1.06802
1.07836
1.08689
1.09093
1.08558
1.07137
1.05517
1.0516
1.05757
1.06804
1.08026
1.09125
1.09909
1.10388
1.10651
1.10732
1.10613
1.10388
1.10002
1.09565
1.09291
1.09349
1.09837
1.10587
1.11065
1.15245
1.14318
1.14076
1.14437
1.15245
1.16262
1.17258
1.18063
1.18636
1.18934
1.19077
1.18979
1.18552
1.17669
1.16328
1.14703
1.1323
1.12277
1.12484
1.14032
1.26063
1.25612
1.25439
1.25604
1.25923
1.26344
1.26837
1.27347
1.27795
1.28123
1.2836
1.28486
1.28601
1.28522
1.28173
1.27404
1.26263
1.25031
1.24456
1.25033
1.39681
1.40134
1.40429
1.40496
1.40171
1.39505
1.3879
1.38207
1.37872
1.37733
1.37773
1.38007
1.3842
1.39193
1.40312
1.41514
1.42535
1.43034
1.4253
1.40984
1.51252
1.5256
1.53249
1.52918
1.51868
1.50366
1.48897
1.47709
1.46878
1.46379
1.4613
1.46092
1.46326
1.46814
1.47687
1.49004
1.50511
1.5178
1.51934
1.50545
1.53993
1.53247
1.53111
1.53077
1.53179
1.5334
1.53476
1.53506
1.53447
1.53273
1.53033
1.52715
1.52254
1.51706
1.51148
1.50787
1.50778
1.51151
1.51748
1.52091
1.58047
1.56146
1.55572
1.56001
1.57084
1.58506
1.59774
1.6068
1.61164
1.61288
1.61107
1.60536
1.59612
1.58124
1.56195
1.54122
1.5233
1.51283
1.51629
1.5331
1.70937
1.70729
1.70752
1.70758
1.70823
1.70916
1.70976
1.70991
1.70951
1.70805
1.70581
1.70248
1.69758
1.6902
1.67939
1.6641
1.64679
1.63097
1.62495
1.63124
1.84935
1.85974
1.86091
1.85306
1.84262
1.83167
1.82235
1.81555
1.81093
1.80804
1.80576
1.8038
1.80358
1.80532
1.80926
1.81334
1.81552
1.81492
1.80851
1.79366
1.93817
1.94592
1.9462
1.9417
1.93555
1.92807
1.92019
1.9129
1.90738
1.90391
1.90271
1.90384
1.90659
1.91225
1.92043
1.92954
1.93779
1.94336
1.94127
1.92724
1.99679
2.00694
2.01041
2.00942
2.00521
1.99983
1.99435
1.98959
1.98603
1.98406
1.98352
1.98485
1.98884
1.99511
2.00338
2.01253
2.01987
2.02316
2.02187
2.01545
2.01658
2.01923
2.0203
2.0248
2.02993
2.03566
2.04159
2.04647
2.04973
2.05092
2.05088
2.05059
2.05019
2.05121
2.05345
2.05759
2.06391
2.06932
2.07134
2.06918
2.05506
2.04546
2.04315
2.05323
2.06972
2.08824
2.10476
2.1171
2.12457
2.12793
2.12808
2.12518
2.12008
2.11245
2.10359
2.09563
2.09097
2.09031
2.09341
2.09814
2.18347
2.18285
2.18347
2.18611
2.1912
2.19786
2.20471
2.21054
2.21503
2.21735
2.21824
2.21705
2.21301
2.20513
2.19332
2.17791
2.1623
2.15046
2.14843
2.15774
2.3287
2.33762
2.33802
2.33294
2.32637
2.32009
2.31636
2.3151
2.31562
2.31695
2.31845
2.31975
2.32194
2.32372
2.32519
2.32495
2.3215
2.31574
2.30886
2.30569
2.44265
2.44733
2.44712
2.44614
2.442
2.43501
2.42834
2.42326
2.42027
2.41889
2.41913
2.42141
2.42571
2.43343
2.44448
2.45723
2.4676
2.47181
2.46574
2.4519
2.55697
2.56256
2.56623
2.56524
2.55895
2.54879
2.53759
2.52728
2.51888
2.51294
2.50895
2.50694
2.50699
2.50876
2.51249
2.51807
2.52393
2.52789
2.52811
2.52439
2.63279
2.63913
2.64
2.63539
2.62888
2.62211
2.61476
2.60726
2.60073
2.59479
2.5897
2.58492
2.57968
2.57425
2.56855
2.56393
2.56248
2.56424
2.56768
2.57431
2.67446
2.68053
2.6796
2.67722
2.67528
2.67458
2.67423
2.67421
2.67436
2.67458
2.67442
2.67361
2.67222
2.66853
2.66172
2.65188
2.64136
2.63369
2.63329
2.64369
2.69389
2.69427
2.69451
2.69925
2.70704
2.71707
2.72746
2.73718
2.74528
2.75226
2.75859
2.7651
2.77173
2.77932
2.78701
2.79314
2.79642
2.7968
2.79382
2.78899
2.73537
2.72438
2.72341
2.73432
2.75201
2.77298
2.79276
2.80978
2.82259
2.83291
2.8411
2.84953
2.85916
2.87135
2.88664
2.90394
2.91942
2.92984
2.92976
2.91762
2.86945
2.86986
2.87077
2.87366
2.87902
2.8866
2.89494
2.90342
2.91103
2.91741
2.92239
2.9267
2.92982
2.93283
2.93559
2.93877
2.94271
2.94794
2.95448
2.95912
3.02245
3.03236
3.03305
3.02836
3.02163
3.01499
3.01079
3.00935
3.0098
3.01124
3.01221
3.01151
3.00842
3.00214
2.99343
2.98397
2.97633
2.97339
2.97969
2.99661
3.14383
3.14718
3.14844
3.14837
3.14394
3.13581
3.12715
3.11971
3.11432
3.11061
3.10827
3.10627
3.10357
3.09983
3.09483
3.08947
3.08555
3.08425
3.08617
3.09411
3.25476
3.2576
3.26009
3.25655
3.24735
3.23525
3.22308
3.21332
3.20657
3.20282
3.20037
3.19892
3.19845
3.19896
3.1999
3.20086
3.20121
3.20131
3.20209
3.20507
3.32041
3.31936
3.31736
3.30912
3.2996
3.29168
3.2854
3.28166
3.28014
3.28067
3.2821
3.28478
3.28824
3.29411
3.30177
3.31047
3.31807
3.32295
3.32363
3.32218
3.34416
3.33491
3.3322
3.3319
3.33372
3.33675
3.34004
3.34359
3.3463
3.34957
3.3523
3.35603
3.36043
3.36685
3.37542
3.38592
3.39656
3.40561
3.40815
3.40406
3.36317
3.34546
3.34288
3.35183
3.36589
3.38167
3.39517
3.40526
3.41177
3.4163
3.41906
3.42068
3.42012
3.41831
3.41458
3.40994
3.40518
3.40219
3.40627
3.41823
3.4458
3.4388
3.43779
3.4414
3.449
3.45984
3.47052
3.47992
3.48636
3.49083
3.49274
3.49257
3.48953
3.48391
3.4764
3.46924
3.4644
3.46306
3.46553
3.47132
3.55672
3.5563
3.55554
3.55635
3.55792
3.56075
3.56416
3.56817
3.57129
3.57319
3.57345
3.57224
3.5682
3.56117
3.55137
3.54072
3.53088
3.52402
3.52296
3.52688
3.69688
3.70683
3.71064
3.71
3.70429
3.69491
3.68475
3.67641
3.67001
3.66576
3.66191
3.65895
3.65594
3.6521
3.64579
3.63658
3.62406
3.61073
3.60402
3.60733
3.81509
3.83452
3.84295
3.83907
3.82654
3.80865
3.79049
3.77523
3.76338
3.75452
3.74727
3.74184
3.73778
3.73678
3.73793
3.74126
3.74514
3.7472
3.74253
3.73267
3.83693
3.83693
3.83797
3.83944
3.84104
3.84183
3.84116
3.83912
3.83563
3.83186
3.82685
3.82134
3.81464
3.80855
3.80416
3.80369
3.80684
3.81154
3.81301
3.81243
3.85593
3.83932
3.83659
3.84626
3.86293
3.88211
3.89764
3.90798
3.91329
3.91566
3.91579
3.91474
3.91133
3.90601
3.89762
3.88668
3.87424
3.86525
3.86648
3.87973
3.94504
3.9398
3.93955
3.94561
3.95739
3.9729
3.98743
3.99961
4.00781
4.01358
4.01707
4.02039
4.02328
4.02653
4.02884
4.02966
4.02803
4.02595
4.0244
4.02272
4.07181
4.07306
4.07069
4.07109
4.07506
4.08264
4.09159
4.10118
4.10944
4.11678
4.12318
4.13066
4.13897
4.15004
4.16271
4.17641
4.18776
4.19389
4.19077
4.17598
4.23646
4.24535
4.24317
4.23725
4.23002
4.22361
4.21938
4.21839
4.21948
4.2228
4.22689
4.2331
4.24071
4.251
4.26239
4.2744
4.28411
4.28896
4.28752
4.27907
4.37768
4.39344
4.39477
4.38409
4.36807
4.35161
4.3384
4.32998
4.32537
4.32341
4.32255
4.32294
4.32387
4.32676
4.33045
4.3363
4.34364
4.3497
4.35179
4.35194
4.45774
4.46055
4.46312
4.46015
4.45249
4.44308
4.43444
4.42794
4.42335
4.42056
4.418
4.41523
4.41084
4.40536
4.39842
4.39238
4.38939
4.39012
4.39443
4.4035
4.52611
4.52385
4.52332
4.52383
4.52375
4.52283
4.52155
4.52027
4.51891
4.51801
4.51718
4.51621
4.51336
4.50797
4.49872
4.48678
4.475
4.46708
4.46821
4.47912
4.59429
4.58346
4.57938
4.58473
4.59407
4.60392
4.61128
4.61549
4.61679
4.61733
4.61743
4.61874
4.62116
4.625
4.62888
4.63248
4.63403
4.63372
4.63045
4.62326
4.72727
4.72716
4.72883
4.72869
4.72741
4.7251
4.72159
4.71825
4.71528
4.71354
4.71239
4.71313
4.71577
4.72273
4.73331
4.74725
4.76057
4.76959
4.76729
4.7491
4.82936
4.83534
4.83755
4.83236
4.82442
4.81637
4.80987
4.80563
4.80281
4.80125
4.79951
4.79788
4.79539
4.79293
4.78991
4.78792
4.78755
4.78947
4.79355
4.79488
4.87237
4.86082
4.85737
4.86148
4.86944
4.87863
4.88597
4.89006
4.89121
4.89083
4.88926
4.88657
4.88118
4.87278
4.86056
4.84622
4.83361
4.8266
4.83072
4.84687
4.97443
4.96859
4.9665
4.96807
4.97316
4.97968
4.98506
4.98843
4.98913
4.98819
4.98581
4.98231
4.97784
4.97309
4.96816
4.96455
4.96247
4.96198
4.96264
4.96709
5.09972
5.09945
5.09784
5.09711
5.09688
5.09708
5.09721
5.09735
5.0965
5.09442
5.09067
5.08603
5.08028
5.07567
5.07303
5.07414
5.07824
5.08314
5.08488
5.08108
5.24621
5.25365
5.25409
5.25111
5.24476
5.23652
5.22827
5.2216
5.21672
5.21321
5.21026
5.20753
5.20417
5.19949
5.19196
5.182
5.17027
5.16139
5.16214
5.16979
5.3756
5.38483
5.38399
5.37483
5.36266
5.35151
5.34349
5.33832
5.33526
5.33407
5.33453
5.33701
5.34041
5.34516
5.34949
5.35178
5.35164
5.35011
5.34789
5.34301
5.45357
5.44127
5.43564
5.43598
5.43895
5.44327
5.44723
5.44992
5.45153
5.45382
5.45785
5.46469
5.47497
5.48899
5.50542
5.52302
5.53741
5.54521
5.54212
5.52471
5.58431
5.58183
5.58125
5.57911
5.57615
5.5713
5.56583
5.56173
5.55999
5.56126
5.5657
5.57432
5.58596
5.60153
5.61915
5.63671
5.65126
5.65896
5.65743
5.64768
5.683
5.6873
5.68752
5.67997
5.66987
5.66001
5.65262
5.64848
5.64757
5.64897
5.65233
5.65709
5.66422
5.6734
5.68419
5.69721
5.71078
5.72153
5.72417
5.72338
5.71715
5.70336
5.69872
5.70103
5.7072
5.7147
5.7213
5.72538
5.72774
5.72914
5.73023
5.73115
5.73085
5.72979
5.72785
5.72615
5.7271
5.73127
5.73655
5.74493
5.80379
5.79734
5.79413
5.79449
5.79827
5.80339
5.808
5.81115
5.81285
5.81304
5.81248
5.80935
5.80432
5.79515
5.78222
5.76826
5.75639
5.74967
5.75153
5.76495
5.90622
5.90442
5.90242
5.90145
5.90083
5.90016
5.89972
5.89959
5.89936
5.89816
5.89599
5.89274
5.88735
5.87991
5.87056
5.85964
5.85066
5.84483
5.84281
5.8463
6.01722
6.02428
6.02593
6.02458
6.01925
6.01115
6.00249
5.99518
5.98994
5.98584
5.98246
5.97821
5.97415
5.9692
5.96426
5.95924
5.95372
5.9484
5.94431
5.94069
6.09595
6.10684
6.10961
6.10442
6.09563
6.08639
6.07904
6.07339
6.06936
6.0666
6.06466
6.06347
6.06186
6.06135
6.06197
6.06269
6.06361
6.06225
6.05693
6.04614
6.1111
6.09978
6.09856
6.10549
6.11537
6.12636
6.13548
6.14126
6.14405
6.14506
6.1451
6.14386
6.14338
6.14309
6.14354
6.14627
6.15059
6.15354
6.14915
6.13667
6.17973
6.17493
6.17614
6.18182
6.19085
6.20107
6.21053
6.21806
6.22319
6.22619
6.22805
6.22962
6.22935
6.227
6.22125
6.21123
6.19977
6.18914
6.18465
6.1873
6.27092
6.27428
6.2768
6.2815
6.28652
6.29203
6.29769
6.30328
6.30817
6.31165
6.31465
6.31637
6.31965
6.3229
6.32613
6.32798
6.3265
6.3224
6.31481
6.3026
6.38851
6.40314
6.41141
6.41597
6.41552
6.4111
6.40585
6.40148
6.39889
6.39755
6.39698
6.39769
6.39925
6.40406
6.41229
6.42213
6.43118
6.43544
6.42855
6.40533
6.48721
6.51142
6.52491
6.5267
6.5198
6.5082
6.49705
6.48842
6.48285
6.47888
6.47615
6.47251
6.46929
6.46449
6.45934
6.45463
6.45059
6.44758
6.44547
6.43923
6.50023
6.50319
6.51019
6.51669
6.52257
6.52848
6.53474
6.54029
6.54484
6.54781
6.54952
6.54989
6.54754
6.5416
6.5315
6.51664
6.50075
6.48743
6.48266
6.48748
6.5302
6.5204
6.52531
6.53915
6.55662
6.57587
6.59303
6.60701
6.61742
6.62464
6.62975
6.63244
6.63541
6.63733
6.6389
6.63847
6.63397
6.62609
6.61526
6.60696
6.64049
6.64817
6.6625
6.67549
6.6848
6.69059
6.69428
6.69755
6.70065
6.70352
6.70557
6.70789
6.70975
6.71372
6.72028
6.72779
6.73303
6.73286
6.72247
6.70512
6.73716
6.75831
6.77741
6.78705
6.78883
6.7854
6.78113
6.77831
6.77713
6.77627
6.77455
6.77062
6.76534
6.75789
6.75011
6.74239
6.73442
6.72719
6.72202
6.71995
6.75614
6.763
6.77416
6.78746
6.80125
6.81437
6.82607
6.8351
6.8413
6.84399
6.84294
6.83788
6.82777
6.81269
6.79381
6.77246
6.75167
6.73505
6.72893
6.7388
6.80322
6.79594
6.80314
6.82255
6.84777
6.87439
6.89698
6.91373
6.92445
6.92981
6.9302
6.92555
6.91719
6.90442
6.88903
6.8718
6.85444
6.83954
6.82923
6.83066
6.94184
6.94261
6.95482
6.97041
6.98677
7.00171
7.01375
7.0233
7.03012
7.03381
7.03365
7.03031
7.02408
7.01605
7.00652
6.99546
6.98252
6.96934
6.95893
6.95812
7.09398
7.09467
7.10262
7.1084
7.11511
7.12361
7.13344
7.14338
7.15159
7.15705
7.15896
7.15798
7.15506
7.15136
7.1485
7.14596
7.14215
7.13668
7.12937
7.12758
7.24889
7.22801
7.22289
7.22911
7.24294
7.26139
7.27979
7.29462
7.3045
7.30993
7.31103
7.30923
7.30535
7.30153
7.29959
7.30116
7.30424
7.30784
7.30679
7.30728
7.53653
7.52172
7.51053
7.50068
7.49606
7.49527
7.49652
7.4986
7.50011
7.50035
7.4984
7.49449
7.48747
7.47798
7.46765
7.45829
7.45103
7.44791
7.45383
7.47573
7.8868
7.87394
7.85379
7.82327
7.79428
7.77003
7.75221
7.74038
7.73294
7.72777
7.72351
7.71949
7.71554
7.71154
7.70887
7.70936
7.7129
7.72074
7.73207
7.75418
8.23847
8.21154
8.18057
8.14026
8.10126
8.06676
8.03866
8.01663
8.00062
7.99015
7.98454
7.98468
7.98899
7.99866
8.0128
8.03
8.04944
8.06937
8.08758
8.11188
8.59226
8.55991
8.52286
8.47127
8.41697
8.36763
8.32769
8.29745
8.27743
8.26734
8.267
8.27689
8.29737
8.32825
8.36745
8.41299
8.45765
8.49648
8.52365
8.54743
8.90821
8.86423
8.81921
8.75773
8.69331
8.63624
8.59317
8.5633
8.54633
8.54273
8.55259
8.57874
8.61886
8.67477
8.7436
8.81947
8.89182
8.95086
8.98483
9.00721
9.20287
9.14884
9.09861
9.03265
8.96405
8.903
8.85616
8.82327
8.80519
8.80322
8.81867
8.85331
8.90714
8.97886
9.06416
9.15705
9.24295
9.30915
9.34601
9.37987
9.49963
9.45792
9.41599
9.3407
9.25314
9.17018
9.10345
9.05444
9.0251
9.0167
9.02897
9.06436
9.1186
9.19255
9.28201
9.37967
9.47344
9.54516
9.58215
9.62213
9.67002
9.63779
9.61664
9.55007
9.45667
9.35937
9.27726
9.21469
9.17472
9.15717
9.16202
9.1883
9.23449
9.29734
9.3729
9.45589
9.53331
9.58989
9.6165
9.66782
9.58886
9.54996
9.56438
9.53824
9.47313
9.38935
9.3116
9.24853
9.20475
9.18161
9.17835
9.19639
9.2287
9.27268
9.322
9.36883
9.40824
9.42765
9.42861
9.4943
9.20986
9.15705
9.21699
9.24709
9.23393
9.19438
9.14873
9.10547
9.07184
9.05071
9.04268
9.0465
9.06023
9.07731
9.09239
9.09922
9.09132
9.06192
9.0223
9.09534
8.48922
8.38707
8.49823
8.61195
8.68736
8.73013
8.75208
8.75779
8.75348
8.74617
8.73618
8.72639
8.71062
8.68586
8.6487
8.59008
8.50524
8.39742
8.30861
8.42058
7.57177
7.36761
7.51243
7.72812
7.91944
8.06759
8.17203
8.23909
8.27546
8.28852
8.28158
8.25333
8.20399
8.12507
8.0167
7.87342
7.69429
7.4984
7.36859
7.56636
6.83895
6.48861
6.62995
6.90021
7.16001
7.37249
7.53086
7.6396
7.70413
7.73333
7.7286
7.69237
7.61991
7.50577
7.34634
7.1336
6.88071
6.62005
6.48732
6.84253
6.74466
6.17992
6.27231
6.52248
6.75432
6.93682
7.0719
7.16866
7.22882
7.25651
7.25412
7.21974
7.15606
7.05481
6.91448
6.72555
6.49496
6.25455
6.17306
6.74824
7.69039
6.90171
6.90081
6.9973
7.06321
7.10335
7.13482
7.16287
7.18246
7.18996
7.18568
7.16829
7.13959
7.10536
7.06483
7.02346
6.95971
6.88157
6.89517
7.69118
9.76263
8.4191
8.23154
8.11805
7.99502
7.89847
7.84187
7.81452
7.80259
7.79335
7.7898
7.78433
7.78559
7.80831
7.85499
7.95564
8.08515
8.20843
8.39304
9.70986
13.2721
8.63074
8.42887
8.43878
8.31505
8.22655
8.18358
8.16185
8.14947
8.14146
8.13813
8.13654
8.14238
8.16048
8.2044
8.2964
8.42767
8.42215
8.61275
13.2261
)
;

boundaryField
{
    fixedWalls_1
    {
        type            zeroGradient;
    }
    frontAndBack_1
    {
        type            empty;
    }
    inlet_1
    {
        type            zeroGradient;
    }
    outlet_1
    {
        type            fixedValue;
        value           uniform 0;
    }
    fixedWalls_2
    {
        type            zeroGradient;
    }
    frontAndBack_2
    {
        type            empty;
    }
    inlet_2
    {
        type            zeroGradient;
    }
    outlet_2
    {
        type            fixedValue;
        value           uniform 0;
    }
    fixedWalls_3
    {
        type            zeroGradient;
    }
    frontAndBack_3
    {
        type            empty;
    }
    inlet_3
    {
        type            zeroGradient;
    }
    outlet_3
    {
        type            fixedValue;
        value           uniform 0;
    }
    fixedWalls_4
    {
        type            zeroGradient;
    }
    frontAndBack_4
    {
        type            empty;
    }
    inlet_4
    {
        type            zeroGradient;
    }
    outlet_4
    {
        type            fixedValue;
        value           uniform 0;
    }
    fixedWalls_5
    {
        type            zeroGradient;
    }
    frontAndBack_5
    {
        type            empty;
    }
    inlet_5
    {
        type            zeroGradient;
    }
    outlet_5
    {
        type            fixedValue;
        value           uniform 0;
    }
}


// ************************************************************************* //
