/*--------------------------------*- C++ -*----------------------------------*\
  =========                 |
  \\      /  F ield         | OpenFOAM: The Open Source CFD Toolbox
   \\    /   O peration     | Website:  https://openfoam.org
    \\  /    A nd           | Version:  6
     \\/     M anipulation  |
\*---------------------------------------------------------------------------*/
FoamFile
{
    version     2.0;
    format      ascii;
    class       volScalarField;
    location    "1";
    object      k;
}
// * * * * * * * * * * * * * * * * * * * * * * * * * * * * * * * * * * * * * //

dimensions      [0 2 -2 0 0 0 0];

internalField   nonuniform List<scalar> 
10000
(
0.930763
1.28316
0.763388
0.534495
0.439748
0.402109
0.387646
0.382264
0.38041
0.380022
0.38054
0.382217
0.386221
0.395354
0.415956
0.462048
0.564391
0.790067
1.28424
0.865915
0.728781
1.01259
0.64281
0.480244
0.414495
0.389242
0.379898
0.37657
0.37549
0.375341
0.375794
0.3771
0.380129
0.386952
0.402163
0.435783
0.50948
0.669484
1.01343
0.677368
0.76894
1.06197
0.664019
0.489409
0.418459
0.390941
0.380604
0.376835
0.375567
0.375337
0.375782
0.377127
0.380293
0.387453
0.403492
0.439199
0.518121
0.69104
1.06572
0.718386
0.76107
1.04365
0.655814
0.48527
0.415951
0.389099
0.379044
0.375403
0.374189
0.373986
0.374428
0.375755
0.378862
0.385891
0.401634
0.436629
0.513825
0.682541
1.04717
0.706266
0.771942
1.04495
0.656689
0.485779
0.416244
0.389285
0.379181
0.375515
0.374295
0.374084
0.374527
0.375847
0.378951
0.385971
0.40169
0.436634
0.513676
0.681892
1.04484
0.706477
0.805074
1.0593
0.661284
0.487224
0.416682
0.389406
0.379204
0.375512
0.37428
0.37407
0.374509
0.375832
0.37893
0.385938
0.401632
0.436512
0.513417
0.681321
1.0435
0.705825
0.749385
1.038
0.653829
0.484596
0.41575
0.389074
0.379086
0.375467
0.374267
0.374062
0.374509
0.375827
0.378923
0.385922
0.401591
0.436419
0.513204
0.680874
1.04264
0.705481
0.757023
1.03917
0.654195
0.484707
0.415782
0.389079
0.379082
0.375463
0.374257
0.374057
0.3745
0.375824
0.378922
0.385923
0.401592
0.436395
0.513097
0.680532
1.04184
0.705248
0.760113
1.03803
0.653915
0.484662
0.415788
0.38909
0.379089
0.375464
0.37426
0.374055
0.374501
0.375822
0.378924
0.385935
0.401624
0.436477
0.513282
0.680905
1.04239
0.70547
0.772189
1.0404
0.654786
0.485004
0.415923
0.38914
0.379104
0.375466
0.374253
0.37405
0.374492
0.375817
0.378919
0.38593
0.401618
0.436452
0.513185
0.680601
1.0417
0.70525
0.8086
1.05656
0.660376
0.48691
0.416564
0.389352
0.379172
0.375486
0.37426
0.374048
0.374492
0.375812
0.378915
0.385932
0.401639
0.436536
0.513419
0.681125
1.04252
0.705575
0.765046
1.03879
0.654005
0.48465
0.415766
0.38907
0.379069
0.375447
0.37424
0.374038
0.37448
0.375802
0.378899
0.385901
0.401581
0.43642
0.513206
0.680776
1.04203
0.705282
0.803542
1.05735
0.660616
0.486988
0.416588
0.389356
0.379169
0.375479
0.374252
0.374038
0.37448
0.375798
0.378892
0.385887
0.401544
0.436336
0.513027
0.68044
1.04153
0.705054
0.749135
1.03659
0.653363
0.484477
0.415724
0.389059
0.379064
0.375441
0.374233
0.374031
0.374472
0.375795
0.37889
0.385886
0.401541
0.43631
0.512921
0.680123
1.04083
0.704858
0.757216
1.03968
0.654901
0.485165
0.416011
0.389173
0.379107
0.375455
0.374239
0.37403
0.374474
0.375794
0.378893
0.385898
0.40157
0.436384
0.513093
0.680482
1.04139
0.705076
0.759458
1.03806
0.654117
0.484782
0.41583
0.389089
0.379067
0.375437
0.374226
0.374024
0.374467
0.375791
0.378891
0.385894
0.401562
0.436349
0.512972
0.680136
1.04063
0.704827
0.769848
1.03993
0.654547
0.484896
0.415869
0.389106
0.379076
0.375439
0.37423
0.374023
0.374469
0.375791
0.378893
0.385903
0.401589
0.436429
0.513179
0.680591
1.04134
0.705106
0.803526
1.05607
0.660117
0.486801
0.416513
0.38932
0.379145
0.375461
0.374232
0.374024
0.374465
0.375789
0.378888
0.385891
0.401557
0.436343
0.512978
0.680189
1.0407
0.704791
0.749557
1.0349
0.652727
0.484244
0.415636
0.389022
0.379045
0.375426
0.374223
0.37402
0.374467
0.375791
0.378893
0.385902
0.401574
0.436361
0.512956
0.679998
1.04013
0.704691
0.760051
1.03773
0.654116
0.484843
0.415876
0.389113
0.379077
0.375438
0.374224
0.374021
0.374464
0.375791
0.378896
0.385913
0.401609
0.436459
0.513201
0.680519
1.0409
0.705003
0.769464
1.03908
0.654255
0.4848
0.415837
0.389093
0.37907
0.375435
0.374227
0.374021
0.374467
0.375791
0.378892
0.385898
0.40157
0.436371
0.513023
0.680201
1.04041
0.704734
0.803192
1.05532
0.659906
0.486753
0.416507
0.389322
0.379147
0.375462
0.374233
0.374026
0.374468
0.375794
0.378895
0.385901
0.401565
0.436336
0.512912
0.679943
1.03995
0.704562
0.749595
1.03442
0.65269
0.48429
0.415677
0.389046
0.379058
0.375434
0.374229
0.374025
0.374473
0.3758
0.378906
0.385921
0.401595
0.436373
0.512914
0.679779
1.03941
0.704473
0.760227
1.03767
0.654379
0.485068
0.416011
0.389183
0.379112
0.375456
0.374235
0.37403
0.374474
0.375804
0.378915
0.385943
0.401652
0.436509
0.51322
0.680382
1.04028
0.70485
0.769622
1.03963
0.65483
0.485139
0.416006
0.389172
0.379107
0.375454
0.374238
0.374031
0.374478
0.375805
0.378914
0.385936
0.401634
0.436469
0.513134
0.68021
1.03996
0.704685
0.802865
1.05533
0.660074
0.486901
0.416602
0.389376
0.379177
0.37548
0.374246
0.374037
0.374478
0.375806
0.378914
0.385934
0.40163
0.436459
0.513114
0.680157
1.03981
0.704642
0.74838
1.0354
0.65324
0.484564
0.415806
0.389107
0.379089
0.375452
0.374241
0.374035
0.374481
0.375807
0.378912
0.385928
0.401616
0.436433
0.513067
0.680073
1.03963
0.704566
0.755023
1.03788
0.654199
0.484926
0.415939
0.389156
0.379107
0.375461
0.374244
0.37404
0.374483
0.375807
0.378909
0.385917
0.401592
0.436388
0.512991
0.679949
1.03942
0.704465
0.754022
1.03703
0.653728
0.484685
0.415827
0.389108
0.37909
0.375456
0.374248
0.374042
0.374487
0.37581
0.378907
0.385906
0.401561
0.43632
0.512865
0.679746
1.03913
0.704312
0.753954
1.03641
0.653419
0.484578
0.415802
0.389108
0.379096
0.375464
0.374252
0.374049
0.374492
0.375814
0.37891
0.385901
0.401538
0.436254
0.512709
0.679446
1.03868
0.704108
0.75423
1.03708
0.653859
0.484785
0.415889
0.389145
0.379113
0.375472
0.374261
0.374055
0.3745
0.375824
0.378921
0.385916
0.401553
0.436251
0.512641
0.679194
1.0381
0.703971
0.754045
1.03642
0.653505
0.484647
0.415846
0.389137
0.379116
0.37548
0.374267
0.374064
0.374508
0.375832
0.378935
0.38594
0.401601
0.436357
0.512863
0.679637
1.03881
0.704261
0.754408
1.03732
0.654099
0.484947
0.415982
0.389196
0.379144
0.375493
0.374278
0.37407
0.374516
0.375842
0.378944
0.385951
0.401613
0.436354
0.512804
0.679404
1.03826
0.704109
0.754158
1.03682
0.653727
0.484723
0.415867
0.389145
0.379125
0.375491
0.374281
0.374078
0.374523
0.375846
0.378952
0.385965
0.40165
0.436464
0.51308
0.680004
1.03923
0.704503
0.754163
1.03645
0.653578
0.484708
0.415892
0.389173
0.379146
0.375505
0.374293
0.374085
0.37453
0.375853
0.378951
0.385951
0.401611
0.436372
0.512911
0.679745
1.03893
0.704292
0.754573
1.0375
0.654259
0.485054
0.416051
0.389244
0.37918
0.375525
0.374305
0.374098
0.37454
0.375858
0.378955
0.385947
0.401587
0.436312
0.512777
0.679506
1.03864
0.704151
0.754362
1.03723
0.654018
0.484906
0.415976
0.389211
0.379169
0.375524
0.374311
0.374103
0.374548
0.375871
0.378967
0.385961
0.401599
0.436304
0.512709
0.679286
1.03819
0.704046
0.754232
1.03696
0.653792
0.484769
0.415909
0.389185
0.379164
0.37553
0.374319
0.374116
0.37456
0.37588
0.378981
0.38598
0.401636
0.436391
0.51291
0.679729
1.03899
0.704349
0.754174
1.03655
0.653553
0.484684
0.415891
0.389189
0.379174
0.375539
0.374329
0.374122
0.374568
0.375893
0.378991
0.385991
0.401641
0.436364
0.512805
0.679448
1.03849
0.704177
0.754547
1.03747
0.654082
0.484922
0.41599
0.389233
0.379197
0.375556
0.374342
0.374137
0.374581
0.375902
0.379006
0.386013
0.401684
0.436469
0.513042
0.679955
1.03939
0.704537
0.754451
1.03706
0.653816
0.484811
0.415957
0.389229
0.379203
0.375563
0.374351
0.374143
0.374588
0.375914
0.379014
0.386021
0.401689
0.436452
0.51297
0.679748
1.03901
0.704417
0.754882
1.03821
0.654488
0.485135
0.416101
0.389294
0.379235
0.375584
0.374366
0.374159
0.374602
0.375921
0.379025
0.386033
0.401715
0.436537
0.513205
0.680318
1.04008
0.70481
0.754681
1.03792
0.654161
0.484911
0.415979
0.389237
0.379213
0.375577
0.374369
0.374162
0.374607
0.375932
0.379029
0.386029
0.401687
0.436443
0.512999
0.67998
1.03977
0.704578
0.754705
1.03768
0.653996
0.48486
0.415978
0.389251
0.37923
0.375595
0.374383
0.374178
0.374623
0.375942
0.379047
0.386051
0.401711
0.436462
0.512959
0.679786
1.03943
0.704528
0.755162
1.03874
0.654576
0.485109
0.416075
0.389288
0.379246
0.375602
0.37439
0.374182
0.374628
0.375958
0.379067
0.386093
0.401801
0.436637
0.513291
0.680341
1.04021
0.704958
0.755225
1.03846
0.654385
0.485035
0.41606
0.389295
0.379259
0.375617
0.374403
0.374197
0.37464
0.375962
0.379075
0.386105
0.401834
0.436748
0.513591
0.681041
1.0415
0.705408
0.756055
1.03968
0.655154
0.485418
0.416232
0.389369
0.379291
0.37563
0.374411
0.374199
0.374642
0.375968
0.379072
0.386093
0.401802
0.436672
0.513461
0.680891
1.0415
0.705302
0.757012
1.03937
0.654977
0.48532
0.416184
0.389351
0.379288
0.375637
0.374419
0.374211
0.374652
0.375971
0.379077
0.38609
0.401784
0.436629
0.513371
0.680763
1.04151
0.705262
0.760505
1.03914
0.65488
0.485271
0.416159
0.389339
0.379283
0.375634
0.374419
0.374209
0.374653
0.37598
0.379086
0.386106
0.401807
0.436646
0.513356
0.680663
1.04136
0.705262
0.771037
1.04193
0.655591
0.485409
0.416168
0.389331
0.37928
0.375638
0.374424
0.374219
0.374662
0.375985
0.379099
0.38613
0.401859
0.43677
0.513633
0.681256
1.04248
0.705689
0.804673
1.05785
0.660852
0.487179
0.416775
0.389543
0.379355
0.375663
0.374433
0.374218
0.374661
0.37599
0.379103
0.386141
0.401878
0.43679
0.513631
0.681173
1.04233
0.70567
0.750184
1.0394
0.654869
0.48524
0.416147
0.389341
0.379291
0.375646
0.374429
0.374222
0.374663
0.375989
0.379107
0.386154
0.401924
0.436927
0.513977
0.681938
1.04371
0.706207
0.756999
1.04232
0.655895
0.485574
0.416245
0.389364
0.379293
0.37564
0.374424
0.374213
0.374655
0.375983
0.379095
0.386135
0.40189
0.436868
0.513892
0.681871
1.04382
0.70615
0.756182
1.04204
0.655633
0.485405
0.416156
0.389322
0.379274
0.375634
0.374419
0.374213
0.374653
0.375977
0.379088
0.38612
0.401865
0.436826
0.513838
0.681849
1.044
0.706168
0.756268
1.04196
0.655531
0.485374
0.416154
0.389325
0.379274
0.375629
0.374414
0.374204
0.374645
0.375971
0.37908
0.386113
0.401849
0.43679
0.513759
0.681731
1.04401
0.706121
0.756637
1.04317
0.656182
0.485662
0.416266
0.389363
0.379283
0.37563
0.374408
0.374201
0.374639
0.375966
0.379078
0.386117
0.401866
0.436821
0.513788
0.681701
1.0439
0.706164
0.756324
1.04282
0.655762
0.485369
0.416097
0.389274
0.379236
0.375602
0.374392
0.374185
0.374627
0.375954
0.379069
0.38612
0.401897
0.436935
0.514097
0.682402
1.04516
0.706638
0.756203
1.04237
0.655401
0.485179
0.416011
0.389236
0.379217
0.375592
0.37438
0.374177
0.374614
0.375941
0.379049
0.386088
0.401848
0.436852
0.513975
0.682265
1.04514
0.706525
0.756524
1.04295
0.655773
0.485391
0.416115
0.38928
0.37923
0.375589
0.374374
0.374164
0.374603
0.375925
0.379029
0.386062
0.401802
0.436785
0.513876
0.682163
1.04515
0.706476
0.756835
1.04392
0.656266
0.485574
0.416167
0.389285
0.37922
0.375578
0.374358
0.374154
0.374588
0.375915
0.379016
0.386042
0.401771
0.436715
0.513741
0.681946
1.04496
0.70635
0.756681
1.04347
0.655962
0.485439
0.416112
0.389263
0.379208
0.375566
0.37435
0.374141
0.374579
0.375901
0.379004
0.386034
0.40176
0.436704
0.513696
0.681788
1.04463
0.706291
0.757068
1.04455
0.65659
0.485728
0.416225
0.389297
0.37921
0.375559
0.374334
0.37413
0.374562
0.375893
0.378996
0.386031
0.401781
0.436776
0.513911
0.682312
1.04559
0.706636
0.756816
1.04414
0.65623
0.485494
0.416094
0.38923
0.379175
0.375538
0.374324
0.374118
0.374556
0.375876
0.378978
0.386006
0.401727
0.436678
0.513715
0.681971
1.04517
0.706391
0.756829
1.04382
0.656086
0.485464
0.416098
0.389233
0.379171
0.375531
0.374309
0.374107
0.374539
0.375872
0.378972
0.386004
0.401737
0.436684
0.513694
0.681833
1.0448
0.706353
0.757259
1.04495
0.656802
0.485822
0.416255
0.389297
0.379195
0.375535
0.374311
0.374102
0.374538
0.375858
0.378961
0.385997
0.401743
0.436759
0.51393
0.682393
1.04577
0.706715
0.757088
1.04474
0.656631
0.485713
0.416191
0.389259
0.379169
0.375518
0.374292
0.374089
0.37452
0.375851
0.378943
0.385965
0.401686
0.436638
0.513721
0.682082
1.04541
0.706474
0.756996
1.04465
0.656583
0.485697
0.416189
0.389261
0.379172
0.375519
0.374298
0.37409
0.374525
0.375841
0.378933
0.385943
0.401633
0.436545
0.513543
0.681782
1.04503
0.706296
0.756809
1.0444
0.656392
0.485583
0.416124
0.389222
0.379146
0.375504
0.374281
0.37408
0.374512
0.375843
0.37893
0.38594
0.401629
0.436506
0.51343
0.681493
1.04446
0.706145
0.756565
1.04393
0.656044
0.485377
0.416019
0.389176
0.37913
0.375499
0.374288
0.374086
0.374525
0.375841
0.378934
0.385944
0.401635
0.436555
0.513576
0.681856
1.04513
0.706393
0.756411
1.04323
0.655623
0.485177
0.415934
0.38914
0.379112
0.37549
0.374278
0.374081
0.374516
0.375847
0.378934
0.385941
0.401621
0.436487
0.513401
0.681465
1.04445
0.706146
0.756801
1.04376
0.656074
0.485473
0.416101
0.38923
0.379162
0.375518
0.374301
0.374097
0.374537
0.375854
0.378948
0.385956
0.401642
0.436548
0.513553
0.681827
1.04513
0.70641
0.757167
1.04481
0.65672
0.485775
0.416224
0.389273
0.379173
0.37552
0.374297
0.374096
0.374533
0.375866
0.378959
0.385972
0.401656
0.436519
0.513412
0.681437
1.04444
0.706181
0.756961
1.04453
0.656483
0.485637
0.416158
0.389249
0.379172
0.375527
0.374313
0.374111
0.374555
0.375879
0.378984
0.386012
0.401733
0.436686
0.513727
0.68194
1.04504
0.706584
0.756823
1.04423
0.656238
0.485482
0.416075
0.389207
0.379151
0.375518
0.374306
0.374109
0.374552
0.375887
0.378991
0.38603
0.40178
0.436798
0.514015
0.682594
1.04618
0.706999
0.756789
1.04384
0.656016
0.485411
0.416068
0.38922
0.37917
0.375535
0.374326
0.374125
0.374572
0.375895
0.378998
0.386022
0.401748
0.436728
0.513889
0.682417
1.04606
0.706876
0.757181
1.04476
0.656547
0.485641
0.416155
0.389249
0.379178
0.375537
0.374325
0.374127
0.374572
0.375903
0.379005
0.386031
0.401752
0.436711
0.51383
0.682308
1.046
0.706849
0.75716
1.04443
0.656342
0.485568
0.416144
0.389259
0.379194
0.375553
0.374343
0.374141
0.37459
0.375916
0.379023
0.386051
0.401782
0.436753
0.51387
0.68228
1.04585
0.706896
0.757692
1.04572
0.657134
0.485957
0.416316
0.38933
0.379223
0.375565
0.374347
0.374145
0.374592
0.37592
0.37903
0.386069
0.401829
0.436879
0.514186
0.682987
1.04711
0.707382
0.757637
1.04576
0.657071
0.4859
0.416285
0.38932
0.379224
0.375571
0.374357
0.374154
0.374602
0.375928
0.379033
0.386059
0.401798
0.436808
0.514064
0.682838
1.04708
0.707273
0.757651
1.04592
0.657109
0.485908
0.416287
0.38932
0.379225
0.375572
0.374359
0.374156
0.374604
0.375928
0.379034
0.386058
0.401787
0.436778
0.513993
0.68273
1.04708
0.707241
0.757607
1.04599
0.65706
0.485858
0.416257
0.389306
0.379221
0.375573
0.374363
0.374159
0.374608
0.375937
0.379043
0.38607
0.401807
0.436798
0.513998
0.682664
1.04694
0.707251
0.757491
1.04587
0.656872
0.485722
0.416181
0.389269
0.379205
0.375566
0.37436
0.374159
0.374609
0.375931
0.379041
0.386074
0.401831
0.436889
0.514251
0.683273
1.0481
0.707653
0.757465
1.04562
0.656718
0.485674
0.416176
0.389272
0.379207
0.375565
0.374356
0.374152
0.374599
0.375928
0.379031
0.386055
0.401794
0.436798
0.514068
0.682978
1.04784
0.707427
0.757799
1.04671
0.657341
0.485958
0.416288
0.38931
0.379216
0.375562
0.37435
0.374143
0.374591
0.375909
0.379017
0.38604
0.401777
0.436784
0.514022
0.682825
1.04755
0.70735
0.757471
1.04628
0.656945
0.485692
0.416134
0.389223
0.379164
0.375526
0.374319
0.374114
0.37456
0.375887
0.378991
0.38602
0.401775
0.436822
0.514187
0.683279
1.04844
0.707592
0.757309
1.04584
0.656725
0.485624
0.416117
0.389214
0.379152
0.375507
0.374297
0.374088
0.374531
0.375843
0.378944
0.385955
0.401673
0.436655
0.513882
0.682766
1.04778
0.707151
0.757432
1.04665
0.657259
0.485874
0.416205
0.389223
0.379127
0.375467
0.374249
0.374035
0.374473
0.375794
0.378888
0.385899
0.401609
0.436553
0.513679
0.682321
1.04692
0.706783
0.756764
1.04589
0.656815
0.485635
0.416075
0.389143
0.379069
0.375417
0.3742
0.373985
0.37442
0.375728
0.378819
0.385817
0.401519
0.43647
0.513632
0.682376
1.04704
0.706624
0.755836
1.04481
0.656274
0.485374
0.415936
0.389051
0.378994
0.375345
0.374127
0.37391
0.374337
0.375645
0.378719
0.385694
0.401332
0.436151
0.513045
0.681313
1.04529
0.705616
0.754327
1.04304
0.655391
0.484964
0.415742
0.388947
0.378925
0.375288
0.374071
0.37385
0.37427
0.375563
0.378617
0.385549
0.401125
0.435812
0.512428
0.680099
1.04293
0.704447
0.751769
1.04003
0.653918
0.484297
0.415447
0.388812
0.378853
0.375239
0.374025
0.373801
0.374206
0.375475
0.378487
0.385356
0.40082
0.435358
0.511748
0.679052
1.04099
0.703071
0.747562
1.03534
0.651806
0.483513
0.415227
0.388807
0.378918
0.375325
0.374104
0.373871
0.374247
0.375476
0.378392
0.385093
0.400278
0.43434
0.509984
0.676129
1.03622
0.699861
0.740113
1.02885
0.649037
0.482606
0.415121
0.389016
0.379236
0.375675
0.374455
0.374206
0.374541
0.375681
0.378437
0.384842
0.399481
0.432667
0.506918
0.671015
1.02815
0.693908
0.724954
1.01436
0.642199
0.480232
0.414831
0.389591
0.380125
0.376668
0.375457
0.375194
0.375462
0.376495
0.378975
0.384854
0.398496
0.4299
0.501257
0.661003
1.01214
0.681873
0.696482
0.985174
0.628589
0.475887
0.414778
0.39127
0.382413
0.379129
0.377941
0.377637
0.377832
0.378671
0.380779
0.385829
0.397779
0.425943
0.491552
0.642028
0.979953
0.658575
0.646196
0.925442
0.60222
0.468495
0.41593
0.39577
0.388046
0.385072
0.383906
0.383554
0.383649
0.384316
0.385975
0.389953
0.399466
0.422359
0.477551
0.609312
0.917924
0.616823
0.567955
0.81199
0.558182
0.459468
0.421735
0.407201
0.401392
0.398964
0.397897
0.397498
0.397515
0.397981
0.399204
0.402008
0.408538
0.424272
0.463138
0.56067
0.80532
0.549854
0.470183
0.632593
0.502338
0.455477
0.437291
0.429819
0.426468
0.424856
0.424028
0.423687
0.423669
0.424044
0.424893
0.426683
0.430326
0.438404
0.457283
0.504288
0.628729
0.461857
0.392233
0.457097
0.4115
0.398684
0.395467
0.395388
0.396113
0.39687
0.39743
0.397725
0.397774
0.397526
0.397023
0.39631
0.3956
0.395685
0.398893
0.411739
0.456595
0.389625
0.370159
0.39912
0.397504
0.392226
0.389031
0.38716
0.385973
0.385187
0.384694
0.384434
0.384397
0.384565
0.384967
0.385634
0.386671
0.38831
0.391141
0.395831
0.397365
0.369296
1.67784
3.27514
1.44564
0.748289
0.505666
0.425815
0.400539
0.392806
0.390574
0.39011
0.390504
0.392087
0.396719
0.409715
0.445612
0.543255
0.804326
1.48866
3.24396
1.59232
0.797669
1.86345
0.807638
0.485641
0.399468
0.379091
0.375044
0.374518
0.374578
0.374692
0.374837
0.375202
0.376291
0.379701
0.39036
0.423533
0.526695
0.847933
1.85522
0.7602
1.0933
2.20076
0.975614
0.562272
0.432754
0.393605
0.381946
0.378476
0.377457
0.377213
0.37736
0.378026
0.38003
0.385811
0.402523
0.450967
0.591496
0.99857
2.17251
1.01638
1.10345
2.12576
0.931529
0.538434
0.419873
0.38605
0.376803
0.374378
0.373786
0.373714
0.373891
0.374505
0.376305
0.381569
0.396927
0.441705
0.572402
0.95458
2.07558
0.936464
1.27112
2.17094
0.949958
0.54663
0.423817
0.388159
0.378117
0.375346
0.374617
0.37448
0.374646
0.375258
0.3771
0.382468
0.398102
0.443624
0.576098
0.96156
2.08313
0.955223
0.901824
2.06186
0.918745
0.537364
0.420867
0.387096
0.377647
0.375078
0.374413
0.37431
0.374478
0.375099
0.376934
0.382286
0.397888
0.443316
0.575566
0.960379
2.07966
0.950236
0.989151
2.09876
0.93276
0.54231
0.422559
0.387678
0.377861
0.375167
0.374467
0.374342
0.374513
0.375124
0.37696
0.382307
0.397888
0.443263
0.575354
0.959771
2.07807
0.950761
0.970954
2.08818
0.928109
0.540426
0.421834
0.387405
0.377754
0.375122
0.374438
0.374327
0.374494
0.375115
0.376952
0.382304
0.397894
0.443253
0.575254
0.959335
2.07673
0.950252
0.980731
2.09126
0.929452
0.541006
0.422075
0.387501
0.377792
0.375134
0.374446
0.374326
0.374499
0.375113
0.376953
0.382311
0.397909
0.443288
0.575267
0.959096
2.07556
0.950176
0.993016
2.09316
0.929624
0.540924
0.422002
0.387458
0.377767
0.375121
0.374432
0.37432
0.374486
0.375109
0.37695
0.382315
0.397939
0.443377
0.575526
0.959756
2.07678
0.950501
1.02729
2.10132
0.931593
0.541415
0.422133
0.387497
0.377779
0.375122
0.374436
0.374316
0.374489
0.375104
0.376946
0.382313
0.397932
0.443364
0.575438
0.959334
2.07541
0.950246
1.11314
2.12568
0.937794
0.543044
0.422567
0.387609
0.377803
0.375125
0.374426
0.374312
0.374477
0.375099
0.376941
0.382312
0.397953
0.443453
0.575762
0.960269
2.07723
0.950748
1.26861
2.16334
0.947425
0.545466
0.42316
0.387749
0.377835
0.375129
0.37443
0.374308
0.374479
0.375095
0.376935
0.382298
0.397912
0.443349
0.575495
0.95966
2.07608
0.950328
0.900579
2.05791
0.917838
0.53719
0.420855
0.387108
0.377653
0.375077
0.374407
0.374301
0.374468
0.375091
0.376931
0.382295
0.397911
0.443341
0.575468
0.959566
2.07571
0.950287
0.986348
2.09223
0.930494
0.54161
0.422338
0.38759
0.377806
0.375121
0.374424
0.374301
0.374472
0.375089
0.376929
0.382292
0.397898
0.443299
0.575334
0.959211
2.07493
0.950053
0.966975
2.0839
0.927089
0.540231
0.421797
0.387383
0.377727
0.375093
0.374406
0.374296
0.374463
0.375086
0.376928
0.382294
0.397907
0.443298
0.575261
0.958867
2.07394
0.949868
0.971181
2.08469
0.927674
0.540597
0.421985
0.387469
0.377764
0.375105
0.374415
0.374295
0.374467
0.375085
0.376929
0.3823
0.397923
0.443349
0.575342
0.958809
2.07306
0.949857
0.970642
2.08582
0.928328
0.540812
0.42203
0.387467
0.377754
0.375099
0.374406
0.374294
0.37446
0.375083
0.376925
0.382296
0.397931
0.443402
0.575584
0.959585
2.07461
0.950232
0.97038
2.08452
0.927645
0.540526
0.421927
0.387436
0.377748
0.375097
0.37441
0.374292
0.374464
0.375082
0.376922
0.382284
0.397888
0.443283
0.575274
0.958878
2.07326
0.949762
0.970214
2.08378
0.927399
0.540463
0.421914
0.387432
0.377744
0.375097
0.374405
0.374293
0.37446
0.375082
0.376923
0.382284
0.397884
0.443254
0.575174
0.9586
2.07255
0.949611
0.969949
2.08251
0.926874
0.540277
0.421856
0.387417
0.377743
0.375096
0.374411
0.374293
0.374465
0.375085
0.376926
0.382287
0.397877
0.44321
0.574996
0.958055
2.07127
0.949285
0.96989
2.08134
0.926637
0.540299
0.421898
0.38744
0.377751
0.375101
0.374408
0.374296
0.374463
0.375087
0.37693
0.382296
0.397898
0.443239
0.574988
0.957774
2.07005
0.949156
0.970247
2.08248
0.92729
0.540532
0.421966
0.387459
0.377758
0.375102
0.374414
0.374296
0.374469
0.37509
0.376935
0.382307
0.39792
0.443303
0.575176
0.958285
2.07101
0.949407
0.969979
2.08096
0.926782
0.540414
0.421952
0.387463
0.377762
0.375107
0.374413
0.3743
0.374468
0.375093
0.376939
0.382311
0.397923
0.443275
0.575012
0.957654
2.06925
0.949034
0.970458
2.08268
0.927725
0.540768
0.422064
0.387496
0.377773
0.37511
0.37442
0.374301
0.374475
0.375098
0.376946
0.382326
0.397959
0.443378
0.575296
0.958355
2.07047
0.949429
0.969949
2.08127
0.926952
0.540428
0.421934
0.387451
0.377759
0.375109
0.374417
0.374306
0.374475
0.3751
0.37695
0.382329
0.397959
0.443353
0.575161
0.957828
2.06893
0.9491
0.969796
2.08057
0.926675
0.540348
0.421918
0.387452
0.377765
0.375112
0.374425
0.374308
0.374482
0.375107
0.376957
0.382342
0.397989
0.443443
0.575442
0.95862
2.07049
0.949533
0.969436
2.07917
0.926004
0.540082
0.421825
0.387423
0.377756
0.375114
0.374425
0.374314
0.374484
0.375109
0.376961
0.382344
0.397979
0.443379
0.575192
0.957882
2.06894
0.949071
0.969297
2.07776
0.925584
0.540021
0.421842
0.387444
0.377772
0.375121
0.374435
0.374317
0.374492
0.375117
0.37697
0.382362
0.398021
0.443476
0.575374
0.958034
2.06844
0.949227
0.969633
2.07836
0.926123
0.540291
0.421949
0.387482
0.377785
0.37513
0.374437
0.374325
0.374495
0.37512
0.376975
0.382366
0.398035
0.443544
0.575645
0.958886
2.07023
0.949641
0.969781
2.07932
0.926466
0.540344
0.421941
0.387474
0.377785
0.375132
0.374446
0.374328
0.374503
0.375129
0.376979
0.382365
0.398013
0.443456
0.575398
0.958322
2.06923
0.949273
0.969449
2.07769
0.925784
0.540146
0.421901
0.387475
0.377792
0.375142
0.374451
0.374339
0.374509
0.375133
0.376987
0.382374
0.398022
0.443464
0.575382
0.958233
2.06898
0.949247
0.969854
2.079
0.92643
0.54037
0.421968
0.387495
0.377802
0.375147
0.37446
0.374343
0.374517
0.375145
0.376997
0.382387
0.398038
0.443465
0.575317
0.957955
2.06831
0.949093
0.969556
2.07739
0.925748
0.540158
0.421921
0.387494
0.37781
0.375159
0.374468
0.374355
0.374526
0.375149
0.377006
0.3824
0.398064
0.443531
0.575434
0.958019
2.06787
0.949174
0.970225
2.07883
0.926773
0.540656
0.422125
0.387571
0.377841
0.375172
0.374479
0.37436
0.374534
0.375162
0.377015
0.38241
0.398086
0.4436
0.575703
0.9589
2.06988
0.949628
0.970599
2.08082
0.927573
0.540866
0.422161
0.387576
0.377845
0.375181
0.374487
0.374373
0.374544
0.375166
0.377021
0.382409
0.398061
0.443512
0.575446
0.958312
2.06901
0.949256
0.970388
2.08029
0.927192
0.540699
0.422109
0.387567
0.37785
0.375187
0.374497
0.374378
0.374552
0.37518
0.377033
0.382426
0.39809
0.443547
0.57547
0.958252
2.06882
0.949279
0.970514
2.08066
0.927378
0.540786
0.422149
0.387588
0.377864
0.375202
0.374508
0.374393
0.374564
0.375185
0.377043
0.382436
0.398107
0.443597
0.575566
0.958322
2.06857
0.949351
0.970501
2.08083
0.927355
0.540749
0.422132
0.387585
0.377869
0.375206
0.374517
0.374397
0.374571
0.375199
0.377051
0.382446
0.398127
0.443657
0.575828
0.95924
2.07083
0.949837
0.970483
2.08102
0.92733
0.540719
0.422123
0.38759
0.377879
0.375221
0.374528
0.374414
0.374585
0.375203
0.377058
0.382441
0.398092
0.443552
0.575542
0.958646
2.07015
0.949465
0.970421
2.08109
0.927189
0.540628
0.422086
0.38758
0.377881
0.375224
0.374536
0.374417
0.37459
0.375219
0.377069
0.382459
0.398118
0.44357
0.575526
0.958537
2.07008
0.949468
0.970352
2.08096
0.926993
0.540537
0.422061
0.387583
0.377892
0.37524
0.374549
0.374435
0.374606
0.375223
0.377081
0.382471
0.398137
0.443616
0.575588
0.958525
2.06986
0.949507
0.97046
2.08097
0.927058
0.540618
0.422113
0.387609
0.377907
0.375247
0.374557
0.374437
0.374609
0.375237
0.377089
0.382487
0.398175
0.443711
0.575887
0.959406
2.07201
0.950009
0.970915
2.08339
0.92796
0.540869
0.42217
0.387624
0.377917
0.375261
0.374569
0.374454
0.374624
0.375239
0.377096
0.382486
0.398163
0.443691
0.575817
0.959172
2.07157
0.949888
0.970553
2.0827
0.927296
0.540542
0.422048
0.387588
0.37791
0.37526
0.374574
0.374454
0.374625
0.375251
0.3771
0.382494
0.398184
0.443761
0.576122
0.96023
2.07427
0.950491
0.970746
2.08303
0.927515
0.540702
0.422138
0.387635
0.377936
0.375281
0.374588
0.374471
0.374639
0.375252
0.377104
0.382482
0.398136
0.443634
0.57581
0.959657
2.07388
0.950128
0.971135
2.08545
0.92831
0.540873
0.422151
0.387623
0.377929
0.375276
0.374589
0.374469
0.374639
0.375264
0.377109
0.382492
0.398149
0.443631
0.575767
0.959561
2.07407
0.950148
0.970731
2.08472
0.927553
0.540503
0.422016
0.387588
0.377928
0.375287
0.374599
0.374484
0.374651
0.375264
0.377116
0.382495
0.398153
0.443648
0.575781
0.959517
2.07405
0.950174
0.970909
2.08484
0.927634
0.5406
0.42208
0.387619
0.377941
0.375289
0.374602
0.37448
0.374648
0.375272
0.377117
0.382504
0.398177
0.443713
0.576017
0.960313
2.07628
0.950633
0.971483
2.08695
0.928621
0.540985
0.422214
0.387665
0.377959
0.375303
0.374609
0.374492
0.374657
0.37527
0.37712
0.382499
0.398161
0.443675
0.575887
0.959946
2.07577
0.950451
0.971869
2.08964
0.929473
0.54116
0.422223
0.387651
0.377949
0.375294
0.374606
0.374483
0.374651
0.375272
0.377117
0.382505
0.398188
0.443767
0.576204
0.960913
2.07824
0.951035
0.971583
2.08955
0.929008
0.540899
0.422121
0.38762
0.377943
0.375299
0.374608
0.374491
0.374654
0.375267
0.377113
0.38249
0.398159
0.443715
0.576087
0.960638
2.07792
0.950887
0.971646
2.09004
0.929043
0.540889
0.422115
0.387616
0.377938
0.37529
0.374603
0.37448
0.374645
0.375264
0.377103
0.382483
0.398157
0.443758
0.576352
0.961657
2.0807
0.951475
0.971766
2.09045
0.929205
0.540985
0.422162
0.387636
0.377945
0.375296
0.374601
0.374484
0.374643
0.375256
0.377094
0.382457
0.398094
0.443601
0.575991
0.961014
2.08029
0.951075
0.97226
2.09329
0.930261
0.541279
0.422219
0.387635
0.377934
0.375281
0.374592
0.37447
0.374633
0.375249
0.377084
0.382451
0.398081
0.443568
0.575898
0.960832
2.08037
0.951049
0.97189
2.0931
0.929741
0.540977
0.42209
0.387586
0.377914
0.375276
0.374583
0.374468
0.374626
0.375242
0.377077
0.382441
0.398073
0.443556
0.575857
0.960682
2.08015
0.951017
0.971808
2.09345
0.929652
0.5409
0.42205
0.387565
0.3779
0.37526
0.374573
0.374452
0.374614
0.37523
0.377064
0.382434
0.398072
0.443595
0.576042
0.961359
2.08211
0.951409
0.971568
2.09312
0.929208
0.540665
0.42195
0.387524
0.377879
0.375251
0.374559
0.374446
0.374602
0.375221
0.377055
0.38242
0.398053
0.443539
0.575868
0.960867
2.08124
0.951158
0.971509
2.09265
0.929006
0.540639
0.421959
0.387529
0.377876
0.37524
0.374551
0.374431
0.374592
0.375206
0.377041
0.382416
0.398063
0.443623
0.576158
0.961721
2.08331
0.951682
0.971971
2.09423
0.929816
0.540968
0.422067
0.387554
0.377872
0.375232
0.374534
0.374422
0.374574
0.375198
0.377028
0.382398
0.398045
0.443579
0.576041
0.961368
2.08256
0.951494
0.972166
2.09615
0.930401
0.541061
0.422048
0.387528
0.377853
0.375215
0.374525
0.374407
0.374567
0.375179
0.377011
0.382384
0.398035
0.443643
0.576349
0.962386
2.08497
0.952087
0.971754
2.09508
0.929661
0.540732
0.421925
0.387481
0.377828
0.375201
0.374505
0.374396
0.374546
0.375172
0.376994
0.382357
0.397986
0.443514
0.576065
0.961853
2.08435
0.95175
0.971826
2.09486
0.929747
0.540862
0.421998
0.38751
0.377835
0.375196
0.374503
0.374386
0.374544
0.375153
0.376979
0.382338
0.397948
0.443473
0.57602
0.961844
2.08451
0.951798
0.972153
2.09671
0.930453
0.541031
0.422008
0.387488
0.37781
0.375179
0.374481
0.374373
0.374522
0.37515
0.376966
0.382318
0.397916
0.443383
0.575844
0.961566
2.08426
0.951639
0.971663
2.09537
0.929646
0.540691
0.421889
0.387452
0.377801
0.375173
0.374483
0.374369
0.374527
0.375135
0.376955
0.3823
0.397866
0.443294
0.575646
0.961193
2.0838
0.951455
0.971757
2.09495
0.929684
0.540803
0.421952
0.387471
0.377796
0.375164
0.374464
0.374358
0.374506
0.375137
0.376949
0.382293
0.397858
0.443229
0.57545
0.960705
2.08296
0.951222
0.972041
2.09661
0.930357
0.540985
0.421982
0.387472
0.377796
0.375163
0.374472
0.374359
0.374519
0.375127
0.376948
0.38229
0.397843
0.443222
0.5754
0.960438
2.08209
0.951146
0.971555
2.09506
0.929459
0.540598
0.421838
0.387417
0.377769
0.375149
0.374454
0.37435
0.374501
0.375134
0.376946
0.382294
0.397865
0.443258
0.575551
0.960968
2.0834
0.951456
0.971634
2.09448
0.92946
0.540725
0.421927
0.387465
0.377796
0.375163
0.374472
0.374359
0.374521
0.375129
0.37695
0.38229
0.397836
0.443196
0.575343
0.960338
2.08197
0.951135
0.971993
2.09594
0.930105
0.540904
0.421954
0.387455
0.37778
0.375152
0.374456
0.374353
0.374506
0.37514
0.376954
0.382304
0.397877
0.443276
0.575585
0.96103
2.0835
0.951575
0.971767
2.09481
0.92966
0.540798
0.421951
0.387474
0.377802
0.375168
0.374479
0.374367
0.374532
0.375141
0.376964
0.382306
0.397859
0.443234
0.575418
0.960486
2.08224
0.951298
0.972266
2.09677
0.930554
0.54109
0.422024
0.387482
0.377794
0.375161
0.374467
0.374363
0.37452
0.375153
0.37697
0.382324
0.397907
0.44334
0.575732
0.961338
2.08406
0.951836
0.971882
2.09562
0.929851
0.540793
0.421929
0.387466
0.377805
0.375176
0.374491
0.374381
0.374548
0.375158
0.376982
0.382325
0.397891
0.443309
0.575627
0.960987
2.0832
0.951661
0.972091
2.09551
0.930056
0.540979
0.422026
0.387502
0.377814
0.375177
0.374485
0.374379
0.37454
0.375168
0.376986
0.382336
0.397921
0.44339
0.575937
0.961995
2.08557
0.952261
0.972566
2.09778
0.931003
0.541266
0.4221
0.387526
0.377831
0.375193
0.374508
0.374396
0.374566
0.375176
0.376998
0.382332
0.397884
0.44328
0.575652
0.961416
2.08493
0.951917
0.972191
2.09701
0.930374
0.540959
0.42198
0.387482
0.377815
0.375187
0.374502
0.374395
0.374561
0.375184
0.377004
0.382345
0.397907
0.443306
0.575672
0.961402
2.08503
0.952002
0.972273
2.09706
0.930378
0.540987
0.422012
0.387509
0.377838
0.375205
0.374523
0.374411
0.374582
0.375195
0.377018
0.382353
0.397919
0.44334
0.575753
0.961508
2.08507
0.952121
0.972339
2.09697
0.930434
0.541063
0.422055
0.387525
0.377843
0.375206
0.374521
0.374411
0.37458
0.375197
0.377018
0.382355
0.397924
0.443386
0.576003
0.962462
2.08762
0.952648
0.972871
2.0995
0.93146
0.541376
0.422138
0.387549
0.377857
0.375217
0.374535
0.374422
0.374594
0.375208
0.377026
0.382348
0.397887
0.443261
0.575692
0.961881
2.08717
0.952298
0.972486
2.09893
0.930863
0.54107
0.422016
0.387506
0.377844
0.375214
0.374535
0.374424
0.374596
0.375206
0.377028
0.382352
0.397887
0.443254
0.575643
0.961763
2.08729
0.952298
0.972565
2.09914
0.930883
0.541088
0.422036
0.387521
0.377855
0.375221
0.374542
0.374428
0.3746
0.375216
0.377035
0.382358
0.397901
0.443264
0.57564
0.961679
2.08715
0.952285
0.97262
2.09919
0.930982
0.541179
0.422085
0.387541
0.377863
0.375223
0.374543
0.374428
0.374601
0.375205
0.377029
0.382353
0.3979
0.443311
0.575843
0.962399
2.0892
0.952664
0.973112
2.10179
0.932027
0.54149
0.422156
0.387548
0.377857
0.375215
0.374534
0.374418
0.374588
0.375204
0.377021
0.382341
0.397883
0.443245
0.575651
0.961889
2.08834
0.952342
0.972663
2.10131
0.931493
0.541211
0.42204
0.387502
0.377838
0.375203
0.374525
0.374407
0.374579
0.375177
0.377
0.382317
0.397863
0.443283
0.575859
0.962609
2.09025
0.9527
0.972521
2.10143
0.931436
0.541166
0.42201
0.387475
0.377811
0.375175
0.374494
0.374375
0.374541
0.375154
0.376965
0.382277
0.397807
0.443157
0.575573
0.961934
2.08899
0.952206
0.972048
2.10083
0.930978
0.540942
0.421908
0.387423
0.377779
0.375146
0.374468
0.374345
0.374512
0.375104
0.376919
0.382217
0.397731
0.443095
0.575598
0.962353
2.09034
0.952299
0.971428
2.0995
0.930322
0.540678
0.421797
0.387357
0.377726
0.375094
0.374413
0.374288
0.374447
0.375053
0.376852
0.38214
0.397609
0.442825
0.574957
0.960907
2.08777
0.951241
0.970696
2.09766
0.929765
0.540567
0.421776
0.387339
0.377699
0.37506
0.374374
0.374245
0.374401
0.374988
0.376785
0.382049
0.397484
0.442636
0.574564
0.959903
2.0852
0.950448
0.969774
2.09712
0.92967
0.540499
0.421709
0.387276
0.377641
0.375002
0.374313
0.374183
0.374329
0.374922
0.376696
0.381937
0.397306
0.442336
0.574045
0.958993
2.0833
0.949422
0.967143
2.0921
0.927513
0.539728
0.421467
0.387211
0.377626
0.375
0.374306
0.374174
0.374311
0.374884
0.376628
0.381788
0.397015
0.441733
0.572758
0.956124
2.0769
0.947063
0.963047
2.08496
0.924768
0.538891
0.421285
0.387227
0.377692
0.375073
0.374376
0.374239
0.374363
0.374915
0.376602
0.381655
0.396635
0.440927
0.571187
0.953206
2.07092
0.944093
0.955585
2.07284
0.919837
0.537416
0.421098
0.387457
0.37803
0.375437
0.374728
0.37459
0.374691
0.37522
0.376807
0.381629
0.396129
0.439423
0.567818
0.946427
2.05781
0.937582
0.941603
2.05135
0.910823
0.534919
0.421071
0.38822
0.378995
0.376431
0.375713
0.375561
0.375645
0.376113
0.377563
0.382034
0.395675
0.437247
0.5624
0.935669
2.03861
0.925866
0.915602
2.0114
0.893854
0.530686
0.421673
0.390328
0.381452
0.378927
0.378158
0.377985
0.378027
0.378474
0.37973
0.383674
0.395917
0.434165
0.552454
0.913138
1.99611
0.901527
0.867817
1.93358
0.861454
0.523451
0.423901
0.39541
0.387152
0.384624
0.383753
0.38349
0.38351
0.383893
0.385019
0.388338
0.398623
0.431632
0.537688
0.87373
1.91509
0.857063
0.784822
1.77129
0.800707
0.512788
0.430839
0.407274
0.39992
0.397289
0.396161
0.395741
0.395704
0.396151
0.397266
0.400111
0.408197
0.433775
0.519242
0.806516
1.75301
0.779001
0.660041
1.4683
0.709153
0.505869
0.450427
0.433662
0.427471
0.424672
0.423233
0.422595
0.422532
0.423046
0.424343
0.427031
0.433225
0.450586
0.50768
0.71211
1.45532
0.659064
0.507959
0.989517
0.605651
0.517861
0.492441
0.482692
0.4778
0.475013
0.473362
0.472605
0.472532
0.473258
0.47478
0.477561
0.482373
0.492398
0.518863
0.609856
0.981328
0.507869
0.394022
0.530077
0.409095
0.388875
0.384312
0.38413
0.385085
0.386123
0.38692
0.387337
0.387407
0.387008
0.386229
0.385084
0.383827
0.383425
0.387285
0.408074
0.529658
0.394652
0.377761
0.428067
0.422625
0.408996
0.400649
0.395453
0.392009
0.389709
0.388282
0.387556
0.387471
0.388008
0.389243
0.391291
0.394411
0.399102
0.406669
0.419319
0.423996
0.376799
2.23901
5.76173
2.10454
0.893056
0.534664
0.435322
0.409044
0.402404
0.400842
0.400539
0.400645
0.401323
0.404063
0.414124
0.449244
0.566991
0.947714
2.13413
5.68866
2.19732
0.676712
2.65678
0.833371
0.43837
0.374012
0.36923
0.371153
0.372411
0.372888
0.373006
0.37292
0.372619
0.371904
0.370678
0.37037
0.38162
0.459548
0.854633
2.64724
0.703915
1.31856
3.50787
1.23954
0.604533
0.437638
0.39454
0.383344
0.380366
0.379552
0.37932
0.379304
0.379475
0.380257
0.383346
0.395328
0.440924
0.610914
1.23188
3.44879
1.24416
1.28033
3.28785
1.11518
0.544207
0.409497
0.380184
0.374323
0.373288
0.373143
0.373137
0.373135
0.373192
0.373583
0.375591
0.384472
0.420917
0.564401
1.11506
3.19722
1.05372
1.57434
3.36842
1.15636
0.564372
0.419103
0.385005
0.377163
0.375356
0.374938
0.374827
0.374814
0.374883
0.375367
0.377633
0.387286
0.426106
0.576429
1.14332
3.23867
1.1111
0.903297
3.18587
1.10857
0.550164
0.414207
0.38302
0.376169
0.37472
0.374421
0.374363
0.374354
0.374431
0.374893
0.377102
0.38659
0.424886
0.573677
1.13648
3.22427
1.09317
1.12078
3.26476
1.13433
0.558385
0.416906
0.383977
0.376566
0.374925
0.374571
0.374482
0.374475
0.37454
0.375009
0.377228
0.38674
0.425116
0.574092
1.13721
3.22415
1.09771
1.08577
3.24334
1.12525
0.555028
0.415714
0.383544
0.376391
0.374844
0.374512
0.374443
0.37443
0.374508
0.374975
0.377196
0.386716
0.425077
0.573949
1.13653
3.22161
1.09599
1.16438
3.27151
1.13366
0.557631
0.416531
0.383806
0.376481
0.374874
0.374533
0.374449
0.374443
0.37451
0.374979
0.377203
0.386727
0.42512
0.574019
1.13643
3.22024
1.09631
1.31257
3.31263
1.14155
0.558917
0.416654
0.383775
0.376448
0.374857
0.374513
0.374441
0.374428
0.374504
0.374972
0.377198
0.386737
0.425166
0.574219
1.1371
3.22172
1.0965
1.56798
3.35068
1.14845
0.560207
0.41692
0.383841
0.376469
0.374861
0.37452
0.374438
0.374432
0.3745
0.374969
0.377193
0.386723
0.425137
0.574101
1.13656
3.21971
1.09624
0.897005
3.18093
1.1097
0.551405
0.414919
0.383379
0.376355
0.374831
0.374501
0.374432
0.374419
0.374496
0.374964
0.377189
0.386729
0.425178
0.574331
1.13748
3.22197
1.09666
1.10386
3.25625
1.13293
0.558044
0.41673
0.383858
0.37648
0.374859
0.374513
0.374429
0.374423
0.374492
0.37496
0.377183
0.3867
0.42508
0.573995
1.13652
3.21985
1.0961
1.04475
3.22826
1.12262
0.554611
0.415658
0.383535
0.376381
0.37483
0.374495
0.374425
0.374412
0.374489
0.374958
0.377184
0.386711
0.42509
0.573969
1.1363
3.21897
1.09601
1.06235
3.23589
1.12633
0.556136
0.416213
0.383721
0.376441
0.374844
0.374504
0.374422
0.374416
0.374487
0.374957
0.377187
0.386712
0.42508
0.57384
1.13568
3.21705
1.09567
1.05966
3.23587
1.12605
0.555841
0.416041
0.383642
0.376406
0.374832
0.374491
0.37442
0.374406
0.374485
0.374956
0.37719
0.386738
0.425145
0.573944
1.13553
3.21535
1.09565
1.06477
3.23596
1.12589
0.555815
0.416062
0.383662
0.376418
0.374834
0.374497
0.374417
0.374411
0.374483
0.374955
0.377193
0.38675
0.425224
0.574245
1.13635
3.21635
1.09605
1.07482
3.23847
1.12642
0.555928
0.416078
0.383657
0.37641
0.374832
0.374488
0.374417
0.374403
0.374482
0.374953
0.377188
0.386744
0.425214
0.574306
1.13684
3.21791
1.0962
1.1004
3.24521
1.12759
0.556122
0.41611
0.383665
0.376415
0.374831
0.374495
0.374415
0.374409
0.374482
0.374953
0.377188
0.386729
0.425152
0.574059
1.13603
3.2158
1.09575
1.16412
3.26257
1.13101
0.556813
0.416254
0.383694
0.376418
0.374833
0.374489
0.374417
0.374403
0.374482
0.374955
0.377192
0.386743
0.425167
0.574049
1.13586
3.21487
1.09565
1.32366
3.30433
1.13965
0.55866
0.41666
0.383787
0.376442
0.374838
0.374497
0.374416
0.37441
0.374484
0.374958
0.377198
0.386748
0.425164
0.57395
1.13533
3.21305
1.09536
1.58852
3.34773
1.14804
0.560221
0.416932
0.383827
0.376444
0.374839
0.374491
0.374419
0.374406
0.374485
0.374961
0.377205
0.386772
0.42522
0.574043
1.13523
3.21158
1.09534
0.937372
3.18327
1.11005
0.55157
0.41499
0.3834
0.376355
0.37482
0.374495
0.374417
0.374413
0.374488
0.374964
0.377211
0.386785
0.425276
0.574253
1.13591
3.21298
1.09564
1.2065
3.27975
1.13825
0.55934
0.417044
0.383926
0.376485
0.374855
0.374498
0.374423
0.37441
0.374489
0.374966
0.377212
0.386788
0.425265
0.574158
1.13538
3.21082
1.09535
1.30041
3.29255
1.13603
0.55752
0.416305
0.383681
0.376415
0.374835
0.374501
0.374422
0.374418
0.374493
0.37497
0.377219
0.386802
0.425325
0.574412
1.1363
3.21295
1.09579
1.56497
3.34014
1.14733
0.560393
0.417074
0.383893
0.376474
0.374855
0.374503
0.374429
0.374417
0.374495
0.374972
0.377219
0.386792
0.425259
0.574131
1.13538
3.21073
1.09525
0.897007
3.16807
1.10716
0.55102
0.414882
0.383381
0.376357
0.374828
0.374505
0.374428
0.374424
0.374501
0.374978
0.377231
0.386815
0.425311
0.574217
1.13535
3.20985
1.09527
1.10285
3.24599
1.13155
0.558036
0.416802
0.38389
0.37649
0.374867
0.374512
0.374437
0.374425
0.374503
0.374982
0.377235
0.386826
0.425344
0.574286
1.13532
3.2088
1.09525
1.04343
3.21638
1.12026
0.554224
0.415617
0.383545
0.376398
0.374842
0.374515
0.374437
0.374433
0.37451
0.374987
0.377241
0.386834
0.425376
0.574469
1.13612
3.21094
1.0956
1.06022
3.2234
1.12381
0.555742
0.416187
0.383742
0.376462
0.374868
0.374521
0.374447
0.374436
0.374513
0.374992
0.377242
0.386823
0.425309
0.574195
1.13525
3.20896
1.09511
1.0558
3.22172
1.12319
0.555438
0.416044
0.383684
0.376445
0.374863
0.374528
0.374448
0.374444
0.374523
0.375
0.377254
0.386844
0.425346
0.574246
1.13519
3.20825
1.09511
1.05726
3.22369
1.12388
0.555624
0.416102
0.383709
0.376458
0.374875
0.374532
0.374459
0.37445
0.374525
0.375006
0.377258
0.386849
0.425363
0.574274
1.1351
3.20732
1.09506
1.0566
3.22141
1.12311
0.555448
0.416075
0.383711
0.376465
0.374879
0.374543
0.374462
0.374458
0.374537
0.375013
0.377267
0.386859
0.425383
0.574403
1.13577
3.20944
1.09535
1.05713
3.22343
1.12393
0.555676
0.416128
0.383726
0.376473
0.37489
0.374548
0.374475
0.374466
0.37454
0.375021
0.377271
0.386849
0.425318
0.574105
1.13477
3.20719
1.09481
1.05675
3.22143
1.12319
0.555483
0.416095
0.383728
0.376482
0.374896
0.374559
0.374478
0.374473
0.374554
0.375031
0.377287
0.386882
0.425381
0.574231
1.13487
3.20662
1.09492
1.05724
3.22368
1.12408
0.555735
0.416158
0.383747
0.376492
0.374908
0.374566
0.374493
0.374484
0.374557
0.37504
0.377294
0.386891
0.425414
0.574353
1.13539
3.20838
1.09513
1.0569
3.22198
1.12341
0.555556
0.416127
0.383749
0.376501
0.374914
0.374577
0.374496
0.374491
0.374572
0.375049
0.377308
0.386911
0.425418
0.574246
1.13475
3.20644
1.09484
1.05742
3.22458
1.12439
0.555832
0.416196
0.383771
0.376513
0.374928
0.374587
0.374512
0.374504
0.374574
0.375059
0.377319
0.38694
0.425538
0.574641
1.13584
3.20851
1.09543
1.05711
3.22329
1.1238
0.555659
0.416161
0.38377
0.376521
0.374933
0.374596
0.374515
0.374509
0.37459
0.375067
0.377328
0.386951
0.42555
0.574744
1.13643
3.21078
1.09567
1.05759
3.22627
1.12476
0.555885
0.416206
0.383784
0.376531
0.374948
0.374607
0.374532
0.374524
0.374592
0.375076
0.377332
0.386949
0.425553
0.574718
1.13622
3.21004
1.09559
1.05709
3.22459
1.12374
0.555519
0.416108
0.383766
0.376534
0.374952
0.374616
0.374534
0.374528
0.374608
0.375084
0.377343
0.386971
0.425606
0.574984
1.13736
3.21355
1.09615
1.05735
3.22476
1.12408
0.555742
0.41621
0.383811
0.376557
0.374972
0.374629
0.374553
0.374544
0.37461
0.375093
0.377343
0.38695
0.425534
0.574727
1.13669
3.2128
1.09577
1.05785
3.22733
1.12508
0.556028
0.416278
0.383826
0.376564
0.374974
0.374636
0.374553
0.374546
0.374626
0.3751
0.377357
0.386979
0.42558
0.57483
1.13689
3.21343
1.09594
1.05815
3.2307
1.12589
0.556133
0.416277
0.383828
0.376573
0.37499
0.374649
0.374572
0.374562
0.374627
0.375109
0.377359
0.386976
0.425603
0.574916
1.13711
3.21392
1.09607
1.05785
3.23043
1.12533
0.555896
0.41621
0.383815
0.376575
0.37499
0.374654
0.374571
0.374562
0.374641
0.375113
0.377366
0.386987
0.425627
0.575115
1.13816
3.21763
1.09657
1.05793
3.23148
1.12547
0.555912
0.416217
0.383826
0.376587
0.375007
0.374666
0.374588
0.374577
0.37464
0.37512
0.377362
0.386961
0.425549
0.574857
1.13754
3.21724
1.09624
1.05779
3.23167
1.12519
0.55577
0.416172
0.383814
0.376586
0.375005
0.374669
0.374585
0.374575
0.374653
0.375123
0.377371
0.38698
0.425578
0.574932
1.13774
3.21814
1.09641
1.05792
3.23231
1.1254
0.555882
0.416225
0.383841
0.376603
0.375022
0.374679
0.374601
0.374588
0.374651
0.375128
0.377368
0.386969
0.425582
0.574985
1.13794
3.21885
1.09653
1.05835
3.23582
1.12635
0.556051
0.416236
0.383834
0.376598
0.375016
0.374679
0.374595
0.374584
0.374659
0.375126
0.377368
0.386968
0.425583
0.575137
1.13893
3.22269
1.09701
1.05818
3.23579
1.12609
0.555971
0.41623
0.383845
0.37661
0.37503
0.374687
0.374609
0.374594
0.374656
0.375129
0.377358
0.386932
0.425479
0.574817
1.1382
3.22231
1.09663
1.05874
3.24001
1.1273
0.556223
0.416262
0.383839
0.376602
0.375021
0.374684
0.374599
0.374586
0.37466
0.375125
0.377362
0.38694
0.425485
0.574823
1.13824
3.22304
1.09672
1.0583
3.23983
1.12659
0.555902
0.416162
0.383818
0.376602
0.375029
0.374686
0.374609
0.374591
0.374655
0.375125
0.377353
0.386928
0.425478
0.574822
1.13825
3.2234
1.09676
1.05841
3.24088
1.12678
0.555954
0.416178
0.383818
0.376597
0.375019
0.374681
0.374596
0.374581
0.374653
0.375115
0.377349
0.386923
0.425492
0.574985
1.13911
3.22671
1.09722
1.05846
3.2417
1.12695
0.556005
0.416192
0.383823
0.376597
0.375023
0.374678
0.374601
0.37458
0.374646
0.375111
0.377334
0.386894
0.425424
0.574805
1.13867
3.22626
1.09702
1.05883
3.2455
1.1279
0.55615
0.416186
0.383803
0.376583
0.375007
0.374669
0.374585
0.374569
0.374639
0.375098
0.377326
0.386884
0.425436
0.574978
1.13963
3.22987
1.09753
1.05836
3.24499
1.1271
0.555809
0.416079
0.383774
0.376572
0.375006
0.37466
0.374586
0.374562
0.374631
0.37509
0.377308
0.386848
0.425328
0.57464
1.13875
3.22882
1.09709
1.05835
3.24546
1.12709
0.5558
0.416074
0.383766
0.376562
0.374991
0.374652
0.374568
0.374551
0.374619
0.375076
0.3773
0.386841
0.425351
0.574749
1.13904
3.22946
1.09734
1.05831
3.24554
1.12703
0.555796
0.416072
0.383761
0.376552
0.374986
0.374638
0.374565
0.374537
0.374611
0.375066
0.377282
0.386818
0.425315
0.574789
1.13967
3.23242
1.09763
1.05864
3.24843
1.12784
0.55595
0.416081
0.383748
0.376539
0.37497
0.374629
0.374548
0.374528
0.374595
0.375049
0.377268
0.386779
0.42522
0.574475
1.13878
3.23106
1.09722
1.05836
3.24752
1.12733
0.555798
0.416042
0.383734
0.376526
0.374962
0.374611
0.374541
0.37451
0.374589
0.37504
0.377256
0.386782
0.425239
0.574567
1.13899
3.23129
1.09743
1.05877
3.25062
1.1283
0.556016
0.416069
0.383726
0.376514
0.374947
0.374605
0.374526
0.374505
0.37457
0.375023
0.377241
0.386747
0.425209
0.574612
1.13958
3.23388
1.09771
1.05827
3.24904
1.12736
0.555676
0.415965
0.383691
0.376494
0.374936
0.374584
0.374516
0.374483
0.374568
0.375013
0.377226
0.386728
0.425119
0.574305
1.13866
3.23217
1.09729
1.05845
3.24919
1.12772
0.555896
0.416048
0.383714
0.376496
0.374928
0.374583
0.374505
0.374485
0.374549
0.375001
0.377217
0.38671
0.425142
0.574407
1.13886
3.23212
1.0975
1.05873
3.25176
1.12839
0.555959
0.416011
0.383679
0.376469
0.374913
0.374559
0.374495
0.374461
0.37455
0.374991
0.377205
0.386701
0.425108
0.574445
1.13945
3.23453
1.09778
1.05818
3.25005
1.12745
0.555647
0.415929
0.383664
0.376468
0.374908
0.374565
0.37449
0.374469
0.374533
0.374983
0.377192
0.386653
0.424998
0.574082
1.13845
3.23276
1.0973
1.05817
3.24938
1.12726
0.555615
0.415919
0.38365
0.37645
0.374896
0.374542
0.37448
0.374445
0.37454
0.374979
0.377193
0.386673
0.425001
0.574044
1.13821
3.23205
1.09727
1.05805
3.2483
1.12706
0.555626
0.415942
0.383665
0.37646
0.374899
0.374555
0.374481
0.374463
0.374526
0.374978
0.377189
0.386653
0.424998
0.574019
1.13798
3.231
1.09723
1.0584
3.25012
1.12769
0.555753
0.415946
0.383647
0.37644
0.374886
0.374534
0.374473
0.37444
0.374537
0.374976
0.377193
0.386675
0.425027
0.574175
1.13864
3.23298
1.09761
1.05806
3.24819
1.12705
0.555631
0.415944
0.383665
0.376457
0.374897
0.374554
0.374481
0.374465
0.374528
0.37498
0.377189
0.386646
0.424981
0.574007
1.13805
3.2313
1.09736
1.05857
3.25041
1.12797
0.555877
0.415988
0.383659
0.376443
0.374887
0.374536
0.374475
0.374445
0.374542
0.374982
0.377197
0.386674
0.425024
0.574216
1.13893
3.2339
1.09785
1.05826
3.24882
1.12743
0.555764
0.415985
0.383678
0.376464
0.374902
0.374561
0.374489
0.374476
0.37454
0.374992
0.377197
0.386645
0.424951
0.573934
1.13804
3.23206
1.09743
1.05879
3.25148
1.1284
0.556006
0.416024
0.383671
0.376451
0.374893
0.374546
0.374484
0.37446
0.374554
0.374996
0.37721
0.386682
0.425015
0.574118
1.13841
3.23221
1.09774
1.05835
3.24978
1.12758
0.555746
0.415972
0.383678
0.376472
0.374912
0.374574
0.374502
0.374492
0.374556
0.375009
0.377211
0.386665
0.425012
0.574234
1.13919
3.23505
1.09812
1.05864
3.24996
1.12801
0.555984
0.416058
0.383697
0.37647
0.374908
0.374563
0.374499
0.37448
0.374568
0.375013
0.377218
0.386666
0.424942
0.573969
1.13846
3.23398
1.09778
1.05902
3.25296
1.1289
0.556147
0.416077
0.383706
0.376487
0.374925
0.374589
0.374517
0.37451
0.374576
0.37503
0.377227
0.386673
0.424968
0.574025
1.13855
3.23426
1.09792
1.05861
3.2518
1.12814
0.555869
0.415998
0.383684
0.376479
0.37492
0.374582
0.374515
0.374502
0.374584
0.375032
0.377234
0.386684
0.424981
0.574076
1.13868
3.23445
1.09803
1.05876
3.25217
1.12832
0.555965
0.416048
0.383713
0.376501
0.374938
0.374604
0.374531
0.374526
0.374595
0.375047
0.377238
0.38668
0.424986
0.574226
1.13961
3.23788
1.0985
1.05878
3.25222
1.12841
0.556023
0.416069
0.383715
0.3765
0.374936
0.374601
0.374531
0.374523
0.374597
0.375048
0.377239
0.386661
0.424895
0.573916
1.13885
3.23714
1.0981
1.05923
3.25565
1.1294
0.556221
0.416099
0.383724
0.376511
0.374948
0.374616
0.374542
0.374539
0.37461
0.375062
0.377249
0.386675
0.424907
0.573924
1.13885
3.2376
1.09817
1.05873
3.25467
1.12857
0.555894
0.416002
0.383699
0.376507
0.374947
0.374616
0.374544
0.37454
0.374607
0.375062
0.37725
0.386672
0.424909
0.57392
1.13882
3.2377
1.09817
1.0588
3.25505
1.12862
0.555927
0.416024
0.383712
0.376516
0.374954
0.374623
0.374548
0.374544
0.374618
0.375069
0.377253
0.386682
0.424927
0.574063
1.13958
3.24069
1.09854
1.05872
3.25495
1.12858
0.555943
0.416036
0.383715
0.376517
0.374953
0.374623
0.374547
0.374545
0.374605
0.375063
0.377243
0.386656
0.424873
0.573867
1.13898
3.23972
1.0982
1.05911
3.25793
1.12946
0.556121
0.416056
0.383709
0.376509
0.374945
0.374615
0.374537
0.374531
0.374607
0.375056
0.377239
0.38667
0.424911
0.57406
1.13978
3.24254
1.09857
1.05872
3.25699
1.12898
0.555991
0.416029
0.383701
0.376504
0.374937
0.374608
0.374527
0.374524
0.374578
0.375036
0.377211
0.386625
0.424847
0.573846
1.13903
3.2409
1.09812
1.05908
3.26011
1.12995
0.55619
0.416039
0.383673
0.376474
0.374907
0.374576
0.374495
0.374485
0.374559
0.375005
0.377184
0.386617
0.424882
0.574108
1.13993
3.24286
1.0985
1.05826
3.25836
1.12886
0.555779
0.415904
0.383624
0.376448
0.374883
0.374553
0.374468
0.374461
0.374509
0.374962
0.377123
0.386522
0.424749
0.573933
1.14003
3.24437
1.09828
1.05776
3.2572
1.12837
0.55562
0.415838
0.383573
0.376401
0.374834
0.374501
0.374414
0.374398
0.374468
0.374905
0.377066
0.386437
0.424546
0.573394
1.1386
3.2413
1.0973
1.05665
3.25413
1.12707
0.555196
0.415706
0.383524
0.376372
0.374807
0.374472
0.374383
0.374367
0.374415
0.374856
0.376991
0.38632
0.424338
0.572907
1.13733
3.23799
1.09628
1.05497
3.24881
1.12519
0.554673
0.415568
0.383476
0.37634
0.374774
0.374434
0.374345
0.374319
0.374383
0.374805
0.376926
0.38618
0.424007
0.572059
1.13502
3.23173
1.0945
1.05245
3.24102
1.12271
0.554099
0.415499
0.383518
0.376397
0.374829
0.374479
0.374389
0.374359
0.374414
0.374822
0.376877
0.386002
0.423515
0.570858
1.13197
3.22299
1.09197
1.0481
3.23108
1.11907
0.553136
0.415398
0.383654
0.376581
0.375014
0.374656
0.374564
0.37453
0.374584
0.374966
0.376944
0.385798
0.422722
0.568825
1.12761
3.21311
1.08775
1.03933
3.20905
1.11066
0.551111
0.415412
0.384193
0.377204
0.375637
0.37525
0.375158
0.375114
0.375186
0.375527
0.377354
0.385754
0.421429
0.564709
1.11774
3.19194
1.07866
1.02357
3.17316
1.09683
0.548256
0.416021
0.385655
0.37879
0.377191
0.376764
0.376653
0.376613
0.376681
0.377005
0.378657
0.386314
0.41993
0.558139
1.10081
3.15655
1.06156
0.993742
3.10821
1.07052
0.543164
0.417868
0.389221
0.382576
0.380903
0.380356
0.380207
0.380146
0.380294
0.380624
0.382105
0.388776
0.418888
0.547554
1.0687
3.08533
1.02819
0.937333
2.97113
1.01878
0.535
0.423159
0.397529
0.391132
0.389178
0.388382
0.38808
0.388027
0.388234
0.388764
0.390243
0.39586
0.421029
0.533466
1.01236
2.94333
0.96786
0.841282
2.69805
0.931236
0.526974
0.437459
0.416195
0.409812
0.407217
0.405885
0.405317
0.405221
0.405678
0.406654
0.408633
0.413764
0.433156
0.521144
0.923168
2.66932
0.866658
0.694601
2.17377
0.804326
0.530931
0.472738
0.456577
0.449879
0.446323
0.444301
0.443355
0.443249
0.443969
0.44566
0.448651
0.454218
0.468678
0.52573
0.802442
2.15892
0.713901
0.518166
1.35869
0.68071
0.572522
0.545101
0.5332
0.526244
0.521905
0.519229
0.517958
0.517824
0.518986
0.521403
0.525537
0.531849
0.542781
0.569477
0.683593
1.34596
0.526492
0.387376
0.583103
0.395141
0.375113
0.369013
0.367943
0.368639
0.369692
0.370582
0.371061
0.371154
0.370688
0.369816
0.368584
0.367377
0.367218
0.371315
0.391955
0.58492
0.392331
0.382004
0.448424
0.447736
0.426981
0.413805
0.405391
0.399744
0.395978
0.393656
0.392496
0.392381
0.3933
0.395374
0.398825
0.404064
0.411818
0.42383
0.443138
0.441753
0.380461
1.66842
3.27429
1.44577
0.748413
0.505727
0.42584
0.400549
0.392809
0.390574
0.390109
0.390501
0.392079
0.3967
0.409667
0.4455
0.543008
0.803819
1.48774
3.24273
1.59179
0.778777
1.8595
0.806866
0.485519
0.399459
0.379095
0.375046
0.374519
0.374579
0.374692
0.374837
0.3752
0.376285
0.379683
0.39031
0.423411
0.526435
0.847478
1.85467
0.759968
1.04462
2.18942
0.973116
0.56175
0.432652
0.393586
0.381943
0.378475
0.377457
0.377212
0.37736
0.378024
0.380022
0.385788
0.402456
0.450788
0.591059
0.997664
2.17116
1.01584
0.98013
2.09206
0.923186
0.536313
0.419318
0.3859
0.376761
0.374366
0.373783
0.373714
0.37389
0.374504
0.376302
0.381556
0.396882
0.441568
0.572016
0.953609
2.07369
0.935955
1.03188
2.1092
0.934213
0.542588
0.422777
0.387892
0.378049
0.375329
0.374613
0.374479
0.374646
0.375258
0.377098
0.382461
0.398078
0.443554
0.575926
0.961216
2.08262
0.955043
1.11324
2.12827
0.937888
0.542816
0.422406
0.387527
0.377767
0.375112
0.374423
0.374312
0.374479
0.3751
0.376934
0.382283
0.397866
0.443226
0.575278
0.959665
2.07847
0.949835
1.26957
2.16563
0.947855
0.54555
0.423202
0.387789
0.377874
0.375166
0.374465
0.374342
0.374513
0.375125
0.376963
0.382316
0.397905
0.443272
0.575264
0.959273
2.07667
0.95055
0.900999
2.06005
0.918544
0.537456
0.420967
0.387164
0.377689
0.375106
0.374433
0.374326
0.374493
0.375115
0.376954
0.382314
0.397929
0.443357
0.575518
0.95988
2.07752
0.950587
0.987332
2.09699
0.93218
0.542101
0.422471
0.387634
0.377834
0.375147
0.37445
0.374327
0.374498
0.375111
0.37695
0.382308
0.397912
0.443321
0.575385
0.959379
2.07599
0.950315
0.966985
2.08592
0.927254
0.54012
0.421727
0.387365
0.377736
0.375111
0.374428
0.374318
0.374485
0.375106
0.376943
0.382303
0.397923
0.443382
0.575644
0.960194
2.07765
0.950726
0.971276
2.08724
0.927964
0.540491
0.421903
0.387441
0.377767
0.37512
0.374435
0.374316
0.374487
0.375101
0.376937
0.382288
0.397875
0.443252
0.575297
0.959395
2.07622
0.950201
0.970043
2.08536
0.927265
0.54027
0.42183
0.387412
0.37775
0.375111
0.374422
0.37431
0.374476
0.375097
0.376933
0.382286
0.397879
0.443246
0.575232
0.959107
2.07541
0.950073
0.970469
2.08633
0.927732
0.540416
0.421864
0.387417
0.37775
0.375107
0.374424
0.374306
0.374478
0.375092
0.37693
0.382284
0.397876
0.443249
0.57521
0.958881
2.07439
0.949949
0.969971
2.08416
0.926821
0.540119
0.421781
0.387394
0.37774
0.375103
0.374414
0.374303
0.374468
0.375089
0.376925
0.382278
0.397874
0.443267
0.575347
0.959432
2.07567
0.950203
0.970438
2.08484
0.927525
0.540499
0.42194
0.387452
0.37776
0.375106
0.374418
0.374299
0.374471
0.375086
0.376921
0.382269
0.397837
0.443144
0.574968
0.95845
2.07376
0.949603
0.970622
2.08578
0.927941
0.540588
0.421938
0.387437
0.377747
0.3751
0.374409
0.374297
0.374463
0.375085
0.376923
0.382277
0.397861
0.443182
0.574983
0.958223
2.07264
0.949532
0.970417
2.08432
0.92751
0.540525
0.421954
0.387456
0.377758
0.375102
0.374414
0.374295
0.374466
0.375084
0.376924
0.382284
0.397876
0.443229
0.57512
0.958613
2.07342
0.949703
0.970931
2.08606
0.928488
0.540891
0.422063
0.387481
0.377759
0.375101
0.374407
0.374294
0.37446
0.375083
0.376925
0.382288
0.397884
0.443213
0.574957
0.957896
2.07142
0.949302
0.970527
2.08482
0.92787
0.540636
0.421972
0.387452
0.377753
0.375098
0.374411
0.374292
0.374464
0.375084
0.376927
0.3823
0.397926
0.443355
0.575341
0.958686
2.07223
0.949776
0.970528
2.08444
0.927859
0.540677
0.421998
0.387463
0.377755
0.3751
0.374406
0.374293
0.37446
0.375082
0.376924
0.38229
0.397911
0.443344
0.575428
0.959175
2.07345
0.949932
0.970337
2.08373
0.927584
0.540576
0.421962
0.387452
0.377753
0.375099
0.374411
0.374293
0.374465
0.375084
0.376923
0.382283
0.397873
0.443224
0.575087
0.958361
2.07189
0.949427
0.970137
2.08288
0.927241
0.540454
0.421922
0.387438
0.377748
0.375099
0.374407
0.374295
0.374462
0.375086
0.376928
0.382289
0.39788
0.443208
0.574976
0.957953
2.07082
0.949217
0.969915
2.08176
0.92681
0.540316
0.421886
0.387433
0.377751
0.3751
0.374414
0.374296
0.374469
0.37509
0.376934
0.3823
0.397896
0.443222
0.574926
0.957591
2.0695
0.949025
0.969846
2.08069
0.926609
0.540342
0.421926
0.387454
0.377758
0.375106
0.374412
0.3743
0.374468
0.375093
0.37694
0.382313
0.397927
0.443295
0.575109
0.958054
2.07037
0.949259
0.970124
2.08194
0.927197
0.540516
0.421961
0.387457
0.37776
0.375105
0.374418
0.374301
0.374475
0.375098
0.376947
0.382326
0.397944
0.443296
0.574975
0.957391
2.06846
0.948888
0.969574
2.07993
0.926158
0.540094
0.421815
0.387413
0.377747
0.375106
0.374416
0.374306
0.374475
0.375101
0.376954
0.382344
0.398002
0.443467
0.575418
0.958282
2.06944
0.949429
0.969663
2.07883
0.926001
0.540173
0.421892
0.387456
0.37777
0.375115
0.374427
0.374308
0.374482
0.375106
0.376956
0.382344
0.398001
0.443492
0.575584
0.95893
2.07093
0.949687
0.97021
2.07969
0.926724
0.54052
0.422024
0.3875
0.377783
0.375123
0.374427
0.374315
0.374483
0.375108
0.376958
0.382339
0.397978
0.44341
0.575348
0.95836
2.06983
0.949326
0.970786
2.08123
0.927358
0.540683
0.42205
0.387501
0.377785
0.375124
0.374435
0.374317
0.374491
0.375116
0.376966
0.382349
0.397988
0.443412
0.575316
0.958224
2.06942
0.949263
0.971165
2.08005
0.926662
0.540389
0.421948
0.387472
0.37778
0.375128
0.374437
0.374325
0.374495
0.375119
0.376972
0.382357
0.397997
0.443409
0.57524
0.957903
2.06859
0.94908
0.973176
2.07979
0.926545
0.540369
0.421957
0.387484
0.37779
0.375134
0.374447
0.374329
0.374503
0.375129
0.376981
0.382371
0.398025
0.443468
0.575339
0.957915
2.06797
0.949125
0.978418
2.08012
0.92666
0.540455
0.422006
0.387509
0.377802
0.375145
0.374452
0.374339
0.374509
0.375132
0.376986
0.382374
0.398036
0.443527
0.575589
0.958738
2.06979
0.949538
0.992224
2.08487
0.928124
0.540845
0.422096
0.387527
0.37781
0.375149
0.37446
0.374342
0.374516
0.375142
0.376991
0.382373
0.398011
0.443425
0.575298
0.958073
2.0687
0.949115
1.02576
2.09207
0.929383
0.540989
0.422089
0.387521
0.377812
0.375158
0.374467
0.374354
0.374525
0.375147
0.377
0.382383
0.398022
0.44344
0.575279
0.95791
2.06824
0.949069
1.11141
2.11638
0.935554
0.54263
0.42255
0.387659
0.377859
0.375175
0.37448
0.37436
0.374533
0.375159
0.377009
0.382394
0.39804
0.443464
0.575306
0.957829
2.06768
0.949046
1.26639
2.15358
0.945168
0.545142
0.423211
0.387837
0.377911
0.375198
0.374491
0.374374
0.374544
0.375163
0.377016
0.382397
0.398043
0.4435
0.575493
0.958539
2.06949
0.949409
0.902305
2.05218
0.917188
0.537383
0.421056
0.387241
0.377751
0.375157
0.374488
0.374375
0.37455
0.375177
0.377023
0.3824
0.398023
0.443392
0.575156
0.957726
2.06818
0.948925
0.989107
2.08645
0.929438
0.54156
0.42244
0.387695
0.377903
0.375215
0.374512
0.374395
0.374565
0.375183
0.377036
0.382415
0.398045
0.443437
0.575207
0.957666
2.06773
0.948972
0.975504
2.08024
0.926659
0.540383
0.421974
0.387523
0.377846
0.375198
0.374514
0.374396
0.374571
0.375199
0.377048
0.382432
0.398075
0.44349
0.575368
0.95821
2.06924
0.949255
0.993225
2.08492
0.928135
0.540927
0.422193
0.387617
0.37789
0.375225
0.37453
0.374415
0.374586
0.375204
0.377061
0.382444
0.398083
0.443478
0.575221
0.957628
2.06797
0.94896
1.02696
2.09574
0.931164
0.541715
0.422381
0.387658
0.377901
0.375229
0.374538
0.374418
0.374591
0.37522
0.377074
0.382472
0.398152
0.443643
0.575637
0.958541
2.0695
0.949543
1.11255
2.12034
0.936973
0.543057
0.422695
0.387742
0.377932
0.37525
0.374552
0.374435
0.374606
0.375224
0.377083
0.382479
0.398161
0.443695
0.575833
0.959221
2.07139
0.949873
1.26759
2.15694
0.946294
0.545509
0.423363
0.38793
0.377989
0.375268
0.374563
0.374439
0.37461
0.375238
0.377091
0.382489
0.398177
0.4437
0.575803
0.959037
2.07095
0.949806
0.902422
2.0565
0.918822
0.537953
0.421275
0.387356
0.377838
0.375238
0.374563
0.374452
0.374624
0.375241
0.3771
0.382496
0.398193
0.443788
0.57614
0.960129
2.07364
0.950422
0.988202
2.09157
0.931113
0.542016
0.422577
0.387768
0.377969
0.375279
0.37458
0.374456
0.374626
0.375253
0.377103
0.382496
0.398175
0.443697
0.575891
0.959647
2.07332
0.950118
0.970869
2.08327
0.927363
0.540508
0.422019
0.387577
0.377912
0.375271
0.374585
0.37447
0.37464
0.375256
0.377113
0.382505
0.398189
0.443734
0.575944
0.959719
2.07369
0.950236
0.980634
2.08695
0.928608
0.540957
0.42219
0.387644
0.37794
0.375281
0.374592
0.37447
0.37464
0.375266
0.377117
0.382517
0.398217
0.44379
0.576072
0.959927
2.07401
0.950404
0.993441
2.09016
0.929439
0.541207
0.422274
0.387678
0.377957
0.375297
0.374602
0.374485
0.374652
0.375266
0.377121
0.382514
0.398219
0.443857
0.576383
0.961018
2.07685
0.951004
1.02857
2.10231
0.932954
0.542159
0.422515
0.387733
0.377969
0.375296
0.374603
0.37448
0.374648
0.375272
0.377117
0.382505
0.398186
0.443752
0.576145
0.960634
2.07682
0.950761
1.11438
2.12781
0.939015
0.543553
0.42283
0.387809
0.377992
0.375311
0.374611
0.374492
0.374657
0.37527
0.37712
0.382502
0.398176
0.44374
0.576131
0.960712
2.0775
0.95086
1.26995
2.16509
0.948228
0.545827
0.423391
0.387946
0.378024
0.375313
0.374611
0.374485
0.374651
0.375273
0.377117
0.382502
0.398173
0.443717
0.576058
0.960573
2.07769
0.950811
0.901857
2.06195
0.919505
0.537837
0.421173
0.387334
0.377858
0.375274
0.374601
0.374489
0.374654
0.375268
0.377116
0.382497
0.398175
0.443749
0.576153
0.960746
2.07804
0.950978
0.987718
2.09761
0.932174
0.542081
0.422543
0.387763
0.377987
0.375306
0.374608
0.374482
0.374646
0.375265
0.377105
0.382488
0.398168
0.44378
0.576386
0.9617
2.08074
0.951494
0.968166
2.08865
0.928389
0.54064
0.422024
0.387583
0.377925
0.375289
0.374598
0.374483
0.374643
0.375257
0.377097
0.382465
0.398114
0.443645
0.576072
0.961136
2.08042
0.951156
0.973188
2.09387
0.93058
0.541429
0.422284
0.387661
0.377944
0.375285
0.374593
0.37447
0.374633
0.37525
0.377086
0.382459
0.398104
0.443628
0.576025
0.961052
2.08064
0.951183
0.971889
2.0933
0.929911
0.541059
0.422121
0.387597
0.377917
0.375276
0.374583
0.374468
0.374625
0.375241
0.377078
0.382446
0.398094
0.443622
0.576029
0.961036
2.08064
0.951221
0.972155
2.09411
0.9301
0.541107
0.422132
0.387595
0.37791
0.375263
0.374574
0.374452
0.374614
0.375228
0.377061
0.382431
0.398075
0.443635
0.576202
0.96181
2.08294
0.951645
0.971967
2.09429
0.929898
0.540957
0.422055
0.387558
0.377889
0.375254
0.374559
0.374446
0.374601
0.375219
0.377049
0.382407
0.398029
0.443506
0.575869
0.961084
2.08206
0.951233
0.971834
2.09418
0.929659
0.540837
0.422006
0.387537
0.377876
0.375239
0.37455
0.37443
0.374591
0.375203
0.377034
0.382398
0.39802
0.443525
0.575925
0.961142
2.08202
0.951359
0.971868
2.09408
0.92966
0.540884
0.422034
0.387543
0.377869
0.375232
0.374534
0.374422
0.374573
0.375196
0.377021
0.38238
0.398005
0.443518
0.576043
0.961782
2.08398
0.951686
0.972225
2.09621
0.930464
0.541101
0.422068
0.387536
0.377856
0.375216
0.374526
0.374407
0.374567
0.375178
0.377005
0.38236
0.397952
0.443391
0.575688
0.960951
2.08278
0.951224
0.9718
2.09516
0.929718
0.540757
0.421934
0.387484
0.377829
0.375202
0.374505
0.374397
0.374547
0.375174
0.376998
0.382359
0.397974
0.443431
0.575749
0.960918
2.08237
0.951309
0.971913
2.09503
0.929874
0.540922
0.422022
0.387519
0.377838
0.375197
0.374504
0.374386
0.374545
0.375157
0.376986
0.382351
0.397968
0.443484
0.57596
0.961584
2.08399
0.951681
0.972274
2.09704
0.930669
0.541126
0.422044
0.3875
0.377814
0.37518
0.374481
0.374374
0.374523
0.375154
0.376976
0.382341
0.397963
0.44345
0.57585
0.961197
2.08299
0.951493
0.971772
2.09593
0.929908
0.540784
0.421915
0.387458
0.377801
0.375173
0.374483
0.374369
0.374528
0.375138
0.376966
0.382332
0.397954
0.443516
0.576149
0.962159
2.08513
0.952054
0.971678
2.09534
0.929634
0.54069
0.421884
0.387441
0.377785
0.37516
0.374463
0.374358
0.374507
0.37514
0.376956
0.382314
0.397919
0.443396
0.575864
0.961583
2.08429
0.951699
0.971591
2.09453
0.929424
0.540691
0.42191
0.38746
0.377796
0.375164
0.374473
0.37436
0.37452
0.375129
0.376954
0.382307
0.397894
0.443371
0.575825
0.961533
2.08425
0.951732
0.971976
2.09601
0.930101
0.540897
0.421952
0.387455
0.377781
0.375152
0.374455
0.374351
0.374501
0.375136
0.376951
0.382306
0.397894
0.443323
0.575689
0.961242
2.08384
0.951585
0.97171
2.09479
0.929615
0.540771
0.421936
0.387466
0.377796
0.375163
0.374472
0.37436
0.374522
0.375132
0.376957
0.382309
0.397884
0.443315
0.575623
0.960985
2.08328
0.951503
0.972198
2.09667
0.930487
0.541058
0.422008
0.387472
0.377785
0.375153
0.374457
0.374353
0.374506
0.375142
0.37696
0.382321
0.397921
0.443373
0.575731
0.961052
2.0829
0.951619
0.971785
2.09539
0.929749
0.540752
0.421909
0.387453
0.377793
0.375165
0.374478
0.374367
0.374532
0.375142
0.376968
0.382322
0.39792
0.443437
0.576018
0.962
2.08506
0.952152
0.971983
2.09515
0.929925
0.540932
0.422004
0.387488
0.3778
0.375164
0.374468
0.374363
0.37452
0.375152
0.376968
0.382319
0.397901
0.443345
0.575787
0.961538
2.08446
0.951882
0.972434
2.09728
0.930841
0.541215
0.422078
0.387512
0.377817
0.375179
0.374492
0.374381
0.374548
0.375158
0.376981
0.382323
0.397892
0.443336
0.575784
0.961592
2.08472
0.951978
0.972052
2.09638
0.930184
0.540903
0.421956
0.387466
0.377799
0.375172
0.374483
0.374378
0.37454
0.375168
0.376985
0.38233
0.397895
0.443301
0.575684
0.961414
2.08467
0.9519
0.972113
2.0963
0.930162
0.54093
0.421991
0.387496
0.377825
0.375192
0.374508
0.374396
0.374566
0.375178
0.377001
0.38234
0.397899
0.443299
0.57564
0.961259
2.08451
0.951877
0.972162
2.09606
0.930181
0.540995
0.422029
0.387509
0.377827
0.375191
0.374503
0.374396
0.374561
0.375185
0.377007
0.382353
0.397928
0.443356
0.575755
0.961405
2.08454
0.952036
0.972663
2.09846
0.931167
0.541299
0.422113
0.387536
0.377844
0.375206
0.374523
0.374411
0.374583
0.375196
0.37702
0.38236
0.397939
0.443415
0.576027
0.962381
2.08706
0.952579
0.972229
2.09772
0.930486
0.540957
0.421976
0.387487
0.377828
0.3752
0.37452
0.374411
0.374581
0.375198
0.377021
0.382357
0.397914
0.443324
0.575779
0.961889
2.08667
0.952291
0.972237
2.09769
0.930382
0.540925
0.421981
0.387501
0.377843
0.375214
0.374535
0.374422
0.374595
0.375211
0.377034
0.382369
0.397935
0.443353
0.575817
0.961932
2.08697
0.952396
0.972204
2.09739
0.93027
0.540926
0.421996
0.387509
0.377848
0.375216
0.374536
0.374424
0.374596
0.375208
0.377034
0.382372
0.397945
0.443399
0.575927
0.962108
2.08721
0.952539
0.972656
2.09951
0.9311
0.54117
0.422058
0.387525
0.377854
0.375221
0.374541
0.374428
0.3746
0.375216
0.377036
0.382369
0.397951
0.443445
0.576198
0.963128
2.08992
0.953079
0.972383
2.0988
0.930676
0.541022
0.422018
0.387516
0.377854
0.375221
0.374542
0.374427
0.3746
0.375203
0.377025
0.382344
0.397886
0.443305
0.57589
0.962607
2.08963
0.952719
0.972851
2.1012
0.931624
0.541309
0.422087
0.387524
0.377849
0.375213
0.374533
0.374417
0.374587
0.375203
0.377017
0.382332
0.397867
0.443239
0.575755
0.962431
2.08983
0.952611
0.972303
2.10018
0.930838
0.540937
0.421942
0.387471
0.377829
0.3752
0.374524
0.374407
0.374579
0.375177
0.376997
0.382304
0.397816
0.443144
0.575503
0.96187
2.08918
0.952239
0.972304
2.1
0.930914
0.541049
0.422
0.387482
0.377816
0.375177
0.374496
0.374376
0.374541
0.375155
0.376967
0.382279
0.397802
0.443115
0.575401
0.96146
2.08818
0.951979
0.972379
2.10173
0.931553
0.541191
0.421997
0.387451
0.377786
0.375148
0.374468
0.374346
0.374513
0.375105
0.376922
0.382225
0.397748
0.443109
0.575522
0.961852
2.08881
0.952077
0.971442
2.0999
0.93046
0.540703
0.421793
0.387352
0.377722
0.375093
0.374412
0.374288
0.374447
0.375054
0.376855
0.382151
0.397646
0.442946
0.575312
0.961776
2.08927
0.951749
0.97062
2.09808
0.929733
0.540466
0.421714
0.387311
0.377689
0.375056
0.374373
0.374245
0.374401
0.374988
0.376784
0.382046
0.397477
0.44262
0.574561
0.960053
2.0859
0.950465
0.969258
2.09497
0.928667
0.540166
0.421619
0.387257
0.377639
0.375003
0.374314
0.374183
0.374329
0.374922
0.376697
0.38194
0.397313
0.442332
0.573956
0.958563
2.08209
0.949221
0.967445
2.09283
0.927993
0.539947
0.42155
0.387238
0.377634
0.375002
0.374307
0.374174
0.37431
0.374884
0.376628
0.381794
0.397043
0.44183
0.573056
0.956925
2.07856
0.947518
0.962945
2.08477
0.924617
0.538806
0.421246
0.387212
0.377686
0.375071
0.374375
0.374238
0.374362
0.374913
0.376599
0.381647
0.39662
0.440892
0.571079
0.952823
2.06987
0.943865
0.95564
2.07291
0.919896
0.537451
0.421115
0.387465
0.378033
0.375438
0.374728
0.374589
0.37469
0.375218
0.376802
0.381623
0.396128
0.439474
0.568089
0.947353
2.0599
0.93809
0.941633
2.05139
0.910845
0.534927
0.421073
0.38822
0.378995
0.376431
0.375713
0.375561
0.375644
0.37611
0.377554
0.38201
0.395609
0.43708
0.56202
0.934938
2.03759
0.925377
0.91568
2.01151
0.89393
0.530723
0.421689
0.390333
0.381454
0.378927
0.378158
0.377985
0.378027
0.378473
0.379726
0.383661
0.395881
0.434073
0.552247
0.912755
1.9956
0.901327
0.867952
1.93381
0.86161
0.523523
0.423929
0.39542
0.387156
0.384625
0.383754
0.38349
0.38351
0.383892
0.385015
0.388325
0.398581
0.431507
0.537356
0.872989
1.91393
0.85662
0.785042
1.77173
0.801003
0.512922
0.430891
0.407292
0.399926
0.397291
0.396161
0.395741
0.395704
0.396151
0.397265
0.400107
0.408179
0.433707
0.519009
0.805817
1.75144
0.778631
0.660344
1.46912
0.709631
0.506068
0.450497
0.433685
0.427477
0.424674
0.423234
0.422595
0.422532
0.423046
0.424343
0.42703
0.433222
0.450581
0.507682
0.712166
1.4555
0.659083
0.508221
0.990724
0.606121
0.517987
0.492467
0.482695
0.4778
0.475012
0.473362
0.472605
0.472532
0.473258
0.47478
0.477558
0.482358
0.492342
0.518685
0.609409
0.980574
0.507529
0.393836
0.529693
0.408874
0.388787
0.384285
0.384123
0.385084
0.386123
0.38692
0.387337
0.387407
0.387008
0.386231
0.385087
0.383834
0.383427
0.387232
0.407762
0.528641
0.394406
0.377817
0.428138
0.422693
0.409036
0.400667
0.395461
0.392012
0.38971
0.388282
0.387557
0.387471
0.388009
0.389244
0.391296
0.394424
0.399144
0.406789
0.419608
0.424494
0.377017
0.931219
1.28384
0.76378
0.534704
0.439811
0.402135
0.387655
0.382267
0.38041
0.380019
0.380533
0.3822
0.386186
0.395286
0.415825
0.461811
0.563987
0.789405
1.28457
0.86591
0.729122
1.01364
0.643488
0.480613
0.414678
0.389328
0.379936
0.376586
0.375496
0.375342
0.375791
0.377089
0.380103
0.386894
0.402043
0.435552
0.509082
0.668894
1.01276
0.676919
0.768701
1.06392
0.66516
0.489979
0.418719
0.391052
0.38065
0.376853
0.375574
0.375339
0.375781
0.377121
0.380275
0.387408
0.403386
0.438962
0.517632
0.690138
1.0644
0.717812
0.758011
1.04515
0.656527
0.485561
0.416058
0.389135
0.379055
0.375406
0.37419
0.373987
0.374429
0.375757
0.378862
0.385883
0.401604
0.436548
0.513652
0.682244
1.04682
0.7061
0.761417
1.0422
0.655798
0.485475
0.416136
0.389244
0.379166
0.375509
0.374294
0.374085
0.374531
0.375854
0.378963
0.385987
0.401701
0.436605
0.513522
0.68146
1.04405
0.706229
0.77133
1.04357
0.65608
0.485496
0.416106
0.389213
0.379139
0.37549
0.374274
0.37407
0.374514
0.375843
0.378955
0.385988
0.40173
0.436688
0.513705
0.681726
1.04394
0.706142
0.804748
1.05873
0.661004
0.487078
0.41661
0.389371
0.379189
0.375503
0.37428
0.374068
0.374514
0.375836
0.378944
0.385968
0.40169
0.436614
0.513555
0.681415
1.04327
0.705846
0.749303
1.03805
0.653904
0.484676
0.415806
0.389103
0.379097
0.37547
0.374261
0.374059
0.374502
0.375829
0.378933
0.385952
0.401665
0.436566
0.513469
0.681253
1.04292
0.705701
0.75658
1.04177
0.655679
0.485455
0.416129
0.389231
0.379146
0.375486
0.374268
0.374058
0.374503
0.375823
0.378925
0.385936
0.40163
0.4365
0.513344
0.681035
1.04257
0.705525
0.755475
1.04091
0.655195
0.485202
0.416002
0.389168
0.379113
0.375469
0.374254
0.37405
0.374493
0.375818
0.378919
0.385928
0.401613
0.436448
0.513213
0.680759
1.04212
0.705329
0.755345
1.04048
0.654921
0.485053
0.415929
0.389135
0.379098
0.37546
0.374252
0.374046
0.374492
0.375815
0.37892
0.385934
0.401625
0.436465
0.513194
0.680581
1.04159
0.705231
0.75518
1.03985
0.654635
0.484964
0.415911
0.389133
0.379097
0.375458
0.374245
0.374041
0.374483
0.375809
0.378915
0.385938
0.401656
0.436564
0.513454
0.68114
1.04245
0.705572
0.755429
1.0406
0.655151
0.485225
0.416024
0.389177
0.379112
0.375461
0.374246
0.374036
0.37448
0.3758
0.378899
0.385908
0.401599
0.436462
0.51328
0.680862
1.04204
0.705327
0.755041
1.03987
0.654659
0.48494
0.415875
0.389104
0.379075
0.375443
0.374232
0.374029
0.37447
0.375791
0.378886
0.385883
0.401551
0.436369
0.513115
0.680602
1.04167
0.705135
0.75487
1.03916
0.654322
0.484827
0.415848
0.389101
0.379078
0.375443
0.374234
0.374027
0.374471
0.375788
0.378879
0.385867
0.401507
0.436265
0.51289
0.680187
1.04106
0.704841
0.755109
1.03974
0.654723
0.485013
0.41592
0.389124
0.379081
0.375442
0.374228
0.374025
0.374466
0.375788
0.378883
0.385874
0.401514
0.436241
0.512759
0.679786
1.04023
0.704598
0.754892
1.03899
0.65435
0.484874
0.415878
0.389115
0.379082
0.375442
0.37423
0.374023
0.374468
0.37579
0.378891
0.385899
0.401573
0.436373
0.513003
0.680137
1.0405
0.704845
0.755224
1.03981
0.654951
0.485191
0.416022
0.389174
0.379103
0.375449
0.374229
0.374022
0.374463
0.375787
0.378887
0.385898
0.40159
0.436441
0.513208
0.680618
1.04126
0.705098
0.754923
1.03928
0.654621
0.485012
0.415933
0.389132
0.379084
0.37544
0.374227
0.374019
0.374463
0.375782
0.378876
0.385872
0.401528
0.436315
0.512974
0.680229
1.0407
0.70478
0.754733
1.03877
0.654327
0.484855
0.415856
0.389096
0.379068
0.375434
0.374222
0.374019
0.374461
0.375783
0.378875
0.385863
0.401498
0.436228
0.51277
0.679836
1.0401
0.704511
0.754654
1.03819
0.654095
0.484804
0.415863
0.389112
0.37908
0.37544
0.374229
0.374022
0.374467
0.37579
0.378886
0.38588
0.401514
0.436219
0.512656
0.679451
1.03927
0.70428
0.755032
1.03907
0.654736
0.485142
0.416017
0.389177
0.379105
0.375451
0.374231
0.374026
0.374469
0.375796
0.378903
0.385918
0.401597
0.436382
0.512941
0.679847
1.03958
0.704563
0.754822
1.03869
0.654524
0.485036
0.415968
0.389157
0.379099
0.375448
0.374234
0.374026
0.374473
0.3758
0.378909
0.385934
0.40164
0.436498
0.51322
0.680424
1.04044
0.704889
0.754709
1.03844
0.654425
0.485002
0.415959
0.389155
0.379098
0.37545
0.374232
0.374028
0.374471
0.375798
0.378904
0.385921
0.401613
0.436441
0.513109
0.680219
1.04008
0.704702
0.75454
1.0381
0.654241
0.484914
0.415919
0.389138
0.379093
0.375448
0.374236
0.374029
0.374475
0.3758
0.378903
0.385915
0.401595
0.436406
0.513045
0.680105
1.03986
0.704613
0.754355
1.03761
0.653949
0.484752
0.415838
0.389101
0.379078
0.375444
0.374233
0.374031
0.374475
0.3758
0.378902
0.385907
0.401574
0.436354
0.512938
0.679913
1.03955
0.704464
0.754311
1.03708
0.65374
0.484711
0.41585
0.389121
0.379093
0.375454
0.374242
0.374036
0.374482
0.375807
0.378908
0.385911
0.401567
0.436315
0.512824
0.67966
1.03912
0.704291
0.754729
1.03803
0.654409
0.48506
0.41601
0.389189
0.379122
0.375468
0.374248
0.374042
0.374486
0.375812
0.378918
0.385928
0.401595
0.43635
0.512828
0.679512
1.03863
0.70422
0.75458
1.03775
0.654241
0.484972
0.415969
0.389173
0.379118
0.375468
0.374253
0.374045
0.374492
0.37582
0.378927
0.385948
0.401644
0.436474
0.51312
0.680112
1.03953
0.704599
0.754555
1.03764
0.65422
0.484978
0.415979
0.389182
0.379125
0.375475
0.374257
0.374052
0.374495
0.37582
0.378924
0.385935
0.401613
0.436409
0.512999
0.679908
1.03923
0.704416
0.754505
1.03753
0.654181
0.484969
0.415981
0.389188
0.379132
0.37548
0.374265
0.374056
0.374502
0.375826
0.378927
0.385933
0.401597
0.436366
0.512913
0.679765
1.03902
0.704319
0.754429
1.03739
0.654113
0.484943
0.415974
0.389188
0.379136
0.375487
0.37427
0.374065
0.374508
0.375831
0.378933
0.385935
0.401588
0.436329
0.512808
0.679541
1.03868
0.704172
0.754323
1.03719
0.653983
0.484874
0.415942
0.389177
0.379134
0.375489
0.374276
0.374069
0.374516
0.375842
0.378945
0.385952
0.401615
0.436358
0.512809
0.679411
1.03827
0.704122
0.754203
1.03686
0.653749
0.484735
0.415873
0.389148
0.379126
0.375492
0.374281
0.374078
0.374523
0.375847
0.378953
0.385967
0.401652
0.436466
0.513082
0.680006
1.03923
0.704504
0.754228
1.03649
0.653601
0.484715
0.415892
0.389171
0.379145
0.375504
0.374293
0.374085
0.37453
0.375854
0.378952
0.385954
0.401615
0.436377
0.512917
0.679751
1.03894
0.704297
0.754717
1.03763
0.654339
0.485091
0.416065
0.389249
0.379181
0.375526
0.374305
0.374098
0.37454
0.37586
0.378958
0.385952
0.401595
0.436323
0.512791
0.679522
1.03866
0.704164
0.754637
1.03753
0.654237
0.485024
0.416032
0.389237
0.379181
0.375529
0.374313
0.374104
0.374549
0.375874
0.378971
0.385968
0.401613
0.436325
0.512739
0.679321
1.03822
0.704073
0.75467
1.03762
0.654282
0.485053
0.416053
0.389253
0.379195
0.375543
0.374325
0.374118
0.374561
0.375882
0.378985
0.38599
0.401656
0.436427
0.512967
0.679804
1.03907
0.704404
0.754657
1.03767
0.65428
0.485047
0.416053
0.389257
0.379201
0.375549
0.374333
0.374124
0.374568
0.375894
0.378994
0.385999
0.401662
0.436412
0.512895
0.679586
1.03864
0.704273
0.754589
1.03764
0.654204
0.484995
0.416028
0.389251
0.379205
0.375559
0.374343
0.374137
0.37458
0.375899
0.379003
0.38601
0.40169
0.436501
0.513137
0.680156
1.03968
0.704661
0.754483
1.03745
0.653992
0.484852
0.415952
0.389217
0.379194
0.375558
0.374348
0.374141
0.374586
0.375909
0.379004
0.386001
0.401654
0.436404
0.512937
0.679833
1.03935
0.704432
0.754467
1.03714
0.653793
0.484783
0.415942
0.389227
0.379209
0.375574
0.374362
0.374157
0.3746
0.375917
0.379015
0.386009
0.401655
0.43639
0.512872
0.679646
1.03903
0.70437
0.754893
1.03817
0.654361
0.48503
0.416041
0.389266
0.379227
0.375583
0.374371
0.374163
0.374607
0.375932
0.37903
0.386032
0.401695
0.436466
0.51305
0.680075
1.0399
0.704672
0.754864
1.0379
0.654164
0.484954
0.416025
0.389274
0.37924
0.375599
0.374385
0.374179
0.374623
0.375941
0.379044
0.386044
0.401699
0.436441
0.512929
0.679749
1.0394
0.704491
0.755389
1.03921
0.654936
0.485329
0.416193
0.389346
0.379272
0.375614
0.374395
0.374185
0.374629
0.375958
0.379066
0.386088
0.401787
0.43661
0.513245
0.680279
1.04015
0.704915
0.755315
1.03911
0.654758
0.485201
0.416123
0.389316
0.379265
0.375619
0.374403
0.374197
0.374642
0.375965
0.379078
0.386105
0.401826
0.436718
0.513522
0.680927
1.04137
0.705332
0.755526
1.03888
0.654547
0.485062
0.416049
0.389282
0.379252
0.375614
0.374405
0.374198
0.374644
0.375974
0.379084
0.38611
0.40182
0.436676
0.513414
0.680744
1.04127
0.70522
0.756561
1.03827
0.654266
0.484968
0.416029
0.389287
0.379263
0.375628
0.374416
0.374211
0.374656
0.375981
0.379099
0.386132
0.401859
0.436744
0.513497
0.680791
1.04128
0.705333
0.760502
1.03898
0.654762
0.485197
0.41612
0.38932
0.379275
0.375631
0.374418
0.37421
0.374656
0.375989
0.379107
0.386157
0.401923
0.436898
0.513864
0.68158
1.04267
0.705877
0.771108
1.04157
0.655428
0.485372
0.416173
0.389343
0.379289
0.375643
0.374426
0.37422
0.374662
0.375987
0.379104
0.386144
0.401898
0.436863
0.513822
0.681571
1.04285
0.705866
0.805113
1.05895
0.661568
0.487539
0.416936
0.38961
0.379381
0.375672
0.374436
0.374219
0.37466
0.375987
0.379099
0.386137
0.401887
0.436846
0.513818
0.68164
1.04315
0.705947
0.750075
1.03924
0.654735
0.485155
0.416101
0.389318
0.379281
0.375641
0.374426
0.37422
0.374661
0.375983
0.379094
0.386124
0.401861
0.436805
0.513762
0.681619
1.04334
0.705956
0.757022
1.04234
0.655913
0.485586
0.416252
0.389368
0.379295
0.375641
0.374424
0.374213
0.374655
0.375981
0.379089
0.386119
0.401849
0.43677
0.513688
0.681515
1.04338
0.705923
0.756194
1.04204
0.655632
0.485402
0.416152
0.38932
0.379273
0.375633
0.374418
0.374213
0.374653
0.375977
0.37909
0.386123
0.401863
0.436797
0.513714
0.681489
1.04331
0.70597
0.756303
1.04198
0.655541
0.485375
0.416152
0.389323
0.379273
0.375628
0.374413
0.374203
0.374644
0.37597
0.379082
0.386126
0.401891
0.436901
0.514005
0.682174
1.04458
0.706436
0.756713
1.04323
0.656221
0.485678
0.416272
0.389365
0.379284
0.37563
0.374408
0.3742
0.374636
0.37596
0.379067
0.386097
0.401839
0.436807
0.513853
0.681991
1.04453
0.706298
0.756472
1.04298
0.655882
0.485436
0.416131
0.38929
0.379244
0.375605
0.374393
0.374185
0.374625
0.375948
0.379053
0.386082
0.40181
0.436751
0.513747
0.681833
1.04447
0.706229
0.756441
1.04273
0.655687
0.485356
0.416105
0.389281
0.379237
0.3756
0.374383
0.374179
0.374615
0.375941
0.379047
0.386077
0.401812
0.43675
0.51372
0.681716
1.04424
0.706203
0.756785
1.04372
0.656213
0.485572
0.416178
0.389299
0.379235
0.37559
0.374374
0.374165
0.374605
0.375929
0.379037
0.386077
0.401829
0.436831
0.513955
0.682284
1.04531
0.706585
0.75665
1.04332
0.655924
0.485437
0.416121
0.389273
0.379219
0.375579
0.374359
0.374155
0.37459
0.37592
0.379025
0.386057
0.401794
0.436749
0.513783
0.68199
1.045
0.706377
0.757018
1.04441
0.656559
0.485733
0.416241
0.389314
0.379228
0.375573
0.374353
0.374144
0.374583
0.375907
0.379017
0.386058
0.401803
0.436775
0.513799
0.681912
1.04475
0.706387
0.756751
1.04402
0.656189
0.485486
0.4161
0.389238
0.379184
0.375549
0.37433
0.374129
0.374564
0.375899
0.37901
0.386061
0.401842
0.436888
0.514095
0.682565
1.04585
0.706818
0.756684
1.04366
0.656004
0.485439
0.416098
0.389245
0.379187
0.375544
0.374327
0.37412
0.374558
0.37588
0.378988
0.38603
0.401787
0.436811
0.513978
0.682406
1.0457
0.706683
0.756998
1.04462
0.656577
0.485702
0.416199
0.389273
0.379186
0.375536
0.37431
0.374107
0.374538
0.375871
0.37897
0.386006
0.401754
0.436751
0.513896
0.682316
1.04564
0.706633
0.756665
1.04408
0.656151
0.485441
0.41606
0.389205
0.379153
0.375518
0.374304
0.374099
0.374536
0.375855
0.378953
0.385976
0.401695
0.436661
0.513753
0.682121
1.04545
0.706501
0.756547
1.04355
0.65586
0.48533
0.416023
0.389189
0.379141
0.375508
0.374289
0.374089
0.37452
0.375852
0.378943
0.385959
0.401664
0.436575
0.513578
0.681819
1.04507
0.706312
0.756829
1.0443
0.656322
0.485541
0.416106
0.389221
0.379154
0.375512
0.374295
0.37409
0.374528
0.375846
0.378942
0.385957
0.40165
0.436549
0.513487
0.681557
1.04453
0.706183
0.756631
1.04366
0.655958
0.485385
0.416045
0.389195
0.379138
0.375502
0.374282
0.374082
0.374516
0.375851
0.378946
0.385972
0.401692
0.436633
0.513682
0.681981
1.04526
0.706474
0.756966
1.04459
0.656551
0.485684
0.41618
0.389254
0.379166
0.375515
0.374295
0.37409
0.37453
0.375849
0.378949
0.385971
0.401677
0.436603
0.513586
0.681707
1.04469
0.706307
0.756654
1.04401
0.656114
0.485414
0.416034
0.389179
0.379126
0.375495
0.37428
0.374083
0.37452
0.375857
0.378955
0.385988
0.401722
0.436699
0.513828
0.682253
1.04562
0.706682
0.756585
1.04352
0.655867
0.485342
0.41603
0.389194
0.379145
0.37551
0.374298
0.374096
0.374539
0.375859
0.37896
0.385981
0.401688
0.436625
0.513663
0.681947
1.04522
0.70647
0.756927
1.04432
0.656352
0.485554
0.416108
0.389217
0.379148
0.375509
0.374292
0.374095
0.374534
0.37587
0.37897
0.386001
0.401724
0.436664
0.513687
0.681871
1.04493
0.706488
0.756839
1.04385
0.656094
0.485465
0.416093
0.389228
0.379166
0.375526
0.374313
0.37411
0.374555
0.375878
0.378985
0.386019
0.401762
0.436779
0.513981
0.68252
1.04603
0.706928
0.75729
1.04497
0.656801
0.485815
0.416247
0.389289
0.379187
0.375533
0.374312
0.374111
0.374552
0.375884
0.378984
0.386012
0.401738
0.43671
0.513851
0.682333
1.04587
0.706791
0.757132
1.04478
0.656603
0.485689
0.416184
0.389265
0.379186
0.37554
0.374328
0.374126
0.374572
0.375895
0.378997
0.386018
0.401733
0.436685
0.513783
0.682208
1.04577
0.706753
0.757062
1.04461
0.656425
0.485568
0.416118
0.389232
0.37917
0.375534
0.374324
0.374126
0.374571
0.375903
0.379007
0.386037
0.401764
0.436726
0.513817
0.682167
1.0456
0.706789
0.757118
1.0444
0.656329
0.485567
0.416147
0.389262
0.379196
0.375554
0.374343
0.374141
0.374589
0.375914
0.379021
0.386054
0.401806
0.436842
0.51412
0.682855
1.04682
0.707262
0.757578
1.04562
0.657062
0.485921
0.4163
0.389324
0.37922
0.375563
0.374347
0.374143
0.374589
0.375914
0.379016
0.386039
0.401767
0.436761
0.513981
0.682681
1.04675
0.707134
0.757434
1.04551
0.656883
0.485795
0.416232
0.389294
0.379212
0.375565
0.374355
0.374152
0.3746
0.375924
0.379024
0.386039
0.401753
0.436712
0.513878
0.682526
1.04669
0.707074
0.757358
1.04541
0.656719
0.485676
0.416167
0.389263
0.3792
0.375561
0.374355
0.374154
0.374603
0.375926
0.379029
0.386048
0.401762
0.436718
0.513846
0.682394
1.04647
0.707045
0.757377
1.0452
0.656592
0.485646
0.416175
0.389278
0.379212
0.375571
0.374362
0.374159
0.374608
0.375936
0.379041
0.386068
0.401809
0.436819
0.514085
0.682931
1.0475
0.707419
0.757779
1.04637
0.657255
0.485951
0.416299
0.389324
0.379229
0.375576
0.374364
0.37416
0.374608
0.375929
0.379036
0.386061
0.401795
0.436794
0.51401
0.682735
1.04719
0.7073
0.757571
1.04609
0.656938
0.485728
0.416173
0.389259
0.379197
0.375559
0.374353
0.374151
0.374599
0.375927
0.379032
0.386062
0.401818
0.436866
0.514232
0.683297
1.04828
0.707665
0.757566
1.04587
0.656823
0.48571
0.416184
0.38927
0.379202
0.375558
0.374349
0.374143
0.37459
0.375906
0.37901
0.386025
0.401748
0.436741
0.513993
0.682912
1.04789
0.707358
0.757936
1.04703
0.657519
0.486037
0.416314
0.389309
0.379203
0.375543
0.374327
0.374118
0.374562
0.375888
0.378988
0.386007
0.401731
0.436697
0.513879
0.682628
1.04739
0.707173
0.757609
1.04676
0.657289
0.48589
0.416229
0.389257
0.379168
0.375513
0.3743
0.374089
0.374534
0.375849
0.378955
0.385976
0.401713
0.436725
0.513995
0.682932
1.04798
0.707301
0.757233
1.0464
0.657071
0.485766
0.416151
0.389198
0.379116
0.375462
0.374247
0.374036
0.374475
0.375799
0.378899
0.38592
0.401648
0.436617
0.513771
0.682433
1.04703
0.706859
0.756599
1.04568
0.65665
0.485543
0.416029
0.389121
0.379059
0.375412
0.374198
0.373984
0.374421
0.375731
0.378829
0.385842
0.401572
0.436573
0.513805
0.682618
1.04729
0.706799
0.755587
1.04433
0.655905
0.48515
0.415818
0.388994
0.378968
0.375334
0.374122
0.373906
0.374335
0.375643
0.37872
0.385706
0.401375
0.436261
0.513281
0.681721
1.04579
0.705885
0.754187
1.04234
0.654991
0.484788
0.415676
0.388926
0.378919
0.375287
0.37407
0.373848
0.374265
0.375554
0.378602
0.385529
0.401108
0.435832
0.51257
0.680518
1.04371
0.704675
0.752209
1.04075
0.654472
0.484628
0.41562
0.388895
0.37889
0.375254
0.37403
0.3738
0.3742
0.375462
0.378458
0.385298
0.400711
0.435167
0.511444
0.67863
1.04053
0.702741
0.747849
1.03624
0.652369
0.483783
0.415342
0.388852
0.378935
0.37533
0.374106
0.37387
0.374241
0.375463
0.378364
0.385034
0.400159
0.434114
0.509594
0.675546
1.03555
0.699461
0.739879
1.0286
0.64885
0.482505
0.415073
0.388995
0.379228
0.375671
0.374454
0.374204
0.374537
0.375672
0.378415
0.384793
0.399372
0.432436
0.506458
0.67019
1.02697
0.693374
0.724697
1.01409
0.642015
0.48014
0.414791
0.389574
0.380118
0.376665
0.375456
0.375193
0.375461
0.376491
0.378965
0.384829
0.39844
0.42978
0.501032
0.660647
1.01173
0.681653
0.696025
0.984539
0.628123
0.475623
0.414647
0.391209
0.382387
0.379118
0.377936
0.377635
0.377831
0.37867
0.380776
0.385817
0.397743
0.425841
0.491298
0.64148
0.979055
0.658235
0.645638
0.924297
0.601488
0.468138
0.415776
0.395708
0.388022
0.385063
0.383903
0.383553
0.38365
0.384319
0.385981
0.389966
0.399492
0.42241
0.47764
0.609449
0.918093
0.616946
0.567731
0.811666
0.557946
0.459334
0.421668
0.40717
0.401379
0.398958
0.397895
0.397498
0.397515
0.397983
0.399208
0.402016
0.408555
0.424304
0.463191
0.560745
0.805401
0.549905
0.469807
0.6317
0.501792
0.455219
0.437182
0.429776
0.426452
0.424851
0.424026
0.423687
0.42367
0.424046
0.424896
0.426691
0.430343
0.438443
0.45736
0.50442
0.6289
0.461958
0.392326
0.457223
0.411599
0.398744
0.395499
0.395404
0.39612
0.396873
0.397431
0.397725
0.397775
0.397526
0.397024
0.396312
0.395607
0.395705
0.398949
0.411872
0.456844
0.389728
0.37015
0.399108
0.397493
0.392218
0.389026
0.387158
0.385972
0.385186
0.384694
0.384434
0.384396
0.384564
0.384966
0.385632
0.386666
0.388297
0.39111
0.395763
0.397253
0.369246
)
;

boundaryField
{
    fixedWalls_1
    {
        type            kqRWallFunction;
        value           nonuniform List<scalar> 
200
(
0.930763
0.728781
0.76894
0.76107
0.771942
0.805074
0.749385
0.757023
0.760113
0.772189
0.8086
0.765046
0.803542
0.749135
0.757216
0.759458
0.769848
0.803526
0.749557
0.760051
0.769464
0.803192
0.749595
0.760227
0.769622
0.802865
0.74838
0.755023
0.754022
0.753954
0.75423
0.754045
0.754408
0.754158
0.754163
0.754573
0.754362
0.754232
0.754174
0.754547
0.754451
0.754882
0.754681
0.754705
0.755162
0.755225
0.756055
0.757012
0.760505
0.771037
0.804673
0.750184
0.756999
0.756182
0.756268
0.756637
0.756324
0.756203
0.756524
0.756835
0.756681
0.757068
0.756816
0.756829
0.757259
0.757088
0.756996
0.756809
0.756565
0.756411
0.756801
0.757167
0.756961
0.756823
0.756789
0.757181
0.75716
0.757692
0.757637
0.757651
0.757607
0.757491
0.757465
0.757799
0.757471
0.757309
0.757432
0.756764
0.755836
0.754327
0.751769
0.747562
0.740113
0.724954
0.696482
0.646196
0.567955
0.470183
0.392233
0.370159
0.865915
0.677368
0.718386
0.706266
0.706477
0.705825
0.705481
0.705248
0.70547
0.70525
0.705575
0.705282
0.705054
0.704858
0.705076
0.704827
0.705106
0.704791
0.704691
0.705003
0.704734
0.704562
0.704473
0.70485
0.704685
0.704642
0.704566
0.704465
0.704312
0.704108
0.703971
0.704261
0.704109
0.704503
0.704292
0.704151
0.704046
0.704349
0.704177
0.704537
0.704417
0.70481
0.704578
0.704528
0.704958
0.705408
0.705302
0.705262
0.705262
0.705689
0.70567
0.706207
0.70615
0.706168
0.706121
0.706164
0.706638
0.706525
0.706476
0.70635
0.706291
0.706636
0.706391
0.706353
0.706715
0.706474
0.706296
0.706145
0.706393
0.706146
0.70641
0.706181
0.706584
0.706999
0.706876
0.706849
0.706896
0.707382
0.707273
0.707241
0.707251
0.707653
0.707427
0.70735
0.707592
0.707151
0.706783
0.706624
0.705616
0.704447
0.703071
0.699861
0.693908
0.681873
0.658575
0.616823
0.549854
0.461857
0.389625
0.369296
)
;
    }
    frontAndBack_1
    {
        type            empty;
    }
    inlet_1
    {
        type            fixedValue;
        value           uniform 0.375;
    }
    outlet_1
    {
        type            zeroGradient;
    }
    fixedWalls_2
    {
        type            kqRWallFunction;
        value           nonuniform List<scalar> 
200
(
1.67784
0.797669
1.0933
1.10345
1.27112
0.901824
0.989151
0.970954
0.980731
0.993016
1.02729
1.11314
1.26861
0.900579
0.986348
0.966975
0.971181
0.970642
0.97038
0.970214
0.969949
0.96989
0.970247
0.969979
0.970458
0.969949
0.969796
0.969436
0.969297
0.969633
0.969781
0.969449
0.969854
0.969556
0.970225
0.970599
0.970388
0.970514
0.970501
0.970483
0.970421
0.970352
0.97046
0.970915
0.970553
0.970746
0.971135
0.970731
0.970909
0.971483
0.971869
0.971583
0.971646
0.971766
0.97226
0.97189
0.971808
0.971568
0.971509
0.971971
0.972166
0.971754
0.971826
0.972153
0.971663
0.971757
0.972041
0.971555
0.971634
0.971993
0.971767
0.972266
0.971882
0.972091
0.972566
0.972191
0.972273
0.972339
0.972871
0.972486
0.972565
0.97262
0.973112
0.972663
0.972521
0.972048
0.971428
0.970696
0.969774
0.967143
0.963047
0.955585
0.941603
0.915602
0.867817
0.784822
0.660041
0.507959
0.394022
0.377761
1.59232
0.7602
1.01638
0.936464
0.955223
0.950236
0.950761
0.950252
0.950176
0.950501
0.950246
0.950748
0.950328
0.950287
0.950053
0.949868
0.949857
0.950232
0.949762
0.949611
0.949285
0.949156
0.949407
0.949034
0.949429
0.9491
0.949533
0.949071
0.949227
0.949641
0.949273
0.949247
0.949093
0.949174
0.949628
0.949256
0.949279
0.949351
0.949837
0.949465
0.949468
0.949507
0.950009
0.949888
0.950491
0.950128
0.950148
0.950174
0.950633
0.950451
0.951035
0.950887
0.951475
0.951075
0.951049
0.951017
0.951409
0.951158
0.951682
0.951494
0.952087
0.95175
0.951798
0.951639
0.951455
0.951222
0.951146
0.951456
0.951135
0.951575
0.951298
0.951836
0.951661
0.952261
0.951917
0.952002
0.952121
0.952648
0.952298
0.952298
0.952285
0.952664
0.952342
0.9527
0.952206
0.952299
0.951241
0.950448
0.949422
0.947063
0.944093
0.937582
0.925866
0.901527
0.857063
0.779001
0.659064
0.507869
0.394652
0.376799
)
;
    }
    frontAndBack_2
    {
        type            empty;
    }
    inlet_2
    {
        type            fixedValue;
        value           uniform 0.375;
    }
    outlet_2
    {
        type            zeroGradient;
    }
    fixedWalls_3
    {
        type            kqRWallFunction;
        value           nonuniform List<scalar> 
200
(
2.23901
0.676712
1.31856
1.28033
1.57434
0.903297
1.12078
1.08577
1.16438
1.31257
1.56798
0.897005
1.10386
1.04475
1.06235
1.05966
1.06477
1.07482
1.1004
1.16412
1.32366
1.58852
0.937372
1.2065
1.30041
1.56497
0.897007
1.10285
1.04343
1.06022
1.0558
1.05726
1.0566
1.05713
1.05675
1.05724
1.0569
1.05742
1.05711
1.05759
1.05709
1.05735
1.05785
1.05815
1.05785
1.05793
1.05779
1.05792
1.05835
1.05818
1.05874
1.0583
1.05841
1.05846
1.05883
1.05836
1.05835
1.05831
1.05864
1.05836
1.05877
1.05827
1.05845
1.05873
1.05818
1.05817
1.05805
1.0584
1.05806
1.05857
1.05826
1.05879
1.05835
1.05864
1.05902
1.05861
1.05876
1.05878
1.05923
1.05873
1.0588
1.05872
1.05911
1.05872
1.05908
1.05826
1.05776
1.05665
1.05497
1.05245
1.0481
1.03933
1.02357
0.993742
0.937333
0.841282
0.694601
0.518166
0.387376
0.382004
2.19732
0.703915
1.24416
1.05372
1.1111
1.09317
1.09771
1.09599
1.09631
1.0965
1.09624
1.09666
1.0961
1.09601
1.09567
1.09565
1.09605
1.0962
1.09575
1.09565
1.09536
1.09534
1.09564
1.09535
1.09579
1.09525
1.09527
1.09525
1.0956
1.09511
1.09511
1.09506
1.09535
1.09481
1.09492
1.09513
1.09484
1.09543
1.09567
1.09559
1.09615
1.09577
1.09594
1.09607
1.09657
1.09624
1.09641
1.09653
1.09701
1.09663
1.09672
1.09676
1.09722
1.09702
1.09753
1.09709
1.09734
1.09763
1.09722
1.09743
1.09771
1.09729
1.0975
1.09778
1.0973
1.09727
1.09723
1.09761
1.09736
1.09785
1.09743
1.09774
1.09812
1.09778
1.09792
1.09803
1.0985
1.0981
1.09817
1.09817
1.09854
1.0982
1.09857
1.09812
1.0985
1.09828
1.0973
1.09628
1.0945
1.09197
1.08775
1.07866
1.06156
1.02819
0.96786
0.866658
0.713901
0.526492
0.392331
0.380461
)
;
    }
    frontAndBack_3
    {
        type            empty;
    }
    inlet_3
    {
        type            fixedValue;
        value           uniform 0.375;
    }
    outlet_3
    {
        type            zeroGradient;
    }
    fixedWalls_4
    {
        type            kqRWallFunction;
        value           nonuniform List<scalar> 
200
(
1.66842
0.778777
1.04462
0.98013
1.03188
1.11324
1.26957
0.900999
0.987332
0.966985
0.971276
0.970043
0.970469
0.969971
0.970438
0.970622
0.970417
0.970931
0.970527
0.970528
0.970337
0.970137
0.969915
0.969846
0.970124
0.969574
0.969663
0.97021
0.970786
0.971165
0.973176
0.978418
0.992224
1.02576
1.11141
1.26639
0.902305
0.989107
0.975504
0.993225
1.02696
1.11255
1.26759
0.902422
0.988202
0.970869
0.980634
0.993441
1.02857
1.11438
1.26995
0.901857
0.987718
0.968166
0.973188
0.971889
0.972155
0.971967
0.971834
0.971868
0.972225
0.9718
0.971913
0.972274
0.971772
0.971678
0.971591
0.971976
0.97171
0.972198
0.971785
0.971983
0.972434
0.972052
0.972113
0.972162
0.972663
0.972229
0.972237
0.972204
0.972656
0.972383
0.972851
0.972303
0.972304
0.972379
0.971442
0.97062
0.969258
0.967445
0.962945
0.95564
0.941633
0.91568
0.867952
0.785042
0.660344
0.508221
0.393836
0.377817
1.59179
0.759968
1.01584
0.935955
0.955043
0.949835
0.95055
0.950587
0.950315
0.950726
0.950201
0.950073
0.949949
0.950203
0.949603
0.949532
0.949703
0.949302
0.949776
0.949932
0.949427
0.949217
0.949025
0.949259
0.948888
0.949429
0.949687
0.949326
0.949263
0.94908
0.949125
0.949538
0.949115
0.949069
0.949046
0.949409
0.948925
0.948972
0.949255
0.94896
0.949543
0.949873
0.949806
0.950422
0.950118
0.950236
0.950404
0.951004
0.950761
0.95086
0.950811
0.950978
0.951494
0.951156
0.951183
0.951221
0.951645
0.951233
0.951359
0.951686
0.951224
0.951309
0.951681
0.951493
0.952054
0.951699
0.951732
0.951585
0.951503
0.951619
0.952152
0.951882
0.951978
0.9519
0.951877
0.952036
0.952579
0.952291
0.952396
0.952539
0.953079
0.952719
0.952611
0.952239
0.951979
0.952077
0.951749
0.950465
0.949221
0.947518
0.943865
0.93809
0.925377
0.901327
0.85662
0.778631
0.659083
0.507529
0.394406
0.377017
)
;
    }
    frontAndBack_4
    {
        type            empty;
    }
    inlet_4
    {
        type            fixedValue;
        value           uniform 0.375;
    }
    outlet_4
    {
        type            zeroGradient;
    }
    fixedWalls_5
    {
        type            kqRWallFunction;
        value           nonuniform List<scalar> 
200
(
0.931219
0.729122
0.768701
0.758011
0.761417
0.77133
0.804748
0.749303
0.75658
0.755475
0.755345
0.75518
0.755429
0.755041
0.75487
0.755109
0.754892
0.755224
0.754923
0.754733
0.754654
0.755032
0.754822
0.754709
0.75454
0.754355
0.754311
0.754729
0.75458
0.754555
0.754505
0.754429
0.754323
0.754203
0.754228
0.754717
0.754637
0.75467
0.754657
0.754589
0.754483
0.754467
0.754893
0.754864
0.755389
0.755315
0.755526
0.756561
0.760502
0.771108
0.805113
0.750075
0.757022
0.756194
0.756303
0.756713
0.756472
0.756441
0.756785
0.75665
0.757018
0.756751
0.756684
0.756998
0.756665
0.756547
0.756829
0.756631
0.756966
0.756654
0.756585
0.756927
0.756839
0.75729
0.757132
0.757062
0.757118
0.757578
0.757434
0.757358
0.757377
0.757779
0.757571
0.757566
0.757936
0.757609
0.757233
0.756599
0.755587
0.754187
0.752209
0.747849
0.739879
0.724697
0.696025
0.645638
0.567731
0.469807
0.392326
0.37015
0.86591
0.676919
0.717812
0.7061
0.706229
0.706142
0.705846
0.705701
0.705525
0.705329
0.705231
0.705572
0.705327
0.705135
0.704841
0.704598
0.704845
0.705098
0.70478
0.704511
0.70428
0.704563
0.704889
0.704702
0.704613
0.704464
0.704291
0.70422
0.704599
0.704416
0.704319
0.704172
0.704122
0.704504
0.704297
0.704164
0.704073
0.704404
0.704273
0.704661
0.704432
0.70437
0.704672
0.704491
0.704915
0.705332
0.70522
0.705333
0.705877
0.705866
0.705947
0.705956
0.705923
0.70597
0.706436
0.706298
0.706229
0.706203
0.706585
0.706377
0.706387
0.706818
0.706683
0.706633
0.706501
0.706312
0.706183
0.706474
0.706307
0.706682
0.70647
0.706488
0.706928
0.706791
0.706753
0.706789
0.707262
0.707134
0.707074
0.707045
0.707419
0.7073
0.707665
0.707358
0.707173
0.707301
0.706859
0.706799
0.705885
0.704675
0.702741
0.699461
0.693374
0.681653
0.658235
0.616946
0.549905
0.461958
0.389728
0.369246
)
;
    }
    frontAndBack_5
    {
        type            empty;
    }
    inlet_5
    {
        type            fixedValue;
        value           uniform 0.375;
    }
    outlet_5
    {
        type            zeroGradient;
    }
}


// ************************************************************************* //
