/*--------------------------------*- C++ -*----------------------------------*\
  =========                 |
  \\      /  F ield         | OpenFOAM: The Open Source CFD Toolbox
   \\    /   O peration     | Website:  https://openfoam.org
    \\  /    A nd           | Version:  6
     \\/     M anipulation  |
\*---------------------------------------------------------------------------*/
FoamFile
{
    version     2.0;
    format      ascii;
    class       volScalarField;
    location    "20";
    object      epsilon;
}
// * * * * * * * * * * * * * * * * * * * * * * * * * * * * * * * * * * * * * //

dimensions      [0 2 -3 0 0 0 0];

internalField   nonuniform List<scalar> 
10000
(
261.149
353.208
223.12
139.954
89.979
62.2076
46.8477
38.5193
34.1854
32.411
32.6278
34.8117
39.5038
48.1116
63.5016
90.8291
138.741
220.473
349.51
262.275
260.103
352.232
222.204
139.973
89.7768
62.1181
46.5473
38.3187
34.0528
32.3418
32.5841
34.76
39.3992
47.6705
62.8415
89.8956
137.2
218.866
349.25
261.843
261.593
353.775
224.134
140.175
88.8887
61.9886
46.8438
38.4916
34.1317
32.298
32.5537
34.726
39.2871
47.9048
63.4527
90.8651
137.852
219.943
349.34
261.735
262.065
353.198
223.93
140.137
89.8345
62.0265
46.8206
38.472
34.1228
32.283
32.449
34.6336
39.4972
48.1369
62.9964
90.8156
138.097
221.011
349.094
262.271
263.019
354.414
222.383
139.726
88.8615
61.3169
46.6916
38.4117
34.0907
32.2919
32.4538
34.673
39.4675
48.1536
63.6512
90.2137
138.895
219.933
350.008
261.645
262.561
354.175
223.69
139.547
88.9847
61.7285
46.6939
38.3699
34.0073
32.2083
32.4476
34.6177
39.4083
47.7782
63.6333
91.0221
137.96
221.259
349.876
261.446
262.292
352.934
222.016
139.211
88.9942
62.1868
46.6683
38.2197
34.0918
32.2961
32.5125
34.6831
39.3944
48.0196
63.5676
91.0263
139.132
220.053
349.349
260.618
261.786
353.863
223.443
138.029
89.3461
62.3238
46.4095
38.3405
34.1289
32.3218
32.5039
34.6509
39.3215
47.6274
63.386
90.8286
138.83
221.06
349.124
260.276
261.49
352.785
222.224
138.37
90.2966
62.5065
46.8681
38.5631
34.1613
32.2628
32.4
34.4876
39.2737
47.8983
63.2484
90.5974
137.412
220.759
348.778
259.905
260.634
353.224
222.686
138.566
90.4484
62.5802
47.101
38.6153
34.1916
32.3393
32.4763
34.5111
39.195
47.4945
62.7718
90.4131
139.08
220.531
348.456
260.198
261.097
353.762
222.941
139.146
90.4437
62.5585
47.0892
38.5983
34.1869
32.3273
32.4902
34.5131
39.0346
47.5163
62.4987
89.4126
138.872
219.158
347.457
261.013
260.903
353.482
223.744
140.42
90.3774
62.5195
47.0679
38.577
34.1685
32.2472
32.4993
34.6164
39.1493
47.6453
62.8138
90.5126
138.865
220.907
347.897
261.328
260.56
352.257
223.257
140.351
90.6102
62.4062
46.995
38.523
34.1674
32.3092
32.5187
34.649
39.3181
47.9314
63.148
90.2517
137.498
219.784
347.772
261.656
260.358
352.906
221.778
140.065
90.4128
61.8481
46.6977
38.2996
34.0845
32.3815
32.5214
34.636
39.3095
47.9283
63.0448
89.9926
138.757
221.539
348.089
261.832
259.682
352.833
222.311
139.902
90.2184
62.4902
47.1609
38.6051
34.2801
32.4184
32.5276
34.6102
39.2713
47.9168
62.8896
88.7197
138.042
221.482
348.926
261.709
260.262
352.545
222.689
139.533
89.9945
62.4446
47.1764
38.7835
34.3251
32.4162
32.5229
34.5057
39.0745
47.9219
62.6523
89.918
136.423
221.239
347.903
261.748
260.803
351.974
220.907
138.963
88.8943
61.8601
47.0548
38.7593
34.3152
32.3654
32.5451
34.684
39.395
48.0179
63.7025
91.2126
137.699
221.32
349.367
261.773
260.84
352.88
222.28
137.918
89.1782
62.3936
46.9019
38.6112
34.2988
32.4595
32.5339
34.6583
39.371
47.6876
63.6728
91.2076
138.278
220.435
349.293
261.356
262.534
353.597
223.216
138.426
89.4161
62.4145
47.3011
38.8585
34.2782
32.4676
32.4272
34.531
39.3929
48.0923
63.6751
91.1535
139.433
221.491
349.465
262.431
262.764
352.519
221.693
138.719
89.9537
62.2685
47.2802
38.8884
34.4338
32.5165
32.5287
34.6566
39.1853
47.6874
63.4374
90.8867
138.059
219.985
349.518
262.693
262.341
352.998
222.028
136.987
89.022
61.4411
47.1757
38.8355
34.3956
32.5216
32.5634
34.7327
39.2996
47.7974
62.8917
90.1458
138.863
220.822
349.533
262.599
262.322
351.913
221.456
138.725
90.6041
62.1802
47.213
38.6793
34.4102
32.5314
32.6422
34.7303
39.4189
48.0021
63.3627
90.9291
139.739
221.675
349.25
262.571
262.158
352.689
221.726
140.072
90.7035
62.6258
47.0724
38.8302
34.4162
32.464
32.5613
34.6219
39.3713
47.8896
63.1678
90.6419
139.516
221.496
348.366
262.571
262.056
352.278
221.42
139.96
90.5871
62.8028
47.4376
38.779
34.3625
32.5554
32.6518
34.7017
39.3412
47.7306
62.8627
90.1719
139.108
220.406
349.572
262.672
261.98
351.912
221.8
139.806
89.6186
62.2197
47.3896
38.9911
34.4746
32.5738
32.6396
34.5741
39.2978
47.2574
61.9736
88.7512
138.807
221.864
348.702
262.472
261.845
352.023
222.706
139.544
90.3813
62.7165
47.3395
38.9392
34.3614
32.5464
32.6378
34.6731
39.3564
47.667
62.7438
89.7564
137.594
221.904
349.259
262.071
262.893
352.854
221.124
139.045
90.0861
62.5194
47.2889
38.8938
34.373
32.5246
32.6192
34.7006
39.3482
47.8679
63.1215
90.4245
138.98
221.921
349.291
262.779
262.682
352.749
222.254
137.515
88.8649
61.7374
46.8663
38.8328
34.4066
32.4941
32.5043
34.5271
39.1087
47.4294
62.3534
89.1669
137.295
221.811
349.905
263.226
262.316
352.356
220.864
137.772
89.1401
61.9121
46.9955
38.8114
34.3829
32.4785
32.5381
34.5673
39.241
47.6064
62.7011
89.7803
138.064
221.659
348.989
262.91
262.901
351.246
220.976
138.564
89.3015
61.9703
47.2072
38.7961
34.3482
32.3922
32.45
34.5257
39.2202
47.764
63.0194
90.3558
138.957
221.692
349.415
262.72
262.687
351.216
220.672
137.288
89.7655
62.2967
47.2063
38.6661
34.2572
32.4448
32.5286
34.5718
39.1395
47.6072
62.7935
90.0198
138.586
221.522
350.231
262.65
262.534
351.129
220.847
138.449
89.6094
61.6692
47.1225
38.7722
34.3346
32.4386
32.5066
34.5352
39.0588
47.3805
62.0028
88.6903
136.766
221.144
350.203
262.145
261.621
351.422
221.247
136.972
88.5887
62.0601
47.0817
38.588
34.2031
32.3328
32.4581
34.4777
38.9179
47.083
62.0707
88.9383
137.173
220.92
349.968
262.254
262.008
350.353
219.752
137.183
88.759
61.575
47.0058
38.6782
34.2337
32.348
32.4397
34.4469
38.8487
47.3343
61.9618
88.833
137.117
220.603
349.688
261.292
262.003
351.297
220.966
137.273
88.7623
61.5884
46.9447
38.6682
34.2618
32.3548
32.3568
34.4108
38.8085
47.2724
61.9423
89.4726
137.883
220.254
348.682
260.994
261.765
350.111
219.277
137.558
89.1003
61.5371
46.876
38.4871
34.1456
32.2847
32.39
34.4008
38.7639
47.1568
61.7583
89.1669
137.565
219.921
349.344
260.236
261.656
350.276
219.389
137.146
88.7679
61.4426
46.6251
38.566
34.2215
32.3387
32.3531
34.3799
38.7489
47.0736
61.5816
88.1463
137.073
219.292
348.012
259.499
261.306
349.984
218.912
135.619
87.6465
61.5592
46.7493
38.4157
34.0937
32.249
32.3251
34.3703
38.7898
46.8103
61.557
88.6174
136.729
218.902
348.753
258.789
261.151
350.384
219.258
135.556
87.6905
61.4371
46.6718
38.4033
34.0833
32.2475
32.3539
34.3398
38.7363
46.9341
61.3112
88.242
136.244
217.458
347.546
258.17
260.887
350.059
217.5
134.88
87.2538
60.8664
46.5276
38.4177
34.0471
32.2224
32.2753
34.2918
38.7162
46.8624
61.212
87.2443
135.93
218.377
347.887
258.21
260.562
349.733
218.186
134.446
87.2698
61.0193
46.464
38.2865
34.0953
32.2409
32.273
34.1604
38.482
46.5699
61.3525
87.6976
135.478
217.971
348.135
257.982
259.605
349.142
216.478
133.709
86.7823
60.3899
46.3157
38.374
34.0862
32.2204
32.2185
34.1404
38.4533
46.4678
61.1084
87.2256
134.939
217.41
348.651
257.985
258.61
347.837
216.597
133.084
85.6431
60.5338
46.0743
38.2983
34.0374
32.1889
32.185
34.0785
38.3615
46.3347
60.7955
86.4596
133.356
216.735
348.234
258.048
257.981
348.145
215.974
132.54
85.5495
60.1419
46.178
38.2626
33.9892
32.1614
32.1534
34.0321
38.2915
46.2284
60.547
85.5965
133.607
216.119
346.859
257.968
257.727
347.715
215.2
132.182
85.1578
60.156
46.0717
38.1871
33.9779
32.1349
32.1388
34.0017
38.2272
46.2028
60.3339
85.4619
133.055
215.499
346.897
257.021
257.588
347.201
213.243
131.034
85.032
59.6755
45.9415
37.9985
33.9018
32.1084
32.1105
33.95
38.1108
46.0428
60.1288
85.2005
131.589
213.66
346.497
257.044
257.016
346.745
212.724
131.339
85.2668
59.8867
45.8788
38.0299
33.9152
32.0917
32.0753
33.8913
38.0588
45.8588
59.8601
85.3491
131.726
213.746
346.266
256.338
256.875
346.037
211.299
130.553
84.7836
59.61
45.7345
37.9528
33.8442
32.0697
32.0019
33.828
37.9413
45.4709
59.5172
84.8439
131.031
212.966
346.438
256.026
256.202
344.372
210.406
128.789
83.5993
58.9208
45.5675
38.0148
33.903
32.0654
32.0128
33.706
37.7536
45.284
58.8071
83.6335
129.319
211.961
345.865
255.549
255.348
344.219
209.444
128.524
83.5152
58.8072
45.4479
37.9495
33.8721
32.0403
31.9557
33.6691
37.7043
45.2165
58.7699
83.5041
129.176
211.057
344.491
255.062
254.602
343.239
208.456
127.642
82.426
58.4496
45.1541
37.7663
33.8185
31.9829
31.9225
33.5906
37.5385
45.0309
58.4658
82.9136
127.426
209.011
344.65
254.81
254.022
342.43
207.223
126.506
82.1998
58.3325
45.1596
37.7529
33.8024
31.9837
31.92
33.5641
37.4373
44.6206
57.7596
81.7931
126.705
208.183
344.128
254.768
253.321
341.518
206.029
125.161
81.1328
57.6966
44.8541
37.7119
33.7359
31.9873
31.926
33.5332
37.3486
44.4837
57.3502
81.0785
125.528
206.681
342.624
254.154
253.012
340.653
204.748
124.088
80.614
57.4419
44.7408
37.6573
33.7552
31.9411
31.8784
33.5407
37.3055
44.3062
57.0006
80.2696
124.427
205.206
342.444
253.911
252.423
339.772
203.372
122.975
79.9312
57.0934
44.5809
37.576
33.7367
31.9782
31.9052
33.4733
37.2021
44.1122
56.6274
79.6449
123.078
203.877
341.602
253.585
252.007
339.231
202.225
122.089
79.3415
56.6728
44.3328
37.4862
33.6432
31.9054
31.8794
33.472
37.095
43.9162
56.2925
79.0464
122.17
202.542
339.67
252.691
251.277
337.435
201.096
120.995
78.5801
56.2474
44.1396
37.3928
33.6296
31.8962
31.8514
33.4239
37.0012
43.726
55.8886
78.338
120.936
201.255
339.052
252.328
250.705
336.871
200.019
119.986
77.951
55.9381
43.9728
37.2564
33.572
31.8401
31.7514
33.2953
36.8502
43.4925
55.4861
77.6311
119.749
199.847
337.923
251.744
250.157
335.453
197.968
118.746
77.2936
55.559
43.7566
37.1394
33.459
31.769
31.6702
33.1958
36.7289
43.2838
55.1058
76.9605
118.598
198.475
337.12
251.082
249.431
334.527
196.46
117.597
76.5499
55.1589
43.5483
36.9726
33.3424
31.6976
31.6096
33.1154
36.5859
43.0397
54.6609
76.1334
117.303
196.707
335.55
250.298
248.806
332.841
194.743
116.303
75.7802
54.7133
43.2843
36.8263
33.2403
31.6017
31.5275
33.0235
36.4634
42.8254
54.2578
75.4052
116.119
194.865
333.85
249.758
248.18
331.681
192.776
114.857
74.9229
54.2358
42.9949
36.6486
33.1323
31.5196
31.4467
32.931
36.3145
42.5686
53.8038
74.6251
114.804
193.233
332.609
248.781
247.299
330.042
190.913
113.433
74.1142
53.7978
42.7467
36.4939
33.0072
31.4046
31.3455
32.817
36.1671
42.327
53.3532
73.7926
113.441
191.277
331.028
248.086
246.57
328.594
189.184
112.135
73.2931
53.2999
42.4484
36.2974
32.8685
31.29
31.2305
32.6815
35.9937
42.0675
52.92
73.0039
112.035
189.428
329.434
246.974
245.495
327.311
187.143
110.579
72.3911
52.7896
42.1334
36.0906
32.715
31.1578
31.0995
32.5385
35.8091
41.7768
52.4148
72.1267
110.526
187.309
327.823
245.979
244.347
325.87
185.305
109.221
71.5572
52.293
41.8291
35.8823
32.5505
31.0121
30.956
32.3843
35.6176
41.4997
51.9501
71.2683
108.983
185.171
326.028
244.386
243.325
324.43
183.027
107.474
70.5173
51.6981
41.4684
35.64
32.367
30.8595
30.8086
32.2165
35.4008
41.1797
51.4218
70.3261
107.37
182.937
324.147
243.322
242.046
322.713
180.791
105.843
69.5104
51.1184
41.1099
35.3956
32.1841
30.697
30.645
32.0334
35.1654
40.836
50.8622
69.3386
105.648
180.47
322.006
241.829
240.339
320.666
178.257
103.985
68.4137
50.4769
40.714
35.1191
31.9655
30.5073
30.4605
31.8302
34.9111
40.476
50.2815
68.2971
103.88
178.005
320.002
240.537
238.489
318.466
175.593
102.126
67.3428
49.8414
40.2952
34.8192
31.7311
30.3038
30.2635
31.615
34.6438
40.0904
49.6378
67.1574
101.947
175.205
317.435
238.495
236.088
315.832
172.403
100.025
66.1374
49.148
39.8357
34.4814
31.4646
30.0714
30.0362
31.3623
34.3228
39.6395
48.9369
65.9451
99.8846
172.199
314.756
236.794
233.527
312.791
168.835
97.7307
64.8521
48.3658
39.3206
34.1071
31.1618
29.8019
29.7714
31.0746
33.9738
39.1528
48.1735
64.6702
97.6699
168.801
311.565
234.442
230.346
308.818
164.809
95.1878
63.4363
47.5319
38.7598
33.682
30.8108
29.4866
29.4606
30.7362
33.5654
38.6033
47.3502
63.2987
95.1996
164.755
307.549
231.285
226.478
303.9
160.307
92.454
61.8722
46.5603
38.1055
33.1885
30.3977
29.1109
29.0884
30.3353
33.0966
37.9899
46.4299
61.7582
92.4304
160.168
302.624
227.386
221.957
297.814
155.216
89.4145
60.1818
45.5339
37.3919
32.6361
29.9244
28.6734
28.6533
29.8653
32.5426
37.2711
45.3911
60.0559
89.3732
155.004
296.421
222.58
216.578
290.472
149.596
86.2007
58.3281
44.3714
36.5732
31.9985
29.3805
28.167
28.1479
29.3251
31.9196
36.4812
44.264
58.2264
86.0689
149.232
288.824
216.533
210.694
281.791
143.428
82.7606
56.384
43.1538
35.7062
31.2903
28.7561
27.5861
27.5714
28.7152
31.2223
35.6048
43.0212
56.2377
82.5355
142.816
279.866
210.088
203.742
271.562
136.758
79.1583
54.3287
41.8065
34.7192
30.4927
28.0528
26.9215
26.9083
28.0131
30.4334
34.6503
41.7251
54.1847
78.8396
135.922
269.323
202.249
196.794
260.147
129.822
75.4866
52.2276
40.432
33.6772
29.6144
27.2644
26.1789
26.1728
27.245
29.5813
33.6298
40.3638
52.0831
75.0857
128.823
257.735
194.965
190.049
247.629
122.738
71.7963
50.0852
38.9705
32.5363
28.6512
26.4008
25.3582
25.3558
26.3955
28.6509
32.5421
38.9667
50.0122
71.4521
121.745
245.258
187.821
183.809
234.308
115.681
68.2254
47.953
37.4596
31.3383
27.6205
25.4624
24.4682
24.4756
25.4864
27.6668
31.4102
37.5342
47.9575
67.9973
114.855
232.358
181.861
178.584
220.645
108.858
64.8363
45.8836
35.946
30.0993
26.5392
24.4708
23.5199
23.5332
24.5139
26.6215
30.2305
36.1123
46.0297
64.8167
108.44
219.685
177.965
176.065
207.197
102.358
61.645
43.9015
34.4518
28.8503
25.4349
23.455
22.5484
22.565
23.511
25.543
29.0319
34.7143
44.2155
61.9005
102.429
207.095
176.642
175.625
194.616
96.541
58.7642
42.0279
32.9971
27.6197
24.3414
22.4437
21.5768
21.595
22.5048
24.459
27.817
33.2918
42.4257
59.2203
97.0038
195.277
176.338
176.311
183.612
91.5685
56.2249
40.3012
31.6244
26.4473
23.2941
21.4743
20.6443
20.6614
21.532
23.4069
26.6387
31.9264
40.7322
56.7332
92.0591
184.332
177.117
180.408
173.929
87.0235
53.9766
38.763
30.3798
25.3717
22.3298
20.5772
19.7785
19.7921
20.6228
22.4168
25.5202
30.6153
39.1121
54.4408
87.561
174.674
181.327
186.336
165.602
83.1104
52.058
37.3976
29.2559
24.3976
21.4551
19.7646
18.9947
19.0048
19.7975
21.5174
24.5035
29.4301
37.6682
52.4296
83.5196
166.062
186.311
193.009
157.999
79.9755
50.4925
36.2218
28.2619
23.5287
20.6753
19.0433
18.3
18.306
19.062
20.7113
23.5854
28.3505
36.36
50.7044
80.2714
158.401
193.383
202.351
151.569
77.6959
49.1583
35.1418
27.3392
22.7334
19.9749
18.4027
17.6876
17.6913
18.4138
19.9956
22.7659
27.3923
35.2253
49.2828
77.8474
151.713
202.607
213.927
146.424
75.9794
48.017
34.1538
26.4808
21.9944
19.3331
17.8264
17.143
17.1448
17.8315
19.3431
22.0096
26.501
34.1744
48.0297
75.981
146.334
213.596
227.973
142.586
74.5729
46.8656
33.1214
25.6033
21.2653
18.7218
17.2953
16.6517
16.6524
17.2973
18.7268
21.2759
25.6261
33.1665
46.9448
74.7108
142.788
228.329
245.678
140.257
73.4884
45.6864
32.0189
24.6782
20.52
18.1213
16.793
16.1986
16.1985
16.7924
18.1202
20.5187
24.677
32.0203
45.6931
73.5114
140.384
245.126
265.895
139.115
72.2458
44.1905
30.6981
23.6338
19.7242
17.5143
16.311
15.7787
15.7785
16.3105
17.5135
19.7238
23.6352
30.7075
44.2201
72.3094
139.147
266.27
289.314
138.685
70.6588
42.3204
29.1386
22.4637
18.8785
16.9056
15.8558
15.3987
15.3984
15.8549
16.9039
18.8763
22.461
29.1367
42.322
70.6656
138.701
289.228
315.543
138.595
68.3089
39.8705
27.2655
21.1498
17.9875
16.3084
15.4431
15.0753
15.0752
15.4428
16.3078
17.9869
21.1499
27.269
39.8843
68.3428
138.625
315.374
343.216
138.072
64.8061
36.7544
25.0889
19.7261
17.0878
15.7551
15.0991
14.8312
14.8311
15.0988
15.7546
17.0872
19.7259
25.0913
36.768
64.8575
138.198
343.489
373.13
135.768
59.5355
32.8039
22.6062
18.2335
16.2242
15.2842
14.8665
14.7151
14.7151
14.8666
15.2844
16.2241
18.2328
22.6045
32.8016
59.5311
135.729
372.785
402.289
127.948
51.2232
27.8454
19.8801
16.7555
15.4642
14.9471
14.7506
14.6762
14.6763
14.7509
14.9475
15.4642
16.7561
19.8824
27.8555
51.258
128.076
402.576
432.613
107.409
38.6482
22.0052
17.1387
15.5598
15.0142
14.821
14.7332
14.7017
14.7017
14.7331
14.8203
15.0129
15.56
17.1388
22.001
38.6354
107.366
432.512
466.471
57.4052
21.6521
16.1832
15.1284
14.8886
14.8334
14.8025
14.796
14.7961
14.7961
14.796
14.8023
14.8327
14.8867
15.1259
16.1837
21.656
57.4198
466.508
720.66
1059.13
664.833
386.425
221.415
132.745
87.328
64.0054
52.1522
47.1079
46.9453
51.7004
63.3947
86.9389
132.532
222.419
386.408
656.736
1045.37
708.773
712.71
1048.58
652.659
376.895
215.64
129.668
86.714
63.6964
51.9017
46.8895
46.6914
51.1341
62.2534
85.3222
129.326
220.639
383.993
646.437
1035.34
701.453
719.531
1060.87
666.026
387.769
222.094
133.335
85.8662
62.9169
51.2537
46.3765
46.1984
51.5192
63.0978
87.2886
132.358
219.07
382.269
658.261
1041.33
701.803
717.104
1058.88
663.328
385.639
220.873
132.855
87.4151
64.0999
52.0484
47.083
46.7682
51.0842
63.6843
87.1705
131.922
213.329
371.984
655.999
1045.94
701.507
710.831
1055.85
659.993
382.374
215.196
129.706
85.9103
63.8746
51.8312
46.9763
46.628
51.6876
63.5645
86.8138
131.529
214.879
374.274
645.786
1036.93
697.235
718.388
1052.12
656.271
373.249
220.365
131.443
87.1361
63.8768
51.3771
46.8409
45.9694
50.9781
62.6018
86.4181
131.179
215.795
376.113
657.199
1047.67
701.916
717.394
1040.31
651.638
381.891
219.584
129.009
86.6954
63.665
51.7446
46.8272
46.5973
51.5779
63.6265
86.0391
130.555
218.813
381.383
655.519
1038.43
696.006
714.514
1042.21
638.435
373.41
214.019
129.299
86.2684
62.9393
52.2978
47.3822
47.0515
51.107
63.5315
84.4195
127.475
217.013
378.39
652.433
1044.43
701.591
709.593
1042.86
655.341
380.829
215.685
130.141
85.1271
63.588
52.1935
47.2411
46.9258
51.2835
63.7028
86.6462
131.414
211.892
368.422
640.854
1050.76
696.94
716.929
1048.9
668.781
386.847
215.429
127.174
86.0674
62.9442
51.9919
47.0907
46.4606
51.7491
63.4914
86.2191
131.176
213.375
376.074
657.075
1051.61
705.032
717.629
1058.04
667.397
384.425
217.286
129.452
85.1859
63.2156
51.4589
46.6531
46.7892
51.1174
63.1007
84.5217
130.716
212.785
382.361
654.672
1051.72
706.081
711.743
1049.54
664.44
373.826
210.502
130.542
86.0754
62.6063
51.7677
46.9142
46.397
51.26
62.5122
86.2494
128.697
212.997
380.455
644.584
1051.5
706.637
717.522
1065.6
661.513
376.567
215.21
128.635
84.7449
63.3513
51.3982
46.8194
46.582
51.5876
63.0094
86.0247
130.321
214.839
378.381
657.981
1049.61
706.195
720.545
1063.97
650.508
378.394
217.496
128.984
86.0718
63.2968
52.0143
46.4527
46.789
51.415
61.858
85.5605
129.061
207.439
369.136
655.527
1039.63
706.794
716.989
1062.36
660.798
371.427
211.782
127.825
85.6167
62.477
51.9506
46.9352
46.6995
50.8718
61.9611
85.0452
126.777
213.609
381.544
654.071
1047.2
704.826
718.648
1052.46
650.277
373.84
212.743
127.804
85.3415
63.2855
51.9598
46.7882
46.2178
50.9848
61.9967
84.7614
127.162
216.229
380.06
650.331
1037.13
702.586
715.789
1053.35
651.883
378.119
212.021
127.799
84.6741
63.0088
51.8152
46.4321
46.2839
51.1419
62.5004
83.577
125.969
210.341
377.914
640.461
1039.6
697.187
712.635
1049.88
647.857
369.244
212.641
129.072
83.1021
62.7302
51.7509
47.0062
46.4014
50.772
61.992
85.3079
126.726
211.526
371.615
651.431
1043.63
699.694
708.193
1049.51
650.029
369.651
210.701
128.662
83.8853
62.1414
51.5233
46.9289
46.683
51.1784
63.137
85.3167
128.252
211.763
377.979
642.287
1051.82
702.267
705.585
1051.02
656.553
368.211
205.679
128.112
84.8102
62.735
51.0183
46.4657
46.2041
51.5409
62.9779
84.7066
126.156
212.068
376.358
647.967
1052.79
699.285
705.246
1056.78
654.767
370.721
208.888
127.922
83.5818
62.0909
51.5641
46.898
46.7934
51.4812
62.7438
83.4002
128.634
215.43
368.165
653.084
1051.37
706.507
702.529
1054.5
643.623
376.048
212.14
127.491
84.9191
62.809
51.0617
46.3787
46.2556
51.2088
62.584
84.5281
127.409
214.887
374.093
650.664
1049.3
705.752
697.667
1053.68
652.443
375.163
210.466
126.57
83.6425
62.07
51.0403
46.7416
46.7147
50.6446
62.3253
84.2961
123.697
213.133
365.307
639.542
1039.11
704.503
700.695
1051.99
649.593
372.722
204.931
125.331
84.3466
62.4428
51.0428
46.6472
46.7256
51.1708
61.5178
83.1946
125.858
212.16
373.742
647.44
1042.71
699.193
704.184
1049.92
644.808
370.991
209.298
123.044
83.9241
62.0593
51.232
46.1314
46.5733
50.6988
61.5691
83.4151
126.581
206.285
365.03
653.709
1041.01
701.302
699.687
1047.13
636.767
368.282
204.8
124.93
83.0262
62.4592
50.8563
46.1937
46.5402
51.1012
61.3681
82.8388
124.332
207.521
371.076
652.725
1043.1
700.861
707.809
1040.78
638.573
361.337
210.379
126.456
83.1886
62.4182
51.3641
46.2246
46.3645
51.0179
61.5188
82.9796
125.096
207.231
362.906
650.498
1047.78
696.39
706.403
1053.2
646.322
368.404
209.547
124.24
82.6587
61.7737
50.9148
46.3541
45.8133
50.6109
61.8717
83.2715
126.031
209.396
369.405
648.363
1038.72
700.393
704.503
1051.37
634.655
360.115
208.186
125.697
82.9178
62.3465
51.4414
46.1357
45.9472
50.6626
61.229
82.6863
123.257
204.233
360.589
644.994
1046.64
694.771
702.25
1050.07
642.321
364.704
206.815
124.985
83.345
62.2311
51.4417
46.7295
46.0886
50.6062
62.3377
83.8751
125.534
208.348
362.576
642.059
1037.67
697.922
695.806
1047.13
638.915
361.969
204.854
122.292
82.7299
61.3773
51.2396
46.6776
46.4263
50.791
62.1999
83.5292
122.799
204.002
361.801
631.17
1045.13
694.91
699.975
1044.12
634.271
358.489
199.608
121.988
81.5273
61.6679
51.1534
46.5285
46.0673
51.1402
62.0324
83.2356
124.354
206.686
365.974
637.379
1053.62
701.695
692.3
1032.53
629.21
355.076
199.805
121.706
82.011
61.1288
50.9157
46.1195
46.3891
51.0158
61.7079
82.691
121.552
204.618
363.679
644.006
1053.17
697.133
692
1038.88
617.703
346.699
198.682
121.934
82.246
61.5229
50.5477
46.2966
45.8943
50.3363
60.7438
81.479
122.928
198.937
353.824
640.683
1051.52
704.213
688.536
1035.94
623.857
351.173
200.107
120.023
80.9529
60.7389
50.7512
46.2178
45.9362
50.4206
60.7709
81.4687
121.138
200.019
356.469
636.351
1048.92
703.437
691.792
1024.28
620.28
348.58
198.708
121.082
81.6484
60.7492
50.2645
45.7061
45.9059
50.4235
60.5012
81.5192
121.984
200.607
352.32
632.017
1038.72
701.983
689.705
1028.26
616.632
345.473
196.784
118.664
80.3562
60.3431
50.3546
45.8345
45.4282
50.2344
60.5727
80.9167
121.112
198.875
342.121
621.835
1048.09
701.335
685.061
1031.74
606.308
337.304
195.019
118.761
80.3951
60.1007
50.1667
45.6811
45.5914
49.6789
60.1774
79.2618
120.109
197.167
343.549
630.829
1056.9
699.649
684.227
1021.88
615.348
342.443
191.527
118.581
80.3227
60.0884
49.6031
45.0837
45.0496
49.5875
59.5203
79.2711
119.192
195.282
340.536
620.04
1056.13
692.774
683.162
1029.73
612.113
339.383
190.391
117.829
79.791
59.6278
49.5667
45.3383
45.05
49.1991
59.3841
78.8548
116.924
191.521
341.541
627.297
1054.6
695.889
682.957
1018.05
608.433
336.13
188.964
115.763
79.0623
59.6472
49.3344
45.166
45.0779
49.3173
59.0756
78.9012
117.117
191.096
343.765
617.464
1051.5
693.362
681.975
1019.6
604.343
332.439
186.269
115.272
78.0088
59.263
48.9978
44.5804
44.8132
49.0538
58.6953
78.2411
116.196
190.443
340.693
620.453
1043.25
690.242
679.619
1020.01
600.286
328.749
185.534
114.223
77.5373
58.5304
48.6458
44.3231
44.2188
48.3914
58.165
77.0031
113.68
188.148
331.59
616.085
1050.11
687.753
679.896
1025.4
595.932
324.469
183.101
113.012
76.9206
58.008
48.2938
43.9578
44.0081
48.1541
57.7375
76.5846
112.709
184.098
330.366
604.47
1047.26
685.876
678.49
1021.98
590.675
315.231
180.853
111.689
76.3544
57.6647
47.964
43.6766
43.6616
47.7655
57.1926
75.7441
111.53
183.609
327.754
602.872
1037.13
678.96
672.105
1016.77
578.884
313.39
179.058
110.751
75.8548
57.2716
47.5189
43.3165
43.2546
47.3574
56.7851
75.1594
110.512
181.519
323.558
590.517
1038.45
677.25
669.685
1012
574.052
310.186
177.322
109.821
75.3467
56.9003
47.1468
43.0357
42.8944
46.9078
56.3326
74.3336
108.797
176.917
315.525
588.106
1039.31
674.259
666.005
1005.28
567.966
307.974
175.709
109.171
74.8798
56.5162
46.7941
42.7278
42.5903
46.5806
55.8748
73.7663
107.883
174.413
311.938
582.975
1044.12
668.319
663.434
990.667
563.091
305.222
174.043
108.29
74.396
56.1315
46.4197
42.2351
42.1612
46.1556
55.4201
73.1364
106.518
172.057
306.905
580.075
1041.76
666.809
659.856
989.558
557.791
301.133
171.798
107.358
73.7946
55.6567
46.0286
41.8889
41.7635
45.6796
54.8618
72.4809
105.531
170.303
303.827
580.745
1038.44
662.587
657.186
986.217
552.532
296.868
169.442
106.106
73.0787
55.1076
45.6154
41.4358
41.2934
45.2098
54.3914
71.8364
104.369
168.117
298.447
567.697
1033.9
659.773
655.113
987.274
547.319
292.939
167.175
105.322
72.6044
54.7479
45.2517
41.0781
40.9102
44.797
53.8739
71.1159
103.138
165.436
294.485
563.25
1022.57
655.877
653.693
993.916
542.693
289.105
165.471
104.225
71.9542
54.257
44.8282
40.6411
40.4497
44.2733
53.3043
70.4036
101.973
163.033
289.626
555.767
1021.29
653.007
652.213
991.365
537.276
285.484
163.474
103.287
71.4055
53.8368
44.406
40.1889
39.966
43.7642
52.7194
69.6644
100.871
160.972
285.532
550.129
1016.01
649.356
651.11
986.7
531.216
282.159
161.746
102.374
70.7882
53.3165
43.9183
39.6859
39.4611
43.2347
52.1283
68.933
99.6754
158.221
279.423
540.634
1009.01
643.82
648.885
980.691
526.427
278.303
159.813
101.272
70.1017
52.8058
43.4595
39.2318
38.9911
42.7271
51.5541
68.2367
98.6388
156.067
274.097
528.576
999.605
637.86
646.524
974.093
519.746
274.533
157.961
100.286
69.397
52.2617
42.9946
38.8081
38.5518
42.2393
50.9715
67.4674
97.4189
153.939
270.198
522.099
990.105
630.436
644.505
964.547
512.932
270.623
156.282
99.3025
68.6964
51.6866
42.4973
38.3537
38.1104
41.7557
50.4094
66.7322
96.2856
151.614
265.002
512.715
980.6
624.48
641.072
954.785
506.407
266.645
154.292
98.1807
67.9252
51.0843
41.9989
37.9009
37.6471
41.2457
49.808
65.9954
95.2493
149.803
260.892
503.665
969.803
616.847
638.069
950.547
499.313
263.211
152.572
97.1899
67.2154
50.5037
41.5082
37.4637
37.2183
40.7659
49.2159
65.1739
93.9769
147.448
256.154
495.789
962.18
610.282
632.629
938.567
490.662
258.765
150.449
95.9819
66.398
49.8905
40.9875
36.9819
36.732
40.227
48.5607
64.3337
92.8009
145.489
251.794
486.498
954.615
604.591
626.009
926.733
482.975
254.66
148.42
94.8233
65.6074
49.2861
40.4806
36.5178
36.2626
39.6984
47.8886
63.4088
91.4279
143.078
247.21
478.57
947.084
597.944
621.314
917.025
473.99
250.083
146.162
93.5215
64.7154
48.5927
39.8988
35.9928
35.7483
39.1377
47.1981
62.4344
89.9438
140.62
242.496
470.695
934.095
593.319
614.843
905.226
465.99
245.794
143.829
92.0974
63.7455
47.8679
39.3114
35.4754
35.2465
38.5883
46.5099
61.4738
88.4604
138.06
237.608
461.868
926.612
588.042
611.305
896.998
457.006
240.799
141.239
90.5356
62.6676
47.0736
38.6858
34.938
34.7338
38.0283
45.8113
60.4884
86.914
135.431
232.737
453.44
916.695
583.664
605.074
888.645
449.689
235.955
138.424
88.7498
61.4445
46.2065
38.0291
34.3921
34.2213
37.4702
45.0973
59.4708
85.3832
132.89
227.829
444.794
907.51
579.357
601.079
879.531
439.758
230.128
135.243
86.7942
60.1311
45.284
37.3396
33.8226
33.6884
36.8955
44.3856
58.4888
83.9395
130.43
223.005
435.884
896.794
575.225
594.901
869.273
430.625
224.059
131.684
84.6431
58.7229
44.3058
36.6121
33.2264
33.1312
36.2954
43.6367
57.418
82.2923
127.825
218.17
426.621
886.714
569.417
591.201
859.786
420.232
217.885
128.013
82.3388
57.2196
43.2706
35.8414
32.5841
32.522
35.6253
42.7908
56.2546
80.5251
124.892
212.797
416.34
874.624
560.368
584.62
849.04
408.795
210.712
123.884
79.8104
55.6191
42.1937
35.0352
31.9039
31.8659
34.9028
41.8996
55.0438
78.7223
121.849
206.763
404.931
862.032
553.164
572.953
836.475
395.73
203.28
119.634
77.1772
53.9238
41.038
34.1653
31.1615
31.1402
34.0909
40.8852
53.6642
76.6763
118.363
200.2
392.621
846.754
541.834
557.218
818.715
380.276
194.746
114.855
74.3434
52.1583
39.829
33.2484
30.3791
30.3757
33.2403
39.8293
52.1953
74.4453
114.662
193.158
378.942
828.604
528.194
537.664
798.379
363.939
185.793
109.893
71.3046
50.2043
38.5075
32.2604
29.5374
29.5503
32.31
38.6413
50.5298
71.9598
110.635
185.616
363.807
806.325
511.153
515.93
772.909
345.139
175.817
104.386
68.0796
48.1951
37.1483
31.2336
28.6559
28.6774
31.318
37.3859
48.7611
69.2136
106.246
177.866
347.771
780.591
489.497
494.598
743.331
325.417
165.797
98.7049
64.6145
46.0068
35.6779
30.1383
27.7233
27.7603
30.2765
36.0436
46.8832
66.4152
101.709
169.48
330.197
750.552
468.683
468.493
709.013
304.529
155.43
92.8617
61.0703
43.7766
34.1642
29.0024
26.7567
26.8063
29.1871
34.6185
44.8408
63.3261
96.7413
160.667
312.133
717.538
448.737
445.76
671.917
283.686
144.85
86.8216
57.393
41.4334
32.5762
27.8159
25.7458
25.805
28.0352
33.1112
42.6553
59.9444
91.3647
151.411
292.784
680.229
427.809
420.649
630.913
262.66
134.148
80.6941
53.7208
39.0806
30.9518
26.5884
24.6955
24.7662
26.8392
31.5264
40.3204
56.2907
85.5357
141.637
272.715
639.584
408.82
398.821
586.373
241.613
123.271
74.3345
49.8791
36.6323
29.2704
25.3105
23.5942
23.6714
25.5748
29.8492
37.8415
52.3632
79.0896
130.794
251.25
593.769
387.386
373.026
536.306
219.744
112.586
68.2449
46.1216
34.1949
27.579
24.013
22.4725
22.5547
24.2894
28.1521
35.3371
48.3722
72.4074
119.448
229.251
544.127
364.992
348.546
483.756
197.634
101.826
62.1052
42.3865
31.7808
25.8905
22.7126
21.3417
21.4211
22.9755
26.419
32.7844
44.2773
65.5662
107.649
205.66
490.481
340.553
323.074
429.18
175.136
91.0469
56.0752
38.7669
29.443
24.2483
21.4481
20.2434
20.3208
21.7021
24.7441
30.3364
40.3646
58.934
95.8893
182.429
436.321
318.059
302.139
377.174
154.014
80.8842
50.4216
35.3439
27.2278
22.6984
20.2534
19.2001
19.2683
20.4788
23.1414
28.016
36.741
52.8867
84.9344
160.199
384.094
298.607
288.479
330.462
135.049
71.6743
45.3814
32.323
25.2594
21.3099
19.176
18.2556
18.3118
19.3629
21.6824
25.9151
33.4358
47.3433
75.0809
140.594
338.31
291.645
286.089
291.538
119.556
64.2027
41.1586
29.7135
23.5338
20.0861
18.2264
17.4225
17.4642
18.364
20.3598
24.0266
30.5547
42.5568
66.5846
123.609
297.424
290.88
291.283
260.807
106.95
58.1221
37.7078
27.572
22.1097
19.0713
17.4367
16.729
16.7582
17.5319
19.2593
22.4418
28.1448
38.6586
59.64
109.477
263.95
294.728
302.557
237.758
98.0981
53.8179
35.08
25.8611
20.947
18.2374
16.7896
16.1633
16.1818
16.8491
18.3528
21.1457
26.1926
35.6022
54.5654
98.8417
237.714
303.237
313.653
216.291
90.8022
50.1605
32.9146
24.4802
20.0142
17.5728
16.2804
15.7238
15.7354
16.3162
17.6405
20.1244
24.6577
33.2058
50.6268
91.4512
216.296
313.603
323.346
198.874
85.754
47.6067
31.2829
23.3753
19.2505
17.0337
15.8793
15.387
15.3939
15.9
17.0738
19.3151
23.4709
31.403
47.7188
85.7934
198.663
323.05
335.012
185.738
81.3833
45.2406
29.803
22.3981
18.594
16.5897
15.5673
15.1376
15.1409
15.5771
16.6093
18.6274
22.4565
29.913
45.4552
81.8487
186.695
336.206
348.862
174.678
77.69
43.1311
28.4209
21.4789
17.9945
16.2061
15.3183
14.9532
14.9546
15.3225
16.215
18.0114
21.5109
28.4886
43.2934
78.051
175.305
350.251
362.081
166.97
74.8194
41.1455
27.0688
20.5967
17.4382
15.8699
15.1193
14.8199
14.82
15.1197
15.8696
17.4368
20.5916
27.0573
41.1067
74.6983
166.682
361.137
377.3
159.241
71.0779
38.7328
25.5397
19.6502
16.8756
15.5555
14.9534
14.7232
14.7234
14.9548
15.5578
16.8811
19.6637
25.5779
38.8481
71.4111
160.021
378.695
393.352
154.248
67.8931
36.3376
23.985
18.7119
16.3446
15.281
14.826
14.6676
14.6673
14.8254
15.2786
16.3393
18.6994
23.9547
36.2614
67.672
153.595
391.664
407.71
147.752
63.2029
33.3074
22.2149
17.7276
15.8328
15.044
14.739
14.6447
14.6451
14.7407
15.0462
15.837
17.7374
22.2389
33.3706
63.3811
148.207
408.127
423.996
142.727
58.4212
30.1865
20.4654
16.8157
15.4023
14.8717
14.7014
14.6417
14.6417
14.7014
14.8716
15.4002
16.811
20.4545
30.1627
58.373
142.614
423.808
437.248
133.838
51.4696
26.386
18.5864
15.9541
15.0625
14.7863
14.6951
14.6699
14.6701
14.6961
14.7887
15.0664
15.9575
18.5934
26.4045
51.5254
133.897
436.75
450.466
120.943
42.9183
22.4002
16.8484
15.2866
14.8726
14.7598
14.7232
14.7157
14.7157
14.7231
14.7592
14.8693
15.2838
16.8433
22.3854
42.8771
120.904
450.598
461.419
95.2193
31.1115
18.1626
15.613
14.9724
14.8215
14.774
14.7682
14.7686
14.7687
14.7686
14.7746
14.8206
14.9709
15.6126
18.1771
31.149
95.3155
461.014
471.084
47.5888
18.0952
15.0259
14.7473
14.812
14.813
14.8225
14.8261
14.827
14.827
14.8261
14.8225
14.8133
14.812
14.7466
15.0221
18.0868
47.605
471.311
1258.31
1706.75
1094.24
635.055
365.428
215.483
134.884
91.9954
70.0034
60.747
60.2441
68.5792
88.9183
128.66
207.201
351.222
626.189
1088.47
1726.6
1214.16
1249.85
1699.42
1087.8
618.395
356.064
210.583
132.233
90.2455
68.9129
60.3453
59.8907
68.2168
88.4661
125.73
203.056
340.12
610.115
1079.47
1701.76
1209.46
1260.63
1680.96
1083.07
631.779
364.246
214.796
134.46
91.3496
69.3962
60.1418
59.6351
67.9592
88.375
128.794
210.436
349.433
630.58
1059.17
1718.13
1206.1
1259.88
1711.9
1061.77
642.713
371.281
218.43
136.431
92.1671
70.0245
59.0728
58.4935
67.5183
87.3316
131.216
210.745
356.934
628.635
1078.35
1732.94
1197.64
1252.04
1708.31
1074.23
641.778
369.737
217.609
136.184
91.7274
69.8807
59.3443
59.2768
66.6854
87.6211
131.005
209.955
354.987
625.084
1054.08
1730.44
1204.32
1262.22
1703.62
1086.56
638.365
367.147
216.259
135.746
89.9209
69.513
59.3756
58.6641
68.0751
88.9878
130.481
209.287
352.278
621.376
1066.4
1727.35
1209.86
1262.58
1680.66
1080.04
633.671
364.63
215.044
135.424
90.8964
69.3681
60.0534
59.6358
67.8523
88.5467
129.897
208.082
342.25
607.435
1081.1
1722.14
1208.64
1259.58
1689.45
1059.33
617.673
361.023
213.349
134.767
88.9753
68.0251
59.7027
58.6526
66.4246
86.688
127.224
207.671
355.722
626.866
1075.72
1705.04
1206.62
1258.61
1698.79
1067.93
631.755
353.924
208.241
133.585
90.5547
68.503
59.4095
59.5386
66.9302
87.8634
129.643
203.163
346.36
611.312
1051.22
1703.21
1200.94
1250.43
1676.17
1072.83
628.6
361.751
214.285
134.322
91.398
68.3443
59.5081
59.4786
67.1152
88.5894
129.531
207.719
355.812
628.153
1075.67
1705.16
1210.77
1257.54
1696.08
1065.45
611.685
351.331
212.575
131.605
89.7751
68.195
58.4618
59.2844
67.9941
88.209
126.922
205.981
352.56
623.471
1053.46
1703.16
1202.42
1255.2
1670.95
1050.91
625.926
354.163
209.502
133.341
90.2712
68.725
60.0099
58.5468
67.7655
86.9398
128.684
201.452
342.565
609.414
1074.12
1711.33
1214.9
1246.5
1679.69
1042.07
614.415
352.779
214.496
135.336
90.1359
69.4543
60.5675
59.6616
67.0398
88.0662
128.447
205.041
346.967
620.379
1048.79
1723.35
1210.43
1252.76
1656.1
1051.2
633.213
356.088
211.526
135.115
90.033
69.1706
60.3627
58.8362
68.04
86.9368
126.581
208.393
348.454
608.382
1056.55
1719.09
1219.15
1246.63
1685.84
1064.93
630.697
361.857
215.766
135.015
89.9256
67.9078
60.2863
59.7005
68.0191
88.6005
126.718
208.274
355.684
624.636
1062.88
1711.7
1217.81
1255.94
1707.9
1076.66
627.666
355.277
214.594
134.446
90.3737
68.7263
60.1266
58.8136
66.6943
87.5705
127.023
206.959
353.143
611.291
1035.11
1686.86
1215.9
1252.6
1702.86
1054.5
612.044
362.651
211.224
132.251
91.3664
67.5609
59.5167
60.3895
67.6909
89.135
128.777
205.937
345.248
623.259
1062.16
1723.89
1210.14
1242.05
1699.7
1084
623.867
361.148
214.162
134.159
91.3717
69.3077
61.0741
60.4239
68.3057
88.8257
126.685
202.598
348.628
619.088
1074.77
1721.48
1220.64
1246.57
1693.01
1079.59
607.487
358.114
212.802
133.401
90.7218
70.1996
61.3318
60.2294
67.2436
88.8329
129.117
206.543
351.26
603.497
1050.42
1704.85
1220.28
1249.4
1684.8
1075.67
621.586
351.427
208.526
130.975
88.6861
69.7762
61.0783
59.3231
68.453
87.6906
126.521
205.405
349.596
613.012
1064.43
1734.27
1209.41
1245.8
1654.12
1068.33
606.498
356.009
211.794
133.264
90.6778
69.056
60.8546
60.4446
67.8097
88.4102
127.558
201.607
340.645
614.406
1076.84
1728.7
1216.29
1235.29
1670.57
1064.68
617.092
354.17
210.5
131.331
92.1172
70.2064
59.9774
60.2787
69.0515
89.0542
125.485
204.909
341.59
608.225
1069.36
1722.04
1208.8
1236.5
1687.43
1057.61
601.889
344.246
206.048
133.719
91.895
69.1967
60.2681
59.2156
68.9534
88.8039
127.402
204.643
339.44
598.415
1065.04
1701.27
1217.84
1233.6
1675.06
1039.62
615.964
350.573
209.159
132.547
91.5507
70.0135
60.9659
59.7145
68.7775
87.3759
128.306
203.79
338.187
604.404
1045.19
1713.07
1221.1
1233.23
1696.19
1057.86
605.204
354.899
211.966
134.212
90.138
69.5688
60.8445
60.351
68.7874
87.7238
126.033
202.998
336.37
599.408
1049.53
1725.25
1218.46
1224.82
1690.26
1048.8
614.701
354.083
211.08
133.637
90.7183
68.3659
60.5652
59.4481
67.926
87.7306
126.254
202.157
334.563
585.165
1052.54
1721.44
1223.68
1231.73
1686.21
1032.11
610.477
346.519
207.042
131.664
91.3728
69.6246
60.0901
60.9288
69.2459
88.609
125.628
201.603
336.361
594.861
1043.48
1699.86
1222.24
1234.41
1680.31
1031.93
598.625
352.537
210.541
133.959
90.399
70.3005
61.3216
61.04
69.1184
88.3957
125.249
200.453
339.525
582.361
1025.53
1713.84
1219.81
1224.85
1659.93
1044.88
601.269
351.403
209.472
133.719
91.481
69.2538
60.9588
60.6893
68.7469
87.9079
124.993
199.098
338.1
598.326
1027.4
1708.07
1215.31
1226.89
1691.08
1026.21
596.298
348.875
206.02
132.941
89.9484
69.2467
60.7278
60.2762
68.437
86.7342
125.396
197.543
330.311
595.06
1033.14
1688.91
1214.4
1226.13
1687.19
1033.81
595.045
346.888
206.055
132.584
89.98
68.9194
59.726
59.0715
68.1332
87.7342
123.225
194.202
335.214
592.233
1041.37
1702.25
1210.74
1228.25
1682.74
1043.18
592.321
340.322
206.113
132.039
89.8504
69.1353
60.4412
59.4951
67.2109
86.745
124.856
197.167
333.011
587.119
1032.53
1693.09
1207.28
1232.2
1676.05
1036.58
588.751
339.838
204.866
131.49
90.6609
69.5969
60.2599
59.8176
68.0164
86.9518
125.371
193.364
324.973
582.134
1009.43
1675.22
1202.52
1226.91
1650.71
1027.75
585.298
337.214
201.634
130.724
89.1803
69.1391
59.7269
58.8064
66.9197
86.5954
123.812
194.008
329.114
578.713
1021.83
1695.31
1199.72
1234.24
1673.43
1019.53
581.159
334.908
203.09
130.216
90.1227
68.7256
58.5971
59.4248
67.1193
86.9843
124.073
193.494
326.739
573.495
1000.31
1675.59
1197.21
1230.87
1648.46
1002.12
576.612
332.425
201.72
128.062
89.5097
67.6487
59.0292
58.6278
66.8164
85.8911
124.533
194.192
324.102
561.302
1017.42
1694.86
1197.04
1226.17
1660.97
999.339
572.514
329.606
200.201
127.817
89.0931
68.1255
59.282
58.5636
67.0428
86.5702
123.884
192.874
321.897
564.378
994.464
1688.11
1193.42
1227.42
1672.66
996.349
569.121
327.603
198.851
127.558
87.5795
67.2409
58.0276
58.0688
65.9226
85.2045
122.881
189.129
314.569
559.722
994.976
1680.11
1192.95
1223.78
1666.4
993.674
567.997
326.996
196.952
126.667
87.2161
66.191
57.6689
57.9357
66.3511
85.1371
122.237
189.045
316.081
552.564
986.621
1657.41
1193.92
1220.51
1643.81
998.162
562.594
323.84
193.994
124.436
86.2185
65.9105
56.7957
56.6834
65.1762
84.3164
120.363
187.36
309.807
552.479
983.77
1678.53
1190.87
1215.91
1652.46
979.244
548.159
317
192.564
123.687
85.2798
65.0346
56.3203
56.4642
65.0296
84.0536
119.711
186.185
311.394
547.721
983.468
1655.58
1182.62
1214.9
1661.42
985.288
543.897
314.149
190.905
122.139
84.1519
64.1385
55.6456
55.9764
63.8919
83.4182
118.631
184.171
304.859
533.707
973.89
1666.29
1178.66
1211.67
1655.85
964.813
537.667
310.64
188.532
120.795
83.3354
63.623
55.249
55.6995
63.511
82.0824
117.979
182.853
303.108
530.84
960.936
1657.82
1175.39
1208.62
1649.33
971.376
534.557
307.571
187.148
119.79
82.4722
63.0063
54.801
55.0302
63.0095
81.4616
116.453
180.807
299.158
524.259
942.887
1633.09
1172.18
1203.99
1639.72
949.928
528.795
304.764
185.152
118.772
81.7808
62.3623
54.3043
54.2397
62.5456
81.1714
115.841
179.475
295.523
518.257
937.447
1637.45
1169.22
1197.4
1614.24
941.897
524.802
301.93
183.646
117.672
80.9386
61.5995
53.5354
53.5578
61.6885
80.2537
114.705
177.503
291.995
511.117
927.457
1625.43
1164.6
1189.7
1609.66
929.789
517.461
298.794
181.756
116.592
80.1607
60.9622
52.8979
52.6606
60.4196
79.3237
113.873
176.123
287.787
501.756
918.216
1596.03
1162.01
1184.83
1600.45
916.315
511.077
295.539
180.152
115.436
79.2989
60.2366
52.1998
51.897
59.5688
77.9708
112.607
174.164
284.698
496.646
910.338
1595.9
1156.96
1182.35
1600.51
908.539
504.609
292.078
178.174
114.218
78.3963
59.4332
51.1371
50.8527
58.7045
77.0221
111.488
172.502
281.593
489.078
904.954
1586.09
1153.75
1176.31
1588.74
898.355
497.438
288.077
176.208
112.991
77.4642
58.6683
50.4755
50.0678
57.81
76.0708
110.336
170.66
278.571
483.885
898.182
1582.11
1148
1171.94
1571.62
886.906
489.219
284.442
174.23
111.553
76.2586
57.6373
49.604
49.3448
57.0111
75.1707
109.222
169.321
275.855
478.289
895.806
1584.47
1145.79
1165.78
1550.96
876.323
483.055
281.237
172.335
110.157
75.0661
56.6076
48.7193
48.4683
56.1196
74.1136
107.928
167.465
273.124
473.988
887.049
1588.88
1143.25
1159.93
1548.44
865.046
475.031
277.242
170.009
108.536
73.6884
55.4267
47.7964
47.7248
55.28
73.1706
106.695
165.773
270.239
468.598
876.059
1578.14
1141.74
1153.16
1532.96
850.153
469.137
274.337
167.939
106.892
72.5209
54.5345
46.9093
46.8635
54.3566
72.0576
105.358
163.995
267.219
463.06
864.902
1548.95
1138.17
1144.76
1529.17
837.909
461.107
270.04
165.452
105.145
71.1383
53.4492
46.0339
46.0232
53.4267
71.0088
104.103
162.338
264.417
456.008
851.362
1543.36
1135.4
1137.87
1514.19
823.489
454.78
266.83
163.115
103.435
69.8564
52.3846
45.0558
45.0814
52.4471
69.8381
102.777
160.717
261.582
449.876
835.698
1518.35
1132.11
1127.51
1477.26
812.912
447.952
262.571
160.596
101.656
68.5847
51.4085
44.2121
44.2396
51.5274
68.7199
101.297
158.727
258.691
444.158
822.62
1508.82
1128.19
1116.94
1470.02
800.761
440.498
258.608
157.972
99.846
67.2633
50.4204
43.3404
43.4228
50.6551
67.6609
100.023
156.975
255.543
437.678
811.012
1493.89
1124.38
1112.66
1455.12
788.942
433.481
254.227
155.222
97.9993
65.9822
49.4104
42.4921
42.6025
49.757
66.5957
98.584
155.002
252.697
432.233
796.079
1477.35
1118.54
1109.29
1442.22
777.032
425.735
249.553
152.143
95.9852
64.5797
48.3414
41.553
41.6957
48.8003
65.4502
97.1683
153.1
249.489
425.75
783.2
1459.6
1114.71
1103.61
1427.64
764.36
418.338
245.15
149.408
94.1712
63.2737
47.3269
40.7036
40.8815
47.922
64.4002
95.7995
151.185
246.454
419.492
770.204
1439.23
1109.19
1096.64
1413.33
751.401
409.787
239.844
146.05
91.9894
61.7707
46.1854
39.7352
39.9537
46.9192
63.1954
94.2216
148.904
242.809
412.669
756.306
1417.94
1100.83
1085.07
1396.78
737.74
400.987
234.763
142.937
89.9419
60.3405
45.0912
38.8029
39.041
45.8859
61.8884
92.4526
146.356
238.894
405.777
743.952
1405.84
1096.55
1070.63
1380.98
721.78
391.247
229.244
139.375
87.558
58.724
43.902
37.8125
38.0821
44.7968
60.4735
90.4571
143.444
234.591
398.538
730.73
1388.38
1083.96
1054.25
1366
706.204
381.335
223.39
135.686
85.1715
57.126
42.698
36.7868
37.0609
43.5967
58.8793
88.2007
140.214
229.881
391.223
718.881
1375.96
1081.25
1035.33
1345.94
688.945
371.217
217.328
131.772
82.639
55.4497
41.5086
35.8177
36.0893
42.3983
57.1709
85.6226
136.414
224.385
382.618
704.635
1361.8
1071.13
1014.51
1325.37
670.919
360.566
210.827
127.652
80.0405
53.7485
40.2962
34.8095
35.0645
41.1436
55.4241
83.022
132.568
218.665
373.354
690.008
1346.58
1058.37
993.811
1302.87
652.553
349.875
204.507
123.639
77.4068
52.0046
39.0888
33.833
34.0716
39.8817
53.5707
80.1385
128.269
212.425
362.875
672.231
1328.05
1045.53
970.681
1277.38
631.939
338.298
197.641
119.292
74.648
50.2224
37.8521
32.8244
33.0497
38.6011
51.7003
77.1963
123.712
205.465
351.489
653.581
1308.34
1025.99
950.143
1250.49
611.022
326.07
190.368
114.711
71.7296
48.3929
36.6329
31.8489
32.0509
37.3153
49.7762
74.1429
118.879
197.911
339.033
632.195
1283.53
998.075
927.45
1220.04
589.138
313.77
182.774
109.716
68.5874
46.4667
35.3508
30.8255
31.0133
35.9968
47.8277
71.0571
113.856
189.681
325.449
609.762
1257.07
981.534
905.886
1186.96
566.268
300.784
174.39
104.386
65.3831
44.5262
34.0787
29.8209
29.9814
34.6376
45.7277
67.6283
108.294
180.644
310.59
584.532
1225.06
957.095
876.059
1149.39
541.748
286.618
165.399
98.753
61.9967
42.4808
32.7336
28.7594
28.9099
33.2547
43.6094
64.1261
102.383
170.974
295.032
557.999
1189.16
926.959
847.842
1108.47
515.929
271.353
155.454
92.7424
58.5201
40.4044
31.3778
27.6936
27.8252
31.8325
41.3856
60.409
96.1119
160.581
278.293
529.577
1148.69
897.794
823.298
1061.62
486.99
255.366
145.539
86.6664
54.9409
38.2622
29.97
26.587
26.7153
30.4004
39.1423
56.5452
89.4319
149.694
261.038
500.166
1104.49
865.105
795.026
1008.76
456.623
238.291
135.044
80.2854
51.2037
36.0485
28.5236
25.4522
25.5749
28.9314
36.8599
52.6081
82.5759
138.333
242.62
467.67
1051.55
835.479
770.634
952.308
424.398
220.023
124.082
73.8483
47.4866
33.8333
27.0592
24.2926
24.4076
27.4358
34.5601
48.6739
75.5576
126.303
222.931
432.362
990.802
809.507
730.845
888.757
389.325
200.011
112.47
67.1829
43.6422
31.548
25.5555
23.109
23.2205
25.9207
32.2454
44.7599
68.6847
114.114
201.405
392.106
913.965
744.77
696.617
824.323
354.615
180.055
100.709
60.5062
39.8645
29.305
24.0661
21.9244
22.0237
24.388
29.9006
40.7642
61.5579
101.62
179.997
352.387
835.088
686.804
657.153
751.592
316.864
159.296
88.9467
53.9362
36.1519
27.0867
22.5932
20.7585
20.8519
22.8942
27.6366
36.9592
54.801
89.3128
157.797
311.009
750.127
620.233
611.173
676.413
279.635
139.094
77.6559
47.6126
32.5518
24.9402
21.1748
19.6398
19.7274
21.4582
25.4602
33.3118
48.3758
77.8127
137.292
272.198
665.537
565.829
571.554
598.552
241.803
118.954
66.5491
41.5409
29.1813
22.9501
19.8637
18.6073
18.6886
20.128
23.4476
29.9589
42.4777
67.0122
117.042
232.811
578.677
515.819
527.137
519.782
205.011
100.1
56.4629
36.0813
26.1488
21.1581
18.6845
17.6799
17.7536
18.9251
21.6174
26.8957
37.0819
57.1789
98.8611
197.496
496.535
464.41
483.917
443.238
171.163
83.4006
47.7668
31.4887
23.61
19.6459
17.6798
16.8845
16.9488
17.8896
20.0499
24.2855
32.4908
48.8521
83.246
165.987
422.036
423.272
430.941
372.901
141.252
69.0579
40.505
27.6995
21.5152
18.3944
16.8469
16.2227
16.2752
17.0192
18.7344
22.1045
28.6447
41.8085
70.1337
139.91
359.512
387.664
409.225
311.402
116.746
58.2542
35.25
24.9508
19.9577
17.44
16.1999
15.7029
15.7421
16.3274
17.693
20.4005
25.686
36.3856
59.7317
118.03
307.243
376.223
403.977
263.038
99.0224
50.3829
31.3993
22.901
18.7815
16.715
15.7082
15.3074
15.3341
15.7946
16.8913
19.1048
23.4859
32.4329
52.1139
101.385
263.371
372.165
388.671
222.434
86.7044
45.1677
28.8209
21.4928
17.9504
16.1959
15.3579
15.0277
15.043
15.4058
16.2926
18.1242
21.8114
29.4315
46.3348
88.9297
227.285
373.581
377.006
201.661
80.3685
42.2666
27.2362
20.5396
17.3593
15.826
15.1159
14.8394
14.8471
15.1387
15.8701
17.4315
20.6523
27.4128
42.5872
81.0172
202.568
381.332
388.699
185.059
75.3484
39.7259
25.785
19.6843
16.8558
15.536
14.9487
14.7289
14.7316
14.9596
15.5591
16.8986
19.7598
25.9121
39.914
75.554
185.754
387.793
401.392
174.552
72.1328
38.0266
24.75
19.0447
16.4789
15.3331
14.8502
14.6796
14.6803
14.8507
15.3326
16.4757
19.0349
24.7328
38.0113
72.2027
174.735
400.783
411.443
163.219
68.0405
35.6913
23.3725
18.2613
16.0637
15.1368
14.7732
14.6566
14.6569
14.7765
15.1438
16.0788
18.2925
23.4436
35.8686
68.502
164.31
411.359
420.174
155.623
64.8759
33.7419
22.2299
17.6341
15.7521
15.006
14.7303
14.6502
14.6499
14.7297
15.0014
15.7422
17.6124
22.1878
33.6687
64.7558
155.48
419.836
432.464
147.633
60.5212
31.1156
20.7737
16.8841
15.4047
14.8734
14.7048
14.6517
14.6517
14.7055
14.8785
15.4179
16.9099
20.8281
31.2464
60.8921
148.535
432.528
439.634
140.87
56.4605
28.7179
19.527
16.3014
15.1701
14.8019
14.698
14.6686
14.6684
14.6979
14.8002
15.1659
16.2855
19.4894
28.6221
56.2337
140.401
439.364
450.927
133.221
50.9947
25.7234
18.0904
15.683
14.966
14.7641
14.7045
14.6926
14.6927
14.7049
14.7648
14.9669
15.7075
18.1398
25.8217
51.2533
133.711
450.322
456.739
123.461
44.7271
22.7287
16.8594
15.2438
14.8494
14.7529
14.73
14.7261
14.726
14.7299
14.7536
14.8502
15.2479
16.8523
22.6771
44.5762
123.276
456.96
464.229
108.833
36.4805
19.4018
15.7188
14.9765
14.8145
14.7671
14.7607
14.7605
14.7605
14.7606
14.7676
14.8177
15.0057
15.7997
19.5224
36.5319
108.949
463.709
468.575
83.6517
26.5301
16.8071
15.1784
14.8535
14.7971
14.7959
14.7977
14.7984
14.7984
14.7979
14.7959
14.7961
14.8419
15.0887
16.5414
26.2247
83.5378
468.708
473.549
41.755
16.5979
14.7096
14.7218
14.8121
14.8315
14.8359
14.8364
14.8362
14.8363
14.8364
14.8368
14.8364
14.8372
14.9103
15.3327
17.6121
41.7811
473.431
709.264
1048.85
653.638
379.349
219.3
132.398
87.5867
64.2113
52.5301
47.6495
47.4107
52.485
64.6401
88.3671
133.477
221.141
380.157
651.121
1043.7
701.195
702.68
1039
641.377
369.332
213.695
129.376
87.0347
63.7758
51.9429
47.5466
47.1989
52.2563
64.4304
87.8676
130.19
215.272
369.718
638.46
1034.04
699.788
705.333
1045.46
648.321
374.53
216.851
131.746
86.9025
63.628
52.7248
47.619
46.6742
52.0521
64.3894
87.3309
133.031
220.649
378.141
648.12
1040.94
696.822
707.43
1050.43
654.531
378.285
218.504
133.85
85.6043
64.4055
52.8672
47.7462
47.3463
51.376
64.2734
89.2367
135.842
224.974
385.645
657.887
1047.41
708.909
706.649
1047.18
644.27
372.439
216.729
133.954
86.5379
64.5068
52.8513
47.7118
47.3273
51.6882
64.0257
88.9902
135.444
223.946
376.583
647.306
1046.36
709.44
701.067
1036.26
659.683
373.545
221.754
133.984
87.4959
64.4498
52.8607
47.7019
47.283
52.0807
62.8717
88.6287
134.743
222.781
393.179
667.436
1045.81
710.207
708.133
1047.16
658.878
382.548
221.384
133.515
85.9727
64.044
52.755
47.5833
46.6514
52.0422
63.4071
88.369
134.26
216.919
391.603
665.689
1037.21
709.852
700.303
1037.03
656.333
379.039
216.158
132.556
87.5992
64.3125
52.7401
47.5291
46.9434
51.9275
63.9412
88.0707
133.865
218.096
390.43
664.849
1050.66
710.014
707.002
1048.42
653.34
369.579
218.561
130.204
86.2467
63.3589
52.5679
47.3834
47.2304
51.2796
63.7029
87.6419
133.543
218.973
388.492
654.505
1049.04
706.496
712.67
1047.56
642.501
379.099
214.374
131.617
87.4936
63.9114
52.5604
46.8331
47.1902
52.074
63.4271
87.1095
132.796
221.775
386.622
668.157
1044.18
717.903
712.338
1045.99
652.933
371.704
215.132
133.241
87.3596
64.4087
52.5346
47.0269
46.7144
52.0001
62.4438
86.5045
131.863
220.092
375.582
667.223
1057.43
719.112
710.927
1043.11
641.48
377.215
217.094
133.176
85.8915
64.2746
52.464
47.2318
46.8878
51.9586
63.2427
85.0289
130.497
215.789
381.37
664.824
1053.95
718.011
709.199
1037.6
644.362
384.856
221.102
133.008
86.72
64.2108
52.3144
46.8082
47.1404
51.8346
62.542
86.2883
128.119
220.137
387.575
663.072
1049.05
718.447
719.286
1047.1
647.02
384.514
220.001
132.466
87.7019
64.1308
52.2138
47.2774
47.0806
51.3811
62.9162
86.253
130.123
218.229
385.915
653.884
1057.29
716.749
719.799
1045.74
653.35
383.572
218.14
131.562
87.4818
63.8833
51.5143
46.8024
46.9559
51.8362
63.3341
85.78
126.579
211.233
383.674
662.322
1055.36
710.279
719.021
1034.2
642.423
382.334
212.572
128.584
87.134
63.5721
51.8292
47.2977
46.5168
51.6721
63.1539
85.6812
127.629
214.794
381.572
659.265
1047.37
715.227
718.652
1038.25
654.746
381.465
217.56
131.241
87.14
62.6279
52.2223
47.39
47.1349
51.5164
62.87
85.381
128.133
217.572
378.189
648.862
1049.37
713.814
718.278
1037.09
644.897
378.928
211.701
128.437
86.9483
63.4188
52.2295
47.2555
47.0369
50.804
61.9178
84.06
130.145
216.334
370.665
656.711
1050.76
709.049
716.312
1040.67
654.118
372.013
214.233
130.3
86.9147
64.046
51.7651
46.7631
47.0446
51.4648
62.6926
85.3031
129.553
214.838
379.114
648.296
1057.26
708.542
714.754
1034.72
651.769
381.12
209.255
127.562
86.3615
63.8545
52.2964
47.2424
46.9678
51.193
61.6677
83.5137
128.258
208.663
376.324
657.244
1050.86
708.123
709.132
1033.33
648.245
380.313
213.307
129.72
86.1112
63.5975
52.1844
47.1666
46.8279
50.7045
61.8271
83.6965
127.651
213.537
367.739
647.174
1060.2
702.901
711.21
1040.96
636.135
378.268
215.304
127.095
84.3931
63.144
51.9406
46.9822
46.6993
51.1748
61.7681
83.1693
124.404
211.779
373.958
653.419
1052.29
704.242
712.929
1033.97
646.58
377.742
210.149
126.704
84.5705
62.4655
51.3877
46.5041
46.1778
50.8018
62.0296
83.5047
124.882
209.881
364.782
649.262
1058.31
698.586
711.212
1034.62
635.896
375.742
210.09
125.94
84.2012
62.9715
51.9562
47.1229
46.7819
50.7519
61.7763
82.2619
125.116
207.781
366.431
644.485
1055.5
698.129
704.66
1033.07
636.967
374.707
208.867
125.866
84.3256
62.1922
51.7364
47
46.6946
50.9756
61.1792
82.9944
122.549
202.162
362.126
631.164
1046.92
693.725
708.16
1031.78
634.602
373.112
208.006
127.231
85.0116
62.2675
51.5986
46.8376
46.5737
50.5526
61.7693
82.0171
124.438
205.452
353.326
637.783
1051.64
692.888
712.226
1032.45
637.532
372.275
208.167
126.541
84.6932
62.2195
51.0432
46.3288
46.4133
50.9685
61.6693
81.7927
121.977
206.529
353.97
640.288
1056.58
689.507
708.5
1035.36
643.124
370.614
209.469
125.587
84.2468
62.5305
51.3467
46.6542
45.9917
50.3637
61.0085
81.5615
122.871
205.88
350.267
628.215
1054.77
687.311
713.745
1042.88
640.517
368.597
204.896
123.71
82.79
61.6842
51.0658
46.3158
46.4786
50.6765
61.5963
81.8888
123.843
205.279
349.607
627.396
1052.56
684.03
707.733
1040.57
627.283
365.919
207.342
122.637
84.0914
62.3147
50.6151
46.6327
46.1771
50.3507
61.4997
82.3945
123.106
204.971
349.57
624.059
1049.8
683.886
709.207
1038.94
632.875
364.103
202.463
123.907
83.8647
61.6119
50.4938
46.649
46.6284
50.5757
61.2941
81.9639
120.31
204.22
352.122
622.677
1046.7
681.451
707.89
1036.26
638.118
361.799
203.291
125.33
83.5941
61.7055
50.5338
46.5387
46.6253
50.9116
60.6125
81.42
121.478
203.562
356.312
627.577
1038.22
679.86
707.811
1025.23
635.781
358.759
204.08
124.55
82.1682
61.4282
50.6198
46.1096
46.4689
50.855
61.396
82.1821
122.511
202.47
348.351
613.535
1045.12
676.158
705.957
1032.01
632.761
349.697
202.078
123.772
82.4747
61.424
50.9948
46.4468
46.3232
50.1901
60.5526
81.7166
121.653
201.603
355.483
625.479
1038.87
676.358
700.411
1039.35
630.288
349.59
197.303
122.75
82.7014
61.2657
50.4821
46.2958
46.2176
50.2819
60.9278
81.2584
118.78
199.789
348.56
633.41
1044.41
679.075
699.619
1037.65
626.733
341.816
197.244
122.153
82.3288
61.1882
50.7872
45.8057
45.7225
50.0536
60.6704
80.9427
119.915
198.533
352.698
630.85
1050.46
683.373
698.048
1036.09
623.856
341.197
197.614
121.315
81.0756
60.9209
50.297
45.778
45.9026
49.9024
59.8474
79.4737
117.223
196.467
349.471
627.177
1048.93
679.123
700.784
1034.18
619.933
338.282
196.049
120.508
81.4963
61.0475
50.2297
45.684
45.801
49.9891
59.9383
79.5475
118.151
191.468
340.242
622.163
1045.91
686.447
699.601
1031.99
615.885
335.855
191.797
119.423
81.0395
60.75
50.0887
45.7686
45.6404
49.7615
59.309
78.9043
116.192
191.392
343.428
610.161
1042.49
685.395
697.264
1020.93
610.374
332.141
191.477
118.638
80.2891
60.1067
49.9574
45.5829
45.0954
49.5221
59.5069
78.8518
116.051
189.562
340.775
616.588
1032.07
683.826
695.506
1031.11
605.47
330.778
188.718
117.601
80.1353
60.2867
49.9769
45.3662
45.0874
49.2438
59.1428
78.2605
113.754
189.211
337.228
606.858
1039.27
682.244
689.527
1022.14
594.215
331.919
188.237
116.683
79.5948
59.929
49.7139
45.0973
44.4373
48.4824
58.2394
77.1171
113.571
187.125
334.086
607.201
1047.15
678.209
688.801
1022.04
592.121
323.708
187.483
115.555
78.2652
58.9485
49.0116
44.5381
44.3913
48.2652
57.9337
76.5722
111.934
184.669
329.793
602.354
1046.83
683.229
685.675
1018.89
587.899
326.366
185.809
114.411
77.8145
58.6526
48.9203
44.4072
44.1907
47.8476
57.3638
75.7909
110.655
182.4
321.461
598.632
1043.41
676.159
682.038
1016.76
583.881
318.148
183.043
112.627
77.3455
58.1046
48.6268
44.0725
43.9116
47.3766
56.8886
75.0474
109.516
180.18
321.467
593.775
1039.72
674.715
677.101
1013.07
579.533
319.486
179.796
111.313
76.2467
57.67
48.0336
43.6238
43.34
47.0225
56.3934
74.472
108.364
176.131
315.318
587.86
1029.07
673.178
673.926
1010.03
575.031
315.534
177.915
110.059
75.6413
57.2886
47.7819
43.3364
42.9782
46.7173
55.9295
73.7964
107.243
174.163
310.631
581.864
1033.84
670.554
670.978
1006.76
569.377
311.766
175.136
108.9
74.9652
56.8537
47.3697
42.9698
42.6523
46.3943
55.5796
73.1012
106.002
171.285
304.78
575.808
1022.76
667.443
667.082
1003.51
562.633
303.518
172.774
107.776
74.3737
56.3618
46.7922
42.5146
42.1915
45.9814
55.0795
72.3905
104.794
168.554
300.168
567.469
1029.17
662.838
664.063
1001.03
557.452
300.818
170.879
106.671
73.6243
55.8169
46.3398
42.0803
41.7364
45.5104
54.5145
71.68
103.645
165.955
295.001
561.007
1017.52
661.342
660.779
1000.32
552.215
296.258
168.549
105.61
72.884
55.2689
45.8995
41.61
41.3186
45.0337
53.9555
70.9355
102.601
164.156
291.294
554.763
1018.75
656.888
658.357
1003.87
546.5
292.145
166.812
104.408
72.1542
54.7069
45.3998
41.1978
40.8857
44.5706
53.4127
70.3337
101.463
161.7
286.577
548.359
1021.17
652.104
655.17
1000.13
540.68
288.239
164.573
103.349
71.518
54.216
44.9288
40.7354
40.4802
44.1667
52.9738
69.7021
100.51
159.76
282.265
540.968
1017.06
649.49
651.612
994.786
533.909
284.048
162.412
102.229
70.7522
53.6334
44.4882
40.3465
40.0672
43.7208
52.4591
69.0396
99.4296
157.548
278.048
535.18
1002.43
646.357
647.139
989.643
526.91
280.122
160.489
101.25
70.1013
53.0746
43.9543
39.8668
39.6416
43.3088
52.014
68.4597
98.5096
155.77
274.096
528.018
1001.5
640.795
644.118
983.724
519.449
275.737
158.404
100.202
69.3947
52.4921
43.4584
39.4321
39.221
42.8701
51.5043
67.811
97.4557
153.706
269.489
521.246
993.559
633.69
639.579
977.969
512.551
271.316
156.274
99.0987
68.6086
51.8306
42.8692
38.906
38.7428
42.4122
51.0022
67.1489
96.4432
151.734
265.404
512.244
982.735
627.293
634.552
962.401
505.233
267.371
154.409
98.0143
67.8315
51.1841
42.3013
38.3818
38.265
41.9415
50.4875
66.5141
95.4713
149.815
261.009
505.3
971.648
620.517
629.226
963.531
498.874
262.739
152.161
96.8522
67.0033
50.5353
41.7434
37.8708
37.7831
41.4641
49.9702
65.8607
94.4585
147.803
256.479
495.57
967.796
613.312
623.899
956.249
491.805
258.748
150.138
95.6455
66.1714
49.878
41.1963
37.3813
37.3088
40.9768
49.4353
65.1874
93.4489
145.842
252.1
487.626
955.98
605.807
618.283
947.485
485.171
254.39
147.95
94.4116
65.3087
49.1863
40.5834
36.8189
36.7779
40.4397
48.8346
64.4298
92.3283
143.849
248.13
479.292
946.308
599.724
613.492
938.867
477.947
250.352
145.685
93.0442
64.3726
48.4677
39.9887
36.2794
36.2488
39.8767
48.1843
63.6192
91.1518
141.753
243.986
471.877
935.336
597.226
609.47
921.053
469.649
245.76
143.225
91.5911
63.407
47.7333
39.3719
35.7215
35.6922
39.2722
47.4695
62.7064
89.8539
139.582
239.898
464.416
925.054
593.156
604.298
914.249
462.108
241.367
140.667
90.0023
62.3412
46.9539
38.7476
35.165
35.1377
38.6556
46.7267
61.7649
88.558
137.479
235.818
456.913
918.088
590.244
598.891
901.255
453.524
236.576
138.03
88.3686
61.2716
46.1845
38.1339
34.6125
34.5789
38.027
45.9484
60.7254
87.0956
135.203
231.592
448.89
908.301
585.49
592.05
891.493
444.592
231.442
135.198
86.5923
60.087
45.3615
37.4934
34.045
34.0021
37.3705
45.1431
59.6629
85.6182
132.967
227.507
441.245
899.124
582.101
585.179
879.082
434.848
225.939
132.307
84.9076
58.9742
44.5583
36.8578
33.4715
33.4137
36.6903
44.2856
58.5187
84.0074
130.44
222.78
432.622
888.482
575.891
577.636
867.993
424.458
219.769
128.915
82.9028
57.6942
43.678
36.1811
32.8795
32.816
35.9983
43.399
57.3258
82.3782
127.993
218.221
423.875
877.889
571.442
570.117
855.986
413.03
213.296
125.452
80.857
56.3764
42.76
35.4774
32.2635
32.1938
35.2821
42.4832
56.0836
80.6284
125.289
213.212
414.706
865.523
564.394
560.969
840.895
400.144
206.329
121.703
78.6325
54.9534
41.7751
34.7232
31.61
31.5439
34.5416
41.5449
54.7923
78.7369
122.288
207.728
404.455
854.249
557.396
545.477
824.771
386.621
198.688
117.677
76.2685
53.4364
40.7298
33.9242
30.9165
30.8534
33.7566
40.5498
53.4066
76.6443
118.912
201.726
393.548
840.938
547.255
530.2
806.978
372.778
190.83
113.327
73.6868
51.7813
39.6006
33.074
30.1885
30.1337
32.9373
39.4868
51.9038
74.4066
115.358
195.384
381.289
824.538
537.666
516.067
787.188
358.134
183.098
108.952
70.9914
50.045
38.3987
32.1601
29.4041
29.3574
32.0503
38.3434
50.2762
71.9178
111.356
188.362
368.371
807.34
527.326
501.54
762.86
342.75
175.29
104.486
68.1638
48.1735
37.1139
31.1968
28.5849
28.5498
31.1194
37.1039
48.4551
69.1228
106.913
180.71
354.102
787.443
514.822
487.514
735.395
326.351
166.88
99.6041
65.1457
46.2178
35.7574
30.1655
27.7025
27.6802
30.1258
35.8021
46.5606
66.173
102.144
172.54
338.129
760.876
498.029
466.773
702.351
307.903
158.088
94.384
61.8496
44.1088
34.3142
29.0762
26.7716
26.7593
29.0667
34.4033
44.5123
62.9645
96.9342
163.506
320.081
731.768
478.667
449.18
666.192
288.405
148.405
88.76
58.3681
41.8689
32.7709
27.9097
25.775
25.7783
27.9446
32.9233
42.3203
59.4709
91.1784
153.46
299.601
693.771
455.86
426.937
624.751
267.237
137.837
82.7308
54.7094
39.5386
31.1707
26.6897
24.725
24.7401
26.7539
31.3535
40.0076
55.7832
85.0813
142.695
277.428
650.844
426.469
403.895
579.953
246.008
127.1
76.5799
50.9477
37.0979
29.4855
25.4091
23.6233
23.6498
25.5048
29.7046
37.5533
51.8249
78.3937
130.888
253.723
600.507
396.102
381.554
533.318
224.49
116.191
70.1869
47.0564
34.638
27.7871
24.1058
22.4976
22.5333
24.2248
28.0291
35.0972
47.886
71.6909
118.875
229.306
546.649
363.124
360.163
485.269
203.156
105.258
63.8738
43.2076
32.1609
26.0635
22.7862
21.3612
21.4041
22.9245
26.321
32.6009
43.9106
64.8968
106.611
204.471
490.857
333.032
342.247
437.6
181.598
94.2529
57.633
39.4606
29.7584
24.3921
21.5065
20.2565
20.3039
21.6563
24.6589
30.1736
40.0505
58.3416
94.8038
180.917
436.672
315.014
328.255
389.952
160.576
83.5265
51.6529
35.9237
27.483
22.8021
20.2913
19.2092
19.2588
20.4467
23.0748
27.8862
36.4531
52.2529
83.9562
159.699
386.631
305.188
316.963
344.176
141.43
74.0972
46.3285
32.6762
25.384
21.3504
19.1879
18.2578
18.3067
19.3419
21.6232
25.7902
33.207
46.9347
74.6106
140.705
339.93
294.018
303.945
301.553
123.79
65.6477
41.6846
29.8969
23.5896
20.1003
18.2298
17.4256
17.4693
18.3691
20.3543
23.9811
30.4332
42.3893
66.6862
124.954
300.141
291.466
297.684
264.377
108.959
58.7483
37.8384
27.5731
22.0892
19.0549
17.4275
16.7262
16.7602
17.5378
19.2665
22.4431
28.1216
38.6785
60.1538
111.247
267.589
296.406
300.212
237.092
98.1501
53.7651
35.0286
25.8301
20.9289
18.2275
16.7853
16.1635
16.1863
16.8583
18.3688
21.1697
26.2212
35.6333
54.7011
99.615
239.574
303.899
310.676
214.497
90.286
49.9378
32.8144
24.4341
19.9905
17.5607
16.275
15.7224
15.7366
16.3194
17.6471
20.1387
24.6896
33.2551
50.6952
91.4186
215.913
310.625
323.005
198.729
85.8647
47.6666
31.3145
23.3867
19.2528
17.0342
15.8801
15.3885
15.3962
15.903
17.0772
19.3191
23.4813
31.4415
47.842
86.2371
200.232
325.068
334.759
185.255
81.1768
45.1357
29.7421
22.3655
18.5799
16.5845
15.5657
15.1375
15.1416
15.5782
16.61
18.6252
22.4449
29.8823
45.3623
81.4449
185.459
334.892
350.064
175.696
78.146
43.2826
28.4784
21.507
18.0086
16.2128
15.3214
14.9548
14.956
15.3245
16.2185
18.0169
21.5168
28.4859
43.2719
78.1076
175.698
349.897
361.762
165.944
74.4131
41.0234
27.0276
20.5789
17.4297
15.8656
15.1172
14.8187
14.8194
15.1193
15.8701
17.4403
20.6039
27.0919
41.1837
74.7697
166.515
360.858
378.679
160.264
71.5081
38.8674
25.5836
19.6667
16.8826
15.5586
14.9549
14.7237
14.7235
14.9539
15.5554
16.8754
19.6506
25.5506
38.8017
71.3875
160.191
378.738
391.414
153.091
67.4661
36.1992
23.9374
18.6945
16.3377
15.2778
14.8249
14.6673
14.6672
14.8259
15.281
16.345
18.7123
23.9835
36.3251
67.799
153.817
392.35
409.329
148.786
63.5603
33.4229
22.2559
17.7432
15.8393
15.0463
14.7394
14.6449
14.6451
14.7406
15.0443
15.8326
17.7289
22.2224
33.3404
63.3376
148.182
408.21
422.947
141.92
58.1204
30.0888
20.4321
16.8029
15.3983
14.8712
14.7014
14.6417
14.6417
14.7015
14.8722
15.4023
16.8161
20.4652
30.1853
58.4138
142.622
423.79
437.861
134.451
51.7017
26.4623
18.6149
15.9642
15.0638
14.7865
14.6952
14.6699
14.6701
14.696
14.7886
15.0663
15.9557
18.5898
26.4002
51.5298
134.01
437.313
450.133
120.488
42.7424
22.3412
16.8318
15.282
14.8721
14.7598
14.7232
14.7156
14.7157
14.7231
14.7591
14.8692
15.2843
16.8455
22.3939
42.8957
120.879
450.4
461.445
95.4835
31.2047
18.1947
15.6148
14.9717
14.8213
14.774
14.7682
14.7687
14.7687
14.7686
14.7745
14.8205
14.9709
15.612
18.1685
31.1304
95.2634
461.476
471.102
47.5275
18.0597
15.0111
14.7434
14.8113
14.8129
14.8224
14.8261
14.827
14.827
14.8261
14.8225
14.8133
14.812
14.7468
15.0238
18.0894
47.576
471.061
263.391
353.097
223.151
140.678
91.0375
62.5219
47.1495
38.7183
34.3381
32.5064
32.6581
34.7994
39.5101
48.1166
63.4616
90.8116
139.163
220.676
348.359
262.904
262.961
353.047
222.674
140.625
90.9437
61.807
46.7543
38.4441
34.1862
32.3919
32.5401
34.6356
39.2864
47.6932
62.7532
89.6915
137.972
219.636
348.063
262.567
264.292
353.46
221.005
140.646
90.9092
62.2082
47.0992
38.5579
34.2543
32.4533
32.5951
34.7162
39.472
47.9424
63.1332
90.0172
139.121
220.686
347.653
262.752
265.165
353.827
222.499
140.678
90.7616
62.544
47.1199
38.6454
34.1783
32.3921
32.643
34.7794
39.4919
48.1741
63.484
89.8539
138.858
220.664
347.85
262.309
265.456
353.964
224.273
140.6
90.405
62.3519
47.0047
38.5363
34.2717
32.4792
32.6497
34.7463
39.2759
48.0993
63.5232
90.1126
138.31
219.287
348.602
262.705
264.471
353.582
223.766
140.157
89.2278
61.5828
46.6501
38.4911
34.1737
32.409
32.6308
34.6704
39.3956
47.7767
63.494
90.8008
136.896
220.085
348.397
262.213
264.547
353.402
221.989
139.661
89.565
61.882
47.109
38.744
34.2952
32.4841
32.6439
34.751
39.3341
48.0759
63.3913
90.8706
138.272
221.065
347.54
262.408
264.527
352.681
223.51
138.513
89.8032
62.0425
47.1275
38.7484
34.2132
32.4411
32.5736
34.6712
39.3762
47.8675
63.1206
90.6887
139.257
220.85
348.731
262.311
264.95
353.227
222.702
139.409
90.7226
62.7269
47.1634
38.7525
34.3421
32.5003
32.6419
34.7835
39.4893
48.0602
62.3062
89.7953
138.067
219.003
348.33
262.052
264.616
353.879
223.614
140.488
90.7141
62.6771
46.8115
38.5716
34.2488
32.421
32.531
34.6363
39.2708
48.074
63.1224
91.286
139.433
219.502
347.328
262.103
264.326
353.485
222.018
140.309
89.8248
62.5723
47.1453
38.8038
34.3828
32.5104
32.5922
34.6917
39.2903
47.8513
63.5159
91.2059
139.29
219.459
348.328
261.929
264.099
352.476
222.292
140.209
90.6594
62.5516
46.9873
38.8
34.3793
32.5143
32.6573
34.7555
39.318
48.065
63.2919
91.0277
138.377
219.757
347.535
262.224
263.836
353.451
222.848
140.028
90.4009
62.3187
47.2077
38.8021
34.3553
32.4354
32.6437
34.6829
39.4157
48.0172
62.5305
90.4012
139.742
221.089
348.346
262.234
263.558
352.611
223.913
138.782
89.4051
61.4697
47.109
38.6861
34.2632
32.474
32.6607
34.8194
39.2404
48.0614
63.2369
91.2873
139.536
219.756
347.045
261.927
264.604
354.153
223.936
140.154
90.3335
62.1475
47.1754
38.7948
34.3853
32.5117
32.5851
34.8409
39.4172
47.873
63.7866
91.4435
138.567
221.868
348.282
262.335
264.723
354.028
222.333
139.747
89.8893
62.5681
46.9319
38.5757
34.3202
32.4486
32.5953
34.8626
39.6368
48.2848
63.7056
91.319
139.671
221.861
348.623
261.491
264.725
353.89
222.743
138.452
89.4401
62.4834
47.1807
38.621
34.233
32.4191
32.6331
34.8364
39.594
48.1855
63.5275
90.938
138.237
221.653
347.891
261.757
264.471
353.278
223.067
139.038
90.274
62.451
47.1225
38.5788
34.2303
32.4173
32.5646
34.8265
39.5357
48.0505
62.8411
90.0057
139.364
221.439
348.627
262.251
264.038
352.698
221.12
139.597
89.9769
62.2054
47.0121
38.5692
34.2367
32.4267
32.6311
34.8016
39.4713
47.8206
63.0875
90.2572
138.095
219.949
349.23
262.214
263.513
352.803
222.547
139.406
89.3329
61.7454
46.8582
38.6355
34.2796
32.4479
32.5851
34.6739
39.4087
48.0792
63.4094
90.6245
138.181
220.246
349.049
261.961
263.369
352.969
223.264
138.215
89.2545
61.8119
46.7166
38.47
34.2451
32.4282
32.5288
34.684
39.4488
47.7946
62.8678
89.9012
137.932
219.981
348.235
261.497
263.044
353.331
222.003
140.001
90.2913
62.4072
47.0829
38.6618
34.1817
32.3962
32.5331
34.6874
39.3793
48.2328
63.6721
90.9994
138.074
219.965
349.204
262.118
262.799
353.076
222.345
139.796
89.3613
61.8224
46.983
38.6268
34.2364
32.3347
32.5652
34.7561
39.5113
48.1766
63.5174
90.8464
138.551
220.049
349.245
262.795
262.708
352.311
222.45
139.611
90.2905
62.4257
46.9915
38.4675
34.1711
32.3639
32.5453
34.7261
39.4748
48.0954
63.3358
90.47
136.939
220.735
348.675
263.069
262.731
352.926
223.162
139.192
90.1173
62.326
46.9482
38.6024
34.2035
32.281
32.4887
34.6623
39.3994
47.9435
62.5981
89.5532
138.246
219.833
349.631
262.79
262.522
352.512
222.666
137.636
89.7332
62.1075
46.5456
38.5126
34.1626
32.2289
32.3726
34.6002
39.3357
47.913
62.7757
90.0524
139.584
221.604
349.6
262.748
262.993
351.184
221.572
138.884
89.5522
61.8995
46.5588
38.4759
34.1407
32.2464
32.3868
34.4723
39.1198
47.631
62.7315
90.5003
139.372
221.284
349.404
262.874
262.632
351.95
222.68
137.707
89.0768
61.3014
46.4253
38.3056
34.1052
32.2908
32.4498
34.5842
39.2601
47.8576
62.947
89.5114
139.117
220.901
348.508
262.943
263.012
352.53
222.454
138.61
88.1459
61.7861
46.5705
38.4023
34.101
32.2072
32.3478
34.4442
39.0628
47.7845
62.4729
90.2891
138.888
219.63
349.479
262.776
262.785
352.213
220.808
137.397
88.8628
61.4912
46.6961
38.4815
34.0824
32.2737
32.4384
34.578
39.256
47.7846
62.8422
89.2989
138.581
220.059
348.617
262.943
262.448
351.485
221.311
138.681
89.6157
62.0029
46.4988
38.4205
33.9442
32.2312
32.4048
34.5314
39.1974
47.6962
62.3654
89.6012
138.198
220.677
348.788
262.785
262.911
352.069
221.673
137.404
88.6698
61.9101
46.8062
38.3624
33.9957
32.2139
32.364
34.4789
39.139
47.6349
62.6681
88.326
136.704
220.37
348.825
261.747
262.13
351.614
219.965
138.217
89.3929
61.7878
46.7441
38.468
34.0523
32.1261
32.2395
34.3835
38.8707
47.4855
62.6449
89.143
138.095
220.139
349.69
261.515
261.912
350.659
220.898
137.931
89.1926
61.1901
46.3902
38.4054
33.9593
32.1203
32.2333
34.3507
38.8162
47.0609
62.0711
89.4761
137.695
218.415
349.423
260.756
261.613
350.894
219.293
136.482
88.9306
61.7418
46.7215
38.4007
34.01
32.1486
32.2055
34.2393
38.7305
47.0644
62.1913
88.362
137.339
219.526
348.512
260.575
261.473
349.852
219.268
137.375
88.7604
61.1924
46.4289
38.2107
33.898
32.1258
32.2353
34.262
38.6692
46.9708
62.0475
88.3267
136.786
217.913
348.334
260.115
261.361
350.521
218.885
137.026
88.3916
61.4851
46.6509
38.401
34.0143
32.1051
32.2192
34.2374
38.6364
46.975
61.8082
88.0936
136.355
218.287
348.272
260.211
260.965
349.488
218.236
136.617
87.3601
60.8644
46.4948
38.22
33.9813
32.15
32.1483
34.1293
38.5487
46.7919
61.2085
88.2248
135.713
218.642
348.415
259.411
260.77
350
218.17
136.38
88.2519
61.3337
46.3124
38.3156
33.9282
32.1486
32.1931
34.1763
38.5662
46.4417
61.4518
87.8386
133.739
218.027
348.893
259.248
260.379
348.682
218.459
135.885
87.9445
60.7613
46.2593
38.2246
34.056
32.1611
32.1172
34.1312
38.5219
46.4526
60.871
86.9519
133.657
216.515
348.649
259.249
260.072
349.19
217.896
135.251
87.576
60.7613
46.2631
38.3841
34.0712
32.1652
32.1793
34.0198
38.3463
46.5716
61.0581
87.2007
133.24
216.694
347.904
259.431
259.058
347.656
217.103
133.519
86.5027
60.599
46.2515
38.3753
34.0666
32.1095
32.1707
34.0402
38.3309
46.4267
60.383
86.8573
133.074
216.988
348.556
259.321
258.836
347.525
216.479
133.397
86.7397
60.7615
46.3897
38.3864
34.0766
32.1808
32.1804
34.0491
38.3437
46.1862
60.6323
85.9659
132.937
216.453
348.228
259.081
258.175
346.944
214.862
132.812
86.3795
60.558
46.2898
38.334
34.0609
32.1885
32.1409
34.122
38.3839
46.2348
60.4316
85.7968
133.217
214.736
346.843
258.67
257.77
347.083
215.094
132.843
85.3879
59.8846
45.9083
38.2659
34.0465
32.2021
32.227
34.1414
38.3361
45.9448
60.2083
85.3559
132.647
215.016
347.256
257.986
257.738
346.593
214.298
132.243
85.2232
59.8764
45.9345
38.2374
34.0219
32.1636
32.1917
34.1314
38.3037
45.8982
59.7105
84.9553
130.904
214.108
346.655
257.62
257.238
345.017
213.434
131.538
84.7991
59.6891
45.8715
38.2092
33.947
32.2655
32.2927
34.1363
38.2877
45.9934
59.8605
84.9731
130.718
212.176
344.621
256.864
256.967
344.948
212.675
130.883
84.6662
59.6874
45.9081
38.118
33.9796
32.2812
32.2723
34.1068
38.2077
45.8544
59.5984
84.5143
129.631
211.873
344.64
256.416
256.472
345.147
211.796
129.159
83.628
59.0746
45.6258
38.1835
34.0269
32.2977
32.2406
34.0624
38.1122
45.4728
58.9176
84.0051
129.77
211.461
343.837
255.856
256.023
344.536
209.681
128.437
83.454
59.2095
45.7447
38.1131
34.0794
32.3238
32.2735
33.9712
37.9559
45.4047
58.8467
83.4819
128.017
209.344
343.259
255.341
255.799
343.955
208.933
127.331
82.7012
58.6481
45.4809
38.1815
34.1447
32.3247
32.233
33.9851
37.9292
45.2542
58.3516
82.495
127.459
209.132
342.705
254.721
255.391
343.32
207.361
126.303
82.1274
58.4286
45.3849
38.0585
34.0598
32.3138
32.2678
34.0124
37.8793
45.1629
58.3482
82.1406
126.853
206.917
342.309
254.114
255.158
341.727
206.277
125.409
81.5411
58.1197
45.258
38.0756
34.1009
32.2838
32.3076
34.0034
37.8706
45.0207
58.0859
81.5478
125.51
206.239
342.625
253.594
254.67
341.248
205.211
124.41
80.9709
57.8098
45.1854
38.0321
34.0415
32.3377
32.3095
33.9887
37.8092
44.8319
57.5455
80.9227
124.697
205.408
342.121
253.616
253.622
340.342
204.234
123.622
80.5064
57.5038
44.9192
37.8803
34.067
32.285
32.2778
33.9412
37.7232
44.651
57.1534
80.1899
123.208
204.32
341.56
253.672
253.144
339.898
203.367
122.76
79.9785
57.2562
44.8463
37.8195
33.9973
32.3077
32.2194
33.8961
37.5698
44.4625
56.8056
79.3664
122.266
202.889
340.9
253.532
252.228
338.294
201.565
121.646
79.1309
56.8647
44.6464
37.7341
33.9731
32.2974
32.2603
33.8647
37.4989
44.2369
56.4075
78.7903
121.002
201.063
339.062
253.132
251.809
337.985
200.608
120.535
78.5769
56.5299
44.4322
37.6469
33.9208
32.2524
32.177
33.8164
37.4598
44.129
56.071
78.0751
119.954
199.759
338.155
252.606
250.972
337.316
198.85
119.497
77.9027
56.155
44.2563
37.5502
33.8513
32.2165
32.1316
33.6857
37.3608
43.9433
55.7001
77.3003
118.773
198.215
336.764
251.824
250.294
335.023
196.81
118.207
77.1625
55.6505
44.0116
37.4269
33.7823
32.1278
32.0956
33.627
37.186
43.7079
55.3039
76.7473
117.769
196.801
335.464
251.232
249.713
334.232
195.526
117.062
76.4995
55.3251
43.8119
37.302
33.6992
32.0687
32.0395
33.5447
37.0141
43.4124
54.9001
76.026
116.618
195.316
334.186
250.545
249.243
333.244
193.791
115.748
75.7212
54.9086
43.5789
37.1603
33.5951
31.9557
31.9133
33.4318
36.8731
43.1896
54.4836
75.353
115.455
193.733
333.036
249.918
248.618
331.475
192.203
114.591
74.9842
54.4954
43.3259
37.0051
33.4897
31.8795
31.8133
33.2901
36.6654
42.888
54.0269
74.6118
114.26
192.029
331.661
249.052
248.101
330.539
190.461
113.21
74.2163
54.0238
43.0466
36.8276
33.37
31.7853
31.7258
33.1903
36.5259
42.6431
53.6012
73.8346
112.985
190.295
330.255
248.251
247.372
329.034
188.631
111.882
73.3651
53.5455
42.7596
36.6521
33.2442
31.6761
31.61
33.0515
36.3405
42.3766
53.1583
73.0653
111.654
188.405
328.761
247.385
246.417
327.31
186.739
110.389
72.4763
53.0214
42.4456
36.4423
33.0847
31.5365
31.4706
32.894
36.1307
42.061
52.6495
72.1625
110.184
186.426
326.844
246.335
245.196
325.827
184.667
108.833
71.4963
52.4534
42.0864
36.1948
32.8994
31.3784
31.3175
32.7233
35.913
41.758
52.1607
71.2816
108.656
184.391
325.443
245.746
243.971
324.534
182.486
107.124
70.4435
51.8219
41.6966
35.922
32.689
31.1967
31.1459
32.537
35.6846
41.4143
51.5908
70.3056
106.994
182.16
323.847
244.656
242.336
322.858
179.967
105.216
69.3201
51.1675
41.2783
35.6328
32.4647
31.001
30.955
32.3303
35.4272
41.0473
50.9926
69.276
105.264
179.672
321.854
243.259
240.139
320.784
177.155
103.149
68.0871
50.44
40.819
35.2952
32.1921
30.7652
30.7285
32.0894
35.141
40.6443
50.3424
68.1823
103.408
176.999
319.924
241.783
237.768
318.327
174.027
100.932
66.7748
49.6745
40.3202
34.9422
31.9128
30.5159
30.483
31.8229
34.8192
40.2062
49.6528
66.9717
101.303
173.987
317.501
239.835
234.472
315.139
170.383
98.5426
65.3629
48.8383
39.7808
34.5442
31.5842
30.2168
30.1871
31.5065
34.4487
39.7167
48.91
65.6937
99.0416
170.614
314.683
237.261
230.601
311.188
166.243
95.9298
63.9147
47.9667
39.2005
34.1131
31.2178
29.8762
29.8486
31.1397
34.0082
39.1292
48.0356
64.2231
96.4231
166.544
310.842
233.41
226.018
306.363
161.64
93.1244
62.3468
47.0373
38.567
33.6163
30.7945
29.4897
29.4673
30.7315
33.5324
38.508
47.1098
62.683
93.6899
162.214
306.331
229.29
220.884
300.432
156.521
90.1219
60.6722
46.0118
37.8402
33.0398
30.3006
29.0349
29.0172
30.2502
32.9725
37.7888
46.0655
60.9614
90.619
157.11
300.474
223.718
215.262
293.245
150.884
86.9424
58.9305
44.8959
37.0243
32.3889
29.7368
28.5068
28.4901
29.6905
32.3341
36.9823
44.9057
59.0901
87.309
151.35
293.298
217.708
208.534
284.501
144.59
83.4752
56.9747
43.6486
36.1206
31.6507
29.0832
27.8989
27.8899
29.0566
31.6173
36.104
43.6785
57.0864
83.6635
144.762
284.193
209.82
201.557
274.43
137.958
79.8925
54.9288
42.3025
35.1161
30.8271
28.354
27.2074
27.1983
28.3301
30.8037
35.1098
42.3395
55.0071
79.8984
137.816
273.702
201.884
194.166
262.909
130.937
76.1391
52.7496
40.8653
34.0388
29.9206
27.5347
26.4318
26.4276
27.5243
29.9106
34.0396
40.9018
52.8181
76.0999
130.548
261.661
193.539
187.507
250.36
123.899
72.5428
50.6457
39.3857
32.8634
28.9209
26.6339
25.5717
25.5674
26.6278
28.9317
32.9073
39.4578
50.6906
72.4064
123.27
248.571
185.662
181.006
236.875
116.832
68.9327
48.4874
37.8548
31.6316
27.8519
25.6552
24.6403
24.6437
25.6708
27.8921
31.7142
37.974
48.5952
68.8594
116.177
234.992
179.284
176.161
223.139
110.052
65.5762
46.3912
36.2954
30.3482
26.7244
24.6191
23.6497
23.6559
24.6435
26.7781
30.4512
36.4467
46.5325
65.5133
109.339
220.993
174.359
173.774
209.433
103.566
62.3791
44.3623
34.7457
29.0499
25.5774
23.5631
22.6391
22.6507
23.6012
25.6501
29.1759
34.9293
44.5525
62.4064
103.027
207.619
172.998
173.382
196.573
97.5741
59.3567
42.3996
33.2294
27.7722
24.4454
22.5199
21.6388
21.6501
22.5576
24.515
27.8867
33.396
42.6006
59.4946
97.2216
194.96
172.963
174.245
184.889
92.3438
56.6821
40.5658
31.7789
26.5458
23.3629
21.5257
20.6858
20.6965
21.5631
23.4346
26.6634
31.9519
40.7777
56.8337
92.1596
184.103
174.393
178.36
174.507
87.4947
54.239
38.909
30.4604
25.4236
22.3658
20.6053
19.8026
19.8132
20.6395
22.428
25.523
30.6097
39.1083
54.4663
87.663
174.824
180.448
183.916
165.611
83.2791
52.1569
37.4448
29.282
24.4173
21.4726
19.7804
19.0085
19.0166
19.8068
21.5228
24.5006
29.4124
37.6324
52.3938
83.5516
166.28
186.475
191.967
158.344
80.1039
50.525
36.2304
28.267
23.5363
20.6851
19.0526
18.3088
18.3141
19.0696
20.7183
23.5906
28.3502
36.3425
50.6543
80.2281
158.497
193.457
201.559
151.571
77.7047
49.178
35.1591
27.3545
22.7447
19.983
18.4093
17.693
17.6957
18.4176
19.9998
22.7728
27.4037
35.2379
49.2901
77.8724
151.813
202.67
213.201
146.53
76.0343
48.0356
34.1652
26.4906
22.0029
19.3396
17.8313
17.1467
17.1477
17.8339
19.3451
22.0117
26.5065
34.1905
48.0647
76.037
146.416
213.774
228.33
142.838
74.6631
46.9165
33.151
25.6199
21.2748
18.7275
17.2986
16.6537
16.6535
17.2975
18.7262
21.2737
25.6212
33.1581
46.9379
74.7318
142.858
228.472
245.402
140.355
73.5415
45.7114
32.0311
24.6847
20.5239
18.1239
16.7949
16.2
16.1996
16.7934
18.1216
20.521
24.6813
32.0277
45.7045
73.5248
140.455
245.144
266.382
139.259
72.3105
44.2212
30.7122
23.6404
19.7275
17.5161
16.3121
15.7794
15.779
16.3108
17.5136
19.7238
23.6348
30.7067
44.2195
72.3136
139.167
266.184
289.346
138.709
70.6797
42.3276
29.1408
22.4645
18.8791
16.9062
15.8563
15.3993
15.3991
15.8558
16.9053
18.8785
22.465
29.1443
42.3373
70.6974
138.76
289.308
315.558
138.644
68.318
39.8736
27.268
21.1517
17.9889
16.3094
15.4438
15.0758
15.0756
15.4432
16.3084
17.9879
21.1518
27.2727
39.8926
68.3636
138.682
315.483
343.409
138.15
64.8501
36.7713
25.095
19.7284
17.0889
15.7558
15.0994
14.8315
14.8314
15.0992
15.7551
17.0879
19.7272
25.0939
36.7738
64.872
138.233
343.447
372.881
135.704
59.5037
32.792
22.6021
18.232
16.2239
15.2848
14.8669
14.7153
14.7153
14.8668
15.2847
16.2247
18.2341
22.6075
32.8106
59.5644
135.844
373.105
402.564
128.075
51.2618
27.8579
19.8853
16.7569
15.4647
14.9468
14.7504
14.6762
14.6763
14.751
14.9476
15.4643
16.7563
19.8821
27.8531
51.2487
128.034
402.412
432.433
107.323
38.6197
21.9961
17.1386
15.5631
15.0156
14.8215
14.7333
14.7018
14.7017
14.7332
14.8205
15.0134
15.5618
17.1423
22.0076
38.6616
107.483
432.853
466.527
57.4264
21.6589
16.1848
15.1255
14.8861
14.8329
14.8024
14.796
14.7961
14.7961
14.796
14.8022
14.8324
14.8853
15.1235
16.1813
21.6497
57.3964
466.409
)
;

boundaryField
{
    fixedWalls_1
    {
        Cmu             0.09;
        kappa           0.41;
        E               9.8;
        type            epsilonWallFunction;
        value           nonuniform List<scalar> 
200
(
261.149
260.103
261.593
262.065
263.019
262.561
262.292
261.786
261.49
260.634
261.097
260.903
260.56
260.358
259.682
260.262
260.803
260.84
262.534
262.764
262.341
262.322
262.158
262.056
261.98
261.845
262.893
262.682
262.316
262.901
262.687
262.534
261.621
262.008
262.003
261.765
261.656
261.306
261.151
260.887
260.562
259.605
258.61
257.981
257.727
257.588
257.016
256.875
256.202
255.348
254.602
254.022
253.321
253.012
252.423
252.007
251.277
250.705
250.157
249.431
248.806
248.18
247.299
246.57
245.495
244.347
243.325
242.046
240.339
238.489
236.088
233.527
230.346
226.478
221.957
216.578
210.694
203.742
196.794
190.049
183.809
178.584
176.065
175.625
176.311
180.408
186.336
193.009
202.351
213.927
227.973
245.678
265.895
289.314
315.543
343.216
373.13
402.289
432.613
466.471
262.275
261.843
261.735
262.271
261.645
261.446
260.618
260.276
259.905
260.198
261.013
261.328
261.656
261.832
261.709
261.748
261.773
261.356
262.431
262.693
262.599
262.571
262.571
262.672
262.472
262.071
262.779
263.226
262.91
262.72
262.65
262.145
262.254
261.292
260.994
260.236
259.499
258.789
258.17
258.21
257.982
257.985
258.048
257.968
257.021
257.044
256.338
256.026
255.549
255.062
254.81
254.768
254.154
253.911
253.585
252.691
252.328
251.744
251.082
250.298
249.758
248.781
248.086
246.974
245.979
244.386
243.322
241.829
240.537
238.495
236.794
234.442
231.285
227.386
222.58
216.533
210.088
202.249
194.965
187.821
181.861
177.965
176.642
176.338
177.117
181.327
186.311
193.383
202.607
213.596
228.329
245.126
266.27
289.228
315.374
343.489
372.785
402.576
432.512
466.508
)
;
    }
    frontAndBack_1
    {
        type            empty;
    }
    inlet_1
    {
        type            fixedValue;
        value           uniform 14.855;
    }
    outlet_1
    {
        type            zeroGradient;
    }
    fixedWalls_2
    {
        Cmu             0.09;
        kappa           0.41;
        E               9.8;
        type            epsilonWallFunction;
        value           nonuniform List<scalar> 
200
(
720.66
712.71
719.531
717.104
710.831
718.388
717.394
714.514
709.593
716.929
717.629
711.743
717.522
720.545
716.989
718.648
715.789
712.635
708.193
705.585
705.246
702.529
697.667
700.695
704.184
699.687
707.809
706.403
704.503
702.25
695.806
699.975
692.3
692
688.536
691.792
689.705
685.061
684.227
683.162
682.957
681.975
679.619
679.896
678.49
672.105
669.685
666.005
663.434
659.856
657.186
655.113
653.693
652.213
651.11
648.885
646.524
644.505
641.072
638.069
632.629
626.009
621.314
614.843
611.305
605.074
601.079
594.901
591.201
584.62
572.953
557.218
537.664
515.93
494.598
468.493
445.76
420.649
398.821
373.026
348.546
323.074
302.139
288.479
286.089
291.283
302.557
313.653
323.346
335.012
348.862
362.081
377.3
393.352
407.71
423.996
437.248
450.466
461.419
471.084
708.773
701.453
701.803
701.507
697.235
701.916
696.006
701.591
696.94
705.032
706.081
706.637
706.195
706.794
704.826
702.586
697.187
699.694
702.267
699.285
706.507
705.752
704.503
699.193
701.302
700.861
696.39
700.393
694.771
697.922
694.91
701.695
697.133
704.213
703.437
701.983
701.335
699.649
692.774
695.889
693.362
690.242
687.753
685.876
678.96
677.25
674.259
668.319
666.809
662.587
659.773
655.877
653.007
649.356
643.82
637.86
630.436
624.48
616.847
610.282
604.591
597.944
593.319
588.042
583.664
579.357
575.225
569.417
560.368
553.164
541.834
528.194
511.153
489.497
468.683
448.737
427.809
408.82
387.386
364.992
340.553
318.059
298.607
291.645
290.88
294.728
303.237
313.603
323.05
336.206
350.251
361.137
378.695
391.664
408.127
423.808
436.75
450.598
461.014
471.311
)
;
    }
    frontAndBack_2
    {
        type            empty;
    }
    inlet_2
    {
        type            fixedValue;
        value           uniform 14.855;
    }
    outlet_2
    {
        type            zeroGradient;
    }
    fixedWalls_3
    {
        Cmu             0.09;
        kappa           0.41;
        E               9.8;
        type            epsilonWallFunction;
        value           nonuniform List<scalar> 
200
(
1258.31
1249.85
1260.63
1259.88
1252.04
1262.22
1262.58
1259.58
1258.61
1250.43
1257.54
1255.2
1246.5
1252.76
1246.63
1255.94
1252.6
1242.05
1246.57
1249.4
1245.8
1235.29
1236.5
1233.6
1233.23
1224.82
1231.73
1234.41
1224.85
1226.89
1226.13
1228.25
1232.2
1226.91
1234.24
1230.87
1226.17
1227.42
1223.78
1220.51
1215.91
1214.9
1211.67
1208.62
1203.99
1197.4
1189.7
1184.83
1182.35
1176.31
1171.94
1165.78
1159.93
1153.16
1144.76
1137.87
1127.51
1116.94
1112.66
1109.29
1103.61
1096.64
1085.07
1070.63
1054.25
1035.33
1014.51
993.811
970.681
950.143
927.45
905.886
876.059
847.842
823.298
795.026
770.634
730.845
696.617
657.153
611.173
571.554
527.137
483.917
430.941
409.225
403.977
388.671
377.006
388.699
401.392
411.443
420.174
432.464
439.634
450.927
456.739
464.229
468.575
473.549
1214.16
1209.46
1206.1
1197.64
1204.32
1209.86
1208.64
1206.62
1200.94
1210.77
1202.42
1214.9
1210.43
1219.15
1217.81
1215.9
1210.14
1220.64
1220.28
1209.41
1216.29
1208.8
1217.84
1221.1
1218.46
1223.68
1222.24
1219.81
1215.31
1214.4
1210.74
1207.28
1202.52
1199.72
1197.21
1197.04
1193.42
1192.95
1193.92
1190.87
1182.62
1178.66
1175.39
1172.18
1169.22
1164.6
1162.01
1156.96
1153.75
1148
1145.79
1143.25
1141.74
1138.17
1135.4
1132.11
1128.19
1124.38
1118.54
1114.71
1109.19
1100.83
1096.55
1083.96
1081.25
1071.13
1058.37
1045.53
1025.99
998.075
981.534
957.095
926.959
897.794
865.105
835.479
809.507
744.77
686.804
620.233
565.829
515.819
464.41
423.272
387.664
376.223
372.165
373.581
381.332
387.793
400.783
411.359
419.836
432.528
439.364
450.322
456.96
463.709
468.708
473.431
)
;
    }
    frontAndBack_3
    {
        type            empty;
    }
    inlet_3
    {
        type            fixedValue;
        value           uniform 14.855;
    }
    outlet_3
    {
        type            zeroGradient;
    }
    fixedWalls_4
    {
        Cmu             0.09;
        kappa           0.41;
        E               9.8;
        type            epsilonWallFunction;
        value           nonuniform List<scalar> 
200
(
709.264
702.68
705.333
707.43
706.649
701.067
708.133
700.303
707.002
712.67
712.338
710.927
709.199
719.286
719.799
719.021
718.652
718.278
716.312
714.754
709.132
711.21
712.929
711.212
704.66
708.16
712.226
708.5
713.745
707.733
709.207
707.89
707.811
705.957
700.411
699.619
698.048
700.784
699.601
697.264
695.506
689.527
688.801
685.675
682.038
677.101
673.926
670.978
667.082
664.063
660.779
658.357
655.17
651.612
647.139
644.118
639.579
634.552
629.226
623.899
618.283
613.492
609.47
604.298
598.891
592.05
585.179
577.636
570.117
560.969
545.477
530.2
516.067
501.54
487.514
466.773
449.18
426.937
403.895
381.554
360.163
342.247
328.255
316.963
303.945
297.684
300.212
310.676
323.005
334.759
350.064
361.762
378.679
391.414
409.329
422.947
437.861
450.133
461.445
471.102
701.195
699.788
696.822
708.909
709.44
710.207
709.852
710.014
706.496
717.903
719.112
718.011
718.447
716.749
710.279
715.227
713.814
709.049
708.542
708.123
702.901
704.242
698.586
698.129
693.725
692.888
689.507
687.311
684.03
683.886
681.451
679.86
676.158
676.358
679.075
683.373
679.123
686.447
685.395
683.826
682.244
678.209
683.229
676.159
674.715
673.178
670.554
667.443
662.838
661.342
656.888
652.104
649.49
646.357
640.795
633.69
627.293
620.517
613.312
605.807
599.724
597.226
593.156
590.244
585.49
582.101
575.891
571.442
564.394
557.396
547.255
537.666
527.326
514.822
498.029
478.667
455.86
426.469
396.102
363.124
333.032
315.014
305.188
294.018
291.466
296.406
303.899
310.625
325.068
334.892
349.897
360.858
378.738
392.35
408.21
423.79
437.313
450.4
461.476
471.061
)
;
    }
    frontAndBack_4
    {
        type            empty;
    }
    inlet_4
    {
        type            fixedValue;
        value           uniform 14.855;
    }
    outlet_4
    {
        type            zeroGradient;
    }
    fixedWalls_5
    {
        Cmu             0.09;
        kappa           0.41;
        E               9.8;
        type            epsilonWallFunction;
        value           nonuniform List<scalar> 
200
(
263.391
262.961
264.292
265.165
265.456
264.471
264.547
264.527
264.95
264.616
264.326
264.099
263.836
263.558
264.604
264.723
264.725
264.471
264.038
263.513
263.369
263.044
262.799
262.708
262.731
262.522
262.993
262.632
263.012
262.785
262.448
262.911
262.13
261.912
261.613
261.473
261.361
260.965
260.77
260.379
260.072
259.058
258.836
258.175
257.77
257.738
257.238
256.967
256.472
256.023
255.799
255.391
255.158
254.67
253.622
253.144
252.228
251.809
250.972
250.294
249.713
249.243
248.618
248.101
247.372
246.417
245.196
243.971
242.336
240.139
237.768
234.472
230.601
226.018
220.884
215.262
208.534
201.557
194.166
187.507
181.006
176.161
173.774
173.382
174.245
178.36
183.916
191.967
201.559
213.201
228.33
245.402
266.382
289.346
315.558
343.409
372.881
402.564
432.433
466.527
262.904
262.567
262.752
262.309
262.705
262.213
262.408
262.311
262.052
262.103
261.929
262.224
262.234
261.927
262.335
261.491
261.757
262.251
262.214
261.961
261.497
262.118
262.795
263.069
262.79
262.748
262.874
262.943
262.776
262.943
262.785
261.747
261.515
260.756
260.575
260.115
260.211
259.411
259.248
259.249
259.431
259.321
259.081
258.67
257.986
257.62
256.864
256.416
255.856
255.341
254.721
254.114
253.594
253.616
253.672
253.532
253.132
252.606
251.824
251.232
250.545
249.918
249.052
248.251
247.385
246.335
245.746
244.656
243.259
241.783
239.835
237.261
233.41
229.29
223.718
217.708
209.82
201.884
193.539
185.662
179.284
174.359
172.998
172.963
174.393
180.448
186.475
193.457
202.67
213.774
228.472
245.144
266.184
289.308
315.483
343.447
373.105
402.412
432.853
466.409
)
;
    }
    frontAndBack_5
    {
        type            empty;
    }
    inlet_5
    {
        type            fixedValue;
        value           uniform 14.855;
    }
    outlet_5
    {
        type            zeroGradient;
    }
}


// ************************************************************************* //
