/*--------------------------------*- C++ -*----------------------------------*\
  =========                 |
  \\      /  F ield         | OpenFOAM: The Open Source CFD Toolbox
   \\    /   O peration     | Website:  https://openfoam.org
    \\  /    A nd           | Version:  6
     \\/     M anipulation  |
\*---------------------------------------------------------------------------*/
FoamFile
{
    version     2.0;
    format      ascii;
    class       volScalarField;
    location    "20";
    object      k;
}
// * * * * * * * * * * * * * * * * * * * * * * * * * * * * * * * * * * * * * //

dimensions      [0 2 -2 0 0 0 0];

internalField   nonuniform List<scalar> 
10000
(
0.205328
0.522316
0.471812
0.41307
0.368114
0.341334
0.327261
0.321218
0.319384
0.319463
0.320483
0.322782
0.327098
0.335222
0.35051
0.377198
0.419599
0.475525
0.521947
0.205691
0.205096
0.522112
0.470927
0.413286
0.368099
0.342217
0.328172
0.322926
0.321681
0.321999
0.322595
0.324594
0.327662
0.335445
0.35066
0.377029
0.41892
0.475419
0.521019
0.205303
0.205375
0.522532
0.47248
0.413579
0.368608
0.341804
0.327052
0.321169
0.320122
0.320473
0.320561
0.32258
0.327695
0.335406
0.350848
0.377173
0.419498
0.475524
0.521851
0.205445
0.205699
0.523698
0.473902
0.413739
0.368616
0.341481
0.326952
0.320522
0.318678
0.319177
0.320376
0.322097
0.32682
0.334994
0.350269
0.376638
0.418113
0.474963
0.52156
0.205321
0.206086
0.524
0.473437
0.413271
0.368282
0.3419
0.327156
0.320623
0.318554
0.319738
0.320908
0.322309
0.327985
0.335191
0.350305
0.376463
0.417532
0.474537
0.522153
0.204937
0.205274
0.52307
0.473005
0.412747
0.367913
0.341252
0.327276
0.321699
0.318772
0.319842
0.320707
0.322112
0.326628
0.334927
0.350737
0.376111
0.416734
0.472415
0.520755
0.204353
0.205034
0.522571
0.4722
0.411219
0.368027
0.341774
0.328064
0.320881
0.318648
0.318486
0.319684
0.322095
0.32649
0.33479
0.350371
0.375838
0.416518
0.472511
0.520531
0.204043
0.204626
0.522073
0.472256
0.411589
0.367986
0.341398
0.327455
0.321224
0.320153
0.320263
0.320368
0.322539
0.32663
0.334595
0.350136
0.375728
0.416502
0.471098
0.519517
0.20398
0.20461
0.521672
0.471963
0.412104
0.367918
0.341628
0.327556
0.321287
0.320057
0.319272
0.321245
0.323698
0.326717
0.334411
0.349697
0.375544
0.417517
0.471876
0.520313
0.204343
0.204709
0.521835
0.472402
0.411508
0.367613
0.341668
0.327831
0.322293
0.319909
0.319735
0.319294
0.321751
0.326657
0.334207
0.349217
0.375439
0.417806
0.47297
0.521043
0.204092
0.204628
0.521896
0.472223
0.413028
0.36825
0.342098
0.328031
0.321397
0.318704
0.318011
0.319043
0.321795
0.32803
0.33422
0.349077
0.375405
0.418042
0.471988
0.521371
0.20483
0.20404
0.522468
0.472165
0.412874
0.368474
0.342493
0.329425
0.321887
0.319028
0.318403
0.319202
0.321637
0.326745
0.333991
0.349012
0.375529
0.418283
0.473996
0.521776
0.204901
0.20417
0.522481
0.471928
0.411953
0.368822
0.343241
0.329647
0.322542
0.319747
0.319045
0.31967
0.321931
0.325828
0.333819
0.348983
0.375233
0.418558
0.473066
0.522119
0.205479
0.204218
0.522354
0.471373
0.413584
0.36919
0.343166
0.329289
0.323871
0.321405
0.319797
0.319999
0.323343
0.326197
0.334034
0.349156
0.375867
0.419151
0.475101
0.522009
0.20578
0.204558
0.5226
0.473046
0.414203
0.36979
0.343565
0.3294
0.32276
0.320254
0.320726
0.320164
0.322169
0.326148
0.33409
0.349227
0.376292
0.419113
0.473669
0.520767
0.205618
0.204359
0.522618
0.471951
0.414297
0.369832
0.344714
0.330926
0.324552
0.32178
0.31998
0.320624
0.323715
0.327575
0.334426
0.349206
0.376034
0.41898
0.474515
0.521123
0.205236
0.205275
0.523304
0.473346
0.414849
0.370738
0.345036
0.330645
0.32441
0.321776
0.32138
0.320978
0.322768
0.326542
0.334344
0.34911
0.375427
0.4188
0.473812
0.521112
0.205748
0.205114
0.523742
0.472163
0.414963
0.370584
0.345479
0.33162
0.324241
0.321341
0.320853
0.32211
0.324068
0.326793
0.335271
0.349735
0.375856
0.41872
0.475052
0.522046
0.205896
0.206483
0.524934
0.47469
0.415283
0.371905
0.345701
0.330831
0.3233
0.320177
0.319422
0.320121
0.322431
0.326689
0.334417
0.349407
0.376249
0.418701
0.475083
0.522181
0.205971
0.206294
0.525016
0.475703
0.416752
0.372506
0.345682
0.331825
0.323443
0.320133
0.319327
0.32021
0.322681
0.327808
0.334705
0.349594
0.376468
0.417937
0.475399
0.522625
0.206191
0.20601
0.524532
0.474223
0.415269
0.372228
0.345587
0.331011
0.323608
0.320367
0.319577
0.320621
0.323823
0.32688
0.334628
0.350056
0.376746
0.418862
0.475019
0.522348
0.205835
0.205232
0.524256
0.475162
0.415745
0.372166
0.345442
0.331966
0.32385
0.320411
0.319547
0.320563
0.323712
0.328006
0.335018
0.350057
0.376869
0.419129
0.474142
0.522039
0.205933
0.20533
0.522958
0.474863
0.41622
0.371979
0.345342
0.331072
0.325025
0.320879
0.319842
0.320639
0.322895
0.327388
0.335111
0.350156
0.376832
0.41836
0.475216
0.521581
0.205567
0.20536
0.523412
0.475583
0.415793
0.372371
0.346036
0.331791
0.324061
0.321178
0.320363
0.321073
0.323226
0.328589
0.33627
0.35041
0.376903
0.418891
0.475024
0.522331
0.205844
0.205687
0.522555
0.474693
0.416702
0.372357
0.345838
0.331049
0.324141
0.321602
0.322401
0.32327
0.324607
0.328489
0.335787
0.350313
0.376877
0.419213
0.474282
0.522104
0.20551
0.206306
0.524021
0.475685
0.416531
0.372601
0.345527
0.33122
0.325641
0.323139
0.322248
0.32254
0.323193
0.32769
0.336328
0.350297
0.376603
0.419096
0.475315
0.521705
0.205765
0.206323
0.524431
0.475292
0.415494
0.372454
0.345485
0.331675
0.324763
0.322239
0.321976
0.321548
0.322656
0.328267
0.335238
0.35028
0.376351
0.418509
0.475016
0.522244
0.205711
0.205797
0.524259
0.474679
0.416358
0.372501
0.345493
0.330645
0.323539
0.32113
0.321242
0.322557
0.322184
0.3267
0.334267
0.349787
0.375869
0.418056
0.474606
0.522283
0.20593
0.20607
0.523963
0.474464
0.415161
0.372064
0.345869
0.33064
0.323341
0.321605
0.319479
0.320534
0.32134
0.325379
0.333265
0.349232
0.375286
0.416955
0.473837
0.521329
0.205442
0.205909
0.523028
0.474156
0.415205
0.371953
0.345214
0.33149
0.323214
0.319794
0.318842
0.319145
0.321235
0.326336
0.333041
0.348431
0.3746
0.415774
0.473267
0.521451
0.205417
0.205456
0.523042
0.473896
0.414859
0.371784
0.34517
0.330713
0.323225
0.319957
0.320123
0.319259
0.320973
0.324925
0.332523
0.347292
0.373821
0.415205
0.471983
0.520817
0.205201
0.2055
0.522682
0.472479
0.414566
0.371636
0.345737
0.33213
0.324725
0.320011
0.318813
0.319236
0.321543
0.325991
0.332712
0.347029
0.373263
0.414472
0.471687
0.521003
0.204977
0.205472
0.522598
0.472869
0.414666
0.371452
0.344992
0.331358
0.32383
0.320122
0.318842
0.319148
0.320663
0.324541
0.33268
0.346634
0.37253
0.413607
0.471143
0.520297
0.204679
0.205273
0.522146
0.472306
0.414165
0.371176
0.344981
0.330613
0.324937
0.320554
0.319379
0.319674
0.320811
0.324553
0.333954
0.346606
0.372161
0.412828
0.469552
0.519793
0.204058
0.204678
0.520915
0.470314
0.412687
0.370719
0.344396
0.330477
0.323767
0.321026
0.321205
0.321531
0.322297
0.324539
0.333054
0.346258
0.371325
0.412129
0.469333
0.519255
0.203801
0.204699
0.521037
0.470177
0.412222
0.37047
0.344467
0.331487
0.325416
0.322727
0.320345
0.319877
0.320958
0.324088
0.332122
0.346183
0.370964
0.412008
0.468304
0.518749
0.203227
0.204439
0.520472
0.469491
0.411474
0.369941
0.34432
0.33097
0.324471
0.322396
0.321578
0.321379
0.322687
0.324381
0.331193
0.34537
0.370656
0.411604
0.467429
0.518005
0.202726
0.204218
0.520173
0.468859
0.41111
0.369604
0.344137
0.330222
0.323129
0.321535
0.319673
0.319946
0.321887
0.325188
0.331995
0.346064
0.370349
0.410314
0.466511
0.517645
0.202384
0.204096
0.519915
0.468252
0.410528
0.369199
0.343682
0.329262
0.322739
0.320411
0.31953
0.321023
0.320746
0.323574
0.330578
0.345361
0.36978
0.409551
0.465941
0.517168
0.202455
0.203679
0.518992
0.466923
0.409716
0.368754
0.343624
0.33014
0.324129
0.321872
0.319714
0.320477
0.32058
0.32334
0.330384
0.344697
0.369311
0.408809
0.465469
0.517498
0.202394
0.20328
0.518662
0.465975
0.409048
0.368376
0.343171
0.328859
0.32258
0.320208
0.319473
0.319717
0.321239
0.323526
0.330418
0.345286
0.368792
0.408205
0.464642
0.517365
0.202254
0.202432
0.517494
0.464957
0.408033
0.36788
0.342875
0.328961
0.32295
0.321782
0.321471
0.321478
0.321936
0.323522
0.330133
0.344113
0.368109
0.407452
0.463916
0.516332
0.201707
0.201894
0.516469
0.464039
0.407061
0.367304
0.342341
0.329144
0.323123
0.320383
0.319962
0.31998
0.320676
0.323493
0.330274
0.343377
0.367707
0.406628
0.46339
0.515905
0.201652
0.201688
0.516119
0.463934
0.406532
0.366948
0.342829
0.330419
0.322989
0.320505
0.321187
0.321311
0.322069
0.324962
0.331625
0.34353
0.367229
0.40587
0.462583
0.515287
0.201225
0.201445
0.515983
0.462757
0.405829
0.36635
0.342153
0.330272
0.323386
0.320795
0.319739
0.3196
0.320512
0.323364
0.330309
0.343739
0.366537
0.404724
0.461525
0.514678
0.200845
0.201284
0.515404
0.461964
0.404938
0.366044
0.342558
0.329853
0.323961
0.321644
0.321744
0.320407
0.321038
0.323562
0.330879
0.342595
0.365762
0.403896
0.460207
0.514181
0.200616
0.200933
0.514891
0.460354
0.403799
0.36519
0.34188
0.330322
0.326027
0.3239
0.321786
0.321048
0.321608
0.323797
0.329592
0.341599
0.364967
0.403046
0.459379
0.513533
0.200153
0.200566
0.514357
0.459243
0.402973
0.364681
0.342065
0.331615
0.32659
0.324894
0.322805
0.323442
0.324119
0.325689
0.329805
0.341722
0.36438
0.402268
0.458352
0.512929
0.19997
0.199809
0.512965
0.457965
0.401958
0.363963
0.342334
0.331535
0.326675
0.325743
0.324761
0.324082
0.324289
0.32522
0.330012
0.341806
0.363739
0.401574
0.457622
0.512314
0.199527
0.199177
0.51174
0.456541
0.40104
0.363417
0.342801
0.332276
0.327385
0.326401
0.325381
0.324194
0.324305
0.325631
0.330248
0.341227
0.363
0.400747
0.456414
0.511684
0.199267
0.198689
0.510954
0.455207
0.400018
0.363378
0.344439
0.334645
0.329627
0.327444
0.326383
0.325247
0.325402
0.327649
0.331848
0.340939
0.361966
0.399745
0.455459
0.51127
0.199196
0.198235
0.510044
0.454002
0.399133
0.36319
0.34458
0.334973
0.330324
0.328302
0.328032
0.327458
0.327111
0.327928
0.331693
0.341026
0.361796
0.398777
0.45426
0.510867
0.19885
0.197794
0.509124
0.452603
0.398002
0.362742
0.345064
0.335726
0.330697
0.328637
0.328897
0.328911
0.329253
0.330282
0.332484
0.34125
0.361929
0.397696
0.453033
0.510424
0.198518
0.197553
0.508589
0.451515
0.397183
0.362698
0.345584
0.336998
0.331949
0.330777
0.330082
0.329658
0.330195
0.331079
0.333303
0.34145
0.360791
0.396664
0.45194
0.509468
0.198237
0.197098
0.507866
0.450301
0.396339
0.362903
0.346219
0.338286
0.33445
0.332105
0.331249
0.331218
0.331672
0.332399
0.334914
0.341768
0.359933
0.395593
0.450414
0.50849
0.197727
0.196776
0.507145
0.448882
0.395173
0.362103
0.34658
0.339403
0.335745
0.333843
0.333166
0.333394
0.333701
0.334092
0.335858
0.342763
0.35983
0.39461
0.448965
0.507686
0.197214
0.196162
0.506161
0.447567
0.394158
0.361408
0.346977
0.340487
0.337621
0.336147
0.335367
0.334928
0.334924
0.335207
0.336567
0.342423
0.359645
0.393549
0.447754
0.507112
0.19697
0.195764
0.50526
0.446032
0.393125
0.361463
0.347191
0.341256
0.338727
0.337511
0.33684
0.336535
0.336493
0.336558
0.33781
0.342659
0.358566
0.392245
0.445952
0.506008
0.196356
0.195325
0.504511
0.444725
0.391902
0.360369
0.346959
0.342043
0.340069
0.339241
0.338766
0.338354
0.337923
0.337683
0.338554
0.343677
0.358497
0.391051
0.444322
0.504933
0.195819
0.194812
0.503754
0.443176
0.390744
0.35989
0.346284
0.342657
0.341162
0.340595
0.340298
0.339896
0.339265
0.338757
0.339306
0.343299
0.358632
0.389769
0.442743
0.503883
0.195262
0.194384
0.502957
0.441564
0.389405
0.358751
0.347277
0.343281
0.342132
0.341832
0.341588
0.341125
0.340409
0.339668
0.339876
0.343983
0.357608
0.388292
0.441203
0.503091
0.194826
0.193819
0.501963
0.439865
0.38793
0.357162
0.345568
0.343187
0.342818
0.342826
0.342711
0.34229
0.34153
0.340643
0.34038
0.343026
0.356347
0.38654
0.439058
0.501635
0.194015
0.193143
0.500653
0.43782
0.386332
0.356661
0.344011
0.342665
0.343353
0.343779
0.343852
0.343488
0.342683
0.341604
0.340864
0.341904
0.355037
0.384879
0.437219
0.500585
0.193442
0.19253
0.499583
0.43572
0.384485
0.357076
0.343697
0.341487
0.343752
0.344718
0.345004
0.344692
0.343822
0.342526
0.341316
0.341613
0.353424
0.382914
0.434716
0.498878
0.192467
0.191592
0.497958
0.433087
0.382002
0.355048
0.343629
0.342559
0.344473
0.345703
0.346163
0.345887
0.344918
0.343346
0.341581
0.341269
0.351237
0.380682
0.432043
0.49735
0.191599
0.190714
0.496363
0.429985
0.379095
0.353238
0.342677
0.340759
0.344517
0.346532
0.347273
0.347044
0.345953
0.344061
0.341623
0.341829
0.350377
0.378423
0.428941
0.494994
0.190344
0.189764
0.494702
0.426885
0.375915
0.350905
0.34153
0.340703
0.344635
0.347476
0.34844
0.348204
0.346919
0.344514
0.340458
0.340115
0.349691
0.375851
0.425974
0.493481
0.189524
0.188516
0.492516
0.423115
0.372047
0.348166
0.34005
0.340723
0.345889
0.348557
0.349602
0.349347
0.347904
0.345262
0.341644
0.339892
0.35003
0.37294
0.422401
0.491061
0.188204
0.187009
0.489954
0.4192
0.368035
0.345215
0.338963
0.341706
0.346197
0.349419
0.35069
0.350449
0.348802
0.34555
0.340123
0.33843
0.347278
0.369241
0.418548
0.488955
0.187015
0.185318
0.487145
0.415031
0.363794
0.342106
0.336553
0.339989
0.345552
0.350077
0.351701
0.351538
0.349818
0.346388
0.340502
0.337949
0.345015
0.365425
0.414324
0.485989
0.185277
0.183212
0.483804
0.410542
0.360784
0.339315
0.335982
0.339877
0.346773
0.350837
0.352589
0.352493
0.350697
0.347017
0.340876
0.337625
0.34225
0.36152
0.410114
0.483452
0.183727
0.18088
0.480001
0.405646
0.359397
0.338247
0.335598
0.339745
0.345316
0.350454
0.352963
0.353096
0.351413
0.347909
0.342723
0.338327
0.339349
0.358117
0.405684
0.48006
0.181393
0.177966
0.475289
0.399716
0.356602
0.337553
0.335526
0.341224
0.34679
0.349648
0.352597
0.352869
0.351198
0.347595
0.342034
0.336353
0.336899
0.355533
0.400671
0.475926
0.178529
0.174528
0.46954
0.393269
0.352078
0.336785
0.335
0.339432
0.345028
0.350378
0.35153
0.351568
0.349875
0.346348
0.341306
0.336531
0.336272
0.353022
0.394841
0.470677
0.175011
0.17056
0.462775
0.386057
0.348079
0.337865
0.336615
0.340171
0.346536
0.349616
0.352895
0.353393
0.351883
0.348443
0.343113
0.338106
0.335756
0.348785
0.387906
0.464268
0.170786
0.166015
0.454867
0.378302
0.342986
0.334198
0.334998
0.340289
0.346043
0.350769
0.351645
0.351556
0.349887
0.346421
0.341392
0.336186
0.336173
0.344992
0.380631
0.45647
0.165826
0.161114
0.446104
0.370426
0.338896
0.332992
0.33592
0.343003
0.347143
0.351453
0.352477
0.352289
0.350685
0.347282
0.3423
0.337395
0.333214
0.340581
0.372615
0.44773
0.160594
0.155709
0.436038
0.362287
0.334856
0.331382
0.336826
0.344851
0.349903
0.352921
0.353567
0.353369
0.351664
0.348249
0.343124
0.33685
0.331811
0.336824
0.364262
0.437173
0.154715
0.150639
0.425684
0.354954
0.332244
0.331814
0.34009
0.346656
0.351353
0.354625
0.356472
0.356657
0.355182
0.352028
0.347114
0.34055
0.333881
0.33407
0.356386
0.42634
0.149563
0.145893
0.415094
0.34835
0.330386
0.333653
0.341907
0.348606
0.353252
0.356069
0.357542
0.357543
0.356057
0.353043
0.348323
0.341728
0.333783
0.33158
0.349116
0.414805
0.144693
0.141862
0.404418
0.342967
0.329519
0.335174
0.343587
0.350208
0.354809
0.357523
0.358727
0.358909
0.357799
0.355196
0.350962
0.344569
0.335163
0.330533
0.343218
0.403607
0.141104
0.139095
0.393828
0.339025
0.33011
0.337377
0.345691
0.351863
0.355918
0.358194
0.359553
0.359896
0.358791
0.356399
0.352655
0.34679
0.338504
0.331083
0.339087
0.393304
0.139453
0.138518
0.383678
0.336396
0.332533
0.340183
0.347753
0.35319
0.356651
0.358416
0.359626
0.359896
0.35916
0.357702
0.354228
0.348903
0.341251
0.333649
0.337079
0.383496
0.138844
0.138295
0.373755
0.335292
0.334267
0.342227
0.34933
0.354289
0.357226
0.35986
0.360372
0.360386
0.359702
0.358493
0.355466
0.350458
0.343302
0.335314
0.335561
0.374639
0.138808
0.138892
0.365917
0.334255
0.336198
0.344446
0.351042
0.355462
0.358022
0.360377
0.36094
0.360931
0.360331
0.359317
0.356639
0.352205
0.345686
0.337442
0.334968
0.366247
0.139373
0.142414
0.358216
0.334361
0.338952
0.347095
0.353104
0.356991
0.359132
0.361133
0.361816
0.362179
0.361328
0.360249
0.357794
0.353803
0.347711
0.339428
0.334642
0.358344
0.142719
0.146324
0.351162
0.334732
0.3416
0.349596
0.355014
0.358446
0.360605
0.361878
0.362358
0.362608
0.361876
0.36075
0.358916
0.355642
0.350263
0.342197
0.334882
0.350887
0.146194
0.151326
0.343882
0.335997
0.344909
0.352568
0.357263
0.359984
0.361568
0.362456
0.362821
0.36286
0.362491
0.361799
0.360264
0.357567
0.352809
0.34507
0.33609
0.343867
0.151543
0.158352
0.337718
0.338055
0.348506
0.355627
0.359573
0.361684
0.362748
0.363345
0.36347
0.363459
0.363268
0.362937
0.361876
0.359759
0.35582
0.348763
0.338351
0.337759
0.158338
0.167154
0.334084
0.342163
0.353232
0.359254
0.362157
0.363512
0.364088
0.364241
0.364141
0.3641
0.364039
0.364046
0.363523
0.362187
0.359228
0.353105
0.341995
0.334006
0.167011
0.178132
0.332637
0.347308
0.358147
0.363003
0.364905
0.365526
0.365639
0.365597
0.365531
0.365543
0.365622
0.365655
0.365527
0.364913
0.363048
0.358237
0.347439
0.332549
0.178263
0.191698
0.333163
0.354352
0.363878
0.367015
0.367699
0.367543
0.36718
0.36686
0.366684
0.366684
0.366855
0.367171
0.367524
0.367666
0.366968
0.363807
0.354283
0.333136
0.191422
0.20757
0.339459
0.363065
0.36981
0.370876
0.370287
0.369367
0.368557
0.367992
0.367705
0.367704
0.367988
0.368549
0.369356
0.370272
0.370881
0.369875
0.363227
0.339676
0.207855
0.225866
0.349048
0.372904
0.375767
0.374448
0.372533
0.370895
0.369697
0.368928
0.368552
0.368546
0.368911
0.369666
0.370855
0.372485
0.374408
0.375751
0.372914
0.349106
0.225702
0.246318
0.364752
0.384056
0.381469
0.377458
0.374259
0.372027
0.37057
0.369693
0.369281
0.369279
0.369688
0.370561
0.372016
0.374248
0.377465
0.381519
0.38412
0.36476
0.24631
0.268128
0.385116
0.395375
0.386151
0.379368
0.375285
0.372779
0.371256
0.370382
0.369984
0.369982
0.370376
0.371243
0.372759
0.375262
0.379344
0.386136
0.395434
0.385264
0.268225
0.291467
0.411028
0.40501
0.388412
0.380075
0.37571
0.373273
0.37187
0.371108
0.370776
0.370776
0.371108
0.371867
0.373263
0.375702
0.380065
0.388421
0.405033
0.410929
0.291264
0.314277
0.434839
0.409162
0.388889
0.380068
0.37578
0.373608
0.372492
0.371943
0.371722
0.371723
0.371947
0.372498
0.373607
0.375779
0.380059
0.388893
0.409171
0.434833
0.314459
0.338038
0.444981
0.406947
0.385663
0.378076
0.375048
0.373763
0.373194
0.372955
0.37287
0.372871
0.37296
0.373202
0.373772
0.375054
0.378081
0.385664
0.406951
0.444965
0.33793
0.364405
0.421612
0.38649
0.377502
0.375374
0.374624
0.374346
0.374271
0.374255
0.374252
0.374252
0.374255
0.374272
0.374346
0.374625
0.375374
0.377501
0.386487
0.421621
0.364441
0.573247
1.14231
0.974095
0.777488
0.622648
0.522184
0.465037
0.434513
0.4188
0.411842
0.411243
0.416809
0.430883
0.459528
0.514733
0.611017
0.761262
0.955879
1.12099
0.559515
0.57123
1.13478
0.963524
0.768756
0.616601
0.520835
0.46461
0.43467
0.419078
0.412099
0.411486
0.417002
0.430855
0.458762
0.513486
0.604974
0.751943
0.948749
1.11864
0.557526
0.570331
1.1364
0.968404
0.771271
0.621815
0.518871
0.464556
0.434792
0.419256
0.412311
0.411627
0.417391
0.430735
0.457989
0.512361
0.607584
0.753618
0.949583
1.1153
0.556873
0.564201
1.13688
0.971661
0.769779
0.618574
0.52197
0.465319
0.435269
0.419536
0.412712
0.411732
0.41705
0.430692
0.458076
0.513304
0.610549
0.753894
0.949706
1.124
0.554639
0.568485
1.1363
0.971644
0.771181
0.627211
0.525507
0.465053
0.435549
0.419745
0.412945
0.411912
0.417488
0.430808
0.4584
0.510712
0.610047
0.758888
0.953398
1.12319
0.559012
0.567383
1.12867
0.963402
0.773953
0.626791
0.525171
0.465455
0.435908
0.420014
0.412635
0.412067
0.417392
0.430767
0.459386
0.512801
0.60595
0.752332
0.959509
1.12298
0.559061
0.562975
1.13198
0.974993
0.781061
0.62637
0.524716
0.465691
0.436242
0.420693
0.412705
0.412633
0.417212
0.430602
0.459141
0.515258
0.612092
0.761296
0.959656
1.12058
0.55819
0.566752
1.13358
0.975454
0.780483
0.624921
0.521633
0.465791
0.43625
0.420327
0.412599
0.41215
0.417449
0.43053
0.458341
0.514906
0.611281
0.757333
0.958799
1.11202
0.557927
0.571375
1.13802
0.972146
0.777811
0.618671
0.522112
0.466296
0.436097
0.420036
0.412744
0.411635
0.417044
0.430468
0.459229
0.514083
0.610305
0.747644
0.958233
1.11379
0.557525
0.571354
1.13359
0.96993
0.768958
0.618565
0.52277
0.465963
0.436426
0.420508
0.411866
0.411025
0.416695
0.430175
0.458866
0.513533
0.61027
0.755754
0.956199
1.11654
0.557248
0.571311
1.13997
0.96141
0.768781
0.617345
0.521936
0.466125
0.435773
0.419648
0.411669
0.411316
0.416363
0.429875
0.458226
0.509883
0.604783
0.759712
0.953702
1.11519
0.556881
0.569059
1.13392
0.962658
0.768691
0.617175
0.518957
0.465163
0.43542
0.418691
0.411368
0.410658
0.4159
0.429593
0.457457
0.510915
0.605112
0.749281
0.94866
1.12248
0.560294
0.564953
1.13703
0.965279
0.770764
0.610926
0.518716
0.464992
0.435162
0.418531
0.411317
0.410994
0.41594
0.429564
0.457863
0.511403
0.603983
0.750919
0.94007
1.11707
0.558864
0.568033
1.13026
0.955852
0.769077
0.612932
0.518354
0.464545
0.434846
0.41832
0.411181
0.410135
0.415569
0.429482
0.457011
0.509128
0.602637
0.750405
0.947239
1.12072
0.557162
0.565523
1.12955
0.963526
0.766453
0.614349
0.51825
0.46418
0.434496
0.418256
0.411719
0.41022
0.415877
0.429587
0.458041
0.511566
0.601472
0.751168
0.936765
1.11277
0.55215
0.563742
1.12839
0.960583
0.763792
0.611895
0.517102
0.463719
0.434008
0.418051
0.410934
0.410128
0.415717
0.429441
0.457716
0.511077
0.602076
0.746467
0.942483
1.12025
0.554804
0.559095
1.12598
0.957681
0.759961
0.60489
0.513812
0.463084
0.433858
0.417913
0.411008
0.410231
0.415367
0.429327
0.457437
0.510695
0.604694
0.753834
0.9485
1.12506
0.557103
0.557828
1.12567
0.946851
0.75075
0.601796
0.512594
0.462323
0.433161
0.417767
0.410806
0.410733
0.415339
0.429191
0.456384
0.509568
0.599819
0.754134
0.942499
1.12558
0.554469
0.555984
1.12236
0.950263
0.751544
0.598942
0.511009
0.461564
0.433075
0.417917
0.410886
0.410075
0.415258
0.429029
0.456323
0.507903
0.603228
0.746594
0.952179
1.12622
0.560648
0.557222
1.12629
0.942841
0.744856
0.596551
0.509757
0.460437
0.433227
0.418347
0.411475
0.410046
0.415482
0.428757
0.456066
0.509163
0.598455
0.74786
0.944986
1.12659
0.559823
0.553489
1.12228
0.950231
0.749379
0.596385
0.509031
0.459641
0.432134
0.417742
0.41086
0.410307
0.41492
0.42847
0.455946
0.507134
0.599993
0.750851
0.949989
1.12629
0.558983
0.555487
1.12634
0.942776
0.747357
0.593622
0.508229
0.458999
0.43133
0.417117
0.411244
0.409735
0.415112
0.428158
0.455179
0.507871
0.602416
0.744408
0.942414
1.12505
0.553795
0.558476
1.1274
0.94909
0.74139
0.59519
0.507729
0.458417
0.43114
0.41698
0.410378
0.409594
0.414571
0.427785
0.45512
0.506472
0.60197
0.751718
0.953272
1.12561
0.556506
0.554578
1.12649
0.948544
0.748229
0.598416
0.507305
0.45817
0.431563
0.416472
0.410732
0.409834
0.414924
0.4277
0.454793
0.505863
0.59634
0.741513
0.950152
1.12589
0.558797
0.560823
1.1259
0.946318
0.746637
0.593679
0.506224
0.457487
0.430464
0.416501
0.410374
0.410405
0.414523
0.42736
0.454402
0.506436
0.59906
0.744495
0.942616
1.12492
0.557977
0.559414
1.12425
0.944278
0.739058
0.596749
0.50574
0.456776
0.429139
0.415257
0.410628
0.40973
0.414527
0.427316
0.454034
0.505679
0.594544
0.747316
0.94695
1.12342
0.553994
0.558633
1.12382
0.933898
0.742331
0.594796
0.5043
0.456427
0.428638
0.414804
0.409289
0.408951
0.414225
0.426919
0.453485
0.504843
0.597539
0.745135
0.944843
1.1216
0.559228
0.552896
1.11843
0.934462
0.739852
0.592733
0.503856
0.455737
0.428438
0.414723
0.408264
0.40808
0.414075
0.42697
0.452877
0.503704
0.592
0.734399
0.935628
1.11384
0.558769
0.553177
1.12001
0.934339
0.736423
0.59232
0.502948
0.454757
0.428279
0.415256
0.40825
0.408484
0.413894
0.426385
0.452369
0.501485
0.59377
0.737723
0.942656
1.11862
0.5586
0.550974
1.11318
0.925488
0.733225
0.588029
0.501988
0.453762
0.427682
0.414152
0.407991
0.407637
0.413524
0.426297
0.452074
0.501181
0.592387
0.738942
0.941292
1.12305
0.558995
0.551243
1.11327
0.92917
0.725589
0.586571
0.501485
0.453454
0.427181
0.41478
0.408207
0.40767
0.413322
0.426178
0.451644
0.500215
0.587766
0.731769
0.939796
1.12367
0.558822
0.548894
1.10727
0.919303
0.722827
0.584723
0.500435
0.453183
0.42697
0.414374
0.408328
0.407783
0.412816
0.425867
0.451394
0.499687
0.588118
0.736305
0.931588
1.12186
0.558419
0.546355
1.10541
0.916355
0.719409
0.581683
0.499601
0.452173
0.426686
0.414037
0.409098
0.4086
0.413409
0.425788
0.450966
0.498756
0.58547
0.728872
0.931151
1.11988
0.556825
0.542692
1.09964
0.911694
0.715409
0.58035
0.499024
0.451915
0.426685
0.414633
0.408817
0.407833
0.412642
0.425382
0.450572
0.497767
0.584041
0.727917
0.927255
1.11838
0.555872
0.544197
1.09867
0.906976
0.712989
0.578911
0.498233
0.451591
0.426561
0.414037
0.408356
0.407884
0.412669
0.425026
0.450075
0.496872
0.582527
0.726151
0.924678
1.11231
0.550497
0.543015
1.09717
0.901237
0.710609
0.577161
0.497336
0.451376
0.426633
0.414777
0.40863
0.408785
0.413516
0.425552
0.449572
0.495996
0.580688
0.726112
0.921883
1.11486
0.551448
0.53893
1.09561
0.899847
0.708771
0.575394
0.496478
0.451405
0.426615
0.413887
0.409073
0.408199
0.412967
0.42506
0.448837
0.494912
0.579159
0.723976
0.922359
1.11546
0.549876
0.538706
1.09332
0.897054
0.708133
0.574067
0.495787
0.450525
0.427212
0.41397
0.408463
0.408646
0.412499
0.424709
0.448587
0.494214
0.577029
0.715596
0.918316
1.11343
0.548738
0.536082
1.09147
0.899708
0.704163
0.572492
0.495166
0.450272
0.426675
0.41404
0.408482
0.407876
0.412448
0.425142
0.448321
0.493265
0.575266
0.713553
0.908869
1.10606
0.547882
0.536795
1.09053
0.893389
0.701698
0.57142
0.494434
0.450049
0.427341
0.414818
0.408852
0.408608
0.412452
0.42494
0.44815
0.492358
0.573019
0.710125
0.911221
1.106
0.546472
0.534784
1.09204
0.896462
0.698789
0.56922
0.493793
0.449875
0.426685
0.414341
0.409326
0.408082
0.412666
0.424682
0.44821
0.491354
0.570404
0.70557
0.907992
1.10204
0.541236
0.535051
1.0909
0.889112
0.697518
0.568378
0.493175
0.449747
0.427542
0.415098
0.408629
0.408406
0.411946
0.424061
0.446981
0.489966
0.567155
0.700873
0.899633
1.09914
0.540084
0.535079
1.0894
0.887913
0.697123
0.566993
0.492727
0.449569
0.427244
0.41502
0.408703
0.407721
0.411792
0.423362
0.445888
0.488853
0.56495
0.696699
0.895068
1.09959
0.537705
0.533446
1.08709
0.879307
0.694536
0.565833
0.491996
0.449346
0.426752
0.415025
0.408908
0.407978
0.411991
0.422857
0.44505
0.487822
0.563207
0.692683
0.890474
1.09322
0.534724
0.528408
1.07982
0.876124
0.688634
0.563904
0.491391
0.448647
0.427148
0.414785
0.409653
0.408291
0.412832
0.423599
0.444917
0.486617
0.560978
0.688951
0.886024
1.09092
0.531604
0.525606
1.07797
0.871378
0.683624
0.561956
0.490608
0.44831
0.426245
0.414849
0.409413
0.40848
0.41256
0.423267
0.445206
0.485482
0.558799
0.684182
0.879119
1.08639
0.528863
0.522951
1.07341
0.866664
0.68062
0.560164
0.48964
0.448074
0.426363
0.415739
0.409782
0.40915
0.412254
0.422852
0.444652
0.48456
0.556913
0.681252
0.875046
1.08305
0.526029
0.520389
1.06906
0.86084
0.677054
0.55854
0.488657
0.44751
0.426297
0.415448
0.41043
0.408746
0.412276
0.423324
0.444078
0.483452
0.554489
0.676875
0.869603
1.08
0.523437
0.518173
1.06479
0.857598
0.67471
0.556849
0.487495
0.447305
0.426418
0.416141
0.410634
0.409355
0.412635
0.422641
0.443004
0.481975
0.551552
0.672075
0.86266
1.07496
0.520454
0.516051
1.06494
0.853825
0.671995
0.555327
0.486215
0.447094
0.426374
0.415486
0.410549
0.408965
0.411946
0.421924
0.441445
0.479386
0.548305
0.667134
0.855939
1.07105
0.517229
0.514717
1.06758
0.850645
0.669636
0.554248
0.485451
0.447141
0.426628
0.415741
0.410468
0.409149
0.411856
0.420974
0.440376
0.477821
0.54518
0.662287
0.848133
1.06497
0.514553
0.513428
1.0619
0.846681
0.667177
0.553224
0.485628
0.447582
0.42735
0.416072
0.410842
0.410085
0.41201
0.420127
0.439889
0.475778
0.541601
0.657324
0.841621
1.06126
0.511492
0.512866
1.06621
0.843652
0.664312
0.551196
0.484311
0.446089
0.426434
0.416902
0.411703
0.410174
0.412093
0.419876
0.43833
0.473126
0.53787
0.651674
0.83442
1.05765
0.508923
0.511121
1.05924
0.83983
0.661456
0.549391
0.483544
0.446203
0.426987
0.416955
0.411663
0.410166
0.412741
0.419916
0.436599
0.46963
0.534358
0.646136
0.826738
1.05384
0.505162
0.509829
1.05727
0.835332
0.657934
0.546857
0.481775
0.445214
0.426108
0.41732
0.412574
0.41088
0.412262
0.419453
0.435095
0.466812
0.531679
0.640729
0.819753
1.04754
0.500327
0.507612
1.05218
0.830806
0.654533
0.544238
0.479907
0.444563
0.425957
0.416723
0.412453
0.410526
0.41262
0.419008
0.435079
0.466025
0.528358
0.634517
0.812245
1.04131
0.495418
0.505071
1.04661
0.825513
0.650194
0.540886
0.477316
0.443678
0.426098
0.416917
0.412742
0.410297
0.411822
0.418131
0.433073
0.465325
0.523609
0.628172
0.805315
1.03518
0.490018
0.503208
1.04208
0.821331
0.646395
0.537692
0.474613
0.442746
0.426898
0.417209
0.413162
0.410713
0.411206
0.416029
0.429684
0.461205
0.518397
0.621786
0.797471
1.02919
0.485212
0.499721
1.03597
0.815255
0.641475
0.533741
0.47146
0.4412
0.425448
0.417399
0.413532
0.411275
0.41079
0.415132
0.427954
0.459157
0.514268
0.615263
0.788916
1.01936
0.479243
0.496472
1.03019
0.81032
0.636909
0.529626
0.468619
0.438981
0.42464
0.418335
0.413931
0.411596
0.411426
0.415211
0.427333
0.455615
0.508906
0.608321
0.780101
1.01161
0.474605
0.491584
1.02286
0.80285
0.631577
0.525885
0.467582
0.439458
0.424926
0.417883
0.414147
0.411796
0.410924
0.415616
0.427273
0.451436
0.503505
0.601192
0.771787
1.00339
0.46997
0.487169
1.01655
0.796484
0.626394
0.521891
0.46584
0.438628
0.425993
0.418223
0.414549
0.412112
0.410768
0.413665
0.423224
0.446084
0.49733
0.592887
0.762557
0.997412
0.465426
0.483441
1.01125
0.789861
0.621077
0.519063
0.46483
0.439581
0.426172
0.418658
0.414991
0.41252
0.410915
0.412888
0.419989
0.439751
0.489893
0.583793
0.753696
0.993828
0.462373
0.478856
1.00376
0.781897
0.615047
0.515145
0.462803
0.438914
0.426381
0.419368
0.415534
0.412944
0.411557
0.411439
0.41729
0.435853
0.483107
0.574983
0.743726
0.987789
0.458309
0.476091
0.999707
0.775318
0.609801
0.51552
0.462672
0.438322
0.426356
0.420019
0.415908
0.413196
0.410978
0.411422
0.417034
0.434121
0.475973
0.565824
0.734158
0.982687
0.455142
0.47135
0.994287
0.765893
0.603837
0.511808
0.46269
0.439365
0.425907
0.419601
0.416178
0.413607
0.411315
0.41159
0.417211
0.431128
0.470102
0.557776
0.725512
0.977748
0.451544
0.468446
0.991292
0.757193
0.597467
0.508773
0.459852
0.437902
0.426309
0.419367
0.416399
0.413891
0.411603
0.412224
0.41435
0.428527
0.467342
0.551358
0.71786
0.97402
0.447652
0.463572
0.986061
0.745717
0.58451
0.502441
0.458445
0.436777
0.424885
0.4196
0.416549
0.414189
0.412016
0.411311
0.413827
0.427322
0.464213
0.54532
0.709049
0.967917
0.441867
0.45959
0.981681
0.7349
0.576832
0.494982
0.455426
0.43461
0.423192
0.418518
0.416208
0.41429
0.412657
0.411501
0.413164
0.423849
0.456837
0.537744
0.698191
0.960181
0.434578
0.451555
0.973799
0.720378
0.563728
0.486714
0.450101
0.433266
0.422913
0.419002
0.41571
0.414096
0.412668
0.412806
0.413022
0.421598
0.454213
0.530233
0.685694
0.951801
0.427515
0.440082
0.961592
0.704583
0.553357
0.478321
0.445957
0.431469
0.422556
0.418263
0.415493
0.413503
0.412163
0.412154
0.412616
0.420798
0.44699
0.519815
0.670431
0.93795
0.416441
0.425986
0.946122
0.685615
0.540175
0.468805
0.441651
0.429316
0.422541
0.418996
0.416326
0.414333
0.412987
0.411581
0.41252
0.420545
0.439776
0.50948
0.654488
0.92298
0.404116
0.409366
0.924951
0.663937
0.527187
0.462823
0.437672
0.426797
0.421746
0.417969
0.415198
0.413285
0.412049
0.412258
0.412452
0.422324
0.437516
0.4991
0.636665
0.903788
0.388909
0.391671
0.899471
0.639941
0.512759
0.460423
0.439005
0.426877
0.422966
0.418282
0.415277
0.413433
0.412526
0.411145
0.411319
0.417327
0.434684
0.488578
0.617751
0.881014
0.371892
0.373367
0.869499
0.614325
0.498781
0.454406
0.435964
0.426057
0.421959
0.418753
0.415329
0.413738
0.412184
0.411879
0.411361
0.415085
0.430058
0.48038
0.598602
0.856564
0.356082
0.352981
0.837611
0.588981
0.487306
0.444396
0.431197
0.425736
0.422862
0.418452
0.41471
0.412625
0.411324
0.411237
0.411694
0.415342
0.427848
0.471251
0.577886
0.829029
0.340001
0.335042
0.804674
0.564147
0.477415
0.440532
0.426781
0.426242
0.421608
0.417701
0.414364
0.412402
0.411435
0.410915
0.411908
0.417124
0.424199
0.464408
0.558347
0.800409
0.323587
0.315443
0.772369
0.542147
0.467601
0.441955
0.425765
0.423866
0.419695
0.416303
0.413887
0.412162
0.410149
0.409419
0.410199
0.413574
0.422985
0.457756
0.53848
0.76967
0.307708
0.297614
0.737981
0.52162
0.454847
0.43578
0.423984
0.420886
0.416631
0.413134
0.410923
0.409903
0.409466
0.407664
0.408771
0.411087
0.422608
0.445511
0.517494
0.735157
0.289707
0.277139
0.700974
0.504406
0.447025
0.432006
0.422507
0.416889
0.412456
0.40924
0.4074
0.40682
0.407092
0.406629
0.408341
0.409588
0.41704
0.433207
0.498932
0.699266
0.27179
0.258694
0.660177
0.486861
0.439868
0.425912
0.416978
0.412178
0.407905
0.404826
0.403176
0.402862
0.403664
0.405171
0.405986
0.406604
0.410758
0.424321
0.479549
0.657951
0.253445
0.240786
0.615468
0.467291
0.430647
0.41973
0.412468
0.406865
0.402559
0.399742
0.398377
0.398324
0.399328
0.400678
0.400995
0.40276
0.404554
0.415754
0.461703
0.616946
0.238288
0.228359
0.571552
0.447432
0.421238
0.412044
0.406077
0.400855
0.396979
0.39449
0.393352
0.393507
0.394868
0.396921
0.397598
0.399507
0.403277
0.412999
0.445553
0.577113
0.229131
0.224092
0.531836
0.428567
0.411072
0.404781
0.399349
0.394881
0.391493
0.389292
0.3883
0.388516
0.390018
0.392917
0.397119
0.400007
0.403112
0.413416
0.432592
0.544066
0.227765
0.225044
0.502103
0.415626
0.40369
0.398457
0.393677
0.389579
0.386508
0.384531
0.383627
0.383773
0.384984
0.387304
0.390863
0.395899
0.399648
0.405846
0.421992
0.514921
0.228269
0.230141
0.481761
0.409215
0.398312
0.393419
0.388922
0.385166
0.382355
0.38053
0.379682
0.379804
0.380914
0.383055
0.386261
0.390555
0.396369
0.401682
0.413915
0.491424
0.232034
0.238873
0.469643
0.407519
0.395351
0.389771
0.385369
0.38181
0.379131
0.377374
0.376531
0.3766
0.37758
0.379508
0.382407
0.386298
0.391053
0.397473
0.410332
0.473446
0.239049
0.245875
0.456443
0.407083
0.394265
0.388067
0.383375
0.379734
0.376971
0.375165
0.374288
0.374327
0.375264
0.377132
0.379923
0.383638
0.388455
0.39584
0.409062
0.460191
0.246205
0.253466
0.446121
0.408624
0.39553
0.387951
0.38241
0.378461
0.37556
0.373701
0.3728
0.372828
0.373772
0.375703
0.378683
0.382819
0.388044
0.395604
0.408267
0.445903
0.253624
0.262557
0.43637
0.411207
0.398751
0.389017
0.382652
0.377973
0.374839
0.372899
0.371966
0.371975
0.372912
0.374865
0.377978
0.382581
0.388875
0.398778
0.4116
0.438074
0.263605
0.272788
0.431133
0.414047
0.400387
0.389685
0.382478
0.377625
0.374469
0.372559
0.371652
0.371655
0.372562
0.37449
0.377671
0.382536
0.389996
0.400774
0.415081
0.431735
0.273139
0.282948
0.429009
0.418879
0.402692
0.39066
0.382668
0.37758
0.374344
0.372459
0.371594
0.371592
0.372445
0.374312
0.377541
0.382638
0.390661
0.402801
0.419006
0.429508
0.282481
0.294836
0.429542
0.424037
0.404752
0.390964
0.382523
0.377269
0.374115
0.372362
0.371591
0.371588
0.372358
0.374096
0.377239
0.382479
0.390933
0.404731
0.424192
0.429977
0.295479
0.306905
0.438167
0.430435
0.405979
0.390827
0.381944
0.376772
0.37384
0.372305
0.371652
0.371649
0.372302
0.373831
0.376761
0.381927
0.390804
0.405955
0.430626
0.437967
0.305703
0.318488
0.44937
0.436684
0.406419
0.389897
0.380949
0.376088
0.373517
0.372287
0.371787
0.371785
0.372284
0.373503
0.376053
0.380899
0.389842
0.406376
0.43652
0.449047
0.319032
0.331164
0.466746
0.441311
0.405695
0.388143
0.37954
0.375306
0.373319
0.372413
0.372083
0.372083
0.372414
0.373316
0.375302
0.379551
0.388167
0.405747
0.441356
0.466796
0.330741
0.341636
0.485363
0.443081
0.402638
0.38542
0.377886
0.37459
0.373267
0.372736
0.372565
0.372565
0.372736
0.373267
0.374579
0.377858
0.385379
0.402616
0.443145
0.485333
0.341459
0.351821
0.4946
0.43908
0.396526
0.381609
0.376078
0.374212
0.373477
0.373237
0.373174
0.373175
0.37324
0.373483
0.374202
0.376082
0.381609
0.396558
0.439091
0.494531
0.351868
0.360528
0.495666
0.42134
0.386495
0.377473
0.375004
0.374157
0.373922
0.373876
0.373872
0.373873
0.37388
0.373927
0.374155
0.374999
0.377481
0.386516
0.421279
0.495574
0.360272
0.367997
0.430612
0.384478
0.375941
0.374861
0.374639
0.374595
0.374614
0.374626
0.37463
0.37463
0.374626
0.374614
0.374592
0.374628
0.374812
0.375807
0.384444
0.430698
0.368143
1.00267
1.71271
1.45731
1.15067
0.903316
0.725998
0.611557
0.543162
0.504243
0.485426
0.482365
0.494801
0.526775
0.587045
0.692669
0.860593
1.11011
1.41324
1.67168
0.956208
1.00051
1.71186
1.45397
1.14766
0.901484
0.724883
0.609327
0.541968
0.503276
0.48436
0.481254
0.493687
0.525509
0.584056
0.687657
0.850719
1.10598
1.39659
1.65684
0.947182
0.999253
1.71228
1.4439
1.13903
0.898952
0.721703
0.610039
0.543488
0.505049
0.485964
0.482885
0.495422
0.527267
0.585053
0.689958
0.854889
1.104
1.40072
1.66322
0.95147
0.991746
1.71126
1.46417
1.15806
0.893395
0.727095
0.610916
0.543464
0.505285
0.486055
0.482955
0.495511
0.527308
0.585009
0.690817
0.857365
1.0923
1.4015
1.67058
0.954922
0.999611
1.7111
1.45929
1.15715
0.895543
0.726991
0.612155
0.542646
0.50522
0.48576
0.481925
0.494459
0.527205
0.586403
0.687424
0.85108
1.10126
1.38922
1.6707
0.949475
0.997564
1.7071
1.44205
1.15714
0.899286
0.727045
0.61058
0.543089
0.505531
0.48524
0.483747
0.495967
0.527126
0.584853
0.690557
0.860418
1.09634
1.40545
1.67112
0.957176
0.995343
1.70856
1.45288
1.15462
0.889864
0.726021
0.612916
0.544741
0.505833
0.487219
0.484042
0.495849
0.526901
0.58739
0.692809
0.851791
1.10939
1.41677
1.6562
0.94906
0.989453
1.70321
1.45025
1.15259
0.900782
0.725004
0.613687
0.544544
0.505803
0.487581
0.483223
0.495605
0.526406
0.584864
0.69232
0.854835
1.0966
1.40421
1.66947
0.959136
0.991799
1.69478
1.43347
1.14095
0.905963
0.730378
0.614729
0.542908
0.50532
0.487445
0.484481
0.495617
0.525244
0.5865
0.691552
0.859427
1.10582
1.42024
1.68451
0.968297
0.995969
1.70396
1.44109
1.14649
0.90345
0.728763
0.614179
0.543881
0.504545
0.486408
0.484347
0.495491
0.526588
0.585965
0.690499
0.856915
1.09471
1.41791
1.68666
0.96939
0.9947
1.70224
1.43041
1.13744
0.895244
0.727319
0.611731
0.545043
0.506311
0.487552
0.484447
0.494603
0.526361
0.583323
0.688533
0.853257
1.10156
1.39995
1.68315
0.968044
0.987874
1.69419
1.43879
1.1402
0.896631
0.723824
0.6118
0.545032
0.50637
0.488039
0.484337
0.495914
0.52634
0.584405
0.687656
0.848407
1.09324
1.40345
1.6801
0.967571
0.995742
1.70477
1.45018
1.13683
0.893858
0.725709
0.61152
0.544704
0.505548
0.487078
0.483292
0.495321
0.525285
0.581821
0.683996
0.85075
1.10868
1.40191
1.66755
0.965225
0.994381
1.70169
1.43559
1.13637
0.89319
0.724986
0.611193
0.544546
0.505409
0.487937
0.484835
0.496582
0.527707
0.584963
0.687156
0.855965
1.10607
1.40524
1.67022
0.96357
0.991443
1.68703
1.44298
1.14026
0.89189
0.723673
0.610784
0.543524
0.505482
0.487089
0.483836
0.495524
0.527832
0.586886
0.682502
0.846704
1.1035
1.4178
1.67376
0.956366
0.989818
1.69102
1.4324
1.13077
0.891633
0.722854
0.61106
0.544339
0.505979
0.487943
0.485008
0.496873
0.52803
0.587139
0.685727
0.845877
1.09145
1.41574
1.68159
0.961964
0.982708
1.69323
1.44357
1.14011
0.893652
0.721809
0.610424
0.544163
0.504894
0.486756
0.484771
0.496467
0.527759
0.587074
0.681959
0.844171
1.0916
1.39942
1.67984
0.96721
0.98627
1.69754
1.42704
1.12657
0.890961
0.718191
0.611209
0.543531
0.505967
0.487666
0.484443
0.496539
0.52671
0.58731
0.684448
0.843809
1.09235
1.40613
1.67725
0.965807
0.980436
1.6983
1.43106
1.13121
0.884507
0.7191
0.610963
0.544555
0.505856
0.487011
0.484328
0.496566
0.52833
0.587533
0.683396
0.847711
1.08234
1.39511
1.67358
0.958106
0.98557
1.69491
1.42625
1.12042
0.887222
0.71662
0.609491
0.544356
0.506673
0.488621
0.485139
0.497
0.527659
0.58771
0.680801
0.843146
1.09056
1.40368
1.6582
0.961707
0.977079
1.68338
1.42586
1.1268
0.885216
0.718253
0.610383
0.543227
0.505439
0.488418
0.485874
0.497799
0.529165
0.588577
0.684446
0.850421
1.07781
1.39069
1.65541
0.96119
0.981149
1.68546
1.42308
1.11399
0.87694
0.714317
0.6098
0.543925
0.506297
0.487588
0.484982
0.498694
0.528346
0.588766
0.685069
0.84948
1.08431
1.39446
1.65039
0.960244
0.978496
1.68264
1.42594
1.11332
0.877017
0.714142
0.608534
0.544711
0.507543
0.488804
0.486039
0.498891
0.52998
0.589012
0.687723
0.849044
1.07543
1.39216
1.65628
0.959854
0.973756
1.67889
1.42134
1.10908
0.871122
0.713076
0.609183
0.544692
0.507704
0.489385
0.487291
0.498755
0.529586
0.588683
0.684867
0.848408
1.08706
1.38285
1.66319
0.964261
0.970499
1.67648
1.40603
1.10793
0.8726
0.713088
0.608896
0.544463
0.507543
0.488328
0.487379
0.498886
0.530578
0.588729
0.686905
0.846846
1.08431
1.39021
1.65709
0.963231
0.975678
1.67304
1.40773
1.11181
0.874059
0.710399
0.608424
0.544375
0.507167
0.49013
0.488024
0.499631
0.530468
0.588456
0.6844
0.8446
1.08245
1.38814
1.66833
0.962195
0.971435
1.67123
1.40276
1.1039
0.868658
0.71078
0.607964
0.545028
0.508683
0.491355
0.487478
0.499058
0.529466
0.588099
0.685859
0.842588
1.07814
1.38278
1.65778
0.955515
0.977093
1.67269
1.39857
1.11003
0.872323
0.711491
0.609343
0.544688
0.508447
0.490962
0.488867
0.499927
0.530524
0.587779
0.682834
0.835413
1.07522
1.37199
1.6596
0.955569
0.974534
1.67586
1.39529
1.10705
0.873863
0.71264
0.609318
0.545074
0.507742
0.492451
0.489235
0.500461
0.529946
0.586523
0.682576
0.835822
1.07297
1.38266
1.66105
0.953475
0.973327
1.67371
1.39645
1.10501
0.869571
0.710608
0.609299
0.54565
0.509252
0.492798
0.488688
0.500937
0.530952
0.586674
0.680945
0.833788
1.06994
1.37655
1.65577
0.950133
0.971592
1.67198
1.40206
1.1014
0.869095
0.711753
0.608794
0.545987
0.510437
0.493235
0.489868
0.500463
0.530123
0.586349
0.681059
0.832671
1.06563
1.37242
1.66034
0.948349
0.965108
1.65794
1.39883
1.09573
0.867022
0.710854
0.609278
0.546445
0.509762
0.492607
0.489078
0.500769
0.531037
0.586379
0.681544
0.833611
1.06237
1.35687
1.65538
0.944819
0.971195
1.66172
1.39397
1.09416
0.866636
0.709921
0.608415
0.546995
0.511448
0.494487
0.490195
0.500879
0.531003
0.586593
0.679871
0.828454
1.05777
1.36048
1.65304
0.942573
0.968828
1.65671
1.3906
1.09094
0.864958
0.709452
0.608601
0.546557
0.511094
0.494894
0.489603
0.50111
0.530452
0.586091
0.680948
0.830545
1.05405
1.36142
1.64836
0.941725
0.967087
1.65382
1.3841
1.08618
0.862203
0.708841
0.608519
0.547103
0.511738
0.495298
0.491372
0.50167
0.53155
0.586785
0.680034
0.82573
1.0431
1.3569
1.64038
0.94314
0.962138
1.65002
1.37884
1.08234
0.859887
0.708331
0.608364
0.546612
0.511859
0.495427
0.491384
0.50204
0.531609
0.586795
0.679567
0.825456
1.04452
1.34293
1.64827
0.938584
0.962504
1.65116
1.36927
1.07756
0.857645
0.707401
0.608485
0.54734
0.512605
0.495697
0.49082
0.502744
0.531428
0.586514
0.678281
0.823713
1.04487
1.34056
1.63572
0.939315
0.96053
1.64666
1.36393
1.07282
0.855647
0.70659
0.608126
0.54717
0.512656
0.495968
0.492754
0.50382
0.53088
0.586479
0.677788
0.821397
1.04113
1.33466
1.63547
0.93745
0.954106
1.63498
1.35671
1.06677
0.853359
0.705513
0.60732
0.546683
0.511648
0.495148
0.491945
0.503869
0.531757
0.586482
0.677305
0.819271
1.03254
1.3268
1.62216
0.934375
0.952614
1.63073
1.35127
1.06357
0.850802
0.703956
0.606616
0.545785
0.512269
0.496637
0.493679
0.503781
0.532664
0.586366
0.676719
0.81759
1.02879
1.32406
1.62152
0.928599
0.950253
1.62985
1.34684
1.05987
0.84859
0.702822
0.606192
0.545665
0.511396
0.496654
0.493778
0.505346
0.534011
0.587379
0.676309
0.815706
1.02427
1.31787
1.61425
0.923605
0.948215
1.6198
1.34021
1.05537
0.84611
0.701506
0.605493
0.545102
0.512234
0.496512
0.494677
0.506293
0.534834
0.587687
0.675891
0.814433
1.01981
1.30644
1.60979
0.921209
0.945156
1.61802
1.33287
1.05003
0.843012
0.69968
0.6046
0.54468
0.511777
0.495276
0.494298
0.506067
0.534696
0.587634
0.67572
0.813363
1.01712
1.30159
1.60316
0.918155
0.941854
1.61331
1.32374
1.04503
0.840271
0.697813
0.603568
0.544192
0.511484
0.495267
0.494121
0.505877
0.534408
0.587237
0.675577
0.811559
1.01392
1.29747
1.60087
0.91595
0.936982
1.6065
1.31616
1.03968
0.836781
0.696168
0.602603
0.543516
0.510949
0.494849
0.493041
0.505426
0.533589
0.586971
0.674739
0.809433
1.00837
1.28898
1.59476
0.913079
0.931699
1.59949
1.30842
1.03521
0.833651
0.694511
0.601628
0.542679
0.510486
0.495008
0.493535
0.505204
0.533607
0.58654
0.673321
0.806671
1.00299
1.28115
1.58831
0.909092
0.92694
1.59444
1.30418
1.03126
0.82986
0.691565
0.600504
0.542006
0.509095
0.493414
0.493157
0.50408
0.533083
0.585858
0.671381
0.80425
0.999997
1.27432
1.57944
0.90675
0.924198
1.59097
1.29974
1.02786
0.826887
0.689356
0.599656
0.54129
0.50918
0.493823
0.492996
0.503842
0.532092
0.584865
0.669237
0.800757
0.995236
1.2666
1.57337
0.902668
0.921467
1.58701
1.29419
1.02358
0.825098
0.687933
0.598672
0.540341
0.507858
0.493202
0.492733
0.503428
0.531615
0.583814
0.667512
0.797828
0.991412
1.26101
1.57073
0.900322
0.916316
1.58095
1.28871
1.01899
0.824425
0.68774
0.597691
0.539477
0.508093
0.493886
0.492379
0.502727
0.530826
0.582802
0.666899
0.795057
0.986896
1.25524
1.56972
0.897245
0.913131
1.5773
1.28285
1.01381
0.820787
0.6858
0.596054
0.538346
0.507423
0.493333
0.491927
0.502471
0.530163
0.581001
0.66398
0.792624
0.983149
1.25084
1.57182
0.895653
0.907642
1.57134
1.27648
1.00883
0.816853
0.683183
0.594678
0.537325
0.505637
0.49156
0.490966
0.501839
0.529424
0.579053
0.661301
0.788525
0.977679
1.24506
1.5619
0.893536
0.902981
1.56621
1.27017
1.00245
0.81173
0.680706
0.592605
0.53598
0.504923
0.491269
0.490138
0.501635
0.528902
0.577564
0.658502
0.784005
0.973295
1.24145
1.56597
0.892237
0.897131
1.55933
1.26216
0.995546
0.805475
0.675311
0.589878
0.534344
0.503401
0.490917
0.490435
0.501769
0.528366
0.576349
0.655511
0.777658
0.967931
1.23374
1.55919
0.888628
0.890835
1.55227
1.25278
0.986562
0.798437
0.67074
0.587314
0.532884
0.502315
0.490045
0.489626
0.501057
0.527596
0.574586
0.652667
0.773097
0.963436
1.22927
1.54865
0.886575
0.884358
1.54235
1.24307
0.977617
0.791199
0.66518
0.584313
0.531046
0.500677
0.487769
0.487383
0.499187
0.526575
0.574114
0.65262
0.771689
0.957897
1.22275
1.54469
0.883047
0.876662
1.53547
1.23171
0.967578
0.784369
0.660348
0.581595
0.529281
0.49908
0.485985
0.485923
0.497784
0.524949
0.573465
0.649207
0.770231
0.949983
1.2152
1.53409
0.879698
0.871382
1.52854
1.22043
0.956857
0.776783
0.654539
0.578413
0.527333
0.497653
0.48472
0.484689
0.496581
0.523257
0.569571
0.643543
0.761756
0.941701
1.2066
1.52454
0.875753
0.868352
1.52164
1.20823
0.945412
0.76795
0.647689
0.575014
0.525045
0.495779
0.482948
0.48309
0.494996
0.521486
0.566708
0.638603
0.752563
0.934037
1.19796
1.51411
0.871124
0.864421
1.51549
1.19619
0.934065
0.758283
0.641254
0.571785
0.522814
0.494105
0.481499
0.481539
0.493491
0.519686
0.562817
0.632888
0.746302
0.928309
1.19014
1.50898
0.867831
0.858398
1.50646
1.18222
0.92298
0.750113
0.636616
0.568547
0.520157
0.491916
0.47962
0.479905
0.492109
0.518513
0.561071
0.630051
0.74212
0.922899
1.18086
1.50097
0.862408
0.850937
1.49826
1.16741
0.908259
0.739805
0.632715
0.564789
0.517182
0.489698
0.477735
0.478202
0.49049
0.517081
0.561109
0.630599
0.740778
0.915485
1.1717
1.49625
0.856573
0.840042
1.48733
1.15007
0.892783
0.73075
0.632435
0.560568
0.513942
0.487393
0.476038
0.47661
0.489038
0.515433
0.559579
0.625031
0.735918
0.905773
1.16173
1.49046
0.851363
0.827637
1.47427
1.13101
0.877953
0.721336
0.620796
0.554562
0.510453
0.485069
0.47432
0.4752
0.487524
0.513642
0.556833
0.620913
0.729546
0.896697
1.15058
1.48422
0.844571
0.813581
1.45931
1.11089
0.859826
0.709656
0.61276
0.549367
0.507149
0.482846
0.472748
0.473762
0.485957
0.511668
0.554257
0.61639
0.724062
0.88709
1.13873
1.47781
0.840451
0.797999
1.44324
1.09108
0.842757
0.69504
0.602392
0.543864
0.503909
0.480679
0.471184
0.472174
0.484144
0.509531
0.551588
0.613152
0.713709
0.874741
1.12427
1.46692
0.829545
0.781472
1.42477
1.0703
0.825956
0.680444
0.593758
0.539064
0.500754
0.478397
0.469333
0.470437
0.48225
0.507334
0.5491
0.613855
0.706215
0.863296
1.10739
1.4555
0.818805
0.764852
1.40583
1.05094
0.811796
0.672042
0.587658
0.53483
0.497626
0.475912
0.466995
0.468246
0.479869
0.504442
0.544783
0.603921
0.698904
0.850984
1.08874
1.44016
0.805592
0.7469
1.38308
1.02798
0.798567
0.663618
0.582447
0.530606
0.494205
0.473154
0.464561
0.465849
0.477306
0.501418
0.540677
0.597503
0.688844
0.836932
1.06764
1.42253
0.787625
0.730372
1.36021
1.00389
0.782678
0.65708
0.576613
0.525966
0.49076
0.470354
0.461869
0.463209
0.474462
0.497928
0.535871
0.590793
0.679904
0.822818
1.04469
1.40182
0.767804
0.71168
1.337
0.980874
0.768583
0.648858
0.568664
0.520637
0.486974
0.467452
0.459349
0.460639
0.471574
0.494732
0.533184
0.587472
0.67381
0.807553
1.02045
1.38022
0.753198
0.692758
1.31346
0.957111
0.75406
0.638277
0.562669
0.516138
0.48332
0.464382
0.456474
0.457627
0.468033
0.490128
0.527173
0.58099
0.667255
0.789075
0.9922
1.35193
0.730022
0.669277
1.28747
0.931738
0.735637
0.626515
0.556275
0.510746
0.479063
0.460957
0.453396
0.454482
0.464375
0.485473
0.521259
0.573086
0.652261
0.767854
0.962933
1.32377
0.706302
0.648842
1.26062
0.907997
0.713421
0.611526
0.550633
0.505472
0.474694
0.457297
0.449996
0.450926
0.460189
0.480014
0.514334
0.566723
0.639826
0.744919
0.930537
1.29144
0.682299
0.628191
1.22793
0.884396
0.700868
0.600015
0.544428
0.499325
0.469839
0.453304
0.44635
0.447171
0.45577
0.473946
0.50514
0.55352
0.620123
0.719686
0.897985
1.25723
0.655858
0.604539
1.18893
0.858749
0.686033
0.588271
0.532939
0.491662
0.464353
0.448842
0.442237
0.44296
0.450986
0.467774
0.495925
0.538296
0.600721
0.695481
0.865393
1.21703
0.629469
0.580786
1.1468
0.830685
0.673081
0.580066
0.525573
0.484884
0.458743
0.44402
0.437717
0.438312
0.445744
0.461278
0.48728
0.526288
0.580985
0.669314
0.828113
1.166
0.595899
0.547832
1.0967
0.794235
0.652864
0.570683
0.514524
0.476099
0.452046
0.438474
0.432611
0.43312
0.439962
0.454211
0.477949
0.513538
0.564381
0.642568
0.783653
1.10037
0.541334
0.520165
1.04931
0.758917
0.625807
0.553544
0.501727
0.466753
0.444805
0.432339
0.426898
0.427279
0.433436
0.446228
0.467339
0.498515
0.542361
0.613285
0.738748
1.03285
0.497771
0.485913
0.994019
0.722191
0.604085
0.535359
0.488616
0.456733
0.436818
0.425548
0.420623
0.420952
0.426498
0.438042
0.457157
0.485475
0.524723
0.584598
0.691357
0.959408
0.448131
0.451044
0.938031
0.686325
0.581195
0.518936
0.474294
0.445406
0.427925
0.41811
0.413808
0.414083
0.418923
0.429018
0.445798
0.47091
0.506071
0.55935
0.651344
0.888822
0.409916
0.419021
0.875987
0.647348
0.552864
0.495456
0.457387
0.433274
0.418665
0.410416
0.406792
0.40705
0.411218
0.419949
0.434664
0.45728
0.489526
0.534774
0.608176
0.813777
0.371325
0.382832
0.808409
0.60364
0.522847
0.473188
0.441103
0.421342
0.409465
0.402732
0.399759
0.399977
0.403416
0.410596
0.42272
0.441703
0.46953
0.507537
0.568586
0.74472
0.335952
0.348648
0.739356
0.562735
0.492455
0.451229
0.425858
0.410361
0.400955
0.39556
0.393166
0.393353
0.39615
0.401964
0.411758
0.427294
0.451003
0.484442
0.534688
0.685624
0.309502
0.318378
0.671186
0.520686
0.46342
0.431684
0.412484
0.400641
0.393334
0.38909
0.387187
0.387345
0.389583
0.394207
0.401871
0.413821
0.432124
0.459928
0.505383
0.637457
0.293135
0.310413
0.60965
0.486802
0.441533
0.417389
0.402473
0.393072
0.387185
0.383732
0.382165
0.382278
0.384081
0.387849
0.394091
0.4038
0.418545
0.441474
0.481385
0.596302
0.290028
0.306301
0.558261
0.458984
0.425011
0.406513
0.394763
0.38718
0.382347
0.379481
0.378165
0.378247
0.379728
0.382866
0.388115
0.39644
0.409393
0.429534
0.464425
0.559426
0.288914
0.295597
0.51871
0.444817
0.416395
0.400407
0.390179
0.383435
0.379082
0.376496
0.375297
0.375334
0.37658
0.379249
0.383684
0.390619
0.401284
0.418309
0.447375
0.522876
0.292709
0.296056
0.498345
0.441283
0.414649
0.39806
0.387694
0.38109
0.376938
0.374514
0.3734
0.373427
0.374572
0.377047
0.38123
0.387837
0.398039
0.414201
0.441561
0.499321
0.298621
0.306082
0.484671
0.440769
0.413846
0.396991
0.386341
0.379708
0.375698
0.373418
0.372409
0.372416
0.373421
0.3757
0.3797
0.386315
0.396928
0.413713
0.440745
0.485114
0.304593
0.314106
0.475933
0.443619
0.414816
0.396733
0.385587
0.378894
0.375043
0.373004
0.372145
0.372145
0.372996
0.375019
0.378845
0.385487
0.396585
0.414638
0.443305
0.476912
0.314184
0.321147
0.472107
0.446802
0.415059
0.395839
0.384524
0.378076
0.374575
0.372837
0.372126
0.372123
0.372828
0.37454
0.37801
0.384413
0.395712
0.414982
0.447045
0.472201
0.320971
0.32854
0.471028
0.449996
0.415046
0.394696
0.383396
0.377311
0.374207
0.372774
0.372217
0.372212
0.372769
0.37419
0.377285
0.383354
0.394659
0.415165
0.450271
0.471355
0.328339
0.337467
0.477284
0.454077
0.414437
0.392974
0.381951
0.376434
0.373835
0.372756
0.372366
0.372361
0.37275
0.373814
0.376385
0.381877
0.392872
0.414337
0.454055
0.477328
0.337425
0.343457
0.486115
0.456996
0.412502
0.390581
0.380262
0.375557
0.373581
0.372811
0.372569
0.372568
0.372812
0.373576
0.37555
0.38027
0.390596
0.412515
0.457015
0.486311
0.343158
0.352225
0.500414
0.458317
0.409227
0.387558
0.378432
0.374773
0.373487
0.373021
0.372897
0.372896
0.373021
0.373485
0.374761
0.378405
0.387488
0.409106
0.458266
0.500029
0.351916
0.356707
0.512239
0.456997
0.403602
0.3838
0.376649
0.374332
0.373569
0.373357
0.37331
0.37331
0.373356
0.373572
0.374328
0.376701
0.38385
0.403564
0.456923
0.512178
0.356822
0.362797
0.517284
0.445399
0.394638
0.379541
0.375379
0.37421
0.373853
0.373775
0.373762
0.373763
0.373773
0.373855
0.374199
0.375444
0.379627
0.394416
0.444969
0.517218
0.362442
0.365931
0.50501
0.420653
0.383782
0.376369
0.374741
0.374298
0.374238
0.37424
0.374246
0.374246
0.374243
0.37424
0.374287
0.374675
0.376173
0.383081
0.419407
0.505046
0.36616
0.369953
0.430894
0.38126
0.374456
0.374531
0.374642
0.374718
0.374749
0.374756
0.374756
0.374756
0.374756
0.374754
0.374741
0.374741
0.375174
0.37704
0.385608
0.431438
0.369874
0.562533
1.12982
0.963286
0.773385
0.617183
0.516411
0.459617
0.429592
0.414349
0.407818
0.407552
0.413223
0.42771
0.457624
0.514929
0.615263
0.771214
0.959908
1.12209
0.558588
0.560656
1.12834
0.960742
0.772818
0.615879
0.515627
0.459487
0.429969
0.414732
0.408165
0.407912
0.413411
0.427628
0.456355
0.511438
0.6081
0.767464
0.952603
1.11667
0.555406
0.557683
1.12509
0.953853
0.77274
0.614857
0.513689
0.458803
0.430075
0.415236
0.408404
0.408705
0.413829
0.427685
0.457451
0.514121
0.610471
0.773384
0.967049
1.12648
0.563713
0.564078
1.13552
0.968155
0.774276
0.613229
0.5161
0.459906
0.430127
0.415166
0.408812
0.408061
0.413217
0.427525
0.457164
0.513571
0.611544
0.771871
0.968921
1.12762
0.565026
0.55829
1.13257
0.966147
0.772093
0.606113
0.514999
0.460344
0.430377
0.41474
0.408029
0.407473
0.412987
0.427247
0.455749
0.509854
0.603443
0.767949
0.960501
1.12592
0.561482
0.563969
1.12418
0.964831
0.771229
0.612051
0.513588
0.460213
0.430553
0.415035
0.408306
0.407722
0.41344
0.427331
0.456189
0.511617
0.609831
0.762365
0.967419
1.12611
0.567972
0.563707
1.12774
0.95962
0.762719
0.614378
0.514256
0.460223
0.430807
0.415341
0.409122
0.408353
0.413201
0.427357
0.455871
0.511013
0.614206
0.772693
0.961643
1.1229
0.567684
0.562318
1.13203
0.962213
0.769786
0.610105
0.514652
0.459937
0.431292
0.416056
0.408722
0.407889
0.41329
0.42749
0.455988
0.510942
0.607254
0.77045
0.966106
1.11571
0.567786
0.559244
1.13263
0.969239
0.768794
0.61186
0.516752
0.460757
0.432048
0.416404
0.409151
0.408234
0.41382
0.427677
0.456507
0.512232
0.611243
0.770153
0.964129
1.12306
0.568952
0.564489
1.13021
0.966722
0.758171
0.613056
0.515897
0.461099
0.432475
0.417115
0.409566
0.408587
0.414072
0.427824
0.457487
0.514596
0.613654
0.76105
0.9541
1.12705
0.569702
0.559194
1.12304
0.959736
0.765192
0.618472
0.519317
0.461922
0.43301
0.417669
0.410474
0.409568
0.414528
0.428119
0.457274
0.51421
0.613306
0.766219
0.957053
1.13332
0.569691
0.564402
1.13129
0.96967
0.771547
0.618869
0.51918
0.462315
0.433507
0.418068
0.410817
0.409764
0.414808
0.428031
0.455949
0.513294
0.611566
0.764508
0.960096
1.13282
0.568461
0.569206
1.13327
0.967606
0.77075
0.617935
0.51891
0.462997
0.434063
0.418532
0.411233
0.410103
0.415107
0.428427
0.456733
0.512763
0.609911
0.754994
0.951929
1.13181
0.566953
0.569122
1.13251
0.966067
0.762014
0.616516
0.517968
0.463384
0.43448
0.418819
0.411447
0.410304
0.415292
0.428485
0.455318
0.511581
0.604564
0.759172
0.960007
1.13022
0.562553
0.567578
1.13205
0.963636
0.766018
0.614656
0.515048
0.463718
0.434759
0.419091
0.41169
0.410497
0.415423
0.428777
0.456262
0.511436
0.608467
0.763514
0.950461
1.12656
0.563627
0.56292
1.12999
0.956495
0.75925
0.608995
0.516843
0.464304
0.4349
0.419206
0.411763
0.410458
0.415254
0.428588
0.45635
0.510407
0.60281
0.762226
0.952144
1.12492
0.562958
0.564435
1.12995
0.963504
0.766438
0.612243
0.517873
0.464436
0.434656
0.419033
0.411648
0.410178
0.414826
0.428494
0.456541
0.508758
0.606946
0.759535
0.952034
1.12902
0.559201
0.562874
1.12324
0.954803
0.758348
0.614635
0.519622
0.464391
0.434843
0.418645
0.411276
0.409844
0.414942
0.428401
0.456251
0.509605
0.604183
0.756639
0.954147
1.12408
0.559269
0.562606
1.12612
0.956296
0.75935
0.612179
0.520302
0.464309
0.43424
0.419131
0.411164
0.410267
0.414132
0.428185
0.454884
0.506341
0.601266
0.745599
0.951005
1.12678
0.555586
0.562778
1.13091
0.954864
0.75811
0.616685
0.520081
0.464072
0.43383
0.418397
0.411452
0.409508
0.413831
0.427824
0.454474
0.504648
0.595092
0.744181
0.941152
1.12484
0.555905
0.564212
1.13075
0.954844
0.758458
0.615276
0.519475
0.463891
0.433718
0.4177
0.410515
0.408618
0.413529
0.42753
0.453631
0.502228
0.592718
0.739842
0.94409
1.11873
0.554958
0.560059
1.12965
0.957383
0.763494
0.61462
0.518975
0.463773
0.43376
0.418139
0.409911
0.408529
0.413388
0.427304
0.453197
0.501125
0.590319
0.735617
0.942111
1.12022
0.553284
0.564248
1.13085
0.954889
0.76248
0.610415
0.518035
0.463756
0.433996
0.417555
0.409867
0.408545
0.413301
0.426976
0.452636
0.499574
0.585363
0.730935
0.937558
1.11882
0.550902
0.559634
1.12985
0.951753
0.760208
0.612438
0.516444
0.463679
0.433712
0.417545
0.409867
0.408423
0.413176
0.426508
0.452222
0.49898
0.584362
0.728631
0.929481
1.1159
0.546257
0.562998
1.12901
0.943651
0.751403
0.610773
0.51765
0.46363
0.434057
0.417781
0.410093
0.408573
0.413456
0.42593
0.451488
0.49774
0.58198
0.725942
0.934952
1.11527
0.546119
0.559563
1.12792
0.952563
0.754168
0.606887
0.515333
0.463161
0.433673
0.417912
0.410362
0.408629
0.412773
0.425103
0.450817
0.496631
0.578878
0.719926
0.924454
1.11169
0.542401
0.564919
1.12589
0.951405
0.75506
0.607297
0.515013
0.462933
0.433624
0.418614
0.411331
0.409443
0.41286
0.424977
0.450304
0.495772
0.578097
0.718236
0.926323
1.10866
0.541467
0.56349
1.1223
0.948049
0.752817
0.605547
0.514227
0.462684
0.433527
0.418266
0.411004
0.409016
0.412853
0.424857
0.449805
0.495275
0.578594
0.719905
0.920534
1.11314
0.541182
0.562453
1.119
0.945547
0.749714
0.599789
0.512905
0.462362
0.433426
0.41875
0.410731
0.409568
0.413
0.424856
0.449331
0.495032
0.581397
0.72602
0.928615
1.11298
0.542239
0.56051
1.11959
0.936566
0.746928
0.599275
0.511973
0.461847
0.433244
0.41815
0.410708
0.409088
0.413056
0.425051
0.449051
0.495438
0.577471
0.718922
0.926875
1.1049
0.535581
0.55952
1.11927
0.937896
0.739809
0.596791
0.510455
0.461481
0.433211
0.418808
0.411048
0.4099
0.413718
0.424894
0.449023
0.494798
0.582599
0.72744
0.918953
1.10584
0.536539
0.557249
1.11275
0.938771
0.741167
0.595303
0.509633
0.461318
0.433132
0.418235
0.411001
0.40966
0.413602
0.425282
0.449098
0.495813
0.580958
0.72495
0.920094
1.10798
0.536141
0.553839
1.11441
0.936606
0.735401
0.592542
0.508542
0.460816
0.433323
0.418731
0.411657
0.409437
0.413484
0.425318
0.449064
0.49534
0.578203
0.722964
0.916303
1.10648
0.537798
0.553685
1.11565
0.928897
0.737784
0.591353
0.507377
0.46016
0.432257
0.417953
0.411004
0.409569
0.413741
0.425511
0.448921
0.493987
0.579074
0.715636
0.916744
1.10516
0.533037
0.553178
1.11458
0.926677
0.730751
0.588913
0.506361
0.459692
0.43214
0.418736
0.41184
0.409998
0.414113
0.425723
0.448932
0.494017
0.575467
0.715415
0.909947
1.10127
0.539976
0.550212
1.11183
0.922364
0.731238
0.586891
0.505248
0.458992
0.431893
0.418251
0.411444
0.410262
0.414425
0.425931
0.448964
0.493435
0.575017
0.712784
0.914967
1.10606
0.543888
0.553022
1.11182
0.924972
0.728633
0.585095
0.5044
0.458478
0.431694
0.417681
0.412053
0.410708
0.415361
0.426303
0.448923
0.491894
0.573204
0.709936
0.905585
1.09868
0.542165
0.55137
1.10934
0.921813
0.725146
0.583713
0.503233
0.457652
0.431704
0.417623
0.411619
0.411517
0.415765
0.426718
0.448863
0.49146
0.569725
0.707588
0.906409
1.10098
0.541533
0.547047
1.10811
0.912036
0.721662
0.582473
0.502402
0.456925
0.432165
0.418145
0.412319
0.411833
0.415989
0.426731
0.448661
0.490965
0.569041
0.70538
0.903288
1.09959
0.536628
0.545444
1.10022
0.909812
0.71676
0.580607
0.501211
0.455801
0.43091
0.417376
0.411909
0.411605
0.416048
0.426396
0.448159
0.490252
0.566938
0.704492
0.902562
1.10154
0.536911
0.542855
1.09883
0.905084
0.712336
0.579039
0.50055
0.454915
0.430179
0.417356
0.412511
0.411941
0.415892
0.426003
0.448214
0.489722
0.56574
0.702172
0.899655
1.10073
0.536245
0.54082
1.095
0.899404
0.708695
0.576685
0.499708
0.454864
0.430344
0.417797
0.412235
0.411363
0.415404
0.426261
0.447428
0.488761
0.562988
0.694529
0.889913
1.09843
0.536619
0.537681
1.09171
0.894195
0.705413
0.575093
0.498627
0.455156
0.430891
0.417164
0.411666
0.412109
0.416114
0.425444
0.447548
0.488122
0.561427
0.691515
0.888849
1.09693
0.534614
0.535022
1.08752
0.889597
0.700715
0.572766
0.497442
0.4542
0.430011
0.417107
0.411544
0.411358
0.415237
0.425254
0.446367
0.486858
0.559326
0.687335
0.884782
1.0899
0.53069
0.532009
1.0851
0.884829
0.696984
0.570642
0.49643
0.453517
0.429361
0.417682
0.412216
0.410841
0.414716
0.42558
0.446186
0.485504
0.557452
0.682073
0.875006
1.08367
0.52762
0.528725
1.08192
0.880536
0.692436
0.56816
0.49529
0.453216
0.429293
0.417211
0.411809
0.411015
0.414818
0.424861
0.445646
0.484307
0.555531
0.677452
0.871505
1.0816
0.526527
0.526559
1.079
0.875834
0.68884
0.566155
0.493941
0.452556
0.429567
0.417419
0.41205
0.41125
0.415033
0.425004
0.445889
0.48402
0.553986
0.674362
0.865701
1.07911
0.523977
0.523952
1.07572
0.87117
0.684926
0.563926
0.492747
0.451811
0.428697
0.418185
0.412517
0.412157
0.415983
0.425683
0.445499
0.483665
0.552069
0.670783
0.860127
1.07643
0.520922
0.520966
1.07205
0.86658
0.681561
0.5618
0.491466
0.450791
0.428501
0.418066
0.413084
0.411815
0.4157
0.425277
0.444596
0.482031
0.550255
0.667257
0.85521
1.07102
0.518419
0.519006
1.06927
0.861489
0.677619
0.559604
0.490395
0.449842
0.428389
0.417666
0.412615
0.411925
0.415526
0.424981
0.443604
0.480993
0.54851
0.663895
0.850662
1.06807
0.516125
0.516817
1.07048
0.856309
0.673426
0.557017
0.489139
0.449627
0.428414
0.418415
0.413447
0.412867
0.416306
0.425897
0.443517
0.480331
0.546411
0.660064
0.844945
1.06666
0.512685
0.514791
1.06402
0.851077
0.669436
0.554295
0.487442
0.448957
0.42874
0.417767
0.413077
0.412669
0.415618
0.424902
0.443228
0.478141
0.543861
0.656141
0.838976
1.06776
0.510001
0.511993
1.06327
0.845957
0.665719
0.551796
0.485656
0.448173
0.427999
0.417921
0.41329
0.412853
0.416057
0.424268
0.441608
0.476393
0.541268
0.651594
0.832403
1.06393
0.507226
0.50886
1.0572
0.840451
0.661565
0.548952
0.483322
0.44728
0.428285
0.418643
0.414062
0.412691
0.415707
0.424963
0.441433
0.475482
0.538789
0.647809
0.826575
1.05405
0.503296
0.505075
1.05034
0.835433
0.658146
0.546641
0.480933
0.445787
0.426777
0.417758
0.413654
0.412807
0.415688
0.424407
0.441631
0.473711
0.535242
0.642371
0.818427
1.04276
0.497752
0.502568
1.04656
0.830067
0.653672
0.543996
0.479081
0.443905
0.42662
0.418492
0.414503
0.413154
0.416121
0.423649
0.43994
0.473776
0.531772
0.637473
0.811172
1.03372
0.492028
0.49815
1.04044
0.823111
0.648883
0.541168
0.478096
0.443484
0.426614
0.417981
0.413967
0.413518
0.415422
0.424038
0.439529
0.468875
0.526533
0.631737
0.804145
1.02893
0.487415
0.494083
1.03372
0.81638
0.643464
0.537714
0.476951
0.443323
0.427289
0.418968
0.414239
0.413099
0.415113
0.42217
0.436818
0.466167
0.522429
0.626611
0.796819
1.02208
0.481757
0.490102
1.02851
0.808871
0.637473
0.534101
0.475312
0.443158
0.426523
0.418939
0.415067
0.413971
0.415305
0.421444
0.435645
0.463827
0.519018
0.62085
0.789452
1.01371
0.476206
0.485538
1.02061
0.800926
0.630823
0.529678
0.471688
0.441196
0.425723
0.418972
0.414888
0.413808
0.415496
0.422019
0.436443
0.463905
0.517918
0.615187
0.781155
1.00606
0.471192
0.481584
1.01404
0.792848
0.623725
0.525019
0.469287
0.440907
0.426076
0.419058
0.415213
0.414179
0.416173
0.421371
0.435638
0.464309
0.518045
0.609233
0.774054
1.00002
0.46816
0.477809
1.00839
0.78525
0.616203
0.519444
0.465656
0.438532
0.424646
0.41857
0.415619
0.415039
0.416291
0.4216
0.435211
0.46323
0.512462
0.603148
0.767294
0.995223
0.465834
0.474584
1.00351
0.777168
0.608497
0.513069
0.462248
0.436811
0.424509
0.41934
0.416061
0.415291
0.416302
0.420569
0.433839
0.460733
0.508386
0.596742
0.759928
0.989097
0.462536
0.470179
0.998722
0.768563
0.600359
0.505909
0.459603
0.435775
0.424789
0.418983
0.417017
0.415756
0.416405
0.420252
0.431727
0.457594
0.503876
0.590721
0.752938
0.984931
0.459996
0.465746
0.993463
0.759961
0.592983
0.498639
0.454627
0.43421
0.424154
0.419306
0.417261
0.4161
0.416374
0.420676
0.431015
0.454784
0.498777
0.584227
0.745146
0.97893
0.456087
0.460181
0.986554
0.750573
0.585733
0.492158
0.448722
0.431901
0.423638
0.420187
0.417603
0.416277
0.416134
0.419859
0.42962
0.450882
0.493446
0.577686
0.737215
0.974996
0.45306
0.454888
0.981343
0.740533
0.578766
0.488992
0.446221
0.429117
0.422244
0.419699
0.417624
0.416452
0.416209
0.420331
0.428952
0.447324
0.487877
0.569857
0.727832
0.968875
0.448042
0.44849
0.97339
0.728247
0.569602
0.485892
0.445544
0.428765
0.422138
0.419458
0.417441
0.416436
0.416131
0.418836
0.425579
0.442804
0.482538
0.562092
0.718278
0.963577
0.444119
0.441285
0.96284
0.714034
0.560035
0.480978
0.44525
0.42838
0.422106
0.418575
0.416704
0.415991
0.416578
0.41767
0.422908
0.439013
0.478002
0.55436
0.706985
0.955458
0.437781
0.431941
0.952193
0.698028
0.551109
0.475306
0.440736
0.426951
0.421612
0.418718
0.41725
0.415693
0.415789
0.416506
0.420658
0.435797
0.472893
0.5452
0.69446
0.947229
0.4315
0.419089
0.934796
0.677553
0.538571
0.474588
0.440278
0.426627
0.422276
0.418316
0.41627
0.41597
0.415066
0.417245
0.420207
0.433027
0.467134
0.534465
0.680523
0.938117
0.423186
0.40785
0.919125
0.658305
0.522829
0.469371
0.43958
0.425851
0.4213
0.418677
0.416069
0.415145
0.414762
0.416272
0.419596
0.429911
0.461727
0.524408
0.665846
0.928104
0.415317
0.396273
0.900778
0.640105
0.51023
0.460845
0.438478
0.425332
0.422192
0.417867
0.41595
0.414889
0.414614
0.417281
0.419667
0.429015
0.456134
0.512335
0.64874
0.914678
0.40548
0.384014
0.880233
0.622222
0.498784
0.454507
0.431539
0.423922
0.420205
0.417571
0.416042
0.415318
0.414293
0.415983
0.419951
0.42889
0.448426
0.498511
0.630806
0.897946
0.393283
0.370739
0.857961
0.605415
0.487397
0.448956
0.428867
0.421501
0.41889
0.417347
0.416454
0.414444
0.413717
0.414146
0.416536
0.424111
0.44166
0.486299
0.612436
0.878084
0.37802
0.353741
0.830038
0.586478
0.478062
0.442282
0.427725
0.422059
0.420301
0.418113
0.415851
0.414044
0.412912
0.41256
0.414797
0.421856
0.436302
0.475835
0.591895
0.851476
0.360313
0.338936
0.802541
0.568636
0.46941
0.435025
0.425529
0.419844
0.419048
0.416857
0.415993
0.413858
0.412763
0.412213
0.414294
0.419286
0.430366
0.464459
0.569672
0.820795
0.33953
0.320289
0.770058
0.548191
0.461062
0.429581
0.424116
0.419316
0.418357
0.416425
0.414441
0.413485
0.413083
0.411769
0.412888
0.415898
0.424726
0.454851
0.545621
0.782413
0.315162
0.303131
0.738727
0.531838
0.455038
0.428256
0.421705
0.418856
0.416528
0.413495
0.411363
0.410438
0.41063
0.411564
0.411503
0.41111
0.417756
0.442588
0.520899
0.74218
0.291593
0.286621
0.706533
0.516134
0.451131
0.426905
0.418056
0.416652
0.413224
0.409865
0.407753
0.407052
0.407548
0.408614
0.409427
0.407876
0.414551
0.43373
0.496814
0.697261
0.267959
0.27176
0.674497
0.50195
0.449683
0.426571
0.416637
0.413891
0.408953
0.405308
0.403292
0.402803
0.403674
0.405488
0.407294
0.406986
0.413827
0.425623
0.472202
0.651536
0.24974
0.259463
0.640273
0.483791
0.444272
0.426628
0.414982
0.408582
0.403528
0.400128
0.398352
0.398051
0.399106
0.401266
0.403933
0.405833
0.410045
0.416034
0.448927
0.60828
0.239344
0.249279
0.604414
0.464485
0.430903
0.418842
0.410254
0.402921
0.397824
0.394686
0.39316
0.392991
0.394048
0.396208
0.39932
0.402589
0.403875
0.405517
0.430356
0.570989
0.232136
0.240397
0.568092
0.447666
0.420723
0.408818
0.40096
0.395438
0.391615
0.389216
0.388081
0.388078
0.389117
0.391009
0.393382
0.39545
0.396135
0.39846
0.419808
0.539764
0.227761
0.232665
0.531167
0.430049
0.409581
0.401327
0.394898
0.390016
0.3866
0.384475
0.383498
0.383566
0.384631
0.386577
0.389111
0.391327
0.391415
0.3941
0.415832
0.514742
0.228685
0.231839
0.497627
0.416144
0.400122
0.393653
0.38877
0.384938
0.382153
0.380368
0.379541
0.379648
0.380686
0.382637
0.385343
0.388167
0.389068
0.393508
0.412803
0.493723
0.232898
0.236601
0.473228
0.408164
0.394563
0.389261
0.38525
0.381728
0.379063
0.37732
0.376486
0.376554
0.377521
0.379424
0.382253
0.385874
0.389135
0.393924
0.409428
0.473828
0.238514
0.245122
0.457928
0.407222
0.393827
0.387682
0.383393
0.379653
0.376897
0.375118
0.37426
0.374302
0.375226
0.377078
0.379888
0.383807
0.388955
0.394714
0.407446
0.457012
0.244684
0.253715
0.447001
0.408434
0.396184
0.388652
0.382712
0.378483
0.375566
0.373717
0.372821
0.372846
0.373769
0.375644
0.378502
0.382499
0.387849
0.395297
0.407962
0.44717
0.255055
0.262701
0.437214
0.411255
0.398297
0.388611
0.382268
0.377835
0.374816
0.372909
0.371983
0.371999
0.37294
0.374872
0.37789
0.382241
0.388631
0.398494
0.411085
0.437005
0.26216
0.273477
0.431465
0.414286
0.400314
0.389899
0.382505
0.377695
0.374518
0.372584
0.371665
0.371668
0.372584
0.374538
0.377757
0.382622
0.390004
0.400375
0.41428
0.431758
0.273398
0.28276
0.429318
0.419341
0.402989
0.3906
0.382659
0.377576
0.374336
0.372454
0.371594
0.371592
0.372441
0.374305
0.377541
0.382704
0.390638
0.403063
0.419572
0.429543
0.282301
0.295388
0.429606
0.42378
0.404585
0.390909
0.382495
0.377255
0.37411
0.372361
0.37159
0.371587
0.372356
0.37409
0.377223
0.382441
0.39089
0.404614
0.423895
0.42988
0.295727
0.305857
0.438066
0.430703
0.405942
0.390841
0.381963
0.376785
0.373846
0.372305
0.37165
0.371647
0.3723
0.373828
0.376761
0.381934
0.390822
0.40598
0.430902
0.438344
0.30608
0.31959
0.449094
0.436393
0.40634
0.389846
0.380917
0.376072
0.373514
0.372287
0.371788
0.371785
0.372283
0.373499
0.376048
0.380893
0.389836
0.406376
0.436504
0.449115
0.318995
0.330287
0.466855
0.441288
0.405761
0.388203
0.37958
0.375325
0.373322
0.372415
0.372085
0.372084
0.372415
0.373316
0.375301
0.379549
0.388166
0.405752
0.44139
0.466931
0.330879
0.342217
0.485358
0.443061
0.402585
0.385378
0.377863
0.374586
0.373267
0.372735
0.372564
0.372565
0.372736
0.373267
0.374578
0.377863
0.385389
0.402622
0.443157
0.485393
0.341741
0.351444
0.494572
0.439117
0.396581
0.381637
0.376092
0.374214
0.373478
0.373238
0.373174
0.373176
0.373241
0.373484
0.374204
0.376082
0.38161
0.396541
0.439102
0.494618
0.351754
0.360656
0.495628
0.421282
0.386456
0.377469
0.375004
0.374157
0.373922
0.373876
0.373872
0.373873
0.37388
0.373928
0.374156
0.374997
0.377467
0.386499
0.421373
0.495664
0.360587
0.367967
0.430685
0.384494
0.37595
0.374863
0.37464
0.374596
0.374615
0.374627
0.37463
0.37463
0.374626
0.374614
0.374595
0.374639
0.374862
0.375943
0.384473
0.430626
0.367979
0.206918
0.524044
0.475659
0.416866
0.371997
0.344278
0.329558
0.322874
0.320436
0.319963
0.320764
0.322534
0.32638
0.334424
0.349739
0.376813
0.419353
0.474877
0.522151
0.206367
0.206876
0.523911
0.474922
0.416777
0.372061
0.344499
0.329988
0.323327
0.321056
0.320648
0.321633
0.324304
0.327036
0.334824
0.349923
0.376855
0.419247
0.47419
0.522151
0.206222
0.207212
0.524477
0.476129
0.416168
0.372
0.344837
0.329792
0.323302
0.32208
0.321686
0.323018
0.323273
0.327994
0.335879
0.350136
0.37658
0.418399
0.475222
0.522264
0.206201
0.207785
0.525071
0.476642
0.417214
0.372003
0.344257
0.329747
0.323266
0.320103
0.320531
0.3216
0.323053
0.327107
0.335255
0.349881
0.376468
0.418513
0.475281
0.52225
0.206095
0.207743
0.525226
0.474833
0.416547
0.371817
0.344144
0.329954
0.324863
0.320047
0.319888
0.320059
0.323105
0.326719
0.334791
0.349905
0.376607
0.418684
0.475
0.522438
0.206194
0.207488
0.524871
0.474856
0.416404
0.37185
0.344142
0.329778
0.323814
0.319629
0.318725
0.319665
0.322313
0.327999
0.336071
0.350086
0.376474
0.418035
0.473865
0.52239
0.206153
0.207367
0.524742
0.474047
0.41602
0.371753
0.344062
0.329326
0.323559
0.320735
0.319189
0.320396
0.32303
0.32796
0.335744
0.350051
0.376102
0.418043
0.47509
0.522476
0.206087
0.207409
0.524602
0.474469
0.415086
0.371719
0.344213
0.329346
0.322312
0.319384
0.31914
0.321109
0.323477
0.328005
0.335099
0.350015
0.376151
0.417728
0.473783
0.52156
0.20559
0.207411
0.525101
0.473901
0.415767
0.371797
0.34446
0.329624
0.322415
0.31948
0.320137
0.320002
0.322373
0.327869
0.335127
0.350056
0.376176
0.418053
0.47472
0.522338
0.206061
0.206835
0.52462
0.475379
0.416734
0.372269
0.344816
0.331033
0.323965
0.319683
0.31895
0.319862
0.32258
0.328005
0.335957
0.350128
0.376333
0.417734
0.474611
0.52217
0.205993
0.206765
0.524804
0.476671
0.416379
0.3724
0.3449
0.330899
0.323913
0.319718
0.319053
0.320194
0.323989
0.327707
0.335401
0.350134
0.376374
0.418255
0.474462
0.521419
0.205904
0.206707
0.525083
0.476483
0.417733
0.372626
0.345253
0.330853
0.324
0.320035
0.320382
0.321252
0.323481
0.328911
0.336128
0.350486
0.376156
0.417661
0.473617
0.522351
0.206007
0.206826
0.524933
0.476346
0.41749
0.372408
0.344812
0.330219
0.323415
0.319755
0.318842
0.31947
0.32168
0.327264
0.334492
0.349703
0.37647
0.419306
0.475621
0.522553
0.205966
0.207018
0.524492
0.475897
0.417471
0.372409
0.344757
0.330311
0.324761
0.320196
0.319011
0.319359
0.321193
0.325831
0.334255
0.349896
0.376353
0.419022
0.475221
0.522274
0.205746
0.207146
0.523939
0.475636
0.417077
0.372193
0.344651
0.330199
0.32436
0.320564
0.319637
0.320823
0.321515
0.32573
0.334183
0.349393
0.376224
0.418954
0.475037
0.521768
0.205569
0.207192
0.524826
0.474426
0.416508
0.371976
0.34448
0.329988
0.323355
0.321487
0.320707
0.319851
0.321612
0.325984
0.335173
0.349947
0.376156
0.417963
0.473897
0.521201
0.205329
0.206967
0.524577
0.474598
0.415907
0.371554
0.34449
0.330242
0.32426
0.319829
0.318985
0.319778
0.321914
0.32598
0.33421
0.349408
0.376127
0.418066
0.474662
0.521251
0.205246
0.206531
0.523881
0.474682
0.416579
0.371568
0.344678
0.330594
0.323652
0.319821
0.31923
0.321364
0.32387
0.326601
0.334349
0.349505
0.376064
0.41786
0.475561
0.52243
0.205779
0.206258
0.524
0.475528
0.41656
0.371407
0.34395
0.329247
0.322423
0.319649
0.319003
0.319949
0.323294
0.327603
0.335272
0.350079
0.376432
0.418278
0.475602
0.522308
0.205272
0.206085
0.524078
0.475292
0.41629
0.371556
0.344
0.329354
0.322492
0.32107
0.320573
0.319924
0.321932
0.326223
0.334253
0.349668
0.376489
0.419057
0.475448
0.521772
0.205324
0.205908
0.523776
0.473683
0.416013
0.37142
0.344042
0.329717
0.322462
0.319842
0.319525
0.319947
0.32187
0.326162
0.334268
0.349634
0.376217
0.419039
0.475253
0.521778
0.205606
0.20581
0.52309
0.474099
0.415519
0.371143
0.343956
0.329201
0.322402
0.319762
0.320565
0.320533
0.322172
0.326507
0.334476
0.349767
0.376401
0.418823
0.474267
0.520992
0.205409
0.205856
0.523055
0.47272
0.415122
0.37101
0.344268
0.329488
0.322696
0.319562
0.318704
0.319853
0.322203
0.32762
0.334881
0.349936
0.376346
0.418384
0.475576
0.521701
0.206044
0.206086
0.522866
0.472529
0.413811
0.370198
0.344016
0.330475
0.323841
0.319655
0.318905
0.321162
0.323303
0.32666
0.335607
0.350584
0.376897
0.419807
0.475898
0.522238
0.206225
0.206122
0.523192
0.472267
0.413959
0.370119
0.343623
0.32967
0.322071
0.319649
0.318649
0.319762
0.322094
0.326575
0.335014
0.350165
0.376966
0.419495
0.475587
0.522871
0.206208
0.205999
0.522482
0.472303
0.413031
0.36997
0.34329
0.329334
0.322037
0.320994
0.318739
0.319759
0.322325
0.326744
0.335804
0.350481
0.376411
0.41801
0.475004
0.522505
0.206058
0.206067
0.523102
0.471377
0.41387
0.370247
0.343725
0.328641
0.321566
0.319285
0.318552
0.319887
0.323682
0.327844
0.334892
0.349783
0.376114
0.417876
0.473874
0.522391
0.205801
0.206051
0.523296
0.472594
0.4134
0.370095
0.343658
0.329409
0.321779
0.320397
0.318614
0.319578
0.322341
0.326795
0.335226
0.349849
0.375663
0.41761
0.474379
0.522381
0.205949
0.205954
0.523148
0.473508
0.414501
0.370432
0.34335
0.328528
0.321598
0.319473
0.318347
0.319697
0.32328
0.327607
0.334129
0.348828
0.375296
0.41766
0.47419
0.522395
0.205856
0.205404
0.522252
0.47307
0.41324
0.369792
0.343736
0.328519
0.321638
0.319806
0.31933
0.318853
0.320955
0.325786
0.333741
0.348635
0.375081
0.417163
0.473378
0.522149
0.205691
0.205519
0.522571
0.472539
0.41335
0.369578
0.343096
0.328599
0.322489
0.318478
0.317769
0.318853
0.321134
0.32685
0.333738
0.348515
0.374819
0.416039
0.472738
0.521749
0.205188
0.205332
0.522175
0.472147
0.412512
0.36931
0.34258
0.328458
0.321593
0.318527
0.317875
0.318683
0.320957
0.325581
0.333644
0.348447
0.374603
0.415766
0.471454
0.521211
0.2048
0.20476
0.520982
0.470387
0.411976
0.368991
0.342642
0.328913
0.323105
0.319093
0.318341
0.319026
0.321144
0.325586
0.333749
0.348548
0.374139
0.415291
0.471381
0.521016
0.204442
0.204693
0.521054
0.470946
0.412291
0.368831
0.342881
0.329475
0.322655
0.32037
0.320135
0.320731
0.321664
0.325952
0.334516
0.348511
0.373775
0.415158
0.471664
0.520251
0.204158
0.204563
0.520731
0.470614
0.411991
0.368504
0.342016
0.327939
0.321466
0.318879
0.3185
0.319367
0.322419
0.326746
0.33368
0.347829
0.373306
0.413804
0.471083
0.520187
0.203853
0.204435
0.520617
0.469962
0.410883
0.36834
0.342174
0.32833
0.321912
0.319281
0.31866
0.319306
0.321173
0.325069
0.332691
0.34714
0.372882
0.413586
0.469647
0.519732
0.203789
0.204257
0.520299
0.469549
0.410907
0.368281
0.342351
0.32882
0.323748
0.321457
0.320782
0.321469
0.323059
0.326637
0.333545
0.347327
0.372501
0.412609
0.469074
0.519365
0.203601
0.204002
0.520124
0.468652
0.410476
0.368102
0.342374
0.32882
0.323089
0.320472
0.319473
0.320344
0.321797
0.325368
0.332945
0.347633
0.371921
0.411406
0.468091
0.518294
0.203209
0.203778
0.519493
0.467232
0.409711
0.367872
0.342844
0.329752
0.32255
0.319541
0.320081
0.319165
0.320496
0.323939
0.331518
0.346445
0.371181
0.410676
0.467077
0.51813
0.203168
0.203264
0.518553
0.466681
0.409254
0.367614
0.342138
0.328961
0.323577
0.319462
0.318661
0.319017
0.320401
0.32357
0.33113
0.345958
0.370528
0.409702
0.466897
0.518082
0.202845
0.202782
0.517628
0.465436
0.407704
0.367086
0.342111
0.329021
0.322618
0.319811
0.31995
0.319805
0.321839
0.323728
0.330577
0.344554
0.36976
0.408835
0.465458
0.517838
0.203028
0.202261
0.516692
0.464485
0.407177
0.366926
0.342413
0.330635
0.324548
0.321349
0.319432
0.320793
0.320736
0.323623
0.330471
0.344721
0.369196
0.40817
0.465253
0.517457
0.202639
0.201972
0.515733
0.462857
0.406058
0.36648
0.342831
0.330408
0.324282
0.320617
0.319388
0.319578
0.320638
0.323595
0.330169
0.343326
0.368221
0.40721
0.464459
0.516958
0.202368
0.201549
0.515136
0.462204
0.405363
0.365898
0.342197
0.3301
0.325025
0.32273
0.321761
0.321957
0.322634
0.324266
0.330377
0.343071
0.367493
0.406199
0.463051
0.516318
0.201901
0.201493
0.514862
0.461472
0.404896
0.365606
0.342426
0.330551
0.325572
0.323082
0.321504
0.321862
0.32216
0.324733
0.330667
0.342831
0.36673
0.405369
0.462201
0.515632
0.201531
0.2012
0.5145
0.460864
0.404709
0.365747
0.343619
0.332406
0.326904
0.324273
0.322431
0.322937
0.322877
0.325429
0.332174
0.343015
0.366263
0.404463
0.460995
0.51495
0.201095
0.200903
0.5142
0.460687
0.404352
0.365415
0.343801
0.333073
0.328233
0.325938
0.324849
0.324384
0.325049
0.32725
0.332257
0.34299
0.365686
0.403596
0.459829
0.513757
0.200489
0.200699
0.513731
0.460119
0.403426
0.365311
0.344308
0.334082
0.329466
0.32729
0.326051
0.325409
0.32511
0.326969
0.331965
0.342922
0.365235
0.402687
0.458654
0.512965
0.200146
0.200325
0.512956
0.458454
0.40261
0.365322
0.344242
0.334358
0.330413
0.328561
0.327485
0.326688
0.326122
0.327759
0.332599
0.343743
0.364891
0.40162
0.457406
0.512287
0.199696
0.199963
0.512208
0.457236
0.401983
0.365015
0.344715
0.335654
0.331681
0.329857
0.329042
0.328854
0.328858
0.330172
0.333514
0.343261
0.364246
0.400425
0.455636
0.511266
0.199247
0.199733
0.511657
0.456429
0.401563
0.365503
0.346089
0.336467
0.33261
0.330949
0.330324
0.330174
0.330311
0.331046
0.334302
0.34353
0.363777
0.39931
0.454414
0.510537
0.198826
0.199353
0.511167
0.455478
0.400848
0.365462
0.346872
0.337773
0.333753
0.332214
0.33183
0.331748
0.331747
0.332629
0.336216
0.344866
0.363438
0.398412
0.45324
0.509691
0.198483
0.199074
0.510556
0.454451
0.400227
0.365411
0.347487
0.338906
0.335003
0.333553
0.333267
0.333282
0.333415
0.334056
0.337272
0.345245
0.363074
0.397715
0.452246
0.509306
0.198436
0.198506
0.509663
0.453274
0.399353
0.365138
0.348336
0.3403
0.336598
0.335217
0.334896
0.334821
0.335011
0.335835
0.338767
0.346378
0.363348
0.397287
0.451483
0.509136
0.19827
0.19786
0.508738
0.451838
0.398403
0.364523
0.348702
0.341169
0.337976
0.336768
0.336387
0.33627
0.33639
0.337207
0.339962
0.347319
0.363976
0.396798
0.450354
0.509332
0.19835
0.197545
0.508196
0.450717
0.397416
0.364265
0.349206
0.34213
0.339151
0.338112
0.337825
0.337793
0.337978
0.338795
0.341368
0.347962
0.363755
0.396237
0.449661
0.509002
0.197948
0.196853
0.507077
0.449112
0.396319
0.363634
0.34949
0.343032
0.3404
0.339515
0.339264
0.339205
0.339343
0.340063
0.342283
0.348182
0.363289
0.395696
0.448782
0.508269
0.197612
0.196523
0.506389
0.447878
0.3955
0.363375
0.349716
0.343951
0.341692
0.340926
0.340688
0.340606
0.340652
0.341154
0.342966
0.347825
0.363385
0.394883
0.447516
0.507106
0.197065
0.195915
0.505383
0.446563
0.394437
0.363071
0.34929
0.34472
0.343024
0.342419
0.342176
0.34203
0.341934
0.342118
0.343253
0.346843
0.362334
0.393863
0.446326
0.50615
0.196558
0.195438
0.504462
0.445336
0.393353
0.36128
0.347914
0.34494
0.343924
0.343591
0.343435
0.343246
0.342984
0.342805
0.34312
0.346401
0.361898
0.392778
0.444959
0.505112
0.196059
0.195049
0.503553
0.443659
0.391988
0.360789
0.348068
0.344742
0.344591
0.34462
0.344604
0.344394
0.343946
0.343285
0.342132
0.345948
0.360409
0.39136
0.443394
0.503982
0.195509
0.194733
0.502957
0.442083
0.390493
0.360402
0.345601
0.34337
0.344844
0.345443
0.345615
0.345403
0.344817
0.343932
0.343221
0.345992
0.359648
0.389961
0.441669
0.503043
0.19498
0.194155
0.501845
0.440145
0.38846
0.358003
0.344757
0.344684
0.345214
0.346158
0.346514
0.346305
0.345499
0.343978
0.341691
0.345078
0.35863
0.388098
0.439444
0.501644
0.194266
0.193713
0.500985
0.437887
0.386273
0.355604
0.343386
0.342595
0.34431
0.34657
0.347312
0.347156
0.346174
0.344206
0.342374
0.343346
0.356361
0.386185
0.437413
0.500552
0.193668
0.192993
0.499668
0.43539
0.38391
0.354462
0.34202
0.340429
0.344526
0.347153
0.348096
0.347963
0.346705
0.343347
0.341007
0.342573
0.355074
0.384397
0.435183
0.499001
0.192919
0.192163
0.49821
0.432399
0.381104
0.354545
0.341756
0.339891
0.343198
0.347392
0.348826
0.348855
0.34778
0.345554
0.341223
0.34192
0.352258
0.382111
0.432771
0.497698
0.192227
0.191099
0.496367
0.428904
0.37745
0.350974
0.341882
0.339643
0.344592
0.348195
0.34967
0.349707
0.348489
0.345917
0.341667
0.341855
0.351585
0.380225
0.430341
0.496479
0.191609
0.189898
0.494344
0.425104
0.373971
0.348461
0.339345
0.338714
0.343124
0.348391
0.350395
0.350561
0.349283
0.346658
0.343167
0.341662
0.350984
0.377558
0.427238
0.494732
0.190515
0.188308
0.491938
0.420746
0.370101
0.346211
0.337334
0.338748
0.343682
0.349274
0.351354
0.35151
0.350071
0.346999
0.342514
0.341267
0.350973
0.374621
0.423706
0.492751
0.189307
0.186315
0.488721
0.415894
0.365925
0.344328
0.337557
0.339159
0.344218
0.349865
0.352173
0.352397
0.350839
0.347341
0.341302
0.340533
0.347585
0.37103
0.419777
0.490444
0.18784
0.184099
0.48548
0.410675
0.361454
0.341758
0.335288
0.339381
0.346259
0.350827
0.352991
0.35318
0.351444
0.347488
0.340783
0.33794
0.344979
0.367344
0.415096
0.487531
0.185866
0.181135
0.481139
0.404866
0.35686
0.338329
0.334668
0.340875
0.346035
0.3505
0.353015
0.353476
0.351655
0.347013
0.340655
0.337154
0.34259
0.363362
0.409616
0.483822
0.183267
0.177819
0.47618
0.39863
0.352817
0.336383
0.334034
0.339942
0.344911
0.349114
0.351913
0.353005
0.35134
0.347416
0.340443
0.336293
0.339192
0.358521
0.403144
0.478817
0.179838
0.173932
0.470203
0.391891
0.348704
0.334355
0.334661
0.338789
0.346325
0.350672
0.351656
0.351649
0.349711
0.345734
0.340333
0.336188
0.338058
0.35423
0.396441
0.473281
0.176088
0.169653
0.463367
0.384712
0.344572
0.331826
0.332794
0.338197
0.344224
0.3489
0.352764
0.353438
0.351659
0.34751
0.341146
0.337207
0.338062
0.349363
0.388644
0.466096
0.171244
0.164873
0.455442
0.377271
0.341422
0.332863
0.333426
0.339086
0.345042
0.349174
0.351385
0.351541
0.349606
0.345598
0.339897
0.334135
0.332767
0.343877
0.380316
0.458117
0.166057
0.159477
0.446105
0.368778
0.337192
0.331626
0.335803
0.34213
0.346392
0.350105
0.352323
0.352391
0.350464
0.346516
0.340735
0.334385
0.330186
0.338986
0.370822
0.44759
0.159706
0.154098
0.436019
0.360444
0.333078
0.330283
0.336264
0.343551
0.349592
0.353212
0.353746
0.353426
0.351509
0.347986
0.34368
0.335463
0.329955
0.334506
0.361476
0.436494
0.153722
0.148663
0.424869
0.352157
0.329064
0.32916
0.337701
0.345189
0.351005
0.354762
0.356723
0.356767
0.354988
0.351337
0.345559
0.338311
0.330794
0.330217
0.352172
0.424187
0.147635
0.14398
0.413992
0.345717
0.327569
0.330346
0.339807
0.347442
0.352797
0.356383
0.357802
0.357652
0.355927
0.352556
0.347328
0.339823
0.330636
0.327737
0.344569
0.412046
0.142493
0.139773
0.402678
0.3401
0.326792
0.332822
0.341988
0.349013
0.353292
0.356594
0.358775
0.359024
0.357139
0.354094
0.34962
0.343072
0.333785
0.327222
0.338646
0.400453
0.138665
0.137233
0.392029
0.336433
0.327573
0.334971
0.343975
0.350591
0.354102
0.356871
0.358586
0.359384
0.358977
0.356461
0.352002
0.345297
0.335845
0.327732
0.335054
0.389547
0.137028
0.136651
0.381453
0.333945
0.330407
0.338508
0.346554
0.352169
0.355164
0.357617
0.359114
0.359768
0.359617
0.357521
0.35366
0.347956
0.339682
0.33077
0.334274
0.379967
0.13686
0.136514
0.371927
0.333134
0.332541
0.34117
0.348781
0.35412
0.35756
0.359811
0.360924
0.360617
0.360155
0.358502
0.355211
0.349779
0.341874
0.333103
0.333678
0.371047
0.136863
0.137279
0.363966
0.332188
0.33483
0.343761
0.350973
0.355601
0.35806
0.360048
0.361251
0.36178
0.361031
0.359342
0.356466
0.351775
0.344766
0.335934
0.333533
0.363953
0.138024
0.140893
0.356545
0.332719
0.337992
0.346655
0.353069
0.357306
0.359803
0.360914
0.361741
0.361802
0.361052
0.359423
0.357462
0.353512
0.34728
0.3387
0.333164
0.357866
0.142667
0.144974
0.349495
0.333323
0.340933
0.349405
0.355143
0.358734
0.36093
0.362095
0.362353
0.362286
0.361653
0.360789
0.358767
0.355438
0.350039
0.342084
0.335134
0.351234
0.146354
0.150936
0.343703
0.335616
0.344721
0.352493
0.357302
0.360144
0.361824
0.362754
0.362932
0.36292
0.362732
0.36181
0.360254
0.357512
0.352753
0.344981
0.336015
0.344166
0.151601
0.157913
0.337635
0.338111
0.348628
0.355762
0.359675
0.361738
0.36283
0.363525
0.363876
0.363882
0.363511
0.362878
0.361797
0.35975
0.355865
0.348784
0.338358
0.337967
0.158425
0.166973
0.334078
0.341938
0.353093
0.359213
0.362182
0.363553
0.364122
0.364282
0.364202
0.364211
0.364308
0.364173
0.363594
0.362224
0.359272
0.35319
0.342135
0.334097
0.167118
0.178355
0.332676
0.347467
0.358268
0.363063
0.364927
0.365525
0.365611
0.365535
0.365484
0.365482
0.365517
0.365577
0.365467
0.364861
0.362997
0.358186
0.3474
0.332594
0.178304
0.191572
0.333197
0.354356
0.363855
0.366998
0.367693
0.367549
0.367197
0.366882
0.366705
0.366703
0.366873
0.367182
0.367533
0.36768
0.366995
0.363861
0.354376
0.333212
0.191415
0.2079
0.339602
0.363111
0.369828
0.370881
0.370288
0.369365
0.368556
0.367991
0.367704
0.367701
0.367983
0.36854
0.369345
0.370256
0.370852
0.369812
0.363106
0.339504
0.207816
0.225787
0.349094
0.372946
0.375781
0.374445
0.372525
0.370889
0.369694
0.368928
0.368554
0.368551
0.36892
0.369679
0.370872
0.372508
0.374443
0.375811
0.373022
0.349236
0.225792
0.24638
0.364771
0.384036
0.381456
0.377448
0.374251
0.372023
0.370568
0.369691
0.369279
0.369278
0.369686
0.370558
0.372011
0.37424
0.37745
0.381489
0.384099
0.364738
0.246345
0.26818
0.385216
0.395394
0.386151
0.379364
0.375281
0.372775
0.371253
0.370381
0.369984
0.369983
0.370378
0.371246
0.372764
0.375269
0.379356
0.386161
0.395448
0.385224
0.268243
0.291341
0.410915
0.404991
0.388402
0.380069
0.375707
0.373272
0.37187
0.371108
0.370777
0.370776
0.371108
0.371868
0.373264
0.375701
0.380064
0.388414
0.405036
0.411035
0.291429
0.314419
0.434822
0.409149
0.388881
0.380063
0.375778
0.373607
0.372493
0.371944
0.371723
0.371724
0.371947
0.372498
0.373607
0.375779
0.380059
0.388891
0.409172
0.434839
0.314381
0.337899
0.444972
0.406949
0.385666
0.378079
0.375049
0.373764
0.373195
0.372955
0.372871
0.372872
0.372961
0.373202
0.373771
0.375052
0.378078
0.385655
0.406935
0.444954
0.338124
0.364446
0.421611
0.386487
0.3775
0.375374
0.374624
0.374347
0.374271
0.374255
0.374252
0.374252
0.374255
0.374272
0.374346
0.374625
0.375374
0.377504
0.386496
0.421638
0.364386
)
;

boundaryField
{
    fixedWalls_1
    {
        type            kqRWallFunction;
        value           nonuniform List<scalar> 
200
(
0.205328
0.205096
0.205375
0.205699
0.206086
0.205274
0.205034
0.204626
0.20461
0.204709
0.204628
0.20404
0.20417
0.204218
0.204558
0.204359
0.205275
0.205114
0.206483
0.206294
0.20601
0.205232
0.20533
0.20536
0.205687
0.206306
0.206323
0.205797
0.20607
0.205909
0.205456
0.2055
0.205472
0.205273
0.204678
0.204699
0.204439
0.204218
0.204096
0.203679
0.20328
0.202432
0.201894
0.201688
0.201445
0.201284
0.200933
0.200566
0.199809
0.199177
0.198689
0.198235
0.197794
0.197553
0.197098
0.196776
0.196162
0.195764
0.195325
0.194812
0.194384
0.193819
0.193143
0.19253
0.191592
0.190714
0.189764
0.188516
0.187009
0.185318
0.183212
0.18088
0.177966
0.174528
0.17056
0.166015
0.161114
0.155709
0.150639
0.145893
0.141862
0.139095
0.138518
0.138295
0.138892
0.142414
0.146324
0.151326
0.158352
0.167154
0.178132
0.191698
0.20757
0.225866
0.246318
0.268128
0.291467
0.314277
0.338038
0.364405
0.205691
0.205303
0.205445
0.205321
0.204937
0.204353
0.204043
0.20398
0.204343
0.204092
0.20483
0.204901
0.205479
0.20578
0.205618
0.205236
0.205748
0.205896
0.205971
0.206191
0.205835
0.205933
0.205567
0.205844
0.20551
0.205765
0.205711
0.20593
0.205442
0.205417
0.205201
0.204977
0.204679
0.204058
0.203801
0.203227
0.202726
0.202384
0.202455
0.202394
0.202254
0.201707
0.201652
0.201225
0.200845
0.200616
0.200153
0.19997
0.199527
0.199267
0.199196
0.19885
0.198518
0.198237
0.197727
0.197214
0.19697
0.196356
0.195819
0.195262
0.194826
0.194015
0.193442
0.192467
0.191599
0.190344
0.189524
0.188204
0.187015
0.185277
0.183727
0.181393
0.178529
0.175011
0.170786
0.165826
0.160594
0.154715
0.149563
0.144693
0.141104
0.139453
0.138844
0.138808
0.139373
0.142719
0.146194
0.151543
0.158338
0.167011
0.178263
0.191422
0.207855
0.225702
0.24631
0.268225
0.291264
0.314459
0.33793
0.364441
)
;
    }
    frontAndBack_1
    {
        type            empty;
    }
    inlet_1
    {
        type            fixedValue;
        value           uniform 0.375;
    }
    outlet_1
    {
        type            zeroGradient;
    }
    fixedWalls_2
    {
        type            kqRWallFunction;
        value           nonuniform List<scalar> 
200
(
0.573247
0.57123
0.570331
0.564201
0.568485
0.567383
0.562975
0.566752
0.571375
0.571354
0.571311
0.569059
0.564953
0.568033
0.565523
0.563742
0.559095
0.557828
0.555984
0.557222
0.553489
0.555487
0.558476
0.554578
0.560823
0.559414
0.558633
0.552896
0.553177
0.550974
0.551243
0.548894
0.546355
0.542692
0.544197
0.543015
0.53893
0.538706
0.536082
0.536795
0.534784
0.535051
0.535079
0.533446
0.528408
0.525606
0.522951
0.520389
0.518173
0.516051
0.514717
0.513428
0.512866
0.511121
0.509829
0.507612
0.505071
0.503208
0.499721
0.496472
0.491584
0.487169
0.483441
0.478856
0.476091
0.47135
0.468446
0.463572
0.45959
0.451555
0.440082
0.425986
0.409366
0.391671
0.373367
0.352981
0.335042
0.315443
0.297614
0.277139
0.258694
0.240786
0.228359
0.224092
0.225044
0.230141
0.238873
0.245875
0.253466
0.262557
0.272788
0.282948
0.294836
0.306905
0.318488
0.331164
0.341636
0.351821
0.360528
0.367997
0.559515
0.557526
0.556873
0.554639
0.559012
0.559061
0.55819
0.557927
0.557525
0.557248
0.556881
0.560294
0.558864
0.557162
0.55215
0.554804
0.557103
0.554469
0.560648
0.559823
0.558983
0.553795
0.556506
0.558797
0.557977
0.553994
0.559228
0.558769
0.5586
0.558995
0.558822
0.558419
0.556825
0.555872
0.550497
0.551448
0.549876
0.548738
0.547882
0.546472
0.541236
0.540084
0.537705
0.534724
0.531604
0.528863
0.526029
0.523437
0.520454
0.517229
0.514553
0.511492
0.508923
0.505162
0.500327
0.495418
0.490018
0.485212
0.479243
0.474605
0.46997
0.465426
0.462373
0.458309
0.455142
0.451544
0.447652
0.441867
0.434578
0.427515
0.416441
0.404116
0.388909
0.371892
0.356082
0.340001
0.323587
0.307708
0.289707
0.27179
0.253445
0.238288
0.229131
0.227765
0.228269
0.232034
0.239049
0.246205
0.253624
0.263605
0.273139
0.282481
0.295479
0.305703
0.319032
0.330741
0.341459
0.351868
0.360272
0.368143
)
;
    }
    frontAndBack_2
    {
        type            empty;
    }
    inlet_2
    {
        type            fixedValue;
        value           uniform 0.375;
    }
    outlet_2
    {
        type            zeroGradient;
    }
    fixedWalls_3
    {
        type            kqRWallFunction;
        value           nonuniform List<scalar> 
200
(
1.00267
1.00051
0.999253
0.991746
0.999611
0.997564
0.995343
0.989453
0.991799
0.995969
0.9947
0.987874
0.995742
0.994381
0.991443
0.989818
0.982708
0.98627
0.980436
0.98557
0.977079
0.981149
0.978496
0.973756
0.970499
0.975678
0.971435
0.977093
0.974534
0.973327
0.971592
0.965108
0.971195
0.968828
0.967087
0.962138
0.962504
0.96053
0.954106
0.952614
0.950253
0.948215
0.945156
0.941854
0.936982
0.931699
0.92694
0.924198
0.921467
0.916316
0.913131
0.907642
0.902981
0.897131
0.890835
0.884358
0.876662
0.871382
0.868352
0.864421
0.858398
0.850937
0.840042
0.827637
0.813581
0.797999
0.781472
0.764852
0.7469
0.730372
0.71168
0.692758
0.669277
0.648842
0.628191
0.604539
0.580786
0.547832
0.520165
0.485913
0.451044
0.419021
0.382832
0.348648
0.318378
0.310413
0.306301
0.295597
0.296056
0.306082
0.314106
0.321147
0.32854
0.337467
0.343457
0.352225
0.356707
0.362797
0.365931
0.369953
0.956208
0.947182
0.95147
0.954922
0.949475
0.957176
0.94906
0.959136
0.968297
0.96939
0.968044
0.967571
0.965225
0.96357
0.956366
0.961964
0.96721
0.965807
0.958106
0.961707
0.96119
0.960244
0.959854
0.964261
0.963231
0.962195
0.955515
0.955569
0.953475
0.950133
0.948349
0.944819
0.942573
0.941725
0.94314
0.938584
0.939315
0.93745
0.934375
0.928599
0.923605
0.921209
0.918155
0.91595
0.913079
0.909092
0.90675
0.902668
0.900322
0.897245
0.895653
0.893536
0.892237
0.888628
0.886575
0.883047
0.879698
0.875753
0.871124
0.867831
0.862408
0.856573
0.851363
0.844571
0.840451
0.829545
0.818805
0.805592
0.787625
0.767804
0.753198
0.730022
0.706302
0.682299
0.655858
0.629469
0.595899
0.541334
0.497771
0.448131
0.409916
0.371325
0.335952
0.309502
0.293135
0.290028
0.288914
0.292709
0.298621
0.304593
0.314184
0.320971
0.328339
0.337425
0.343158
0.351916
0.356822
0.362442
0.36616
0.369874
)
;
    }
    frontAndBack_3
    {
        type            empty;
    }
    inlet_3
    {
        type            fixedValue;
        value           uniform 0.375;
    }
    outlet_3
    {
        type            zeroGradient;
    }
    fixedWalls_4
    {
        type            kqRWallFunction;
        value           nonuniform List<scalar> 
200
(
0.562533
0.560656
0.557683
0.564078
0.55829
0.563969
0.563707
0.562318
0.559244
0.564489
0.559194
0.564402
0.569206
0.569122
0.567578
0.56292
0.564435
0.562874
0.562606
0.562778
0.564212
0.560059
0.564248
0.559634
0.562998
0.559563
0.564919
0.56349
0.562453
0.56051
0.55952
0.557249
0.553839
0.553685
0.553178
0.550212
0.553022
0.55137
0.547047
0.545444
0.542855
0.54082
0.537681
0.535022
0.532009
0.528725
0.526559
0.523952
0.520966
0.519006
0.516817
0.514791
0.511993
0.50886
0.505075
0.502568
0.49815
0.494083
0.490102
0.485538
0.481584
0.477809
0.474584
0.470179
0.465746
0.460181
0.454888
0.44849
0.441285
0.431941
0.419089
0.40785
0.396273
0.384014
0.370739
0.353741
0.338936
0.320289
0.303131
0.286621
0.27176
0.259463
0.249279
0.240397
0.232665
0.231839
0.236601
0.245122
0.253715
0.262701
0.273477
0.28276
0.295388
0.305857
0.31959
0.330287
0.342217
0.351444
0.360656
0.367967
0.558588
0.555406
0.563713
0.565026
0.561482
0.567972
0.567684
0.567786
0.568952
0.569702
0.569691
0.568461
0.566953
0.562553
0.563627
0.562958
0.559201
0.559269
0.555586
0.555905
0.554958
0.553284
0.550902
0.546257
0.546119
0.542401
0.541467
0.541182
0.542239
0.535581
0.536539
0.536141
0.537798
0.533037
0.539976
0.543888
0.542165
0.541533
0.536628
0.536911
0.536245
0.536619
0.534614
0.53069
0.52762
0.526527
0.523977
0.520922
0.518419
0.516125
0.512685
0.510001
0.507226
0.503296
0.497752
0.492028
0.487415
0.481757
0.476206
0.471192
0.46816
0.465834
0.462536
0.459996
0.456087
0.45306
0.448042
0.444119
0.437781
0.4315
0.423186
0.415317
0.40548
0.393283
0.37802
0.360313
0.33953
0.315162
0.291593
0.267959
0.24974
0.239344
0.232136
0.227761
0.228685
0.232898
0.238514
0.244684
0.255055
0.26216
0.273398
0.282301
0.295727
0.30608
0.318995
0.330879
0.341741
0.351754
0.360587
0.367979
)
;
    }
    frontAndBack_4
    {
        type            empty;
    }
    inlet_4
    {
        type            fixedValue;
        value           uniform 0.375;
    }
    outlet_4
    {
        type            zeroGradient;
    }
    fixedWalls_5
    {
        type            kqRWallFunction;
        value           nonuniform List<scalar> 
200
(
0.206918
0.206876
0.207212
0.207785
0.207743
0.207488
0.207367
0.207409
0.207411
0.206835
0.206765
0.206707
0.206826
0.207018
0.207146
0.207192
0.206967
0.206531
0.206258
0.206085
0.205908
0.20581
0.205856
0.206086
0.206122
0.205999
0.206067
0.206051
0.205954
0.205404
0.205519
0.205332
0.20476
0.204693
0.204563
0.204435
0.204257
0.204002
0.203778
0.203264
0.202782
0.202261
0.201972
0.201549
0.201493
0.2012
0.200903
0.200699
0.200325
0.199963
0.199733
0.199353
0.199074
0.198506
0.19786
0.197545
0.196853
0.196523
0.195915
0.195438
0.195049
0.194733
0.194155
0.193713
0.192993
0.192163
0.191099
0.189898
0.188308
0.186315
0.184099
0.181135
0.177819
0.173932
0.169653
0.164873
0.159477
0.154098
0.148663
0.14398
0.139773
0.137233
0.136651
0.136514
0.137279
0.140893
0.144974
0.150936
0.157913
0.166973
0.178355
0.191572
0.2079
0.225787
0.24638
0.26818
0.291341
0.314419
0.337899
0.364446
0.206367
0.206222
0.206201
0.206095
0.206194
0.206153
0.206087
0.20559
0.206061
0.205993
0.205904
0.206007
0.205966
0.205746
0.205569
0.205329
0.205246
0.205779
0.205272
0.205324
0.205606
0.205409
0.206044
0.206225
0.206208
0.206058
0.205801
0.205949
0.205856
0.205691
0.205188
0.2048
0.204442
0.204158
0.203853
0.203789
0.203601
0.203209
0.203168
0.202845
0.203028
0.202639
0.202368
0.201901
0.201531
0.201095
0.200489
0.200146
0.199696
0.199247
0.198826
0.198483
0.198436
0.19827
0.19835
0.197948
0.197612
0.197065
0.196558
0.196059
0.195509
0.19498
0.194266
0.193668
0.192919
0.192227
0.191609
0.190515
0.189307
0.18784
0.185866
0.183267
0.179838
0.176088
0.171244
0.166057
0.159706
0.153722
0.147635
0.142493
0.138665
0.137028
0.13686
0.136863
0.138024
0.142667
0.146354
0.151601
0.158425
0.167118
0.178304
0.191415
0.207816
0.225792
0.246345
0.268243
0.291429
0.314381
0.338124
0.364386
)
;
    }
    frontAndBack_5
    {
        type            empty;
    }
    inlet_5
    {
        type            fixedValue;
        value           uniform 0.375;
    }
    outlet_5
    {
        type            zeroGradient;
    }
}


// ************************************************************************* //
