/*--------------------------------*- C++ -*----------------------------------*\
  =========                 |
  \\      /  F ield         | OpenFOAM: The Open Source CFD Toolbox
   \\    /   O peration     | Website:  https://openfoam.org
    \\  /    A nd           | Version:  6
     \\/     M anipulation  |
\*---------------------------------------------------------------------------*/
FoamFile
{
    version     2.0;
    format      ascii;
    class       volScalarField;
    location    "20";
    object      p;
}
// * * * * * * * * * * * * * * * * * * * * * * * * * * * * * * * * * * * * * //

dimensions      [0 2 -2 0 0 0 0];

internalField   nonuniform List<scalar> 
10000
(
0.0127581
0.00989549
0.00905934
0.0102695
0.0100733
0.00970081
0.00975773
0.0102176
0.0108822
0.0112362
0.0111939
0.0104297
0.00864772
0.00587257
0.00206468
-0.00191958
-0.00557355
-0.0085332
-0.00516352
0.00246187
0.0186698
0.0158567
0.0218095
0.0344225
0.0448035
0.0509477
0.0538177
0.0553001
0.0563597
0.0569008
0.0571523
0.0564251
0.055425
0.0532374
0.049547
0.0429815
0.0328025
0.0219384
0.0173565
0.0192395
0.0633404
0.058714
0.0593626
0.0669986
0.0774667
0.0876508
0.0957075
0.101214
0.104565
0.106283
0.106748
0.106053
0.104163
0.101511
0.0984763
0.0953692
0.0924751
0.0904052
0.0882744
0.0856117
0.128456
0.128635
0.129125
0.133119
0.139586
0.146191
0.151782
0.155962
0.158718
0.160371
0.161118
0.161265
0.161017
0.160542
0.159808
0.159074
0.157841
0.155928
0.153647
0.151133
0.212392
0.217917
0.218961
0.217098
0.215611
0.214938
0.215374
0.216313
0.217419
0.218312
0.219059
0.219932
0.220937
0.22269
0.224954
0.227761
0.23064
0.232281
0.230574
0.226215
0.278396
0.282614
0.28441
0.282405
0.27915
0.27617
0.274409
0.273745
0.273861
0.274349
0.274969
0.275845
0.277332
0.27975
0.283188
0.287447
0.29139
0.293516
0.292279
0.289286
0.325254
0.323617
0.323384
0.322752
0.32209
0.322314
0.323136
0.324312
0.325574
0.326767
0.327976
0.329341
0.330811
0.33241
0.333843
0.334921
0.335469
0.335125
0.334793
0.33639
0.373935
0.370999
0.370634
0.371471
0.37242
0.374049
0.375803
0.377487
0.378814
0.379945
0.38067
0.381127
0.38139
0.381075
0.380038
0.378331
0.376496
0.375005
0.374961
0.377589
0.435406
0.435345
0.436289
0.437334
0.437579
0.436967
0.436158
0.435607
0.43536
0.435158
0.434827
0.434102
0.43254
0.429974
0.426421
0.421949
0.417569
0.414857
0.415845
0.419742
0.502251
0.504472
0.505301
0.504292
0.5023
0.499381
0.496622
0.494541
0.493208
0.4924
0.49184
0.490966
0.48973
0.487817
0.485393
0.482725
0.48004
0.478698
0.479502
0.480771
0.557217
0.556567
0.556231
0.555946
0.555211
0.553925
0.552379
0.551022
0.550022
0.549436
0.549132
0.549277
0.549673
0.550916
0.552912
0.555621
0.558652
0.561156
0.560457
0.555669
0.608101
0.606678
0.605637
0.605574
0.606041
0.606322
0.606076
0.605664
0.605206
0.604975
0.604857
0.605126
0.605954
0.607518
0.60993
0.613191
0.616694
0.619393
0.61945
0.616872
0.655839
0.65366
0.652057
0.652592
0.654637
0.656847
0.65846
0.659332
0.659722
0.659848
0.66006
0.660393
0.660771
0.661281
0.661917
0.662517
0.663144
0.663758
0.664601
0.666524
0.706965
0.70744
0.708404
0.7103
0.712437
0.714017
0.714882
0.715264
0.715391
0.715512
0.715696
0.715855
0.716219
0.716364
0.716357
0.716026
0.715562
0.715368
0.715382
0.716411
0.760781
0.765391
0.76848
0.769048
0.768784
0.76845
0.768458
0.768621
0.76889
0.769115
0.76943
0.769799
0.770088
0.770215
0.769891
0.768687
0.767032
0.765631
0.765265
0.766293
0.809765
0.808966
0.808806
0.810222
0.812688
0.815618
0.818175
0.819958
0.821048
0.82178
0.82225
0.822476
0.822793
0.822965
0.823044
0.822856
0.822308
0.821455
0.820596
0.820292
0.870831
0.871001
0.869816
0.868324
0.868422
0.869829
0.871536
0.872972
0.873904
0.874304
0.874245
0.873895
0.87305
0.872136
0.871338
0.871119
0.871767
0.872258
0.871472
0.86951
0.930252
0.930162
0.929412
0.927558
0.926205
0.926066
0.926802
0.927886
0.928806
0.929257
0.929218
0.928448
0.927007
0.924347
0.920481
0.915996
0.911618
0.908718
0.909752
0.91338
0.994783
0.994633
0.994515
0.992895
0.990566
0.988683
0.987636
0.98738
0.987575
0.987816
0.988024
0.988066
0.987757
0.987044
0.98587
0.984164
0.982501
0.981805
0.982113
0.982166
1.06481
1.06491
1.06453
1.06232
1.05858
1.05461
1.05142
1.04947
1.04846
1.04815
1.04807
1.04833
1.04928
1.05126
1.05476
1.05961
1.06479
1.06837
1.06707
1.0612
1.12547
1.12539
1.12484
1.12288
1.11942
1.11534
1.11173
1.10901
1.10734
1.10645
1.10621
1.10659
1.10743
1.10936
1.11245
1.11655
1.12103
1.12393
1.12364
1.12152
1.16883
1.1671
1.16698
1.1676
1.16763
1.16672
1.16537
1.16383
1.16266
1.16205
1.16206
1.16241
1.16333
1.16418
1.16468
1.16453
1.16368
1.16257
1.16298
1.1665
1.20828
1.20602
1.20624
1.20886
1.21188
1.2138
1.21461
1.2146
1.21436
1.21417
1.21432
1.21484
1.21558
1.21628
1.21659
1.21598
1.21446
1.21262
1.21189
1.21351
1.25584
1.25565
1.25512
1.25601
1.25831
1.26069
1.26274
1.26416
1.26495
1.26537
1.26546
1.26525
1.26473
1.26369
1.26249
1.26152
1.26082
1.26056
1.26034
1.25969
1.30692
1.30609
1.30464
1.30604
1.3093
1.31266
1.31551
1.31732
1.31822
1.31839
1.31822
1.31761
1.31623
1.31395
1.31073
1.30684
1.30325
1.30135
1.3022
1.30405
1.36644
1.36867
1.36978
1.37043
1.3714
1.37258
1.3737
1.37441
1.3747
1.37451
1.37393
1.37281
1.37138
1.3694
1.36702
1.36442
1.36176
1.35972
1.3596
1.36046
1.43086
1.43462
1.43687
1.43556
1.43343
1.4321
1.43157
1.43153
1.43178
1.43183
1.43169
1.43133
1.4307
1.43017
1.42988
1.43009
1.4306
1.43053
1.43022
1.42916
1.49293
1.49606
1.49779
1.49643
1.49378
1.49132
1.48978
1.48921
1.48927
1.48965
1.49015
1.49075
1.49192
1.49375
1.49646
1.49994
1.50334
1.50549
1.50544
1.50292
1.54608
1.54454
1.54482
1.54559
1.54569
1.54552
1.54528
1.54518
1.54542
1.54596
1.54682
1.54813
1.54997
1.55285
1.55673
1.56131
1.5657
1.56854
1.56858
1.56606
1.60136
1.59953
1.59945
1.59989
1.60013
1.60048
1.60074
1.601
1.60132
1.60185
1.60265
1.60369
1.6052
1.60679
1.60836
1.60969
1.61041
1.61042
1.61082
1.61232
1.65828
1.65625
1.65529
1.65568
1.65613
1.6565
1.65662
1.65664
1.65658
1.65648
1.65647
1.6566
1.65664
1.65637
1.65552
1.65377
1.65176
1.65037
1.65082
1.65326
1.71802
1.71856
1.71889
1.7192
1.71868
1.71733
1.71546
1.71364
1.71215
1.71104
1.70996
1.70874
1.70711
1.70462
1.70116
1.69669
1.69203
1.68923
1.69032
1.69339
1.76763
1.77065
1.77217
1.77141
1.7697
1.768
1.76669
1.76573
1.7651
1.76469
1.76437
1.76388
1.76273
1.76094
1.75843
1.75533
1.75212
1.75007
1.74985
1.74958
1.80698
1.80254
1.80041
1.80194
1.80534
1.80965
1.81356
1.81645
1.81815
1.81935
1.8201
1.82076
1.82138
1.82217
1.82332
1.82497
1.82678
1.82785
1.82541
1.81932
1.86972
1.86835
1.8668
1.86689
1.86864
1.87094
1.87308
1.87464
1.87562
1.87613
1.87648
1.8769
1.87735
1.87822
1.87943
1.88103
1.8827
1.88357
1.88225
1.87913
1.94409
1.94956
1.95151
1.9493
1.94562
1.9414
1.93813
1.93597
1.93483
1.93408
1.93363
1.93313
1.93288
1.9326
1.93232
1.93204
1.93158
1.931
1.93108
1.93218
2.00206
2.00509
2.00661
2.00516
2.00197
1.99806
1.99464
1.99211
1.99054
1.98956
1.98905
1.98881
1.98876
1.9888
1.98887
1.98896
1.98904
1.98894
1.98847
1.98792
2.04528
2.04369
2.0437
2.045
2.04608
2.04654
2.04604
2.04511
2.04409
2.04348
2.04301
2.04278
2.04266
2.0425
2.04231
2.04208
2.04171
2.04117
2.04046
2.03974
2.08859
2.08782
2.08825
2.09039
2.0931
2.09565
2.09722
2.09796
2.09802
2.09791
2.09775
2.09771
2.09747
2.09709
2.09632
2.09513
2.09371
2.0924
2.0916
2.09107
2.13872
2.13808
2.13765
2.13959
2.14288
2.14654
2.14959
2.15188
2.15323
2.15411
2.15463
2.15516
2.15559
2.15585
2.15556
2.15459
2.15307
2.15169
2.15088
2.15027
2.20535
2.20773
2.2085
2.20907
2.20957
2.21001
2.2104
2.21086
2.21136
2.21194
2.21265
2.21378
2.21522
2.2172
2.21931
2.22132
2.22279
2.22323
2.2218
2.21907
2.27455
2.2808
2.28344
2.2813
2.27721
2.27321
2.27038
2.26877
2.26795
2.2678
2.26783
2.26838
2.26935
2.2711
2.27383
2.27758
2.28162
2.2841
2.28237
2.27757
2.32679
2.32709
2.32808
2.32839
2.32749
2.32606
2.32451
2.323
2.32175
2.32081
2.32009
2.31934
2.31818
2.31642
2.31389
2.31108
2.30839
2.30637
2.3068
2.30995
2.37483
2.37452
2.37545
2.37664
2.37751
2.37778
2.37733
2.37645
2.37543
2.37445
2.37348
2.37227
2.37052
2.36762
2.36303
2.35685
2.35007
2.34523
2.34567
2.35041
2.41976
2.41803
2.41776
2.41996
2.42295
2.42581
2.42782
2.42909
2.42965
2.42983
2.42972
2.42942
2.42865
2.42768
2.42627
2.42439
2.42238
2.42118
2.42007
2.41764
2.47674
2.47623
2.47578
2.47765
2.48053
2.48332
2.48532
2.48673
2.48752
2.48825
2.48874
2.48943
2.49031
2.49176
2.49388
2.49691
2.50037
2.50289
2.50089
2.49416
2.54665
2.55087
2.55171
2.55048
2.54907
2.54797
2.54722
2.54682
2.54664
2.54667
2.54692
2.54779
2.54925
2.55174
2.5551
2.55926
2.56321
2.56524
2.56359
2.5593
2.60993
2.61352
2.61546
2.6148
2.61232
2.60938
2.60686
2.60497
2.60377
2.60319
2.60317
2.60375
2.60483
2.60627
2.60783
2.60929
2.6102
2.61006
2.60983
2.61065
2.66242
2.66432
2.66572
2.66593
2.66464
2.66254
2.66046
2.65885
2.65773
2.65718
2.65707
2.65733
2.65763
2.6579
2.65786
2.65731
2.65652
2.6557
2.65545
2.65608
2.71189
2.70893
2.70637
2.70672
2.70855
2.71055
2.71188
2.71258
2.7126
2.71248
2.71211
2.71167
2.71075
2.70916
2.70661
2.70341
2.70018
2.69799
2.69816
2.69944
2.7745
2.77437
2.77345
2.77333
2.77388
2.77432
2.77418
2.7737
2.77298
2.77235
2.77177
2.77139
2.7707
2.76961
2.76772
2.7653
2.76269
2.76078
2.76036
2.75968
2.83769
2.84347
2.84713
2.84751
2.84553
2.84206
2.83845
2.83559
2.83362
2.83274
2.83253
2.83319
2.83447
2.83661
2.83918
2.84186
2.84381
2.84434
2.84165
2.83507
2.88376
2.88747
2.88959
2.89052
2.89068
2.89014
2.88927
2.88848
2.88794
2.88806
2.88873
2.89039
2.89277
2.89636
2.90047
2.90469
2.90787
2.90859
2.90573
2.90005
2.92917
2.92828
2.92738
2.9289
2.93244
2.93641
2.93936
2.94118
2.94198
2.94257
2.94303
2.94382
2.94476
2.94606
2.94736
2.94872
2.94985
2.94977
2.94842
2.94687
2.99678
3.00005
3.00159
3.00189
3.00235
3.00248
3.00206
3.00134
3.00055
2.99977
2.99916
2.99862
2.99774
2.99598
2.99282
2.9883
2.98343
2.97986
2.98046
2.98417
3.06524
3.07283
3.07662
3.07518
3.07178
3.06781
3.06427
3.06145
3.05946
3.05796
3.05683
3.05576
3.05457
3.05266
3.04962
3.0456
3.04132
3.03874
3.03904
3.03958
3.1152
3.11631
3.11779
3.11906
3.11942
3.11933
3.11872
3.11783
3.11685
3.11619
3.11576
3.1158
3.11594
3.11648
3.11721
3.11809
3.11863
3.1187
3.11666
3.11069
3.16725
3.16766
3.16964
3.17286
3.17507
3.17608
3.17597
3.17547
3.17479
3.17454
3.17462
3.17539
3.17673
3.1789
3.18169
3.18498
3.18781
3.18902
3.18672
3.1805
3.22639
3.23046
3.23277
3.23376
3.23433
3.23451
3.23432
3.23391
3.23342
3.23324
3.23345
3.23436
3.23571
3.23791
3.24057
3.24353
3.24645
3.24837
3.24721
3.24338
3.28843
3.28955
3.28923
3.28959
3.2907
3.29205
3.293
3.29348
3.29373
3.2941
3.29491
3.29634
3.29841
3.30067
3.30223
3.30262
3.30179
3.30056
3.29988
3.30015
3.3613
3.36491
3.36637
3.3663
3.36496
3.36248
3.35967
3.35734
3.35589
3.35537
3.35578
3.35725
3.35945
3.36218
3.36474
3.36639
3.36701
3.36655
3.36473
3.36194
3.42294
3.42953
3.43293
3.43204
3.42878
3.42441
3.42015
3.41665
3.41421
3.41295
3.41251
3.4128
3.41356
3.41466
3.41594
3.41743
3.41884
3.41915
3.41696
3.41225
3.4608
3.46019
3.46153
3.46495
3.46837
3.4707
3.47142
3.47077
3.46955
3.46848
3.46785
3.46759
3.46707
3.46568
3.46274
3.4581
3.4527
3.44823
3.4476
3.44923
3.50566
3.50661
3.50853
3.5128
3.51813
3.52258
3.52507
3.52584
3.52569
3.52528
3.52513
3.52499
3.52489
3.52402
3.52182
3.51827
3.51368
3.50998
3.50828
3.50612
3.56567
3.5702
3.57222
3.57405
3.57688
3.57971
3.58185
3.5832
3.58389
3.58436
3.58488
3.58571
3.58651
3.58756
3.58863
3.58943
3.58978
3.58907
3.58494
3.57544
3.64036
3.64446
3.64542
3.64621
3.64733
3.64824
3.64859
3.64842
3.64795
3.64743
3.64717
3.64707
3.64743
3.64788
3.64823
3.64833
3.64802
3.64684
3.64334
3.63593
3.72228
3.72912
3.73128
3.72989
3.72682
3.72296
3.71915
3.71573
3.71315
3.71114
3.70993
3.70919
3.7087
3.70808
3.70704
3.70513
3.70275
3.70012
3.69799
3.69514
3.78435
3.79101
3.7934
3.79223
3.78913
3.78523
3.7813
3.77776
3.77513
3.77331
3.77249
3.77213
3.77263
3.77319
3.7737
3.77393
3.77356
3.77254
3.77063
3.76646
3.82294
3.82318
3.82291
3.82495
3.8279
3.83068
3.83233
3.83274
3.83246
3.83225
3.83251
3.83364
3.83535
3.8378
3.84061
3.84307
3.84491
3.84567
3.84493
3.84057
3.8704
3.86897
3.86755
3.87076
3.87655
3.88295
3.88793
3.89097
3.8924
3.89324
3.89411
3.89532
3.8973
3.89979
3.90286
3.90634
3.90958
3.91197
3.91264
3.90885
3.94721
3.95358
3.9539
3.95282
3.95293
3.95399
3.95543
3.95653
3.95718
3.9575
3.95794
3.95885
3.95984
3.96105
3.96232
3.96349
3.96478
3.96632
3.96814
3.96602
4.03629
4.04821
4.05044
4.04558
4.03873
4.03267
4.02881
4.02671
4.02585
4.02543
4.0257
4.02632
4.02783
4.02935
4.03026
4.03002
4.02827
4.02666
4.02749
4.02598
4.11681
4.12709
4.12946
4.1246
4.11594
4.1072
4.1007
4.09677
4.09483
4.09434
4.09496
4.09691
4.0998
4.10401
4.10875
4.1129
4.11593
4.11742
4.11559
4.10646
4.18432
4.19088
4.19277
4.19098
4.18516
4.17791
4.17108
4.16619
4.1633
4.16247
4.16315
4.16529
4.16914
4.17472
4.1817
4.18934
4.19596
4.19941
4.196
4.18311
4.24234
4.25134
4.25595
4.25689
4.25339
4.24688
4.2397
4.23382
4.22988
4.22801
4.22784
4.2296
4.23256
4.237
4.24214
4.24701
4.25053
4.25116
4.24755
4.23708
4.28655
4.29661
4.30285
4.30789
4.30921
4.30655
4.30188
4.29727
4.29397
4.29226
4.29223
4.29336
4.29565
4.29787
4.29917
4.29854
4.2955
4.29121
4.28749
4.28038
4.32989
4.34256
4.35097
4.3594
4.36481
4.36546
4.36303
4.3597
4.35713
4.35598
4.35642
4.35839
4.36122
4.36426
4.36644
4.36605
4.36258
4.35699
4.35002
4.33751
4.37955
4.39699
4.40767
4.41652
4.42294
4.42515
4.42423
4.42215
4.42037
4.41968
4.42028
4.4221
4.42522
4.4288
4.43228
4.43408
4.43262
4.42734
4.41668
4.39727
4.4322
4.44913
4.46034
4.47116
4.48042
4.48536
4.4864
4.48521
4.48359
4.48251
4.48244
4.48341
4.48487
4.48626
4.4866
4.48445
4.479
4.47083
4.46004
4.44292
4.49192
4.50966
4.52129
4.53189
4.54116
4.54668
4.54845
4.54781
4.54653
4.54544
4.54518
4.54519
4.54527
4.54373
4.53974
4.53215
4.52125
4.51008
4.5007
4.48807
4.55309
4.56772
4.57598
4.58464
4.59406
4.60163
4.60621
4.60822
4.60871
4.60869
4.60874
4.60881
4.60841
4.60645
4.6023
4.59505
4.58548
4.57642
4.56724
4.55226
4.62907
4.63658
4.63879
4.64477
4.65474
4.6647
4.67183
4.67584
4.67727
4.67752
4.67703
4.67603
4.67424
4.67106
4.66661
4.66064
4.65437
4.64968
4.64276
4.62738
4.73471
4.74269
4.74144
4.73957
4.74209
4.74635
4.74983
4.75171
4.75217
4.75163
4.75065
4.7491
4.74674
4.74273
4.7369
4.72951
4.72241
4.71921
4.71752
4.71052
4.84623
4.85404
4.84976
4.8399
4.83374
4.83104
4.83042
4.83033
4.83007
4.82932
4.82838
4.82718
4.82573
4.82382
4.82183
4.82027
4.82099
4.82645
4.82942
4.82338
4.94588
4.94495
4.93576
4.92347
4.91593
4.9126
4.91177
4.91168
4.91137
4.91076
4.90991
4.90923
4.90902
4.91
4.91307
4.91989
4.93118
4.94643
4.95373
4.94864
5.05381
5.05389
5.045
5.02829
5.01521
5.00622
5.00079
4.99792
4.99645
4.99584
4.9959
4.99726
4.99988
5.00486
5.01247
5.02364
5.03871
5.05695
5.06739
5.06905
5.16141
5.16646
5.16108
5.1405
5.12068
5.10449
5.09331
5.0869
5.08394
5.08335
5.08447
5.08798
5.09435
5.10489
5.11966
5.13914
5.16157
5.18409
5.19125
5.18856
5.25115
5.26006
5.26303
5.24565
5.22549
5.20625
5.19081
5.18034
5.17444
5.17251
5.17345
5.1783
5.18666
5.20034
5.21919
5.24224
5.26618
5.28529
5.28154
5.27131
5.30616
5.32347
5.34366
5.3367
5.32148
5.30279
5.28507
5.27119
5.26265
5.25902
5.25965
5.26445
5.27341
5.28621
5.30089
5.31475
5.32346
5.32466
5.30473
5.2933
5.31075
5.33194
5.37221
5.38277
5.38265
5.37444
5.36252
5.35094
5.34284
5.33893
5.33885
5.34269
5.34925
5.35716
5.36337
5.3637
5.35664
5.3425
5.30406
5.28621
5.29708
5.31122
5.36602
5.39226
5.41222
5.42302
5.42454
5.42072
5.41638
5.41367
5.41322
5.41425
5.41614
5.41576
5.41051
5.39813
5.3799
5.35745
5.30399
5.28662
5.34531
5.34206
5.40203
5.42325
5.44607
5.46691
5.47945
5.48369
5.48402
5.48343
5.48326
5.48328
5.48167
5.47608
5.46428
5.44586
5.42658
5.40726
5.34616
5.34704
5.51269
5.47103
5.52722
5.5208
5.52112
5.53252
5.54424
5.55026
5.55209
5.55218
5.55215
5.55144
5.54966
5.54452
5.53628
5.5293
5.53169
5.53802
5.47929
5.51972
5.79339
5.68307
5.74015
5.69702
5.65657
5.63931
5.63491
5.63282
5.63042
5.62866
5.62833
5.63006
5.63213
5.63541
5.64242
5.6619
5.70326
5.7469
5.68936
5.79888
6.09674
5.87694
5.95772
5.89558
5.82086
5.77445
5.75077
5.73789
5.72989
5.72559
5.72504
5.72862
5.7364
5.75027
5.77466
5.8216
5.89539
5.95693
5.87535
6.09352
6.29051
5.89502
6.03673
6.00214
5.93027
5.87916
5.85171
5.83691
5.82776
5.82316
5.82241
5.82692
5.8353
5.85076
5.87855
5.92835
5.99793
6.02934
5.88564
6.28115
6.37942
5.71221
5.95216
5.98467
5.94387
5.90607
5.88523
5.87476
5.8683
5.86513
5.86524
5.86866
5.87547
5.88701
5.90793
5.94415
5.98234
5.94711
5.70762
6.37896
6.67958
5.59094
5.92426
5.99429
5.95111
5.90579
5.88066
5.86772
5.85997
5.85622
5.85655
5.86122
5.86888
5.88402
5.90728
5.95265
5.99143
5.9229
5.5937
6.68783
7.75233
5.72162
5.98167
6.07311
6.02477
5.97174
5.94401
5.93003
5.92245
5.91809
5.91861
5.92155
5.92827
5.94318
5.96938
6.02365
6.07338
5.98461
5.72532
7.7498
9.74599
5.33631
5.43017
5.81598
5.90859
5.90862
5.90596
5.9052
5.90387
5.90273
5.90272
5.90382
5.90495
5.90589
5.90835
5.90839
5.8159
5.43036
5.33657
9.74569
-0.0181293
-0.000549552
-0.00278633
0.0116966
0.0095701
0.00296829
0.000273013
0.00136448
0.00348099
0.00467746
0.00483153
0.003777
0.00178733
-5.47975e-06
-0.000443015
0.000862205
-0.00284555
-0.018801
-0.013148
-0.0219736
0.0627573
0.081699
0.0874961
0.112044
0.124938
0.125263
0.121134
0.118272
0.116933
0.115208
0.112871
0.108289
0.103375
0.097434
0.091375
0.0809674
0.0608543
0.0368625
0.032448
0.0096254
0.283916
0.261592
0.255524
0.25725
0.255102
0.249122
0.241871
0.23532
0.230161
0.225283
0.219303
0.210766
0.198103
0.180681
0.158562
0.134954
0.117269
0.108692
0.105215
0.103323
0.411923
0.38514
0.367985
0.363335
0.361944
0.358292
0.352856
0.346983
0.34176
0.336272
0.329597
0.319808
0.305717
0.284871
0.255334
0.216362
0.170393
0.128717
0.116127
0.127544
0.463327
0.444823
0.429565
0.433072
0.447846
0.462047
0.468873
0.468913
0.465639
0.461383
0.455936
0.44922
0.440602
0.430661
0.41963
0.406912
0.391779
0.375058
0.355762
0.340167
0.552393
0.552576
0.549549
0.555695
0.568432
0.580168
0.587282
0.590067
0.589344
0.587707
0.584623
0.581888
0.579987
0.582225
0.591583
0.610438
0.634793
0.650768
0.638408
0.605673
0.706794
0.72498
0.722948
0.706603
0.697425
0.696265
0.700382
0.705678
0.709413
0.711223
0.711937
0.713402
0.715816
0.721021
0.730211
0.745216
0.762073
0.771259
0.772205
0.766596
0.826732
0.842415
0.84548
0.840268
0.83434
0.831274
0.831218
0.832483
0.833895
0.834674
0.835596
0.836946
0.839906
0.843302
0.846185
0.846197
0.842882
0.838407
0.843917
0.859244
0.948978
0.973889
0.994895
0.996511
0.98718
0.976255
0.968305
0.963073
0.960182
0.958109
0.956639
0.955116
0.953558
0.95184
0.948773
0.942157
0.933858
0.928147
0.93158
0.944776
1.0326
1.03917
1.05504
1.06705
1.07555
1.08222
1.08647
1.08847
1.08905
1.08855
1.08723
1.08461
1.08022
1.07254
1.05991
1.04278
1.02241
1.00523
1.00543
1.01928
1.18458
1.16615
1.17134
1.19443
1.21636
1.23093
1.23703
1.23838
1.23714
1.23509
1.23244
1.22914
1.22397
1.21694
1.20791
1.19723
1.18494
1.17316
1.16733
1.16475
1.45529
1.45398
1.4547
1.44871
1.4358
1.42095
1.40839
1.3992
1.39202
1.38717
1.38342
1.38102
1.37936
1.37912
1.38105
1.38673
1.39652
1.40737
1.40323
1.38111
1.61718
1.62893
1.62129
1.59858
1.57132
1.54966
1.53603
1.5281
1.52324
1.52103
1.52119
1.52503
1.53283
1.54525
1.56016
1.57475
1.5863
1.59378
1.59467
1.58598
1.64366
1.6297
1.62088
1.63072
1.63732
1.63752
1.63451
1.63219
1.63109
1.63199
1.63428
1.63925
1.64777
1.66157
1.68145
1.70669
1.73321
1.75342
1.76107
1.76003
1.67698
1.66913
1.66598
1.6764
1.69182
1.70467
1.71419
1.72125
1.72658
1.73045
1.73341
1.73597
1.73701
1.73681
1.73611
1.73894
1.74828
1.76169
1.78069
1.8009
1.69112
1.68731
1.68897
1.71151
1.74649
1.7814
1.80813
1.82491
1.83504
1.84067
1.84382
1.84386
1.84077
1.83163
1.81498
1.79008
1.76016
1.7389
1.75058
1.78298
1.82248
1.83667
1.85237
1.87386
1.89947
1.92327
1.94283
1.95699
1.96658
1.97216
1.97519
1.97497
1.97075
1.96174
1.94879
1.93107
1.91106
1.89681
1.89141
1.88928
2.08121
2.11135
2.12554
2.11838
2.10844
2.103
2.10351
2.10776
2.11267
2.11639
2.11847
2.11895
2.11839
2.11695
2.11521
2.11488
2.11758
2.12243
2.11133
2.08134
2.3487
2.35881
2.3573
2.33905
2.31271
2.29038
2.27572
2.26755
2.26384
2.26188
2.2605
2.25953
2.26003
2.26372
2.26984
2.27783
2.28542
2.28789
2.27913
2.25962
2.56364
2.55766
2.54506
2.52128
2.48867
2.45761
2.4341
2.41846
2.40917
2.40361
2.39991
2.39671
2.39436
2.39346
2.39564
2.40238
2.41214
2.41749
2.41432
2.40633
2.66774
2.63956
2.61952
2.61213
2.60133
2.58476
2.56681
2.55219
2.54262
2.53675
2.53403
2.53274
2.53227
2.53091
2.52849
2.52376
2.51738
2.50873
2.50659
2.51348
2.72907
2.70832
2.69323
2.68935
2.68884
2.68635
2.6805
2.67338
2.66756
2.66408
2.66265
2.6625
2.66349
2.66429
2.66535
2.66615
2.6672
2.6673
2.66336
2.66035
2.74989
2.73206
2.72375
2.73791
2.75988
2.7789
2.79054
2.79421
2.79355
2.79215
2.79146
2.79136
2.79109
2.79102
2.79151
2.79183
2.79101
2.78907
2.78854
2.79112
2.84071
2.84676
2.85269
2.86874
2.88945
2.90671
2.91806
2.92356
2.92484
2.9245
2.9242
2.92465
2.92593
2.92676
2.92635
2.92375
2.9187
2.91339
2.914
2.91948
3.01843
3.05196
3.06163
3.05313
3.04803
3.04793
3.0499
3.05166
3.0525
3.05241
3.05271
3.05408
3.05695
3.06068
3.06406
3.06543
3.06407
3.06089
3.06039
3.06198
3.1761
3.19942
3.20489
3.1952
3.18347
3.17662
3.17347
3.17212
3.17148
3.17111
3.17111
3.17162
3.17369
3.17746
3.18432
3.19524
3.20955
3.22145
3.22368
3.21604
3.27773
3.29081
3.29634
3.29287
3.28561
3.28123
3.28024
3.28089
3.28195
3.28252
3.28214
3.28119
3.27879
3.27601
3.27383
3.27605
3.28671
3.30276
3.31124
3.30368
3.30998
3.30258
3.3072
3.32822
3.34981
3.36958
3.38521
3.39544
3.40113
3.40372
3.40457
3.40352
3.4008
3.3942
3.38086
3.35802
3.32703
3.30093
3.30358
3.32319
3.42508
3.42836
3.44461
3.47022
3.49253
3.51027
3.52312
3.5321
3.53751
3.54063
3.5425
3.54369
3.54368
3.54193
3.53794
3.52993
3.51745
3.50461
3.49431
3.49003
3.65199
3.67649
3.69382
3.69331
3.68781
3.68214
3.67903
3.67938
3.68102
3.68308
3.68455
3.68642
3.68882
3.69324
3.70139
3.71499
3.73236
3.74662
3.73999
3.71597
3.86883
3.87798
3.87936
3.87049
3.85622
3.84209
3.83157
3.82567
3.82318
3.82264
3.82291
3.82455
3.82767
3.8346
3.84597
3.86157
3.87864
3.89123
3.89204
3.8792
4.04766
4.04835
4.04134
4.026
4.00513
3.98622
3.97256
3.96371
3.95848
3.95619
3.95533
3.95528
3.9552
3.9542
3.95208
3.95135
3.9542
3.95931
3.9647
3.96724
4.12822
4.11295
4.10079
4.09759
4.0962
4.0943
4.09145
4.08821
4.08581
4.08445
4.08462
4.08511
4.08559
4.08324
4.0747
4.05663
4.03035
4.00738
4.00837
4.0271
4.18238
4.16104
4.16055
4.18494
4.20788
4.21907
4.2206
4.21802
4.21514
4.21363
4.21387
4.21523
4.218
4.2215
4.2264
4.22997
4.22853
4.22298
4.21396
4.20631
4.32767
4.3384
4.34802
4.34996
4.35136
4.35026
4.34764
4.34356
4.33965
4.33683
4.33535
4.33514
4.33524
4.33765
4.34516
4.36196
4.38696
4.40723
4.40243
4.37781
4.44992
4.45947
4.45252
4.44088
4.44053
4.44672
4.45358
4.45756
4.45889
4.45826
4.45682
4.45472
4.45175
4.44636
4.43729
4.42622
4.4185
4.41586
4.4185
4.41916
4.55353
4.55071
4.54113
4.54326
4.5538
4.56664
4.57759
4.58472
4.58878
4.58976
4.58974
4.58786
4.5844
4.57621
4.56007
4.53133
4.49436
4.46496
4.46187
4.47712
4.71196
4.7209
4.72183
4.72325
4.72388
4.72494
4.72742
4.72979
4.73167
4.73275
4.73387
4.73431
4.735
4.73522
4.736
4.73518
4.72892
4.71935
4.70687
4.69441
4.89548
4.91024
4.91561
4.91254
4.90346
4.892
4.88267
4.87721
4.87468
4.87418
4.87508
4.87806
4.88296
4.89274
4.91007
4.93794
4.97092
4.99378
4.98584
4.95174
5.04999
5.06408
5.06622
5.05549
5.04087
5.02704
5.0153
5.00725
5.00262
5.00126
5.00205
5.00537
5.01108
5.01977
5.03221
5.05024
5.0708
5.08501
5.08879
5.07998
5.12455
5.12679
5.12384
5.1196
5.11729
5.11783
5.11778
5.11671
5.11521
5.11437
5.11469
5.11633
5.1189
5.1207
5.11953
5.1139
5.10625
5.10165
5.10857
5.1225
5.18307
5.1743
5.17475
5.19209
5.21268
5.22808
5.23491
5.23632
5.2347
5.23236
5.22931
5.22562
5.22041
5.21222
5.19931
5.18047
5.16061
5.14891
5.15113
5.1609
5.33353
5.34932
5.35942
5.36287
5.36521
5.36698
5.36837
5.36829
5.36674
5.36402
5.36095
5.35624
5.34794
5.33368
5.31263
5.28522
5.25539
5.23349
5.23001
5.23438
5.47545
5.49714
5.5033
5.49747
5.49412
5.49667
5.50277
5.50744
5.50945
5.50917
5.5082
5.50641
5.50377
5.49919
5.4932
5.4863
5.47764
5.46867
5.45803
5.44162
5.60705
5.60876
5.61572
5.63673
5.65576
5.66688
5.67059
5.67011
5.66788
5.66554
5.66336
5.66311
5.66542
5.67369
5.68948
5.71421
5.74303
5.76377
5.75531
5.71832
5.85697
5.88187
5.89528
5.88916
5.87214
5.85332
5.83819
5.82797
5.82134
5.81805
5.81733
5.82018
5.8265
5.83806
5.85525
5.87707
5.89876
5.91293
5.91612
5.90321
6.01862
6.03938
6.03741
6.01143
5.98165
5.96164
5.95185
5.94884
5.94938
5.95247
5.95831
5.96772
5.98054
5.99578
6.01098
6.02396
6.03435
6.04104
6.04856
6.05415
6.02846
6.00583
5.99222
6.00271
6.02109
6.04011
6.05389
6.06358
6.07089
6.07863
6.08694
6.09791
6.11145
6.12769
6.14466
6.16145
6.17803
6.19227
6.19966
6.19812
6.1298
6.11231
6.11271
6.13626
6.16274
6.18188
6.19258
6.1982
6.20163
6.20549
6.20988
6.2155
6.22113
6.22716
6.23225
6.2364
6.24015
6.24525
6.25299
6.25478
6.37441
6.39578
6.40597
6.39656
6.37937
6.36176
6.34917
6.34073
6.33483
6.33123
6.32874
6.32654
6.32249
6.31446
6.30031
6.28061
6.26007
6.2469
6.24792
6.25121
6.56667
6.59384
6.59216
6.56488
6.5322
6.50329
6.48188
6.46706
6.45729
6.4505
6.4455
6.43958
6.43011
6.41358
6.38825
6.35436
6.31723
6.28849
6.27772
6.27277
6.59601
6.59395
6.58563
6.58465
6.58495
6.58344
6.57938
6.57486
6.57105
6.56786
6.56501
6.56072
6.55368
6.54224
6.52716
6.50946
6.48925
6.46912
6.44768
6.41975
6.5976
6.58242
6.58184
6.61051
6.64702
6.67679
6.69317
6.69953
6.69992
6.69844
6.69554
6.69224
6.6884
6.68649
6.68852
6.69753
6.71065
6.71687
6.69465
6.64342
6.73963
6.75536
6.77142
6.79297
6.81562
6.83353
6.84396
6.84823
6.84781
6.84563
6.84274
6.84045
6.8389
6.8386
6.8394
6.84252
6.84642
6.84408
6.83234
6.80592
6.9778
7.01892
7.03337
7.02591
7.01559
7.009
7.00602
7.00438
7.00225
6.99968
6.99823
6.99884
7.00182
7.00574
7.00892
7.00902
7.00577
6.99702
6.99009
6.98391
7.1997
7.22834
7.23289
7.21951
7.19895
7.18079
7.16754
7.15903
7.15379
7.15145
7.15163
7.15512
7.16206
7.17295
7.18724
7.20233
7.21531
7.22157
7.21982
7.20914
7.35211
7.36259
7.35919
7.34801
7.33122
7.31538
7.30352
7.29633
7.29307
7.29363
7.2972
7.3046
7.31506
7.32872
7.34405
7.36001
7.37395
7.38326
7.39135
7.38789
7.40126
7.38222
7.37237
7.38801
7.40633
7.41974
7.42607
7.42781
7.42791
7.42999
7.43424
7.44205
7.45246
7.46453
7.47492
7.48169
7.48431
7.48675
7.49874
7.50269
7.50794
7.50038
7.50219
7.52666
7.55102
7.56517
7.56893
7.56716
7.56393
7.56268
7.56431
7.56924
7.57528
7.58034
7.58116
7.57551
7.56372
7.5547
7.56308
7.56716
7.70081
7.73152
7.7391
7.73024
7.72024
7.7114
7.70407
7.69745
7.69165
7.68764
7.68581
7.68518
7.68399
7.6804
7.67413
7.6658
7.65519
7.64804
7.65115
7.64257
7.81357
7.83728
7.83098
7.81636
7.81047
7.81219
7.81504
7.81559
7.81347
7.8104
7.80681
7.80225
7.79431
7.78279
7.76903
7.75747
7.75346
7.76015
7.76434
7.73887
7.87571
7.87234
7.86883
7.89041
7.91597
7.93403
7.94202
7.94392
7.94275
7.94076
7.93891
7.9364
7.93205
7.92264
7.90562
7.88301
7.86119
7.85034
7.8514
7.83306
8.03773
8.05859
8.06378
8.06536
8.06747
8.06992
8.0723
8.07384
8.07392
8.07334
8.07326
8.07402
8.07538
8.07676
8.07593
8.07067
8.06182
8.0519
8.03997
8.00737
8.17345
8.19895
8.19662
8.18497
8.17994
8.18478
8.19398
8.20176
8.20629
8.20805
8.2087
8.20898
8.21026
8.21316
8.21881
8.22796
8.23795
8.24051
8.23056
8.19718
8.28415
8.28604
8.28338
8.30142
8.32198
8.33818
8.34804
8.35254
8.35397
8.3536
8.3527
8.35156
8.34995
8.34883
8.34962
8.35295
8.35895
8.3632
8.36389
8.34546
8.52726
8.55412
8.5583
8.55074
8.53802
8.52675
8.51926
8.51378
8.5096
8.5061
8.50449
8.50375
8.5043
8.50374
8.50177
8.49743
8.49026
8.48096
8.48297
8.47752
8.73592
8.76678
8.75929
8.73098
8.70031
8.6791
8.66773
8.66206
8.6586
8.65667
8.6564
8.65844
8.66224
8.66763
8.67427
8.6808
8.68681
8.6898
8.69156
8.67272
8.84572
8.84695
8.83281
8.83255
8.82926
8.82264
8.81584
8.81187
8.80986
8.80983
8.8113
8.81495
8.82127
8.83126
8.84504
8.8612
8.87575
8.88485
8.89122
8.86975
9.00603
9.01678
9.00821
9.00311
8.99489
8.98514
8.9764
8.97057
8.96725
8.96688
8.96897
8.97493
8.98399
8.99772
9.01551
9.03536
9.05409
9.06727
9.07724
9.05602
9.17314
9.18942
9.18155
9.17787
9.16927
9.1584
9.14686
9.13628
9.12859
9.12518
9.12594
9.13105
9.1402
9.15239
9.16684
9.18234
9.19621
9.20659
9.21922
9.20203
9.35253
9.38661
9.3822
9.37057
9.34988
9.32637
9.30636
9.29145
9.28201
9.27762
9.27816
9.28364
9.29218
9.30231
9.31087
9.31518
9.31515
9.31434
9.32503
9.30807
9.46186
9.50562
9.49919
9.48401
9.466
9.44966
9.43786
9.43029
9.42672
9.42666
9.43079
9.43846
9.44937
9.46102
9.46921
9.4699
9.46105
9.44925
9.45116
9.42486
9.50467
9.53087
9.52997
9.55556
9.57673
9.58518
9.58355
9.57892
9.57547
9.57611
9.58121
9.59141
9.60487
9.62136
9.63854
9.65237
9.65857
9.65482
9.64763
9.59828
9.68241
9.74558
9.76533
9.77906
9.77801
9.76506
9.74808
9.73353
9.72322
9.71886
9.71941
9.72467
9.73371
9.74581
9.76121
9.78129
9.80417
9.81942
9.81212
9.73957
9.83666
9.92174
9.94426
9.94226
9.9259
9.90321
9.88157
9.86366
9.85139
9.84421
9.84162
9.84204
9.84283
9.84072
9.83231
9.8166
9.79786
9.78179
9.7765
9.72768
9.85337
9.91284
9.9277
9.95131
9.9715
9.98132
9.98153
9.97613
9.971
9.96702
9.96591
9.9646
9.96238
9.95258
9.9302
9.88954
9.83405
9.78402
9.766
9.72867
9.89538
9.93897
9.95809
10.0066
10.0555
10.0888
10.1033
10.1058
10.1036
10.1012
10.1004
10.1002
10.0988
10.0925
10.0801
10.0583
10.0266
9.9918
9.96044
9.89106
10.0876
10.158
10.1859
10.2178
10.2433
10.2562
10.2583
10.2543
10.248
10.2426
10.2388
10.236
10.2338
10.2307
10.2291
10.2301
10.2315
10.2274
10.2015
10.1105
10.2785
10.3642
10.3837
10.3892
10.392
10.392
10.3902
10.3859
10.381
10.376
10.3722
10.3685
10.364
10.3582
10.3524
10.3453
10.3364
10.327
10.3162
10.2546
10.3342
10.384
10.3859
10.4068
10.4403
10.4709
10.4918
10.5022
10.5066
10.507
10.5068
10.505
10.503
10.4972
10.4872
10.4712
10.4524
10.4385
10.4357
10.4005
10.3977
10.4234
10.423
10.4603
10.5181
10.5716
10.6093
10.6311
10.6416
10.6457
10.6467
10.6459
10.6441
10.6405
10.6352
10.6281
10.6222
10.6248
10.6292
10.5947
10.6182
10.6584
10.6573
10.6659
10.6947
10.7285
10.7587
10.7803
10.7927
10.7983
10.7996
10.7984
10.7951
10.79
10.7841
10.7779
10.7734
10.7818
10.7962
10.7747
10.9505
10.9931
10.9697
10.9265
10.9091
10.9124
10.9282
10.946
10.9589
10.9659
10.9684
10.9681
10.9662
10.9632
10.9589
10.9538
10.9501
10.963
10.9817
10.972
11.3309
11.3456
11.3023
11.2311
11.1815
11.1538
11.1449
11.147
11.1516
11.1552
11.1569
11.1583
11.1599
11.1638
11.1696
11.1782
11.1896
11.217
11.235
11.2263
11.7198
11.7251
11.685
11.589
11.5021
11.4347
11.3925
11.3713
11.3624
11.3598
11.3598
11.363
11.3702
11.3853
11.41
11.447
11.4934
11.5518
11.5677
11.5506
11.95
11.9373
11.9137
11.8292
11.7488
11.677
11.6234
11.591
11.5741
11.5682
11.5675
11.574
11.5863
11.6106
11.6478
11.7
11.7657
11.8441
11.8553
11.8372
12.0237
12.0021
12.0225
11.9883
11.951
11.8998
11.8487
11.8105
11.788
11.7786
11.7784
11.7877
11.8065
11.837
11.8748
11.9156
11.9515
11.9917
11.9768
11.9896
12.0736
12.0816
12.163
12.156
12.1406
12.1026
12.057
12.0186
11.9936
11.9825
11.9819
11.9926
12.0125
12.0433
12.0804
12.117
12.1463
12.1762
12.1193
12.1208
12.0646
12.0802
12.203
12.2119
12.2267
12.2241
12.2077
12.1881
12.1738
12.1673
12.1682
12.1764
12.1911
12.2113
12.2315
12.2449
12.2461
12.2489
12.1466
12.1528
12.0223
12.0025
12.1647
12.2058
12.2647
12.3065
12.3241
12.3263
12.3245
12.3239
12.3256
12.3305
12.3364
12.3409
12.337
12.3157
12.2802
12.2543
12.1
12.1244
12.0681
12.0038
12.2077
12.2478
12.3151
12.3745
12.41
12.4252
12.4313
12.4335
12.4343
12.4317
12.4258
12.4103
12.3786
12.3255
12.2636
12.2264
12.0314
12.1073
12.2371
12.0746
12.2892
12.2879
12.3368
12.4015
12.4505
12.4776
12.491
12.4966
12.4975
12.4927
12.4796
12.4525
12.4063
12.3423
12.2874
12.2778
12.0612
12.2311
12.6617
12.35
12.5681
12.4861
12.4721
12.5045
12.5399
12.5616
12.5721
12.5754
12.5758
12.5712
12.5616
12.541
12.5073
12.476
12.4839
12.5549
12.3299
12.636
13.3773
12.8913
13.1537
12.9659
12.8387
12.7919
12.7789
12.7715
12.7646
12.7596
12.7582
12.7606
12.7636
12.7675
12.7757
12.8179
12.9357
13.1147
12.8512
13.3292
14.0651
13.308
13.6909
13.4773
13.2829
13.1788
13.13
13.1023
13.0842
13.0741
13.0725
13.0794
13.0943
13.122
13.1705
13.2749
13.4675
13.6859
13.3043
14.0367
14.4001
13.2352
13.8373
13.7214
13.5567
13.4561
13.4063
13.3791
13.3614
13.3521
13.3507
13.3592
13.3746
13.4043
13.4561
13.5571
13.7208
13.8334
13.2282
14.3802
14.4789
12.6757
13.5423
13.591
13.4998
13.4336
13.4017
13.3837
13.3708
13.3639
13.3642
13.3718
13.3853
13.4068
13.4408
13.51
13.601
13.5461
12.6798
14.4857
15.0981
12.3485
13.3993
13.525
13.4228
13.3373
13.2932
13.2681
13.2516
13.2436
13.2442
13.2548
13.2709
13.3011
13.3408
13.4253
13.5162
13.3916
12.3537
15.1244
17.3549
12.763
13.5714
13.7302
13.6152
13.5191
13.4732
13.4489
13.4351
13.4273
13.4283
13.434
13.4466
13.4735
13.5167
13.6145
13.7295
13.574
12.7691
17.3512
20.9063
12.5573
12.6124
13.231
13.3936
13.4048
13.4038
13.4025
13.3999
13.3979
13.3978
13.3998
13.402
13.4037
13.4044
13.3933
13.231
12.6132
12.5588
20.9061
-0.309452
-0.284851
-0.310393
-0.226015
-0.165548
-0.122806
-0.0882742
-0.0629374
-0.0467045
-0.0393388
-0.03762
-0.041935
-0.0513081
-0.0658355
-0.0864716
-0.117196
-0.185843
-0.304854
-0.275274
-0.255167
-0.43218
-0.349799
-0.350745
-0.257053
-0.152205
-0.0637304
0.00221384
0.0465626
0.0736643
0.0854449
0.0884648
0.0807453
0.0675985
0.0453679
0.0153744
-0.0281176
-0.0951137
-0.158648
-0.134689
-0.192443
0.0299966
0.0594469
0.0812988
0.101066
0.137403
0.18583
0.229457
0.259299
0.275714
0.279945
0.274237
0.258938
0.233299
0.196729
0.15127
0.108229
0.0903316
0.111978
0.123793
0.0864002
0.549893
0.55996
0.561013
0.557098
0.538008
0.522181
0.515305
0.51096
0.506364
0.497796
0.485884
0.467059
0.441772
0.406308
0.357348
0.287453
0.187175
0.0849833
0.0687385
0.0918532
1.02715
1.08051
1.07084
1.01252
0.923777
0.845221
0.793617
0.764131
0.747148
0.735537
0.725119
0.713822
0.701725
0.691198
0.686542
0.688243
0.690079
0.674881
0.621714
0.563439
1.20787
1.23696
1.20731
1.14657
1.0754
1.01701
0.979026
0.96004
0.951386
0.949271
0.948345
0.950238
0.954964
0.968668
0.996607
1.04689
1.12104
1.18728
1.18038
1.11499
1.09442
1.05692
1.04679
1.07347
1.10346
1.12393
1.13369
1.13869
1.14149
1.14631
1.15285
1.16533
1.18422
1.21308
1.24712
1.28317
1.31537
1.33844
1.3681
1.38118
1.03625
1.0223
1.07686
1.16815
1.25005
1.30089
1.32491
1.33524
1.33913
1.34175
1.34551
1.35233
1.3626
1.37413
1.38082
1.37651
1.36238
1.35591
1.39392
1.44649
1.37741
1.40511
1.48314
1.51381
1.53298
1.54591
1.55307
1.55541
1.55541
1.55255
1.5484
1.54161
1.52998
1.51186
1.48731
1.45578
1.42446
1.41319
1.43535
1.48126
1.84281
1.83622
1.84127
1.82267
1.80967
1.80406
1.8033
1.80101
1.79735
1.79096
1.78264
1.76995
1.75073
1.72084
1.67897
1.62348
1.55775
1.50578
1.49424
1.51796
2.17966
2.16835
2.14481
2.14169
2.12307
2.0983
2.07898
2.06453
2.0536
2.04478
2.03742
2.02991
2.02056
2.00572
1.98463
1.95973
1.931
1.8971
1.84905
1.80587
2.50818
2.50676
2.47537
2.44498
2.39916
2.35448
2.32038
2.29722
2.28296
2.27656
2.27472
2.27774
2.28595
2.30183
2.32685
2.3659
2.4168
2.4569
2.42253
2.33698
2.61409
2.54821
2.483
2.46778
2.46531
2.46308
2.45985
2.45814
2.45841
2.46253
2.46992
2.48381
2.50549
2.54121
2.59222
2.65773
2.72891
2.78206
2.79477
2.76873
2.53655
2.4637
2.41349
2.45619
2.52063
2.56681
2.59217
2.60696
2.61582
2.62366
2.63023
2.63898
2.65039
2.66747
2.69299
2.73426
2.79353
2.8566
2.9156
2.95533
2.64352
2.66379
2.66686
2.67745
2.70914
2.73958
2.76107
2.77364
2.78126
2.78484
2.78588
2.78264
2.77429
2.75818
2.73127
2.69058
2.64385
2.62331
2.68617
2.78224
2.84881
2.92568
2.93624
2.90507
2.90217
2.91998
2.94133
2.9575
2.96814
2.97195
2.9722
2.96555
2.95205
2.92592
2.8841
2.8169
2.72343
2.64264
2.63325
2.67566
3.07744
3.13777
3.16321
3.16439
3.16496
3.17134
3.1788
3.18603
3.19108
3.19276
3.19095
3.18514
3.17386
3.15578
3.13196
3.10704
3.0874
3.0654
2.99454
2.92735
3.39879
3.46686
3.50984
3.50172
3.47498
3.45454
3.44169
3.43406
3.42949
3.42725
3.42422
3.42009
3.41509
3.41168
3.41179
3.42156
3.44468
3.46643
3.41729
3.3252
3.66179
3.67542
3.69167
3.69343
3.68255
3.67281
3.66588
3.66137
3.65819
3.65727
3.65766
3.66028
3.66514
3.67616
3.69648
3.72732
3.75814
3.76741
3.74045
3.69504
3.94209
3.88678
3.87281
3.89178
3.9019
3.90173
3.8964
3.89126
3.88627
3.88356
3.8825
3.88475
3.89018
3.89908
3.91262
3.93436
3.96073
3.974
3.97437
3.98033
4.26443
4.23405
4.21616
4.19887
4.17742
4.15488
4.13681
4.12258
4.11156
4.10279
4.09725
4.09382
4.09302
4.09259
4.08876
4.07455
4.04818
4.0194
4.0344
4.08659
4.38247
4.40566
4.40091
4.39225
4.3793
4.36305
4.34898
4.33735
4.32759
4.31921
4.31298
4.30764
4.30307
4.29634
4.28496
4.26187
4.22893
4.20118
4.19973
4.22132
4.52037
4.54781
4.55941
4.56142
4.55888
4.55261
4.54626
4.54102
4.53668
4.53229
4.5299
4.52805
4.52571
4.52001
4.51035
4.49067
4.45724
4.41957
4.40238
4.41171
4.72122
4.69161
4.6906
4.69881
4.71336
4.72681
4.73429
4.73782
4.74018
4.74143
4.74387
4.74779
4.75469
4.76391
4.78044
4.80491
4.82986
4.83986
4.82026
4.79815
4.86317
4.82207
4.81308
4.83476
4.87111
4.90477
4.92639
4.93811
4.94517
4.94941
4.95205
4.95582
4.96095
4.97302
4.99723
5.04304
5.11598
5.19448
5.22045
5.19429
5.01195
5.03729
5.05286
5.07818
5.10858
5.13434
5.15102
5.15943
5.16394
5.16643
5.16778
5.16915
5.17218
5.17696
5.17733
5.16998
5.1626
5.17399
5.23138
5.28228
5.37425
5.44041
5.46565
5.44653
5.41742
5.39648
5.38738
5.38332
5.38279
5.38385
5.38801
5.393
5.39952
5.40307
5.39582
5.36716
5.31614
5.27112
5.29219
5.34241
5.72296
5.75593
5.7441
5.68333
5.62506
5.59231
5.58183
5.58072
5.58377
5.58856
5.59582
5.60416
5.61406
5.62152
5.62832
5.6398
5.65475
5.66443
5.65044
5.62304
5.76569
5.71689
5.69117
5.72052
5.7494
5.76915
5.77912
5.78279
5.78432
5.78646
5.78872
5.79168
5.79337
5.7959
5.80239
5.82393
5.87144
5.93076
5.93826
5.88401
5.91942
5.9024
5.91516
5.95482
5.9838
5.99585
5.99778
5.99532
5.99132
5.98799
5.98438
5.97883
5.97
5.95715
5.93854
5.9132
5.88805
5.87465
5.887
5.88805
6.19017
6.22787
6.24828
6.23367
6.2212
6.21186
6.206
6.20234
6.19915
6.1953
6.19225
6.18705
6.17835
6.16123
6.13514
6.09461
6.03726
5.97829
5.95218
5.95617
6.40108
6.41351
6.4161
6.41476
6.4165
6.41716
6.41662
6.41517
6.41252
6.40934
6.40646
6.40242
6.3975
6.38977
6.38494
6.38832
6.39783
6.3961
6.34666
6.28319
6.62922
6.63535
6.64198
6.64214
6.63605
6.63109
6.62878
6.62697
6.62486
6.62258
6.62025
6.6177
6.61496
6.61547
6.62226
6.64147
6.67592
6.70592
6.68481
6.61573
6.83491
6.83793
6.83964
6.83958
6.83748
6.83547
6.83384
6.83249
6.83217
6.8321
6.8339
6.83678
6.84336
6.85263
6.86341
6.86897
6.86112
6.83992
6.83534
6.83376
7.0064
7.00855
7.00781
7.01137
7.01524
7.01943
7.02415
7.02893
7.03282
7.03635
7.04043
7.04724
7.05728
7.07043
7.08882
7.11444
7.14503
7.16877
7.17153
7.16308
7.15248
7.15393
7.15579
7.17018
7.18935
7.20778
7.2222
7.23313
7.24004
7.24476
7.24745
7.25085
7.25378
7.25639
7.25953
7.26771
7.2803
7.28981
7.31128
7.33816
7.34958
7.35499
7.36421
7.39052
7.42182
7.44714
7.46194
7.4689
7.47123
7.47068
7.4688
7.46659
7.46419
7.46172
7.45612
7.44109
7.4099
7.3727
7.38171
7.42066
7.70511
7.72953
7.74616
7.75814
7.76269
7.75815
7.7479
7.73515
7.72224
7.71162
7.70232
7.69494
7.68698
7.67688
7.66292
7.6441
7.62395
7.61061
7.59941
7.59494
8.19052
8.23632
8.23821
8.18742
8.11964
8.05651
8.01057
7.97749
7.95407
7.93731
7.9269
7.91965
7.91263
7.90137
7.88218
7.85059
7.80802
7.77045
7.7603
7.75975
8.45243
8.47379
8.42898
8.34026
8.26006
8.20336
8.17088
8.15287
8.14264
8.13602
8.13321
8.13239
8.1343
8.13931
8.15141
8.16987
8.18682
8.19128
8.1721
8.12754
8.2713
8.2044
8.15501
8.18262
8.23168
8.27353
8.29945
8.31465
8.32333
8.32943
8.33393
8.33939
8.34548
8.35763
8.38037
8.42233
8.48743
8.55696
8.57046
8.50313
8.20747
8.17852
8.20549
8.29018
8.37842
8.44603
8.48868
8.51454
8.53006
8.54146
8.55034
8.55936
8.56931
8.57997
8.58371
8.57598
8.56326
8.56186
8.59254
8.59875
8.4964
8.55954
8.63421
8.66121
8.68175
8.70695
8.73023
8.74757
8.76074
8.77184
8.78359
8.79614
8.81021
8.82172
8.82242
8.79987
8.75004
8.6951
8.69239
8.72389
8.93301
9.01176
9.04366
9.02266
9.00347
8.99633
8.9967
8.99937
9.00286
9.00804
9.01583
9.02591
9.03755
9.0488
9.06416
9.08962
9.11797
9.13095
9.11231
9.0872
9.34111
9.38086
9.38398
9.36593
9.32528
9.287
9.2617
9.24707
9.2385
9.2343
9.23286
9.23378
9.23381
9.23579
9.24558
9.27735
9.33962
9.41348
9.43453
9.38539
9.6389
9.65252
9.63032
9.60164
9.55898
9.5183
9.48851
9.4685
9.45539
9.44685
9.44044
9.43433
9.42606
9.41496
9.39653
9.3667
9.33515
9.32534
9.35779
9.36858
9.7475
9.71702
9.68144
9.69192
9.70051
9.69423
9.68188
9.67091
9.66269
9.65643
9.6519
9.64709
9.64078
9.62717
9.59951
9.54666
9.4676
9.39225
9.37903
9.39727
9.89472
9.87349
9.85568
9.86145
9.87595
9.88553
9.88753
9.88595
9.8822
9.87817
9.87465
9.87196
9.86928
9.86483
9.86174
9.86612
9.87142
9.85973
9.81394
9.7607
10.0576
10.0512
10.049
10.0736
10.1046
10.1252
10.1297
10.1242
10.1152
10.1076
10.1017
10.0997
10.0996
10.1068
10.1265
10.1702
10.2388
10.2995
10.2849
10.1976
10.3615
10.408
10.4231
10.4182
10.4044
10.3864
10.3676
10.3488
10.3321
10.3206
10.3145
10.3151
10.3206
10.3309
10.3436
10.3597
10.3782
10.3909
10.4043
10.3853
10.6285
10.696
10.6845
10.6234
10.5706
10.5386
10.5232
10.5154
10.5099
10.5059
10.5054
10.5091
10.5161
10.5219
10.5209
10.5065
10.4774
10.4482
10.4585
10.4847
10.5795
10.5823
10.5519
10.5591
10.5868
10.6209
10.6495
10.6708
10.6846
10.6933
10.6994
10.7047
10.7073
10.7059
10.6996
10.6851
10.6619
10.6409
10.6379
10.6483
10.5967
10.5954
10.6128
10.6855
10.7616
10.8215
10.861
10.8853
10.8999
10.9096
10.9168
10.9228
10.9265
10.9266
10.9214
10.9088
10.8884
10.8657
10.8552
10.846
10.972
11.0409
11.0989
11.1262
11.1354
11.1404
11.1445
11.1463
11.1465
11.1477
11.1495
11.152
11.1543
11.1566
11.1604
11.168
11.1806
11.1919
11.1833
11.1424
11.4365
11.5341
11.5611
11.5246
11.4763
11.44
11.4175
11.4032
11.3936
11.3882
11.3856
11.3845
11.3826
11.3808
11.3794
11.3823
11.3955
11.4204
11.4317
11.3911
11.6786
11.701
11.689
11.692
11.6847
11.6691
11.6527
11.6402
11.6313
11.6255
11.6237
11.6248
11.6293
11.6338
11.6332
11.6185
11.5785
11.5307
11.5338
11.5438
11.8776
11.8541
11.8384
11.8674
11.8866
11.8901
11.8834
11.8756
11.8678
11.8637
11.8632
11.8688
11.8784
11.8908
11.9062
11.9289
11.9579
11.9797
11.97
11.9326
12.1183
12.1147
12.1008
12.1096
12.1185
12.1207
12.1148
12.1066
12.0975
12.093
12.0917
12.0965
12.1022
12.1097
12.1177
12.1318
12.1619
12.2047
12.2299
12.2014
12.3259
12.3323
12.3126
12.3185
12.3283
12.3316
12.3253
12.3142
12.3033
12.2967
12.2959
12.3006
12.3091
12.3196
12.3262
12.3178
12.2879
12.2549
12.2752
12.2923
12.535
12.5636
12.5388
12.5139
12.4949
12.4851
12.4803
12.4757
12.4702
12.4667
12.4667
12.4708
12.4772
12.482
12.4859
12.4955
12.517
12.5429
12.5503
12.5219
12.5789
12.6119
12.5668
12.5358
12.5357
12.558
12.5863
12.6088
12.6213
12.6266
12.6276
12.6257
12.6169
12.5991
12.5731
12.5495
12.5448
12.568
12.5981
12.5746
12.5202
12.5236
12.5093
12.5782
12.6579
12.7247
12.7716
12.8012
12.8179
12.8242
12.8251
12.8198
12.8087
12.7883
12.7552
12.7013
12.6191
12.5377
12.5309
12.53
12.8738
12.9628
13.0032
13.0193
13.0243
13.0351
13.0478
13.0569
13.0612
13.0622
13.0612
13.0593
13.0563
13.052
13.0498
13.0524
13.0549
13.0361
12.9822
12.8999
13.3206
13.4413
13.456
13.412
13.3599
13.328
13.3151
13.3109
13.3086
13.3073
13.3058
13.3054
13.3054
13.3097
13.3254
13.3637
13.4277
13.4795
13.4623
13.3596
13.5641
13.6268
13.6141
13.6119
13.5927
13.5698
13.5552
13.5498
13.5475
13.5463
13.5466
13.5494
13.5544
13.5627
13.5735
13.5854
13.5969
13.6003
13.6189
13.5845
13.8066
13.8299
13.8128
13.8278
13.8271
13.8153
13.8019
13.7943
13.7901
13.7876
13.788
13.7911
13.7986
13.8064
13.8096
13.8009
13.7755
13.7423
13.7592
13.76
14.1296
14.173
14.151
14.1338
14.1065
14.0784
14.057
14.0452
14.0391
14.0368
14.0373
14.0414
14.0469
14.0535
14.0608
14.0638
14.0568
14.0428
14.053
14.0257
14.391
14.4381
14.4056
14.3916
14.3696
14.3438
14.3217
14.3078
14.3006
14.2987
14.3016
14.3093
14.3207
14.3353
14.3519
14.3662
14.3709
14.3664
14.3817
14.3399
14.6485
14.6986
14.6701
14.6666
14.6575
14.6382
14.6124
14.5905
14.5764
14.5712
14.5725
14.5819
14.5971
14.6207
14.6522
14.6905
14.7325
14.7667
14.7942
14.7283
14.9405
15.0071
14.9882
14.9854
14.9726
14.946
14.9113
14.8795
14.8571
14.8472
14.8462
14.8544
14.8681
14.8878
14.9101
14.9363
14.9698
15.0135
15.0651
14.9945
15.2579
15.3514
15.3319
15.3008
15.259
15.2136
15.1739
15.1412
15.1191
15.1094
15.113
15.1275
15.15
15.1754
15.1952
15.1936
15.1602
15.1165
15.1486
15.1179
15.413
15.5054
15.4698
15.4377
15.4171
15.3995
15.3826
15.3657
15.3531
15.3486
15.3559
15.3749
15.4054
15.4427
15.4849
15.5308
15.5742
15.5984
15.6011
15.4999
15.391
15.45
15.442
15.5113
15.574
15.6028
15.6017
15.5875
15.5723
15.5638
15.5641
15.5753
15.5925
15.6161
15.6455
15.6895
15.7595
15.8383
15.8801
15.7521
15.6383
15.7793
15.8236
15.8468
15.8505
15.8409
15.8193
15.7923
15.7688
15.7528
15.7457
15.7447
15.7466
15.7451
15.733
15.7046
15.6699
15.6534
15.6978
15.6155
15.7885
15.9544
15.9714
15.9535
15.9415
15.9403
15.9379
15.9287
15.9179
15.9088
15.9055
15.9045
15.9016
15.8856
15.8485
15.7778
15.6761
15.5751
15.5579
15.4694
15.6215
15.7344
15.7411
15.802
15.8806
15.955
16.0088
16.0399
16.0544
16.06
16.0633
16.0634
16.0594
16.0427
16.0142
15.9782
15.9338
15.8723
15.8076
15.634
15.5586
15.6625
15.7171
15.8426
15.9712
16.0783
16.1533
16.1992
16.2229
16.2337
16.2361
16.2331
16.2225
16.2046
16.1829
16.1681
16.1669
16.1592
16.1158
15.8938
15.9292
16.0908
16.1734
16.2411
16.2941
16.3433
16.385
16.4131
16.4282
16.4336
16.4326
16.4244
16.4095
16.384
16.3488
16.3048
16.2546
16.1976
16.1729
15.9987
16.463
16.6299
16.6543
16.6338
16.6099
16.6062
16.6171
16.6291
16.637
16.638
16.6347
16.6249
16.6103
16.5853
16.5497
16.4979
16.4321
16.3637
16.3377
16.1863
16.8153
16.8908
16.8461
16.8307
16.8186
16.8166
16.8248
16.8363
16.8446
16.8469
16.8441
16.8354
16.8231
16.8069
16.7932
16.7803
16.7672
16.7585
16.7489
16.5952
17.1097
17.1325
17.0568
17.0347
17.0293
17.0306
17.0392
17.0515
17.0607
17.0648
17.0636
17.0584
17.0505
17.044
17.0475
17.064
17.0887
17.1246
17.1583
17.0443
17.4271
17.4533
17.3729
17.318
17.2961
17.287
17.2889
17.2965
17.3027
17.3046
17.3012
17.2943
17.2851
17.2793
17.2846
17.3076
17.3486
17.4203
17.4963
17.4263
17.7126
17.7423
17.683
17.637
17.6216
17.6084
17.5984
17.5924
17.5889
17.5849
17.5786
17.5714
17.5642
17.559
17.555
17.5558
17.5621
17.6108
17.688
17.672
18.1304
18.203
18.1877
18.1148
18.0591
18.0068
17.9667
17.9398
17.9242
17.9157
17.9128
17.9151
17.9235
17.9402
17.9592
17.9709
17.9579
17.9654
17.9865
17.9812
18.6401
18.7401
18.7382
18.6037
18.4956
18.4097
18.3502
18.3152
18.2957
18.2889
18.2915
18.3071
18.3365
18.3877
18.4581
18.5454
18.642
18.7588
18.7262
18.634
19.0613
19.0947
19.119
19.0204
18.9263
18.8332
18.758
18.7106
18.6849
18.6779
18.6834
18.7078
18.7493
18.8183
18.9111
19.0287
19.1671
19.3413
19.3276
19.2678
19.3728
19.3924
19.4802
19.4061
19.3261
19.2312
19.1464
19.0873
19.0557
19.047
19.0537
19.0794
19.1239
19.1947
19.2859
19.3933
19.4952
19.6108
19.5588
19.5882
19.3545
19.3317
19.4804
19.4763
19.4881
19.464
19.4222
19.3861
19.3652
19.3601
19.3654
19.3846
19.4152
19.4592
19.5031
19.5305
19.5316
19.5603
19.4241
19.4952
19.1957
19.123
19.3673
19.4468
19.5586
19.6101
19.615
19.6042
19.5956
19.5912
19.5907
19.5915
19.5939
19.591
19.5663
19.4912
19.3545
19.2598
19.0017
19.1101
19.1901
19.1066
19.4329
19.4716
19.5828
19.6652
19.7009
19.7079
19.7076
19.7053
19.6999
19.6875
19.6643
19.6205
19.5455
19.4274
19.2833
19.2075
18.8344
18.9319
19.2255
19.007
19.3437
19.3172
19.4233
19.545
19.6283
19.6703
19.6906
19.6981
19.696
19.6795
19.647
19.5862
19.4861
19.3551
19.2473
19.2645
18.8688
19.0542
19.4033
18.9582
19.3373
19.2789
19.3725
19.4928
19.5822
19.6324
19.6574
19.6677
19.6697
19.6616
19.6409
19.602
19.5369
19.4552
19.4142
19.5191
19.1114
19.5061
20.1608
19.5384
19.9989
19.7527
19.6932
19.7263
19.7664
19.7868
19.7949
19.7967
19.7983
19.7964
19.7907
19.7778
19.7584
19.7615
19.8541
20.1223
19.6974
20.3599
21.3023
20.3828
20.9707
20.5783
20.3641
20.2968
20.2796
20.2653
20.2521
20.2428
20.2425
20.2507
20.2634
20.2833
20.3104
20.3866
20.5819
20.9406
20.3947
21.395
22.4245
21.113
21.977
21.5598
21.2406
21.0828
21.0124
20.9699
20.941
20.9239
20.9217
20.9334
20.9592
21.0047
21.0753
21.2238
21.5015
21.8638
21.0015
22.3579
22.9439
20.935
22.1618
21.9237
21.6663
21.5234
21.4569
21.4195
21.3945
21.3809
21.3786
21.3914
21.4137
21.4525
21.5137
21.6475
21.9052
22.1508
20.889
22.8446
22.9491
19.8832
21.5211
21.5639
21.4307
21.344
21.3032
21.2768
21.2569
21.2458
21.2463
21.2591
21.2805
21.3129
21.356
21.4435
21.5826
21.5635
19.9309
22.9703
23.8857
19.3583
21.2466
21.3867
21.2149
21.0879
21.0219
20.9817
20.9553
20.9428
20.9437
20.9606
20.9857
21.0327
21.0906
21.2157
21.3666
21.2209
19.3608
23.9262
27.3132
20.1089
21.5362
21.7352
21.5509
21.4161
21.354
21.3205
21.3018
21.2913
21.2933
21.3016
21.3193
21.3575
21.4161
21.5555
21.7406
21.5439
20.1252
27.3023
32.3101
20.2161
20.1954
21.0011
21.2289
21.2566
21.2603
21.2597
21.2566
21.2541
21.2543
21.2571
21.2602
21.2619
21.2585
21.2322
21.0053
20.1977
20.2163
32.3155
-0.0241937
-0.0146797
-0.023747
-0.00557931
0.00299871
0.00696962
0.0112002
0.0155286
0.0184288
0.0191398
0.0179541
0.0148177
0.0101374
0.00586548
0.00517527
0.0107609
0.016055
0.00814951
0.012993
-0.00287368
0.08986
0.124167
0.131622
0.151612
0.163138
0.164429
0.161813
0.16028
0.159672
0.158305
0.155752
0.150726
0.14498
0.13873
0.133584
0.127227
0.116026
0.101653
0.101303
0.0793738
0.384752
0.407941
0.414919
0.39421
0.368141
0.346377
0.330222
0.319093
0.312068
0.30713
0.30296
0.298689
0.293932
0.28901
0.283117
0.273931
0.262611
0.252552
0.250603
0.259596
0.53843
0.540175
0.54217
0.533489
0.514801
0.493007
0.473223
0.45771
0.44723
0.440782
0.437222
0.436074
0.437444
0.441292
0.445387
0.443412
0.429969
0.407933
0.397128
0.404614
0.635144
0.606352
0.59639
0.600575
0.602518
0.596643
0.585676
0.57443
0.565802
0.560785
0.558189
0.558953
0.561635
0.567805
0.576713
0.588785
0.602987
0.612726
0.607999
0.599341
0.677698
0.65383
0.638936
0.640105
0.650454
0.660014
0.664936
0.665766
0.66472
0.663956
0.663263
0.66368
0.664345
0.665474
0.666088
0.667583
0.670679
0.6757
0.684887
0.695754
0.654973
0.647485
0.642619
0.65984
0.689907
0.721567
0.745931
0.75996
0.76599
0.768245
0.768346
0.767749
0.765333
0.761098
0.753177
0.742271
0.73085
0.724492
0.7337
0.752049
0.755075
0.770346
0.784375
0.803077
0.824941
0.847173
0.865419
0.877559
0.883493
0.885827
0.885808
0.884352
0.880433
0.872922
0.859835
0.840953
0.819078
0.804333
0.808766
0.822826
0.958273
0.993684
1.01488
1.01152
1.00237
0.998185
1.00019
1.00485
1.00862
1.01062
1.01123
1.011
1.00907
1.00572
1.00138
0.996785
0.991689
0.987511
0.983998
0.977005
1.09777
1.11048
1.12021
1.1244
1.12352
1.12368
1.12661
1.13155
1.13535
1.13771
1.1375
1.13594
1.13358
1.13248
1.13547
1.14715
1.16635
1.18403
1.18005
1.15185
1.26198
1.25994
1.2633
1.26885
1.27072
1.27047
1.26983
1.27109
1.27275
1.27328
1.27203
1.26917
1.26468
1.25882
1.25126
1.24366
1.23681
1.23193
1.23231
1.23206
1.47538
1.47905
1.47767
1.46547
1.45021
1.43806
1.4294
1.42415
1.42187
1.42073
1.42035
1.41923
1.4181
1.41532
1.40843
1.39296
1.36869
1.34483
1.33798
1.35238
1.64362
1.63227
1.62074
1.60857
1.59493
1.58437
1.57716
1.57304
1.57117
1.57146
1.57313
1.57643
1.58135
1.58896
1.59942
1.61068
1.61982
1.62178
1.6111
1.59922
1.77561
1.75649
1.74966
1.75327
1.74942
1.73863
1.72701
1.71968
1.71595
1.71626
1.71845
1.72377
1.73214
1.74533
1.76468
1.79202
1.82502
1.85108
1.85253
1.83356
1.90799
1.9066
1.90557
1.89689
1.8861
1.87282
1.85999
1.85036
1.84499
1.84358
1.84567
1.85128
1.86039
1.87344
1.88935
1.90568
1.9205
1.93014
1.94219
1.95497
1.95983
1.94619
1.94042
1.9469
1.95859
1.96684
1.96806
1.96375
1.95856
1.95503
1.9536
1.95401
1.95587
1.95845
1.9634
1.97234
1.98652
2.0044
2.02158
2.03239
2.03755
2.03494
2.0376
2.04591
2.05533
2.06193
2.06579
2.06544
2.06296
2.05894
2.05493
2.04941
2.04073
2.02685
2.0081
1.98771
1.97013
1.96395
1.97956
1.99994
2.13971
2.15074
2.15021
2.14297
2.14258
2.14821
2.15786
2.16595
2.17099
2.17165
2.17023
2.16498
2.15633
2.14052
2.11516
2.07907
2.03388
1.99437
1.98705
2.0017
2.23831
2.24008
2.23835
2.24432
2.25544
2.26923
2.28273
2.29311
2.29959
2.30258
2.30333
2.30234
2.29957
2.29491
2.28773
2.27779
2.26718
2.25461
2.2273
2.19521
2.39304
2.41101
2.4248
2.43372
2.43696
2.43737
2.43694
2.4374
2.43854
2.44003
2.44098
2.4419
2.44373
2.44806
2.45653
2.46917
2.48428
2.49383
2.47384
2.42997
2.53921
2.55791
2.57233
2.57548
2.57124
2.56673
2.56455
2.56507
2.56748
2.57059
2.57393
2.57757
2.5822
2.59038
2.60371
2.61957
2.63169
2.63417
2.62518
2.60915
2.6525
2.65416
2.65781
2.66144
2.66568
2.67308
2.68153
2.68961
2.69611
2.70127
2.7062
2.7114
2.71872
2.72735
2.73702
2.74615
2.75291
2.75344
2.75449
2.76166
2.80057
2.78987
2.79176
2.80945
2.82565
2.83494
2.83709
2.8367
2.83549
2.83455
2.83387
2.83439
2.83579
2.83822
2.84209
2.8493
2.86129
2.87366
2.88337
2.88825
3.05784
3.06849
3.07105
3.06126
3.04149
3.01787
2.99724
2.98247
2.97206
2.96484
2.95873
2.95304
2.94588
2.93565
2.92212
2.90741
2.89435
2.88923
2.90199
2.91835
3.22922
3.23809
3.22563
3.19423
3.1589
3.13015
3.11141
3.10023
3.09357
3.08902
3.08518
3.08062
3.07425
3.0642
3.04784
3.02116
2.98324
2.94807
2.94456
2.96267
3.23043
3.19617
3.17231
3.17676
3.19101
3.20525
3.2136
3.21702
3.21811
3.21925
3.21989
3.2203
3.22006
3.21885
3.21679
3.21404
3.20891
3.20124
3.18541
3.16616
3.30065
3.27228
3.26289
3.28377
3.31337
3.33565
3.34771
3.35277
3.35461
3.35606
3.3577
3.3606
3.36427
3.37087
3.38084
3.3956
3.41479
3.43194
3.42761
3.40015
3.50114
3.51611
3.522
3.51589
3.5098
3.50418
3.50079
3.49771
3.49479
3.49262
3.49175
3.49243
3.49606
3.50487
3.52002
3.54
3.56167
3.57834
3.5831
3.57246
3.66611
3.69383
3.69773
3.67876
3.65926
3.64499
3.63625
3.62959
3.62483
3.621
3.6189
3.61817
3.61847
3.61887
3.61912
3.62111
3.62785
3.63879
3.65225
3.66133
3.71903
3.72419
3.72655
3.72949
3.73379
3.73841
3.74223
3.74446
3.74578
3.74602
3.74677
3.74739
3.7484
3.74621
3.73763
3.71986
3.69574
3.67915
3.6897
3.71415
3.77946
3.7788
3.78767
3.80827
3.83219
3.85159
3.86309
3.86946
3.87249
3.87463
3.87724
3.88085
3.88485
3.88882
3.89225
3.89313
3.89117
3.88963
3.88799
3.88281
3.94721
3.97555
3.99809
4.00403
4.00291
4.0003
3.99811
3.99785
3.99771
3.99846
3.99915
4.00085
4.00275
4.00621
4.01369
4.02956
4.05293
4.07353
4.07303
4.05005
4.11275
4.13697
4.14867
4.13832
4.12286
4.11393
4.11193
4.11356
4.11603
4.11764
4.11796
4.11687
4.11404
4.11011
4.1047
4.09887
4.09362
4.09046
4.094
4.09615
4.22903
4.20235
4.19289
4.20442
4.21817
4.2314
4.24065
4.24535
4.24788
4.24919
4.25013
4.24944
4.2471
4.24061
4.22803
4.20593
4.17645
4.15096
4.14518
4.15646
4.4116
4.38841
4.37778
4.38502
4.39146
4.39322
4.39275
4.39122
4.38953
4.38832
4.38788
4.38776
4.38751
4.38619
4.38386
4.38026
4.37624
4.37035
4.3552
4.33629
4.58158
4.59601
4.59056
4.5755
4.56074
4.54657
4.53652
4.53095
4.52768
4.52583
4.52397
4.52274
4.52207
4.52315
4.52745
4.5376
4.55391
4.56645
4.5565
4.5265
4.68792
4.69786
4.69388
4.68638
4.68057
4.67483
4.66931
4.66513
4.66261
4.66099
4.66048
4.66104
4.66293
4.66606
4.67012
4.67378
4.67585
4.67285
4.66941
4.66559
4.79348
4.8023
4.80774
4.80863
4.80757
4.80534
4.80198
4.79842
4.79556
4.79395
4.79346
4.79438
4.79665
4.80025
4.80719
4.81869
4.83448
4.84838
4.84994
4.84231
4.88546
4.899
4.91206
4.92169
4.92876
4.93233
4.93208
4.92867
4.92446
4.92113
4.91947
4.9193
4.91974
4.92023
4.92094
4.92398
4.92935
4.93484
4.9409
4.94598
5.02074
5.03574
5.05042
5.05485
5.0537
5.05093
5.04832
5.04556
5.04295
5.04063
5.03947
5.03929
5.04036
5.04099
5.03875
5.0309
5.01595
4.99927
4.9986
5.01179
5.14581
5.14687
5.14434
5.13831
5.13655
5.14074
5.1472
5.15326
5.15743
5.15974
5.16076
5.16113
5.15993
5.15769
5.1536
5.14639
5.13728
5.13054
5.12554
5.12262
5.21966
5.18914
5.17584
5.19936
5.2305
5.25631
5.27318
5.28341
5.28925
5.29313
5.29573
5.29738
5.29708
5.2937
5.28545
5.27136
5.25218
5.23585
5.23255
5.23578
5.393
5.40245
5.40305
5.41044
5.42038
5.42733
5.43149
5.4342
5.43564
5.43707
5.4389
5.44173
5.44544
5.45093
5.45822
5.46619
5.47078
5.46855
5.459
5.44239
5.63359
5.66579
5.66655
5.64365
5.61984
5.60233
5.59119
5.58469
5.58019
5.57777
5.57595
5.5758
5.57745
5.58362
5.59728
5.6214
5.65419
5.68108
5.67765
5.64345
5.82742
5.84579
5.84149
5.8165
5.78458
5.75641
5.73578
5.72191
5.71334
5.70779
5.70389
5.70119
5.69917
5.69678
5.69262
5.68908
5.68984
5.69498
5.70264
5.70126
5.8834
5.89326
5.89071
5.87937
5.86733
5.85706
5.84902
5.84254
5.83784
5.83431
5.83201
5.83009
5.82813
5.82245
5.8087
5.78448
5.75286
5.72754
5.72895
5.7477
5.86769
5.86188
5.87312
5.90347
5.93504
5.95698
5.96703
5.96965
5.96887
5.96803
5.96797
5.96881
5.96911
5.96841
5.96651
5.96171
5.95125
5.93846
5.92903
5.92248
5.97486
5.9899
6.01672
6.04522
6.06986
6.08756
6.09804
6.10362
6.10538
6.10674
6.10823
6.11186
6.11671
6.1247
6.13718
6.15523
6.17565
6.19015
6.18413
6.15642
6.20088
6.21822
6.22608
6.22351
6.22245
6.22628
6.23299
6.23934
6.24331
6.24585
6.24806
6.25227
6.25843
6.26884
6.28349
6.3027
6.32328
6.33694
6.33892
6.32443
6.45055
6.44968
6.43773
6.42574
6.41213
6.40146
6.3949
6.39133
6.38915
6.38812
6.38763
6.38865
6.39008
6.39129
6.39113
6.39191
6.39609
6.40278
6.41155
6.41145
6.63132
6.64719
6.64257
6.62706
6.60079
6.57427
6.55362
6.53931
6.53076
6.52578
6.52374
6.52301
6.52312
6.52104
6.5125
6.49385
6.46742
6.44741
6.45426
6.46953
6.69156
6.69638
6.69067
6.6867
6.6807
6.67388
6.66666
6.66033
6.65614
6.65433
6.65486
6.65723
6.66119
6.66605
6.67116
6.67413
6.67304
6.67092
6.66705
6.6527
6.71084
6.69584
6.69197
6.71565
6.74479
6.76617
6.77631
6.7797
6.78008
6.78105
6.78278
6.78654
6.7911
6.79859
6.81061
6.83122
6.85812
6.88019
6.87756
6.84311
6.81535
6.82808
6.83715
6.85458
6.87457
6.89027
6.89989
6.90518
6.90746
6.9097
6.91242
6.91653
6.9207
6.92415
6.92522
6.92585
6.92615
6.92555
6.92601
6.91425
6.98563
7.01423
7.01813
7.01259
7.01229
7.01751
7.02495
7.03165
7.03649
7.04007
7.04386
7.04804
7.05214
7.05317
7.04743
7.0318
7.00838
6.98724
6.98146
6.98106
7.16988
7.19038
7.19119
7.18914
7.18559
7.18242
7.18013
7.17887
7.17824
7.17823
7.17851
7.17865
7.17825
7.17638
7.17311
7.16793
7.16274
7.15815
7.147
7.12388
7.37531
7.40363
7.40992
7.40057
7.3825
7.36367
7.34764
7.3353
7.32671
7.32104
7.31704
7.31325
7.30755
7.29933
7.2895
7.28115
7.27844
7.27997
7.27255
7.24221
7.51213
7.52506
7.52461
7.51952
7.51158
7.50222
7.49122
7.47993
7.47056
7.46339
7.45873
7.45507
7.45196
7.44703
7.43721
7.41879
7.39118
7.36417
7.35497
7.34645
7.60711
7.60346
7.60143
7.61506
7.62892
7.63448
7.6301
7.62116
7.61154
7.60436
7.59982
7.59844
7.5992
7.60282
7.60967
7.61884
7.62783
7.63146
7.62007
7.5895
7.73971
7.75805
7.76327
7.7633
7.76105
7.75719
7.75155
7.74526
7.73837
7.73393
7.73145
7.73244
7.73534
7.74205
7.75398
7.77427
7.80249
7.82717
7.8282
7.79763
7.79824
7.81782
7.8168
7.81223
7.8143
7.82409
7.83559
7.84394
7.84806
7.85059
7.85337
7.85822
7.86472
7.87197
7.8775
7.87909
7.87572
7.87062
7.87727
7.88023
7.81489
7.80945
7.80922
7.84259
7.88497
7.92218
7.94749
7.96232
7.96988
7.97419
7.97709
7.98029
7.98342
7.98472
7.98232
7.97577
7.96619
7.9592
7.96218
7.96228
8.02116
8.04597
8.05884
8.07205
8.08515
8.09644
8.10549
8.11106
8.11306
8.11262
8.11162
8.11021
8.10717
8.09984
8.08605
8.06628
8.04319
8.02444
8.02414
8.02555
8.27702
8.32291
8.33257
8.317
8.29564
8.27976
8.2715
8.26661
8.26286
8.259
8.25576
8.25185
8.24683
8.23834
8.22648
8.21252
8.19716
8.18432
8.17963
8.1658
8.4273
8.44678
8.44405
8.43888
8.42969
8.42097
8.41434
8.41021
8.40756
8.40592
8.40461
8.4035
8.40105
8.39854
8.39821
8.40222
8.41163
8.42375
8.4242
8.39204
8.54127
8.54074
8.53269
8.53846
8.54403
8.5478
8.54912
8.55074
8.55232
8.55454
8.55769
8.56259
8.57035
8.5817
8.5964
8.61331
8.62864
8.64056
8.64759
8.62526
8.69686
8.70621
8.69878
8.69735
8.69684
8.69744
8.6983
8.69973
8.70118
8.70395
8.70797
8.71544
8.72656
8.74441
8.7693
8.80018
8.83316
8.85837
8.86853
8.84548
8.87605
8.88953
8.87977
8.87535
8.8697
8.8645
8.86061
8.85751
8.85524
8.85519
8.85741
8.86259
8.87051
8.8807
8.89144
8.90413
8.92039
8.93555
8.95143
8.94405
9.08559
9.11148
9.1018
9.08387
9.06054
9.03844
9.02227
9.01173
9.00596
9.00333
9.00431
9.00823
9.01406
9.01852
9.01727
9.00566
8.98484
8.9646
8.97147
8.97542
9.23796
9.26733
9.25126
9.22482
9.19922
9.17938
9.16623
9.1582
9.15439
9.15299
9.15432
9.15684
9.15995
9.16116
9.16081
9.15767
9.14926
9.13775
9.13157
9.10864
9.32648
9.33196
9.31765
9.32802
9.33662
9.33629
9.32939
9.32138
9.31521
9.31247
9.31269
9.31571
9.31888
9.32241
9.32651
9.33283
9.34203
9.34923
9.34494
9.30229
9.53735
9.57842
9.58276
9.57949
9.56356
9.53922
9.51456
9.49476
9.48102
9.47343
9.47165
9.47471
9.48304
9.49535
9.50957
9.52248
9.52917
9.52754
9.52431
9.48471
9.70607
9.771
9.77874
9.76017
9.72874
9.6947
9.66515
9.64219
9.62656
9.61797
9.61538
9.6188
9.62693
9.64076
9.65971
9.68097
9.699
9.70544
9.70218
9.65588
9.70907
9.75279
9.75789
9.76835
9.77535
9.77557
9.76976
9.7616
9.75507
9.75206
9.75283
9.7569
9.76341
9.76977
9.77429
9.7768
9.77653
9.77161
9.77224
9.73703
9.7089
9.7419
9.75672
9.79851
9.84164
9.87125
9.88479
9.88833
9.88845
9.88963
9.89411
9.90213
9.91236
9.92087
9.92207
9.90793
9.87753
9.84256
9.83406
9.80397
9.86375
9.93031
9.96233
9.99538
10.0209
10.034
10.0373
10.0354
10.0327
10.0323
10.0363
10.0443
10.0566
10.0705
10.0842
10.0914
10.0861
10.0692
10.0491
9.98559
10.0627
10.1531
10.1857
10.1973
10.1972
10.1906
10.1824
10.1741
10.1675
10.1644
10.1648
10.1695
10.176
10.1847
10.1957
10.2098
10.2247
10.2315
10.2166
10.135
10.1611
10.2241
10.2427
10.2661
10.2855
10.2956
10.2973
10.2939
10.2892
10.2854
10.2832
10.2814
10.279
10.2716
10.2563
10.2327
10.2052
10.1835
10.1767
10.1227
10.2299
10.2721
10.2845
10.32
10.3598
10.3895
10.4049
10.4103
10.4103
10.4075
10.404
10.398
10.3882
10.3684
10.3347
10.2818
10.2155
10.1605
10.1452
10.1078
10.3576
10.4033
10.4134
10.4397
10.4767
10.5096
10.5313
10.5421
10.5457
10.5449
10.5419
10.5352
10.5237
10.5036
10.4754
10.4373
10.3909
10.3523
10.3276
10.2654
10.5355
10.5755
10.5753
10.5897
10.6188
10.6497
10.6735
10.6872
10.6927
10.6935
10.6915
10.6873
10.6806
10.6712
10.6599
10.6488
10.6409
10.6424
10.6283
10.5489
10.7856
10.8262
10.8146
10.7993
10.7993
10.81
10.8246
10.8368
10.8439
10.846
10.8448
10.8412
10.8373
10.8348
10.8363
10.844
10.8591
10.8849
10.8948
10.8414
11.0331
11.0607
11.031
10.9861
10.9646
10.9644
10.9763
10.9907
11.0013
11.0064
11.0068
11.0042
10.9998
10.9961
10.9977
11.0106
11.0386
11.0849
11.1171
11.0984
11.2746
11.2602
11.2224
11.1911
11.1792
11.1763
11.1792
11.185
11.1906
11.1936
11.1943
11.1937
11.1927
11.1928
11.1943
11.1986
11.2082
11.2376
11.2728
11.2936
11.6806
11.684
11.6562
11.5855
11.5211
11.4686
11.4348
11.4173
11.4096
11.4064
11.406
11.4087
11.4167
11.4322
11.4549
11.4824
11.5079
11.5426
11.5608
11.5742
12.0316
12.0477
12.0268
11.9265
11.8272
11.7425
11.6835
11.6482
11.6298
11.6226
11.6226
11.6314
11.6492
11.6814
11.7295
11.7941
11.8703
11.9538
11.9611
11.9396
12.1351
12.1277
12.1349
12.0764
12.0148
11.9498
11.8945
11.8565
11.8359
11.8289
11.8311
11.8439
11.8669
11.9051
11.957
12.0233
12.0986
12.1821
12.1776
12.165
12.0941
12.0773
12.1418
12.1466
12.1462
12.1209
12.0841
12.052
12.0326
12.026
12.0295
12.0439
12.0681
12.1044
12.1463
12.1837
12.2049
12.2229
12.1697
12.1854
12.0645
12.073
12.1988
12.2313
12.2637
12.2677
12.2512
12.2301
12.2146
12.2081
12.2097
12.2192
12.2361
12.2577
12.2755
12.2782
12.2589
12.2396
12.1254
12.1347
12.0623
12.0682
12.2341
12.2676
12.3184
12.3531
12.3657
12.3648
12.3608
12.3583
12.3582
12.3602
12.3611
12.3567
12.3389
12.2977
12.2364
12.1868
12.0224
12.0513
12.1058
12.0498
12.2441
12.276
12.3413
12.4037
12.4424
12.4593
12.4658
12.4677
12.467
12.4619
12.4512
12.4275
12.385
12.3213
12.2529
12.2153
12.0166
12.0829
12.3004
12.1445
12.3541
12.3428
12.3832
12.4441
12.4922
12.5191
12.5319
12.5368
12.536
12.5292
12.5131
12.483
12.4344
12.3752
12.3389
12.3548
12.144
12.2934
12.7216
12.4112
12.629
12.549
12.5332
12.5601
12.5903
12.6084
12.6167
12.6189
12.6188
12.6145
12.6059
12.5883
12.5607
12.5391
12.5543
12.6272
12.4033
12.709
13.4097
12.9198
13.1819
13.0001
12.8767
12.831
12.8177
12.8104
12.804
12.7996
12.7989
12.8026
12.8079
12.8171
12.8355
12.8873
13.0095
13.1895
12.9246
13.4051
14.0717
13.3131
13.6964
13.4902
13.3037
13.2066
13.1622
13.1368
13.1201
13.1109
13.11
13.1176
13.1335
13.162
13.2095
13.3099
13.4969
13.7072
13.3227
14.071
14.4164
13.2597
13.8632
13.7482
13.5849
13.4876
13.441
13.4153
13.3984
13.3895
13.3883
13.3973
13.4134
13.443
13.4924
13.5898
13.7523
13.867
13.2605
14.4139
14.5222
12.7343
13.6023
13.6449
13.5472
13.4759
13.4415
13.4226
13.4093
13.4022
13.4023
13.4098
13.4232
13.4444
13.4776
13.5446
13.6346
13.5849
12.7213
14.5302
15.1435
12.3915
13.437
13.5615
13.4603
13.3749
13.3306
13.3056
13.2893
13.2815
13.2821
13.2927
13.3086
13.3384
13.3779
13.4624
13.552
13.4266
12.3902
15.1609
17.393
12.7959
13.6048
13.7664
13.6532
13.5571
13.5109
13.4865
13.4728
13.4651
13.4662
13.4719
13.4844
13.5113
13.5546
13.6537
13.7705
13.6146
12.8066
17.3855
20.9435
12.5945
12.6495
13.2683
13.431
13.4423
13.4414
13.4401
13.4376
13.4356
13.4356
13.4376
13.4399
13.4417
13.4424
13.4315
13.2692
12.6512
12.5963
20.9442
0.0134643
0.00909028
0.00649224
0.00773188
0.00905218
0.0105604
0.0121613
0.0135212
0.0144742
0.0147757
0.0146122
0.0139901
0.0128931
0.0116838
0.0104773
0.00984422
0.00937309
0.00788198
0.00986679
0.015274
0.038295
0.0384019
0.042977
0.0514979
0.058282
0.0617668
0.0631603
0.0641532
0.065309
0.0662188
0.0671708
0.067724
0.0688958
0.0699445
0.0704256
0.0681817
0.061293
0.0510435
0.0449543
0.0466066
0.105219
0.105368
0.105205
0.105414
0.107163
0.110001
0.113049
0.115759
0.117772
0.119006
0.119569
0.119666
0.119315
0.118898
0.118476
0.117823
0.11698
0.115784
0.113462
0.111508
0.17081
0.172165
0.174044
0.175265
0.175531
0.175025
0.174233
0.173586
0.173044
0.172533
0.171651
0.170411
0.168654
0.166122
0.162527
0.158258
0.153739
0.150052
0.149842
0.152879
0.240261
0.242826
0.244859
0.244235
0.241657
0.238053
0.234498
0.23161
0.229464
0.227739
0.22599
0.22409
0.221479
0.218305
0.214319
0.210007
0.206087
0.203557
0.203908
0.206061
0.292331
0.292299
0.291918
0.290923
0.289376
0.287586
0.28597
0.284706
0.283576
0.282814
0.281955
0.281066
0.279851
0.278515
0.277124
0.275901
0.274783
0.2743
0.273709
0.271772
0.329934
0.324401
0.321703
0.323431
0.326914
0.330699
0.333712
0.335857
0.337035
0.337846
0.338434
0.339322
0.340126
0.341462
0.343047
0.344701
0.345807
0.345917
0.344706
0.342258
0.385028
0.383022
0.381737
0.382663
0.38517
0.388085
0.390316
0.391919
0.39281
0.393535
0.394091
0.394924
0.396374
0.398726
0.401928
0.405982
0.409991
0.412204
0.410997
0.407788
0.449352
0.454588
0.457021
0.456026
0.454134
0.451792
0.44983
0.44839
0.44758
0.447011
0.446691
0.44657
0.446607
0.447057
0.447822
0.448923
0.4504
0.451435
0.451839
0.452459
0.497102
0.499339
0.50066
0.500245
0.499678
0.499192
0.499081
0.499047
0.49911
0.498974
0.498677
0.497843
0.496629
0.494348
0.490883
0.486385
0.481751
0.478841
0.480641
0.486236
0.545385
0.542145
0.540634
0.541488
0.544057
0.547509
0.550542
0.552662
0.55383
0.554297
0.554281
0.553781
0.552613
0.550584
0.547518
0.543316
0.538977
0.536477
0.537385
0.539837
0.612753
0.613804
0.61423
0.613924
0.613614
0.613553
0.613417
0.613504
0.613539
0.613751
0.61383
0.613931
0.614153
0.614581
0.615309
0.61639
0.617318
0.617959
0.616864
0.613198
0.679844
0.684687
0.687147
0.684995
0.680752
0.67644
0.673158
0.671274
0.670482
0.670422
0.670775
0.671749
0.673131
0.675538
0.67876
0.68265
0.686463
0.688683
0.687399
0.682925
0.727867
0.726397
0.727292
0.728372
0.72817
0.727355
0.726242
0.725088
0.724163
0.72371
0.723486
0.723486
0.723974
0.725092
0.727096
0.730203
0.733988
0.736785
0.736685
0.734529
0.772075
0.769731
0.769722
0.771169
0.772867
0.774298
0.775206
0.775394
0.775218
0.774728
0.774279
0.773559
0.77232
0.77026
0.767485
0.764399
0.76187
0.760416
0.761702
0.76597
0.820065
0.816805
0.814508
0.814927
0.817361
0.820664
0.823906
0.826296
0.827767
0.828287
0.828234
0.827392
0.825951
0.823129
0.818821
0.813049
0.806606
0.80186
0.802434
0.807658
0.887962
0.887065
0.885437
0.884514
0.8846
0.885195
0.886079
0.886849
0.887466
0.887742
0.887802
0.88763
0.8871
0.886464
0.885743
0.884553
0.883044
0.881793
0.880547
0.878383
0.962902
0.968117
0.970596
0.96834
0.963677
0.95829
0.953878
0.95088
0.94915
0.948339
0.948141
0.948485
0.949668
0.951707
0.954914
0.959332
0.963967
0.966946
0.965003
0.958617
1.01205
1.01384
1.01587
1.01541
1.01299
1.00981
1.0069
1.0047
1.00333
1.00265
1.00258
1.00327
1.00464
1.00724
1.01112
1.01628
1.02174
1.02523
1.02467
1.02144
1.0453
1.04086
1.04034
1.04331
1.04696
1.05029
1.0525
1.05367
1.05412
1.05434
1.05455
1.05469
1.05493
1.05486
1.05472
1.05482
1.05509
1.05526
1.05693
1.06095
1.08953
1.08671
1.08643
1.08976
1.09435
1.09866
1.10193
1.10401
1.10517
1.10566
1.10592
1.10597
1.10569
1.10463
1.10256
1.09914
1.09498
1.09147
1.09251
1.09809
1.14869
1.14923
1.14839
1.14858
1.15021
1.15245
1.15486
1.15696
1.15844
1.15929
1.15943
1.15889
1.15798
1.15653
1.1547
1.15236
1.14983
1.14821
1.14831
1.14871
1.21827
1.21904
1.21724
1.21548
1.21485
1.21505
1.21571
1.21647
1.21717
1.21758
1.21776
1.2176
1.21687
1.21585
1.21458
1.21315
1.21199
1.21177
1.21183
1.21017
1.29192
1.29561
1.29593
1.29272
1.28802
1.28364
1.28035
1.27834
1.27742
1.2772
1.2774
1.27778
1.27855
1.27954
1.28071
1.28192
1.28261
1.28261
1.28175
1.27955
1.34959
1.35224
1.35329
1.35135
1.34702
1.34216
1.33817
1.33549
1.33407
1.33349
1.33353
1.33422
1.33541
1.33755
1.34039
1.34383
1.34728
1.34919
1.34813
1.34504
1.39209
1.38952
1.38931
1.39102
1.39226
1.39238
1.39153
1.39031
1.38907
1.38817
1.38754
1.38714
1.38706
1.38721
1.38776
1.38887
1.39042
1.39169
1.39179
1.39117
1.43814
1.43666
1.43721
1.43933
1.44177
1.44334
1.44377
1.44321
1.44229
1.44114
1.44018
1.43917
1.43786
1.43578
1.43279
1.42879
1.42487
1.42265
1.42399
1.42816
1.48433
1.48507
1.48577
1.48687
1.48875
1.49075
1.49257
1.49365
1.49418
1.49424
1.4941
1.4936
1.49303
1.49176
1.48976
1.48692
1.48378
1.48205
1.48253
1.48446
1.52978
1.52894
1.52891
1.53128
1.53479
1.53849
1.54204
1.54499
1.54721
1.54878
1.54997
1.55113
1.55221
1.55365
1.55545
1.5574
1.55895
1.5597
1.55819
1.55471
1.58967
1.58968
1.59044
1.59226
1.59438
1.59656
1.59878
1.60092
1.60267
1.60415
1.6054
1.60669
1.60831
1.61036
1.61299
1.61609
1.61892
1.62022
1.61872
1.61553
1.66186
1.66289
1.66267
1.66137
1.65998
1.65925
1.65906
1.65917
1.65944
1.65954
1.65954
1.6594
1.65908
1.65884
1.65874
1.65906
1.65999
1.66083
1.66068
1.66043
1.73555
1.73828
1.73805
1.7348
1.73006
1.72555
1.72198
1.71952
1.71803
1.71697
1.71601
1.71473
1.71316
1.71067
1.70711
1.70268
1.69832
1.69569
1.69683
1.70127
1.79321
1.79547
1.79619
1.79419
1.79016
1.78558
1.78144
1.77834
1.77626
1.775
1.77422
1.77357
1.7727
1.77154
1.76993
1.76775
1.76546
1.76408
1.76436
1.76525
1.83488
1.83189
1.83132
1.83272
1.83414
1.83488
1.83451
1.83373
1.83271
1.83219
1.83191
1.83224
1.83309
1.83479
1.83759
1.84131
1.84493
1.84714
1.84563
1.84041
1.88012
1.87828
1.87773
1.87903
1.88145
1.88376
1.88516
1.88573
1.88581
1.8859
1.88615
1.88702
1.88835
1.89067
1.89383
1.89762
1.90109
1.90315
1.90252
1.89977
1.9274
1.92799
1.92751
1.92767
1.92931
1.93157
1.93391
1.93574
1.93706
1.93806
1.93893
1.93975
1.94065
1.94147
1.9422
1.94269
1.94257
1.94201
1.9424
1.94456
1.97781
1.97751
1.97723
1.97889
1.98183
1.98489
1.98764
1.9897
1.99106
1.99184
1.99246
1.99296
1.99322
1.99299
1.9921
1.99043
1.98847
1.98681
1.98645
1.98789
2.04306
2.04541
2.04665
2.0469
2.04704
2.04723
2.04749
2.04781
2.04811
2.04832
2.04827
2.04794
2.04731
2.04598
2.0437
2.04048
2.03691
2.03424
2.03378
2.03477
2.11518
2.11959
2.12101
2.11823
2.1142
2.11077
2.10829
2.10692
2.10634
2.10619
2.10607
2.10588
2.10532
2.10448
2.10314
2.10137
2.09943
2.09785
2.09666
2.09482
2.17805
2.18164
2.1837
2.18197
2.17785
2.17314
2.16902
2.16623
2.16439
2.16355
2.16294
2.16272
2.16261
2.16282
2.16343
2.1645
2.16576
2.16641
2.16423
2.1586
2.22359
2.22276
2.22451
2.22676
2.22725
2.22616
2.22395
2.22154
2.21944
2.21803
2.21713
2.21666
2.21629
2.21621
2.21613
2.21599
2.21542
2.21428
2.21314
2.21199
2.26193
2.26084
2.2622
2.26541
2.2686
2.27108
2.27212
2.27209
2.27136
2.27062
2.2699
2.26933
2.2688
2.26837
2.26816
2.26841
2.26908
2.26961
2.269
2.26771
2.30138
2.29905
2.29801
2.30107
2.30641
2.31233
2.31725
2.32062
2.32242
2.32321
2.32341
2.32338
2.32285
2.32193
2.32075
2.31976
2.31924
2.31921
2.31952
2.31979
2.36355
2.36382
2.36266
2.36377
2.36682
2.37073
2.37446
2.37743
2.37937
2.38065
2.38147
2.38225
2.38303
2.38354
2.38329
2.38212
2.37985
2.37755
2.37717
2.37862
2.44426
2.45115
2.45328
2.45081
2.44685
2.44325
2.44109
2.44026
2.44016
2.44044
2.44094
2.44202
2.44364
2.44619
2.44913
2.45219
2.45482
2.45602
2.45394
2.44957
2.51272
2.5169
2.5185
2.51569
2.51041
2.50503
2.50105
2.49876
2.4976
2.49735
2.49735
2.49783
2.49854
2.49987
2.50191
2.50496
2.5085
2.51057
2.50907
2.50539
2.56593
2.56447
2.56468
2.56481
2.56318
2.56059
2.55763
2.55515
2.55339
2.55245
2.55201
2.55192
2.55165
2.55105
2.54969
2.54756
2.5447
2.54208
2.54235
2.54557
2.61227
2.61154
2.61243
2.61422
2.61497
2.61447
2.61287
2.61103
2.60935
2.60823
2.60742
2.60685
2.60611
2.60494
2.60288
2.59992
2.59646
2.5942
2.59474
2.59645
2.65648
2.65531
2.65505
2.65776
2.66108
2.66368
2.66492
2.66528
2.66507
2.66493
2.66489
2.66519
2.66532
2.6655
2.66536
2.66498
2.66444
2.66416
2.66341
2.66028
2.7138
2.71452
2.71373
2.71523
2.71807
2.72061
2.72209
2.72275
2.72287
2.72318
2.72371
2.72489
2.72645
2.72848
2.73051
2.73233
2.73337
2.73325
2.73131
2.72714
2.77841
2.78309
2.78398
2.78296
2.78217
2.7816
2.78112
2.78066
2.78023
2.78002
2.78016
2.78103
2.78251
2.78493
2.78779
2.79096
2.79368
2.79439
2.7919
2.7875
2.83541
2.83931
2.84157
2.8414
2.84003
2.83845
2.83706
2.83594
2.83503
2.83443
2.834
2.83386
2.83382
2.83392
2.83391
2.83384
2.8337
2.83286
2.83163
2.8305
2.88482
2.88813
2.89016
2.89069
2.89037
2.8897
2.88909
2.88861
2.88823
2.88789
2.88762
2.88719
2.88616
2.884
2.88029
2.87511
2.86954
2.86552
2.86597
2.86929
2.93438
2.93322
2.93261
2.93448
2.9375
2.94052
2.94273
2.94399
2.94441
2.94446
2.94431
2.94403
2.9435
2.94229
2.94009
2.9371
2.93374
2.93148
2.93084
2.92974
3.00531
3.00771
3.00867
3.00857
3.0083
3.00774
3.00687
3.00597
3.00506
3.00433
3.0037
3.00346
3.00351
3.00446
3.00629
3.0091
3.01204
3.01361
3.01079
3.00275
3.07682
3.08337
3.08634
3.08403
3.07945
3.07444
3.0703
3.06745
3.06561
3.06453
3.06381
3.06362
3.0639
3.06502
3.06688
3.0695
3.07214
3.07342
3.07178
3.06692
3.13145
3.13231
3.13352
3.13401
3.13318
3.1315
3.12947
3.12748
3.12599
3.12521
3.12523
3.12603
3.12732
3.12891
3.13018
3.13071
3.13052
3.12985
3.12973
3.13034
3.18515
3.1856
3.18647
3.18766
3.18853
3.18862
3.18783
3.18673
3.18576
3.18556
3.18629
3.18805
3.19086
3.19449
3.19839
3.20208
3.20483
3.20598
3.20518
3.20305
3.23849
3.23924
3.23942
3.24097
3.24294
3.24423
3.24448
3.24421
3.24377
3.24379
3.24432
3.24589
3.24815
3.25154
3.25573
3.26058
3.26518
3.26778
3.26678
3.26232
3.29719
3.30111
3.30279
3.30429
3.30543
3.30534
3.3041
3.30253
3.30125
3.30063
3.30065
3.30133
3.30233
3.30316
3.30301
3.30156
3.2987
3.29596
3.29617
3.29809
3.35323
3.35981
3.36296
3.36302
3.36214
3.36085
3.35939
3.35798
3.35687
3.35622
3.35602
3.35617
3.35607
3.3553
3.3531
3.34903
3.34404
3.34052
3.34038
3.34109
3.40314
3.40305
3.4036
3.40615
3.40957
3.41275
3.41471
3.41542
3.41524
3.41492
3.41465
3.41445
3.41406
3.41308
3.41102
3.40806
3.40461
3.40222
3.40049
3.39626
3.47086
3.47416
3.47614
3.47778
3.47951
3.48023
3.47974
3.47856
3.47729
3.47633
3.47587
3.47595
3.47603
3.47601
3.47533
3.47375
3.47154
3.46929
3.46615
3.46022
3.53684
3.5445
3.54847
3.54831
3.54656
3.54404
3.54139
3.539
3.53731
3.53623
3.53585
3.53587
3.53657
3.5376
3.53879
3.54013
3.54122
3.54122
3.53745
3.52975
3.5845
3.58632
3.58875
3.59182
3.5946
3.59638
3.59682
3.59605
3.59494
3.59404
3.59371
3.594
3.59471
3.59588
3.59729
3.5986
3.59969
3.59978
3.59669
3.59052
3.63408
3.63575
3.63765
3.64102
3.64535
3.64928
3.6517
3.65253
3.65244
3.65209
3.65212
3.65225
3.6528
3.65298
3.65255
3.65152
3.64988
3.64781
3.64566
3.64375
3.69234
3.69399
3.69422
3.69641
3.70041
3.70484
3.70832
3.71046
3.7114
3.71168
3.71184
3.71225
3.71261
3.71266
3.71202
3.71028
3.70826
3.70636
3.70466
3.70257
3.76801
3.77316
3.77389
3.77389
3.77425
3.77484
3.77516
3.77521
3.77502
3.77478
3.77468
3.77472
3.77506
3.77513
3.77468
3.77346
3.77163
3.77008
3.76903
3.76652
3.84712
3.8563
3.85887
3.85577
3.85086
3.84632
3.84295
3.84066
3.83914
3.83832
3.83807
3.83853
3.83927
3.84053
3.84197
3.84312
3.84406
3.84447
3.8432
3.83823
3.90982
3.91278
3.91362
3.91301
3.91097
3.90872
3.90647
3.90447
3.90274
3.90169
3.90111
3.90105
3.90176
3.90322
3.90539
3.90853
3.91226
3.91504
3.91391
3.90713
3.97048
3.97315
3.97322
3.97254
3.97137
3.97
3.96856
3.96722
3.96608
3.96537
3.96528
3.96599
3.96692
3.96802
3.96871
3.96864
3.96813
3.96771
3.96887
3.96859
4.03343
4.03618
4.03443
4.03296
4.03186
4.03121
4.03093
4.03093
4.03117
4.03167
4.03286
4.0346
4.03747
4.04093
4.04457
4.04789
4.04997
4.05123
4.05174
4.0478
4.11066
4.1177
4.11768
4.11545
4.11201
4.10797
4.10446
4.10194
4.1006
4.10042
4.10133
4.1038
4.10761
4.1135
4.12104
4.12923
4.13641
4.1404
4.13853
4.12757
4.18835
4.20351
4.20923
4.20692
4.1996
4.18998
4.18117
4.17454
4.17041
4.16836
4.16811
4.16935
4.17233
4.17665
4.182
4.18758
4.19187
4.19341
4.19144
4.18261
4.23786
4.25046
4.25721
4.25844
4.25497
4.24872
4.24219
4.23678
4.23324
4.23149
4.23145
4.23294
4.23534
4.23803
4.23999
4.23989
4.23768
4.23435
4.23208
4.22672
4.27657
4.28433
4.28971
4.29562
4.29941
4.30052
4.29941
4.29757
4.29608
4.29566
4.29656
4.29858
4.30191
4.30553
4.30851
4.30948
4.30739
4.30324
4.29773
4.28664
4.33199
4.34468
4.35296
4.3606
4.36567
4.36695
4.36551
4.36326
4.36145
4.36097
4.36187
4.36462
4.36851
4.37362
4.37894
4.38286
4.38368
4.38027
4.37063
4.35145
4.39221
4.41273
4.42553
4.43345
4.43687
4.43559
4.4319
4.428
4.42521
4.42401
4.42438
4.42616
4.42923
4.43262
4.43554
4.43635
4.43356
4.42684
4.41577
4.39715
4.43845
4.45661
4.46835
4.47787
4.48471
4.48747
4.48723
4.48557
4.48402
4.48319
4.4834
4.48441
4.48552
4.48561
4.4836
4.4779
4.46835
4.45677
4.4452
4.42988
4.4904
4.50281
4.51106
4.52179
4.5331
4.54134
4.54533
4.54626
4.54579
4.54511
4.54471
4.54414
4.54314
4.53998
4.53403
4.52411
4.51104
4.49792
4.48579
4.46977
4.56566
4.57989
4.58812
4.59637
4.60538
4.61164
4.61415
4.61395
4.6126
4.61089
4.60927
4.60723
4.60425
4.59895
4.59074
4.57896
4.56513
4.55313
4.54311
4.52851
4.64435
4.65869
4.66543
4.66957
4.67491
4.67928
4.68164
4.68199
4.68122
4.67983
4.67834
4.67624
4.67341
4.66882
4.66263
4.65481
4.64687
4.64157
4.63528
4.62091
4.71747
4.72242
4.72248
4.72535
4.733
4.74163
4.74826
4.75187
4.75299
4.75272
4.75176
4.75045
4.74883
4.74701
4.74555
4.7453
4.74715
4.75158
4.75032
4.73725
4.81544
4.81927
4.81479
4.81057
4.81293
4.81851
4.82397
4.8278
4.8297
4.8303
4.83035
4.8304
4.83062
4.83131
4.83313
4.83689
4.84322
4.85243
4.85785
4.85468
4.93855
4.94228
4.9334
4.91848
4.90957
4.90656
4.90716
4.90913
4.91099
4.91234
4.9135
4.91511
4.91763
4.92171
4.92796
4.93726
4.94972
4.96498
4.97408
4.97435
5.07405
5.0744
5.06248
5.04018
5.02173
5.00951
5.00298
5.00022
4.9994
4.99959
5.00049
5.00287
5.00678
5.0134
5.0228
5.03519
5.05046
5.06795
5.07811
5.08062
5.1993
5.20278
5.19573
5.17102
5.14457
5.12193
5.10583
5.0959
5.0907
5.08858
5.08866
5.09108
5.09617
5.10472
5.11633
5.13113
5.14761
5.16509
5.17196
5.17197
5.27672
5.28442
5.28875
5.27125
5.24705
5.22203
5.20158
5.18749
5.17934
5.17587
5.1757
5.17922
5.18577
5.19645
5.21039
5.22639
5.24219
5.25589
5.25212
5.24365
5.29708
5.3083
5.32838
5.32758
5.31856
5.30335
5.28692
5.27335
5.26457
5.26061
5.26067
5.26465
5.27235
5.28349
5.29617
5.30847
5.317
5.3195
5.29955
5.28421
5.28845
5.30779
5.34723
5.36194
5.36936
5.36801
5.36028
5.35074
5.34344
5.33996
5.34005
5.34392
5.35024
5.35834
5.36591
5.36974
5.36803
5.35821
5.31983
5.29825
5.28681
5.30579
5.36054
5.38458
5.40476
5.4177
5.42183
5.41991
5.41676
5.41476
5.41492
5.41662
5.41955
5.42107
5.41893
5.41068
5.39635
5.37564
5.3214
5.30336
5.34738
5.34647
5.40662
5.42636
5.44765
5.46753
5.48019
5.4851
5.48612
5.48582
5.48583
5.48612
5.48511
5.48036
5.46962
5.452
5.43328
5.41389
5.3534
5.35693
5.52489
5.48481
5.54177
5.5336
5.53112
5.53974
5.54925
5.55401
5.55544
5.5554
5.55533
5.55469
5.55315
5.54809
5.53928
5.53079
5.53182
5.53774
5.4806
5.52362
5.80574
5.69562
5.75331
5.70791
5.66455
5.64512
5.63927
5.63621
5.63335
5.63143
5.63097
5.63265
5.63476
5.63804
5.64476
5.66336
5.70292
5.74509
5.68845
5.79944
6.09985
5.87563
5.95584
5.89524
5.82219
5.77679
5.75342
5.7404
5.73214
5.7278
5.72722
5.73075
5.73809
5.7513
5.77532
5.82211
5.8954
5.95644
5.87525
6.09357
6.29183
5.89374
6.03467
6.00097
5.93087
5.88112
5.85418
5.83935
5.83004
5.82546
5.82472
5.82924
5.83756
5.85316
5.88112
5.93104
6.00091
6.03261
5.8887
6.28294
6.38059
5.71333
5.95336
5.9856
5.94482
5.9074
5.88705
5.87685
5.87046
5.8673
5.86743
5.87094
5.8779
5.88959
5.91027
5.94628
5.98467
5.94982
5.71011
6.38059
6.68089
5.59334
5.9275
5.9975
5.95411
5.9083
5.88295
5.87001
5.86224
5.8584
5.85867
5.86331
5.87095
5.88607
5.90942
5.95516
5.99445
5.92628
5.59672
6.69024
7.75428
5.72481
5.98467
6.07538
6.0267
5.9735
5.94584
5.93202
5.92456
5.92021
5.92077
5.9237
5.93043
5.9453
5.97137
6.02541
6.07498
5.98637
5.72751
7.75204
9.74801
5.33843
5.43231
5.81812
5.91072
5.91074
5.90808
5.90732
5.906
5.90484
5.90484
5.90594
5.90707
5.90802
5.91048
5.91053
5.81805
5.43246
5.33866
9.74784
)
;

boundaryField
{
    fixedWalls_1
    {
        type            zeroGradient;
    }
    frontAndBack_1
    {
        type            empty;
    }
    inlet_1
    {
        type            zeroGradient;
    }
    outlet_1
    {
        type            fixedValue;
        value           uniform 0;
    }
    fixedWalls_2
    {
        type            zeroGradient;
    }
    frontAndBack_2
    {
        type            empty;
    }
    inlet_2
    {
        type            zeroGradient;
    }
    outlet_2
    {
        type            fixedValue;
        value           uniform 0;
    }
    fixedWalls_3
    {
        type            zeroGradient;
    }
    frontAndBack_3
    {
        type            empty;
    }
    inlet_3
    {
        type            zeroGradient;
    }
    outlet_3
    {
        type            fixedValue;
        value           uniform 0;
    }
    fixedWalls_4
    {
        type            zeroGradient;
    }
    frontAndBack_4
    {
        type            empty;
    }
    inlet_4
    {
        type            zeroGradient;
    }
    outlet_4
    {
        type            fixedValue;
        value           uniform 0;
    }
    fixedWalls_5
    {
        type            zeroGradient;
    }
    frontAndBack_5
    {
        type            empty;
    }
    inlet_5
    {
        type            zeroGradient;
    }
    outlet_5
    {
        type            fixedValue;
        value           uniform 0;
    }
}


// ************************************************************************* //
