/*--------------------------------*- C++ -*----------------------------------*\
  =========                 |
  \\      /  F ield         | OpenFOAM: The Open Source CFD Toolbox
   \\    /   O peration     | Website:  https://openfoam.org
    \\  /    A nd           | Version:  6
     \\/     M anipulation  |
\*---------------------------------------------------------------------------*/
FoamFile
{
    version     2.0;
    format      ascii;
    class       volScalarField;
    location    "25";
    object      epsilon;
}
// * * * * * * * * * * * * * * * * * * * * * * * * * * * * * * * * * * * * * //

dimensions      [0 2 -3 0 0 0 0];

internalField   nonuniform List<scalar> 
10000
(
265.866
359.495
234.396
151.213
99.3875
68.4113
50.5624
40.5943
35.3006
33.0668
33.2357
35.8118
41.469
51.699
69.5245
100.307
151.261
232.465
355.461
264.899
265.631
359.086
233.567
150.088
98.601
67.9207
50.2864
40.5667
35.3045
33.0629
33.2071
35.7401
41.417
51.595
69.2984
100.104
151.077
232.315
355.222
264.711
265.523
359.069
233.98
150.579
99.5527
68.6251
50.7001
40.5727
35.2948
33.0324
33.1917
35.7365
41.3777
51.3283
68.6456
99.8176
150.92
231.781
354.969
264.54
265.122
358.941
234.148
150.782
99.5266
68.6126
50.6966
40.7321
35.3575
33.1066
33.2456
35.8183
41.3177
51.7468
69.2418
99.496
150.681
232.823
355.322
264.902
265.205
358.985
234.786
151.543
98.8563
68.1332
50.3646
40.7251
35.3031
33.0722
33.2892
35.8413
41.4587
51.7663
69.655
99.8153
149.509
232.683
355.433
265.004
265.211
359.096
234.67
150.767
99.7558
68.6033
50.6404
40.7892
35.4167
33.1361
33.3074
35.7761
41.3185
51.6854
69.3206
100.15
150.572
232.701
355.569
265.193
265.458
358.923
234.482
151.943
99.7553
68.2655
50.8793
40.8176
35.434
33.1207
33.3235
35.8877
41.5125
51.491
69.6729
99.5237
151.087
232.562
355.835
265.028
265.523
358.679
233.624
151.712
99.5466
68.3042
50.9344
40.8171
35.4359
33.1253
33.3158
35.8184
41.5159
51.6206
69.7381
99.7265
150.248
231.76
355.795
265.312
265.545
358.966
234.483
151.605
98.8318
68.5565
50.9634
40.8009
35.4046
33.1806
33.3241
35.8956
41.5351
51.8025
69.7201
99.9262
150.912
232.557
355.836
265.293
265.568
358.914
233.771
150.97
99.8553
69.0549
50.999
40.7563
35.4703
33.2401
33.3561
35.8258
41.4882
51.7301
69.6863
100.536
151.674
233.257
355.843
265.378
265.892
358.916
234.387
151.691
99.7294
69.0071
50.9473
40.6883
35.3899
33.233
33.3813
35.898
41.4569
51.4098
69.1201
100.398
151.612
233.258
355.789
265.613
266.425
358.822
233.536
151.389
98.9147
68.8235
50.9607
40.7464
35.4527
33.2338
33.3715
35.8723
41.4361
51.6282
69.4689
100.242
151.383
233.182
356.252
265.901
266.458
358.536
234.172
150.671
99.6304
68.8055
50.8816
40.7418
35.3694
33.2251
33.3562
35.7828
41.2581
51.3142
68.947
100.072
151.199
233.053
356.428
265.994
266.508
358.483
233.474
151.272
99.113
68.3032
50.5537
40.7627
35.4405
33.2189
33.3467
35.8659
41.4278
51.6276
69.4436
99.9034
150.364
232.843
356.125
265.909
266.211
358.408
233.913
150.452
99.0975
68.5898
50.6365
40.6556
35.4484
33.2009
33.3193
35.7656
41.2531
51.3166
68.939
99.2281
151.175
232.76
356.784
265.946
266.399
358.605
234.409
151.379
99.1481
68.4695
50.5181
40.6481
35.4207
33.1783
33.2784
35.8019
41.3565
51.5355
69.3908
100.117
151.142
231.933
356.796
265.868
266.244
358.475
234.234
150.424
99.2947
67.9685
50.5576
40.6927
35.41
33.1635
33.2821
35.7036
41.2813
51.4231
69.2328
99.9426
150.988
232.635
356.843
265.705
266.533
358.287
234.017
150.571
99.1229
67.9412
50.2859
40.6437
35.3446
33.1388
33.2682
35.7216
41.0777
50.9963
68.5637
99.7117
150.757
231.833
356.822
265.605
266.732
358.526
233.781
150.418
98.3883
67.7611
50.468
40.6336
35.3683
33.1234
33.2205
35.6541
41.1031
51.0753
68.648
99.4904
150.485
232.475
356.836
265.432
266.291
358.076
232.824
150.672
98.4824
67.7328
50.3799
40.5945
35.3324
33.0584
33.1819
35.6391
41.1315
51.1231
68.4034
99.2657
150.195
231.546
356.462
265.327
266.087
358.04
233.151
150.445
98.6872
67.9235
50.1342
40.5237
35.245
33.024
33.1347
35.5683
41.0626
51.0448
68.306
98.9821
149.903
231.589
356.898
265.076
265.764
357.771
232.066
150
98.3777
67.4334
50.3238
40.4985
35.2452
32.9907
33.0685
35.4827
40.8443
50.7261
68.1958
98.7247
149.583
231.27
356.504
264.884
265.461
357.7
232.543
149.644
97.5957
67.7494
50.2585
40.4344
35.2109
32.9559
33.0281
35.427
40.8386
50.8129
68.2701
98.403
149.178
231.044
356.723
264.658
265.281
357.422
232.136
148.657
97.9678
67.5923
50.1547
40.3586
35.1143
32.9016
32.9669
35.3427
40.724
50.669
68.0659
98.0814
148.802
230.847
356.398
264.452
265.095
357.266
231.767
148.545
97.6958
66.9775
49.9608
40.1843
35.0677
32.8502
32.9035
35.2325
40.5274
50.4729
67.8239
97.7184
147.71
230.579
356.275
264.221
264.844
357.219
230.824
148.079
96.989
67.176
49.7244
40.1621
35.0199
32.8199
32.8571
35.16
40.3845
50.3041
67.5846
97.4346
147.693
230.698
356.48
263.772
264.564
356.802
230.577
148.068
97.0845
66.7077
49.803
40.1683
35.0135
32.7816
32.8057
35.0707
40.2532
49.9325
67.3053
97.06
147.636
230.336
356.072
263.417
264.359
356.855
230.093
147.602
96.7292
66.6188
49.7006
40.1012
34.9577
32.7565
32.7809
35.0479
40.2255
49.8689
67.0535
96.6584
147.156
229.907
356.122
263.089
264.011
356.34
229.521
146.417
96.2693
66.5788
49.415
40.0062
34.9171
32.7302
32.7642
35.055
40.2397
49.8642
66.7778
96.1713
145.857
229.425
356.112
262.674
263.671
355.915
228.988
146.121
95.895
66.3509
49.4533
39.8804
34.8505
32.6958
32.735
34.961
40.1538
49.7062
66.4908
95.8293
145.592
228.457
356.162
262.224
263.217
355.598
228.303
145.382
95.3954
66.0436
49.3316
39.7974
34.8118
32.6658
32.7003
34.933
39.9572
49.3278
66.162
95.4139
145.547
228.508
355.965
261.842
262.681
355.167
227.767
144.737
94.9407
65.7182
49.0074
39.6995
34.7535
32.6139
32.657
34.8754
39.8841
49.2024
65.8703
94.9706
144.968
228.016
355.687
261.379
262.438
354.867
226.683
143.869
93.9227
65.3582
48.9375
39.6151
34.709
32.5785
32.6064
34.7936
39.7339
48.862
65.1858
93.899
143.52
226.766
355.38
260.845
262.035
354.515
225.889
143.02
93.3906
65.0772
48.6112
39.5085
34.6495
32.531
32.5489
34.7001
39.6111
48.6968
64.9139
93.553
142.988
226.555
354.886
260.538
261.743
354.254
225.228
142.254
92.8108
64.5088
48.4865
39.4107
34.5688
32.4684
32.4838
34.5996
39.4285
48.4347
64.5166
92.9689
142.078
225.988
354.857
260.318
261.292
353.992
224.387
141.356
92.159
64.2399
48.3093
39.3249
34.5306
32.4417
32.4482
34.5431
39.3258
48.2202
64.1368
92.4627
141.408
224.762
354.712
260.167
260.835
353.624
223.645
140.551
91.6808
63.825
48.0914
39.2472
34.4936
32.4085
32.4021
34.4595
39.179
47.9869
63.7969
91.8381
140.705
223.923
354.025
259.83
260.361
353.207
222.911
139.816
91.1246
63.4366
47.8542
39.1338
34.4328
32.3734
32.3635
34.3908
39.0444
47.7637
63.4254
91.1884
139.973
223.282
353.801
259.511
259.716
352.725
222.137
139.044
90.6624
63.141
47.7104
39.0589
34.3955
32.3514
32.3289
34.3418
38.9494
47.5542
63.0571
90.6621
139.206
222.432
353.308
258.936
259.273
352.331
221.462
138.428
90.221
62.8373
47.5464
38.9582
34.3601
32.3291
32.2992
34.2806
38.8366
47.3481
62.6798
89.999
138.546
221.696
352.922
258.352
258.803
351.915
220.677
137.682
89.6446
62.4841
47.3289
38.8688
34.3394
32.3165
32.2761
34.2296
38.736
47.1707
62.3333
89.563
137.886
220.881
352.493
257.908
258.504
351.472
219.86
136.985
89.1105
62.1181
47.1433
38.786
34.314
32.3135
32.2608
34.1779
38.6232
46.9746
62.0084
89.0053
137.169
220.138
352.07
257.449
258.266
351.03
219.002
136.224
88.5539
61.7805
46.936
38.7222
34.2912
32.3048
32.2417
34.1298
38.5173
46.7645
61.6578
88.5051
136.393
219.34
351.567
257.064
257.757
350.504
218.075
135.364
87.891
61.3947
46.7481
38.6284
34.2491
32.2839
32.2208
34.0839
38.4173
46.5545
61.2547
87.8528
135.567
218.49
351.037
256.543
257.328
349.974
217.122
134.445
87.2081
61.0014
46.5306
38.5225
34.1966
32.2595
32.1968
34.0282
38.2916
46.3163
60.8599
87.2308
134.615
217.536
350.638
256.268
256.642
349.345
216.037
133.427
86.4733
60.5906
46.3263
38.4196
34.1562
32.2474
32.1818
33.984
38.1843
46.0847
60.4116
86.4277
133.525
216.421
350.019
255.777
256.026
348.775
214.952
132.419
85.8156
60.2037
46.1415
38.342
34.1258
32.2353
32.169
33.9349
38.067
45.8501
59.9797
85.7088
132.595
215.378
349.493
255.49
255.299
348.057
213.855
131.386
85.0556
59.7753
45.9308
38.2485
34.0862
32.221
32.1556
33.8946
37.9603
45.6168
59.5351
84.9705
131.482
214.23
348.774
255.205
254.76
347.424
212.74
130.334
84.3432
59.3727
45.7322
38.1546
34.0449
32.2
32.1354
33.8501
37.8497
45.3728
59.0486
84.1604
130.41
213.123
348.032
254.852
254.402
346.786
211.636
129.314
83.6466
58.9716
45.5176
38.0438
33.9879
32.166
32.1061
33.8084
37.7467
45.152
58.6234
83.4321
129.349
211.975
347.438
254.551
253.819
346.058
210.459
128.262
82.9401
58.5498
45.2878
37.9242
33.929
32.1303
32.0715
33.755
37.6382
44.9257
58.1992
82.7152
128.306
210.813
346.716
254.114
253.403
345.375
209.254
127.146
82.1927
58.1159
45.0476
37.8015
33.8645
32.0903
32.0298
33.6848
37.512
44.6811
57.7439
81.9407
127.125
209.491
345.991
253.655
252.916
344.628
208.079
126.116
81.5016
57.6914
44.7969
37.66
33.7846
32.0361
31.9774
33.6122
37.3847
44.4469
57.3253
81.23
126.026
208.193
345.144
253.105
252.412
343.819
206.81
124.987
80.7261
57.2279
44.5256
37.5067
33.6956
31.9749
31.917
33.523
37.2338
44.1735
56.8294
80.3969
124.835
206.873
344.34
252.532
251.847
343.011
205.49
123.831
79.9243
56.7291
44.2336
37.3385
33.5954
31.9048
31.8486
33.4327
37.0874
43.9205
56.3907
79.6541
123.665
205.527
343.457
251.982
251.393
342.22
204.102
122.632
79.1211
56.2319
43.9389
37.159
33.4795
31.8186
31.7649
33.3241
36.919
43.6366
55.9015
78.8174
122.399
204.093
342.537
251.399
250.86
341.317
202.641
121.361
78.2576
55.7239
43.6238
36.9553
33.3481
31.7244
31.6772
33.2127
36.7446
43.3436
55.4026
77.9723
121.087
202.556
341.613
250.633
250.392
340.457
201.151
120.055
77.3834
55.2005
43.3099
36.7493
33.2076
31.6182
31.5749
33.0851
36.5535
43.0335
54.885
77.0967
119.749
200.963
340.659
249.939
249.72
339.572
199.54
118.633
76.4449
54.6285
42.9551
36.525
33.0544
31.5003
31.4642
32.9504
36.357
42.7182
54.3464
76.1748
118.304
199.258
339.638
249.211
248.968
338.614
197.835
117.163
75.4924
54.0446
42.6011
36.2887
32.8845
31.366
31.3342
32.7923
36.1291
42.3684
53.7862
75.2228
116.814
197.445
338.46
248.233
248.042
337.545
195.965
115.581
74.4539
53.4141
42.2074
36.0369
32.7047
31.2193
31.1929
32.6254
35.8993
42.0168
53.1973
74.2261
115.226
195.505
337.179
247.101
246.844
336.368
193.997
113.942
73.3727
52.7579
41.8062
35.7689
32.5098
31.0566
31.0333
32.4409
35.6467
41.6242
52.5587
73.1544
113.552
193.42
335.721
245.811
245.622
334.998
191.87
112.17
72.245
52.0698
41.3786
35.4897
32.2955
30.8722
30.8537
32.2368
35.3828
41.2374
51.9106
72.0551
111.836
191.264
334.161
244.504
244.058
333.478
189.568
110.275
71.0435
51.3562
40.93
35.1732
32.0577
30.6695
30.6544
32.015
35.0943
40.8019
51.2167
70.8861
109.972
188.875
332.374
242.836
242.374
331.798
187.022
108.227
69.7664
50.6008
40.4648
34.8456
31.7987
30.4459
30.4338
31.7691
34.7791
40.3372
50.4777
69.6759
108.028
186.352
330.567
241.353
240.443
329.862
184.232
106.046
68.4299
49.7949
39.9341
34.4752
31.5045
30.1845
30.1818
31.4911
34.4358
39.8651
49.7154
68.3686
105.918
183.561
328.38
239.397
238.04
327.423
181.072
103.73
66.9534
48.9058
39.3762
34.0745
31.1844
29.8966
29.8925
31.1736
34.0527
39.338
48.8959
67.0046
103.676
180.56
325.986
237.49
235.399
324.534
177.627
101.281
65.4997
47.9933
38.7615
33.6314
30.8283
29.5788
29.579
30.8309
33.6404
38.78
48.0427
65.5596
101.23
177.173
323.037
234.904
232.336
320.942
173.767
98.6294
63.908
47.014
38.1107
33.1513
30.4309
29.2142
29.2121
30.4328
33.1589
38.1304
47.0774
63.9993
98.6369
173.487
319.724
232.362
228.806
316.646
169.486
95.8018
62.2474
45.9924
37.4176
32.6364
30.0022
28.8109
28.8055
29.9899
32.6358
37.4512
46.0604
62.3241
95.8531
169.264
315.453
228.926
224.768
311.538
164.682
92.713
60.4293
44.8865
36.6744
32.0644
29.5096
28.357
28.3556
29.5072
32.0676
36.7038
44.9663
60.5698
92.8652
164.631
310.498
225.239
220.195
305.532
159.44
89.4536
58.5347
43.7122
35.8575
31.4256
28.9626
27.8457
27.8429
28.9596
31.4369
35.9008
43.811
58.7062
89.6481
159.419
304.386
220.585
215.172
298.498
153.772
86.041
56.5581
42.4871
34.9965
30.7389
28.3603
27.2827
27.2836
28.3671
30.7596
35.0481
42.5977
56.753
86.2633
153.816
297.528
215.778
209.909
290.5
147.804
82.5944
54.5993
41.2345
34.0831
29.9941
27.7011
26.6593
26.6618
27.7125
30.0234
34.1408
41.3364
54.7545
82.7616
147.78
289.497
210.294
204.528
281.587
141.594
79.0985
52.6167
39.9603
33.1348
29.2054
26.993
25.989
25.9962
27.0176
29.2525
33.2103
40.0686
52.7642
79.2663
141.574
280.683
204.906
199.362
271.974
135.342
75.6954
50.6729
38.666
32.1458
28.3714
26.2382
25.2689
25.2798
26.2733
28.4366
32.2485
38.8092
50.8382
75.8279
135.252
271.087
199.55
194.678
261.831
129.097
72.409
48.7867
37.3954
31.1557
27.5191
25.4567
24.5207
24.5364
25.5049
27.6018
31.2736
37.5455
48.9498
72.5226
129.009
261.092
194.754
190.74
251.435
123.006
69.2859
46.9875
36.1501
30.1623
26.6534
24.6583
23.7528
23.7719
24.7168
26.755
30.3087
36.3366
47.1857
69.4254
122.946
250.857
190.7
187.851
240.942
117.135
66.3538
45.2995
34.9658
29.2016
25.8056
23.8699
22.9903
23.011
23.9329
25.9145
29.3565
35.1603
45.5105
66.5302
117.168
240.625
187.78
186.188
230.444
111.537
63.6323
43.7053
33.8248
28.2706
24.9827
23.1038
22.2497
22.2701
23.1665
25.0936
28.4339
34.041
43.9564
63.8692
111.677
230.345
185.744
185.915
220.146
106.282
61.1466
42.268
32.7915
27.4146
24.2158
22.384
21.5505
21.5687
22.4395
24.3137
27.5602
32.9888
42.5078
61.3931
106.49
220.26
184.312
183.257
209.874
101.328
58.8612
40.9424
31.8313
26.6184
23.5038
21.7163
20.9008
20.9155
21.7611
23.5837
26.7388
31.9976
41.1509
59.0852
101.533
210.144
183.621
183.039
200.007
96.7253
56.7873
39.7527
30.9713
25.9018
22.8591
21.109
20.3089
20.3197
21.1423
22.9187
25.9926
31.0982
39.9156
56.9657
96.888
200.205
182.319
181.585
190.408
92.4075
54.913
38.6922
30.2013
25.2557
22.2748
20.5566
19.7691
19.7761
20.5783
22.3139
25.3164
30.2877
38.8063
55.0412
92.528
190.546
182.194
182.504
181.238
88.3802
53.2455
37.7577
29.5125
24.6694
21.741
20.0513
19.2756
19.2796
20.0639
21.7637
24.7053
29.5644
37.829
53.3324
88.4688
181.29
182.195
184.874
172.585
84.6654
51.7977
36.9271
28.8783
24.12
21.2389
19.5767
18.8134
18.8153
19.5831
21.2503
24.1385
28.905
36.9648
51.8483
84.7346
172.708
184.84
188.157
164.543
81.5316
50.5766
36.1737
28.2723
23.5864
20.7516
19.1191
18.3701
18.3709
19.1221
20.7569
23.5955
28.2858
36.1925
50.5983
81.5393
164.537
188.038
194.281
157.359
78.9132
49.5126
35.4469
27.6605
23.0447
20.2619
18.6648
17.9336
17.9338
18.6657
20.2634
23.0477
27.6657
35.4559
49.5293
78.9363
157.407
194.294
202.436
150.957
77.0138
48.571
34.7043
27.0127
22.4751
19.7565
18.2047
17.4966
17.4966
18.205
19.7575
22.4776
27.0182
34.7137
48.5832
77.0114
150.899
202.301
213.597
145.855
75.4325
47.6238
33.8943
26.3038
21.8645
19.2286
17.735
17.0567
17.0566
17.7349
19.2289
21.8656
26.3076
33.903
47.6433
75.471
145.887
213.661
227.468
141.987
74.1945
46.6343
32.9804
25.5123
21.2026
18.6751
17.2569
16.6169
16.6169
17.2569
18.6756
21.2037
25.5156
32.9873
46.6453
74.2063
141.958
227.441
244.561
139.597
73.1141
45.4895
31.9131
24.6182
20.4841
18.0982
16.7766
16.1851
16.185
16.7764
18.0981
20.4842
24.6191
31.9157
45.495
73.1269
139.592
244.6
265.226
138.621
71.9815
44.0615
30.6321
23.5983
19.7045
17.5029
16.3038
15.7732
15.7731
16.3036
17.5027
19.7047
23.5997
30.6366
44.0712
71.9962
138.626
265.241
288.494
138.27
70.4198
42.2155
29.0933
22.4431
18.8686
16.9007
15.8532
15.397
15.3968
15.8527
16.8998
18.8674
22.4415
29.0917
42.2144
70.419
138.264
288.39
314.931
138.315
68.1752
39.8276
27.2534
21.1473
17.9876
16.3091
15.4444
15.0756
15.0755
15.4442
16.3087
17.9871
21.1473
27.2555
39.8347
68.1893
138.295
315.009
343.121
137.948
64.735
36.7371
25.0871
19.7288
17.0906
15.7569
15.1039
14.8361
14.8362
15.1038
15.7564
17.0895
19.7273
25.0858
36.7375
64.7413
137.959
342.989
372.883
135.517
59.4524
32.7838
22.6012
18.2368
16.2276
15.2802
14.8608
14.7119
14.7118
14.8606
15.28
16.2269
18.2363
22.6017
32.7868
59.4629
135.54
372.901
402.38
127.822
51.189
27.8242
19.8644
16.7645
15.4755
14.9582
14.7555
14.6779
14.6779
14.7555
14.9582
15.4755
16.7651
19.8642
27.824
51.1888
127.828
402.369
432.726
107.359
38.6214
21.9353
17.0637
15.4928
14.9845
14.8104
14.7306
14.701
14.7011
14.7312
14.8117
14.9864
15.4939
17.0638
21.9344
38.6192
107.346
432.691
466.403
57.3826
21.6802
16.2882
15.2333
14.9471
14.8449
14.8046
14.7968
14.7964
14.7964
14.7968
14.8048
14.8453
14.9479
15.2344
16.2888
21.6804
57.3845
466.414
768.726
1121.08
751.439
466.121
276.946
165.183
104.447
73.8196
58.7798
52.5732
52.5414
58.6581
74.103
104.719
163.372
270.684
456.398
741.102
1108.09
749.111
766.703
1119.36
748.445
463.317
274.651
163.728
102.072
72.4761
57.9797
51.9907
51.955
57.9059
73.6826
104.027
162.202
264.644
448.668
739.394
1106.49
747.078
765.41
1118.09
745.996
461.374
272.685
162.54
103.374
73.3798
58.5414
52.4696
52.4629
58.1269
73.4373
103.484
161.85
268.134
452.474
738.893
1103.08
746.13
759.122
1112.5
737.574
453.837
266.444
158.753
102.593
73.0336
58.3284
52.3542
52.4168
58.527
73.115
101.349
158.618
270.596
454.641
736.957
1107.24
741.047
759.656
1113.66
740.658
459.066
267.277
158.797
100.733
71.8397
57.9766
52.1401
52.2143
58.3451
72.8715
102.467
162.088
269.308
452.384
729.91
1102.83
744.795
757.312
1112.67
743.684
457.407
266.695
157.769
101.41
72.5352
57.4338
51.943
52.0192
58.0661
71.5948
100.676
161.407
264.27
446.015
732.882
1106.62
748.518
756.792
1113.44
741.453
455.156
268.398
157.164
100.658
72.2966
57.8942
51.4611
51.3965
57.9256
72.3573
101.037
160.8
268.899
450.49
735.789
1109.63
745.106
754.698
1115.22
738.917
452.469
266.392
156.02
98.3775
71.2042
57.3192
51.6187
51.4361
57.2406
71.9915
100.383
159.74
267.509
442.783
734.139
1108.32
751.036
747.99
1113.22
735.809
443.983
260.317
155.116
99.3036
71.9749
57.7765
51.9175
51.5054
57.2667
70.9456
100.816
158.379
266.03
449
732.511
1103.82
747.289
748.004
1108.75
729.119
444.211
262.514
155.262
100.112
71.8162
57.5984
51.8765
51.8876
57.2299
71.1801
99.367
157.007
264.153
441.502
730.184
1104.59
751.314
747.384
1110.72
729.291
444.067
257.654
156.175
100.184
71.4162
57.2598
51.6906
51.8324
57.3305
71.478
100.015
153.423
258.952
444.024
723.978
1103.57
750.604
750.238
1112.63
727.277
447.081
260.888
155.354
99.4783
70.3492
56.6821
51.4907
51.6657
57.5576
71.3238
98.4842
155.53
259.679
446.98
729.431
1104.59
746.167
747.006
1111.39
726.105
445.046
254.818
153.845
97.6198
70.8742
56.7871
51.0614
51.1078
57.3254
70.4077
99.4906
155.219
257.833
445.05
724.587
1106.1
747.271
751.331
1107.43
726.359
442.716
254.529
152.881
97.4221
70.0982
57.1363
51.4221
51.1528
56.8826
71.1134
97.8005
152.395
257.448
442.309
727.975
1101.37
746.77
746.299
1109.29
729.018
440.661
253.148
151.607
96.689
69.9245
56.9401
50.9996
51.0091
57.06
70.3496
99.4281
154.691
258.416
438.803
721.609
1106.89
746.785
747.321
1103.12
726.417
437.411
253.616
148.742
96.1451
69.708
56.8086
51.1878
51.0642
56.8282
70.3573
98.7227
151.262
256.111
430.276
726.009
1109.27
747.463
744.736
1109.18
723.945
434.035
248.061
150.085
96.0036
69.6939
56.5799
50.7726
51.235
56.9514
70.5162
98.2563
150.969
251.137
430.482
720.377
1105.3
744.028
743.275
1113.37
720.971
426.558
249.819
147.572
96.1074
68.7558
56.0232
51.0064
51.1266
56.3072
69.4501
97.5235
149.695
250.846
428.972
722.683
1108.56
747.906
741.506
1112.04
712.884
427.125
244.613
147.861
94.8603
69.1076
56.3064
50.6004
50.9599
56.54
69.9266
96.9942
148.576
249.497
429.384
720.326
1111.84
747.182
739.298
1110.55
712.314
423.752
243.092
146.867
95.6377
69.2987
55.7857
50.4951
50.8033
56.3012
68.8926
95.3227
147.396
249.986
431.657
713.333
1111.08
746.424
738.636
1105.86
711.525
415.393
240.367
143.967
93.9853
68.3781
55.66
50.3662
50.3592
56.0706
68.8011
94.9599
145.899
244.169
428.941
713.151
1110.24
742.515
736.064
1108.7
708.171
412.254
240.111
144.598
94.294
68.5539
55.2944
50.4451
50.5031
55.9081
68.7863
94.3007
144.781
245.74
422.001
712.27
1109.69
742.288
731.783
1106.14
699.006
409.338
237.868
143.406
93.5391
67.7202
55.3114
50.3218
50.3339
55.5771
68.4271
94.1226
142.972
240.453
423.754
715.804
1108.66
740.296
728.666
1103.72
696.599
404.818
232.192
140.441
92.9896
68.0328
55.4911
50.162
49.8635
55.0203
67.864
93.493
142.817
239.238
420.5
713.566
1105.25
741.168
724.1
1098
691.238
403.304
232.495
140.349
91.5891
67.5851
55.247
49.9843
49.9248
55.1783
67.3287
91.8087
141.248
236.491
411.868
711.416
1110.31
738.1
722.034
1100.68
688.255
399.15
229.652
139.15
91.1732
67.2271
54.9387
49.7398
49.4151
54.9347
67.0018
91.2836
138.166
235.826
413.685
708.87
1106.55
739.402
718.854
1095.72
686.632
398.006
228.993
136.58
90.2417
66.7257
54.6419
49.5501
49.3685
54.4255
66.5645
90.5442
137.177
229.895
410.146
705.711
1109.28
737.787
716.23
1097.6
688.483
398.861
226.888
136.035
89.5323
66.0299
54.1655
49.2911
49.2962
54.1898
66.0942
89.7315
135.703
230.007
401.894
702.68
1112.14
732.531
713.512
1092.14
680.368
395.481
223.68
133.746
88.5984
65.5804
53.8269
49.0517
48.9277
53.8391
65.6158
88.874
134.236
226.505
406.254
698.612
1110.95
730.611
711.938
1096.69
682.986
388.979
220.061
132.333
87.6588
64.9916
53.4948
48.5601
48.6398
53.462
65.0364
87.8754
133.119
227.48
403.551
692.75
1106.48
727.838
711.65
1095.42
679.685
386.38
217.314
130.576
86.905
64.5248
53.2028
48.3786
48.2286
53.0591
64.3943
87.1517
131.878
225.022
400.623
695.058
1108.26
725.412
712.439
1094.2
676.223
382.278
214.11
129.177
86.1457
63.9567
52.847
48.0702
47.9553
52.6255
63.9081
86.3131
130.3
219.433
392.86
691.339
1108.4
724.604
711.268
1091.94
671.956
379.465
211.793
127.721
85.4078
63.5219
52.5108
47.8088
47.6557
52.329
63.4467
85.56
128.941
217.37
391.11
687.075
1110.36
721.556
708.072
1090.15
667.729
373.593
209.101
126.445
84.6944
63.1045
52.1306
47.5119
47.4159
51.9485
62.889
84.7333
127.508
213.375
383.239
682.759
1108.13
716.864
706.991
1087.38
657.756
368.407
206.813
125.233
83.9802
62.692
51.8668
47.2307
47.1579
51.6346
62.4326
83.9588
125.964
210.203
376.625
672.815
1102
714.232
705.248
1085.04
653.37
365.083
204.341
123.887
83.2779
62.2983
51.5193
46.9508
46.862
51.2953
61.9419
83.252
124.676
207.521
372.58
667.457
1101.47
710.221
703.961
1078.46
647.271
360.053
201.708
122.572
82.517
61.8249
51.159
46.6083
46.5286
50.9617
61.4654
82.4553
123.212
204.563
367.025
662.079
1099.75
707.598
700.295
1076.64
640.974
355.278
199.531
121.304
81.7708
61.3162
50.7714
46.2599
46.1983
50.6013
60.9393
81.5597
121.855
202.393
363.167
655.848
1100.91
703.555
697.283
1071.2
634.245
350.242
197.01
119.999
81.0022
60.7929
50.3604
45.9184
45.8906
50.1959
60.3955
80.69
120.352
199.625
358.298
650.885
1099.19
701.054
693.7
1066.5
627.901
346.501
195.028
118.848
80.3069
60.318
50.0401
45.6096
45.5398
49.7938
59.8924
79.8693
118.772
196.851
353.954
645.465
1095.03
697.046
690.095
1062.28
622.604
341.708
192.474
117.539
79.6213
59.8827
49.6691
45.2454
45.1768
49.3944
59.3501
78.9372
117.188
194.024
348.501
639.748
1095.98
693.855
686.287
1059.06
617.184
338.049
190.323
116.431
78.9932
59.4075
49.3245
44.9603
44.8486
48.9929
58.8515
78.214
115.811
191.422
344.109
634.42
1093.29
689.791
682.771
1057.98
612.09
333.56
187.897
115.236
78.3806
59.0348
48.9973
44.6437
44.5407
48.6576
58.3823
77.4761
114.487
188.642
339.529
628.602
1086.74
686.088
680.034
1059.81
607.276
329.935
185.909
114.162
77.7379
58.5723
48.6236
44.3001
44.17
48.2234
57.8352
76.6294
112.946
185.793
334.593
622.744
1086.3
682.09
678.196
1057.09
602.607
326.331
183.816
113.088
77.1338
58.1604
48.2778
43.979
43.8438
47.8587
57.363
75.8998
111.552
182.858
330.071
617.429
1079.34
678.698
676.001
1049.2
597.366
322.576
181.694
111.95
76.4451
57.6769
47.8868
43.6133
43.4647
47.4302
56.8321
75.1076
110.157
180.237
324.908
611.326
1078.13
674.285
674.553
1047.39
592.658
318.908
179.497
110.792
75.7753
57.2219
47.5141
43.2574
43.0939
47.0116
56.2955
74.3074
108.747
177.528
320.604
605.44
1070.55
670.512
672.236
1041.59
587.141
314.789
177.259
109.626
75.0673
56.7239
47.1034
42.8653
42.6915
46.5656
55.7492
73.517
107.385
174.948
315.401
598.345
1065.84
666.383
670.299
1036.07
581.817
310.969
175.059
108.435
74.362
56.2323
46.7078
42.492
42.297
46.1078
55.169
72.6525
105.848
172.023
310.339
591.375
1060.75
662.833
668.051
1030.94
576.162
306.786
172.79
107.264
73.6633
55.7325
46.2882
42.0988
41.8916
45.6565
54.6124
71.8686
104.526
169.434
305.322
583.733
1055.39
658.412
664.947
1026.36
570.258
302.799
170.592
106.065
72.9601
55.2296
45.8598
41.6893
41.4639
45.1727
54.006
70.9797
103
166.506
300.062
576.843
1050.35
654.169
662.039
1020.05
563.987
298.568
168.3
104.846
72.2188
54.7003
45.4203
41.2818
41.0454
44.6986
53.4121
70.1577
101.67
163.893
294.947
569.17
1044.52
649.257
659.142
1014.48
558.158
294.535
166.036
103.577
71.4393
54.1404
44.9575
40.8523
40.6085
44.2097
52.8049
69.2929
100.191
160.988
289.23
560.57
1038.08
643.337
655.677
1007.93
551.334
290.086
163.635
102.324
70.6535
53.576
44.5039
40.4421
40.195
43.7411
52.2094
68.4517
98.7987
158.295
284.151
552.794
1031.62
637.257
652.27
1002.84
544.992
285.707
161.226
100.94
69.7863
52.9601
44.0144
40.0045
39.7559
43.2488
51.5896
67.5661
97.3148
155.461
278.654
544.197
1024.59
631.176
647.678
996.236
537.467
280.971
158.73
99.5661
68.9267
52.3548
43.531
39.574
39.3205
42.7451
50.9499
66.6463
95.8115
152.732
273.58
536.364
1017.99
624.932
643.724
989.916
530.39
276.332
156.194
98.1252
68.01
51.6925
43.0085
39.1145
38.8584
42.2176
50.2708
65.6706
94.2392
149.809
267.897
527.442
1010.29
618.505
638.424
982.791
522.765
271.41
153.519
96.6348
67.0745
51.0265
42.4821
38.6491
38.3926
41.6813
49.5802
64.6915
92.6787
147.02
262.643
519.121
1003.13
612.592
633.419
975.931
515.073
266.411
150.746
95.0728
66.0718
50.3058
41.9201
38.1572
37.9016
41.1298
48.8663
63.6369
90.9673
144.01
257.201
511.04
996.19
607.189
628.988
969.241
507.113
261.117
147.794
93.3835
65.0165
49.5634
41.33
37.6401
37.3954
40.564
48.1356
62.5732
89.2749
141.016
251.604
502.542
989.649
603.031
624.152
962.993
498.991
255.608
144.672
91.5531
63.8588
48.7612
40.7033
37.0971
36.8648
39.9733
47.3882
61.4992
87.57
138.007
246.092
494.139
982.809
598.297
620.106
957.238
490.881
249.989
141.449
89.6337
62.62
47.8962
40.0394
36.5254
36.3176
39.3714
46.6154
60.4009
85.8467
134.891
240.306
485.405
976.577
594.505
615.201
951.158
481.747
243.578
137.809
87.5107
61.2772
46.9615
39.3238
35.9159
35.7337
38.7385
45.8434
59.34
84.1496
131.88
234.587
476.083
969.311
589.148
610.582
945.684
472.447
236.96
134.055
85.3222
59.8624
45.9687
38.5681
35.2795
35.1304
38.081
45.0193
58.1811
82.3384
128.674
228.533
466.383
962.21
583.483
604.816
939.023
461.712
229.468
129.804
82.8676
58.3151
44.9007
37.7483
34.5825
34.4675
37.3725
44.1546
56.9746
80.4662
125.453
222.292
455.772
953.433
577.151
597.021
930.893
449.759
221.507
125.291
80.2009
56.6262
43.743
36.8757
33.8432
33.7617
36.6021
43.199
55.6576
78.4388
121.929
215.468
443.875
943.102
567.748
587.571
921.028
436.093
212.828
120.406
77.3381
54.8269
42.5
35.9368
33.0498
32.9998
35.7689
42.1639
54.2245
76.2324
118.103
208.106
430.658
930.373
557.27
573.284
907.061
420.596
203.66
115.319
74.2833
52.9058
41.195
34.9429
32.1998
32.1757
34.8703
41.0577
52.6817
73.8466
114.009
200.138
415.835
914.737
543.492
557.03
889.865
403.021
193.645
109.972
71.1489
50.9005
39.8074
33.8852
31.2935
31.296
33.9023
39.8564
51.0237
71.3356
109.7
191.718
399.729
895.697
528.365
535.746
867.402
383.674
183.124
104.344
67.8439
48.7847
38.351
32.7705
30.3352
30.3648
32.8731
38.5741
49.2421
68.6125
105.114
182.855
382.115
872.429
509.817
514.229
841.132
362.877
172.33
98.6569
64.4931
46.6147
36.8232
31.5943
29.3201
29.3688
31.768
37.1997
47.3346
65.7369
100.332
173.66
363.412
845.203
489.994
489.53
809.583
340.858
161.093
92.7065
60.9937
44.3601
35.254
30.3863
28.2672
28.3277
30.6064
35.7499
45.3282
62.7252
95.3611
164.094
343.561
814.152
469.506
464.951
774.077
318.432
150.192
86.8584
57.4979
42.0958
33.6422
29.1227
27.159
27.2296
29.3745
34.1978
43.1777
59.4599
89.9754
154.149
322.585
778.416
447.43
439.99
734.569
295.441
139.085
80.8119
53.8757
39.765
32.001
27.8323
26.0211
26.0959
28.0992
32.5964
40.9462
56.0677
84.4299
143.942
300.929
739.264
426.509
415.148
691.539
272.542
128.394
75.0303
50.3448
37.4367
30.3302
26.505
24.8475
24.9277
26.783
30.9306
38.6087
52.5091
78.5958
133.33
278.415
695.191
404.149
391.201
644.869
249.556
117.6
69.2327
46.8615
35.136
28.6713
25.1822
23.6697
23.7495
25.4518
29.2419
36.2378
48.8706
72.6017
122.576
255.653
647.921
381.916
367.519
595.179
226.914
107.267
63.6738
43.4886
32.8881
27.0353
23.8705
22.4989
22.5787
24.132
27.5625
33.8586
45.221
66.6017
111.71
232.502
597.659
360.153
344.336
543.337
204.534
97.2455
58.2845
40.2574
30.7497
25.4705
22.6096
21.3695
21.4449
22.8523
25.9429
31.5844
41.7068
60.743
101.116
209.807
545.855
339.036
323.882
491.443
183.344
88.0262
53.3321
37.2444
28.7406
24.0005
21.4275
20.3133
20.3821
21.6463
24.4153
29.4497
38.435
55.3307
91.3175
188.264
494.441
321.035
306.544
441.643
164.055
79.7143
48.8852
34.5473
26.939
22.6816
20.3667
19.3611
19.4196
20.5521
23.0292
27.5215
35.5111
50.5097
82.4601
168.517
445.602
307.537
297.765
396.657
147.393
72.5111
45.0557
32.2091
25.3668
21.5291
19.4361
18.5234
18.5708
19.5855
21.8068
25.8293
32.9719
46.3481
74.7304
151.103
400.949
301.954
295.363
357.455
133.571
66.6969
41.9399
30.2865
24.0596
20.5598
18.649
17.8125
17.8487
18.7636
20.7722
24.4095
30.8585
42.9087
68.3678
136.495
361.692
298.425
293.72
324.276
122.328
62.0112
39.4161
28.7068
22.9741
19.7527
17.993
17.2192
17.2439
18.0721
19.9012
23.2184
29.0988
40.0643
63.0628
123.953
326.686
298.284
296.032
295.642
112.961
58.302
37.421
27.443
22.0948
19.0934
17.4564
16.7349
16.7497
17.5048
19.186
22.2498
27.6851
37.8015
58.8998
113.888
297.015
296.615
298.574
271.203
104.965
55.3024
35.7917
26.3896
21.3558
18.5416
17.0124
16.3383
16.3463
17.0381
18.5895
21.4387
26.5248
35.9883
55.5453
105.181
271.186
300.024
305.583
248.677
98.1438
52.775
34.4125
25.4931
20.7255
18.074
16.6416
16.0121
16.0167
16.6567
18.1008
20.7678
25.5594
34.5266
52.9773
98.4853
249.133
306.13
310.21
228.432
92.7761
50.6615
33.1993
24.6821
20.1523
17.6553
16.3185
15.7343
15.7363
16.3257
17.6688
20.1754
24.7179
33.2528
50.7505
92.9068
228.539
310.566
317.809
211.018
88.1534
48.6493
32.0119
23.8938
19.6062
17.2681
16.031
15.4953
15.4964
16.035
17.2757
19.6201
23.9195
32.0596
48.7491
88.3769
211.414
318.25
326.609
196.757
84.257
46.804
30.8471
23.1044
19.0653
16.8965
15.7673
15.284
15.2843
15.7682
16.8989
19.0701
23.1143
30.8649
46.8311
84.254
196.553
326.541
336.717
183.968
80.5507
44.8662
29.6073
22.2803
18.5181
16.5365
15.5257
15.1002
15.1004
15.5258
16.5372
18.5199
22.2871
29.6279
44.9246
80.7022
184.186
336.991
348.822
174.192
77.4401
42.9946
28.3498
21.44
17.9701
16.1896
15.3062
14.9426
14.9428
15.3061
16.1898
17.9695
21.4373
28.339
42.9548
77.3106
173.791
348.288
361.886
165.552
74.1038
40.8793
26.9657
20.5504
17.4159
15.8587
15.1131
14.8153
14.8155
15.1133
15.8594
17.4178
20.5561
26.9835
40.9293
74.2324
165.788
362
376.569
158.823
70.8992
38.6645
25.5112
19.6379
16.87
15.5525
14.9512
14.7203
14.7203
14.9515
15.5525
16.8695
19.6358
25.5057
38.6471
70.8402
158.629
376.199
391.891
153.149
67.3643
36.1618
23.929
18.6932
16.3378
15.2782
14.8251
14.6672
14.6677
14.8261
15.2784
16.3385
18.6948
23.9344
36.1768
67.3994
153.208
391.708
407.74
147.609
63.1207
33.3052
22.2254
17.7358
15.8377
15.0466
14.7402
14.6451
14.645
14.7396
15.0467
15.8387
17.7376
22.2307
33.3218
63.1734
147.735
407.895
423.358
142.096
58.1716
30.1232
20.4517
16.8133
15.4026
14.8737
14.7026
14.6426
14.6429
14.7037
14.8764
15.4021
16.8105
20.4457
30.1061
58.1167
141.889
422.825
437.444
133.721
51.4748
26.4007
18.6047
15.9601
15.0578
14.7865
14.6965
14.6708
14.6708
14.6964
14.7862
15.0591
15.9633
18.6148
26.4253
51.5565
133.968
437.779
450.056
120.578
42.8171
22.3319
16.8739
15.3183
14.8854
14.7614
14.7233
14.7158
14.7159
14.724
14.7636
14.8896
15.3233
16.8692
22.3092
42.7454
120.392
449.717
461.739
95.3783
31.1267
17.9493
15.4544
14.9175
14.8074
14.7721
14.7684
14.7691
14.7691
14.7687
14.7728
14.8093
14.9196
15.4602
17.9618
31.1568
95.5136
461.88
470.888
47.5112
18.2607
15.5552
14.99
14.8534
14.8217
14.8249
14.8267
14.8271
14.8271
14.8266
14.8248
14.822
14.854
14.9919
15.5625
18.2765
47.479
470.845
1348.82
1866.12
1259.75
778.888
455.827
266.501
162.798
108.419
81.3376
69.8404
69.4665
79.6735
104.592
156.988
260.221
447.93
775.942
1268.34
1889.65
1308.8
1345.03
1853.48
1240.54
774.206
451.723
264.153
161.452
107.607
80.7765
68.6648
68.3012
79.0332
103.626
155.573
258.403
443.818
771.308
1250.41
1884.67
1296.87
1342.07
1868.7
1247.87
771.43
441.413
258.056
157.98
105.594
79.8888
69.0475
68.8372
78.0619
102.089
152.148
257.205
433.409
768.245
1266.36
1873.93
1299.68
1331.1
1867.22
1252.67
769.292
449.03
262.885
160.762
107.591
80.9842
69.3798
69.3793
78.392
103.059
155.81
256.297
444.642
754.57
1262.88
1893.56
1297.8
1332.18
1865.61
1245.66
763.315
437.897
256.571
157.267
106.328
80.5695
68.174
69.2676
78.5377
103.961
154.699
254.45
442.627
763.41
1245.25
1891.35
1301.79
1328.64
1864.04
1225.67
750.054
442.417
259.662
159.065
107.782
79.9053
69.316
69.2234
79.0161
102.122
153.444
251.78
439.761
759.853
1253.68
1890.45
1294.26
1326.7
1862.96
1236.7
764.832
446.468
262.286
160.521
107.604
81.1539
70.2517
68.498
78.2635
102.239
150.052
245.725
436.512
746.054
1260.69
1878.79
1303.92
1325.55
1861.09
1212.41
760.633
443.466
260.795
159.547
105.665
80.5871
70.0923
70.0121
79.885
102.47
151.63
251.516
434.766
755.808
1257.47
1879.9
1292.84
1326.49
1860.48
1234.73
757.9
438.822
258.719
158.301
105.989
79.4262
69.1796
69.7887
79.7754
103.13
152.223
249.551
431.42
751.17
1251.86
1877.44
1298.27
1323.09
1858.19
1245.08
753.347
428.176
256.931
155.095
105.704
80.609
70.1464
69.6306
79.6342
101.519
149.841
247.628
427.497
742.935
1247.11
1874.29
1295.33
1316.11
1852.6
1239.18
748.362
434.33
255.872
157.18
105.665
81.1697
69.2044
69.1653
79.4675
103.144
151.456
245.502
417.368
744.562
1240.86
1871.52
1285.75
1318.86
1839.51
1233.71
732.928
424.288
253.673
153.887
105.085
80.335
69.4139
68.117
79.2231
102.548
148.518
243.698
418.916
739.5
1223.99
1871.41
1287.05
1315.08
1856.58
1227.96
734.385
428.863
249.555
154.403
105.358
80.8223
69.7337
69.1085
78.9991
102.152
149.859
238.458
420.214
726.696
1234.66
1872.96
1282.29
1303.22
1851.57
1221.91
727.243
419.847
250.798
155.444
105.947
81.2623
70.3491
69.6808
78.7255
101.368
149.225
238.342
417.598
729.947
1217.97
1876.73
1279.56
1305.93
1847.7
1205.88
710.562
418.226
249.454
153.274
105.133
80.8169
70.0914
69.3076
78.2362
99.4259
148.339
236.222
413.538
724.82
1217.88
1872.57
1276.88
1308.52
1833.96
1211.37
710.746
415.12
247.875
154.75
104.229
79.645
69.0343
68.254
77.3833
100.492
147.834
234.888
409.953
711.423
1215.18
1866.04
1276.72
1305.9
1839.25
1198.54
705.918
412.003
246.03
153.687
105.129
79.8609
69.2169
68.5683
78.1642
101.135
147.005
233.125
406.668
710.073
1219.66
1850.62
1270.08
1295.39
1841.85
1207.29
706.005
408.832
241.677
152.594
103.626
79.5679
68.8796
68.6415
77.0468
99.5407
146.28
232.55
403.747
705.743
1215.48
1862.47
1275.98
1301.42
1853.47
1191.79
709.546
407.181
241.727
151.702
104.03
79.8426
68.793
67.9746
77.2415
100.37
145.575
233.074
400.597
703.478
1201.26
1868.6
1271.13
1298.66
1852.25
1190.65
704.293
398.874
239.586
150.553
103.378
79.4608
68.6471
68.5159
76.9886
99.8734
144.594
228.183
392.083
706.414
1208.41
1855.45
1276.34
1290.43
1849.03
1182.52
689.681
396.304
235.214
147.764
101.584
78.2928
68.389
67.7549
76.7224
98.358
143.658
230.224
396.252
701.677
1204.06
1860.06
1268.52
1297.67
1846.31
1178.34
692.693
393.425
234.475
147.359
101.404
78.2414
68.5557
68.0219
76.9392
98.2927
142.695
225.504
387.387
695.178
1196.65
1842.69
1266.1
1287.43
1841.53
1172.75
686.887
389.403
230.298
145.267
101.129
77.8072
68.2199
67.6578
76.5958
97.7312
141.709
225.754
387.465
689.329
1191.11
1852.83
1262.65
1287.71
1838.25
1171.05
680.428
385.536
228.843
144.642
100.491
77.4091
67.7928
67.1645
75.5211
97.1491
140.669
223.739
383.414
674.869
1183.18
1856.93
1258.88
1284.56
1822.59
1158.18
673.283
380.221
225.63
143.453
99.4207
76.9256
66.8561
66.5066
75.2945
96.4506
138.198
218.968
374.828
674.653
1175.62
1842.28
1254.89
1281.43
1829.56
1163.98
657.725
375.59
223.983
142.48
98.5093
76.4846
67.0647
66.4837
74.9352
96.1053
137.715
218.661
372.308
667.913
1167.57
1847.14
1251.86
1277.56
1832.94
1156.35
650.475
371.397
222.173
141.506
97.9175
76.2247
66.4693
65.7787
73.9995
95.4375
136.508
214.467
365.576
652.421
1160.23
1852.92
1247.66
1272.86
1827.69
1137.89
642.374
367.553
220.141
139.716
96.9309
75.7129
65.6391
65.1618
73.7025
94.7207
135.644
214.143
362.332
646.989
1151.54
1848.54
1249.61
1268.53
1811.76
1133.06
636.017
363.6
217.742
138.819
96.1618
74.6151
65.1836
64.7216
73.162
94.0153
134.088
211.321
358.309
638.157
1142.44
1842.87
1247.92
1264.28
1817.22
1125.52
631.415
360.393
215.714
137.536
95.2107
73.7878
64.5879
64.1807
72.6699
92.5924
132.749
208.744
355.012
630.807
1121.37
1836.23
1244.5
1259.11
1801.69
1122.33
625.738
356.411
213.577
135.905
94.5917
73.2489
64.038
63.581
71.9306
92.0683
131.637
206.72
351.928
626.348
1111.36
1819.12
1239.59
1252.75
1809.62
1114.22
620.426
353.463
211.682
134.896
93.8114
72.5671
63.395
62.9061
71.2216
91.1907
130.302
203.971
347.3
624.59
1100.75
1820.87
1236.1
1248.6
1792.14
1104.33
615.069
349.735
209.543
133.662
93.025
71.9217
62.877
62.4038
70.6449
90.5096
129.347
202.406
343.306
618.26
1088.98
1813.49
1227.2
1244.12
1792.45
1095.3
609.648
346.304
207.334
132.518
92.1433
71.194
62.145
61.7942
70.1338
89.8192
128.107
200.126
338.032
605.061
1078.56
1794.44
1221.91
1240.14
1775.14
1078.68
603.22
343.24
205.181
131.285
91.2709
70.503
61.5374
61.2297
69.5246
89.0696
126.888
198.187
333.483
595.1
1066.66
1788.38
1213.28
1233.56
1774.08
1070.8
597.566
339.491
203.343
130.095
90.3353
69.6631
60.8523
60.6389
68.9231
88.2855
125.735
196.132
330.144
588.386
1058.92
1775.33
1208.81
1226.58
1760.82
1058.76
590.239
335.688
200.926
128.719
89.4367
68.9503
60.186
60.0682
68.3063
87.5036
124.48
194.049
326.192
580.905
1048.59
1767.33
1201.18
1223.84
1749.87
1048.35
582.683
331.405
198.794
127.401
88.5039
68.2284
59.5518
59.4266
67.653
86.7573
123.509
191.932
322.096
572.635
1039.26
1758.82
1195.45
1219.53
1737.88
1036.47
575.632
327.307
196.58
126.066
87.6509
67.5833
59.0026
58.9322
67.036
86.0036
122.355
190.179
318.137
564.932
1026.8
1752.4
1190.83
1214.72
1730.5
1024.29
568.181
323.546
194.679
124.912
86.7982
66.9215
58.4383
58.3228
66.3591
85.2253
121.324
188.16
314.215
557.338
1016.15
1752.81
1186.73
1209.8
1721.04
1015.82
562.471
320.054
192.667
123.661
85.9816
66.3049
57.8994
57.7685
65.7282
84.4335
120.202
186.233
310.261
550.534
1005.25
1733.87
1183.2
1204.92
1714.38
1004.6
555.814
316.552
190.622
122.463
85.1511
65.6274
57.2577
57.126
65.045
83.6201
119.096
184.314
306.377
543.176
995.397
1727.16
1179.21
1199.47
1713.6
995.215
549.594
312.828
188.696
121.315
84.318
64.9281
56.5963
56.3894
64.2583
82.7604
117.943
182.392
302.845
537.122
986.338
1718.11
1176.1
1194.22
1711.99
984.649
542.695
309.245
186.6
119.982
83.3644
64.1351
55.8529
55.6411
63.4521
81.8496
116.713
180.335
298.772
529.905
977.809
1709.74
1172.4
1188.9
1702.3
974.315
535.813
305.259
184.42
118.686
82.4475
63.3731
55.1277
54.875
62.5666
80.8131
115.503
178.519
295.468
523.585
968.617
1704.32
1169.56
1184.8
1679.64
963.585
528.806
301.426
182.314
117.298
81.4045
62.5108
54.3377
54.0987
61.7438
79.8517
114.212
176.487
291.907
517.632
961.198
1694.88
1166.76
1180.32
1663.11
952.085
521.304
297.252
179.961
115.842
80.3516
61.6469
53.5594
53.3352
60.9426
78.9078
113.032
174.732
288.753
511.761
952.364
1687.19
1163.48
1175.98
1652.09
942.416
514.388
293.238
177.716
114.32
79.1797
60.6887
52.7239
52.558
60.1284
77.9189
111.677
172.663
285.3
505.799
944.099
1678.82
1160.71
1170.25
1642.25
931.043
506.48
288.876
175.177
112.676
77.9801
59.7428
51.9152
51.7783
59.2892
76.9641
110.458
170.841
281.862
499.061
932.835
1661.61
1156.28
1164.28
1631.37
919.911
499.191
284.672
172.669
110.952
76.695
58.7288
51.0692
50.9994
58.4486
75.9001
109.012
168.72
278.429
492.852
921.474
1646.03
1153.1
1157.44
1621.4
907.909
491.154
280.125
169.906
109.142
75.4109
57.7228
50.192
50.1635
57.5731
74.8946
107.699
166.738
274.79
485.634
908.931
1629.34
1148.49
1149.73
1608.04
895.551
483.341
275.609
167.194
107.335
74.1237
56.7428
49.366
49.3673
56.6971
73.8176
106.267
164.608
271.188
478.922
897.475
1617.04
1144.64
1143.38
1595.05
883.538
475.253
270.888
164.271
105.404
72.778
55.7102
48.4754
48.5193
55.8007
72.7659
104.894
162.6
267.52
471.35
884.195
1600.47
1139.75
1135.56
1582.08
871.454
467.087
266.03
161.329
103.494
71.4558
54.7083
47.6182
47.6818
54.8851
71.6534
103.421
160.409
263.78
464.279
872.412
1590.13
1133.75
1129.49
1573.83
859.379
458.254
260.795
158.171
101.459
70.0483
53.6461
46.7268
46.8411
53.9834
70.5668
101.98
158.268
259.934
456.755
859.414
1575.15
1129.71
1122.71
1561.49
846.515
449.662
255.708
155.037
99.4294
68.6745
52.6183
45.8484
45.9855
53.0358
69.3821
100.379
155.888
255.941
449.577
847.581
1564.25
1122.29
1116.42
1552.28
833.665
440.047
249.922
151.584
97.2458
67.1789
51.5033
44.9241
45.1113
52.0821
68.1972
98.7543
153.486
251.868
441.836
834.616
1550.45
1117.84
1108.13
1540.62
819.322
430.596
244.427
148.2
95.0635
65.6921
50.3842
43.972
44.1889
51.0638
66.926
97.0178
150.95
247.681
434.146
822.104
1539.8
1111.82
1097.59
1529.91
804.722
420.121
238.185
144.511
92.7392
64.1139
49.214
42.9991
43.2528
50.0204
65.6046
95.1832
148.221
243.157
425.947
809.291
1527.74
1106.04
1084.38
1515.89
787.999
409.265
232.051
140.818
90.3642
62.492
48.0096
41.9873
42.2681
48.9079
64.1774
93.1825
145.208
238.168
417.147
796.155
1517.57
1099.17
1069.09
1501.79
770.928
397.879
225.416
136.872
87.8606
60.8037
46.7703
40.9548
41.2541
47.7378
62.6477
90.9823
141.844
232.808
407.987
781.929
1506.36
1090.57
1051.63
1484.9
752.508
386.203
218.718
132.823
85.2665
59.0497
45.4922
39.887
40.194
46.4924
60.9793
88.5523
138.144
226.969
398.228
767.638
1495.87
1081.75
1032.31
1466.91
732.997
374.162
211.797
128.609
82.5796
57.2671
44.2084
38.8185
39.1264
45.2165
59.2297
85.9274
134.107
220.684
387.532
750.817
1482.85
1069.12
1012.42
1446.88
712.408
361.679
204.617
124.089
79.7024
55.4035
42.876
37.7069
38.0085
43.8706
57.373
83.1559
129.828
213.811
375.794
732.6
1468.8
1054.95
990.752
1423.74
690.706
348.986
197.314
119.747
76.9847
53.5834
41.555
36.6004
36.8893
42.508
55.462
80.2636
125.29
206.448
363.184
712.254
1451.54
1036.38
968.848
1398.5
667.77
335.676
189.715
114.942
73.9063
51.595
40.1507
35.4378
35.7181
41.0837
53.4643
77.224
120.466
198.551
349.577
689.947
1430.59
1015.45
945.678
1370.34
643.697
321.84
181.737
110.143
70.9137
49.6311
38.7411
34.2597
34.5221
39.613
51.3717
74.0001
115.328
190.121
335.077
666.002
1407.61
993.161
922.052
1338.89
618.206
307.4
173.3
104.856
67.5896
47.5062
37.2551
33.0366
33.2869
38.0921
49.1896
70.5723
109.763
180.981
319.424
639.491
1379.25
966.264
897.016
1304.3
591.607
292.292
164.301
99.3492
64.215
45.3531
35.7358
31.775
32.0055
36.51
46.9253
67.0311
103.989
171.368
302.955
611.474
1348.04
939.697
871.076
1265.49
563.447
276.553
154.914
93.5735
60.6697
43.1022
34.1594
30.4741
30.6851
34.8675
44.5407
63.2486
97.7663
161.035
285.353
580.671
1310.09
909.139
842.393
1221.48
532.956
259.734
144.882
87.5266
57.0327
40.7985
32.5369
29.1299
29.3207
33.174
42.0801
59.3189
91.2601
150.252
267.136
548.42
1266.99
875.036
813.064
1172.17
500.838
242.226
134.616
81.3866
53.3162
38.4362
30.8763
27.7576
27.9302
31.4441
39.5542
55.2572
84.4797
138.937
247.811
512.995
1215.87
836.596
780.65
1116.12
466.527
224.005
124.05
75.074
49.5048
36.0198
29.1775
26.3546
26.5144
29.6965
37.021
51.186
77.6329
127.379
227.847
475.492
1157.01
796.533
746.495
1054.6
430.306
204.961
113.211
68.7107
45.6862
33.6027
27.4782
24.9508
25.0954
27.9398
34.4656
47.0698
70.7109
115.595
207.039
434.953
1086.34
747.084
706.796
986.527
392.529
185.349
102.226
62.3204
41.8604
31.185
25.7799
23.5507
23.6873
26.2134
31.9806
43.077
63.9051
103.8
185.987
393.196
1007.87
694.391
666.563
914.032
354.526
165.564
91.1496
56.0033
38.1415
28.8469
24.1382
22.1951
22.3184
24.5268
29.554
39.2066
57.3326
92.2015
164.703
349.973
920.997
635.068
623.122
836.357
315.934
146.133
80.527
49.9716
34.5811
26.6041
22.5657
20.9014
21.0168
22.927
27.2531
35.5305
51.0768
81.1944
144.541
308.488
831.74
576.541
579.436
756.056
278.225
127.417
70.3409
44.2458
31.2433
24.522
21.1138
19.7093
19.8148
21.4456
25.1237
32.1436
45.3342
71.0124
125.591
268.986
741.618
524.726
536.402
673.698
241.44
109.978
61.1641
39.1679
28.2889
22.6695
19.8174
18.6436
18.7385
20.1167
23.2131
29.1069
40.1687
61.8224
108.466
232.806
654.473
479.878
490.886
591.02
206.921
93.9983
52.9273
34.6658
25.6865
21.0504
18.6929
17.7224
17.8059
18.9592
21.5463
26.4705
35.7238
53.8778
93.2557
199.764
570.592
436.857
453.269
514.02
176.662
80.4786
46.0866
30.9806
23.5716
19.7317
17.7708
16.9608
17.028
17.9855
20.1346
24.2232
31.9156
47.1315
80.6037
172.186
497.465
408.529
415.977
441.322
149.836
69.177
40.6084
28.0713
21.8967
18.6802
17.0326
16.3502
16.4029
17.2025
19.0044
22.4415
28.9121
41.7127
70.0018
148.23
431.028
381.731
390.745
381.262
129.291
60.8682
36.6187
25.9371
20.6475
17.8839
16.4679
15.8794
15.9156
16.5853
18.1078
21.0282
26.5556
37.5841
62.1759
130.15
378.059
373.086
378.758
330.685
112.615
54.5732
33.6628
24.3519
19.712
17.2843
16.0431
15.5266
15.5502
16.1209
17.435
19.9768
24.8002
34.3987
55.6908
114.119
330.82
368.994
373.796
291.384
101.256
50.5005
31.7189
23.2572
19.035
16.8396
15.7281
15.267
15.2794
15.7693
16.9178
19.1714
23.4941
32.152
51.3404
102.875
293.674
367.998
370.616
259.704
93.4906
47.6444
30.2624
22.3987
18.4972
16.4918
15.491
15.0794
15.0854
15.5113
16.5304
18.5645
22.5147
30.4603
47.969
94.0346
261.29
368.43
370.914
235.551
87.9214
45.4491
29.0778
21.675
18.0393
16.2026
15.3048
14.9411
14.9433
15.312
16.2154
18.0592
21.7078
29.1411
45.6014
88.3123
236.684
372.895
378.532
216.553
83.2735
43.5342
28.0039
21.0105
17.6253
15.9526
15.1565
14.841
14.842
15.1593
15.9579
17.6323
21.0186
28.0065
43.5181
83.2086
216.426
378.55
386.104
199.696
78.9929
41.5565
26.8606
20.3159
17.2096
15.7165
15.0289
14.7642
14.765
15.0307
15.7214
17.2199
20.3396
26.914
41.6732
79.2025
199.768
385.035
392.696
184.366
74.8842
39.6127
25.7364
19.6425
16.8184
15.5054
14.9249
14.7093
14.7098
14.9254
15.5068
16.8201
19.6468
25.7497
39.6594
75.0732
185.012
392.795
401.041
173.444
71.5267
37.7161
24.5839
18.9571
16.4337
15.3099
14.8381
14.6712
14.6718
14.8394
15.3132
16.4391
18.9655
24.5975
37.7362
71.5284
173.181
401.221
410.713
162.466
67.627
35.5654
23.3442
18.2571
16.064
15.137
14.7719
14.6536
14.654
14.7729
15.14
16.0696
18.2667
23.3634
35.614
67.7725
162.829
409.895
420.147
154.891
64.3597
33.525
22.138
17.5912
15.7309
14.9951
14.726
14.6475
14.6481
14.7278
14.9964
15.7327
17.5913
22.133
33.5071
64.3066
154.743
420.501
430.62
146.821
60.2097
31.0653
20.7829
16.8961
15.4119
14.8749
14.7037
14.6519
14.6522
14.7051
14.8791
15.421
16.9105
20.8068
31.1139
60.3245
147.014
430.01
440.04
140.494
56.1737
28.6229
19.4922
16.2832
15.163
14.7998
14.6972
14.6691
14.6694
14.6989
14.8036
15.1658
16.2842
19.486
28.5991
56.1112
140.345
440.164
450.045
132.663
50.8413
25.72
18.108
15.6917
14.9542
14.7603
14.7048
14.6931
14.6933
14.7059
14.764
14.9637
15.7099
18.1317
25.7644
50.9685
132.918
449.868
456.71
123.256
44.6765
22.7474
16.8747
15.2504
14.8519
14.753
14.73
14.7264
14.7264
14.7305
14.7565
14.8662
15.2624
16.8636
22.7079
44.6007
123.04
456.826
464.284
108.65
36.39
19.4624
15.772
14.992
14.8075
14.7655
14.7607
14.7607
14.7607
14.7605
14.7651
14.8014
14.9637
15.7495
19.46
36.5348
108.855
464.276
468.193
83.6645
26.2544
16.5575
15.0921
14.8402
14.7985
14.7969
14.7982
14.7986
14.7986
14.7982
14.7969
14.8015
14.8641
15.181
16.7758
26.4716
83.4846
468.378
473.56
41.6732
17.6414
15.3379
14.9125
14.8399
14.8367
14.8367
14.8364
14.8362
14.8362
14.8361
14.8353
14.83
14.8117
14.7212
14.7207
16.6137
41.6987
473.491
764.19
1108.83
742.584
461.129
275.22
164.668
104.782
73.9307
58.7528
52.4502
52.3378
58.3393
73.3163
104.366
163.697
274.272
461.709
745.646
1114.73
757.565
762.629
1107.12
739.875
458.179
272.902
163.128
103.904
72.7361
58.4265
52.2317
51.7967
57.4468
72.58
103.534
162.085
271.892
458.752
743.091
1113.49
755.684
759.549
1103.78
732.682
450.506
267.026
159.219
101.849
73.5808
57.9351
51.8208
52.2851
57.8357
71.682
102.818
158.398
266.541
451.653
735.825
1109.49
754.671
766.477
1109.86
739.517
457.556
272.001
162.185
103.497
73.5045
58.5281
52.417
52.3093
58.2133
72.4984
101.384
161.601
272.299
457.319
742.365
1116.12
751.4
764.168
1107.76
731.054
449.417
265.86
158.128
101.24
72.3177
57.7571
52.2371
52.1132
58.0173
71.5212
102.314
157.996
270.374
449.358
734.504
1115.25
754.251
760.968
1103.5
732.268
454.057
267.45
159.576
102.259
72.9322
58.1319
52.1628
51.8631
57.8441
72.3255
101.966
160.501
269.499
450.289
736.114
1115.22
753.868
758.085
1108.35
732.046
451.814
264.205
160.576
103.072
73.2716
58.3817
51.7954
51.5852
57.1733
71.0762
99.4897
159.397
267.81
447.756
735.228
1111.93
752.803
756.8
1106.68
734.058
448.796
263.444
159.798
102.506
72.843
58.2156
51.8412
51.9367
57.7498
71.5601
100.012
157.961
266.162
448.157
737.005
1115.02
751.993
755.81
1105.42
732.048
441.939
261.763
158.36
100.449
71.5433
57.9125
51.9252
51.7321
57.1407
71.8069
100.383
156.515
260.822
450.361
734.011
1110.64
747.468
755.757
1103.59
725.989
445.623
260.765
155.609
101.522
71.8749
57.4156
51.4596
51.2678
57.4667
71.5055
99.6815
153.118
262.771
447.862
725.331
1114.22
748.08
757.537
1099.56
728.643
438.361
259.806
158.075
101.179
71.9225
57.9547
51.849
51.6527
57.2582
71.0414
98.9326
153.481
260.813
445.156
728.125
1111.21
747.36
757.128
1103.89
726.647
437.673
260.406
157.096
99.3178
72.3209
57.7723
51.3335
51.0903
56.5071
69.9386
98.127
149.686
258.474
442.245
731.041
1113.56
746.008
755.908
1100
720.124
435.914
257.367
156.241
99.7792
72.2438
57.222
51.3936
51.2877
56.9484
70.5163
97.293
150.649
256.662
434.324
728.126
1112.43
742.073
753.555
1103.39
722.482
438.085
258.541
155.162
100.223
72.0682
57.821
51.3644
51.3706
56.2727
69.5437
97.676
151.628
254.789
436.362
721.128
1110.87
741.854
757.588
1099.56
719.575
434.711
252.748
153.858
99.5815
71.7342
57.6314
51.2397
51.301
56.2991
69.601
96.9924
150.311
252.616
429.419
723.306
1107.81
737.815
752.87
1102.72
710.613
427.3
254.045
152.588
97.6446
70.6718
57.4398
51.1565
51.1619
56.4433
69.723
96.1939
147
250.507
432.796
717.566
1111.69
736.934
752.467
1098.46
714.294
431.48
249.476
149.186
97.6266
71.0788
57.2996
51.0484
50.991
55.711
69.3703
95.6092
147.714
248.522
426.46
719.941
1111.07
735.574
751.091
1100.46
716.609
424.556
252.766
151.543
97.3047
70.7996
57.123
51.0143
50.6459
55.8979
68.9924
94.6497
144.739
243.763
427.898
711.594
1110.16
733.125
750.774
1102.04
714.158
428.139
251.133
150.301
96.9124
69.8519
56.4831
51.0878
50.7306
56.0599
68.1547
93.5223
146.193
244.064
421.945
713.049
1110.06
735.922
749.243
1100.46
705.544
419.366
245.382
148.693
96.9578
69.7822
56.4931
50.9694
50.571
55.6527
68.8587
94.4795
143.807
244.147
426.381
715.372
1109.31
734.649
747.477
1095.7
706.094
419.65
245.993
146.325
95.8716
69.375
56.372
50.7615
50.659
55.9488
68.5758
94.0052
144.63
238.555
423.567
707.793
1108.14
732.962
742.568
1096.39
696.904
410.183
243.479
146.62
95.77
69.0366
56.0866
50.5151
50.4665
55.3588
67.5727
92.152
143.788
240.193
417.921
711.96
1103.87
731.672
741.345
1096.77
696.575
410.758
238.487
144.913
94.0329
68.4436
55.3808
50.0411
50.0308
55.4571
67.7874
92.2193
142.524
236.268
419.531
709.174
1106.71
726.347
739.19
1099.26
694.666
410.879
237.437
142.059
93.5041
68.1624
55.3046
49.931
50.0992
55.2514
67.0262
92.2032
141.464
235.724
416.887
701.24
1101.4
728.446
735.04
1098.69
694.511
406.957
233.082
141.102
92.7487
67.3927
55.0271
49.7657
49.6849
54.753
67.2134
91.5077
138.369
235.435
414.343
705.945
1103.85
725.105
734.951
1094.46
688.675
401.754
232.08
139.499
91.9459
67.0147
54.8138
49.6649
49.8621
54.7341
66.3747
89.9487
137.804
232.913
411.128
703.214
1106.34
729.72
733.234
1098.19
686.253
394.17
230.113
138.06
91.179
66.6427
54.6268
49.5485
49.7149
54.5398
66.2775
89.4062
135.353
226.842
403.741
699.07
1099.36
727.533
733.094
1097.37
681.311
393.742
230.148
136.29
90.555
66.3518
54.4306
49.4404
49.3053
54.2438
65.4943
88.4029
134.459
228.498
403.587
695.587
1105.93
725.958
732.309
1096.11
677.441
392.515
228.259
134.965
89.5727
66.0893
54.3619
49.4999
49.2532
53.7271
65.1284
87.6176
133.037
225.972
395.749
689.285
1108.61
720.786
732.227
1094.84
674.362
393.843
223.825
133.569
89.0483
66.2187
54.3933
49.3267
49.0518
53.4773
64.6228
86.9863
131.064
221.068
392.935
684.881
1107.63
720.039
729.949
1092.84
670.589
390.263
221.656
132.217
88.4438
65.4327
54.088
48.8178
48.5432
53.1021
64.1856
86.3329
130.135
219.826
389.167
683.108
1106.88
718.291
724.65
1091.42
666.724
386.278
217.948
130.567
87.8367
65.4557
53.5716
48.6116
48.2869
52.7084
63.6751
85.6037
128.608
215.108
383.439
683.845
1106.16
717.162
722.061
1089.66
663.04
382.327
215.541
129.279
86.7611
64.6507
53.1019
48.2712
48.0038
52.4365
63.2103
84.8301
127.354
213.008
379.254
679.938
1101.14
715.673
719.293
1087.82
657.863
374.474
212.441
128.156
86.1428
64.0952
52.7989
48.0017
47.774
52.1416
62.761
83.9143
125.855
211.208
375.116
671.939
1104.9
714.801
715.755
1085.38
653.136
371.802
210.232
126.839
85.2485
63.6461
52.3597
47.5346
47.3834
51.7706
62.256
83.2145
124.513
207.214
371.708
670.84
1099.38
712.2
711.254
1083.32
649.086
367.485
207.816
125.667
84.5772
63.1527
52.0989
47.25
46.9232
51.2999
61.7124
82.2966
122.995
205.244
367.977
663.432
1099.19
707.825
706.575
1080.88
644.361
364.375
205.698
124.397
83.7257
62.6484
51.7432
46.9493
46.6534
50.8503
61.1446
81.5632
121.514
202.088
362.537
657.723
1096.71
705.309
703.991
1078.34
640.037
359.76
203.377
123.041
82.9144
62.1297
51.352
46.5958
46.3194
50.4712
60.5715
80.6173
119.989
199.477
357.41
648.577
1094.14
701.845
700.065
1071.48
634.975
354.99
200.356
121.582
81.9981
61.5132
50.9505
46.2364
45.9857
50.0995
60.0983
79.828
118.485
196.565
352.598
643.77
1092.24
698.125
696.784
1072.28
630.143
349.73
197.016
120.117
81.1525
60.9454
50.5096
45.9148
45.6544
49.6718
59.4991
78.96
116.96
193.597
348.107
638.263
1091.5
693.055
693.912
1067.33
625.669
346.162
194.94
118.773
80.3704
60.3535
50.0864
45.5638
45.3066
49.2963
59.0217
78.2194
115.461
190.765
343.149
632.493
1089.02
690.334
690.644
1071.13
621.136
341.244
191.886
117.279
79.558
59.9029
49.7474
45.2357
44.971
48.9186
58.5332
77.4301
114.085
188.132
338.943
627.09
1086.21
685.323
687.404
1068.95
616.262
337.464
189.413
115.855
78.7663
59.37
49.3245
44.874
44.6137
48.5243
58.0343
76.7172
112.743
185.21
333.781
621.064
1083.85
682.233
684.747
1066.55
610.853
332.577
186.583
114.422
77.9932
58.8751
48.9306
44.5128
44.2665
48.1508
57.5365
75.898
111.289
182.439
328.867
614.691
1078.35
679.579
681.77
1064.2
606.429
328.282
184.072
113.078
77.2093
58.3657
48.5258
44.1442
43.8886
47.7555
57.0637
75.2233
110.04
179.687
323.803
609.23
1079.46
677.046
679.195
1060.61
600.195
323.375
181.514
111.785
76.4606
57.8417
48.0865
43.7594
43.5235
47.3587
56.5404
74.4229
108.692
177.255
319.52
603.798
1077.04
674.454
676.799
1052.21
595.228
319.214
179.148
110.474
75.6914
57.2935
47.6493
43.3659
43.1308
46.9351
56.0414
73.6915
107.378
174.66
314.88
597.786
1073.76
671.64
673.699
1051.77
589.603
314.981
176.661
109.167
74.8679
56.7121
47.1756
42.9478
42.7263
46.4985
55.4979
72.9111
106.053
172.045
310.087
591.543
1069.84
668.459
670.208
1045.2
583.102
310.178
174.236
107.863
74.0956
56.1644
46.7463
42.566
42.3489
46.0825
54.9801
72.1803
104.822
169.719
305.633
584.661
1064.33
663.867
665.419
1037.81
576.568
305.975
171.759
106.511
73.2664
55.5851
46.2789
42.1526
41.9534
45.6614
54.4684
71.432
103.496
167.053
300.548
577.43
1053.57
659.052
661.123
1032.7
569.846
301.185
169.262
105.175
72.4695
55.0218
45.8209
41.744
41.5584
45.243
53.9639
70.7024
102.248
164.69
295.911
569.74
1046.62
653.147
657.22
1026.11
563.25
296.821
166.822
103.834
71.6337
54.4169
45.3344
41.3174
41.1497
44.8058
53.4282
69.9354
100.931
162.06
290.772
561.773
1038.96
645.816
651.792
1021.28
556.583
292.065
164.266
102.48
70.7898
53.8006
44.8341
40.8775
40.7326
44.3644
52.8956
69.176
99.6548
159.625
285.98
553.829
1030.92
639.559
647.249
1015.61
549.667
287.401
161.756
101.097
69.9012
53.1438
44.3044
40.4169
40.2957
43.908
52.3496
68.4024
98.3104
156.991
280.904
545.995
1023.43
632.712
641.978
1010.61
542.588
282.442
159.04
99.6475
69.0011
52.4858
43.7699
39.9447
39.8439
43.4307
51.7844
67.6276
97.0393
154.543
276.097
538.23
1016.75
627.033
636.632
1004.03
535.066
277.44
156.321
98.1172
68.0358
51.7927
43.2217
39.4643
39.379
42.9371
51.1987
66.8098
95.663
151.931
271.098
530.393
1009.33
621.452
630.896
997.453
527.508
272.375
153.516
96.5378
67.0523
51.096
42.6568
38.9625
38.8972
42.4237
50.5824
65.9712
94.3559
149.489
266.151
522.207
1001.83
615.706
626.631
990.244
519.752
267.153
150.604
94.8751
65.9881
50.3482
42.0744
38.4555
38.4017
41.8872
49.9311
65.0915
92.9868
146.939
261.264
514.633
994.577
610.568
621.457
982.793
511.892
261.902
147.631
93.1658
64.8957
49.5684
41.4603
37.9148
37.8762
41.3253
49.2625
64.2009
91.5814
144.339
256.299
506.732
987.788
607.27
617.45
976.157
503.853
256.447
144.504
91.3398
63.7588
48.7818
40.8409
37.3694
37.3359
40.7289
48.5409
63.2303
90.0996
141.668
251.284
499.099
981.491
603.336
612.716
969.205
495.318
250.68
141.232
89.4353
62.5722
47.9632
40.2021
36.8071
36.7782
40.1071
47.7704
62.1819
88.4996
138.92
246.174
490.903
974.365
599.55
607.74
961.767
486.315
244.8
137.924
87.4701
61.3364
47.1106
39.5389
36.2281
36.2012
39.4595
46.972
61.0878
86.826
136.049
240.953
482.749
967.403
594.935
601.535
954.469
476.514
238.32
134.354
85.431
60.0344
46.1988
38.8395
35.6165
35.5927
38.7769
46.1079
59.8933
85.0405
133.103
235.567
473.965
960.07
590.188
594.301
945.804
465.553
231.468
130.672
83.2996
58.6844
45.2625
38.1153
34.9839
34.962
38.0645
45.2194
58.668
83.1932
130.034
229.818
464.778
952.375
585.027
586.186
936.129
453.651
224.018
126.716
81.0764
57.27
44.274
37.3485
34.3114
34.2914
37.3074
44.2624
57.3447
81.2103
126.71
223.678
454.584
943.887
578.554
575.881
924.503
440.591
216.147
122.522
78.7109
55.7726
43.2309
36.5462
33.6103
33.5893
36.5074
43.2518
55.9604
79.1527
123.259
217.162
443.713
934.775
571.666
564.393
910.568
426.195
207.749
118.063
76.1656
54.1789
42.1236
35.688
32.859
32.8431
35.667
42.1866
54.4732
76.8964
119.456
210.068
431.48
923.381
562.518
549.893
894.115
410.717
199.065
113.436
73.4503
52.4618
40.942
34.7735
32.0602
32.0527
34.774
41.0513
52.8932
74.5159
115.457
202.624
418.541
910.94
553.011
535.079
874.924
394.223
190.036
108.685
70.6796
50.6799
39.6873
33.7964
31.2064
31.2064
33.8249
39.8434
51.1897
71.8898
111.028
194.457
403.961
895.014
540.473
518.073
852.515
376.827
180.691
103.741
67.7723
48.7869
38.3512
32.7569
30.2971
30.3034
32.8065
38.5494
49.3656
69.0892
106.367
185.885
388.221
876.935
527.433
501.331
826.611
358.742
171.35
98.7206
64.7687
46.8186
36.9413
31.6443
29.3209
29.3399
31.7236
37.1718
47.4067
66.0505
101.292
176.501
370.235
853.466
510.175
483.445
796.866
339.421
161.774
93.4426
61.5066
44.6738
35.4224
30.4575
28.2832
28.3119
30.5633
35.6907
45.3202
62.8466
95.9363
166.632
350.722
825.55
490.841
462.796
762.136
318.731
151.809
88.0117
58.1843
42.4765
33.8501
29.2212
27.1965
27.2302
29.3463
34.1507
43.1267
59.4231
90.2212
156.052
329.045
790.943
467.075
442.553
724.238
297.685
141.629
82.3603
54.7398
40.2028
32.2109
27.9307
26.0617
26.0996
28.0659
32.5174
40.8255
55.8912
84.3634
145.133
305.915
750.588
441.666
420.474
682.163
275.697
131.265
76.6303
51.2463
37.9092
30.5566
26.6148
24.8958
24.9351
26.751
30.8426
38.4446
52.2112
78.2363
133.69
281.411
704.28
413.424
399.804
638.253
253.791
120.887
70.8947
47.7159
35.5766
28.8812
25.2838
23.7135
23.7528
25.4159
29.1492
36.0582
48.5202
72.0295
122.163
256.4
653.802
385.341
379.703
592.319
231.906
110.609
65.2722
44.2848
33.2947
27.2286
23.9632
22.5367
22.5791
24.1003
27.485
33.6936
44.869
65.9779
110.885
231.711
600.49
358.666
360.228
544.834
210.413
100.689
59.8529
40.96
31.0918
25.6398
22.6922
21.4023
21.4433
22.8208
25.8747
31.4495
41.4275
60.2065
100.164
208.2
546.691
335.586
344.339
497.951
189.975
91.2372
54.7129
37.8429
29.0238
24.1406
21.493
20.3359
20.3788
21.6233
24.368
29.3544
38.2343
54.893
90.3521
186.688
494.716
318.227
327.869
450.477
170.127
82.3239
49.9691
35.0057
27.1473
22.7778
20.4075
19.3726
19.4131
20.5315
22.9935
27.4564
35.3749
50.1794
81.6869
167.433
446.263
305.614
315.653
406.056
152.572
74.5168
45.8383
32.5296
25.5021
21.5837
19.4553
18.526
18.5637
19.5695
21.7788
25.775
32.849
46.0699
74.2629
150.954
402.818
300.114
304.616
364.063
136.807
67.7961
42.3224
30.4228
24.1048
20.5724
18.6504
17.8095
17.8416
18.7497
20.7468
24.3618
30.7615
42.7333
68.1985
136.779
363.402
298.658
300.042
327.462
123.949
62.5541
39.5759
28.7452
22.9766
19.7474
17.9882
17.2163
17.2413
18.0664
19.8872
23.1899
29.0427
39.98
63.1184
124.682
328.548
296.518
298.963
295.939
113.208
58.3435
37.3944
27.4101
22.0725
19.0811
17.4507
16.7333
16.7506
17.5059
19.1827
22.2365
27.6607
37.7894
59.0146
114.354
298.001
297.959
299.087
269.997
104.691
55.1815
35.7379
26.3677
21.3457
18.5368
17.0102
16.3382
16.3482
17.0432
18.5982
21.448
26.5274
35.9932
55.6055
105.439
271.772
299.51
304.342
248.066
98.0999
52.7765
34.4058
25.4838
20.7184
18.0699
16.6394
16.0111
16.0162
16.6566
18.102
20.7732
25.5708
34.5384
52.95
98.2867
248.671
305.19
311.396
228.474
92.7423
50.6347
33.1901
24.683
20.1553
17.6573
16.3194
15.735
15.7371
16.3268
17.6704
20.1778
24.7223
33.2589
50.7535
92.9439
228.74
310.442
318.028
211.107
88.2481
48.6943
32.0256
23.8949
19.6042
17.2663
16.0299
15.4945
15.4956
16.0338
17.2735
19.6161
23.9144
32.0577
48.7584
88.3974
211.535
318.424
326.556
196.594
84.1991
46.7809
30.8383
23.1022
19.0656
16.8972
15.7679
15.2846
15.285
15.7691
16.9001
19.0711
23.1137
30.8593
46.8141
84.2301
196.558
326.508
337.054
184.007
80.5797
44.876
29.6081
22.2788
18.5166
16.5354
15.525
15.0997
15.1001
15.526
16.5383
18.5232
22.2952
29.6448
44.9514
80.7137
184.096
336.557
348.628
174.112
77.4218
42.994
28.3532
21.4425
17.9715
16.1903
15.3066
14.9429
14.943
15.3063
16.19
17.97
21.4394
28.3483
42.9936
77.4655
174.339
349.206
361.884
165.434
74.0519
40.8524
26.9514
20.5431
17.4123
15.857
15.1123
14.8149
14.8153
15.1133
15.8595
17.4177
20.5548
26.977
40.9006
74.1106
165.356
361.447
376.556
158.989
70.9739
38.6926
25.5228
19.6432
16.8726
15.5538
14.9519
14.7205
14.7205
14.9518
15.5531
16.8709
19.6396
25.517
38.6871
70.9919
159.134
376.9
391.831
152.892
67.2474
36.1177
23.9113
18.6855
16.3341
15.2763
14.8246
14.6673
14.6677
14.8258
15.278
16.3375
18.6926
23.9276
36.1535
67.3064
152.875
391.416
407.921
147.945
63.2519
33.3497
22.242
17.7424
15.8406
15.0473
14.7401
14.6451
14.645
14.7397
15.0468
15.8389
17.7387
22.2347
33.3376
63.2404
147.979
408.186
422.983
141.716
58.0219
30.0726
20.4336
16.8054
15.3996
14.874
14.7028
14.6427
14.6429
14.7037
14.8764
15.4025
16.8112
20.4457
30.1023
58.0965
141.816
422.875
437.888
134.138
51.6147
26.4449
18.6214
15.9647
15.0597
14.7867
14.6965
14.6708
14.6708
14.6964
14.7862
15.0591
15.963
18.6136
26.4251
51.562
133.999
437.814
449.604
120.223
42.6763
22.2863
16.8591
15.3171
14.8854
14.7614
14.7233
14.7157
14.7159
14.724
14.7636
14.8897
15.3232
16.8708
22.3124
42.7509
120.403
449.795
462.159
95.7427
31.1878
17.9748
15.4634
14.9195
14.8078
14.7722
14.7684
14.7691
14.7691
14.7687
14.7728
14.8092
14.9196
15.4599
17.9605
31.156
95.5225
461.949
470.746
47.447
18.3279
15.5788
14.9947
14.8543
14.8219
14.8249
14.8267
14.8271
14.8271
14.8266
14.8248
14.822
14.854
14.992
15.5629
18.2775
47.4774
470.813
267.596
359.953
235.62
152.553
100.237
68.8869
50.8619
40.788
35.4591
33.2248
33.3828
35.9453
41.5658
51.8609
69.8435
100.656
151.604
232.84
355.611
266.159
267.461
359.773
235.399
152.261
99.9767
68.6937
50.7517
40.7367
35.4367
33.214
33.3423
35.9141
41.4935
51.7327
69.6458
100.464
151.38
232.692
355.488
265.946
267.433
359.506
234.618
151.322
99.2162
68.1373
50.4208
40.5701
35.3511
33.1958
33.3769
35.9053
41.321
51.3886
69.0835
100.31
151.149
232.555
355.467
265.905
267.109
359.82
235.687
152.711
100.333
68.7683
50.7687
40.7146
35.4212
33.1688
33.3729
35.9231
41.487
51.7027
69.618
100.143
150.135
231.765
355.105
265.813
267.112
359.536
235.468
152.463
100.132
68.1817
50.6318
40.5757
35.361
33.1701
33.371
35.9168
41.4211
51.3489
69.1021
99.9996
150.722
232.381
355.493
265.785
267.065
359.827
235.291
152.182
99.9613
68.6553
50.442
40.5919
35.4047
33.192
33.3643
35.9164
41.3497
51.5472
69.4431
99.7002
149.534
231.65
355.478
265.598
267.032
359.453
234.281
150.944
99.0777
68.2103
50.6862
40.679
35.3991
33.1801
33.3556
35.93
41.5298
51.7274
69.0366
98.9894
150.602
232.681
355.555
265.593
266.664
359.625
234.657
151.229
99.6364
68.8258
50.5144
40.5242
35.316
33.1574
33.3319
35.8984
41.5141
51.724
69.5558
99.7658
151.408
232.547
355.494
265.582
266.799
359.542
235.029
151.218
100.065
68.7964
50.7379
40.679
35.3705
33.1435
33.3101
35.8719
41.4448
51.3743
69.0838
100.157
151.235
231.692
355.225
265.533
266.609
359.399
234.831
151.845
100.04
68.6679
50.6391
40.6337
35.3384
33.0802
33.2532
35.8381
41.4202
51.4766
69.2992
99.4655
151.071
232.622
355.708
265.489
266.36
358.921
233.977
150.791
99.8115
68.4674
50.3174
40.412
35.2283
33.0759
33.2536
35.7985
41.2589
51.334
68.8469
100.02
150.798
232.28
355.736
265.695
266.297
358.938
234.248
151.704
99.7643
67.9688
50.3908
40.4603
35.2421
33.0622
33.239
35.7857
41.2845
51.4891
69.3206
99.9404
149.898
231.759
355.686
265.859
266.202
358.811
233.969
150.688
99.576
68.5057
50.6153
40.4736
35.2388
33.0147
33.1782
35.7007
41.2245
51.242
68.7766
99.8526
150.602
231.853
355.42
265.7
266.073
358.782
234.306
151.049
99.4138
68.3335
50.5726
40.4289
35.1773
33.0229
33.1785
35.7005
41.2586
51.4242
69.344
99.7355
149.693
231.641
355.816
266.025
265.961
358.614
233.521
151.383
98.7486
67.7474
50.4666
40.4925
35.2253
33.0123
33.1774
35.6955
41.3468
51.553
69.2205
99.5776
150.104
231.642
355.398
265.943
265.643
358.595
234.075
151.232
99.2909
68.256
50.4524
40.4476
35.194
32.9858
33.1285
35.671
41.3053
51.4511
68.7044
98.9587
150.708
231.906
355.938
265.931
265.611
358.425
233.222
150.874
99.0281
67.7128
50.3133
40.2714
35.158
32.9693
33.1165
35.6692
41.2421
51.2574
69.3252
99.8591
150.67
232.429
355.763
265.884
265.45
358.482
233.218
150.515
98.2867
67.9872
50.2845
40.2978
35.0945
32.9077
33.0772
35.6268
41.207
51.3971
69.201
99.6428
150.288
232.222
356.322
265.744
265.207
358.344
232.972
149.52
98.7269
67.8694
50.0133
40.322
35.1108
32.8843
33.0326
35.5173
41.0018
51.2704
69.0385
99.4287
149.22
231.406
356.26
265.811
265.099
357.909
233.219
149.816
98.623
67.3881
50.2757
40.2495
35.0391
32.8696
33.0026
35.4796
40.9546
50.9373
68.8089
99.2403
150.209
232.162
356.224
265.663
264.975
357.86
232.987
150.139
98.4762
67.8291
50.2545
40.3484
35.0874
32.8571
32.9563
35.4305
40.9479
51.0049
68.614
98.9711
149.894
231.972
355.729
265.526
264.909
357.81
232.219
149.845
98.1979
67.6229
50.1143
40.175
35.0425
32.8092
32.9214
35.3561
40.8623
50.8561
67.9966
97.9969
149.488
231.743
356.348
265.444
264.814
357.672
232.409
149.458
97.3414
67.384
49.8022
40.1492
35.0258
32.8046
32.8945
35.3147
40.6834
50.6006
68.0054
97.9712
148.454
231.381
356.421
265.349
264.529
357.477
232.057
149.13
97.6677
66.9949
49.7557
40.1024
34.9556
32.7616
32.8616
35.313
40.7283
50.6543
68.0264
97.9655
148.358
230.469
356.05
265.139
264.296
357.253
231.602
148.095
97.3677
66.9511
49.6877
40.071
34.9472
32.7468
32.8281
35.2166
40.6398
50.5141
67.7369
97.1621
148.363
230.347
356.257
264.876
264.038
356.855
231.195
148.256
96.6142
66.9774
49.6535
40.0728
34.9352
32.7243
32.8098
35.1778
40.4342
50.1635
67.6443
97.4665
148
229.984
356.367
264.465
263.745
356.487
230.162
147.845
96.8273
66.8327
49.5166
39.9275
34.8562
32.6942
32.7745
35.1253
40.384
50.0848
67.3973
97.0626
146.852
229.718
356.255
264.065
263.437
356.333
229.953
146.873
96.4557
66.2666
49.5329
40.0028
34.884
32.6813
32.7496
35.1006
40.3692
50.0632
67.169
96.7562
146.683
229.8
356.125
263.662
263.175
356.427
229.85
146.931
96.1167
66.1474
49.4293
39.9482
34.8599
32.6634
32.72
35.0432
40.1574
49.6954
66.8718
96.3436
146.062
228.728
355.664
263.427
262.965
356.285
229.394
146.463
95.721
65.9279
49.2927
39.7926
34.7866
32.6357
32.7019
34.9993
40.0894
49.5813
66.6099
95.9903
145.819
228.973
356.032
262.963
262.606
356.079
228.797
145.234
95.2271
65.6523
49.1745
39.8082
34.8015
32.6378
32.6849
34.9243
39.9925
49.3706
65.9579
94.9943
144.661
227.75
355.753
262.476
262.347
355.646
228.244
144.921
94.8447
65.3381
48.8505
39.7307
34.7775
32.6274
32.6693
34.9108
39.9549
49.1992
65.8962
94.9183
144.41
227.375
355.524
262.086
262.059
355.618
227.588
144.088
93.8872
64.9821
48.7217
39.6063
34.7455
32.617
32.6487
34.8495
39.8267
49.1573
65.3747
94.1559
144.275
226.837
355.269
261.784
261.766
355.306
226.405
143.588
93.5412
64.6037
48.5628
39.5603
34.7061
32.6058
32.6361
34.8152
39.7586
49.0111
65.2621
93.9984
143.359
226.014
354.665
261.367
261.416
354.554
225.682
142.499
92.9428
64.2943
48.4107
39.5076
34.7141
32.5989
32.611
34.757
39.6361
48.6447
64.7829
93.4203
142.876
225.779
354.699
260.959
260.954
354.082
224.68
141.558
92.3688
64.024
48.2498
39.4359
34.675
32.5861
32.5913
34.7011
39.4801
48.4166
64.3787
93.1154
142.161
225.035
354.527
260.622
260.422
353.64
223.941
140.814
91.7604
63.6728
48.0948
39.3852
34.6787
32.596
32.5761
34.6488
39.3888
48.1896
63.9264
92.2214
141.509
224.342
353.679
260.253
259.86
353.131
223.076
140.117
91.2568
63.4416
47.9718
39.3476
34.6931
32.6127
32.5749
34.6137
39.2782
47.9637
63.555
91.7126
140.77
223.497
353.531
259.991
259.175
352.799
222.376
139.413
90.6182
63.1696
47.8405
39.2797
34.6883
32.6209
32.5788
34.5832
39.191
47.7631
63.1749
90.8769
139.883
222.767
353.237
259.587
258.642
352.631
221.617
138.607
90.101
62.9041
47.7103
39.2873
34.6889
32.6293
32.5906
34.5619
39.1159
47.5987
62.8479
90.3619
138.76
221.928
352.961
259.228
258.129
352.162
221
137.956
89.602
62.5733
47.6218
39.2481
34.6836
32.6268
32.5921
34.546
39.0371
47.4203
62.503
89.6918
138
221.121
352.577
258.667
257.838
351.631
220.074
137.161
89.0492
62.2822
47.4216
39.1193
34.6416
32.6571
32.6026
34.5239
38.9497
47.2415
62.1764
89.0962
137.113
220.201
352.061
258.216
257.64
351.072
219.176
136.238
88.4735
61.94
47.2135
39.0493
34.6285
32.6627
32.6178
34.498
38.8637
47.0516
61.84
88.4697
136.181
219.214
351.517
257.702
257.458
350.66
218.248
135.418
87.9232
61.5841
47.0282
38.9429
34.6004
32.6543
32.6152
34.4639
38.7554
46.8442
61.4501
87.8148
135.272
218.185
350.958
257.174
257.177
350.257
217.302
134.434
87.2954
61.2452
46.8665
38.8754
34.5916
32.6656
32.6118
34.4594
38.6837
46.6597
61.0819
87.2002
134.339
217.138
350.218
256.698
256.792
349.615
216.223
133.541
86.6174
60.8607
46.6795
38.8072
34.5716
32.667
32.6153
34.4422
38.5978
46.4497
60.6352
86.4137
133.296
216.009
349.596
256.078
256.45
348.93
215.156
132.519
85.9491
60.507
46.5065
38.73
34.5244
32.6496
32.6152
34.4042
38.5258
46.2703
60.2747
85.7538
132.388
215.014
348.954
255.598
256.063
348.419
214.189
131.655
85.3722
60.1498
46.3238
38.6398
34.4885
32.6349
32.5979
34.3746
38.4414
46.0824
59.9116
85.1145
131.349
213.979
348.405
255.176
255.715
347.792
213.123
130.675
84.7025
59.7756
46.1263
38.5373
34.4344
32.611
32.5768
34.3355
38.3588
45.8854
59.5165
84.4408
130.4
212.863
347.713
254.704
255.395
347.221
212.122
129.772
84.0743
59.3934
45.9208
38.439
34.3898
32.5781
32.5384
34.2714
38.2529
45.6821
59.1356
83.7705
129.381
211.767
347.216
254.457
254.855
346.522
210.962
128.763
83.4313
59.014
45.708
38.325
34.329
32.5452
32.5074
34.2139
38.1377
45.4467
58.7002
83.0967
128.436
210.665
346.518
254.378
254.311
345.864
209.855
127.788
82.7541
58.6247
45.4845
38.1975
34.2555
32.4992
32.463
34.146
38.0085
45.2189
58.2975
82.3838
127.358
209.517
345.755
254.238
253.685
345.078
208.664
126.728
82.0672
58.1936
45.2289
38.0568
34.1804
32.4458
32.4082
34.0661
37.8687
44.9683
57.8746
81.7006
126.327
208.328
344.985
253.925
253.114
344.357
207.459
125.655
81.3613
57.7794
44.9836
37.9076
34.0902
32.3876
32.3545
33.9883
37.7337
44.727
57.4413
80.969
125.231
207.082
344.152
253.598
252.609
343.62
206.173
124.52
80.6066
57.3154
44.6975
37.7376
33.989
32.316
32.2816
33.8854
37.5649
44.4542
56.9981
80.2168
124.079
205.693
343.292
253.015
252.041
342.824
204.795
123.335
79.8038
56.8171
44.4074
37.5596
33.8728
32.2302
32.1977
33.7766
37.4001
44.1835
56.5225
79.4416
122.96
204.382
342.498
252.484
251.522
342.015
203.436
122.146
78.9784
56.3158
44.1025
37.372
33.75
32.1343
32.0994
33.6511
37.2158
43.8897
56.0448
78.6394
121.712
202.909
341.576
251.796
251.095
341.23
202.032
120.899
78.1234
55.7651
43.7684
37.1596
33.6056
32.0255
31.993
33.5129
37.0194
43.5973
55.5584
77.826
120.463
201.44
340.681
251.049
250.417
340.389
200.496
119.548
77.1813
55.205
43.4421
36.9534
33.4557
31.903
31.8738
33.3667
36.8111
43.2693
55.0293
76.9456
119.087
199.821
339.689
250.379
249.933
339.602
198.952
118.151
76.2605
54.6321
43.0773
36.7127
33.2872
31.7679
31.7433
33.2124
36.5921
42.9293
54.4696
76.0492
117.717
198.209
338.603
249.426
249.004
338.694
197.185
116.57
75.2217
54.021
42.7078
36.4728
33.1051
31.6147
31.5964
33.0429
36.3596
42.558
53.8785
75.0822
116.251
196.477
337.516
248.663
248.155
337.746
195.345
114.948
74.1234
53.3244
42.2752
36.181
32.8985
31.4463
31.437
32.8619
36.1122
42.192
53.2786
74.0753
114.72
194.652
336.404
247.669
246.841
336.604
193.256
113.185
72.9404
52.6108
41.8317
35.8855
32.6774
31.2595
31.2547
32.658
35.8449
41.7842
52.6054
72.9863
113.074
192.683
335.252
246.69
245.422
335.339
190.935
111.248
71.7086
51.838
41.343
35.5641
32.4343
31.0485
31.0446
32.4248
35.5542
41.3634
51.928
71.8516
111.319
190.54
334.008
245.556
243.535
333.668
188.376
109.169
70.4015
51.0612
40.8409
35.2175
32.1706
30.8108
30.8125
32.1622
35.2154
40.8864
51.1867
70.6276
109.394
188.145
332.513
244.107
241.416
331.789
185.542
106.894
68.9882
50.225
40.3138
34.8407
31.8654
30.5402
30.5427
31.873
34.8691
40.3911
50.4002
69.3391
107.325
185.53
330.804
242.458
238.83
329.426
182.364
104.469
67.5148
49.3205
39.7222
34.4181
31.527
30.2365
30.2421
31.5459
34.4697
39.8556
49.569
67.9242
105.029
182.519
328.607
240.182
235.918
326.614
178.808
101.877
65.9014
48.3448
39.0902
33.961
31.1548
29.8989
29.9052
31.1782
34.0241
39.2407
48.6323
66.3986
102.543
179.17
326.017
237.595
232.46
323.13
174.81
99.0816
64.2578
47.3383
38.4294
33.4668
30.74
29.518
29.5216
30.7563
33.5216
38.5858
47.6705
64.7911
99.8191
175.337
322.748
234.359
228.606
318.904
170.438
96.1406
62.494
46.273
37.7093
32.924
30.2868
29.1015
29.1062
30.3054
32.9773
37.8489
46.5624
62.9929
96.86
171.007
318.671
230.407
224.23
313.793
165.603
93.0338
60.6774
45.1547
36.9446
32.3304
29.7747
28.6218
28.6247
29.791
32.3791
37.0682
45.4176
61.1486
93.7241
166.185
313.677
225.87
219.334
307.745
160.324
89.7783
58.7906
43.9742
36.1131
31.6802
29.2157
28.0988
28.1012
29.2336
31.7358
36.2322
44.1945
59.1793
90.3481
160.81
307.627
220.654
214.163
300.741
154.628
86.3873
56.8399
42.7409
35.2437
30.9792
28.5927
27.5128
27.5204
28.6152
31.025
35.3429
42.9376
57.1663
86.8254
154.945
300.469
214.954
208.503
292.627
148.54
82.8925
54.8302
41.4727
34.3126
30.2125
27.9127
26.8696
26.8763
27.94
30.2734
34.4247
41.6604
55.1053
83.187
148.687
292.13
208.837
202.894
283.613
142.258
79.3938
52.8433
40.1726
33.3372
29.3964
27.1751
26.1683
26.1801
27.2132
29.4664
33.4488
40.337
53.0452
79.5293
142.173
282.738
202.581
197.336
273.736
135.864
75.9234
50.8733
38.8632
32.3314
28.5417
26.3961
25.4215
25.4346
26.4378
28.6171
32.4467
39.0168
51.0359
76.0095
135.638
272.71
196.803
192.46
263.413
129.551
72.608
48.9613
37.5622
31.3076
27.655
25.5811
24.6406
24.6579
25.6339
27.7446
31.4336
37.7147
49.0999
72.6117
129.136
262.127
191.64
188.394
252.745
123.372
69.4724
47.1613
36.307
30.2975
26.7694
24.7593
23.8464
23.8639
24.8115
26.8573
30.4229
36.4641
47.3058
69.4768
122.988
251.539
188.065
185.44
241.961
117.427
66.525
45.441
35.0864
29.3045
25.8919
23.9443
23.0591
23.0773
23.9989
25.9845
29.4335
35.2433
45.5869
66.5609
117.095
240.773
186.43
184.114
231.271
111.8
63.7927
43.8478
33.9407
28.3595
25.0511
23.1593
22.298
22.3147
23.209
25.1367
28.4818
34.0968
44.0145
63.9047
111.664
230.362
184.484
184.067
220.646
106.428
61.2436
42.3475
32.8567
27.4677
24.2589
22.4196
21.5811
21.5956
22.4634
24.3356
27.581
33.0086
42.5268
61.4117
106.454
219.981
184.41
182.934
210.237
101.448
58.952
41.0137
31.8858
26.6594
23.5346
21.7398
20.9196
20.9306
21.7735
23.5942
26.7482
32.006
41.1627
59.1192
101.585
209.99
183.348
180.963
199.999
96.7567
56.8232
39.7825
30.9971
25.9241
22.8776
21.1237
20.3201
20.3279
21.148
22.9229
25.9959
31.0998
39.9174
56.9811
96.9357
200.186
182.35
181.384
190.423
92.4719
54.9514
38.7164
30.2194
25.2706
22.2874
20.5671
19.7776
19.7823
20.5824
22.3161
25.3169
30.2862
38.8072
55.0659
92.617
190.702
181.259
181.377
181.184
88.4481
53.2746
37.7726
29.5234
24.6788
21.7494
20.0586
19.2817
19.2846
20.068
21.7669
24.7077
29.5664
37.832
53.3459
88.5324
181.529
182.624
184.762
172.734
84.7424
51.8254
36.9417
28.8885
24.1279
21.2452
19.5818
18.8176
18.8188
19.586
21.2526
24.1403
28.9066
36.9669
51.8518
84.742
172.77
184.889
188.033
164.65
81.5739
50.597
36.1863
28.2809
23.5925
20.7563
19.1227
18.3731
18.3735
19.1245
20.7595
23.5988
28.2907
36.2003
50.6113
81.5643
164.603
188.08
194.346
157.479
78.9508
49.5311
35.4574
27.667
23.0489
20.2648
18.667
17.9355
17.9354
18.6674
20.2654
23.0507
27.6706
35.4641
49.5427
78.9608
157.445
194.3
202.328
150.973
77.0206
48.5806
34.7116
27.0175
22.4782
19.7586
18.2062
17.4978
17.4977
18.2063
19.759
22.4798
27.0219
34.721
48.5986
77.0431
150.943
202.329
213.733
145.969
75.484
47.6455
33.904
26.3086
21.8671
19.2302
17.7362
17.0576
17.0575
17.736
19.2302
21.8672
26.3097
33.9057
47.6473
75.4797
145.906
213.639
227.434
141.933
74.1916
46.6376
32.9838
25.5146
21.2042
18.6762
17.2578
16.6176
16.6176
17.2577
18.6766
21.2053
25.5183
32.9923
46.655
74.225
141.992
227.452
244.614
139.718
73.138
45.4968
31.9158
24.6195
20.4849
18.0988
16.7771
16.1855
16.1855
16.7769
18.0988
20.4852
24.6207
31.9187
45.5008
73.1383
139.617
244.614
265.26
138.569
71.9749
44.0613
30.6327
23.5988
19.7048
17.5032
16.304
15.7734
15.7734
16.3039
17.5032
19.7054
23.601
30.639
44.0765
72.0073
138.642
265.273
288.424
138.259
70.4165
42.213
29.0917
22.4423
18.8682
16.9006
15.8533
15.3971
15.397
15.853
16.9003
18.8682
22.4429
29.0946
42.2207
70.4321
138.281
288.43
315.011
138.281
68.1717
39.8269
27.2532
21.1472
17.9876
16.3092
15.4446
15.0757
15.0757
15.4444
16.3089
17.9874
21.1476
27.2561
39.8362
68.1946
138.31
314.999
343.029
137.933
64.7294
36.735
25.0863
19.7285
17.0906
15.757
15.1042
14.8364
14.8364
15.104
15.7567
17.09
19.7281
25.0876
36.7418
64.7526
137.987
343.058
372.92
135.523
59.453
32.7839
22.6012
18.2368
16.2277
15.2802
14.8607
14.7118
14.7118
14.8606
15.28
16.227
18.2363
22.6016
32.7866
59.4636
135.546
372.891
402.353
127.815
51.1871
27.8238
19.8642
16.7645
15.4757
14.9585
14.7556
14.6779
14.6779
14.7556
14.9584
15.4759
16.7653
19.8646
27.8249
51.192
127.838
402.391
432.702
107.344
38.6182
21.9348
17.0633
15.4926
14.9843
14.8103
14.7306
14.701
14.7011
14.7312
14.8116
14.9862
15.4937
17.0632
21.9341
38.6206
107.357
432.721
466.408
57.3841
21.6804
16.288
15.2335
14.9474
14.8449
14.8046
14.7968
14.7964
14.7964
14.7968
14.8048
14.8454
14.9486
15.2355
16.2896
21.6805
57.3834
466.406
)
;

boundaryField
{
    fixedWalls_1
    {
        Cmu             0.09;
        kappa           0.41;
        E               9.8;
        type            epsilonWallFunction;
        value           nonuniform List<scalar> 
200
(
265.866
265.631
265.523
265.122
265.205
265.211
265.458
265.523
265.545
265.568
265.892
266.425
266.458
266.508
266.211
266.399
266.244
266.533
266.732
266.291
266.087
265.764
265.461
265.281
265.095
264.844
264.564
264.359
264.011
263.671
263.217
262.681
262.438
262.035
261.743
261.292
260.835
260.361
259.716
259.273
258.803
258.504
258.266
257.757
257.328
256.642
256.026
255.299
254.76
254.402
253.819
253.403
252.916
252.412
251.847
251.393
250.86
250.392
249.72
248.968
248.042
246.844
245.622
244.058
242.374
240.443
238.04
235.399
232.336
228.806
224.768
220.195
215.172
209.909
204.528
199.362
194.678
190.74
187.851
186.188
185.915
183.257
183.039
181.585
182.504
184.874
188.157
194.281
202.436
213.597
227.468
244.561
265.226
288.494
314.931
343.121
372.883
402.38
432.726
466.403
264.899
264.711
264.54
264.902
265.004
265.193
265.028
265.312
265.293
265.378
265.613
265.901
265.994
265.909
265.946
265.868
265.705
265.605
265.432
265.327
265.076
264.884
264.658
264.452
264.221
263.772
263.417
263.089
262.674
262.224
261.842
261.379
260.845
260.538
260.318
260.167
259.83
259.511
258.936
258.352
257.908
257.449
257.064
256.543
256.268
255.777
255.49
255.205
254.852
254.551
254.114
253.655
253.105
252.532
251.982
251.399
250.633
249.939
249.211
248.233
247.101
245.811
244.504
242.836
241.353
239.397
237.49
234.904
232.362
228.926
225.239
220.585
215.778
210.294
204.906
199.55
194.754
190.7
187.78
185.744
184.312
183.621
182.319
182.194
182.195
184.84
188.038
194.294
202.301
213.661
227.441
244.6
265.241
288.39
315.009
342.989
372.901
402.369
432.691
466.414
)
;
    }
    frontAndBack_1
    {
        type            empty;
    }
    inlet_1
    {
        type            fixedValue;
        value           uniform 14.855;
    }
    outlet_1
    {
        type            zeroGradient;
    }
    fixedWalls_2
    {
        Cmu             0.09;
        kappa           0.41;
        E               9.8;
        type            epsilonWallFunction;
        value           nonuniform List<scalar> 
200
(
768.726
766.703
765.41
759.122
759.656
757.312
756.792
754.698
747.99
748.004
747.384
750.238
747.006
751.331
746.299
747.321
744.736
743.275
741.506
739.298
738.636
736.064
731.783
728.666
724.1
722.034
718.854
716.23
713.512
711.938
711.65
712.439
711.268
708.072
706.991
705.248
703.961
700.295
697.283
693.7
690.095
686.287
682.771
680.034
678.196
676.001
674.553
672.236
670.299
668.051
664.947
662.039
659.142
655.677
652.27
647.678
643.724
638.424
633.419
628.988
624.152
620.106
615.201
610.582
604.816
597.021
587.571
573.284
557.03
535.746
514.229
489.53
464.951
439.99
415.148
391.201
367.519
344.336
323.882
306.544
297.765
295.363
293.72
296.032
298.574
305.583
310.21
317.809
326.609
336.717
348.822
361.886
376.569
391.891
407.74
423.358
437.444
450.056
461.739
470.888
749.111
747.078
746.13
741.047
744.795
748.518
745.106
751.036
747.289
751.314
750.604
746.167
747.271
746.77
746.785
747.463
744.028
747.906
747.182
746.424
742.515
742.288
740.296
741.168
738.1
739.402
737.787
732.531
730.611
727.838
725.412
724.604
721.556
716.864
714.232
710.221
707.598
703.555
701.054
697.046
693.855
689.791
686.088
682.09
678.698
674.285
670.512
666.383
662.833
658.412
654.169
649.257
643.337
637.257
631.176
624.932
618.505
612.592
607.189
603.031
598.297
594.505
589.148
583.483
577.151
567.748
557.27
543.492
528.365
509.817
489.994
469.506
447.43
426.509
404.149
381.916
360.153
339.036
321.035
307.537
301.954
298.425
298.284
296.615
300.024
306.13
310.566
318.25
326.541
336.991
348.288
362
376.199
391.708
407.895
422.825
437.779
449.717
461.88
470.845
)
;
    }
    frontAndBack_2
    {
        type            empty;
    }
    inlet_2
    {
        type            fixedValue;
        value           uniform 14.855;
    }
    outlet_2
    {
        type            zeroGradient;
    }
    fixedWalls_3
    {
        Cmu             0.09;
        kappa           0.41;
        E               9.8;
        type            epsilonWallFunction;
        value           nonuniform List<scalar> 
200
(
1348.82
1345.03
1342.07
1331.1
1332.18
1328.64
1326.7
1325.55
1326.49
1323.09
1316.11
1318.86
1315.08
1303.22
1305.93
1308.52
1305.9
1295.39
1301.42
1298.66
1290.43
1297.67
1287.43
1287.71
1284.56
1281.43
1277.56
1272.86
1268.53
1264.28
1259.11
1252.75
1248.6
1244.12
1240.14
1233.56
1226.58
1223.84
1219.53
1214.72
1209.8
1204.92
1199.47
1194.22
1188.9
1184.8
1180.32
1175.98
1170.25
1164.28
1157.44
1149.73
1143.38
1135.56
1129.49
1122.71
1116.42
1108.13
1097.59
1084.38
1069.09
1051.63
1032.31
1012.42
990.752
968.848
945.678
922.052
897.016
871.076
842.393
813.064
780.65
746.495
706.796
666.563
623.122
579.436
536.402
490.886
453.269
415.977
390.745
378.758
373.796
370.616
370.914
378.532
386.104
392.696
401.041
410.713
420.147
430.62
440.04
450.045
456.71
464.284
468.193
473.56
1308.8
1296.87
1299.68
1297.8
1301.79
1294.26
1303.92
1292.84
1298.27
1295.33
1285.75
1287.05
1282.29
1279.56
1276.88
1276.72
1270.08
1275.98
1271.13
1276.34
1268.52
1266.1
1262.65
1258.88
1254.89
1251.86
1247.66
1249.61
1247.92
1244.5
1239.59
1236.1
1227.2
1221.91
1213.28
1208.81
1201.18
1195.45
1190.83
1186.73
1183.2
1179.21
1176.1
1172.4
1169.56
1166.76
1163.48
1160.71
1156.28
1153.1
1148.49
1144.64
1139.75
1133.75
1129.71
1122.29
1117.84
1111.82
1106.04
1099.17
1090.57
1081.75
1069.12
1054.95
1036.38
1015.45
993.161
966.264
939.697
909.139
875.036
836.596
796.533
747.084
694.391
635.068
576.541
524.726
479.878
436.857
408.529
381.731
373.086
368.994
367.998
368.43
372.895
378.55
385.035
392.795
401.221
409.895
420.501
430.01
440.164
449.868
456.826
464.276
468.378
473.491
)
;
    }
    frontAndBack_3
    {
        type            empty;
    }
    inlet_3
    {
        type            fixedValue;
        value           uniform 14.855;
    }
    outlet_3
    {
        type            zeroGradient;
    }
    fixedWalls_4
    {
        Cmu             0.09;
        kappa           0.41;
        E               9.8;
        type            epsilonWallFunction;
        value           nonuniform List<scalar> 
200
(
764.19
762.629
759.549
766.477
764.168
760.968
758.085
756.8
755.81
755.757
757.537
757.128
755.908
753.555
757.588
752.87
752.467
751.091
750.774
749.243
747.477
742.568
741.345
739.19
735.04
734.951
733.234
733.094
732.309
732.227
729.949
724.65
722.061
719.293
715.755
711.254
706.575
703.991
700.065
696.784
693.912
690.644
687.404
684.747
681.77
679.195
676.799
673.699
670.208
665.419
661.123
657.22
651.792
647.249
641.978
636.632
630.896
626.631
621.457
617.45
612.716
607.74
601.535
594.301
586.186
575.881
564.393
549.893
535.079
518.073
501.331
483.445
462.796
442.553
420.474
399.804
379.703
360.228
344.339
327.869
315.653
304.616
300.042
298.963
299.087
304.342
311.396
318.028
326.556
337.054
348.628
361.884
376.556
391.831
407.921
422.983
437.888
449.604
462.159
470.746
757.565
755.684
754.671
751.4
754.251
753.868
752.803
751.993
747.468
748.08
747.36
746.008
742.073
741.854
737.815
736.934
735.574
733.125
735.922
734.649
732.962
731.672
726.347
728.446
725.105
729.72
727.533
725.958
720.786
720.039
718.291
717.162
715.673
714.801
712.2
707.825
705.309
701.845
698.125
693.055
690.334
685.323
682.233
679.579
677.046
674.454
671.64
668.459
663.867
659.052
653.147
645.816
639.559
632.712
627.033
621.452
615.706
610.568
607.27
603.336
599.55
594.935
590.188
585.027
578.554
571.666
562.518
553.011
540.473
527.433
510.175
490.841
467.075
441.666
413.424
385.341
358.666
335.586
318.227
305.614
300.114
298.658
296.518
297.959
299.51
305.19
310.442
318.424
326.508
336.557
349.206
361.447
376.9
391.416
408.186
422.875
437.814
449.795
461.949
470.813
)
;
    }
    frontAndBack_4
    {
        type            empty;
    }
    inlet_4
    {
        type            fixedValue;
        value           uniform 14.855;
    }
    outlet_4
    {
        type            zeroGradient;
    }
    fixedWalls_5
    {
        Cmu             0.09;
        kappa           0.41;
        E               9.8;
        type            epsilonWallFunction;
        value           nonuniform List<scalar> 
200
(
267.596
267.461
267.433
267.109
267.112
267.065
267.032
266.664
266.799
266.609
266.36
266.297
266.202
266.073
265.961
265.643
265.611
265.45
265.207
265.099
264.975
264.909
264.814
264.529
264.296
264.038
263.745
263.437
263.175
262.965
262.606
262.347
262.059
261.766
261.416
260.954
260.422
259.86
259.175
258.642
258.129
257.838
257.64
257.458
257.177
256.792
256.45
256.063
255.715
255.395
254.855
254.311
253.685
253.114
252.609
252.041
251.522
251.095
250.417
249.933
249.004
248.155
246.841
245.422
243.535
241.416
238.83
235.918
232.46
228.606
224.23
219.334
214.163
208.503
202.894
197.336
192.46
188.394
185.44
184.114
184.067
182.934
180.963
181.384
181.377
184.762
188.033
194.346
202.328
213.733
227.434
244.614
265.26
288.424
315.011
343.029
372.92
402.353
432.702
466.408
266.159
265.946
265.905
265.813
265.785
265.598
265.593
265.582
265.533
265.489
265.695
265.859
265.7
266.025
265.943
265.931
265.884
265.744
265.811
265.663
265.526
265.444
265.349
265.139
264.876
264.465
264.065
263.662
263.427
262.963
262.476
262.086
261.784
261.367
260.959
260.622
260.253
259.991
259.587
259.228
258.667
258.216
257.702
257.174
256.698
256.078
255.598
255.176
254.704
254.457
254.378
254.238
253.925
253.598
253.015
252.484
251.796
251.049
250.379
249.426
248.663
247.669
246.69
245.556
244.107
242.458
240.182
237.595
234.359
230.407
225.87
220.654
214.954
208.837
202.581
196.803
191.64
188.065
186.43
184.484
184.41
183.348
182.35
181.259
182.624
184.889
188.08
194.3
202.329
213.639
227.452
244.614
265.273
288.43
314.999
343.058
372.891
402.391
432.721
466.406
)
;
    }
    frontAndBack_5
    {
        type            empty;
    }
    inlet_5
    {
        type            fixedValue;
        value           uniform 14.855;
    }
    outlet_5
    {
        type            zeroGradient;
    }
}


// ************************************************************************* //
