/*--------------------------------*- C++ -*----------------------------------*\
  =========                 |
  \\      /  F ield         | OpenFOAM: The Open Source CFD Toolbox
   \\    /   O peration     | Website:  https://openfoam.org
    \\  /    A nd           | Version:  6
     \\/     M anipulation  |
\*---------------------------------------------------------------------------*/
FoamFile
{
    version     2.0;
    format      ascii;
    class       volScalarField;
    location    "26";
    object      k;
}
// * * * * * * * * * * * * * * * * * * * * * * * * * * * * * * * * * * * * * //

dimensions      [0 2 -2 0 0 0 0];

internalField   nonuniform List<scalar> 
10000
(
0.208296
0.528369
0.485446
0.426554
0.37539
0.338612
0.315486
0.302062
0.295274
0.293053
0.293935
0.297966
0.306391
0.320617
0.343815
0.37921
0.427985
0.4847
0.525975
0.207465
0.208079
0.527838
0.484725
0.426434
0.375484
0.3392
0.31679
0.303559
0.295902
0.293762
0.294592
0.298453
0.307716
0.321651
0.344335
0.379151
0.427504
0.484174
0.525734
0.207416
0.20801
0.52783
0.485255
0.426335
0.375472
0.339202
0.31641
0.302559
0.295907
0.295051
0.29595
0.298462
0.306459
0.320616
0.343898
0.379369
0.428129
0.484678
0.525819
0.207435
0.207915
0.527389
0.484954
0.42583
0.375367
0.339306
0.316174
0.302621
0.296007
0.293708
0.29464
0.29857
0.306464
0.320524
0.343867
0.379558
0.427849
0.484019
0.525738
0.207442
0.207765
0.527269
0.484533
0.424729
0.375263
0.33933
0.316071
0.302972
0.29746
0.29528
0.296292
0.300136
0.306898
0.320669
0.343832
0.379574
0.428626
0.484898
0.525863
0.207706
0.207856
0.527173
0.484252
0.425353
0.375271
0.339455
0.316168
0.303044
0.29634
0.294078
0.295227
0.299121
0.306897
0.320651
0.343775
0.379404
0.427949
0.485427
0.526153
0.207869
0.207901
0.527264
0.485115
0.425925
0.375228
0.339656
0.316313
0.303186
0.296568
0.294464
0.296556
0.299653
0.308062
0.320847
0.343796
0.379376
0.428204
0.48551
0.526247
0.20786
0.207916
0.527352
0.485133
0.425535
0.375829
0.339848
0.316484
0.30447
0.298111
0.294566
0.295214
0.30046
0.307294
0.32072
0.343811
0.379241
0.427977
0.485601
0.526526
0.207995
0.207908
0.527346
0.485021
0.426658
0.375981
0.339821
0.316449
0.303562
0.297504
0.295989
0.295627
0.299482
0.307978
0.320952
0.344216
0.379391
0.427911
0.485836
0.526774
0.207969
0.208245
0.527723
0.48443
0.426663
0.37586
0.339874
0.316478
0.303659
0.298591
0.296123
0.297128
0.300883
0.307104
0.321344
0.344129
0.379325
0.428373
0.485775
0.526764
0.208106
0.208552
0.528196
0.485124
0.426775
0.376192
0.33972
0.316668
0.303812
0.29832
0.295561
0.296219
0.300135
0.307023
0.320682
0.343957
0.379067
0.427762
0.485796
0.526699
0.208109
0.208668
0.52841
0.485794
0.426506
0.376093
0.339767
0.316824
0.303892
0.297834
0.294506
0.295185
0.299322
0.306954
0.320527
0.344346
0.379272
0.428004
0.485788
0.527203
0.208312
0.208602
0.528095
0.485055
0.426733
0.376063
0.339876
0.317704
0.305069
0.29696
0.294585
0.295269
0.300423
0.307916
0.320453
0.343944
0.37919
0.428299
0.485747
0.52733
0.2083
0.208558
0.528015
0.485079
0.426396
0.375925
0.339811
0.317075
0.304409
0.296768
0.294889
0.296048
0.298779
0.306078
0.319981
0.343531
0.379005
0.428104
0.485481
0.527046
0.208098
0.208476
0.527816
0.484761
0.426151
0.375792
0.33973
0.317522
0.303658
0.296695
0.293862
0.29468
0.299197
0.306097
0.319957
0.343664
0.378758
0.42768
0.485072
0.526955
0.207961
0.208381
0.527722
0.484581
0.425682
0.375494
0.339727
0.316838
0.30366
0.296794
0.294183
0.295604
0.298103
0.305886
0.31988
0.343158
0.378495
0.427432
0.48448
0.526797
0.20779
0.208325
0.527559
0.484215
0.425112
0.375325
0.340127
0.317133
0.304117
0.297989
0.295261
0.294519
0.298072
0.306058
0.320024
0.343555
0.378275
0.426523
0.483932
0.52638
0.207628
0.208221
0.52735
0.483944
0.425207
0.375111
0.339737
0.317668
0.304843
0.296576
0.293803
0.294328
0.298352
0.306284
0.320278
0.342945
0.377756
0.42591
0.48345
0.526174
0.207494
0.208113
0.527218
0.483424
0.424261
0.374722
0.339796
0.316346
0.303195
0.29621
0.293774
0.295338
0.300047
0.307743
0.320717
0.343188
0.377544
0.425407
0.482867
0.526028
0.207357
0.207845
0.527017
0.482738
0.423493
0.374133
0.339297
0.316902
0.303387
0.296316
0.294492
0.293954
0.29896
0.306717
0.319612
0.342358
0.377027
0.424789
0.482219
0.525884
0.207208
0.207633
0.526603
0.482023
0.423025
0.373707
0.338774
0.315758
0.303893
0.296241
0.292981
0.29353
0.298014
0.305842
0.319514
0.342602
0.376616
0.424097
0.481411
0.525496
0.206942
0.207343
0.526065
0.481323
0.422448
0.373257
0.338228
0.315502
0.302287
0.29547
0.292798
0.293501
0.298508
0.30593
0.319556
0.341913
0.375939
0.423317
0.480877
0.525298
0.2068
0.207171
0.52572
0.480438
0.421746
0.372804
0.337736
0.31567
0.302557
0.295828
0.293114
0.293575
0.297892
0.306907
0.319887
0.342244
0.375327
0.422559
0.480066
0.524728
0.206479
0.206976
0.525334
0.47999
0.421122
0.372352
0.337808
0.31689
0.303846
0.296205
0.2934
0.293887
0.298739
0.305791
0.3203
0.341335
0.37438
0.421416
0.479181
0.524347
0.206238
0.206795
0.525045
0.479309
0.420543
0.37183
0.336909
0.315978
0.30297
0.297531
0.295071
0.294913
0.297138
0.30569
0.318745
0.340133
0.373484
0.420538
0.478314
0.523716
0.205884
0.206561
0.524695
0.478922
0.419893
0.371346
0.336078
0.315495
0.303623
0.296952
0.294204
0.293833
0.296709
0.304638
0.317236
0.338988
0.372646
0.41968
0.477556
0.523292
0.205557
0.206352
0.524402
0.478265
0.419371
0.37087
0.335684
0.3145
0.302769
0.298326
0.295964
0.294088
0.296507
0.302893
0.315455
0.337782
0.371759
0.418739
0.476882
0.523096
0.205376
0.206122
0.52411
0.477671
0.418684
0.370396
0.335344
0.314153
0.303143
0.29691
0.29479
0.294375
0.296877
0.302861
0.31523
0.337102
0.370993
0.417852
0.476055
0.52272
0.205042
0.205851
0.52377
0.476949
0.418096
0.369991
0.335153
0.313976
0.301869
0.295533
0.293579
0.295587
0.297557
0.302938
0.315184
0.336093
0.370273
0.417084
0.475291
0.522357
0.20473
0.205565
0.523366
0.476223
0.417255
0.369395
0.334982
0.314923
0.303258
0.296086
0.293594
0.294978
0.298002
0.303831
0.315699
0.335861
0.369644
0.416302
0.474585
0.521905
0.204405
0.205197
0.52281
0.475253
0.416324
0.368857
0.334732
0.314078
0.302728
0.297023
0.295053
0.294013
0.296398
0.302539
0.314664
0.335481
0.368904
0.415377
0.47371
0.5214
0.204069
0.204929
0.522332
0.474426
0.415425
0.368177
0.334556
0.314138
0.303685
0.297713
0.295192
0.295575
0.29694
0.302855
0.31561
0.335595
0.368427
0.41467
0.473043
0.520979
0.203774
0.204702
0.521978
0.473637
0.414548
0.367697
0.334592
0.314329
0.30316
0.297332
0.294953
0.295663
0.297264
0.302951
0.314819
0.3358
0.367717
0.413918
0.472254
0.520647
0.203542
0.20438
0.521528
0.472942
0.413917
0.367213
0.334894
0.31483
0.303996
0.298078
0.295613
0.295914
0.299098
0.304477
0.31478
0.334304
0.366831
0.413041
0.471438
0.520452
0.203442
0.204118
0.521184
0.472082
0.413071
0.366608
0.334237
0.31525
0.304976
0.30041
0.298042
0.29687
0.299465
0.304424
0.314071
0.333308
0.366118
0.412169
0.470623
0.520263
0.203235
0.20371
0.52066
0.471139
0.412288
0.366228
0.334345
0.316029
0.3062
0.301378
0.299298
0.298967
0.300387
0.304597
0.314231
0.333086
0.365542
0.411273
0.469888
0.519853
0.202993
0.203355
0.520118
0.470178
0.4114
0.365608
0.334461
0.317416
0.308007
0.303067
0.300654
0.299501
0.301732
0.305272
0.314503
0.332838
0.36478
0.410328
0.469019
0.519388
0.202641
0.202939
0.51943
0.469086
0.41038
0.365056
0.334472
0.317355
0.308732
0.30402
0.301831
0.301202
0.30263
0.306037
0.314938
0.332748
0.364215
0.409364
0.468054
0.518801
0.202272
0.202595
0.518869
0.468177
0.409453
0.364415
0.334797
0.317378
0.30939
0.305136
0.303093
0.302338
0.303689
0.306923
0.316104
0.332648
0.363365
0.408281
0.467044
0.518035
0.201802
0.202346
0.518428
0.467221
0.408387
0.363671
0.334336
0.317756
0.310125
0.306383
0.304607
0.304086
0.305104
0.308036
0.316418
0.33245
0.362688
0.40714
0.465921
0.517471
0.201475
0.202073
0.518029
0.466318
0.407406
0.363026
0.334103
0.319108
0.311412
0.30758
0.305745
0.305237
0.306312
0.309512
0.31693
0.332382
0.361933
0.406015
0.464837
0.516888
0.201127
0.201845
0.517654
0.465245
0.406281
0.362424
0.334203
0.319823
0.31262
0.309084
0.307252
0.306662
0.307369
0.310216
0.317309
0.332265
0.361072
0.404765
0.463603
0.516272
0.200783
0.201485
0.517118
0.46411
0.405147
0.361748
0.334234
0.320679
0.313704
0.310124
0.308348
0.307762
0.308484
0.311317
0.317767
0.332379
0.36046
0.403733
0.46251
0.515604
0.200459
0.201036
0.51639
0.462843
0.403946
0.361115
0.334269
0.321382
0.3146
0.311247
0.309635
0.309132
0.309798
0.312465
0.318969
0.333026
0.359914
0.402702
0.461476
0.515007
0.200151
0.200639
0.515773
0.461659
0.402783
0.360443
0.334295
0.321859
0.315518
0.31236
0.310792
0.310277
0.310936
0.313513
0.319408
0.33275
0.359235
0.401741
0.460509
0.514618
0.199941
0.20011
0.514955
0.460334
0.401611
0.359819
0.334404
0.322448
0.316415
0.313471
0.312046
0.311578
0.312179
0.314597
0.320381
0.332479
0.358674
0.400717
0.459438
0.514131
0.199642
0.199706
0.514275
0.458983
0.400349
0.359038
0.334909
0.323024
0.317362
0.314617
0.313301
0.312889
0.313447
0.31566
0.321052
0.332422
0.3579
0.399546
0.458356
0.513715
0.199459
0.19926
0.513495
0.45765
0.399073
0.358053
0.334291
0.323235
0.318164
0.31571
0.314563
0.314239
0.314784
0.316791
0.321728
0.332414
0.357205
0.398435
0.457184
0.513173
0.199171
0.198956
0.512884
0.456343
0.397734
0.356837
0.333644
0.323045
0.318867
0.31678
0.315811
0.315537
0.316012
0.317838
0.322427
0.33233
0.356392
0.397166
0.455945
0.512573
0.198885
0.198594
0.512266
0.455093
0.396465
0.355336
0.332488
0.322089
0.319357
0.317781
0.317041
0.316851
0.317281
0.318878
0.323
0.332282
0.355715
0.39597
0.4547
0.511952
0.198558
0.198158
0.511435
0.4536
0.395063
0.353817
0.33186
0.322727
0.319896
0.318738
0.318203
0.318046
0.318383
0.319734
0.323382
0.332186
0.3549
0.394575
0.453272
0.511313
0.198178
0.19783
0.510762
0.4522
0.393777
0.352861
0.330338
0.320731
0.319387
0.319435
0.319286
0.319206
0.319397
0.320403
0.323523
0.332159
0.354094
0.393143
0.451725
0.510593
0.197765
0.197384
0.509902
0.450589
0.392249
0.352487
0.330097
0.320358
0.31831
0.319951
0.320235
0.320242
0.320297
0.320899
0.322995
0.332466
0.352916
0.391465
0.450059
0.50976
0.197296
0.197006
0.509133
0.449015
0.390657
0.352554
0.330112
0.320097
0.318389
0.320361
0.321035
0.321142
0.321029
0.321207
0.322368
0.331609
0.351567
0.389815
0.44834
0.508828
0.196812
0.196592
0.508343
0.44726
0.388748
0.350772
0.32978
0.319996
0.319291
0.320255
0.321462
0.321725
0.321419
0.321224
0.322663
0.331152
0.350617
0.388213
0.446631
0.507917
0.196318
0.196211
0.50763
0.445555
0.386903
0.349149
0.328147
0.319574
0.316984
0.319587
0.321409
0.321931
0.321264
0.320216
0.320597
0.330087
0.34971
0.38641
0.444715
0.506912
0.195748
0.195717
0.506715
0.443655
0.384964
0.347576
0.326169
0.318937
0.316531
0.317838
0.320422
0.321635
0.320337
0.318677
0.31985
0.329003
0.34798
0.384263
0.442592
0.505826
0.195113
0.195183
0.505745
0.441591
0.382915
0.346353
0.325737
0.317812
0.316584
0.318643
0.319288
0.320854
0.31889
0.319207
0.319418
0.327762
0.346425
0.382163
0.440425
0.504773
0.194476
0.194466
0.504568
0.439173
0.380503
0.344841
0.3257
0.318693
0.316966
0.316443
0.32013
0.319708
0.318672
0.317176
0.318609
0.327078
0.344872
0.37976
0.437897
0.503439
0.193647
0.193656
0.503218
0.436434
0.377737
0.342915
0.326033
0.316852
0.315636
0.315549
0.318174
0.321327
0.320837
0.317349
0.318588
0.325874
0.342925
0.377064
0.435077
0.501857
0.192679
0.192646
0.5016
0.433374
0.374598
0.340194
0.32358
0.316573
0.314296
0.314984
0.318449
0.319018
0.318381
0.316868
0.319651
0.324746
0.340982
0.374212
0.432018
0.500079
0.191615
0.191474
0.499633
0.429909
0.371198
0.337203
0.321248
0.314336
0.313149
0.314335
0.315814
0.3164
0.316164
0.316042
0.318186
0.322368
0.338346
0.370932
0.42866
0.498087
0.190441
0.1902
0.497499
0.426303
0.367765
0.334253
0.318736
0.314533
0.314919
0.314978
0.3162
0.316625
0.316342
0.317141
0.317667
0.320392
0.335898
0.367686
0.425186
0.495929
0.189174
0.188668
0.494993
0.422282
0.36408
0.330925
0.31644
0.313161
0.313964
0.3155
0.316579
0.316785
0.316095
0.315476
0.317175
0.320495
0.333523
0.364233
0.421384
0.493537
0.187742
0.187047
0.492442
0.418094
0.360589
0.328696
0.316603
0.314203
0.315253
0.317559
0.319379
0.317882
0.316695
0.315406
0.315762
0.317495
0.330102
0.360579
0.417463
0.491152
0.186288
0.185103
0.48951
0.413569
0.357103
0.327929
0.31831
0.316319
0.316513
0.318849
0.31909
0.318425
0.317393
0.316011
0.315829
0.317241
0.327297
0.357087
0.413211
0.488287
0.184476
0.182899
0.486158
0.408738
0.353453
0.328284
0.317799
0.316973
0.319221
0.320418
0.32058
0.321208
0.318889
0.316842
0.314854
0.315546
0.32456
0.353637
0.408875
0.485381
0.182618
0.180452
0.482389
0.403722
0.349639
0.325401
0.316838
0.31709
0.320254
0.322146
0.322489
0.322861
0.320791
0.318691
0.317505
0.31734
0.323827
0.350516
0.404188
0.48192
0.180301
0.177644
0.478016
0.39845
0.346177
0.324226
0.317257
0.318351
0.322161
0.324668
0.325669
0.325275
0.323975
0.32019
0.317607
0.316715
0.323319
0.347114
0.399312
0.478302
0.177881
0.174544
0.473089
0.3928
0.342748
0.323325
0.319292
0.321735
0.324946
0.327231
0.328021
0.328018
0.326369
0.323411
0.31927
0.317608
0.323304
0.343759
0.394034
0.473789
0.174845
0.171158
0.467665
0.386846
0.339264
0.322396
0.320151
0.323134
0.326725
0.329405
0.330777
0.330506
0.328908
0.32616
0.322708
0.320016
0.322863
0.340681
0.38858
0.468879
0.171701
0.167568
0.461748
0.380737
0.335894
0.321528
0.321336
0.324933
0.328739
0.33146
0.332706
0.332564
0.331025
0.328177
0.324385
0.320833
0.321627
0.337457
0.38273
0.463135
0.168086
0.163932
0.455527
0.374938
0.333213
0.321182
0.322598
0.326796
0.330788
0.333596
0.334986
0.33488
0.333361
0.330524
0.32667
0.322878
0.32253
0.334912
0.376964
0.457175
0.164563
0.160378
0.449045
0.369454
0.331219
0.32157
0.324135
0.328714
0.332723
0.335471
0.336804
0.336757
0.335341
0.332566
0.328586
0.324141
0.322055
0.332346
0.371177
0.450573
0.160845
0.157082
0.442518
0.364437
0.329834
0.323275
0.326016
0.330574
0.334538
0.337263
0.338626
0.338628
0.337298
0.334641
0.330772
0.326286
0.323564
0.33091
0.366003
0.443935
0.157527
0.154239
0.436127
0.360088
0.328914
0.324078
0.327527
0.332294
0.33622
0.338839
0.340136
0.340181
0.338968
0.336429
0.332599
0.328006
0.32484
0.329783
0.361211
0.437114
0.154424
0.151965
0.429944
0.356427
0.328843
0.32546
0.329367
0.334097
0.337873
0.340357
0.341589
0.341674
0.340604
0.338256
0.33457
0.329869
0.325986
0.329353
0.357062
0.430542
0.151918
0.150386
0.423905
0.353217
0.328863
0.327032
0.331215
0.335866
0.339492
0.341827
0.34293
0.34303
0.342117
0.339951
0.336442
0.33183
0.3276
0.32932
0.353592
0.424118
0.149866
0.149956
0.417833
0.350367
0.328985
0.328614
0.333092
0.33769
0.341209
0.34348
0.344584
0.344683
0.343766
0.341668
0.338267
0.333691
0.329108
0.329339
0.350472
0.417752
0.14828
0.147684
0.411265
0.347636
0.329467
0.330152
0.334904
0.33948
0.342928
0.34517
0.346299
0.34639
0.345441
0.343372
0.340049
0.335523
0.330699
0.329812
0.347731
0.411178
0.14689
0.146705
0.404372
0.345056
0.330166
0.331993
0.336937
0.341397
0.344688
0.34681
0.347873
0.347954
0.347041
0.345048
0.341838
0.3374
0.332384
0.33038
0.345004
0.404246
0.145672
0.144846
0.396649
0.342225
0.330724
0.333689
0.338889
0.343306
0.34648
0.348494
0.349485
0.349544
0.348664
0.346752
0.343643
0.339239
0.333961
0.33081
0.34206
0.396449
0.144471
0.144132
0.388296
0.339465
0.331538
0.335671
0.341075
0.345384
0.348392
0.35027
0.351183
0.351225
0.350386
0.348579
0.345622
0.34133
0.335884
0.331614
0.339307
0.388045
0.143545
0.142693
0.379094
0.336787
0.332633
0.337885
0.343434
0.347591
0.350397
0.352111
0.352928
0.35295
0.352174
0.3505
0.347723
0.343572
0.337993
0.33265
0.336667
0.378861
0.142754
0.142859
0.369484
0.334647
0.334218
0.340453
0.346033
0.349971
0.35254
0.354073
0.354791
0.354801
0.354104
0.352591
0.35004
0.346107
0.340521
0.334256
0.334617
0.369381
0.142801
0.144333
0.359933
0.333656
0.336393
0.343384
0.348833
0.352469
0.354756
0.356087
0.3567
0.356703
0.356099
0.354774
0.352494
0.348858
0.343407
0.336404
0.333652
0.359968
0.144325
0.146934
0.351077
0.333373
0.33923
0.346675
0.351835
0.355076
0.357031
0.358135
0.358633
0.358632
0.358136
0.357031
0.355081
0.351841
0.346687
0.33925
0.333371
0.351075
0.146866
0.15163
0.343235
0.334506
0.342845
0.350315
0.354974
0.357715
0.359287
0.360139
0.360514
0.360511
0.360135
0.359278
0.357705
0.354962
0.350303
0.342837
0.334491
0.343271
0.151631
0.157983
0.336989
0.336934
0.347114
0.354203
0.358166
0.360314
0.36146
0.362043
0.362288
0.362285
0.362039
0.361453
0.360309
0.358167
0.354213
0.347132
0.336922
0.33693
0.157926
0.16674
0.333317
0.341018
0.352111
0.358301
0.361356
0.362818
0.363498
0.363795
0.363905
0.363903
0.363793
0.363495
0.362815
0.361357
0.358305
0.352123
0.341044
0.33331
0.166782
0.17754
0.331869
0.346522
0.357469
0.362445
0.364454
0.365175
0.365367
0.365371
0.365343
0.365342
0.365369
0.365365
0.365173
0.364459
0.362454
0.357482
0.346546
0.331871
0.177514
0.190937
0.332282
0.35361
0.363341
0.366628
0.367418
0.367343
0.367038
0.366754
0.366593
0.366592
0.366751
0.367035
0.367338
0.367415
0.366624
0.363336
0.353617
0.332297
0.190963
0.207104
0.338662
0.362453
0.369432
0.370625
0.370114
0.36925
0.368478
0.367933
0.367655
0.367654
0.36793
0.368473
0.369245
0.37011
0.370627
0.369445
0.362484
0.338683
0.207074
0.225278
0.348217
0.37232
0.375472
0.374287
0.372435
0.370835
0.369662
0.36891
0.368544
0.368542
0.368906
0.369655
0.370826
0.372425
0.374281
0.375472
0.372331
0.348229
0.225257
0.245998
0.363897
0.383516
0.381267
0.377401
0.374252
0.372036
0.370587
0.369715
0.369304
0.369304
0.369711
0.370581
0.372029
0.374246
0.377402
0.381284
0.383556
0.36393
0.246004
0.268
0.384386
0.394934
0.386027
0.379352
0.375305
0.372812
0.371291
0.370418
0.37002
0.370019
0.370416
0.371287
0.372805
0.375298
0.379348
0.38603
0.394946
0.384355
0.267931
0.291299
0.410314
0.404726
0.388358
0.380082
0.375739
0.373308
0.371901
0.371135
0.3708
0.3708
0.371135
0.371899
0.373303
0.375736
0.38008
0.388364
0.404745
0.410336
0.291326
0.314376
0.434546
0.408979
0.388854
0.38008
0.375803
0.373627
0.372508
0.371955
0.371732
0.371732
0.371957
0.37251
0.373627
0.375803
0.380078
0.38886
0.408991
0.434551
0.314342
0.338055
0.444931
0.406843
0.385646
0.378089
0.37506
0.373774
0.373202
0.372962
0.372876
0.372876
0.372964
0.373206
0.373777
0.375062
0.378091
0.385648
0.40685
0.444931
0.338065
0.364374
0.421503
0.386485
0.377504
0.375377
0.374626
0.374348
0.374272
0.374255
0.374253
0.374253
0.374255
0.374272
0.374347
0.374627
0.375377
0.377504
0.386483
0.421503
0.364371
0.604686
1.18129
1.04714
0.854678
0.681944
0.555229
0.478023
0.435472
0.412602
0.40269
0.402273
0.41174
0.433718
0.476535
0.554761
0.677904
0.846438
1.03578
1.173
0.597129
0.602631
1.17815
1.03978
0.846247
0.678629
0.552488
0.476409
0.435161
0.412554
0.402745
0.402194
0.411896
0.432919
0.474329
0.55033
0.671331
0.838832
1.03039
1.16958
0.596037
0.59971
1.17663
1.03996
0.848644
0.676413
0.547757
0.474736
0.434554
0.412411
0.402834
0.401904
0.411351
0.432613
0.473973
0.552722
0.675743
0.843237
1.03067
1.17342
0.594215
0.59984
1.17674
1.03734
0.846034
0.669732
0.547154
0.473943
0.433998
0.412431
0.402727
0.401714
0.410819
0.432135
0.47365
0.55163
0.674277
0.841501
1.02909
1.17377
0.598926
0.59816
1.1761
1.03527
0.84211
0.668019
0.545326
0.472631
0.433297
0.41125
0.401985
0.401478
0.410143
0.431591
0.473442
0.549692
0.671937
0.8341
1.02687
1.17293
0.598093
0.597736
1.17743
1.03496
0.839153
0.661502
0.541123
0.471336
0.432577
0.410945
0.401804
0.401826
0.409966
0.431118
0.471596
0.54823
0.67061
0.837151
1.02555
1.17204
0.597439
0.599288
1.17629
1.03257
0.835583
0.659503
0.539922
0.470579
0.431964
0.409984
0.400973
0.400672
0.409668
0.43065
0.470865
0.543817
0.668306
0.834746
1.02301
1.17051
0.594993
0.598635
1.17184
1.02492
0.832329
0.657056
0.53821
0.469455
0.431413
0.409764
0.401458
0.400632
0.409638
0.430365
0.470331
0.544744
0.666253
0.830323
1.02204
1.17039
0.594502
0.597726
1.17349
1.02623
0.827822
0.652836
0.5363
0.468438
0.430736
0.409398
0.400609
0.400405
0.409702
0.429955
0.469407
0.543288
0.659894
0.822626
1.02033
1.16788
0.594246
0.594398
1.17263
1.02152
0.822166
0.650184
0.534717
0.467353
0.430233
0.409264
0.401069
0.400386
0.409342
0.429615
0.468534
0.539772
0.661411
0.823528
1.02111
1.16987
0.594652
0.594668
1.16962
1.02556
0.822291
0.649719
0.532997
0.466299
0.429342
0.408992
0.399939
0.400361
0.409112
0.429121
0.467892
0.540866
0.659923
0.821532
1.01627
1.16877
0.595553
0.593326
1.16928
1.02318
0.821568
0.651677
0.531217
0.465229
0.428503
0.408342
0.399667
0.399879
0.408415
0.428669
0.466834
0.539318
0.6578
0.821231
1.02031
1.16585
0.594567
0.592163
1.16816
1.02068
0.822107
0.646657
0.529714
0.464322
0.427712
0.408312
0.399655
0.400573
0.408751
0.428154
0.4651
0.535054
0.655396
0.818487
1.01812
1.16577
0.591404
0.590837
1.16666
1.01243
0.818847
0.649236
0.529156
0.463456
0.427485
0.408443
0.39943
0.400049
0.40801
0.427478
0.464235
0.533366
0.64943
0.815482
1.01592
1.16475
0.591962
0.588607
1.16393
1.0083
0.810461
0.642128
0.52926
0.462764
0.427377
0.409226
0.399379
0.399967
0.408252
0.426796
0.462576
0.531067
0.647754
0.812609
1.01174
1.1632
0.592246
0.586805
1.16205
1.00425
0.808224
0.640009
0.527597
0.461703
0.427136
0.40802
0.399083
0.399476
0.407005
0.426174
0.461781
0.528697
0.644428
0.810341
1.0085
1.16248
0.59144
0.585325
1.15841
0.999793
0.802649
0.636452
0.52353
0.460364
0.42596
0.406862
0.398948
0.398934
0.406009
0.425472
0.460457
0.527792
0.641629
0.807396
1.01113
1.16437
0.589189
0.581927
1.15652
0.994058
0.798448
0.632144
0.5215
0.459366
0.424959
0.405481
0.398232
0.398198
0.405786
0.425065
0.459302
0.524575
0.637643
0.805131
1.00952
1.16387
0.589311
0.580976
1.15534
0.991604
0.7914
0.627793
0.520131
0.458549
0.423968
0.40517
0.398841
0.39899
0.405733
0.424348
0.458231
0.522183
0.634674
0.80205
1.00761
1.16003
0.589107
0.579329
1.15364
0.988291
0.788216
0.624406
0.518489
0.457624
0.423039
0.404755
0.39846
0.398272
0.405629
0.423726
0.457124
0.520011
0.629805
0.798491
1.00188
1.15979
0.588182
0.576726
1.15063
0.983916
0.783308
0.620917
0.516365
0.456806
0.423037
0.404478
0.397667
0.398837
0.405518
0.422994
0.456026
0.518078
0.627304
0.795051
1.00149
1.15952
0.585517
0.573384
1.14498
0.978152
0.778417
0.617839
0.514128
0.45555
0.422159
0.404087
0.397797
0.39746
0.404495
0.422105
0.454898
0.515867
0.623692
0.791293
0.998721
1.15846
0.58594
0.570555
1.14227
0.974107
0.773006
0.613566
0.511914
0.454578
0.421892
0.4038
0.396298
0.396245
0.403345
0.421212
0.453867
0.514002
0.620282
0.786414
0.99203
1.15454
0.584831
0.568254
1.1388
0.968069
0.766882
0.610088
0.510104
0.453612
0.420605
0.403656
0.396347
0.397021
0.40351
0.42037
0.45277
0.512047
0.617648
0.782205
0.988685
1.15462
0.58197
0.565625
1.13526
0.962992
0.76105
0.606087
0.508231
0.4529
0.420507
0.404116
0.396372
0.396045
0.402671
0.419535
0.452001
0.510279
0.614261
0.777628
0.982452
1.15329
0.580641
0.564129
1.13235
0.95826
0.756529
0.602867
0.506391
0.451924
0.420302
0.403327
0.397134
0.396951
0.402809
0.419494
0.451302
0.508743
0.611204
0.77304
0.979435
1.15215
0.578762
0.562625
1.13067
0.953539
0.75089
0.599136
0.504677
0.451139
0.420437
0.403287
0.396486
0.396309
0.402739
0.418913
0.450483
0.50712
0.608069
0.767925
0.973717
1.14891
0.575033
0.562796
1.13041
0.951695
0.747717
0.596533
0.503252
0.450324
0.421074
0.403371
0.397205
0.397103
0.403391
0.418984
0.449841
0.505527
0.605397
0.764966
0.970945
1.14685
0.573573
0.563933
1.13168
0.951099
0.743524
0.594026
0.501834
0.449386
0.420343
0.403243
0.396251
0.396006
0.402543
0.419189
0.448981
0.50369
0.601995
0.76029
0.96755
1.14563
0.571663
0.563082
1.12912
0.951391
0.741135
0.591825
0.500557
0.448472
0.419763
0.403344
0.396563
0.39624
0.402553
0.418422
0.448155
0.501969
0.599
0.757455
0.96504
1.14495
0.570146
0.562068
1.13162
0.949481
0.738046
0.589879
0.499435
0.447435
0.419037
0.403475
0.397618
0.396529
0.402627
0.418015
0.447408
0.50036
0.596161
0.754055
0.961724
1.14352
0.568494
0.558446
1.12724
0.942406
0.735015
0.588062
0.498354
0.446511
0.418379
0.40408
0.397687
0.396865
0.403368
0.417504
0.446694
0.498995
0.593394
0.748733
0.955461
1.14049
0.565717
0.557335
1.12672
0.939399
0.732583
0.586241
0.497438
0.446037
0.417865
0.403743
0.397855
0.397084
0.403323
0.417819
0.446072
0.497276
0.590056
0.743095
0.951189
1.13512
0.562272
0.555226
1.12481
0.935775
0.730007
0.584482
0.496432
0.445829
0.418335
0.404551
0.398265
0.397944
0.403444
0.417397
0.445304
0.495705
0.586915
0.738625
0.945139
1.13131
0.559324
0.553546
1.12239
0.931853
0.726854
0.5824
0.495335
0.445224
0.417599
0.403897
0.398278
0.397874
0.403348
0.41788
0.44463
0.494086
0.583656
0.732191
0.939481
1.12865
0.557339
0.551936
1.12021
0.927133
0.723494
0.580417
0.494394
0.444348
0.417566
0.404748
0.398653
0.398103
0.403407
0.417265
0.443742
0.492421
0.580762
0.728713
0.934617
1.12604
0.554396
0.549516
1.11635
0.922326
0.72003
0.578332
0.493411
0.444151
0.417631
0.404797
0.398894
0.398173
0.40297
0.41688
0.442912
0.490746
0.577628
0.723782
0.930464
1.12339
0.552334
0.546615
1.11381
0.917516
0.716538
0.576196
0.49235
0.444036
0.417641
0.404708
0.399076
0.398067
0.402197
0.416036
0.441875
0.488801
0.57403
0.718672
0.924878
1.12098
0.5494
0.544139
1.10959
0.913275
0.713506
0.57412
0.491189
0.442926
0.41799
0.404264
0.399265
0.397798
0.401959
0.415058
0.440942
0.48718
0.571119
0.714162
0.91965
1.11856
0.547097
0.541604
1.1078
0.90776
0.709087
0.571491
0.489971
0.442547
0.417319
0.404199
0.399267
0.398076
0.401975
0.414213
0.439968
0.485355
0.56767
0.708988
0.914248
1.11461
0.543685
0.539127
1.10643
0.902947
0.705182
0.56904
0.488713
0.442284
0.417787
0.404331
0.398978
0.39868
0.40249
0.414133
0.439065
0.483746
0.565004
0.704819
0.90879
1.11069
0.54095
0.537259
1.1058
0.898895
0.701031
0.566411
0.487381
0.442135
0.41692
0.404384
0.399223
0.399064
0.401701
0.414195
0.437807
0.481827
0.561734
0.700029
0.904282
1.10779
0.537851
0.535393
1.10383
0.894747
0.696867
0.563674
0.485958
0.442583
0.416918
0.405177
0.400159
0.398779
0.401394
0.412894
0.436497
0.480005
0.5585
0.69466
0.898018
1.10422
0.535164
0.533728
1.09895
0.890759
0.693108
0.561179
0.484413
0.441531
0.416824
0.404463
0.399125
0.39803
0.401196
0.411803
0.435334
0.478022
0.554993
0.689483
0.892129
1.10078
0.532094
0.532354
1.0979
0.886919
0.689418
0.558662
0.482821
0.440708
0.417288
0.405137
0.400062
0.398961
0.401193
0.411646
0.434154
0.475838
0.551167
0.683444
0.885421
1.09761
0.529296
0.530669
1.09512
0.882536
0.685811
0.556232
0.481108
0.439495
0.416029
0.404062
0.398964
0.39793
0.401034
0.411854
0.432689
0.473383
0.547091
0.677547
0.878488
1.09347
0.525946
0.529067
1.09225
0.878472
0.681957
0.553583
0.47928
0.438278
0.415263
0.404762
0.400019
0.398866
0.400878
0.410174
0.430473
0.470657
0.542737
0.671194
0.871872
1.09058
0.523281
0.52673
1.08832
0.873743
0.678336
0.55115
0.477457
0.437023
0.414972
0.403992
0.399233
0.398144
0.400852
0.408955
0.428564
0.468046
0.538445
0.664986
0.86476
1.08687
0.520061
0.525173
1.0856
0.869496
0.674278
0.548339
0.475483
0.435544
0.414043
0.404124
0.399453
0.398323
0.401559
0.408259
0.426814
0.465417
0.534192
0.659002
0.858465
1.08355
0.516988
0.522529
1.08174
0.864047
0.669758
0.545356
0.473584
0.434355
0.414056
0.405306
0.400694
0.398573
0.400213
0.407985
0.425313
0.462626
0.529544
0.652254
0.851028
1.0788
0.513113
0.520033
1.07795
0.858817
0.665096
0.542099
0.471658
0.433193
0.414403
0.404607
0.400063
0.399325
0.400051
0.408276
0.424911
0.459924
0.525107
0.645848
0.843996
1.07518
0.509496
0.517622
1.07426
0.853171
0.659999
0.538612
0.469755
0.431875
0.413347
0.405305
0.401006
0.398445
0.399732
0.407771
0.424954
0.456934
0.520204
0.638736
0.836183
1.0702
0.504958
0.514957
1.07101
0.847839
0.654961
0.535025
0.467984
0.430573
0.41327
0.404169
0.400498
0.398687
0.399457
0.40667
0.422681
0.453972
0.515349
0.631641
0.828101
1.06469
0.500315
0.511845
1.06646
0.84142
0.649254
0.531002
0.466127
0.430233
0.412875
0.404818
0.399967
0.399807
0.399378
0.405168
0.421057
0.450772
0.5098
0.623799
0.819689
1.05936
0.495754
0.508755
1.06306
0.835423
0.643541
0.526673
0.463694
0.43034
0.413087
0.404134
0.399761
0.398837
0.399249
0.405015
0.419445
0.44734
0.504045
0.615809
0.81076
1.05315
0.491001
0.505031
1.05816
0.82847
0.637364
0.52215
0.46041
0.428562
0.413861
0.405216
0.400026
0.398041
0.398758
0.405488
0.417249
0.443238
0.49781
0.607307
0.801318
1.04703
0.486364
0.501784
1.05449
0.821818
0.631085
0.51768
0.458128
0.427968
0.412945
0.404326
0.400197
0.398926
0.398621
0.403692
0.414516
0.439094
0.491713
0.59894
0.792015
1.04056
0.48195
0.497773
1.04943
0.814451
0.624564
0.513018
0.455006
0.425785
0.411494
0.40343
0.400933
0.398033
0.398688
0.402307
0.412189
0.435111
0.485284
0.590052
0.782588
1.03487
0.478124
0.494701
1.04578
0.807337
0.617831
0.508267
0.452316
0.423664
0.41
0.40361
0.399603
0.39738
0.397451
0.401483
0.410114
0.430989
0.478844
0.581361
0.773597
1.03001
0.47465
0.491298
1.042
0.79956
0.610764
0.503333
0.449516
0.422473
0.408759
0.402141
0.400234
0.397599
0.397668
0.400609
0.407851
0.42696
0.472557
0.572589
0.764551
1.02587
0.471402
0.48776
1.03782
0.790959
0.603056
0.498048
0.446186
0.421865
0.40903
0.401773
0.398343
0.397799
0.39661
0.399109
0.40552
0.423475
0.466751
0.563915
0.755121
1.02136
0.467573
0.484199
1.03387
0.782197
0.595309
0.493034
0.442322
0.419461
0.40868
0.401849
0.397992
0.396187
0.395307
0.397228
0.402579
0.420193
0.461309
0.555607
0.745758
1.01713
0.463682
0.47968
1.02921
0.771531
0.586296
0.488059
0.438351
0.41689
0.408
0.402433
0.397768
0.395432
0.394033
0.395194
0.400395
0.417934
0.45647
0.547363
0.735681
1.01154
0.45831
0.474587
1.02425
0.760112
0.576624
0.483282
0.4356
0.414652
0.4068
0.400353
0.397611
0.395639
0.394083
0.393701
0.398161
0.415221
0.451428
0.53886
0.724934
1.00608
0.452582
0.467441
1.01738
0.746379
0.565225
0.477565
0.434095
0.414391
0.405322
0.399949
0.397713
0.396559
0.394473
0.39386
0.397854
0.413003
0.44652
0.529973
0.712833
0.998685
0.444892
0.458377
1.00846
0.730772
0.55262
0.470342
0.431363
0.414936
0.404191
0.399557
0.397412
0.39603
0.395703
0.394088
0.398082
0.410323
0.44119
0.520197
0.698555
0.988402
0.435248
0.446825
0.996784
0.713154
0.539429
0.462575
0.430953
0.412164
0.403452
0.399458
0.397561
0.396325
0.395564
0.393962
0.395916
0.407637
0.435617
0.509775
0.683009
0.976928
0.424484
0.432329
0.981037
0.692959
0.525689
0.453984
0.42427
0.410157
0.403357
0.399474
0.397584
0.39709
0.395687
0.395023
0.396567
0.405417
0.430303
0.499059
0.665526
0.961782
0.411252
0.416492
0.962883
0.671686
0.512272
0.447409
0.421623
0.409724
0.404376
0.39923
0.397518
0.396141
0.3949
0.394117
0.394462
0.402828
0.425376
0.488444
0.647418
0.945282
0.397275
0.398129
0.940297
0.647983
0.497915
0.439602
0.416878
0.407804
0.402011
0.398736
0.398189
0.39623
0.395063
0.395391
0.394666
0.401004
0.420898
0.47797
0.627936
0.924969
0.381257
0.380049
0.91631
0.624994
0.485633
0.434062
0.41365
0.4047
0.39994
0.398103
0.396979
0.396204
0.395441
0.39398
0.392685
0.398772
0.417353
0.468196
0.608525
0.903558
0.365386
0.360165
0.888639
0.600551
0.472353
0.427926
0.410723
0.402934
0.399962
0.398184
0.39686
0.396618
0.39416
0.392521
0.392336
0.397684
0.414426
0.458783
0.588396
0.879213
0.348533
0.341547
0.86072
0.578559
0.461932
0.423215
0.408762
0.401276
0.398253
0.398441
0.396536
0.394844
0.393789
0.392421
0.392155
0.396134
0.410043
0.449128
0.568146
0.85295
0.331519
0.322425
0.831203
0.556384
0.450966
0.417749
0.406482
0.401207
0.397626
0.396419
0.395461
0.394343
0.39316
0.39234
0.392279
0.394934
0.406942
0.440525
0.54836
0.825231
0.314832
0.304206
0.800703
0.53617
0.442258
0.413593
0.403838
0.400028
0.397192
0.395908
0.394964
0.393937
0.3929
0.393051
0.3933
0.393391
0.403297
0.431463
0.528348
0.794688
0.297509
0.286606
0.768904
0.516426
0.433219
0.409527
0.401021
0.398402
0.396816
0.395457
0.394499
0.393581
0.392417
0.391094
0.391568
0.392555
0.399761
0.422957
0.509526
0.763442
0.281635
0.26997
0.735181
0.497575
0.424774
0.405274
0.397602
0.394618
0.392799
0.391463
0.390608
0.390122
0.389777
0.389478
0.389877
0.390797
0.395745
0.414707
0.491303
0.730919
0.266822
0.25558
0.700842
0.479449
0.416326
0.400394
0.394103
0.39103
0.388944
0.387539
0.386711
0.386439
0.386627
0.387002
0.387132
0.387667
0.391662
0.407275
0.474628
0.698366
0.254593
0.244515
0.666137
0.462292
0.40832
0.394858
0.389685
0.386803
0.384863
0.383653
0.383036
0.382866
0.382999
0.383359
0.383942
0.384869
0.387852
0.40162
0.460444
0.667329
0.24614
0.239586
0.63385
0.447496
0.401445
0.390067
0.385776
0.383131
0.38141
0.380335
0.379801
0.379749
0.380073
0.380617
0.381231
0.3822
0.38504
0.39735
0.447947
0.637637
0.241825
0.236168
0.604331
0.435251
0.395871
0.386368
0.382378
0.38005
0.378467
0.377466
0.376996
0.377016
0.37743
0.378104
0.37886
0.379847
0.382921
0.394376
0.437973
0.610815
0.241014
0.236523
0.579592
0.426837
0.392264
0.383712
0.380127
0.377852
0.376289
0.375303
0.374849
0.374915
0.375453
0.376362
0.377441
0.378564
0.381963
0.392771
0.429882
0.585671
0.236709
0.235416
0.557085
0.42052
0.390075
0.382185
0.378615
0.376348
0.374773
0.373755
0.373267
0.373315
0.373888
0.37495
0.37636
0.377679
0.381337
0.391268
0.422759
0.561439
0.236391
0.23504
0.536582
0.416373
0.389439
0.38161
0.377945
0.375566
0.373897
0.372808
0.372262
0.372266
0.372812
0.373923
0.375713
0.377828
0.382091
0.390167
0.417273
0.538891
0.234771
0.23596
0.51588
0.412642
0.389556
0.381783
0.377759
0.375272
0.37349
0.372315
0.371722
0.371714
0.372263
0.373366
0.375236
0.378085
0.382196
0.3897
0.412713
0.516463
0.236564
0.239727
0.495559
0.409745
0.390748
0.383401
0.378861
0.375582
0.373488
0.372151
0.371499
0.371519
0.37223
0.373609
0.375574
0.378585
0.383043
0.390723
0.409966
0.496163
0.239954
0.242718
0.476534
0.4081
0.39239
0.385012
0.379936
0.376298
0.373739
0.372186
0.371451
0.371457
0.372218
0.373786
0.376352
0.380022
0.385065
0.392444
0.408223
0.476419
0.242774
0.248641
0.459565
0.407451
0.393832
0.386186
0.380733
0.376812
0.374096
0.372376
0.371523
0.371525
0.37236
0.374089
0.376832
0.380791
0.386293
0.393954
0.407585
0.459652
0.248708
0.254805
0.445769
0.407869
0.395646
0.387439
0.381431
0.377164
0.374236
0.372432
0.371571
0.371564
0.372434
0.374246
0.377158
0.381436
0.387471
0.395754
0.408029
0.445596
0.254667
0.262927
0.435172
0.410021
0.397765
0.388609
0.381984
0.377364
0.374303
0.37245
0.371572
0.37157
0.372443
0.374294
0.377349
0.381981
0.388619
0.397801
0.41017
0.435433
0.262958
0.272247
0.429712
0.413365
0.399975
0.389646
0.382325
0.377435
0.374308
0.372435
0.371557
0.371556
0.372428
0.374301
0.377424
0.38232
0.389636
0.399935
0.41327
0.4297
0.27196
0.28252
0.427539
0.417648
0.402182
0.390389
0.382456
0.377413
0.374234
0.372389
0.371548
0.371548
0.372382
0.374227
0.377402
0.382447
0.390386
0.402229
0.41776
0.427513
0.28259
0.293953
0.428096
0.422908
0.404226
0.390705
0.382383
0.377191
0.374069
0.372331
0.371567
0.371566
0.372326
0.374061
0.377181
0.382371
0.390703
0.404226
0.4229
0.428098
0.293685
0.30611
0.436418
0.429379
0.405607
0.390711
0.381905
0.376753
0.373831
0.372303
0.371648
0.371647
0.3723
0.373825
0.376745
0.381896
0.390709
0.405624
0.429424
0.436426
0.306155
0.318444
0.447751
0.435666
0.406118
0.389836
0.380954
0.376109
0.373542
0.372304
0.371807
0.371807
0.372302
0.373538
0.376101
0.380947
0.389836
0.406135
0.435715
0.44777
0.318348
0.330662
0.465315
0.440703
0.405628
0.388213
0.379624
0.375367
0.373351
0.372446
0.372113
0.372113
0.372446
0.373349
0.37536
0.379619
0.388214
0.405645
0.440742
0.465276
0.330522
0.341809
0.484593
0.442645
0.402576
0.38543
0.377913
0.374615
0.373289
0.37275
0.372574
0.372574
0.37275
0.373289
0.374612
0.377905
0.385419
0.402573
0.442677
0.484567
0.341947
0.351557
0.494283
0.439026
0.396589
0.381656
0.376109
0.374227
0.373488
0.373246
0.373182
0.373182
0.373247
0.373489
0.374219
0.376108
0.38166
0.396617
0.439048
0.49428
0.351364
0.360809
0.495663
0.421145
0.386423
0.377479
0.375013
0.374166
0.37393
0.373883
0.373879
0.373879
0.373885
0.373932
0.374163
0.375006
0.377484
0.386452
0.421126
0.495635
0.360979
0.367842
0.430461
0.384493
0.375968
0.37487
0.374642
0.374595
0.374614
0.374625
0.374629
0.374629
0.374625
0.374613
0.374594
0.374634
0.374835
0.375876
0.384476
0.430518
0.367781
1.06683
1.80057
1.58708
1.27511
0.991328
0.780516
0.643154
0.562036
0.517979
0.497594
0.494064
0.507339
0.544842
0.619181
0.751004
0.956756
1.23843
1.56058
1.78859
1.04527
1.06324
1.79738
1.58305
1.27058
0.986717
0.777169
0.64117
0.559896
0.517425
0.497369
0.493846
0.505894
0.542457
0.614739
0.743888
0.945364
1.23234
1.55611
1.78535
1.03838
1.06057
1.79263
1.57961
1.26669
0.981195
0.774215
0.639595
0.559354
0.517075
0.497188
0.493852
0.506393
0.542727
0.614972
0.746372
0.945681
1.22131
1.55162
1.78351
1.03828
1.0539
1.79502
1.56743
1.25399
0.97949
0.766595
0.635378
0.557972
0.515984
0.496504
0.493691
0.50615
0.542297
0.613396
0.744126
0.942495
1.22627
1.53985
1.77315
1.03517
1.05509
1.79299
1.56665
1.25376
0.9699
0.766134
0.634946
0.557278
0.515991
0.49681
0.493653
0.506962
0.543006
0.61283
0.741503
0.942932
1.21375
1.5424
1.77471
1.03381
1.05638
1.79137
1.56115
1.24926
0.966772
0.762643
0.633748
0.55678
0.515808
0.496695
0.493063
0.506157
0.542666
0.613196
0.739317
0.939521
1.21241
1.53828
1.77194
1.03087
1.05019
1.78762
1.55758
1.23621
0.961032
0.760807
0.631287
0.557146
0.515992
0.496384
0.49359
0.507215
0.541043
0.61176
0.732304
0.929198
1.20612
1.52443
1.77196
1.02885
1.05455
1.78518
1.55259
1.23239
0.957099
0.759887
0.631168
0.556058
0.516155
0.496885
0.494001
0.507219
0.541009
0.608588
0.732711
0.92777
1.20067
1.52319
1.76931
1.02629
1.04761
1.77755
1.53682
1.2243
0.956008
0.759574
0.630974
0.556823
0.515962
0.496821
0.494047
0.50726
0.540935
0.6088
0.727993
0.92315
1.1957
1.51031
1.75974
1.02476
1.04938
1.77791
1.52971
1.21478
0.952076
0.75712
0.62884
0.555524
0.515135
0.496622
0.493943
0.507157
0.541426
0.608993
0.729813
0.919105
1.18901
1.5074
1.75895
1.02494
1.04759
1.77605
1.52333
1.20561
0.942425
0.751208
0.628066
0.555592
0.51519
0.496577
0.49383
0.506961
0.541008
0.607825
0.72465
0.915081
1.18314
1.5026
1.75513
1.0224
1.0409
1.7699
1.51781
1.20084
0.937769
0.748136
0.626163
0.555075
0.515075
0.496167
0.493421
0.506754
0.54041
0.606433
0.723676
0.910336
1.17934
1.49733
1.75196
1.0153
1.04387
1.77192
1.51837
1.19479
0.93384
0.745656
0.624439
0.554439
0.515212
0.49657
0.494007
0.5067
0.539885
0.605161
0.718668
0.906251
1.16886
1.49224
1.7498
1.01784
1.0426
1.77066
1.51494
1.19235
0.931963
0.743588
0.623347
0.553726
0.515086
0.49704
0.494099
0.506704
0.53857
0.602636
0.718035
0.901896
1.16524
1.49299
1.75035
1.01323
1.0403
1.76539
1.52253
1.19369
0.932486
0.741291
0.622566
0.554346
0.51511
0.497193
0.494071
0.506631
0.538741
0.60255
0.716543
0.89751
1.15998
1.49729
1.7564
1.01933
1.03876
1.76517
1.52061
1.19836
0.929796
0.739555
0.622338
0.554304
0.515924
0.497325
0.493764
0.506188
0.538931
0.601654
0.714222
0.892159
1.15563
1.49353
1.75481
1.01708
1.03583
1.76327
1.51635
1.1886
0.93229
0.738393
0.623031
0.554265
0.516054
0.497436
0.494703
0.506899
0.538437
0.60071
0.710487
0.888405
1.15127
1.48866
1.74585
1.0144
1.03341
1.76021
1.5133
1.195
0.930117
0.73625
0.622395
0.554207
0.516231
0.497289
0.495435
0.507591
0.538906
0.599939
0.70866
0.884805
1.1469
1.48564
1.74597
1.00652
1.02622
1.75701
1.50148
1.18286
0.921997
0.735905
0.620828
0.554014
0.516579
0.498125
0.495629
0.507543
0.538557
0.599045
0.706196
0.880783
1.13984
1.47442
1.74177
1.00495
1.02647
1.75464
1.49932
1.17985
0.921383
0.736757
0.621333
0.554007
0.516775
0.498783
0.495806
0.507466
0.538296
0.597798
0.703724
0.876891
1.13544
1.47123
1.73841
1.00035
1.02388
1.75113
1.49176
1.17007
0.913619
0.734716
0.619493
0.553775
0.516899
0.499269
0.495877
0.507269
0.537624
0.596008
0.700909
0.872719
1.13012
1.46503
1.73447
0.996315
1.01657
1.749
1.48676
1.16505
0.910068
0.732952
0.619906
0.553673
0.517354
0.49946
0.49582
0.507785
0.537652
0.595344
0.698616
0.869492
1.12418
1.45899
1.7301
0.993669
1.01446
1.74601
1.48287
1.15678
0.904452
0.728651
0.617727
0.552733
0.517458
0.499638
0.496935
0.508457
0.537424
0.594561
0.696872
0.86628
1.12087
1.45249
1.72746
0.991375
1.00989
1.73655
1.47267
1.15134
0.900879
0.72636
0.616998
0.553228
0.517719
0.500493
0.497452
0.508546
0.537326
0.593848
0.694931
0.863166
1.11581
1.44615
1.72428
0.990368
1.0069
1.73367
1.4666
1.14493
0.896638
0.724484
0.615864
0.553115
0.517816
0.500552
0.497255
0.508368
0.537399
0.593328
0.693975
0.858949
1.11019
1.43919
1.7224
0.991659
1.00186
1.72693
1.45409
1.13903
0.892783
0.722231
0.615096
0.552919
0.517954
0.500531
0.497752
0.509017
0.537694
0.592838
0.692715
0.855144
1.10395
1.43169
1.71838
0.990493
0.997629
1.71915
1.44837
1.1341
0.8886
0.720194
0.614387
0.552752
0.518047
0.501386
0.498161
0.509138
0.537694
0.592321
0.691031
0.852635
1.09864
1.4242
1.71513
0.987644
0.994228
1.71571
1.44173
1.12846
0.885256
0.718172
0.613587
0.552536
0.517919
0.501551
0.49803
0.509104
0.537685
0.591909
0.689105
0.849426
1.09259
1.41723
1.71198
0.980587
0.990478
1.7102
1.43336
1.12192
0.880621
0.716114
0.612826
0.551992
0.518591
0.502096
0.498823
0.508945
0.537659
0.59162
0.68775
0.846516
1.0881
1.41047
1.70725
0.976683
0.986587
1.70608
1.4265
1.11604
0.876894
0.714183
0.612088
0.551816
0.51857
0.502302
0.499432
0.510036
0.537773
0.59127
0.685903
0.842865
1.08311
1.40521
1.70175
0.972705
0.9823
1.70204
1.41956
1.11049
0.872877
0.712414
0.611404
0.551518
0.518517
0.502726
0.500313
0.510865
0.538251
0.590814
0.684653
0.839555
1.07748
1.39812
1.69609
0.96793
0.978256
1.697
1.4117
1.10424
0.869652
0.710853
0.610591
0.551071
0.518027
0.502273
0.500328
0.510911
0.538244
0.590495
0.683075
0.836128
1.07143
1.39014
1.68753
0.962814
0.975112
1.69279
1.40584
1.09852
0.865764
0.709059
0.60979
0.55063
0.518009
0.502712
0.500436
0.510907
0.538254
0.590156
0.681885
0.833323
1.06568
1.38108
1.68164
0.956297
0.970529
1.68641
1.39732
1.0919
0.861927
0.707211
0.608943
0.549995
0.517714
0.502323
0.50035
0.510929
0.538206
0.589867
0.680627
0.830124
1.06074
1.37357
1.67194
0.951939
0.966331
1.6808
1.39098
1.0864
0.858367
0.705367
0.608017
0.549567
0.517503
0.502771
0.500082
0.511412
0.538173
0.589528
0.679373
0.827214
1.05492
1.3657
1.66644
0.94622
0.961095
1.67264
1.38264
1.08035
0.854889
0.703446
0.606971
0.548893
0.517084
0.502838
0.500695
0.511425
0.537858
0.589129
0.678258
0.824069
1.04917
1.35859
1.66074
0.942716
0.958449
1.66862
1.37696
1.0753
0.851424
0.701521
0.605994
0.548407
0.516667
0.502272
0.50082
0.511359
0.537926
0.588694
0.677078
0.821268
1.0436
1.35144
1.6546
0.937356
0.955142
1.66346
1.37092
1.07021
0.8481
0.699521
0.6049
0.54776
0.516247
0.502072
0.500243
0.510742
0.53737
0.5883
0.676126
0.818759
1.03899
1.34514
1.64873
0.934551
0.951296
1.65955
1.36348
1.06405
0.844081
0.697208
0.603703
0.547179
0.515904
0.501702
0.499861
0.510401
0.537109
0.587774
0.674921
0.816378
1.0345
1.33873
1.64484
0.931378
0.947214
1.65326
1.35687
1.05849
0.840272
0.694923
0.602401
0.546407
0.515424
0.501238
0.499471
0.509907
0.536612
0.587115
0.673532
0.813212
1.02917
1.33301
1.64452
0.929062
0.943298
1.64801
1.34888
1.05197
0.836089
0.692492
0.601108
0.54571
0.514981
0.500933
0.499118
0.509559
0.536022
0.586277
0.67193
0.810166
1.02396
1.32685
1.64736
0.926812
0.939218
1.64278
1.34378
1.0475
0.832594
0.69019
0.599754
0.544929
0.514461
0.500513
0.49882
0.509116
0.535452
0.585296
0.670031
0.806699
1.01861
1.32056
1.63899
0.924374
0.934972
1.63706
1.33695
1.04175
0.828732
0.687816
0.598366
0.544063
0.513876
0.50005
0.498426
0.508639
0.534765
0.584101
0.667831
0.802889
1.01283
1.31477
1.64298
0.922715
0.931372
1.63288
1.33178
1.03709
0.82513
0.685387
0.596927
0.543204
0.513303
0.499542
0.497886
0.5081
0.53402
0.582813
0.665546
0.7992
1.00704
1.30701
1.6376
0.919445
0.928047
1.62967
1.32602
1.0317
0.821317
0.682896
0.595378
0.542182
0.512612
0.499019
0.497448
0.50756
0.533169
0.581319
0.662997
0.795232
1.00167
1.30123
1.63304
0.917596
0.925399
1.62749
1.32027
1.02601
0.817269
0.680225
0.593668
0.541046
0.511794
0.498355
0.496847
0.50697
0.532299
0.579818
0.66046
0.791171
0.995681
1.29323
1.62288
0.91384
0.921633
1.62407
1.31401
1.01979
0.812753
0.677321
0.591734
0.539696
0.510836
0.497666
0.49632
0.506403
0.531353
0.578105
0.657623
0.786886
0.98999
1.28716
1.61837
0.911364
0.917505
1.61982
1.30619
1.01234
0.80733
0.673773
0.58936
0.538101
0.509722
0.496883
0.495658
0.505743
0.53034
0.576256
0.654563
0.782302
0.983829
1.27993
1.61118
0.907899
0.91243
1.61435
1.29869
1.00474
0.801068
0.669453
0.586549
0.536286
0.50844
0.495922
0.494926
0.50498
0.52914
0.574132
0.651093
0.777442
0.977571
1.27271
1.60473
0.90429
0.907418
1.60871
1.28944
0.995623
0.793767
0.664373
0.583345
0.534275
0.507041
0.494878
0.494079
0.504095
0.527905
0.571957
0.647357
0.772136
0.970968
1.26609
1.60025
0.901596
0.901851
1.60265
1.27986
0.985975
0.786011
0.658894
0.579913
0.532118
0.505515
0.493642
0.492976
0.502999
0.526519
0.569752
0.643695
0.767094
0.964461
1.25837
1.59326
0.897303
0.896691
1.59679
1.26961
0.975521
0.777888
0.653391
0.576389
0.529847
0.503893
0.492255
0.491633
0.501665
0.52496
0.567476
0.639939
0.761625
0.95716
1.25076
1.58754
0.893827
0.89179
1.59131
1.25877
0.964309
0.768957
0.647054
0.572425
0.52732
0.502051
0.490734
0.490212
0.500191
0.523227
0.565038
0.636146
0.756399
0.949818
1.24225
1.58067
0.889197
0.886234
1.58516
1.24683
0.952363
0.760057
0.641099
0.568655
0.524842
0.500225
0.489177
0.488728
0.498618
0.521367
0.562579
0.632521
0.750482
0.941342
1.23335
1.5742
0.884944
0.881293
1.57946
1.23413
0.939523
0.750266
0.634368
0.564368
0.522043
0.498209
0.487527
0.487217
0.497019
0.519324
0.559722
0.628618
0.744345
0.93313
1.22471
1.56895
0.880971
0.87488
1.57279
1.22026
0.926074
0.740302
0.627537
0.560064
0.519217
0.496188
0.48595
0.485812
0.49547
0.517181
0.55643
0.62394
0.737343
0.924149
1.2147
1.56293
0.87568
0.867679
1.56469
1.2051
0.911677
0.729752
0.620437
0.555556
0.516201
0.494002
0.484189
0.484236
0.493866
0.515151
0.553239
0.619264
0.731262
0.916303
1.20669
1.55889
0.872464
0.858153
1.5549
1.18852
0.896574
0.718902
0.612991
0.550827
0.513017
0.491695
0.482393
0.482708
0.492398
0.513475
0.550823
0.615422
0.725377
0.906809
1.19565
1.55387
0.866631
0.847251
1.54429
1.17033
0.880401
0.707822
0.605637
0.546144
0.509809
0.48936
0.480562
0.481122
0.490862
0.511748
0.548501
0.612105
0.71947
0.897142
1.18506
1.54921
0.861374
0.834478
1.53139
1.15076
0.863571
0.696338
0.59792
0.541168
0.506394
0.486897
0.478646
0.479471
0.489282
0.51006
0.54623
0.608041
0.712157
0.885399
1.17164
1.54286
0.853944
0.820501
1.51721
1.12988
0.846164
0.68481
0.590673
0.536382
0.503017
0.484414
0.476655
0.477681
0.487489
0.508145
0.543947
0.604015
0.704399
0.873033
1.15715
1.53474
0.845385
0.805265
1.50152
1.1088
0.829171
0.673279
0.583675
0.531514
0.499568
0.481872
0.474578
0.475742
0.485434
0.505693
0.540583
0.598141
0.695339
0.859619
1.14079
1.52545
0.835094
0.789225
1.48453
1.08658
0.812001
0.661655
0.575355
0.52636
0.496054
0.479202
0.472289
0.473555
0.483132
0.503031
0.537111
0.592386
0.686211
0.845154
1.12193
1.51313
0.821889
0.772606
1.46715
1.06431
0.795317
0.650776
0.568572
0.52168
0.492662
0.476469
0.469833
0.471126
0.480509
0.499956
0.53324
0.586937
0.676972
0.829651
1.10125
1.50001
0.807354
0.754842
1.44749
1.04099
0.779222
0.641349
0.565027
0.517945
0.489327
0.473528
0.467097
0.468395
0.477583
0.496565
0.528974
0.581158
0.66676
0.812854
1.07788
1.48262
0.789611
0.736854
1.42709
1.01723
0.762925
0.630868
0.556043
0.512156
0.485283
0.470246
0.464077
0.465352
0.474285
0.492757
0.524372
0.574884
0.656395
0.795428
1.05332
1.46475
0.77113
0.717647
1.40502
0.99233
0.746173
0.621478
0.551494
0.508159
0.481616
0.466863
0.460809
0.461992
0.470574
0.488304
0.518602
0.567127
0.644488
0.776002
1.02579
1.4427
0.749956
0.697911
1.38221
0.967161
0.729001
0.610037
0.542657
0.501937
0.476984
0.462983
0.457172
0.458268
0.466476
0.483463
0.512413
0.55834
0.631429
0.755305
0.996563
1.41877
0.726654
0.676569
1.35716
0.940902
0.711208
0.598924
0.535755
0.496672
0.472506
0.458905
0.453202
0.454134
0.461869
0.477985
0.505528
0.549132
0.61762
0.73306
0.964705
1.39129
0.701798
0.653998
1.33026
0.914178
0.693357
0.586934
0.527163
0.490179
0.467247
0.454263
0.448746
0.44951
0.456692
0.471731
0.497472
0.538171
0.601497
0.708857
0.930512
1.35943
0.672659
0.629141
1.29868
0.88489
0.674458
0.57444
0.51868
0.483579
0.461655
0.449204
0.443858
0.444447
0.451044
0.464898
0.488553
0.525872
0.584114
0.683614
0.894208
1.3233
0.641075
0.602907
1.2637
0.854671
0.655497
0.561853
0.509299
0.476057
0.45534
0.443562
0.438451
0.438897
0.444914
0.45758
0.479162
0.513193
0.56606
0.657463
0.855419
1.2813
0.605587
0.573584
1.22298
0.821804
0.635778
0.548406
0.499013
0.467812
0.448431
0.437408
0.432585
0.432924
0.438387
0.449887
0.469362
0.499959
0.547639
0.630621
0.813982
1.23238
0.566651
0.542556
1.17827
0.786357
0.614266
0.533942
0.487884
0.458871
0.44094
0.430736
0.42624
0.426494
0.431418
0.441756
0.45914
0.486435
0.529129
0.603397
0.770305
1.17533
0.522924
0.508955
1.12897
0.748554
0.590592
0.517817
0.475559
0.449126
0.432879
0.423629
0.419543
0.419773
0.424243
0.43358
0.449135
0.473264
0.510763
0.576243
0.72585
1.11365
0.479721
0.475646
1.07655
0.709991
0.565572
0.500455
0.462671
0.439059
0.424549
0.416274
0.412604
0.412794
0.416766
0.425068
0.438882
0.460298
0.493204
0.549597
0.680991
1.04727
0.436039
0.440752
1.02003
0.670694
0.540584
0.482655
0.449257
0.428619
0.416019
0.408842
0.40566
0.405855
0.409354
0.41661
0.428584
0.447043
0.475406
0.524231
0.639319
0.982272
0.3985
0.40744
0.961051
0.631485
0.515032
0.464406
0.435824
0.418394
0.407751
0.401658
0.398954
0.399152
0.402206
0.408512
0.418904
0.434933
0.459516
0.501196
0.600682
0.917703
0.365535
0.374856
0.898842
0.592674
0.491415
0.447948
0.423755
0.409083
0.400146
0.395029
0.392764
0.392952
0.395561
0.400925
0.409745
0.423329
0.444158
0.479771
0.565924
0.856783
0.337603
0.345289
0.835181
0.554785
0.467809
0.431904
0.412274
0.400501
0.393308
0.389151
0.387299
0.387476
0.389676
0.394179
0.401585
0.413066
0.430869
0.461192
0.535435
0.800527
0.315312
0.322267
0.774587
0.521914
0.448306
0.418955
0.403228
0.393729
0.387821
0.384348
0.382778
0.382911
0.384746
0.388491
0.394612
0.40405
0.418815
0.444794
0.509738
0.750728
0.301721
0.303176
0.716289
0.493183
0.432671
0.40902
0.396289
0.388479
0.383528
0.380568
0.379209
0.379313
0.380886
0.38409
0.389317
0.397368
0.410011
0.43226
0.488504
0.705245
0.294093
0.295027
0.667394
0.472308
0.421665
0.402236
0.391586
0.38486
0.38049
0.377827
0.376581
0.376641
0.378013
0.38081
0.385334
0.392233
0.403135
0.422817
0.472407
0.664954
0.290087
0.289917
0.623544
0.456632
0.414572
0.397977
0.388621
0.382523
0.378467
0.375958
0.374769
0.374804
0.37608
0.378686
0.382901
0.389239
0.399055
0.416259
0.458423
0.624985
0.288477
0.28805
0.589142
0.44875
0.412265
0.396469
0.387287
0.381289
0.377272
0.374788
0.373601
0.373603
0.374804
0.37728
0.381297
0.387357
0.396743
0.412799
0.449645
0.59135
0.287959
0.288369
0.559858
0.443967
0.411796
0.396167
0.386748
0.3806
0.376557
0.374088
0.372908
0.372904
0.374091
0.376553
0.380588
0.386744
0.396258
0.411878
0.444216
0.560418
0.288654
0.291865
0.53507
0.441118
0.411809
0.396239
0.386594
0.380241
0.376142
0.37369
0.372543
0.372535
0.373667
0.37609
0.380156
0.386485
0.396223
0.411809
0.441127
0.535213
0.292392
0.296643
0.513644
0.439588
0.41234
0.396442
0.386384
0.379905
0.375823
0.37344
0.372346
0.372342
0.37343
0.375809
0.379883
0.386356
0.396367
0.412345
0.43974
0.513498
0.29577
0.300757
0.495332
0.439134
0.412716
0.396408
0.386066
0.379527
0.375513
0.373234
0.372207
0.372204
0.373219
0.375495
0.379503
0.386054
0.396414
0.412836
0.439259
0.495914
0.300795
0.306472
0.48217
0.440134
0.413393
0.396356
0.385674
0.379106
0.375199
0.373058
0.372127
0.372127
0.373049
0.37519
0.379087
0.385663
0.396367
0.413407
0.440181
0.481663
0.306455
0.31324
0.473508
0.44197
0.413871
0.395999
0.385077
0.378572
0.374853
0.372901
0.372095
0.372096
0.372897
0.374855
0.37857
0.385076
0.396006
0.413948
0.442141
0.473705
0.313039
0.32053
0.469836
0.444763
0.414284
0.395429
0.384316
0.37797
0.374517
0.372799
0.372107
0.372107
0.372795
0.374509
0.377955
0.384294
0.395409
0.414262
0.444839
0.469853
0.320274
0.328023
0.468908
0.448346
0.414374
0.394434
0.383283
0.377253
0.374173
0.372756
0.372212
0.372212
0.372754
0.374169
0.377245
0.383269
0.394427
0.414392
0.448421
0.469004
0.328194
0.336295
0.475003
0.452534
0.413956
0.392888
0.381951
0.376443
0.37384
0.372751
0.372365
0.372365
0.372749
0.373835
0.376432
0.381935
0.392878
0.413978
0.452589
0.475
0.335905
0.343748
0.48432
0.455838
0.4122
0.390579
0.380315
0.375596
0.373609
0.372845
0.372599
0.372599
0.372846
0.373608
0.375597
0.380318
0.390596
0.412234
0.455929
0.484386
0.344019
0.351369
0.498827
0.457347
0.409086
0.387632
0.378537
0.374825
0.373518
0.373041
0.372909
0.372909
0.373042
0.373518
0.374825
0.378523
0.387624
0.409076
0.457385
0.498774
0.351169
0.356963
0.511327
0.456537
0.403616
0.383863
0.376758
0.374363
0.373575
0.37336
0.373314
0.373314
0.373362
0.373579
0.374354
0.376737
0.383906
0.40362
0.456551
0.511378
0.357152
0.362608
0.516711
0.445235
0.394671
0.379555
0.37532
0.374198
0.373853
0.373779
0.373768
0.373768
0.37378
0.373859
0.374215
0.375465
0.379681
0.39449
0.44489
0.516713
0.362535
0.365854
0.505886
0.420602
0.383701
0.376491
0.374809
0.374295
0.374236
0.374243
0.37425
0.37425
0.374247
0.374241
0.374289
0.374678
0.376186
0.3831
0.419388
0.506026
0.365989
0.369906
0.4302
0.381202
0.374476
0.374466
0.374579
0.374703
0.374746
0.374755
0.374756
0.374756
0.374756
0.374753
0.374741
0.374742
0.375176
0.377046
0.385641
0.430688
0.369854
0.608741
1.18555
1.0508
0.860878
0.688442
0.561045
0.48055
0.434785
0.411791
0.402134
0.401593
0.410213
0.431959
0.47489
0.552404
0.67754
0.848878
1.04011
1.1766
0.599624
0.607207
1.18421
1.04825
0.858027
0.685829
0.559317
0.479781
0.434545
0.41226
0.402705
0.402002
0.410255
0.431145
0.472187
0.546999
0.670066
0.840327
1.03712
1.17503
0.598124
0.605932
1.1824
1.04617
0.855836
0.683789
0.558005
0.478981
0.43423
0.412186
0.402697
0.402418
0.410208
0.430783
0.471561
0.546203
0.671677
0.841111
1.03553
1.17391
0.595451
0.601135
1.17747
1.03786
0.846849
0.675663
0.55259
0.476259
0.433749
0.411949
0.401799
0.401638
0.410175
0.430186
0.470257
0.543566
0.669267
0.840211
1.02827
1.16899
0.596724
0.599885
1.17598
1.03541
0.845516
0.675133
0.553019
0.477495
0.43334
0.411491
0.401486
0.400626
0.40935
0.429647
0.468652
0.540825
0.665897
0.837693
1.0272
1.16882
0.593736
0.598282
1.17289
1.03083
0.841757
0.67197
0.551346
0.477055
0.433747
0.411827
0.401416
0.400348
0.408319
0.428994
0.467695
0.538975
0.662556
0.828733
1.02304
1.16846
0.593829
0.599301
1.16995
1.02768
0.840137
0.669246
0.549922
0.476268
0.433472
0.411005
0.401401
0.400307
0.408046
0.428511
0.466443
0.536696
0.655235
0.826139
1.02012
1.16701
0.59269
0.597199
1.16898
1.02782
0.835476
0.667152
0.548937
0.475783
0.4334
0.410912
0.401809
0.40037
0.407765
0.427771
0.464909
0.533134
0.650486
0.820695
1.01457
1.16324
0.590414
0.599238
1.1699
1.03067
0.838312
0.665
0.547238
0.474093
0.432931
0.410686
0.400847
0.400528
0.407402
0.427098
0.463193
0.5308
0.646123
0.813154
1.01123
1.1616
0.589036
0.596817
1.16661
1.02955
0.837115
0.666073
0.546894
0.473871
0.43275
0.410856
0.40107
0.399947
0.407197
0.42662
0.462113
0.527677
0.64065
0.809502
1.00718
1.1594
0.587396
0.597944
1.16979
1.02807
0.835321
0.665146
0.547049
0.473301
0.432503
0.410234
0.400279
0.399198
0.4071
0.425955
0.460689
0.525318
0.637098
0.803651
1.00382
1.15861
0.586407
0.598431
1.17197
1.02636
0.832961
0.658899
0.545743
0.472786
0.432346
0.410229
0.400392
0.399272
0.406987
0.425265
0.459607
0.523184
0.632878
0.798451
1.00119
1.1571
0.584285
0.59565
1.17051
1.01925
0.829942
0.661323
0.5431
0.471981
0.432007
0.410179
0.400466
0.399412
0.4066
0.42443
0.458111
0.520366
0.629568
0.7955
0.999297
1.15686
0.583719
0.596701
1.16718
1.01797
0.827744
0.657925
0.543601
0.471495
0.431721
0.410231
0.401074
0.400192
0.406609
0.423825
0.457059
0.518448
0.627098
0.791992
1.00116
1.15691
0.583078
0.593431
1.16664
1.01512
0.824431
0.657839
0.542519
0.470801
0.431316
0.410383
0.400346
0.399608
0.406285
0.423109
0.456102
0.516962
0.627046
0.792832
1.00403
1.15989
0.582577
0.592293
1.16527
1.012
0.821669
0.654616
0.538726
0.469727
0.431038
0.409728
0.40034
0.400309
0.40608
0.42246
0.455361
0.516574
0.630837
0.796892
1.00318
1.15968
0.584141
0.592164
1.16287
1.01283
0.814099
0.651819
0.537995
0.46873
0.430683
0.40976
0.40036
0.399372
0.405755
0.421831
0.454737
0.517177
0.631808
0.790481
0.996638
1.15874
0.581552
0.590819
1.16351
1.01061
0.812192
0.647733
0.53509
0.467622
0.430355
0.410081
0.40076
0.398563
0.40549
0.421748
0.454497
0.518842
0.631589
0.797468
0.998976
1.15839
0.583968
0.587281
1.16005
1.00421
0.807308
0.643694
0.533503
0.466821
0.429812
0.409256
0.399956
0.398483
0.405601
0.421661
0.454018
0.518057
0.629621
0.79482
0.992617
1.15696
0.580726
0.587023
1.16186
1.0023
0.803377
0.640275
0.530574
0.465804
0.429161
0.409333
0.400149
0.398409
0.405351
0.421673
0.453727
0.517149
0.628034
0.792786
0.994304
1.15352
0.581772
0.584769
1.15828
0.998012
0.798521
0.636993
0.528797
0.464803
0.428462
0.409926
0.400878
0.398446
0.404993
0.422055
0.453632
0.515527
0.622081
0.784339
0.986571
1.1533
0.581035
0.583442
1.15734
0.992833
0.795008
0.632897
0.52606
0.463673
0.427859
0.409109
0.400007
0.398323
0.404292
0.421304
0.4525
0.514589
0.621
0.782628
0.982838
1.15291
0.579979
0.582752
1.15445
0.99006
0.790972
0.62989
0.524214
0.46275
0.427139
0.408731
0.400324
0.39854
0.404231
0.420894
0.451835
0.51171
0.618165
0.778932
0.979806
1.15165
0.57883
0.583282
1.15431
0.988323
0.787227
0.625783
0.52152
0.46157
0.426904
0.409414
0.401415
0.398721
0.404211
0.420344
0.451107
0.510422
0.613652
0.772753
0.974403
1.14772
0.575198
0.581823
1.15291
0.989298
0.78382
0.622682
0.519974
0.460905
0.426628
0.408889
0.400732
0.398784
0.404222
0.419672
0.450589
0.508622
0.61035
0.768548
0.971587
1.14651
0.574355
0.579968
1.15122
0.986585
0.78031
0.619324
0.517898
0.460015
0.426539
0.408515
0.400278
0.398978
0.404277
0.419035
0.449865
0.506737
0.606771
0.763956
0.968961
1.14396
0.571969
0.578384
1.14796
0.979192
0.776403
0.616021
0.516255
0.459286
0.426848
0.409091
0.401249
0.400104
0.404505
0.41891
0.449142
0.504124
0.602921
0.760225
0.965299
1.14072
0.569692
0.576453
1.14597
0.973814
0.77222
0.613101
0.514645
0.45844
0.426186
0.408174
0.400717
0.399499
0.404501
0.418802
0.448566
0.502545
0.599777
0.755509
0.960802
1.13875
0.567454
0.574835
1.14371
0.970047
0.766721
0.609548
0.512737
0.45757
0.425888
0.408458
0.400447
0.398887
0.404649
0.418709
0.447937
0.50082
0.596279
0.75115
0.957514
1.13809
0.565961
0.570877
1.14055
0.965687
0.762522
0.60707
0.511413
0.456849
0.42539
0.407653
0.399615
0.398791
0.405265
0.418692
0.447255
0.499188
0.59376
0.747111
0.952272
1.1388
0.564574
0.568714
1.1374
0.96184
0.758238
0.603965
0.509719
0.455929
0.424775
0.407994
0.399604
0.398823
0.404096
0.418024
0.44652
0.497591
0.590454
0.742765
0.948686
1.13763
0.563488
0.565727
1.13521
0.95829
0.754675
0.601858
0.508374
0.455044
0.423711
0.406751
0.399617
0.399102
0.40419
0.417661
0.445729
0.495972
0.587358
0.738535
0.944574
1.13401
0.56204
0.563787
1.13255
0.953542
0.749972
0.598414
0.506484
0.454081
0.42287
0.406628
0.399784
0.39922
0.404306
0.417587
0.44491
0.49425
0.583925
0.733852
0.940292
1.13109
0.560183
0.560506
1.12924
0.94836
0.745776
0.595979
0.50498
0.453209
0.422676
0.406707
0.400083
0.400014
0.405257
0.417675
0.444177
0.492987
0.581547
0.730296
0.937354
1.12894
0.558136
0.557348
1.12482
0.940957
0.739575
0.59232
0.503082
0.452151
0.421557
0.406652
0.400201
0.400122
0.404937
0.417509
0.443417
0.491637
0.578917
0.726068
0.932639
1.12611
0.55516
0.554071
1.12132
0.93466
0.734916
0.589687
0.501511
0.45117
0.4212
0.407265
0.401004
0.399946
0.404691
0.417012
0.442777
0.490392
0.576416
0.722412
0.928322
1.12353
0.552556
0.551473
1.11799
0.930365
0.730055
0.586344
0.499664
0.450153
0.4207
0.406432
0.400376
0.400681
0.405506
0.417133
0.442106
0.489222
0.574112
0.718724
0.923491
1.12
0.55002
0.549246
1.11535
0.925589
0.725945
0.58375
0.498125
0.449221
0.420405
0.40648
0.400422
0.399895
0.404743
0.417405
0.441096
0.487642
0.571028
0.71428
0.919051
1.1166
0.546781
0.546505
1.11231
0.920689
0.721092
0.580653
0.496424
0.448147
0.420065
0.407149
0.401337
0.400794
0.405433
0.416624
0.440377
0.486413
0.568331
0.709573
0.91356
1.11314
0.543822
0.544568
1.11038
0.916317
0.717325
0.578179
0.494962
0.447232
0.419705
0.406235
0.400423
0.399926
0.404842
0.416711
0.439967
0.484959
0.565292
0.704493
0.908554
1.10948
0.54074
0.542253
1.10849
0.911769
0.712508
0.574899
0.493246
0.446316
0.41944
0.406221
0.400515
0.399973
0.405446
0.417426
0.439856
0.4836
0.562474
0.699763
0.903155
1.10732
0.538626
0.540044
1.10698
0.907415
0.708508
0.572273
0.49171
0.445374
0.419334
0.406373
0.400762
0.400039
0.404459
0.416556
0.439845
0.482143
0.559826
0.695367
0.898321
1.10583
0.535813
0.538397
1.10832
0.903512
0.703939
0.569191
0.49005
0.444312
0.41927
0.406458
0.400958
0.400167
0.404126
0.416181
0.438619
0.480649
0.557268
0.691101
0.893839
1.10737
0.534677
0.536645
1.1048
0.8988
0.699743
0.566343
0.488469
0.444043
0.419835
0.406728
0.401371
0.400557
0.404171
0.415545
0.437292
0.479022
0.554449
0.686711
0.889489
1.10622
0.532733
0.534795
1.10643
0.894202
0.695178
0.563246
0.486482
0.442114
0.418621
0.40691
0.40233
0.401574
0.404334
0.414793
0.435556
0.47757
0.552008
0.682696
0.884492
1.1016
0.530622
0.532458
1.10094
0.88892
0.690547
0.560048
0.484553
0.440474
0.41874
0.406491
0.401586
0.400876
0.404822
0.414017
0.433845
0.475747
0.548735
0.67793
0.879861
1.10066
0.528164
0.529584
1.09634
0.883321
0.685768
0.556845
0.48264
0.439257
0.417482
0.406985
0.402715
0.401823
0.40431
0.413215
0.432746
0.473937
0.545555
0.672852
0.873864
1.09796
0.52539
0.52639
1.09271
0.877537
0.680487
0.553243
0.480553
0.438827
0.418062
0.406098
0.40222
0.401331
0.403489
0.413755
0.432168
0.471683
0.541864
0.667344
0.86705
1.09011
0.521015
0.522684
1.08638
0.871002
0.675452
0.549847
0.478442
0.438428
0.416868
0.405783
0.40155
0.400636
0.403013
0.412301
0.431366
0.469361
0.537935
0.661238
0.859593
1.0855
0.516884
0.519416
1.08311
0.865029
0.669874
0.546028
0.476154
0.436612
0.415532
0.405621
0.402306
0.401423
0.402861
0.410537
0.429081
0.466728
0.533804
0.655095
0.851994
1.08041
0.512285
0.516023
1.07891
0.858758
0.664631
0.542372
0.473846
0.435208
0.415661
0.405628
0.40106
0.400203
0.402716
0.410097
0.428373
0.464251
0.529503
0.648615
0.84365
1.07266
0.506823
0.512315
1.07453
0.851899
0.658484
0.538239
0.471336
0.43325
0.414109
0.40612
0.40121
0.400408
0.403496
0.409898
0.428775
0.461554
0.52506
0.642143
0.835513
1.06571
0.501723
0.507933
1.06823
0.84452
0.652393
0.534138
0.468981
0.432489
0.413318
0.404453
0.401142
0.400404
0.402317
0.409154
0.425873
0.458544
0.520392
0.635453
0.827967
1.06157
0.497619
0.504408
1.06386
0.837161
0.645581
0.529469
0.466267
0.432348
0.413119
0.404268
0.402121
0.401546
0.402339
0.408423
0.424128
0.455853
0.515831
0.628838
0.81975
1.05457
0.492704
0.499898
1.05766
0.828765
0.638304
0.524552
0.46319
0.428694
0.412839
0.403747
0.400968
0.400721
0.402376
0.408353
0.422358
0.453088
0.511262
0.622339
0.812575
1.05032
0.489125
0.496218
1.05283
0.820613
0.630651
0.51915
0.460122
0.426383
0.411162
0.403479
0.400976
0.401921
0.402514
0.407937
0.421937
0.450216
0.506811
0.615727
0.804498
1.04434
0.484888
0.492441
1.04778
0.812269
0.622792
0.513512
0.456839
0.425764
0.411487
0.403361
0.400855
0.401416
0.402667
0.408191
0.420405
0.446513
0.502452
0.608999
0.796624
1.03906
0.481391
0.489378
1.04415
0.804033
0.614531
0.507466
0.453052
0.425491
0.410037
0.402951
0.400743
0.400607
0.403186
0.406521
0.41744
0.443024
0.498847
0.602627
0.789133
1.03443
0.4784
0.485545
1.03949
0.795303
0.606182
0.501432
0.4492
0.421996
0.409028
0.402827
0.401597
0.400659
0.402167
0.406578
0.416436
0.440177
0.494869
0.595485
0.78131
1.03081
0.475684
0.482263
1.03577
0.78656
0.597519
0.495144
0.445496
0.419179
0.406534
0.402398
0.400593
0.401505
0.403278
0.407162
0.41651
0.43906
0.490949
0.588225
0.772769
1.02581
0.472051
0.47772
1.03101
0.776755
0.588591
0.488914
0.441836
0.416383
0.405972
0.40332
0.400642
0.400636
0.402296
0.408234
0.416908
0.438538
0.48597
0.580308
0.764219
1.02137
0.468659
0.47284
1.0257
0.766399
0.579467
0.482686
0.438241
0.414617
0.405309
0.402111
0.400479
0.400702
0.402192
0.406565
0.415246
0.438786
0.480577
0.57201
0.754546
1.01598
0.464403
0.466586
1.01891
0.754371
0.569785
0.476627
0.434829
0.414102
0.405101
0.403009
0.400689
0.401101
0.403058
0.405061
0.412883
0.433941
0.474345
0.563369
0.744749
1.01067
0.460034
0.459523
1.01107
0.741129
0.559462
0.470432
0.431361
0.414386
0.404794
0.40135
0.400788
0.401968
0.402105
0.405014
0.412463
0.431258
0.469045
0.554281
0.733574
1.00474
0.454708
0.450958
1.00108
0.72597
0.548295
0.464114
0.427859
0.411415
0.402249
0.399588
0.399112
0.40071
0.402564
0.405879
0.412776
0.42747
0.462519
0.544284
0.721276
0.997634
0.448392
0.440877
0.988966
0.70926
0.536256
0.457168
0.424436
0.409769
0.401822
0.399591
0.398951
0.399734
0.400705
0.403376
0.409561
0.423856
0.456842
0.534205
0.707897
0.989722
0.441159
0.429709
0.975089
0.691342
0.523915
0.449791
0.420462
0.407905
0.401466
0.399631
0.398848
0.398518
0.399483
0.402179
0.407509
0.420411
0.450458
0.523063
0.692848
0.979685
0.432218
0.417028
0.958793
0.672394
0.511597
0.44268
0.416307
0.406745
0.401464
0.399953
0.399178
0.3986
0.399232
0.400798
0.404876
0.416954
0.444375
0.511804
0.676889
0.968537
0.422316
0.404275
0.94205
0.653664
0.500111
0.437111
0.412268
0.403856
0.401712
0.400783
0.400089
0.399271
0.398116
0.399185
0.402308
0.413819
0.438065
0.499805
0.659207
0.954333
0.409916
0.389953
0.92227
0.634436
0.489064
0.434032
0.410343
0.401699
0.399492
0.398767
0.398297
0.398037
0.397965
0.398031
0.400439
0.410881
0.431982
0.487877
0.640499
0.938238
0.396202
0.375807
0.902284
0.616448
0.47907
0.431724
0.411342
0.401549
0.399409
0.398648
0.398105
0.397865
0.398838
0.398371
0.399875
0.408441
0.426101
0.475672
0.619682
0.917435
0.379103
0.359934
0.879631
0.597876
0.469243
0.425842
0.40892
0.400812
0.399204
0.398477
0.397876
0.397542
0.397594
0.397334
0.39796
0.405655
0.420318
0.463776
0.598121
0.893545
0.360808
0.343659
0.854693
0.579236
0.460425
0.421326
0.405894
0.400337
0.400079
0.399349
0.397774
0.39727
0.397637
0.397089
0.396616
0.403409
0.414978
0.452248
0.575201
0.865115
0.340083
0.327891
0.829554
0.561753
0.45253
0.418078
0.403619
0.399794
0.398407
0.397996
0.397448
0.396937
0.396794
0.396248
0.395916
0.400572
0.409736
0.441413
0.552007
0.833429
0.319409
0.311685
0.80184
0.544018
0.44517
0.414573
0.402737
0.397684
0.398482
0.398249
0.397738
0.397046
0.395854
0.394862
0.395481
0.397799
0.404799
0.430825
0.528367
0.798296
0.298376
0.297282
0.775066
0.527517
0.438268
0.411402
0.401848
0.396734
0.396102
0.395198
0.394539
0.394051
0.393575
0.392118
0.392726
0.39513
0.400198
0.42122
0.506158
0.762589
0.279854
0.282943
0.746214
0.510783
0.431282
0.407656
0.399872
0.395687
0.393105
0.391672
0.390772
0.390381
0.390522
0.391204
0.391359
0.392043
0.395767
0.412621
0.485468
0.726527
0.263813
0.270232
0.716483
0.494087
0.42391
0.403081
0.395577
0.391932
0.389571
0.387962
0.386969
0.386554
0.386614
0.387038
0.3879
0.389023
0.392148
0.405424
0.467498
0.691733
0.251792
0.258934
0.685665
0.47737
0.416012
0.398069
0.391388
0.387854
0.385494
0.383922
0.383076
0.382856
0.383139
0.383805
0.38467
0.385903
0.388621
0.399366
0.452893
0.660714
0.243877
0.248427
0.652954
0.460262
0.407774
0.392951
0.387119
0.383807
0.381696
0.3804
0.379724
0.379588
0.37992
0.380658
0.381703
0.383054
0.385545
0.394674
0.44124
0.632031
0.240778
0.241476
0.622017
0.445599
0.400405
0.388298
0.38335
0.380492
0.378618
0.377441
0.376858
0.376804
0.377203
0.377973
0.379001
0.380301
0.382581
0.391086
0.433177
0.608327
0.237851
0.237697
0.591029
0.432474
0.394201
0.384235
0.380097
0.377717
0.376155
0.37517
0.374694
0.374701
0.375148
0.375978
0.377098
0.378548
0.381148
0.389825
0.426864
0.584181
0.237672
0.235604
0.563709
0.423462
0.390749
0.3819
0.378176
0.376083
0.374638
0.373665
0.373193
0.373227
0.373744
0.374697
0.375988
0.377771
0.381093
0.389515
0.421795
0.56182
0.236272
0.235361
0.537896
0.416675
0.389509
0.381168
0.377419
0.375271
0.373775
0.372741
0.372236
0.372269
0.37284
0.373916
0.375384
0.377528
0.381196
0.389519
0.416765
0.538182
0.235471
0.235528
0.516132
0.413032
0.389803
0.382396
0.377905
0.375319
0.373499
0.372281
0.371709
0.371729
0.372359
0.373611
0.375585
0.378171
0.382684
0.390317
0.412915
0.516294
0.236064
0.240049
0.495786
0.409902
0.390856
0.383345
0.378909
0.375623
0.373494
0.372098
0.37147
0.371478
0.372147
0.373461
0.375573
0.378677
0.383452
0.391007
0.409885
0.495552
0.23966
0.243265
0.476785
0.408159
0.392364
0.385043
0.379995
0.376362
0.373789
0.372293
0.371505
0.37148
0.372239
0.373853
0.376335
0.379974
0.384993
0.392336
0.408191
0.476766
0.243051
0.248346
0.459548
0.407432
0.39383
0.386133
0.380646
0.376737
0.374053
0.372338
0.371514
0.371504
0.372324
0.374044
0.376749
0.380631
0.386112
0.39383
0.407561
0.459863
0.248644
0.254967
0.445452
0.407852
0.395644
0.387448
0.381451
0.377147
0.37422
0.372422
0.371563
0.371566
0.372427
0.374232
0.377171
0.381489
0.387531
0.395789
0.407991
0.445643
0.25467
0.262946
0.435323
0.410103
0.397782
0.388596
0.381973
0.377366
0.374308
0.37245
0.371572
0.37157
0.372442
0.374294
0.377349
0.381976
0.388629
0.397828
0.410159
0.43526
0.263003
0.272118
0.429672
0.413292
0.399967
0.389651
0.382324
0.377434
0.374309
0.372437
0.371557
0.371557
0.37243
0.374303
0.377426
0.382322
0.389646
0.399967
0.413365
0.42973
0.27226
0.2826
0.42751
0.417642
0.402155
0.390385
0.382454
0.377412
0.374234
0.372389
0.371549
0.371549
0.372384
0.374229
0.377405
0.38245
0.390388
0.402225
0.417747
0.427573
0.28235
0.293889
0.428053
0.422893
0.404222
0.390697
0.382376
0.377188
0.374067
0.37233
0.371566
0.371566
0.372326
0.374061
0.37718
0.382368
0.390697
0.404227
0.422922
0.428111
0.294097
0.306146
0.436475
0.429398
0.405602
0.390706
0.381904
0.376753
0.373831
0.372303
0.371648
0.371647
0.3723
0.373824
0.376744
0.381894
0.390707
0.405625
0.429477
0.436483
0.305891
0.31842
0.447687
0.435636
0.406108
0.389832
0.380953
0.376108
0.373543
0.372304
0.371808
0.371807
0.372302
0.373537
0.3761
0.380945
0.389834
0.406128
0.435689
0.44774
0.318642
0.330609
0.465324
0.440692
0.405641
0.388224
0.37963
0.37537
0.373352
0.372447
0.372113
0.372113
0.372446
0.373349
0.37536
0.37962
0.388217
0.405653
0.440747
0.46532
0.330412
0.341934
0.484547
0.442629
0.402555
0.385414
0.377904
0.374613
0.373288
0.372749
0.372574
0.372574
0.37275
0.373289
0.37461
0.377903
0.385416
0.402568
0.442678
0.484586
0.342042
0.351398
0.49421
0.439041
0.396624
0.381668
0.376114
0.374228
0.373488
0.373246
0.373182
0.373182
0.373248
0.373489
0.374219
0.376107
0.381657
0.396608
0.439047
0.494273
0.351366
0.361042
0.495562
0.421054
0.386404
0.377483
0.375014
0.374166
0.37393
0.373883
0.373879
0.373879
0.373885
0.373932
0.374163
0.375004
0.377472
0.386416
0.421129
0.495632
0.360993
0.367769
0.430619
0.384495
0.375909
0.374847
0.374637
0.374594
0.374613
0.374625
0.374629
0.374629
0.374625
0.374614
0.374595
0.37464
0.374863
0.375952
0.384495
0.430527
0.367776
0.20937
0.529486
0.487371
0.428514
0.377095
0.339879
0.31613
0.302521
0.295688
0.293345
0.294343
0.298205
0.306048
0.320288
0.343895
0.379714
0.428872
0.485622
0.526683
0.208147
0.209244
0.529297
0.486776
0.428405
0.377134
0.340397
0.317087
0.303842
0.297255
0.295101
0.296477
0.300179
0.307408
0.320596
0.344037
0.37964
0.428728
0.485189
0.526511
0.208039
0.209239
0.529203
0.487062
0.428304
0.377008
0.340079
0.316141
0.302437
0.295579
0.293383
0.29528
0.299251
0.306241
0.320344
0.344217
0.379729
0.428289
0.485677
0.526764
0.208146
0.209076
0.529258
0.486455
0.42812
0.376877
0.339878
0.316117
0.302335
0.295367
0.293001
0.294178
0.298432
0.306074
0.320288
0.34371
0.379742
0.428989
0.48571
0.526739
0.208122
0.209004
0.529142
0.486879
0.427452
0.37651
0.340172
0.316384
0.302602
0.295556
0.293091
0.294291
0.299509
0.306206
0.320325
0.343684
0.379614
0.428818
0.485004
0.526353
0.208023
0.208843
0.528824
0.486031
0.426994
0.376184
0.339683
0.316903
0.302771
0.295551
0.292975
0.293806
0.297897
0.30615
0.320882
0.343727
0.379572
0.428787
0.485159
0.526428
0.20798
0.208627
0.5286
0.485844
0.426519
0.3758
0.339614
0.315918
0.303707
0.295787
0.293153
0.293985
0.297961
0.306421
0.320157
0.343756
0.379156
0.42805
0.485058
0.526452
0.207917
0.208491
0.528184
0.485319
0.426047
0.3755
0.339027
0.315738
0.302775
0.295676
0.293337
0.294042
0.29796
0.305717
0.320057
0.343438
0.379142
0.428354
0.48531
0.526447
0.207836
0.208357
0.528096
0.485369
0.425823
0.375145
0.339289
0.315904
0.303876
0.29554
0.293708
0.295184
0.297937
0.305841
0.320377
0.343799
0.378904
0.42832
0.485165
0.526633
0.208016
0.208209
0.527863
0.485219
0.425622
0.374854
0.338769
0.315846
0.302632
0.295242
0.294438
0.294002
0.298026
0.305804
0.321047
0.343645
0.379047
0.428218
0.4848
0.526576
0.208106
0.208143
0.527657
0.484521
0.425269
0.374534
0.338887
0.315672
0.301989
0.294688
0.292735
0.293736
0.298787
0.305775
0.320476
0.343203
0.378715
0.428154
0.485566
0.526699
0.208137
0.208034
0.527605
0.48458
0.425406
0.374192
0.338035
0.315058
0.30209
0.294667
0.293828
0.293922
0.297444
0.305568
0.319792
0.343047
0.378709
0.428021
0.485399
0.526998
0.208291
0.207956
0.527414
0.484284
0.425158
0.373971
0.337469
0.31427
0.300907
0.29404
0.292197
0.294673
0.297436
0.305632
0.319963
0.343067
0.378541
0.427799
0.485136
0.526809
0.208125
0.2078
0.527186
0.483434
0.42425
0.373639
0.33768
0.315015
0.301848
0.294133
0.291792
0.292772
0.297021
0.305425
0.319516
0.343061
0.378463
0.427643
0.484974
0.526821
0.208062
0.207644
0.526794
0.483201
0.423968
0.373274
0.336844
0.313879
0.301441
0.294196
0.291986
0.292866
0.297186
0.305767
0.319654
0.343073
0.378292
0.427279
0.484761
0.526713
0.207972
0.207532
0.526633
0.482955
0.423765
0.372964
0.33665
0.313661
0.300516
0.294134
0.292144
0.293111
0.297169
0.306879
0.320502
0.342814
0.377988
0.426925
0.484429
0.526283
0.207896
0.207379
0.526401
0.48263
0.423017
0.372761
0.336712
0.313963
0.300845
0.294865
0.293749
0.294653
0.297155
0.305335
0.319483
0.342949
0.377723
0.426508
0.483646
0.526294
0.207843
0.207201
0.526084
0.481839
0.422898
0.372562
0.336699
0.314944
0.301229
0.294436
0.29223
0.293176
0.296881
0.304612
0.318494
0.342667
0.377481
0.425873
0.483388
0.52622
0.207764
0.207078
0.525846
0.481523
0.422567
0.372326
0.336615
0.314633
0.302486
0.294916
0.292366
0.293426
0.298182
0.305802
0.318494
0.342328
0.377017
0.425337
0.482875
0.525935
0.207586
0.207023
0.525641
0.481026
0.421603
0.372018
0.3366
0.314097
0.302309
0.296185
0.292917
0.294469
0.297018
0.304788
0.318299
0.341855
0.376516
0.424662
0.482214
0.525691
0.207453
0.206893
0.525401
0.480593
0.421177
0.371785
0.337046
0.314068
0.301691
0.295462
0.293119
0.294116
0.296839
0.305485
0.318715
0.341228
0.376072
0.42407
0.481644
0.525498
0.207328
0.206771
0.52512
0.480077
0.420577
0.371302
0.336671
0.313871
0.302596
0.296611
0.294251
0.29332
0.296719
0.304114
0.317578
0.340436
0.375563
0.423438
0.481221
0.525321
0.207168
0.206554
0.524781
0.479328
0.419802
0.370867
0.336318
0.313678
0.300977
0.294745
0.292569
0.293296
0.296872
0.304257
0.317544
0.340577
0.375232
0.422845
0.480671
0.525239
0.207045
0.206389
0.524645
0.478957
0.419384
0.370392
0.33574
0.314047
0.301099
0.294923
0.292865
0.293778
0.297315
0.304371
0.317327
0.339707
0.374708
0.422349
0.480276
0.525052
0.206823
0.206167
0.524288
0.478356
0.418899
0.370032
0.33519
0.313524
0.30117
0.295118
0.293102
0.295031
0.298757
0.304787
0.317341
0.339573
0.374326
0.421752
0.479666
0.524766
0.206548
0.205991
0.524058
0.477748
0.418236
0.369724
0.335507
0.314612
0.301741
0.295698
0.293669
0.293475
0.296933
0.305279
0.317211
0.339383
0.373706
0.421103
0.479027
0.524272
0.206223
0.205709
0.523549
0.477058
0.417637
0.369208
0.335099
0.314528
0.303044
0.296232
0.294942
0.293921
0.296476
0.303668
0.316875
0.339419
0.373283
0.420395
0.478718
0.524088
0.206
0.205512
0.523216
0.476533
0.417179
0.36892
0.335264
0.314508
0.302891
0.296648
0.295151
0.295498
0.296766
0.303738
0.316865
0.340085
0.372809
0.419682
0.478027
0.523799
0.205739
0.205272
0.522802
0.475926
0.4165
0.36845
0.334904
0.314065
0.302649
0.297801
0.29459
0.294966
0.296808
0.303707
0.316631
0.339373
0.372178
0.418946
0.47723
0.52348
0.205451
0.205077
0.522557
0.47536
0.416001
0.368152
0.334699
0.314337
0.303055
0.29722
0.295634
0.294428
0.297056
0.304797
0.316702
0.339082
0.371521
0.418087
0.476272
0.52287
0.205018
0.204817
0.522185
0.474568
0.415294
0.367775
0.335277
0.315743
0.304607
0.298486
0.295039
0.294681
0.297358
0.303991
0.316482
0.33849
0.370759
0.417116
0.47521
0.522311
0.204725
0.204633
0.521918
0.473696
0.414477
0.367227
0.334901
0.315854
0.30546
0.299669
0.297134
0.296745
0.299235
0.3054
0.316728
0.338054
0.370013
0.4162
0.474356
0.521816
0.204429
0.204347
0.521577
0.472998
0.41372
0.366817
0.335224
0.316231
0.305951
0.299437
0.297437
0.296378
0.298611
0.304712
0.317248
0.337501
0.36914
0.415155
0.473421
0.521468
0.20419
0.204043
0.521113
0.472164
0.412969
0.366375
0.334954
0.317026
0.306756
0.300164
0.29768
0.297029
0.299159
0.304975
0.316279
0.336508
0.368164
0.414098
0.472374
0.520917
0.203832
0.20371
0.52063
0.47118
0.412162
0.366086
0.335432
0.3176
0.308036
0.302418
0.299076
0.299479
0.301436
0.305904
0.316708
0.335585
0.367277
0.413023
0.471408
0.520509
0.203577
0.2033
0.52001
0.470209
0.411206
0.36552
0.335446
0.31818
0.309128
0.303876
0.301446
0.300946
0.302343
0.30713
0.316484
0.334887
0.366484
0.412021
0.47055
0.520091
0.203314
0.202876
0.519347
0.469082
0.410232
0.365083
0.335642
0.319112
0.310078
0.305117
0.302859
0.302162
0.303493
0.308347
0.317733
0.335031
0.365863
0.410962
0.469596
0.519595
0.203027
0.202417
0.518664
0.468023
0.409265
0.364581
0.335792
0.319835
0.311048
0.306456
0.304185
0.303586
0.305085
0.308955
0.317747
0.335277
0.365124
0.409984
0.468786
0.519207
0.202754
0.201982
0.517961
0.466938
0.4083
0.364115
0.336034
0.320498
0.312095
0.307647
0.305565
0.305109
0.306391
0.310191
0.318368
0.334886
0.364514
0.408929
0.467609
0.518574
0.202357
0.201649
0.517348
0.465871
0.407418
0.36374
0.336406
0.321446
0.313479
0.309273
0.307349
0.307018
0.308192
0.312014
0.320233
0.335537
0.363969
0.407955
0.466593
0.518104
0.20203
0.201444
0.516983
0.465148
0.406789
0.363543
0.33682
0.322495
0.314933
0.310906
0.308989
0.308566
0.309708
0.313001
0.320657
0.335318
0.363391
0.406908
0.465471
0.517391
0.201589
0.201341
0.516719
0.464563
0.406186
0.363258
0.3372
0.323248
0.315992
0.312317
0.31054
0.310114
0.311061
0.314278
0.321424
0.335787
0.362866
0.405864
0.464372
0.516873
0.201281
0.201198
0.516463
0.463994
0.405616
0.362842
0.337302
0.323976
0.317102
0.313557
0.311848
0.311389
0.312257
0.315182
0.321926
0.335557
0.362339
0.404925
0.463336
0.516226
0.200867
0.201004
0.51615
0.463283
0.404968
0.362393
0.337385
0.324644
0.318152
0.314868
0.313296
0.312858
0.313623
0.316371
0.322862
0.33631
0.361992
0.403901
0.462133
0.515601
0.200505
0.200775
0.515839
0.462298
0.404159
0.36221
0.337416
0.325221
0.319098
0.316067
0.314664
0.314306
0.315045
0.317647
0.323855
0.336589
0.361505
0.402824
0.460954
0.514967
0.200126
0.200529
0.515448
0.461363
0.403261
0.362093
0.337021
0.32559
0.31994
0.317188
0.315961
0.3157
0.316439
0.318866
0.324587
0.336568
0.360994
0.401678
0.459572
0.514112
0.1997
0.20027
0.514954
0.460246
0.40226
0.361362
0.336762
0.325433
0.320628
0.318227
0.317167
0.316983
0.317686
0.319843
0.324963
0.335982
0.36033
0.400594
0.458468
0.513485
0.199437
0.199968
0.514413
0.459209
0.401242
0.360681
0.336961
0.324463
0.321117
0.319173
0.318306
0.318135
0.318696
0.320527
0.32489
0.336077
0.359769
0.399549
0.457281
0.512945
0.199182
0.199687
0.51391
0.458054
0.400046
0.359693
0.335949
0.324341
0.321535
0.32001
0.319372
0.31926
0.319681
0.321042
0.323974
0.334648
0.35889
0.398488
0.456299
0.512803
0.199092
0.199302
0.513282
0.456747
0.398638
0.358456
0.335348
0.324537
0.321625
0.320589
0.320227
0.320145
0.320358
0.321321
0.324581
0.33434
0.358213
0.397474
0.45528
0.51233
0.198916
0.198835
0.512477
0.455205
0.397109
0.357027
0.333339
0.322393
0.320654
0.320731
0.320841
0.320865
0.320795
0.320767
0.322812
0.333741
0.357227
0.396306
0.454184
0.511839
0.198718
0.198398
0.511658
0.453712
0.395496
0.355308
0.332471
0.321884
0.319039
0.32016
0.321009
0.32125
0.320936
0.319608
0.322358
0.333649
0.356449
0.395154
0.452972
0.511299
0.198456
0.197949
0.510815
0.452167
0.393993
0.353863
0.330867
0.321866
0.319496
0.318777
0.320349
0.321109
0.320878
0.320295
0.321927
0.332202
0.355253
0.393787
0.451679
0.510472
0.198052
0.197558
0.51005
0.45065
0.392451
0.352723
0.33048
0.321542
0.317009
0.317722
0.318511
0.319965
0.319622
0.318228
0.321526
0.331924
0.354162
0.392268
0.450213
0.509886
0.197716
0.197152
0.509299
0.448988
0.390759
0.351583
0.330339
0.320315
0.316569
0.319396
0.318078
0.318176
0.317821
0.317806
0.32153
0.332196
0.352423
0.390437
0.44852
0.508911
0.197156
0.196729
0.508516
0.447179
0.388821
0.35094
0.327855
0.318386
0.315522
0.316936
0.318631
0.319654
0.31916
0.317823
0.322338
0.330418
0.350576
0.388611
0.446744
0.50811
0.196694
0.196296
0.507655
0.445201
0.386405
0.348285
0.326853
0.31819
0.314647
0.314135
0.3153
0.316479
0.316544
0.317095
0.320461
0.328578
0.349139
0.386775
0.444754
0.506998
0.196042
0.195787
0.506731
0.443085
0.38396
0.345835
0.324941
0.316787
0.313319
0.313761
0.315085
0.31654
0.316686
0.31819
0.319193
0.327774
0.348557
0.384903
0.442648
0.505962
0.195442
0.195128
0.505539
0.440633
0.3813
0.342782
0.324474
0.316195
0.313165
0.313533
0.315118
0.317984
0.316989
0.316782
0.318948
0.328132
0.347406
0.382556
0.440221
0.504708
0.194736
0.19445
0.504369
0.43797
0.378634
0.340041
0.321761
0.314207
0.31297
0.313758
0.314897
0.315421
0.316341
0.31762
0.318786
0.326141
0.345504
0.379974
0.437672
0.503275
0.193942
0.193437
0.50273
0.434851
0.375813
0.339459
0.323214
0.314332
0.314562
0.314453
0.31542
0.315268
0.314951
0.315237
0.31974
0.325976
0.343364
0.377229
0.435035
0.501971
0.193209
0.19242
0.501089
0.431454
0.37236
0.338891
0.321799
0.31353
0.312862
0.315579
0.317316
0.315698
0.315087
0.314661
0.317776
0.32555
0.341458
0.374363
0.432074
0.500386
0.192233
0.190989
0.498933
0.427608
0.368655
0.335507
0.320331
0.312703
0.312584
0.31504
0.315288
0.31573
0.315853
0.314442
0.316543
0.323303
0.338724
0.371153
0.428937
0.498823
0.191241
0.189465
0.496594
0.423503
0.36501
0.332969
0.317549
0.312395
0.312901
0.314542
0.31584
0.316052
0.315438
0.314511
0.315956
0.321827
0.336407
0.367893
0.425399
0.496888
0.189932
0.187541
0.493646
0.418895
0.361167
0.330807
0.315961
0.312415
0.313551
0.316902
0.317835
0.31882
0.318288
0.316585
0.314906
0.319141
0.333555
0.364225
0.421401
0.494579
0.188377
0.185461
0.490446
0.41402
0.35722
0.32918
0.317234
0.313213
0.314259
0.316194
0.317453
0.317779
0.317759
0.315988
0.314071
0.317283
0.331093
0.360486
0.417015
0.491869
0.186506
0.183027
0.486807
0.408696
0.352871
0.326884
0.31651
0.313811
0.315264
0.317325
0.318681
0.318634
0.317799
0.315848
0.314534
0.31786
0.328845
0.356459
0.412024
0.488542
0.184201
0.18035
0.482804
0.403127
0.348532
0.324364
0.316326
0.316426
0.318929
0.321401
0.323015
0.322403
0.319473
0.316896
0.314994
0.316763
0.326352
0.352154
0.406578
0.484794
0.181601
0.177305
0.47825
0.397285
0.344538
0.322738
0.315612
0.317727
0.32042
0.32285
0.32433
0.324228
0.322864
0.320355
0.317647
0.316357
0.325479
0.348024
0.400656
0.480289
0.178467
0.174017
0.473186
0.39124
0.340494
0.321351
0.317195
0.31957
0.323225
0.325731
0.326659
0.326297
0.324717
0.322058
0.318759
0.316474
0.322616
0.343125
0.394165
0.475131
0.174989
0.170426
0.467583
0.385126
0.336885
0.3203
0.318138
0.321283
0.325269
0.328217
0.329528
0.328937
0.327402
0.325037
0.32103
0.318237
0.321212
0.339138
0.387705
0.469392
0.171181
0.166661
0.461472
0.378929
0.33353
0.319423
0.319247
0.323225
0.327527
0.330521
0.331991
0.331997
0.330469
0.327422
0.32297
0.318644
0.319708
0.335188
0.380915
0.462964
0.167095
0.16283
0.455022
0.372878
0.330728
0.319049
0.320651
0.325383
0.329633
0.332647
0.33418
0.334184
0.332603
0.329516
0.325067
0.319888
0.319001
0.33196
0.374292
0.456042
0.162948
0.158998
0.448126
0.36703
0.328452
0.319109
0.322273
0.32721
0.331603
0.334663
0.33619
0.336193
0.334741
0.331857
0.327724
0.323168
0.320448
0.329563
0.367925
0.448646
0.158883
0.155549
0.441253
0.36182
0.32704
0.320551
0.323989
0.329105
0.333435
0.336411
0.337967
0.338085
0.33675
0.333923
0.32966
0.324484
0.320926
0.327518
0.362162
0.441243
0.155263
0.152528
0.434426
0.35727
0.326404
0.322135
0.326029
0.331129
0.335314
0.338159
0.339645
0.339782
0.338543
0.335857
0.331719
0.326529
0.322272
0.326771
0.357392
0.434208
0.152336
0.150335
0.428067
0.353615
0.326406
0.323489
0.327863
0.332957
0.337023
0.339769
0.34124
0.341429
0.340306
0.337789
0.333832
0.328727
0.324268
0.326837
0.353577
0.427603
0.150236
0.148976
0.421906
0.350636
0.326585
0.325497
0.330112
0.335075
0.338941
0.34151
0.342866
0.343026
0.341958
0.339567
0.335773
0.3308
0.326085
0.326984
0.350739
0.421628
0.149214
0.148985
0.415848
0.34813
0.327273
0.327316
0.332199
0.337078
0.340805
0.343258
0.344509
0.344636
0.343625
0.341376
0.337767
0.332904
0.32792
0.327778
0.348526
0.415669
0.148992
0.146345
0.409545
0.345974
0.32831
0.329459
0.334449
0.339144
0.342663
0.344957
0.346119
0.346222
0.345245
0.343103
0.339679
0.335034
0.330054
0.32896
0.346794
0.409781
0.14681
0.145583
0.402858
0.343736
0.329212
0.331344
0.336535
0.341146
0.344518
0.346677
0.347749
0.347811
0.346854
0.344806
0.341533
0.33701
0.331893
0.32987
0.344651
0.403195
0.145937
0.143849
0.395668
0.341606
0.330365
0.333521
0.338816
0.343264
0.346438
0.348437
0.349406
0.349433
0.348514
0.346573
0.343452
0.339042
0.333763
0.330661
0.342095
0.396042
0.144278
0.143328
0.387461
0.339025
0.331232
0.335514
0.341029
0.345394
0.348418
0.350287
0.351177
0.351186
0.350316
0.348489
0.345531
0.341246
0.335817
0.331614
0.339516
0.387993
0.144028
0.142944
0.378751
0.336699
0.332561
0.337872
0.343468
0.347652
0.35047
0.352183
0.352992
0.352998
0.352204
0.350512
0.347721
0.343559
0.33798
0.332684
0.336848
0.379085
0.142666
0.142644
0.369324
0.334711
0.334222
0.340458
0.346056
0.350007
0.352582
0.354116
0.354832
0.354839
0.354138
0.352619
0.350063
0.346128
0.340548
0.334302
0.334714
0.369599
0.142845
0.144347
0.360032
0.333687
0.336393
0.343391
0.348848
0.352487
0.354776
0.356107
0.356719
0.35672
0.356113
0.354783
0.352498
0.348856
0.3434
0.336394
0.333645
0.36003
0.144295
0.146922
0.351142
0.333391
0.339243
0.346686
0.351844
0.355085
0.35704
0.358144
0.358641
0.35864
0.358143
0.357038
0.355087
0.351849
0.346696
0.339253
0.333351
0.351052
0.14689
0.151649
0.343299
0.3345
0.342844
0.350312
0.35497
0.357711
0.359284
0.360138
0.360515
0.360513
0.360139
0.359282
0.35771
0.354967
0.350309
0.342841
0.334491
0.343244
0.15161
0.15794
0.336909
0.336894
0.347109
0.354205
0.358167
0.360313
0.361458
0.362042
0.362287
0.362285
0.36204
0.361456
0.360313
0.358173
0.354221
0.347146
0.33695
0.336942
0.15794
0.166798
0.333311
0.341054
0.352133
0.358311
0.36136
0.362821
0.3635
0.363797
0.363907
0.363906
0.363796
0.363498
0.362817
0.361357
0.358301
0.35211
0.341021
0.333309
0.16677
0.177508
0.331873
0.346516
0.357466
0.362446
0.364456
0.365176
0.365368
0.365372
0.365344
0.365343
0.36537
0.365367
0.365175
0.364462
0.36246
0.357495
0.346564
0.331872
0.177532
0.190973
0.332288
0.353608
0.363338
0.366627
0.367419
0.367344
0.367039
0.366755
0.366594
0.366593
0.366752
0.367035
0.367339
0.367415
0.366624
0.363337
0.353619
0.332305
0.190972
0.207084
0.33866
0.36246
0.369436
0.370627
0.370115
0.36925
0.368478
0.367933
0.367655
0.367654
0.367929
0.368472
0.369244
0.37011
0.370628
0.369449
0.362492
0.338698
0.207093
0.225274
0.34821
0.372314
0.375465
0.374283
0.372433
0.370833
0.369662
0.36891
0.368544
0.368542
0.368906
0.369655
0.370826
0.372426
0.374282
0.375475
0.372337
0.348241
0.225267
0.246018
0.363919
0.38353
0.381272
0.377403
0.374253
0.372036
0.370587
0.369715
0.369305
0.369304
0.369711
0.370581
0.372028
0.374244
0.377399
0.381279
0.383547
0.36392
0.246008
0.26796
0.384368
0.394931
0.38603
0.379354
0.375306
0.372813
0.371292
0.370419
0.370021
0.37002
0.370416
0.371288
0.372806
0.375298
0.379349
0.386033
0.394956
0.384386
0.267957
0.291332
0.410332
0.404731
0.38836
0.380084
0.37574
0.373309
0.371902
0.371136
0.3708
0.3708
0.371135
0.3719
0.373303
0.375735
0.380079
0.388362
0.404742
0.410321
0.291309
0.314348
0.434552
0.408983
0.388856
0.380081
0.375804
0.373628
0.372508
0.371956
0.371732
0.371732
0.371957
0.37251
0.373627
0.375803
0.380077
0.388858
0.408989
0.434548
0.314362
0.338067
0.444937
0.406847
0.385648
0.37809
0.37506
0.373774
0.373203
0.372962
0.372876
0.372876
0.372964
0.373206
0.373778
0.375062
0.378091
0.385647
0.406847
0.444927
0.338061
0.36437
0.4215
0.386484
0.377504
0.375377
0.374626
0.374348
0.374272
0.374255
0.374253
0.374253
0.374255
0.374272
0.374347
0.374627
0.375377
0.377504
0.386484
0.421506
0.364373
)
;

boundaryField
{
    fixedWalls_1
    {
        type            kqRWallFunction;
        value           nonuniform List<scalar> 
200
(
0.208296
0.208079
0.20801
0.207915
0.207765
0.207856
0.207901
0.207916
0.207908
0.208245
0.208552
0.208668
0.208602
0.208558
0.208476
0.208381
0.208325
0.208221
0.208113
0.207845
0.207633
0.207343
0.207171
0.206976
0.206795
0.206561
0.206352
0.206122
0.205851
0.205565
0.205197
0.204929
0.204702
0.20438
0.204118
0.20371
0.203355
0.202939
0.202595
0.202346
0.202073
0.201845
0.201485
0.201036
0.200639
0.20011
0.199706
0.19926
0.198956
0.198594
0.198158
0.19783
0.197384
0.197006
0.196592
0.196211
0.195717
0.195183
0.194466
0.193656
0.192646
0.191474
0.1902
0.188668
0.187047
0.185103
0.182899
0.180452
0.177644
0.174544
0.171158
0.167568
0.163932
0.160378
0.157082
0.154239
0.151965
0.150386
0.149956
0.147684
0.146705
0.144846
0.144132
0.142693
0.142859
0.144333
0.146934
0.15163
0.157983
0.16674
0.17754
0.190937
0.207104
0.225278
0.245998
0.268
0.291299
0.314376
0.338055
0.364374
0.207465
0.207416
0.207435
0.207442
0.207706
0.207869
0.20786
0.207995
0.207969
0.208106
0.208109
0.208312
0.2083
0.208098
0.207961
0.20779
0.207628
0.207494
0.207357
0.207208
0.206942
0.2068
0.206479
0.206238
0.205884
0.205557
0.205376
0.205042
0.20473
0.204405
0.204069
0.203774
0.203542
0.203442
0.203235
0.202993
0.202641
0.202272
0.201802
0.201475
0.201127
0.200783
0.200459
0.200151
0.199941
0.199642
0.199459
0.199171
0.198885
0.198558
0.198178
0.197765
0.197296
0.196812
0.196318
0.195748
0.195113
0.194476
0.193647
0.192679
0.191615
0.190441
0.189174
0.187742
0.186288
0.184476
0.182618
0.180301
0.177881
0.174845
0.171701
0.168086
0.164563
0.160845
0.157527
0.154424
0.151918
0.149866
0.14828
0.14689
0.145672
0.144471
0.143545
0.142754
0.142801
0.144325
0.146866
0.151631
0.157926
0.166782
0.177514
0.190963
0.207074
0.225257
0.246004
0.267931
0.291326
0.314342
0.338065
0.364371
)
;
    }
    frontAndBack_1
    {
        type            empty;
    }
    inlet_1
    {
        type            fixedValue;
        value           uniform 0.375;
    }
    outlet_1
    {
        type            zeroGradient;
    }
    fixedWalls_2
    {
        type            kqRWallFunction;
        value           nonuniform List<scalar> 
200
(
0.604686
0.602631
0.59971
0.59984
0.59816
0.597736
0.599288
0.598635
0.597726
0.594398
0.594668
0.593326
0.592163
0.590837
0.588607
0.586805
0.585325
0.581927
0.580976
0.579329
0.576726
0.573384
0.570555
0.568254
0.565625
0.564129
0.562625
0.562796
0.563933
0.563082
0.562068
0.558446
0.557335
0.555226
0.553546
0.551936
0.549516
0.546615
0.544139
0.541604
0.539127
0.537259
0.535393
0.533728
0.532354
0.530669
0.529067
0.52673
0.525173
0.522529
0.520033
0.517622
0.514957
0.511845
0.508755
0.505031
0.501784
0.497773
0.494701
0.491298
0.48776
0.484199
0.47968
0.474587
0.467441
0.458377
0.446825
0.432329
0.416492
0.398129
0.380049
0.360165
0.341547
0.322425
0.304206
0.286606
0.26997
0.25558
0.244515
0.239586
0.236168
0.236523
0.235416
0.23504
0.23596
0.239727
0.242718
0.248641
0.254805
0.262927
0.272247
0.28252
0.293953
0.30611
0.318444
0.330662
0.341809
0.351557
0.360809
0.367842
0.597129
0.596037
0.594215
0.598926
0.598093
0.597439
0.594993
0.594502
0.594246
0.594652
0.595553
0.594567
0.591404
0.591962
0.592246
0.59144
0.589189
0.589311
0.589107
0.588182
0.585517
0.58594
0.584831
0.58197
0.580641
0.578762
0.575033
0.573573
0.571663
0.570146
0.568494
0.565717
0.562272
0.559324
0.557339
0.554396
0.552334
0.5494
0.547097
0.543685
0.54095
0.537851
0.535164
0.532094
0.529296
0.525946
0.523281
0.520061
0.516988
0.513113
0.509496
0.504958
0.500315
0.495754
0.491001
0.486364
0.48195
0.478124
0.47465
0.471402
0.467573
0.463682
0.45831
0.452582
0.444892
0.435248
0.424484
0.411252
0.397275
0.381257
0.365386
0.348533
0.331519
0.314832
0.297509
0.281635
0.266822
0.254593
0.24614
0.241825
0.241014
0.236709
0.236391
0.234771
0.236564
0.239954
0.242774
0.248708
0.254667
0.262958
0.27196
0.28259
0.293685
0.306155
0.318348
0.330522
0.341947
0.351364
0.360979
0.367781
)
;
    }
    frontAndBack_2
    {
        type            empty;
    }
    inlet_2
    {
        type            fixedValue;
        value           uniform 0.375;
    }
    outlet_2
    {
        type            zeroGradient;
    }
    fixedWalls_3
    {
        type            kqRWallFunction;
        value           nonuniform List<scalar> 
200
(
1.06683
1.06324
1.06057
1.0539
1.05509
1.05638
1.05019
1.05455
1.04761
1.04938
1.04759
1.0409
1.04387
1.0426
1.0403
1.03876
1.03583
1.03341
1.02622
1.02647
1.02388
1.01657
1.01446
1.00989
1.0069
1.00186
0.997629
0.994228
0.990478
0.986587
0.9823
0.978256
0.975112
0.970529
0.966331
0.961095
0.958449
0.955142
0.951296
0.947214
0.943298
0.939218
0.934972
0.931372
0.928047
0.925399
0.921633
0.917505
0.91243
0.907418
0.901851
0.896691
0.89179
0.886234
0.881293
0.87488
0.867679
0.858153
0.847251
0.834478
0.820501
0.805265
0.789225
0.772606
0.754842
0.736854
0.717647
0.697911
0.676569
0.653998
0.629141
0.602907
0.573584
0.542556
0.508955
0.475646
0.440752
0.40744
0.374856
0.345289
0.322267
0.303176
0.295027
0.289917
0.28805
0.288369
0.291865
0.296643
0.300757
0.306472
0.31324
0.32053
0.328023
0.336295
0.343748
0.351369
0.356963
0.362608
0.365854
0.369906
1.04527
1.03838
1.03828
1.03517
1.03381
1.03087
1.02885
1.02629
1.02476
1.02494
1.0224
1.0153
1.01784
1.01323
1.01933
1.01708
1.0144
1.00652
1.00495
1.00035
0.996315
0.993669
0.991375
0.990368
0.991659
0.990493
0.987644
0.980587
0.976683
0.972705
0.96793
0.962814
0.956297
0.951939
0.94622
0.942716
0.937356
0.934551
0.931378
0.929062
0.926812
0.924374
0.922715
0.919445
0.917596
0.91384
0.911364
0.907899
0.90429
0.901596
0.897303
0.893827
0.889197
0.884944
0.880971
0.87568
0.872464
0.866631
0.861374
0.853944
0.845385
0.835094
0.821889
0.807354
0.789611
0.77113
0.749956
0.726654
0.701798
0.672659
0.641075
0.605587
0.566651
0.522924
0.479721
0.436039
0.3985
0.365535
0.337603
0.315312
0.301721
0.294093
0.290087
0.288477
0.287959
0.288654
0.292392
0.29577
0.300795
0.306455
0.313039
0.320274
0.328194
0.335905
0.344019
0.351169
0.357152
0.362535
0.365989
0.369854
)
;
    }
    frontAndBack_3
    {
        type            empty;
    }
    inlet_3
    {
        type            fixedValue;
        value           uniform 0.375;
    }
    outlet_3
    {
        type            zeroGradient;
    }
    fixedWalls_4
    {
        type            kqRWallFunction;
        value           nonuniform List<scalar> 
200
(
0.608741
0.607207
0.605932
0.601135
0.599885
0.598282
0.599301
0.597199
0.599238
0.596817
0.597944
0.598431
0.59565
0.596701
0.593431
0.592293
0.592164
0.590819
0.587281
0.587023
0.584769
0.583442
0.582752
0.583282
0.581823
0.579968
0.578384
0.576453
0.574835
0.570877
0.568714
0.565727
0.563787
0.560506
0.557348
0.554071
0.551473
0.549246
0.546505
0.544568
0.542253
0.540044
0.538397
0.536645
0.534795
0.532458
0.529584
0.52639
0.522684
0.519416
0.516023
0.512315
0.507933
0.504408
0.499898
0.496218
0.492441
0.489378
0.485545
0.482263
0.47772
0.47284
0.466586
0.459523
0.450958
0.440877
0.429709
0.417028
0.404275
0.389953
0.375807
0.359934
0.343659
0.327891
0.311685
0.297282
0.282943
0.270232
0.258934
0.248427
0.241476
0.237697
0.235604
0.235361
0.235528
0.240049
0.243265
0.248346
0.254967
0.262946
0.272118
0.2826
0.293889
0.306146
0.31842
0.330609
0.341934
0.351398
0.361042
0.367769
0.599624
0.598124
0.595451
0.596724
0.593736
0.593829
0.59269
0.590414
0.589036
0.587396
0.586407
0.584285
0.583719
0.583078
0.582577
0.584141
0.581552
0.583968
0.580726
0.581772
0.581035
0.579979
0.57883
0.575198
0.574355
0.571969
0.569692
0.567454
0.565961
0.564574
0.563488
0.56204
0.560183
0.558136
0.55516
0.552556
0.55002
0.546781
0.543822
0.54074
0.538626
0.535813
0.534677
0.532733
0.530622
0.528164
0.52539
0.521015
0.516884
0.512285
0.506823
0.501723
0.497619
0.492704
0.489125
0.484888
0.481391
0.4784
0.475684
0.472051
0.468659
0.464403
0.460034
0.454708
0.448392
0.441159
0.432218
0.422316
0.409916
0.396202
0.379103
0.360808
0.340083
0.319409
0.298376
0.279854
0.263813
0.251792
0.243877
0.240778
0.237851
0.237672
0.236272
0.235471
0.236064
0.23966
0.243051
0.248644
0.25467
0.263003
0.27226
0.28235
0.294097
0.305891
0.318642
0.330412
0.342042
0.351366
0.360993
0.367776
)
;
    }
    frontAndBack_4
    {
        type            empty;
    }
    inlet_4
    {
        type            fixedValue;
        value           uniform 0.375;
    }
    outlet_4
    {
        type            zeroGradient;
    }
    fixedWalls_5
    {
        type            kqRWallFunction;
        value           nonuniform List<scalar> 
200
(
0.20937
0.209244
0.209239
0.209076
0.209004
0.208843
0.208627
0.208491
0.208357
0.208209
0.208143
0.208034
0.207956
0.2078
0.207644
0.207532
0.207379
0.207201
0.207078
0.207023
0.206893
0.206771
0.206554
0.206389
0.206167
0.205991
0.205709
0.205512
0.205272
0.205077
0.204817
0.204633
0.204347
0.204043
0.20371
0.2033
0.202876
0.202417
0.201982
0.201649
0.201444
0.201341
0.201198
0.201004
0.200775
0.200529
0.20027
0.199968
0.199687
0.199302
0.198835
0.198398
0.197949
0.197558
0.197152
0.196729
0.196296
0.195787
0.195128
0.19445
0.193437
0.19242
0.190989
0.189465
0.187541
0.185461
0.183027
0.18035
0.177305
0.174017
0.170426
0.166661
0.16283
0.158998
0.155549
0.152528
0.150335
0.148976
0.148985
0.146345
0.145583
0.143849
0.143328
0.142944
0.142644
0.144347
0.146922
0.151649
0.15794
0.166798
0.177508
0.190973
0.207084
0.225274
0.246018
0.26796
0.291332
0.314348
0.338067
0.36437
0.208147
0.208039
0.208146
0.208122
0.208023
0.20798
0.207917
0.207836
0.208016
0.208106
0.208137
0.208291
0.208125
0.208062
0.207972
0.207896
0.207843
0.207764
0.207586
0.207453
0.207328
0.207168
0.207045
0.206823
0.206548
0.206223
0.206
0.205739
0.205451
0.205018
0.204725
0.204429
0.20419
0.203832
0.203577
0.203314
0.203027
0.202754
0.202357
0.20203
0.201589
0.201281
0.200867
0.200505
0.200126
0.1997
0.199437
0.199182
0.199092
0.198916
0.198718
0.198456
0.198052
0.197716
0.197156
0.196694
0.196042
0.195442
0.194736
0.193942
0.193209
0.192233
0.191241
0.189932
0.188377
0.186506
0.184201
0.181601
0.178467
0.174989
0.171181
0.167095
0.162948
0.158883
0.155263
0.152336
0.150236
0.149214
0.148992
0.14681
0.145937
0.144278
0.144028
0.142666
0.142845
0.144295
0.14689
0.15161
0.15794
0.16677
0.177532
0.190972
0.207093
0.225267
0.246008
0.267957
0.291309
0.314362
0.338061
0.364373
)
;
    }
    frontAndBack_5
    {
        type            empty;
    }
    inlet_5
    {
        type            fixedValue;
        value           uniform 0.375;
    }
    outlet_5
    {
        type            zeroGradient;
    }
}


// ************************************************************************* //
