/*--------------------------------*- C++ -*----------------------------------*\
  =========                 |
  \\      /  F ield         | OpenFOAM: The Open Source CFD Toolbox
   \\    /   O peration     | Website:  https://openfoam.org
    \\  /    A nd           | Version:  6
     \\/     M anipulation  |
\*---------------------------------------------------------------------------*/
FoamFile
{
    version     2.0;
    format      ascii;
    class       volScalarField;
    location    "18";
    object      epsilon;
}
// * * * * * * * * * * * * * * * * * * * * * * * * * * * * * * * * * * * * * //

dimensions      [0 2 -3 0 0 0 0];

internalField   nonuniform List<scalar> 
10000
(
257.473
348.31
215.911
132.453
85.1312
59.1529
45.3111
37.6328
33.6636
32.034
32.2188
34.267
38.6998
46.6962
60.8048
86.3752
132.6
213.768
344.818
259.945
256.999
347.663
215.915
132.212
85.0102
58.8676
45.2659
37.4318
33.5029
31.9799
32.1619
34.199
38.6284
46.5769
60.1157
85.2487
130.9
211.846
344.375
259.313
257.316
348.92
215.903
130.815
84.7823
58.7729
45.3012
37.541
33.5652
31.9707
32.0551
34.0393
38.5483
46.5881
60.4654
86.1481
131.601
212.603
343.446
258.921
257.489
349.297
214.698
132.687
84.3201
59.3091
45.37
37.649
33.6209
31.9806
32.1545
34.1366
38.3479
46.5048
60.6351
86.9739
131.556
212.69
344.737
257.614
259.132
349.521
216.522
132.498
85.1492
59.3731
45.339
37.6178
33.512
31.9292
32.0435
34.0285
38.3656
46.2629
61.0958
87.1781
131.989
213.788
344.625
258.699
258.336
349.133
216.229
130.585
84.0202
59.1762
45.2452
37.4273
33.5814
31.8826
32.0995
34.1209
38.5039
46.5582
61.0021
87.1436
132.718
215.584
343.602
258.25
256.497
348.749
215.859
132.528
84.9078
59.1615
45.1795
37.52
33.5757
31.8438
32.069
34.078
38.4335
46.404
60.2671
86.911
133.95
215.682
344.608
259.065
257.973
347.169
213.626
130.741
83.6211
58.4837
45.0109
37.3228
33.5486
31.8424
31.956
33.8996
38.1579
46.3332
60.3841
86.5084
133.634
215.514
345.551
259.222
258.688
348.838
215.861
132.358
84.4766
58.8865
44.8275
37.368
33.5376
31.8931
32.0268
33.9901
38.2001
46.0774
60.5014
85.257
132.892
215.02
345.258
259.153
256.817
346.842
213.826
130.76
85.0601
59.199
44.9088
37.5017
33.4672
31.8
31.9869
33.8617
38.3377
46.3945
60.5068
85.4091
131.202
214.259
343.441
258.65
257.074
347.484
215.693
132.858
85.0053
59.0392
44.8395
37.4668
33.5366
31.8547
31.9309
33.8575
38.1527
46.3653
60.1175
85.6883
132.016
213.821
343.708
258.108
258.017
348.008
213.704
132.285
83.8615
58.3941
44.8188
37.4041
33.528
31.791
31.9956
33.917
38.3736
46.4127
60.7486
86.6027
133.01
212.278
342.891
256.633
257.995
346.742
215.752
131.304
84.5857
58.8096
45.021
37.4293
33.5376
31.86
32.0102
33.9848
38.3313
46.3391
60.6749
86.5481
133.12
213.75
343.121
256.447
257.156
347.153
214.659
132.988
83.9287
58.1049
44.8552
37.5318
33.5465
31.8442
31.9756
33.9444
38.2672
46.2142
60.4759
86.3274
132.894
213.234
342.52
256.223
257.865
348.266
216.933
133.181
85.0392
58.8205
45.015
37.638
33.5511
31.7634
31.8406
33.7512
38.1427
46.0621
60.2573
86.1435
132.81
211.277
342.681
257.625
256.974
347.337
216.78
131.76
84.0556
59.2619
45.4345
37.6949
33.515
31.8934
31.9278
33.7724
38.0463
45.5712
59.7084
85.7809
132.763
212.445
343.096
257.465
257.85
348.422
216.669
133.711
85.3192
59.0791
45.4421
37.681
33.6862
31.9415
32.0171
33.7596
37.8925
45.6181
59.3693
84.6723
132.716
213.905
343.984
257.331
258.44
348.49
216.283
133.68
84.5182
59.736
45.5047
37.7613
33.6861
31.9593
32.0498
33.8175
38.0551
45.8309
59.8591
86.1199
132.428
212.022
343.585
258.384
259.214
347.574
214.565
133.696
86.0029
59.9225
45.5525
37.7178
33.6608
31.952
32.0817
33.9103
38.2749
46.2149
60.4068
86.0399
131.44
214.065
342.421
258.349
259.782
349.133
216.324
133.617
85.9001
59.83
45.2783
37.4763
33.5501
31.9102
32.1036
34.0409
38.1621
45.9727
59.9572
85.5118
133.768
213.058
343.117
258.22
258.961
348.768
214.028
133.022
85.495
59.7411
45.6488
37.7142
33.754
31.9442
32.1136
34.0833
38.5612
46.6495
61.0811
87.1899
134.049
214.807
344.318
258.362
258.229
348.496
215.911
132.663
84.2452
59.5446
45.6684
37.713
33.7806
32.0045
32.1216
34.0384
38.5523
46.6363
61.0251
87.0952
133.921
214.517
344.067
258.533
258.284
348.038
213.808
130.996
84.8026
59.2523
45.6939
37.7583
33.7826
31.8918
32.0412
34.1378
38.5411
46.6085
60.9669
87.0245
133.728
212.923
343.544
258.323
258.707
347.995
214.43
132.025
85.7495
59.9827
45.8002
37.8178
33.822
31.9688
32.1358
34.1179
38.4694
46.5223
60.7927
86.7511
133.667
214.81
342.811
258.145
258.655
347.83
214.161
133.087
85.775
60.0227
45.7931
37.8724
33.8356
32.0567
32.1428
34.0613
38.2108
46.401
60.6404
86.4426
133.217
214.539
344.898
259.605
258.534
347.786
214.232
132.851
85.4659
59.9335
45.5577
37.8552
33.7611
31.9873
32.1141
33.9663
38.2734
46.2912
60.3572
86.0327
132.665
212.415
344.776
260.192
258.339
347.87
214.553
131.681
84.4391
59.7606
45.9083
38.0247
33.9692
32.1601
32.098
34.0864
38.3814
45.9538
59.5899
84.6833
130.973
213.369
345.147
260.434
259.746
347.636
215.73
133.424
85.8203
60.0213
45.9459
38.103
33.9356
32.15
32.1958
34.0055
38.4025
46.244
60.1301
84.9509
131.511
214.392
345.177
261.284
260.117
346.281
213.591
133.078
84.7714
59.4353
45.84
38.0245
33.7801
32.0283
32.1746
34.0949
38.3284
45.8986
59.5061
84.6011
130.743
213.854
343.769
260.915
260.613
347.914
215.658
133.011
85.752
59.9267
45.8225
37.846
33.7733
32.082
32.1437
33.936
38.1429
46.166
59.8218
84.8961
131.007
212.006
344.644
260.67
260.169
346.302
213.572
132.539
85.5205
59.771
45.7352
37.8557
33.7643
32.0497
32.0584
33.9812
38.2127
46.2439
60.222
85.6393
131.955
212.992
344.197
259.251
259.696
346.865
215.585
131.081
84.3857
59.4538
45.5999
37.8518
33.762
31.9682
32.0691
34.0432
38.2921
46.143
59.5572
84.5149
130.341
214.116
342.913
259.567
260.125
346.626
215.357
132.247
85.2118
59.0091
45.5727
37.982
33.8686
32.0592
32.0338
33.9841
38.0729
46.0975
60.2628
86.0234
132.306
213.999
344.034
259.543
259.558
346.432
214.707
130.518
84.2639
59.4086
45.3659
37.964
33.8712
32.0627
32.0186
33.8764
38.1915
45.9427
59.5385
85.6821
130.518
211.827
345.113
260.17
258.917
345.554
212.956
132.372
85.4437
59.1086
45.4314
37.941
33.8454
32.048
32.0186
33.885
37.9907
45.5568
59.5845
85.6172
131.559
213.123
345.218
260.045
258.835
345.769
214.648
132.027
85.1799
59.5558
45.5996
37.9278
33.8181
32.0157
32.0053
33.9421
38.1042
45.6741
59.5261
84.7422
132.302
214.216
344.922
259.691
258.311
345.74
213.099
130.177
83.7493
58.7827
45.1753
37.7066
33.6838
31.9068
31.963
33.8872
37.9876
45.778
59.8447
85.3844
131.893
213.813
344.427
259.566
259.011
346.728
214.99
132.041
84.36
59.1966
45.4086
37.8848
33.8013
31.965
31.9521
33.777
37.9857
45.3562
59.1866
85.0066
130.111
211.695
342.699
258.334
259.965
346.415
214.576
130.611
84.3087
59.5475
45.5862
37.8967
33.7885
31.9297
31.9495
33.7825
37.8814
45.5801
59.6302
84.2477
130.742
213.101
344.015
258.037
260.073
346.025
213.994
131.563
85.0685
59.5518
45.4874
37.8317
33.7561
31.9693
31.988
33.8186
37.8993
45.7134
59.2123
84.3544
131.264
212.494
342.455
257.203
260.197
345.927
211.73
129.49
84.7794
59.3585
45.1251
37.749
33.6965
31.9233
31.8825
33.6931
37.8146
45.5063
59.306
84.3831
130.866
210.78
342.325
256.823
260.157
344.945
213.521
129.947
84.6136
59.25
45.1706
37.605
33.5452
31.8317
31.9603
33.8011
37.8364
45.6927
59.5619
84.7645
129.648
211.346
342.52
256.506
258.851
345.362
212.946
129.65
84.3997
58.7598
45.1893
37.7458
33.5928
31.8651
31.9001
33.7095
37.7889
45.3477
59.3347
84.6595
130.635
212.168
343.531
256.059
258.273
344.589
212.187
130.216
84.2044
59.1129
45.3991
37.7733
33.615
31.914
31.9678
33.7958
37.8916
45.4793
58.6922
84.2566
130.136
211.611
342.094
255.398
257.469
342.561
210.242
129.634
83.8958
58.9709
45.3297
37.7502
33.6768
31.9055
31.9337
33.7387
37.6995
45.4517
58.8117
83.9591
128.544
209.751
343.371
255.509
256.785
342.928
211.066
128.996
83.4752
58.7646
45.2301
37.703
33.6511
31.7981
31.8792
33.6283
37.8148
45.3823
58.974
83.6881
129.268
210.685
342.15
255.281
256.32
343.573
210.517
128.235
83.0657
58.5455
45.0935
37.635
33.6177
31.8042
31.8636
33.6072
37.714
45.2351
58.7347
83.2369
128.661
210.02
343.209
255.797
256.164
343.196
209.704
126.118
82.3315
57.8365
44.7009
37.5328
33.5818
31.8334
31.8361
33.5909
37.4605
44.772
57.9413
82.4538
126.836
207.511
342.582
255.584
256.018
342.643
209.019
126.201
82.3583
57.8789
44.7706
37.4884
33.4892
31.8023
31.7523
33.5649
37.4755
44.7779
57.9824
82.6006
127.452
207.486
341.059
255.203
255.655
340.605
208.107
125.755
82.0006
57.681
44.8178
37.4079
33.5583
31.7521
31.7901
33.4751
37.4711
44.6151
57.6143
82.1321
126.876
206.969
341.735
254.659
255.158
341.414
207.333
124.999
81.0549
57.797
44.7778
37.4887
33.5424
31.7501
31.7293
33.4554
37.427
44.5281
57.3746
80.9607
125.109
207.091
341.223
254.266
254.309
339.472
206.355
124.891
80.9141
57.6273
44.6513
37.3039
33.4264
31.764
31.7492
33.3972
37.251
44.4059
57.1451
80.9911
125.196
204.719
339.391
253.988
253.659
339.634
205.481
124.796
80.5018
57.0747
44.3394
37.2993
33.4713
31.758
31.7278
33.3632
37.2059
44.3196
57.1444
79.783
123.371
205.42
340.18
252.889
252.511
337.191
203.016
123.933
80.3647
57.0985
44.3915
37.1647
33.4382
31.7161
31.6278
33.303
37.113
44.1663
56.9497
79.6899
123.646
203.308
339.427
253.146
252.468
337.438
202.346
122.268
79.8283
56.8186
44.2917
37.1898
33.3677
31.6249
31.6045
33.2583
37.0217
43.9923
56.4046
79.1678
122.862
202.761
338.342
253.377
252.279
336.464
200.834
121.45
78.8072
56.1334
44.1539
37.2531
33.4292
31.6417
31.6026
33.2407
37.0083
43.8054
56.1947
78.6569
121.874
201.395
338.347
253.23
251.932
335.559
199.695
120.372
78.5768
56.092
44.0615
37.2061
33.4101
31.6325
31.5959
33.2143
36.9397
43.6614
55.8579
78.1607
120.945
200.134
337.48
252.711
250.898
334.548
198.337
119.509
77.7257
55.7993
43.7528
37.0176
33.3107
31.6652
31.6353
33.2149
36.7773
43.4511
55.4492
77.4391
119
198.734
336.43
252.083
250.609
334.242
198.16
118.454
77.2812
55.5467
43.6736
37.0556
33.3647
31.6025
31.611
33.1731
36.6985
43.2833
55.1425
76.9718
118.281
197.798
334.558
251.735
249.89
331.888
195.731
117.399
76.6505
55.2335
43.5974
36.996
33.3372
31.6346
31.5092
33.0245
36.525
43.0389
54.7472
76.2248
117
196.938
334.831
250.924
248.807
331.408
194.565
116.378
76.0503
54.8978
43.4473
36.8976
33.1965
31.5747
31.4672
32.9765
36.4342
42.8727
54.3755
75.4179
115.915
194.141
332.161
250.593
248.445
329.881
192.556
115.169
75.2557
54.4547
43.1251
36.6906
33.1312
31.5204
31.3856
32.8716
36.3039
42.6529
54.0027
74.8406
114.787
192.939
331.272
249.796
247.504
328.449
190.208
113.503
74.3841
54.0956
42.9092
36.5784
33.0283
31.392
31.3234
32.8379
36.1902
42.4296
53.5565
74.0456
113.576
190.852
329.756
249.019
246.755
326.138
188.561
112.378
73.7163
53.6673
42.6998
36.4361
32.9175
31.2846
31.2397
32.7089
36.0572
42.2289
53.2152
73.3529
112.261
189.077
328.085
248.079
245.814
324.742
186.174
110.691
72.7795
53.2293
42.4229
36.2404
32.7867
31.1793
31.1255
32.5749
35.9027
41.9808
52.7662
72.5695
110.88
187.038
326.17
247.17
244.653
323.068
184.578
109.647
72.1571
52.8259
42.2089
36.0972
32.6507
31.0374
30.9691
32.4362
35.74
41.7547
52.3721
71.8288
109.485
185.047
324.708
245.951
243.51
321.535
182.492
108.09
71.3349
52.3948
41.9297
35.8861
32.4563
30.8855
30.8317
32.2822
35.5684
41.5051
51.942
71.0494
108.15
183.073
322.943
244.652
242.764
319.993
180.474
106.718
70.4917
51.9266
41.66
35.6969
32.321
30.7501
30.6903
32.1311
35.3763
41.2298
51.4868
70.2037
106.589
180.659
320.561
243.175
241.475
318.133
178.22
105.083
69.5909
51.4048
41.3398
35.4821
32.1424
30.5853
30.5212
31.9443
35.1539
40.9324
51.0251
69.3719
105.051
178.357
318.422
242.199
240.15
316.27
175.979
103.523
68.7335
50.8888
40.9964
35.2331
31.9441
30.4071
30.3481
31.7682
34.957
40.655
50.5533
68.5006
103.499
176.042
316.256
240.622
238.21
314.106
173.372
101.938
67.8362
50.3534
40.6314
34.9647
31.7307
30.2233
30.1757
31.583
34.7252
40.3239
50.0167
67.5445
101.792
173.45
313.621
238.928
236.244
311.918
170.505
100.028
66.7548
49.6995
40.204
34.6594
31.4908
30.0157
29.9726
31.365
34.465
39.9619
49.4348
66.5141
99.9855
170.744
311.113
237.533
234.055
308.937
167.378
98.0002
65.5892
49.0326
39.7883
34.3539
31.2388
29.7915
29.7556
31.13
34.1745
39.5588
48.8123
65.4371
98.0103
167.52
308.053
235.493
231.291
305.386
163.835
95.7994
64.3479
48.2978
39.3034
33.999
30.9498
29.5272
29.489
30.8376
33.8251
39.0875
48.0825
64.1948
95.7675
163.842
304.461
232.792
228.1
300.893
159.773
93.355
63.0095
47.4978
38.7592
33.5882
30.608
29.2154
29.1782
30.4986
33.4179
38.5412
47.2581
62.8125
93.2671
159.654
299.886
229.666
223.881
295.316
155.16
90.6605
61.4966
46.5652
38.1193
33.106
30.209
28.8517
28.8131
30.0976
32.9404
37.9208
46.3511
61.3065
90.5257
154.926
294.209
224.79
219.427
288.62
149.94
87.7108
59.8684
45.559
37.4221
32.5628
29.7435
28.4231
28.3869
29.6373
32.3969
37.2149
45.3225
59.6078
87.4186
149.38
287.09
219.656
213.647
280.305
144.056
84.472
58.0551
44.4315
36.6133
31.9168
29.1907
27.9156
27.8839
29.0975
31.7691
36.4198
44.1959
57.7727
84.0496
143.177
278.301
212.484
206.832
270.422
137.605
81.0035
56.14
43.2026
35.7119
31.1874
28.5517
27.3203
27.2911
28.464
31.0418
35.5172
42.9488
55.7742
80.3967
136.349
267.672
204.596
199.703
259.005
130.749
77.3766
54.0738
41.8499
34.6817
30.3406
27.8129
26.6308
26.6068
27.7425
30.2285
34.5286
41.6096
53.6823
76.6762
129.236
255.794
196.506
192.471
246.058
123.512
73.6422
51.8997
40.3771
33.5603
29.4005
26.9746
25.8456
25.8302
26.929
29.324
33.45
40.1928
51.5544
72.9326
121.857
242.578
188.199
185.14
232.07
116.263
69.9911
49.6706
38.8016
32.3285
28.357
26.0383
24.9628
24.9559
26.0223
28.3328
32.2933
38.713
49.4116
69.3253
114.758
229.146
181.82
178.878
217.176
108.923
66.3518
47.4251
37.1577
31.0001
27.2161
25.0126
23.9958
23.9977
25.0245
27.2449
31.0565
37.2257
47.4003
65.9898
107.985
215.37
176.957
174.261
202.229
101.816
62.8225
45.2007
35.4901
29.6248
26.0212
23.9242
22.9593
22.9684
23.9574
26.0908
29.7535
35.6776
45.3901
62.8569
101.621
201.97
175.072
173.986
188.761
95.6264
59.6061
43.021
33.7918
28.2121
24.7871
22.8009
21.8912
21.9043
22.8481
24.8846
28.3968
34.1125
43.4631
60.0141
95.905
189.324
175.304
176.548
177.092
90.2083
56.7322
40.9934
32.1565
26.8218
23.5675
21.6881
20.8293
20.8442
21.7375
23.673
27.0226
32.4982
41.4905
57.3129
90.7944
177.982
178.49
182.97
167.348
85.445
54.1384
39.0956
30.6109
25.5088
22.4107
20.6283
19.817
19.8314
20.6758
22.5086
25.691
30.9372
39.6226
54.835
86.1384
168.287
184.042
190.54
159.084
81.5993
52.0171
37.4551
29.2317
24.3148
21.3506
19.6576
18.8885
18.8996
19.6931
21.4219
24.4393
29.4489
37.8188
52.5601
82.2874
159.951
191.023
200.339
152.198
78.76
50.1826
35.9518
27.963
23.2349
20.4065
18.7973
18.0671
18.0752
18.8221
20.4544
23.3156
28.105
36.2043
50.6131
79.3732
153.017
201.884
213.307
146.926
76.7861
48.6922
34.6465
26.8429
22.2797
19.5777
18.0502
17.3586
17.3635
18.0646
19.6048
22.3215
26.8973
34.7115
48.7693
76.8527
146.837
212.684
227.191
142.79
75.045
47.2342
33.3757
25.7835
21.4048
18.8405
17.4035
16.7563
16.7592
17.4122
18.8574
21.4344
25.8316
33.4477
47.3294
75.1763
143.118
228.084
245.941
140.574
73.8168
45.8885
32.1418
24.7604
20.5808
18.1706
16.8367
16.2404
16.2411
16.8387
18.1742
20.5887
24.7765
32.1724
45.9365
73.8721
140.821
245.278
266.466
139.341
72.3894
44.2705
30.7478
23.6669
19.7475
17.5318
16.3253
15.7918
15.7917
16.3253
17.5312
19.7467
23.6673
30.7593
44.3142
72.5017
139.49
266.386
289.619
138.886
70.7703
42.3784
29.1689
22.4804
18.8884
16.9118
15.8599
15.4021
15.4016
15.8587
16.9091
18.8853
22.4782
29.1719
42.397
70.8183
138.985
290.089
316.318
138.769
68.4221
39.9143
27.2803
21.1546
17.9891
16.309
15.4433
15.0754
15.0753
15.443
16.3083
17.9881
21.1537
27.2811
39.9216
68.4444
138.773
315.771
343.451
138.182
64.8543
36.7626
25.0884
19.7243
17.0863
15.7542
15.0985
14.8308
14.8308
15.0984
15.754
17.0865
19.7264
25.0969
36.7938
64.9515
138.404
343.961
373.077
135.866
59.5841
32.8178
22.6102
18.2342
16.2242
15.2842
14.8663
14.7148
14.7149
14.8664
15.2843
16.2237
18.2328
22.6066
32.8126
59.5799
135.842
372.715
402.491
128.13
51.2738
27.8569
19.8825
16.7553
15.4637
14.9465
14.7502
14.676
14.6761
14.7508
14.9474
15.4642
16.7568
19.8861
27.8695
51.3124
128.254
402.745
432.372
107.418
38.6559
22.0062
17.1398
15.5616
15.0148
14.8211
14.733
14.7015
14.7015
14.733
14.8205
15.0136
15.5623
17.1414
22.005
38.6576
107.446
432.487
466.568
57.4366
21.657
16.1836
15.1265
14.887
14.833
14.8024
14.796
14.7961
14.7961
14.7959
14.8022
14.8323
14.8847
15.123
16.1831
21.6577
57.4393
466.547
694.82
1008.25
610.03
345.824
197.058
121.038
81.5678
60.616
49.8433
45.2037
45.1098
49.5641
60.0514
80.7618
121.145
200.88
350.147
610.656
1009.29
694.893
688.021
994.079
596.642
336.307
191.437
120.235
81.288
60.385
49.6294
44.9938
44.8895
49.3272
59.1641
79.132
118.933
199.076
346.986
596.324
997.98
689.137
691.07
1002.12
608.278
343.758
194.363
120.115
81.1778
60.207
49.4522
44.8211
44.7079
49.2661
60.0367
80.222
119.52
194.29
339.746
602.664
1012.19
693.027
692.201
1007.37
619.047
350.241
195.994
118.15
80.1574
59.3161
48.6919
44.1238
43.9525
49.0031
59.9377
81.2401
121.44
199.688
349.323
607.457
1010.29
690.9
684.608
991.582
617.113
348.103
190.162
120.157
81.8166
60.0477
49.0075
44.567
44.1086
48.3976
58.9971
80.9689
120.878
195.018
340.443
597.699
1006.21
685.865
690.399
1004.94
615.35
345.695
195.455
119.107
81.9426
60.7142
49.1813
45.0706
44.2337
49.1904
59.7788
80.763
120.459
199.602
348.657
600.142
994.914
683.953
694.027
992.035
613.878
336.698
199.246
122.626
82.0503
60.7044
49.3583
45.2338
44.4438
49.0648
59.5114
80.416
119.34
198.126
346.424
613.795
1008.19
684.063
693.811
1004.28
612.293
345.643
196.325
122.322
81.8062
60.5643
49.8923
45.3156
44.8896
48.9408
58.4865
79.9963
117.919
193.301
335.952
609.261
996.831
682.999
693.201
993.248
608.607
335.806
201.488
122.239
81.5939
59.8631
49.7804
45.25
44.828
48.7724
58.679
79.8379
115.155
197.905
337.954
605.458
1005.52
681.456
686.644
1009.89
597.892
341.875
201.933
122.052
80.6736
60.7417
49.3549
45.1507
44.632
48.1549
58.5206
79.8148
117.584
197.931
336.673
591.86
1012.65
674.146
692.207
1008.29
607.061
349.421
201.585
121.05
81.4907
60.7308
49.9711
45.2112
44.293
48.681
58.5764
79.6035
119.494
195.505
340.087
596.029
1012.1
673.976
687.862
1006.19
617.57
344.311
200.679
119.363
81.1487
60.4518
49.8921
45.1906
44.7245
48.162
58.5763
78.0488
118.324
200.277
347.5
600.495
1010.43
673.958
695.185
994.708
616.799
355.059
199.817
121.028
80.8034
59.549
49.6322
45.1332
44.7435
48.5694
59.2282
79.1914
119.584
199.381
346.304
617.186
1010.33
676.194
695.478
1008.06
613.981
353.656
194.891
118.551
80.0745
59.6689
49.2408
44.9862
44.6244
49.0154
58.7073
80.0675
117.148
197.972
341.651
615.2
1008.47
682.854
698.335
1023.21
603.844
352.049
200.286
121.272
80.1275
59.8463
49.265
44.9273
44.0699
48.9013
59.5147
80.0468
119.666
196.367
328.495
612.072
996.52
683.818
706.429
1024.8
617.717
349.482
195.781
119.122
81.2485
60.3349
49.5442
44.8898
44.665
48.9186
58.6376
78.4397
117.018
193.32
338.765
610.898
1011.05
684.028
705.365
1023.71
603.524
340.416
199.73
121.469
81.1862
60.1698
49.3588
44.7095
44.1072
48.3097
58.7609
78.8666
117.644
195.813
343.731
606.356
998.706
678.679
703.543
1024.41
611.427
342.207
199.24
120.936
80.8821
59.3626
48.5988
44.1969
44.4617
48.4024
58.8023
78.9448
116.66
190.649
333.476
591.83
1001.4
686.653
703.185
1023.95
593.507
339.642
198.142
120.193
80.4993
59.9493
48.8524
44.5314
44.449
48.3382
59.1313
79.9213
117.04
192.846
341.738
603.196
999.429
684.476
695.824
1024.78
606.407
340.068
197.209
119.254
80.0877
59.8307
48.9158
44.0926
44.2891
48.3816
58.7138
79.9048
117.815
192.592
348.093
590.393
996.47
682.416
695.418
1023.09
612.885
338.968
195.659
116.548
79.5477
59.6529
49.4501
44.7488
43.9893
48.7852
59.2425
79.6785
119.801
193.893
348.316
597.361
999.97
676.348
694.824
1022.11
599.813
340.605
194.544
117.814
78.6021
58.8981
49.3954
44.765
44.6216
48.7181
58.9363
78.1544
119.618
196.84
347.289
606.104
1006.79
680.122
693.045
1020.06
607.45
347.199
190.522
118.942
80.0887
59.8265
49.4004
44.6177
44.5296
48.5098
58.2847
79.3614
118.857
195.277
344.333
594.165
995.844
683.46
687.053
1017.56
616.426
346.624
191.013
118.71
79.6618
59.1528
49.3137
44.1289
44.424
47.9487
58.9465
78.0918
118.049
190.263
337.425
606.932
1010.55
681.845
686.339
1014.17
614.088
344.703
189.966
118.157
78.4513
59.6817
49.3019
44.646
44.399
48.649
58.9999
79.0123
116.385
194.114
344.017
602.621
999.827
687.318
684.634
1000.92
610.448
342.968
189.543
117.833
79.6531
59.6456
49.1433
44.1032
43.7105
48.3645
58.1522
78.01
118.94
189.833
342.891
585.668
1013.17
685.502
679.394
1003.41
608.657
340.787
189.212
115.932
78.4114
58.8883
48.6193
44.4419
43.8816
47.9958
58.9889
79.4066
119.112
195.358
341.339
601.093
1012.63
684.889
683.88
999.407
599.081
333.432
190.617
117.722
79.189
59.5287
49.0659
44.4107
43.8777
48.5082
58.8297
78.0152
118.303
193.81
332.122
607.873
1009.35
678.758
686.582
998.322
609.592
344.679
193.956
117.372
78.1272
59.364
48.9019
44.2148
43.8952
47.8833
58.5434
78.8638
117.75
193.139
334.105
603.558
995.838
682.512
684.567
995.105
607.394
342.918
192.615
114.891
78.6069
58.9227
48.2701
43.6201
43.2867
48.1522
57.9405
78.3736
115.331
188.997
333.534
591.446
1009.37
680.365
681.929
995.444
604.383
340.489
187.38
116.377
79.5803
59.5755
48.774
44.2928
43.7168
47.7912
58.2032
77.3357
117.341
192.57
338.897
592.056
996.922
677.915
678.695
999.812
601.226
337.309
188.209
114.624
79.4453
59.4044
49.1316
44.0319
44.156
48.5517
59.0083
77.9779
116.805
191.019
337.576
590.876
1003.02
671.682
685.262
983.55
588.68
328.836
187.854
117.207
79.4164
58.8955
49.0684
44.6884
44.7193
49.0614
58.5747
78.6574
115.969
185.674
331.114
594.82
1008.55
675.351
684.374
997.667
592.31
330.517
189.747
116.784
79.1781
58.7805
48.753
44.5137
44.2587
48.6535
59.2941
77.8208
114.447
187.438
340.657
604.8
1004.85
669.588
681.808
1003.87
587.941
327.676
188.443
116.012
78.8092
59.1096
48.6822
44.1958
44.7279
49.1099
59.3539
79.4374
116.954
187.158
339.617
604.045
992.613
675.556
678.181
990.774
585.359
325.729
183.98
113.545
77.5622
58.4512
49.051
44.7411
44.6735
48.9436
58.4886
79.106
116.493
187.352
337.826
602.452
995.258
675.172
676.348
999.794
582.041
323.604
184.726
113.851
77.8656
59.1637
48.9754
44.567
44.4344
48.4401
58.6489
78.7308
116.015
189.824
336.437
601.491
993.345
669.122
676.786
996.91
579.655
321.697
185.377
113.273
77.588
58.9847
48.3457
44.3541
43.9467
48.7467
58.8107
78.2598
114.928
188.236
334.018
599.427
999.923
674.232
672.925
992.637
577.049
320.234
182.03
113.366
77.736
58.9329
48.3649
43.9327
44.2448
48.6067
58.0712
77.7804
112.411
182.857
331.311
597.475
1011.93
671.025
675.807
979.051
577.845
320.65
185.421
114.203
78.0853
58.7581
48.1918
43.8218
43.6958
48.4293
58.4403
76.9808
114.144
183.95
328.038
584.684
1011.43
678.157
675.257
991.434
583.531
323.055
184.39
112.239
77.665
58.531
48.2244
43.7634
43.6556
48.2082
57.8078
76.7983
113.419
184.106
325.574
594.579
1000.37
680.395
673.763
979.533
580.116
320.445
183.179
113.439
76.7639
57.7962
47.7576
43.8635
43.4995
47.6798
57.8703
76.4334
111.258
181.934
315.438
592.172
1012.3
678.124
671.918
987.871
577.214
312.352
178.808
111.493
76.6055
58.0843
48.1122
43.7749
43.6149
47.7887
57.2874
76.3542
112.249
177.904
321.663
581.268
1009.29
676.968
669.912
984.121
573.312
312.328
178.849
111.864
76.31
57.842
47.4649
43.5014
43.0304
47.2155
57.4782
76.2926
111.588
178.167
322.58
590.844
998.026
671.819
665.88
970.204
562.357
309.034
177.593
111.193
75.9323
57.2031
47.6768
43.3804
43.3227
47.428
56.7343
75.7442
110.822
176.726
319.29
588.162
1008.88
672.284
670.017
979.659
570.372
307.624
177.488
109.391
75.3521
56.9304
47.015
43.036
42.6795
46.7729
56.4241
74.496
108.967
175.865
310.549
583.352
996.829
670.635
669.065
988.394
567.642
305.132
176.108
108.907
74.8874
56.5899
46.8889
42.8402
42.5961
46.7467
56.2325
74.2172
108.701
176.639
312.974
579.974
1013.33
669.406
665.358
985.479
562.592
302.296
174.624
107.914
74.3936
56.2036
46.3264
42.1925
42.4192
46.2992
55.71
73.4291
108.119
174.561
309.215
574.485
1010.21
666.67
663.589
981.512
558.23
300.672
173.374
107.547
73.9166
55.8756
46.0834
42.1405
41.8724
46.1165
55.3745
72.9212
106.092
169.81
299.554
568.443
1007.06
662.075
661.413
977.538
552.921
300.113
171.839
107.346
73.7174
55.6213
45.7204
41.8474
41.7003
45.6855
54.8086
72.3831
105.401
168.751
298.473
562.175
1002.27
661.187
658.833
971.965
547.85
296.892
170.13
105.939
72.9768
54.8899
45.3334
41.1218
41.1612
45.0826
54.3284
71.8604
104.372
168.044
296.647
546.225
988.383
659.049
654.001
965.901
541.944
289.234
166.385
105.287
72.4606
54.4761
44.9507
40.8662
40.7119
44.7126
53.8888
71.2241
103.325
165.975
289.417
552.955
1000.84
657.783
652.603
959.848
537.255
287.317
164.856
104.271
71.8956
54.0086
44.5658
40.4798
40.3295
44.234
53.3875
70.594
102.15
162.961
287.657
538.314
987.624
653.565
649.582
953.201
525.198
282.588
162.842
103.161
71.3127
53.6545
44.2103
40.0859
39.8678
43.7283
52.8309
69.9104
101.205
161.407
285.062
536.385
989.454
652.003
647.732
937.864
522.121
279.717
161.079
102.455
70.8553
53.2117
43.7467
39.5473
39.3301
43.1824
52.2374
69.1841
100.088
158.997
281.167
537.72
988.045
648.469
645.387
944.768
518.812
276.142
159.439
101.497
70.3138
52.7393
43.2515
38.9602
38.7635
42.6067
51.6276
68.5106
99.1732
156.504
273.191
531.726
991.009
644.865
644.425
950.623
514.059
272.752
157.48
100.517
69.6493
52.262
42.7989
38.5145
38.2508
42.0654
51.0074
67.8399
98.1462
154.732
269.835
517.234
983.973
639.276
643.033
950.504
508.035
269.397
156.211
99.7837
69.0424
51.728
42.3161
38.0662
37.8267
41.5976
50.4918
67.1255
96.9967
152.331
265.04
512.863
966.749
632.343
641.826
944.712
501.493
264.659
154.403
98.7476
68.2581
51.1171
41.7975
37.5703
37.3134
41.0597
49.8959
66.4756
96.153
150.903
261.072
502.197
962.346
625.738
639.676
928.423
495.32
261.779
152.99
97.9489
67.6538
50.5433
41.3065
37.1463
36.8988
40.5868
49.3302
65.7461
95.1327
148.858
256.75
494.591
950.888
617.638
638.005
931.299
487.2
258.517
151.462
96.9796
66.901
49.9254
40.7598
36.6542
36.4217
40.0647
48.7307
65.0205
94.147
147.267
252.697
484.89
942.48
612.407
633.467
923.216
481.307
254.933
149.829
96.0213
66.2026
49.394
40.295
36.2201
35.9696
39.5588
48.101
64.2515
93.135
145.483
248.781
474.535
929.832
605.742
628.623
903.789
471.152
250.695
148.008
94.9887
65.4561
48.772
39.7672
35.726
35.466
39.0018
47.4459
63.3867
91.9054
143.432
244.686
468.086
927.975
599.604
620.683
899.156
464.369
247.2
146.249
93.8997
64.6679
48.1423
39.2022
35.1998
34.9498
38.4517
46.7881
62.5109
90.6173
141.281
240.372
459.636
915.464
593.62
617.113
882.714
453.013
242.954
144.24
92.6537
63.7695
47.4448
38.6164
34.6595
34.4265
37.8813
46.0844
61.5803
89.262
139.015
236.073
451.407
904.62
587.85
611.393
875.772
446.602
238.987
141.996
91.2141
62.7526
46.6754
37.9956
34.1262
33.9184
37.3305
45.3789
60.5641
87.7489
136.62
231.518
443.246
895.907
583.3
607.344
867.03
438.262
234.446
139.5
89.5928
61.5992
45.8379
37.3578
33.5835
33.4108
36.7755
44.6809
59.6175
86.3853
134.286
226.859
434.603
883.277
578.882
600.223
854.933
429.452
229.246
136.573
87.7332
60.323
44.9386
36.6936
33.0492
32.9156
36.2499
44.0174
58.6707
84.9668
132.065
222.678
426.01
871.696
576.953
593.651
842.57
420.432
224.142
133.572
85.7765
58.969
43.9844
35.9885
32.4765
32.3955
35.6918
43.2754
57.5909
83.3814
129.723
218.516
417.765
859.685
568.92
591.324
829.34
410.654
218.285
130.097
83.6043
57.5599
43.0191
35.2755
31.8939
31.8557
35.1205
42.5383
56.5431
81.8246
127.277
213.75
408
846.376
561.524
587.243
820.452
401.11
212.328
126.546
81.3043
56.0276
41.9693
34.5003
31.2498
31.2314
34.4141
41.6671
55.3561
80.0769
124.437
208.488
397.976
833.387
554.693
577.947
806.601
388.682
205.476
122.61
78.9052
54.5118
40.9222
33.7036
30.5709
30.5626
33.6514
40.7525
54.1037
78.1878
121.356
202.752
387.227
819.77
545.547
563.633
790.604
375.788
198.196
118.439
76.2753
52.7933
39.7497
32.8303
29.837
29.852
32.8603
39.7429
52.7067
76.0991
117.885
196.325
374.51
802.01
535.765
542.028
771.246
360.532
189.818
113.699
73.4458
50.9893
38.5263
31.9197
29.0604
29.0796
31.9816
38.6356
51.1511
73.7376
114.154
189.697
361.728
782.185
518.954
525.65
748.251
344.023
180.964
108.503
70.2769
49.0186
37.2184
30.9511
28.2334
28.2537
31.0287
37.4223
49.4877
71.2551
110.169
182.498
346.91
757.473
496.445
502.14
720
325.529
171.579
103.184
66.9943
46.9421
35.8355
29.9292
27.3708
27.4067
30.0595
36.1467
47.6679
68.5326
105.864
174.764
331.398
730.453
476.646
480.953
688.84
306.234
161.528
97.3368
63.4408
44.7341
34.382
28.8641
26.4696
26.5087
29.0203
34.7878
45.7032
65.5047
101.059
166.533
314.515
699.479
455.063
455.225
653.844
286.363
151.281
91.3611
59.8305
42.4722
32.8772
27.7686
25.5558
25.6097
27.972
33.3847
43.6375
62.2699
95.9388
158.112
297.289
665.49
436.213
434.634
616.977
267.123
140.717
84.9802
55.9792
40.0892
31.3052
26.6182
24.5886
24.6526
26.8525
31.8636
41.3396
58.6274
90.1541
148.785
278.576
627.651
418.634
411.802
574.575
247.167
130.158
78.5683
52.0743
37.6784
29.6989
25.4292
23.5854
23.6582
25.6849
30.2762
38.9539
54.8136
83.8826
138.685
259.175
585.629
400.356
388.528
528.266
226.737
119.405
72.2036
48.1981
35.2273
28.0417
24.1897
22.5286
22.6028
24.4444
28.588
36.3856
50.6605
77.031
127.601
237.921
538.634
378.262
362.467
477.477
204.694
108.248
65.7475
44.3273
32.7674
26.3577
22.9304
21.4583
21.537
23.1956
26.9043
33.8293
46.425
69.7893
115.206
214.854
487.559
355.057
335.695
423.892
182.031
96.9334
59.2753
40.369
30.2496
24.6573
21.6622
20.375
20.4498
21.9154
25.1815
31.2515
42.2715
62.7137
102.536
190.638
432.869
328.519
312.016
371.464
159.345
85.4527
52.9671
36.6695
27.9098
23.0528
20.4509
19.3343
19.4023
20.679
23.5234
28.7855
38.2845
55.904
90.3183
167.107
381.244
306.014
294.88
323.296
138.995
75.2269
47.2661
33.245
25.7081
21.5373
19.3065
18.3497
18.4073
19.4981
21.9284
26.4286
34.5276
49.5333
79.2174
145.557
333.159
297.088
290.091
281.194
120.716
66.0195
42.2167
30.2326
23.7711
20.1992
18.2924
17.4742
17.5192
18.4405
20.5014
24.324
31.2165
43.9297
68.9644
126.116
289.646
295.452
294.543
250.445
107.386
59.2045
38.1823
27.7054
22.1156
19.0475
17.417
16.7173
16.7494
17.5209
19.2566
22.4933
28.3738
39.3117
61.0106
109.963
254.08
297.742
309.122
226.485
96.6173
53.4882
34.8483
25.6462
20.767
18.1059
16.701
16.0996
16.1211
16.7689
18.2385
20.9944
26.0309
35.5118
54.5654
98.0581
227.016
309.11
321.85
204.521
88.9573
49.4093
32.3325
24.0234
19.681
17.3462
16.1302
15.6135
15.6272
16.1729
17.429
19.819
24.2386
32.6447
49.8134
89.1912
203.515
319.988
332.322
188.924
83.4038
46.2531
30.3524
22.7319
18.8142
16.7489
15.6948
15.2528
15.2608
15.7196
16.796
18.8905
22.844
30.5029
46.3867
83.4215
188.686
330.446
346.836
175.241
78.1631
43.4073
28.5916
21.5922
18.0749
16.2671
15.3678
14.9979
15.002
15.3818
16.2957
18.1291
21.6912
28.7801
43.8134
79.0781
177.114
350.256
361.571
167.494
75.2165
41.3073
27.1422
20.6385
17.4658
15.8891
15.1331
14.831
14.832
15.1371
15.8952
17.4754
20.6508
27.1555
41.2943
75.0911
167.242
360.299
376.116
159.252
71.1347
38.7506
25.5493
19.6576
16.8805
15.5587
14.9559
14.7264
14.7269
14.9593
15.5647
16.893
19.6838
25.615
38.9328
71.6284
160.379
378.394
394.08
154.595
68.109
36.4149
24.0099
18.7199
16.3474
15.282
14.8265
14.6686
14.6684
14.8259
15.2797
16.3426
18.7104
23.9893
36.3736
68.008
154.277
393.303
408.208
148.038
63.3048
33.3246
22.214
17.7242
15.8298
15.0423
14.7385
14.6446
14.6449
14.7402
15.0446
15.8329
17.7299
22.2266
33.3553
63.3801
148.088
407.38
424.305
143.074
58.5819
30.2283
20.4762
16.818
15.4019
14.8712
14.701
14.6412
14.6413
14.7012
14.8713
15.4007
16.8159
20.472
30.2202
58.5764
143.186
424.849
436.956
133.931
51.4779
26.3746
18.5782
15.9498
15.0614
14.7858
14.6948
14.6697
14.67
14.6959
14.7883
15.0651
15.9539
18.5881
26.4009
51.5678
134.057
436.333
450.761
121.203
42.9808
22.415
16.8518
15.2872
14.8725
14.7596
14.7231
14.7155
14.7156
14.723
14.7592
14.8692
15.2838
16.8416
22.3785
42.8709
120.998
450.835
461.437
95.2262
31.1114
18.1607
15.6126
14.9723
14.8212
14.7736
14.7678
14.7682
14.7683
14.7683
14.7744
14.8203
14.9704
15.6123
18.1912
31.1935
95.4484
460.87
471.109
47.6316
18.1029
15.0281
14.7477
14.812
14.8131
14.8225
14.8262
14.8271
14.8271
14.8261
14.8225
14.8133
14.8118
14.7454
15.0174
18.0788
47.6337
471.435
1226.76
1616.91
997.837
576.407
335.779
199.937
126.143
85.9801
65.1078
55.9664
55.4616
63.565
82.711
120.252
190.747
322.854
571.047
1014.2
1641.32
1193.93
1225.94
1609.44
989.289
562.077
329.147
196.13
123.967
84.3996
63.8302
55.5287
55.0626
63.2349
82.0846
118.079
186.648
314.278
553.856
1006.48
1613.63
1191.01
1226.06
1603.61
967.089
575.424
334.732
199.606
126.455
86.2827
65.3338
54.7653
54.0456
63.0768
80.8532
119.619
187.843
316.353
557.719
1000.77
1642.08
1188.53
1231.71
1576.25
986.1
572.142
331.886
198.537
126.084
86.0526
65.3078
56.6046
55.7712
63.0416
81.0962
119.206
188.257
316.344
558.545
975.617
1633.64
1180.52
1226.6
1591.02
961.151
555.555
323.607
194.243
125.313
84.5417
64.2983
56.456
55.6021
62.8517
80.8397
116.965
186.444
307.111
566.893
986.497
1605.81
1181.26
1230.21
1610.27
978.019
563.605
328.262
196.546
125.166
86.1862
64.5677
56.4824
55.4487
61.8146
81.2897
117.793
183.117
309.261
563.491
970.984
1616.67
1175.93
1232.23
1588.68
995.685
569.151
332.742
198.162
123.363
86.0465
64.9119
56.3254
54.8092
63.0475
82.3394
118.481
185.516
310.023
559.356
971.901
1626.48
1174.58
1231.04
1626.85
983.718
557.23
330.962
196.99
124.95
85.7689
63.8289
56.2501
55.9149
62.2648
81.3804
116.455
186.738
313.931
545.862
986.16
1604.33
1175.52
1226.8
1623.3
1017
566.264
329.565
195.311
123.063
85.3915
64.0017
56.0092
55.9059
63.574
83.3675
118.939
182.931
306.275
564.582
964.793
1631.39
1173.37
1233.31
1618.66
1014.7
574.909
323.379
190.473
125.638
84.3462
63.8709
55.7492
55.6035
62.2046
82.999
120.441
188.515
316.203
562.891
968.791
1612.29
1175.63
1231.7
1592.68
1012.56
560.612
329.793
193.548
125.824
85.306
64.1975
55.2896
55.4069
62.4524
81.8189
118.431
190.623
320.315
552.213
976.44
1646.63
1172.09
1226.05
1623.63
1011.39
564.514
324.342
194.789
125.825
83.9749
62.7813
54.4648
55.1006
62.8257
83.0596
119.23
187.167
313.154
574.622
996.542
1647.21
1176.54
1233.1
1620.95
1010.72
568.384
325.668
197.268
125.654
85.4744
64.1171
54.3367
54.322
61.5207
82.9058
120.306
189.761
314.896
571.297
971.724
1643.12
1180.71
1231.22
1612.07
1006.72
578.384
325.064
193.975
125.178
84.084
64.7556
55.4116
55.8454
62.6741
82.6092
118.351
188.781
312.576
569.149
1004.53
1641.05
1186.98
1228.14
1604.51
1002.38
574.157
325.535
196.911
125.007
84.8251
63.8408
56.2705
55.8397
63.5302
81.634
119.821
185.557
314.691
554.594
997.565
1631.5
1185.22
1225.7
1578.02
996.458
559.664
327.718
200.111
123.482
83.1595
63.9839
56.016
55.3365
62.5356
82.6945
118.466
187.612
321.815
571.424
992.241
1624.55
1182.6
1230.25
1599.22
993.057
576.422
333.739
200.319
126.344
85.0903
64.1543
55.8298
54.5802
63.5505
82.6039
119.254
188.852
315.157
568.694
983.66
1592.48
1186.53
1226.34
1613.31
968.914
572.997
331.316
199.004
125.731
86.3097
64.5511
55.0234
55.1126
63.4159
81.3689
119.872
186.067
324.552
555.529
959.328
1600.76
1184.68
1231.93
1608.1
982.53
569.379
323.363
195.12
123.378
85.9605
65.6006
56.2128
55.9318
63.232
82.9187
121.995
188.919
323.545
574.624
981.948
1606.38
1181.77
1230.07
1579.92
992.08
557.532
329.483
197.916
125.257
85.782
65.5289
55.4088
55.6959
62.0182
81.638
122.036
191.251
315.275
573.379
955.715
1623.26
1188.72
1226.85
1584.73
987.198
574.077
327.722
196.42
124.593
85.0915
65.3388
57.0737
55.6522
63.2832
83.2588
121.748
188.224
324.112
573.006
968.758
1601.3
1189.76
1227.11
1576.6
962.681
569.406
318.571
192.31
123.771
83.2871
64.2001
57.053
54.6375
62.6763
81.8078
121.575
189.956
316.063
572.005
988.379
1633.65
1193.75
1223.68
1577.52
969.954
567.668
319.87
193.24
122.459
85.0621
66.2927
57.4047
56.2805
61.5451
82.893
121.156
192.048
322.273
568.046
993.245
1612.33
1197.19
1226.23
1586.83
974.451
556.702
317.06
192.353
124.148
86.115
66.2447
57.2606
56.3279
62.9997
81.9261
119.149
190.904
314.747
562.98
973.353
1639.88
1202.28
1219.49
1604.88
991.574
567.242
318.165
192.501
122.313
84.7886
66.1272
57.044
56.2645
64.0327
83.3679
120.993
188.235
320.267
550.463
1007.32
1636.17
1198.43
1216.08
1597.13
987.488
563.188
321.12
193.042
123.496
86.246
65.9906
56.7196
55.8645
62.7838
81.7984
119.334
189.322
315.035
552.356
1003.78
1613.32
1202.45
1213.86
1566.83
980.117
548.188
311.99
191.233
122.074
86.0805
65.7965
56.4413
55.0762
63.8963
83.0074
120.933
190.948
318.64
548.032
1002.15
1637.18
1203.08
1210.59
1577.38
975.183
552.715
322.306
194.211
124.074
85.9152
64.7822
55.3403
56.368
65.1125
84.1083
119.118
189.917
316.938
546.105
997.25
1632.79
1203.3
1211.89
1582.53
953.47
551.819
327.07
197.268
127.097
85.1013
66.0173
55.9592
55.5109
65.0483
84.0154
121.354
188.657
311.029
544.441
992.546
1610.04
1205.46
1208.19
1605.7
958.924
558.389
325.577
194.456
127.117
87.529
66.0998
56.403
56.3247
64.8607
83.108
120.737
187.579
315.574
546.428
987.355
1637.56
1206.28
1210.78
1603.42
956.48
547.226
319.194
198.927
127.278
87.3319
65.0677
55.5374
55.3291
64.6948
82.719
120.246
184.963
313.738
553.871
979.808
1633.22
1204.2
1209.58
1598.33
966.507
558.867
325.036
198.6
126.918
87.2682
66.3276
56.2139
56.751
64.5157
83.4414
119.681
183.795
306.112
549.85
955.516
1626.58
1202.05
1213.63
1593.55
984.498
546.765
318.197
197.592
126.568
86.8694
66.1521
57.3122
56.5843
63.2239
82.1524
118.21
186.67
313.664
546.009
966.699
1621.15
1199.41
1214.78
1587.48
982.904
549.515
322.33
196.857
125.98
86.4519
64.6896
56.9815
56.4335
63.6895
83.6918
119.724
183.161
311.835
541.482
958.385
1598.15
1197.25
1217.91
1560.33
979.213
548.926
316.569
195.468
124.082
84.9504
64.9239
56.8208
55.4557
63.6
83.3511
118.255
186.674
309.81
527.805
946.035
1621.43
1191.81
1218.84
1585.54
977.284
553.911
321.534
193.079
125.002
85.5879
65.0371
56.5657
56.2134
64.3258
83.1798
119.041
185.559
308.526
540.012
933.866
1616.68
1190.06
1217.15
1554.12
972.212
541.567
314.786
193.276
123.406
85.8828
65.7133
55.6338
55.165
64.0536
81.8761
119.752
182.361
301.457
537.803
950.595
1609.22
1187.66
1217.37
1571.99
970.461
552.902
316.272
194.483
123.804
84.709
65.5223
56.9185
56.5123
63.8826
82.1374
119.607
185.375
306.752
533.759
927.216
1602.74
1184.23
1219.74
1590.16
965.369
548.721
314.279
193.762
124.255
85.7234
65.1203
56.5609
56.2501
62.8986
81.9858
117.976
181.896
304.71
530.744
945.639
1595.04
1181.02
1219.14
1567.14
957.503
535.755
313.749
192.893
122.323
84.2114
63.7509
56.1512
56.084
64.0652
82.6611
118.763
183.789
302.387
525.577
921.737
1565.45
1178.07
1216.77
1599.87
940.273
542.381
315.173
192.033
123.149
84.6051
64.5199
54.9673
55.5599
63.6014
82.1947
116.949
180.788
295.968
514.717
934.455
1600.2
1180.97
1214.52
1593.52
939.074
532.251
312.588
188.746
121.085
83.8107
63.1998
54.7367
55.1705
63.1783
80.925
117.023
182.449
300.264
524.428
944.334
1591.93
1177.74
1213.65
1588.16
933.098
530.367
307.214
188.574
120.827
82.2351
62.8319
54.1208
53.953
62.6904
81.2096
116.267
181.069
293.621
510.578
938.458
1577.26
1175.9
1211.42
1580.15
930.049
525.995
306.004
187.379
119.06
81.8639
62.4159
53.6228
54.1593
62.2785
80.6788
115.907
180.097
294.409
514.884
932.835
1598.22
1171.61
1209.26
1555.14
933.063
522.353
303.031
184.518
118.343
81.1342
61.2471
53.1824
53.6885
61.0203
79.7225
114.556
177.273
294.131
502.775
925.973
1591.79
1169.26
1207.54
1581.61
914.744
517.95
300.484
183.527
117.283
80.3709
60.9116
53.0761
53.1966
61.1835
78.9917
114.241
177.16
292.323
508.264
918.381
1585.59
1166.15
1204.39
1555.96
921.103
516.729
298.861
181.661
116.307
79.611
60.2882
52.4587
52.6284
60.6931
79.1755
113.538
176.197
289.256
502.473
910.878
1580.05
1163.95
1191.07
1555.98
902.771
511.648
294.243
180.346
115.284
78.8384
59.2688
50.8214
51.0458
59.121
78.4767
112.721
174.663
283.31
497.049
901.298
1572.65
1160.26
1187.66
1545.81
897.63
501.779
292.946
178.816
114.112
77.9401
58.9088
50.806
50.7746
58.5083
77.0322
111.674
173.237
281.371
484.056
891.75
1564.23
1158.39
1183.39
1541.34
888.383
498.767
289.254
176.948
113.082
77.2596
58.3576
50.0173
49.4924
57.5196
75.9134
110.526
170.989
278.46
480.043
868.86
1555.19
1154.09
1179.24
1541.16
879.543
489.418
285.072
174.914
111.808
76.2941
57.5362
49.3235
48.8487
56.6347
75.1212
109.494
169.744
275.482
472.894
868.548
1544.69
1150.72
1175.28
1528.48
868.963
483.429
282.449
173.454
110.576
75.2904
56.7138
48.5182
47.9129
55.7627
74.0465
108.354
168.239
272.877
467.627
847.703
1535.43
1144.32
1168.37
1494.23
861.26
474.203
278.253
171.324
109.238
73.8312
55.2354
47.5774
47.2045
54.8888
73.1797
107.188
166.591
270.456
464.009
849.383
1511.35
1139.33
1163.62
1494.63
845.596
468.805
275.929
169.45
107.684
72.65
54.2428
46.5298
46.4065
54.0253
72.0942
105.846
164.913
267.52
460.268
852.852
1524.84
1138.31
1154.57
1481.63
833.716
461.302
272.119
167.436
106.038
71.3191
53.298
45.7549
45.6669
53.1075
71.1018
104.551
163.164
265.018
454.984
843.667
1516.13
1136.71
1149.11
1471.92
814.372
454.465
269.443
165.237
104.413
69.9285
52.1345
44.7041
44.7079
52.1139
69.9264
103.43
161.906
262.222
447.252
821.829
1505.24
1134.85
1144.16
1468.62
803.859
449.012
265.957
163.131
102.714
68.6765
51.0326
43.7558
43.7155
51.0724
68.6813
101.877
160.12
260.057
442.97
820.707
1494.05
1131.73
1134.38
1448.03
792.964
442.274
262.531
160.758
100.958
67.2913
50.0647
42.8054
42.8149
50.1376
67.4878
100.601
158.462
257.142
436.339
800.278
1481.51
1128.4
1115.87
1432.32
780.691
436.24
259.032
158.601
99.3573
66.1015
49.115
42.041
42.0913
49.3002
66.5115
99.2847
156.759
254.833
431.99
796.094
1469.14
1127.08
1112.17
1417.18
769.097
429.035
254.652
155.632
97.341
64.7056
48.0384
41.0572
41.1441
48.3059
65.3288
97.8422
154.944
252.063
426.626
780.05
1453.28
1125.81
1109.99
1400.79
758.044
422.954
251.066
153.226
95.6851
63.4825
47.0774
40.2312
40.3264
47.4304
64.283
96.618
153.42
249.628
421.354
768.725
1438.48
1125.84
1107.76
1386.84
745.62
415.961
246.682
150.173
93.6166
62.0657
45.9848
39.3207
39.4669
46.5437
63.2487
95.2987
151.604
246.841
415.654
754.945
1401.93
1126.55
1102.57
1369.75
734.781
408.712
242.186
147.28
91.7281
60.7719
44.9334
38.4009
38.573
45.5616
62.094
93.8734
149.649
243.714
409.593
740.867
1385.01
1116.18
1091.87
1348.83
721.217
400.764
237.579
144.237
89.6684
59.3245
43.8651
37.518
37.73
44.6271
60.9075
92.2719
147.308
240.285
403.221
726.498
1365.41
1096.93
1078.98
1335.62
707.467
392.03
232.37
140.896
87.5027
57.8549
42.6777
36.4661
36.7136
43.5271
59.5982
90.566
144.814
236.627
397.584
715.585
1345.42
1088.1
1063.87
1319.47
693.052
383.28
227.134
137.483
85.244
56.3014
41.5054
35.4981
35.7721
42.3982
58.0313
88.2219
141.501
232.29
391.135
703.072
1330.25
1085.64
1044.34
1300.16
676.57
373.587
221.206
133.698
82.8557
54.7101
40.3261
34.4958
34.7654
41.1975
56.4032
85.81
138.106
227.461
383.816
692.022
1317.45
1075.83
1025.43
1280.53
660.91
364.06
215.316
129.967
80.394
53.0342
39.1655
33.566
33.8077
39.9731
54.6375
83.1629
134.312
222.263
375.615
677.938
1300.43
1066.36
1001.66
1258.27
643.474
354.235
209.341
126.077
77.8492
51.3172
37.9499
32.576
32.8128
38.7267
52.8137
80.3573
130.27
216.471
366.258
662.899
1284.45
1062.24
980.802
1235.22
624.719
343.199
202.732
121.979
75.2237
49.6188
36.8163
31.6775
31.8795
37.4983
50.9487
77.3956
125.795
210.036
356.153
645.75
1264.77
1033.59
957.571
1209.32
605.247
331.954
195.967
117.532
72.3446
47.8285
35.6284
30.7216
30.9107
36.2679
49.1338
74.5787
121.294
202.972
344.832
627.059
1242.13
1009.58
942.082
1181.01
585.842
320.823
188.587
112.683
69.3673
46.0264
34.4809
29.8317
29.9816
35.0185
47.1834
71.4172
116.284
195.022
332.14
605.885
1216.55
996.577
920.369
1149.43
564.884
308.867
180.841
107.549
66.1914
44.1417
33.2777
28.8969
29.033
33.7659
45.2292
68.2103
110.977
186.52
318.657
583.241
1186.57
972.745
886.776
1115.03
543.246
295.753
171.97
101.921
62.8682
42.201
32.064
27.9668
28.0739
32.4676
43.1484
64.7494
105.272
177.214
303.806
558.151
1150.27
945.147
861.221
1076.56
518.931
281.489
162.706
96.1049
59.4613
40.2547
30.8303
27.0144
27.1119
31.1843
41.0545
61.051
98.9567
167.193
288.13
532.546
1114.16
927.001
829.083
1031.17
492.192
266.181
152.859
89.9985
55.8985
38.1945
29.5377
26.0351
26.1349
29.8906
38.9541
57.3255
92.5023
156.669
271.494
504.597
1071.06
880.323
814.208
983.895
464.556
250.158
142.609
83.7425
52.3176
36.1464
28.2379
25.0335
25.1277
28.5627
36.8172
53.5016
85.5718
145.365
254.569
476.632
1027.71
871.703
786.75
928.508
432.897
231.561
131.349
77.1588
48.5764
33.9998
26.8838
24.0028
24.102
27.2214
34.683
49.757
78.8639
133.609
234.997
442.609
968.968
843.393
752.452
872.393
401.512
212.749
119.68
70.3697
44.8139
31.847
25.5113
22.9432
23.0383
25.8312
32.4797
45.8707
71.8182
121.384
214.691
406.216
900.524
794.571
725.168
810.696
367.225
192.278
107.599
63.652
41.1049
29.7027
24.13
21.8696
21.9562
24.4148
30.2466
41.9578
64.6813
108.483
192.208
366.1
824.276
728.438
681.548
743.547
331.485
171.656
95.6931
56.9612
37.3545
27.5284
22.7335
20.7874
20.8685
22.9986
28.0269
38.0879
57.637
95.7369
170.282
327.453
746.349
658.735
639.909
672.581
294.368
150.467
83.6857
50.3734
33.7179
25.421
21.3768
19.7375
19.8132
21.6242
25.887
34.4046
51.0017
83.641
148.428
287.27
664.399
606.247
596.673
598.691
255.779
128.953
71.6879
43.8171
30.1543
23.3851
20.0807
18.7411
18.8115
20.3116
23.831
30.8634
44.6337
71.8107
126.659
247.553
581.351
550.953
566.702
521.961
217.303
108.722
60.7424
37.965
26.9728
21.5478
18.9005
17.8318
17.8986
19.1165
21.9619
27.6377
38.8151
61.1181
106.717
209.199
498.448
502.59
527.06
447.726
181.182
89.5794
50.6029
32.6892
24.143
19.9184
17.8546
17.024
17.0839
18.0507
20.3078
24.806
33.6798
51.6067
89.0579
175.16
423.289
446.811
494.446
373.289
147.933
73.3465
42.3667
28.4536
21.8377
18.5684
16.9774
16.3423
16.3935
17.144
18.9021
22.4147
29.3517
43.4936
73.8187
145.73
358.228
409.729
495.084
312.102
121.015
60.4786
36.0531
25.192
20.0371
17.495
16.2677
15.7834
15.8241
16.4002
17.7642
20.5205
26.0113
37.2983
62.0009
121.843
303.688
397.363
438.126
251.37
99.1385
50.5159
31.2312
22.7132
18.6591
16.6683
15.7202
15.3513
15.3801
15.8145
16.8636
19.0256
23.3968
32.5
52.6611
102.175
255.456
399.477
395.87
213.136
85.7286
44.6478
28.371
21.1515
17.7362
16.0925
15.3309
15.041
15.0577
15.3852
16.2
17.9265
21.4855
28.9997
45.903
88.1668
217.022
387.67
387.982
187.462
76.8109
40.3865
26.0963
19.876
16.9992
15.6517
15.0472
14.8231
14.8322
15.0789
15.7174
17.122
20.0959
26.4837
41.0776
78.0087
189.781
394.185
394.594
174.893
72.658
38.2591
24.8889
19.1392
16.5466
15.3823
14.8829
14.7048
14.7068
14.8906
15.3959
16.5671
19.1633
24.9064
38.2225
72.4339
174.634
394.585
411.572
163.518
68.2003
35.7357
23.3905
18.2751
16.0756
15.1456
14.7826
14.6618
14.6623
14.787
15.1576
16.1023
18.33
23.5061
35.9951
68.8437
164.861
410.685
419.155
155.658
65.1006
33.8628
22.2894
17.6627
15.7647
15.0101
14.7311
14.6507
14.6506
14.7317
15.0059
15.7525
17.6351
22.2365
33.7731
64.9296
155.419
418.521
432.795
147.859
60.6751
31.1476
20.7683
16.8752
15.3999
14.8718
14.7039
14.6506
14.6506
14.7052
14.8772
15.4152
16.909
20.8444
31.3395
61.2379
149.245
432.866
440.017
141.128
56.6069
28.7512
19.5341
16.3032
15.1712
14.8014
14.6969
14.6656
14.6656
14.697
14.8003
15.1654
16.2816
19.4866
28.6429
56.4028
140.951
440.418
450.816
133.558
51.1554
25.7785
18.1127
15.6935
14.9669
14.7644
14.7042
14.6927
14.6928
14.7044
14.7651
14.9676
15.715
18.1611
25.8766
51.4102
133.925
449.882
457.311
123.694
44.7618
22.7474
16.8673
15.2511
14.8522
14.7541
14.7304
14.7262
14.7262
14.73
14.7537
14.8501
15.2452
16.8367
22.6619
44.6412
123.701
457.504
463.787
108.857
36.4971
19.4832
15.7508
15.0001
14.8179
14.7667
14.76
14.7597
14.7599
14.76
14.7671
14.8156
14.9985
15.8013
19.5253
36.5347
109.012
463.461
468.897
83.7455
26.5422
16.6185
15.0699
14.8357
14.7956
14.7958
14.7976
14.7982
14.7981
14.7977
14.7959
14.7956
14.8388
15.087
16.5421
26.2415
83.5791
468.578
473.432
41.7656
16.6185
14.8341
14.8296
14.8272
14.8347
14.8365
14.8365
14.8363
14.8364
14.8366
14.8372
14.8375
14.8397
14.9114
15.3341
17.6187
41.8389
473.622
690.813
1011.25
611.616
347.022
197.734
121.744
81.8842
60.7428
49.7932
45.1012
44.9875
49.3361
59.7482
80.956
122.478
199.991
348.072
612.879
1013.11
680.842
684.609
1001.12
599.792
339.11
192.51
119.637
81.4395
59.9638
49.0339
44.7193
44.7408
49.0662
59.2701
79.3299
121.827
195.223
338.737
599.488
1000.02
678.546
690.617
1016.65
613.616
349.86
198.378
121.893
80.8408
60.5752
49.3759
44.5919
44.5672
48.5006
58.4151
80.5331
121.9
200.648
347.264
610.053
1010
676.699
689.36
1015.02
609.759
348.631
194.878
121.14
81.3625
60.5344
49.6928
44.9002
44.1081
49.1045
59.3591
79.4336
120.973
199.206
344.654
605.787
1005.88
669.809
687.009
1010.64
599.921
346.199
199.258
119.401
80.0976
59.7365
49.5141
44.841
44.2252
48.6723
59.9975
80.6902
118.472
194.385
340.648
600.889
993.774
675.309
685.989
1006.99
597.258
344.132
198
120.703
80.6028
60.286
49.015
44.4252
44.5071
48.89
59.3798
79.7746
120.402
200.169
330.795
587.324
996.161
678.496
678.889
994.005
601.856
336.439
193.811
122.15
80.724
60.881
49.5166
45.0211
44.1985
49.2746
59.9729
80.9219
121.924
200.436
342.371
601.817
999.036
678.275
681.181
1006.1
612.676
339.809
198.881
122.303
81.3244
60.98
50.1223
45.1046
44.8221
49.1608
59.6084
79.4867
121.132
196.337
349.814
610.803
1007.66
674.267
680.713
1003.65
610.074
340.627
195.178
120.663
79.8764
60.9668
50.1586
44.6358
44.6411
48.9095
58.8256
80.5846
119.102
201.693
347.268
597.382
1006.04
680.12
684.638
999.338
605.656
346.033
199.763
123.72
81.39
60.9931
50.1955
45.3482
44.316
48.471
58.9235
79.7299
120.465
200.907
340.338
608.697
1003.57
680.9
691.512
997.998
592.417
337.253
195.55
123.734
82.3579
60.8999
50.165
45.4723
45.2603
49.398
59.1933
80.4293
121.965
197.306
351.958
619.609
995.097
689.014
691.603
985.275
606.31
349.218
202.448
124.142
81.4231
59.9625
49.9938
45.388
45.2685
49.3672
59.732
79.4735
121.783
200.997
342.104
617.668
1006.56
688.966
692.246
1002.92
597.566
347.32
201.75
123.963
82.7026
60.4001
49.9747
45.3225
45.2506
48.8867
59.3262
80.1523
120.854
200.087
347.623
607.59
993.497
686.321
692.93
1001.01
611.664
346.3
201.136
123.587
82.6894
60.5113
49.4435
44.7465
45.192
49.8012
60.5452
81.1071
118.383
194.918
351.751
619.276
1003.66
693.533
693.007
990.331
609.248
342.103
199.948
123.102
82.507
61.104
49.861
45.117
45.059
49.6511
60.3963
81.0898
120.411
195.916
348.297
616.569
1011.12
686.166
693.093
1007.68
607.081
330.927
198.721
122.466
82.2935
60.9663
49.1619
44.9229
44.8797
49.4996
60.2502
80.6806
118.102
194.241
338.045
605.509
1000.98
691.387
692.589
999.01
596.319
340.552
196.22
120.449
81.8519
60.7852
49.2543
44.3751
44.1807
49.2288
60.0186
80.5159
118.57
196.063
342.042
620.264
1019.6
695.931
690.409
1011.91
616.559
346.74
200.906
122.659
81.6676
60.6086
49.4348
44.6087
44.343
49.0519
59.8076
80.2042
118.203
199.263
344.373
618.983
1018.2
695.855
698.052
1009.62
613.545
336.914
200.075
122.108
80.1425
59.7533
48.9589
44.0055
44.4585
48.2981
58.9223
79.0406
117.836
198.376
351.689
616.749
1018.05
696.056
701.458
1007.41
610.626
342.153
199.491
121.304
80.5632
60.316
49.377
44.6411
44.2887
48.5102
59.5542
80.1776
117.968
196.036
349.751
602.435
1015.81
695.464
696.408
1002
606.146
346.827
198.704
119.265
81.0859
60.8336
50.0646
45.2313
44.9405
48.6599
59.1108
79.207
118.902
189.531
348.363
622.413
1007.52
693.516
699.013
990.514
598.781
344.182
194.055
120.361
80.183
60.6524
49.9431
45.0982
44.8605
49.0885
59.8134
80.2225
117.548
195.509
340.223
621.327
1025.64
689.395
697.028
997.693
593.762
336.654
196.586
118.775
81.1266
60.4899
49.8409
44.9431
44.6292
48.3891
59.5931
80.0525
120.125
200.235
352.866
620.078
1021.65
694.093
691.251
986.534
602.783
340.745
193.235
120.113
80.2132
59.6634
49.6041
44.2865
44.0751
49.0758
59.4789
79.4722
118.981
198.556
350.7
615.886
1006.93
691.032
691.468
995.455
591.344
343.154
197.041
118.361
80.9464
60.4102
49.5944
44.4024
44.2578
48.9612
59.1924
77.8983
117.76
196.698
348.878
613.766
1010.26
688.788
688.543
983.967
597.566
340.932
192.766
118.196
80.7352
59.6979
49.0808
44.3545
44.5075
48.858
59.0978
78.6701
114.745
194.577
346.268
610.204
1010
682.367
689.32
997.281
584.603
332.475
195.959
118.03
80.4251
60.1959
49.5387
44.5872
44.403
48.23
58.3259
77.6892
115.627
192.645
344.082
598.171
1014.78
683.243
690.921
986.269
596.592
338.35
195.569
117.63
80.0675
60.0115
49.4683
44.0496
44.2326
48.6282
59.0744
78.6393
112.724
187.044
341.838
609.802
1024.99
680.75
694.642
993.738
603.774
343.654
194.5
117.348
79.565
59.7396
49.4178
44.5964
43.7943
48.025
58.9846
78.7734
115.008
189.739
339.638
596.151
1022.44
678.465
691.254
1001.03
592.65
341.606
189.236
117.098
78.2028
58.907
49.3073
44.5273
44.4019
48.6287
58.9073
78.6541
116.274
192.007
337.574
598.344
1020.12
677.335
699.514
998.981
594.467
339.729
192.831
116.942
79.0781
59.6138
49.2577
44.0207
44.2246
47.963
58.6808
78.3413
113.713
190.855
335.569
593.305
1016.77
672.128
700.099
989.077
591.432
337.324
187.291
116.367
79.4532
58.9308
49.1888
44.5163
44.048
48.3606
58.4942
78.2108
115.326
189.643
333.614
592.46
1013.62
671.838
698.813
991.336
589.299
330.164
188.502
116.699
78.4839
59.2618
49.0926
44.0397
44.6106
48.8423
57.7984
77.9597
114.601
188.587
331.506
589.683
1001.19
669.279
697.12
988.853
590.144
337.445
190.756
117.45
78.5919
58.6199
48.9772
44.1021
44.5136
48.8775
58.6443
77.6969
112.068
187.259
324.834
587.59
1012.11
667.026
691.82
990.39
594.743
336.674
187.523
116.428
78.2913
59.233
48.9055
44.4261
44.0803
48.3552
58.3668
77.6033
114.24
186.774
330.173
585.677
999.463
664.924
696.359
996.714
589.765
334.322
188.772
114.386
77.9243
58.6447
48.3301
43.9746
44.5053
48.8348
57.6997
76.3311
113.593
184.982
327.95
586.896
1005.57
663.497
690.537
992.454
577.086
332
186.084
114.314
77.9004
59.2614
48.9906
44.4829
44.4532
48.8395
58.6384
77.2682
112.812
180.325
320.024
592.1
1011.34
662.495
689.789
980.457
583.272
330.178
184.325
113.95
78.0221
59.2001
48.4418
43.8583
44.203
48.6584
58.4671
76.4534
111.203
184.388
325.4
588.851
1007.12
661.978
686.537
982.477
592.191
328.408
186.828
114.375
78.5325
59.1084
48.812
44.0586
43.6975
48.4876
58.3979
77.3344
113.286
180.303
322.258
583.79
991.921
662.417
686.284
983.295
590.462
325.237
185.92
114.945
78.3016
58.9209
48.8458
44.3513
44.0667
48.3032
58.0882
76.8835
112.775
182.25
313.144
571.05
993.922
663.88
685.057
990.028
587.956
321.592
184.133
114.104
77.7554
58.5791
48.664
44.2052
44.0137
47.6894
57.3091
75.6718
112.02
181.328
316.831
578.927
991.612
663.428
680.5
976.724
584.281
314.942
179.594
111.83
76.5299
57.7182
47.9941
43.5213
43.4515
47.9893
57.7456
76.2194
109.899
176.908
319.147
565.435
993.223
661.925
681.234
987.717
581.29
310.621
180.137
112.283
77.2481
58.3289
48.3145
43.589
43.3784
47.3858
56.9471
75.2891
109.969
177.941
317.936
567.022
1001.13
658.192
676.198
976.202
577.982
309.54
180.814
112.488
76.1856
57.9921
48.1282
43.4227
43.175
47.3898
56.9787
75.3138
109.531
178.564
315.343
566.203
999.559
662.75
678.674
985.829
574.763
307.368
179.555
111.736
76.1482
57.7311
47.5275
43.4798
43.0122
46.692
56.5963
74.8413
108.587
176.886
312.954
572.309
986.98
656.964
677.265
973.856
570.267
306.208
175.869
110.731
76.0116
57.1348
47.5444
43.3421
43.0191
46.518
55.7815
74.2611
107.644
172.234
303.723
559.617
1005.26
661.304
674.036
984.432
559.698
306.703
175.576
110.03
75.518
56.9066
47.0387
43.0648
42.7873
46.2795
55.6456
73.7938
106.858
172.219
307.889
572.124
1002.83
662.817
671.461
971.143
558.273
307.684
173.86
108.075
74.7861
56.5736
47.1988
42.8415
42.5025
46.0172
55.2278
73.105
105.711
171.241
304.395
566.741
999.087
661.457
665.716
972.972
553.689
304.698
172.017
107.448
73.9011
56.261
46.9264
42.5033
42.2128
45.7983
55.0666
72.4007
104.623
169.133
295.279
561.538
984.188
658.978
664.185
970.361
548.399
297.485
170.195
106.203
73.6693
55.8351
46.2534
42.136
41.4413
45.4372
54.5775
71.8359
103.491
165.487
293.464
556.336
990.598
653.439
660.094
972.805
543.591
294.925
167.577
105.458
72.9132
55.3158
45.9035
41.5272
41.1708
44.9439
54.0244
70.9131
102.513
163.539
289.208
550.501
978.695
654.502
658.254
967.105
538.139
290.342
166.235
104.285
72.0862
54.6561
45.4219
41.1453
40.6869
44.3745
53.2693
70.2779
101.32
161.184
284.756
537.098
980.296
653.624
654.377
949.351
531.929
286.411
164.564
103.23
71.5484
54.2107
44.811
40.5664
40.2604
43.9373
52.8107
69.7284
100.466
159.362
280.579
533.795
987.071
648.744
651.263
956.787
526.663
282.289
162.237
102.158
70.7996
53.6519
44.4374
40.2022
39.8245
43.4653
52.2869
69.034
99.4295
157.002
275.6
525.824
970.983
646.55
647.792
961.312
519.564
278.647
160.219
101.212
70.1142
53.0711
43.9008
39.703
39.3756
43.0237
51.8322
68.4351
98.5743
155.226
272.918
522.72
973.495
644.373
645.004
954.744
511.515
274.983
158.471
100.36
69.5837
52.5674
43.436
39.3082
38.9884
42.6114
51.3462
67.868
97.6604
153.621
266.52
511.489
974.852
640.333
640.89
936.776
503.101
270.094
156.248
99.4391
68.8845
51.9705
42.8885
38.8538
38.5442
42.1787
50.8718
67.2684
96.7496
151.805
264.06
508.757
967.405
636.141
637.733
940.915
496.506
266.744
154.796
98.4801
68.1592
51.2839
42.273
38.2845
38.0661
41.7258
50.3831
66.6668
95.8779
150.093
260.019
504.833
958.086
629.09
633.682
932.679
490.288
262.141
152.942
97.56
67.3792
50.6319
41.6342
37.667
37.5409
41.248
49.8971
66.0768
94.9906
148.361
255.891
489.343
937.949
622.214
627.691
911.623
481.873
258.145
151.048
96.4946
66.6192
50.0012
41.1308
37.2067
37.0827
40.7934
49.4169
65.4892
94.137
146.631
251.433
483.852
938.628
615.039
623.227
916.494
477.354
253.984
149.329
95.5394
65.8886
49.353
40.5179
36.6508
36.5766
40.3151
48.9298
64.866
93.1893
144.93
247.871
475.507
938.486
605.599
617.049
919.619
471.099
250.614
147.513
94.4391
65.0596
48.6515
39.8977
36.0728
36.0599
39.8058
48.3707
64.2071
92.2679
143.259
244.212
466.761
919.77
600.292
613.849
917.047
464.43
246.601
145.497
93.3021
64.2723
47.9881
39.2928
35.5051
35.4993
39.2384
47.7342
63.3998
91.1273
141.36
240.445
459.745
915.591
596.553
610.341
909.312
456.848
242.769
143.399
91.9738
63.3033
47.2214
38.6486
34.9254
34.9242
38.6271
47.0472
62.5981
90.0313
139.507
236.776
452.29
906.378
594.622
605.664
889.213
449.923
239.058
141.372
90.6341
62.3554
46.4937
38.0394
34.3594
34.3623
38.0132
46.3041
61.6511
88.7722
137.509
232.782
444.209
898.118
590.125
600.249
881.657
442.257
234.8
138.919
89.0438
61.2555
45.6947
37.3999
33.7986
33.7977
37.3755
45.5429
60.693
87.5082
135.646
229.425
436.957
888.374
588.074
593.917
867.653
433.896
230.452
136.64
87.599
60.2472
44.9481
36.7921
33.2323
33.2087
36.7098
44.7408
59.6737
86.119
133.495
225.461
429.747
877.138
582.571
585.162
852.133
424.686
225.526
133.86
85.8727
59.0999
44.1353
36.1552
32.6671
32.6295
36.035
43.9012
58.5798
84.6742
131.395
221.606
421.547
866.424
577.814
576.895
842.019
415.525
220.167
130.907
84.0614
57.9128
43.314
35.5236
32.1021
32.0422
35.3465
43.0167
57.4233
83.145
129.22
217.676
414.13
852.355
571.957
573.419
827.375
404.841
214.564
127.768
82.1459
56.6735
42.4537
34.8678
31.5255
31.4536
34.6597
42.1349
56.2384
81.5485
126.896
213.427
405.397
839.887
567.6
564.839
812.311
393.04
208.209
124.395
80.0537
55.2971
41.5095
34.1529
30.9032
30.8208
33.9246
41.2031
54.995
79.7841
124.176
208.642
396.728
830.266
560.022
548.912
795.941
380.957
201.269
120.575
77.7683
53.8313
40.5283
33.4245
30.2761
30.1899
33.1899
40.2415
53.647
77.8586
121.296
203.548
386.47
815.166
549.609
533.451
780.376
368.294
194.019
116.522
75.3457
52.2924
39.4695
32.6163
29.5822
29.5028
32.4066
39.2383
52.2546
75.8272
118.183
198.078
375.64
796.573
539.273
517.456
761.513
355.364
187.177
112.539
72.8098
50.6493
38.3582
31.7856
28.8743
28.8
31.5898
38.1537
50.6774
73.4675
114.553
191.906
364.5
782.992
532.126
509.031
740.267
341.993
179.886
108.291
70.18
48.9291
37.1648
30.885
28.1138
28.0558
30.7372
37.0218
49.0033
70.8737
110.503
185.257
352.134
760.835
520.7
492.71
714.848
327.06
172.532
103.749
67.2682
47.0662
35.9023
29.9446
27.3181
27.2718
29.8307
35.8166
47.2287
68.0969
106.134
178.079
338.56
740.143
505.865
476.788
685.415
310.8
164.69
98.9097
64.1334
45.0369
34.531
28.9327
26.4701
26.4386
28.8648
34.5224
45.2884
65.0097
101.179
169.914
322.756
711.435
491.831
460.924
652.096
292.53
155.455
93.4095
60.7296
42.8958
33.088
27.8627
25.5714
25.557
27.8457
33.1527
43.2372
61.7368
95.8993
160.993
304.959
680.028
470.876
440.184
613.209
272.778
145.265
87.4524
57.076
40.5684
31.5278
26.7165
24.61
24.6117
26.7465
31.6627
40.9725
58.0548
89.7831
150.535
284.659
640.606
445.844
417.999
570.965
252.048
134.396
81.0116
53.1936
38.1649
29.9195
25.5214
23.6006
23.6182
25.5935
30.1142
38.6313
54.1929
83.1746
139.156
262.678
594.348
415.992
393.663
525.071
231.23
123.163
74.3422
49.1609
35.6391
28.2255
24.269
22.5454
22.5747
24.3732
28.4596
36.1317
50.1472
76.2482
126.957
238.856
542.892
379.495
369.104
478.69
210.113
111.856
67.6609
45.1385
33.12
26.5199
22.9943
21.4668
21.5059
23.123
26.77
33.5678
45.9452
69.0662
114.224
213.728
487.31
341.478
348.339
431.755
187.776
99.8889
60.8794
41.146
30.6028
24.8065
21.7171
20.3863
20.4332
21.8652
25.0766
31.0406
41.8291
61.8877
101.409
189.603
434.208
325.521
337.129
384.684
166.229
88.3428
54.3102
37.2532
28.1463
23.1401
20.4793
19.3385
19.3897
20.6394
23.4259
28.5793
37.8728
55.1565
89.3622
166.326
382.779
316.464
328.423
339.61
145.625
77.7556
48.3679
33.6839
25.8643
21.589
19.3237
18.3571
18.4106
19.4916
21.8912
26.3117
34.2582
49.0272
78.4935
145.506
333.858
298.808
310.33
293.455
125.854
67.7877
42.8005
30.3992
23.8071
20.2024
18.2905
17.4745
17.5226
18.4446
20.4963
24.2835
31.0961
43.8064
69.4292
127.849
292.823
295
301.54
256.278
110.075
60.115
38.4376
27.7572
22.1181
19.0422
17.4139
16.7191
16.7573
17.5357
19.28
22.522
28.3958
39.3765
61.5185
112.283
259.317
302.504
304.295
225.486
96.4448
53.3101
34.7136
25.5677
20.7255
18.0851
16.6921
16.0981
16.1253
16.7786
18.2567
21.0286
26.0932
35.6104
54.8318
98.6925
227.799
306.09
317.811
203.524
88.9249
49.4233
32.3424
24.021
19.6744
17.3411
16.1283
15.6149
15.632
16.1812
17.4425
19.8429
24.2884
32.7549
50.0981
90.1169
206.24
320.404
328.878
186.706
82.6192
45.9817
30.2288
22.6648
18.7831
16.7361
15.6905
15.2526
15.2629
15.7232
16.8003
18.8952
22.8543
30.5521
46.5378
83.5378
188.632
331.41
348.019
176.981
78.8863
43.5975
28.6489
21.6194
18.0894
16.2742
15.3714
15.0002
15.0045
15.3851
16.2993
18.1295
21.6749
28.7128
43.6236
78.738
176.679
349.496
360.165
166.193
74.6665
41.1452
27.0928
20.6206
17.4577
15.8852
15.1313
14.8303
14.8322
15.1386
15.9
17.4885
20.6833
27.2258
41.4193
75.2084
167.019
359.546
379.657
160.691
71.7614
38.9558
25.6159
19.6812
16.8901
15.5628
14.9576
14.7267
14.7264
14.9571
15.5597
16.8824
19.6621
25.5726
38.8563
71.5163
160.218
377.414
391.548
153.26
67.6141
36.2543
23.9556
18.7009
16.34
15.2787
14.8253
14.6683
14.6683
14.8265
15.2821
16.3485
18.7236
24.0188
36.4413
68.1537
154.556
393.735
409.379
149.031
63.6916
33.4546
22.2603
17.7418
15.8374
15.0451
14.739
14.6447
14.6449
14.7401
15.043
15.83
17.7252
22.2184
33.3454
63.401
148.347
408.323
423.856
142.338
58.2691
30.1262
20.4418
16.8057
15.3987
14.8706
14.7009
14.6412
14.6413
14.7012
14.8717
15.4014
16.8178
20.4764
30.2349
58.6076
143.059
424.317
437.19
134.471
51.7077
26.4522
18.6065
15.9596
15.0617
14.7858
14.6948
14.6697
14.6699
14.6958
14.7883
15.0648
15.9523
18.5821
26.3884
51.5357
134.12
437.086
450.8
120.861
42.842
22.368
16.8382
15.2831
14.8721
14.7596
14.723
14.7155
14.7156
14.723
14.7592
14.8693
15.2854
16.8506
22.4158
42.9778
121.183
450.738
461.237
95.36
31.1711
18.1815
15.6143
14.9718
14.8211
14.7736
14.7678
14.7682
14.7683
14.7683
14.7744
14.8204
14.971
15.6116
18.1606
31.1124
95.221
461.442
471.212
47.5982
18.083
15.0191
14.7451
14.8115
14.813
14.8225
14.8262
14.8271
14.8271
14.8261
14.8225
14.8134
14.8121
14.7479
15.0286
18.1034
47.6307
471.115
259.745
347.819
215.616
132.004
84.8184
59.2991
45.4369
37.8291
33.7898
32.0941
32.2301
34.1948
38.5157
46.583
60.9175
86.6437
132.296
213.22
343.173
260.763
259.515
347.698
215.451
131.093
83.6745
58.6675
45.3381
37.8146
33.7769
32.0832
32.2144
34.1533
38.2519
46.2075
60.3464
86.467
130.81
211.935
343.209
260.376
259.82
347.78
215.286
130.603
84.7068
59.4283
45.3636
37.8359
33.7764
32.0809
32.2179
34.1853
38.4123
46.6162
61.0008
86.6305
132.376
214.247
343.684
260.025
259.794
347.78
214.737
131.306
84.0152
59.3567
45.4778
37.8106
33.7417
32.0484
32.1881
34.1711
38.5241
46.5701
60.9418
85.8609
133.579
214.281
344.09
261.083
261.349
347.811
211.958
132.482
85.4085
59.2223
45.4027
37.7575
33.6009
31.9301
32.0604
34.0144
38.4403
46.1955
60.8644
86.7982
133.514
212.624
344.232
261.471
261.168
347.683
213.48
131.387
84.7507
59.4016
45.3373
37.7396
33.7137
32.0443
32.1861
34.1398
38.4266
46.3707
60.6731
86.5302
133.342
214.396
344.178
260.607
262.369
346.417
214.719
133.317
85.5173
58.9661
44.874
37.5229
33.6721
32.0348
32.1912
34.1291
38.291
46.197
59.8859
85.1226
132.73
213.867
343.944
260.186
262.545
348.231
216.135
132.005
84.5057
59.4871
45.0595
37.6679
33.6293
31.9414
32.1621
34.1139
38.2836
46.055
60.0503
85.3629
131.216
211.79
343.613
259.67
262.433
346.673
214.092
133.17
85.3582
59.5998
45.2238
37.6906
33.5931
32.0063
32.1579
34.0645
38.5041
46.4141
60.1372
85.7436
132.941
213.62
343.508
259.7
261.222
347.544
214.574
132.886
86.1128
59.8141
44.8333
37.662
33.657
32.0114
32.1797
34.2127
38.4024
46.2429
60.3523
86.4489
132.708
211.907
343.13
259.807
262.038
348.549
214.422
131.035
85.9637
59.861
45.1095
37.7214
33.5774
31.9751
32.0607
34.2259
38.6367
46.6246
60.8446
86.2922
131.627
213.651
342.339
259.88
262.569
348.617
215.299
131.569
86.0099
59.9557
45.3863
37.7675
33.7116
31.9948
32.0947
34.2135
38.6389
46.6012
60.7847
85.4331
132.794
212.037
344.126
260.633
262.213
348.273
212.584
132.145
86.0709
59.8914
45.5556
37.7668
33.7031
31.9298
32.1515
34.1448
38.6003
46.5102
60.7227
86.2438
132.782
212.66
343.958
260.217
261.859
348.11
214.858
130.317
85.9335
59.7755
45.48
37.5941
33.6931
32.0248
32.1327
34.1066
38.5622
46.4142
60.4714
85.183
131.586
212.992
343.886
259.71
260.504
346.854
216.382
132.186
86.2026
59.697
45.2634
37.7251
33.6256
32.0268
32.1886
34.2165
38.5412
46.2681
59.9619
86.4365
133.413
214.472
343.647
260.259
261.088
347.509
215.473
133.617
86.3236
59.1875
45.669
37.6805
33.7142
31.9614
32.0659
34.1853
38.5123
45.9946
60.1679
85.4537
133.153
214.183
342.111
260.316
261.546
348.697
217.68
132.616
86.4412
59.6386
45.7591
37.9
33.7031
32.0371
32.0953
34.1052
38.6287
46.4568
60.7064
86.3694
132.818
212.937
343.264
259.518
261.311
347.386
217.648
134.626
86.5903
60.1499
45.8063
37.8001
33.8267
32.0099
32.1159
34.2153
38.6513
46.646
60.1895
85.376
131.522
214.509
342.161
259.557
262.94
349.298
217.431
134.57
86.4909
60.1097
45.7924
37.9609
33.8529
32.0949
32.2012
34.2191
38.619
46.6993
61.1012
87.0799
133.948
214.58
343.057
259.691
262.904
348.043
216.905
134.239
86.2287
59.9527
45.7231
37.8782
33.8049
32.0666
32.0967
34.1702
38.4077
46.6013
60.9343
86.8641
133.846
213.115
344.017
259.839
262.917
349.135
215.43
134.035
85.9776
59.7828
45.6152
37.8494
33.6601
31.978
32.1682
34.1812
38.5341
46.4648
60.6386
86.5681
134.004
215.38
344.138
259.976
262.708
349.009
216.761
133.682
84.8335
58.9891
45.1571
37.6097
33.6509
32.0296
32.0686
34.0825
38.3009
46.0891
59.7531
85.2639
133.721
215.099
343.978
260.044
261.197
347.553
214.511
133.089
85.7371
59.3458
45.3365
37.6785
33.6797
32.053
32.1267
34.1052
38.4668
46.3408
60.269
86.3371
133.695
215.27
343.116
260.231
261.298
348.631
216.114
131.588
85.4498
59.357
45.4469
37.7114
33.7366
32.0652
32.2105
34.2214
38.6215
46.6015
60.6221
85.4188
133.444
215.07
345.362
261.194
260.817
348.091
214.123
131.76
84.581
59.6855
45.2425
37.8153
33.7774
32.064
32.2101
34.2155
38.5894
46.5216
60.2538
86.4305
133.175
214.438
345.13
260.469
260.272
346.455
214.371
132.339
85.256
59.7903
45.5225
37.8095
33.7342
32.027
32.1818
34.1756
38.5322
46.339
60.844
85.4286
131.357
212.329
344.792
261.258
260.11
346.485
214.106
133.537
86.0344
59.7252
45.1575
37.5473
33.5415
31.9747
32.145
34.1478
38.5383
46.6164
60.9024
85.8036
132.068
213.437
344.646
261.026
260.781
346.353
214.618
133.577
85.9285
59.5416
45.1789
37.6381
33.568
31.941
32.1047
34.0901
38.4504
46.5254
60.9024
86.1064
132.323
214.486
344.401
260.276
260.903
346.865
215.797
133.321
85.6554
58.9772
45.0432
37.493
33.5939
31.9048
32.0538
34.0329
38.3551
46.1102
60.6695
86.8902
132.393
212.738
343.386
261.258
260.872
348.042
214.073
132.919
85.4252
58.9641
45.0716
37.6518
33.5927
31.7847
31.9082
33.8472
38.143
46.1535
60.3037
86.8945
133.85
215.311
344.628
261.436
260.788
348.042
216.351
131.752
84.4759
59.0018
45.1244
37.6473
33.587
31.8124
31.9696
33.8955
38.2061
46.3096
60.6183
86.556
133.475
215.004
343.169
261.501
260.695
347.601
216.051
133.017
85.3377
59.4295
45.3574
37.6614
33.5708
31.8464
31.8917
33.9303
38.2471
46.1879
60.419
86.1866
132.89
214.844
343.659
260.621
261.155
346.244
215.502
132.608
84.9981
59.281
45.2941
37.6234
33.4578
31.7612
31.9476
33.8866
38.013
45.7044
59.6809
85.7442
131.08
214.325
343.752
260.709
260.186
347.688
213.859
131.062
83.6796
59.0221
45.2128
37.5842
33.575
31.8286
31.8522
33.7769
38.1672
45.8936
60.2495
85.0547
131.713
213.87
344.666
260.127
260.594
347.457
215.209
132.414
84.4666
58.7036
44.9107
37.5807
33.5272
31.7357
31.8527
33.8547
38.0192
45.8746
60.2384
85.6833
132.395
211.789
342.968
259.575
260.293
347.028
213.11
131.901
85.2615
59.4702
45.2927
37.5719
33.3959
31.7001
31.8207
33.842
38.1308
46.0666
60.0641
84.5495
132.249
212.824
344.526
259.249
259.224
345.874
214.305
130.271
85.0581
59.3165
45.0113
37.4016
33.365
31.6727
31.793
33.6996
37.9506
45.9896
60.049
85.598
132.085
210.582
343.199
258.798
259.123
346.757
212.741
130.697
84.9231
59.1852
45.2745
37.5471
33.3681
31.6619
31.8333
33.7707
38.046
45.8773
59.7946
85.2465
132.028
212.34
344.578
258.564
258.36
346.424
212.976
131.518
84.7688
58.5658
45.2096
37.5278
33.3749
31.6632
31.7991
33.729
37.9841
45.7589
59.2773
84.1202
131.712
213.329
344.53
258.361
258.439
346.059
212.34
131.023
84.5451
59.107
45.2171
37.4785
33.4427
31.7027
31.752
33.5455
37.7267
45.6518
59.5832
85.0255
131.409
211.506
343.067
257.371
258.688
344.458
211.977
129.374
83.4014
58.5284
45.1493
37.2499
33.3305
31.6128
31.6427
33.6145
37.8278
45.5233
59.2634
84.5884
131.029
212.607
344.114
257.146
259.102
345.511
211.805
129.604
84.123
58.9595
45.2019
37.463
33.5121
31.7389
31.6884
33.5106
37.7586
45.0963
58.8651
83.3242
130.544
212.057
343.63
256.579
258.209
344.111
211.583
129.454
83.8733
58.8162
45.1492
37.5913
33.5445
31.7362
31.738
33.6205
37.7446
45.2013
58.2158
84.0306
130.158
210.253
342.359
256.598
258.709
344.665
212.058
129.884
82.8252
58.1334
44.7852
37.5135
33.5218
31.6557
31.5927
33.5661
37.6631
44.956
58.3269
83.0558
129.74
211.646
343.804
257.068
257.441
344.053
211.135
129.253
83.2818
58.5174
45.0296
37.4304
33.4454
31.754
31.6659
33.4823
37.5112
45.1773
58.5225
83.5054
128.066
210.956
343.633
256.609
257.292
342.276
209.941
127.439
82.1574
57.9412
44.7759
37.5044
33.5344
31.7916
31.7627
33.6065
37.5321
44.8874
58.6273
83.2718
129.011
210.297
343.276
257.07
256.971
342.388
207.719
127.603
83.0821
58.5938
45.1452
37.6291
33.5605
31.8673
31.8656
33.6427
37.6159
44.8548
58.3751
82.5164
128.406
208.032
342.934
256.789
256.888
340.502
207.628
127.731
82.7769
58.4398
45.0889
37.4846
33.6031
31.8689
31.8498
33.5267
37.5752
44.7802
57.7629
81.3571
127.867
209.427
342.679
256.488
256.478
340.477
207.469
126.292
82.3759
58.249
45.0152
37.5267
33.6401
31.8685
31.8653
33.608
37.4745
44.8856
57.9994
81.3486
127.255
208.626
342.141
256.022
256.128
340.144
208.092
127.062
81.4875
57.6494
44.7369
37.5384
33.6708
31.804
31.7873
33.533
37.5526
44.6232
57.8526
80.9977
125.56
206.062
341.395
255.654
255.466
339.576
207.161
126.42
81.7641
57.9304
44.9393
37.677
33.7211
31.9346
31.911
33.6299
37.5653
44.8193
57.7295
81.104
125.884
205.928
340.83
255.296
254.781
338.998
206.214
125.745
81.4546
57.4177
44.6584
37.6512
33.7267
31.9655
31.9331
33.6044
37.3583
44.4848
57.4694
80.3333
125.269
205.839
339.957
254.862
254.677
339.294
205.189
123.876
80.9982
57.6704
44.8474
37.6487
33.7262
31.9785
31.9342
33.5402
37.387
44.536
57.0394
80.3949
123.573
204.713
338.99
253.805
254.31
337.119
203.943
123.485
80.5202
57.4487
44.7504
37.5043
33.7012
31.987
31.9569
33.6287
37.4413
44.3373
57.1501
79.7761
123.659
203.277
336.626
252.859
254.303
338.268
201.515
121.786
80.0095
57.217
44.6679
37.5889
33.6318
31.967
31.9374
33.6052
37.4224
44.4672
57.0366
79.826
122.946
201.756
337.122
252.338
253.922
337.537
201.17
121.386
79.018
56.6132
44.3819
37.5649
33.6993
31.9641
31.9159
33.4635
37.1898
44.1068
56.4295
79.283
122.215
202.122
337.564
251.807
253.003
336.64
199.094
121.173
78.9942
56.6973
44.4644
37.5573
33.6146
31.8558
31.8467
33.4903
37.19
44.104
56.34
78.6533
120.185
199.48
335.714
251.857
252.18
334.577
198.678
119.952
78.4718
56.1375
44.3359
37.5367
33.729
31.9215
31.9245
33.5342
37.1775
43.8061
56.0544
78.1924
119.504
198.69
336.365
251.665
251.566
334.344
198.69
119.261
77.4585
56.1442
44.2274
37.4903
33.725
31.9809
31.9291
33.513
37.0318
43.6919
55.4202
77.0981
118.243
197.353
335.474
251.932
250.601
332.36
196.087
118.155
77.1786
55.6929
44.0822
37.4231
33.6865
31.8868
31.8938
33.497
37.0928
43.7193
55.2928
76.5514
117.235
195.78
334.365
251.03
249.915
332.371
194.479
117.022
76.5886
55.3117
43.7928
37.2345
33.6499
31.9564
31.8052
33.3671
37.0089
43.4547
55.0047
75.9849
116.209
194.384
333.172
251.155
249.428
330.522
192.944
115.536
75.9097
55.0572
43.6911
37.1722
33.5236
31.8586
31.8626
33.4193
36.9374
43.3072
54.6718
75.3506
115.041
192.887
331.993
250.056
248.813
329.658
191.166
114.486
75.1318
54.7624
43.4795
37.0764
33.4868
31.8103
31.7314
33.2359
36.6975
43.0479
54.2078
74.7858
114.039
191.215
330.828
249.701
248.214
329.137
189.578
113.102
74.5718
54.4234
43.2972
36.9073
33.338
31.7401
31.6853
33.1741
36.5636
42.7723
53.8331
74.0455
112.909
189.653
329.484
248.647
247.668
326.367
187.676
112.014
73.8447
54.0236
43.0741
36.7988
33.2784
31.6792
31.6128
33.0839
36.4295
42.5742
53.5079
73.5092
111.843
187.921
326.447
248.13
246.993
325.647
185.989
110.771
73.1296
53.6114
42.8649
36.677
33.1815
31.5829
31.5013
32.9676
36.2941
42.336
53.0717
72.7394
110.636
186.191
325.784
247.029
245.912
322.968
184.008
109.455
72.401
53.2217
42.635
36.5328
33.0585
31.4661
31.3712
32.8247
36.0784
42.068
52.6578
71.9795
109.306
184.188
323.406
246.144
244.787
321.414
182.056
108.058
71.5838
52.7495
42.3312
36.3083
32.8901
31.2982
31.2302
32.6572
35.9093
41.8009
52.1907
71.1362
107.845
182.208
322.132
245.647
243.823
319.914
180.08
106.539
70.7092
52.2652
42.037
36.1071
32.7379
31.1547
31.088
32.5075
35.7174
41.5121
51.7091
70.2765
106.292
180.006
320.03
244.511
242.335
318.316
177.817
104.889
69.7519
51.6951
41.6608
35.823
32.5052
30.9557
30.8935
32.3075
35.494
41.2125
51.2446
69.4578
104.819
177.606
318.048
243.305
240.74
316.46
175.368
103.134
68.6794
51.0573
41.2505
35.532
32.2697
30.7562
30.705
32.1023
35.248
40.895
50.7221
68.4876
103.04
174.931
315.709
241.948
238.588
314.255
172.529
101.191
67.5452
50.3963
40.8186
35.2147
32.022
30.5343
30.4825
31.8738
34.9936
40.5493
50.1857
67.5307
101.317
172.408
313.553
240.878
235.656
311.289
169.153
99.0394
66.3425
49.6878
40.3592
34.869
31.7169
30.2477
30.2028
31.5839
34.6634
40.1194
49.5272
66.4052
99.2071
169.09
310.746
238.377
232.059
307.723
165.425
96.7143
65.0544
48.9412
39.8591
34.4919
31.4038
29.9543
29.9092
31.2723
34.2975
39.6427
48.8019
65.1584
97.0228
165.628
307.265
235.609
227.456
303.259
161.221
94.1619
63.664
48.1171
39.3172
34.0804
31.0532
29.6351
29.5946
30.9329
33.8971
39.1125
48.0013
63.8131
94.6329
161.719
303.289
231.493
222.966
298.006
156.633
91.5102
62.2211
47.2436
38.6921
33.5863
30.6348
29.2517
29.2144
30.5251
33.4196
38.4818
47.0617
62.3047
91.9463
157.17
298.267
227.183
217.42
291.42
151.282
88.5434
60.5887
46.2063
37.9552
33.0098
30.1434
28.7991
28.7642
30.044
32.8659
37.7862
46.0684
60.6381
88.8709
151.745
291.564
220.996
211.072
283.24
145.443
85.4276
58.8143
45.0635
37.1264
32.3408
29.565
28.2688
28.2419
29.4883
32.2248
36.9832
44.9428
58.8048
85.4916
145.617
283.106
213.565
203.526
273.424
138.972
81.8822
56.8367
43.8046
36.1982
31.5814
28.899
27.6498
27.6297
28.8409
31.4888
36.076
43.6837
56.7831
81.8469
138.903
272.99
205.539
196.522
262.06
132.112
78.2948
54.7932
42.4172
35.1413
30.7112
28.1292
26.9254
26.907
28.0799
30.6382
35.051
42.3077
54.6677
78.0901
131.692
260.95
196.39
188.946
249.2
124.939
74.5763
52.6157
40.9276
33.9821
29.7366
27.2577
26.1027
26.0889
27.2236
29.6911
33.9356
40.8753
52.554
74.3734
124.398
247.856
187.994
182.308
235.186
117.735
70.9167
50.3769
39.3243
32.7111
28.6481
26.2746
25.1715
25.1608
26.2497
28.6201
32.7028
39.3487
50.3989
70.7347
117.003
233.299
180.122
175.948
220.346
110.713
67.4345
48.1446
37.6397
31.3344
27.466
25.2068
24.1591
24.156
25.202
27.4731
31.3874
37.7514
48.2477
67.288
109.91
218.275
174.086
172.541
205.679
103.656
63.8767
45.8679
35.9085
29.9047
26.2185
24.0737
23.084
23.0824
24.0769
26.2386
29.9709
36.0464
46.0415
63.9443
103.026
203.004
170.95
172.335
191.953
97.3396
60.6043
43.6212
34.137
28.4212
24.9282
22.9052
21.9757
21.9804
22.9246
24.975
28.5184
34.3031
43.8242
60.6793
96.6904
189.214
171.069
175.328
179.474
91.6236
57.5506
41.4574
32.4101
26.9688
23.6599
21.7554
20.8856
20.8934
21.7834
23.7188
27.0718
32.5741
41.6582
57.6849
91.2868
177.782
174.817
180.182
168.115
86.3088
54.6884
39.3746
30.7501
25.5841
22.4585
20.6667
19.8501
19.8609
20.7016
22.5276
25.6972
30.929
39.6264
54.9563
86.4652
168.406
182.935
187.953
159.76
82.1059
52.248
37.5446
29.2689
24.3396
21.3725
19.6785
18.909
18.92
19.7133
21.4385
24.443
29.4242
37.7488
52.4486
82.2166
160.092
191.014
199.134
152.51
78.9526
50.2745
35.9868
27.9841
23.2521
20.4208
18.8102
18.0791
18.0865
18.8328
20.4642
23.3239
28.1033
36.1609
50.48
79.222
153.062
201.696
210.914
146.868
76.8294
48.6894
34.6441
26.8495
22.2897
19.5871
18.0586
17.366
17.37
18.0705
19.6109
22.3299
26.9157
34.7454
48.8019
76.84
146.815
212.606
227.191
143.082
75.1038
47.2744
33.4041
25.8028
21.418
18.8494
17.4096
16.7606
16.7619
17.4131
18.8557
21.4288
25.8221
33.4362
47.326
75.2328
143.294
228.393
245.348
140.693
73.8565
45.9086
32.1558
24.7694
20.587
18.1752
16.8401
16.2429
16.2429
16.8401
18.1756
20.5906
24.7793
32.1762
45.9438
73.8893
140.904
245.504
266.679
139.599
72.4797
44.3198
30.7728
23.6788
19.7532
17.5347
16.327
15.7928
15.7921
16.3251
17.5304
19.7461
23.6667
30.7583
44.3137
72.4978
139.514
266.361
290.145
138.937
70.864
42.4177
29.1811
22.4835
18.8891
16.9123
15.8604
15.4027
15.4023
15.8596
16.9104
18.8866
22.4796
29.1741
42.4026
70.8403
139.054
289.961
316.188
138.827
68.3888
39.8961
27.2762
21.1552
17.9907
16.3104
15.4443
15.0762
15.0759
15.4437
16.3093
17.9901
21.1575
27.2885
39.937
68.4783
138.856
316.051
343.983
138.382
64.9778
36.8145
25.1083
19.7322
17.0897
15.7558
15.0992
14.8312
14.8311
15.0987
15.7544
17.0871
19.7272
25.0982
36.7952
64.9524
138.408
343.716
372.676
135.776
59.5327
32.7961
22.602
18.231
16.2233
15.2846
14.8667
14.715
14.715
14.8666
15.2847
16.2246
18.2347
22.6117
32.8287
59.6376
136.034
373.314
402.895
128.33
51.3405
27.8796
19.8924
16.7586
15.4652
14.9466
14.7502
14.676
14.6762
14.7508
14.9475
15.4643
16.7567
19.8846
27.8633
51.2897
128.162
402.391
432.397
107.414
38.6414
21.999
17.142
15.5667
15.0169
14.8218
14.7333
14.7016
14.7015
14.7331
14.8207
15.014
15.564
17.1459
22.0159
38.6994
107.627
433.064
466.57
57.4483
21.662
16.1844
15.1211
14.8831
14.8322
14.8022
14.7959
14.7961
14.7961
14.7959
14.8021
14.832
14.8834
15.1204
16.1792
21.647
57.3992
466.377
)
;

boundaryField
{
    fixedWalls_1
    {
        Cmu             0.09;
        kappa           0.41;
        E               9.8;
        type            epsilonWallFunction;
        value           nonuniform List<scalar> 
200
(
257.473
256.999
257.316
257.489
259.132
258.336
256.497
257.973
258.688
256.817
257.074
258.017
257.995
257.156
257.865
256.974
257.85
258.44
259.214
259.782
258.961
258.229
258.284
258.707
258.655
258.534
258.339
259.746
260.117
260.613
260.169
259.696
260.125
259.558
258.917
258.835
258.311
259.011
259.965
260.073
260.197
260.157
258.851
258.273
257.469
256.785
256.32
256.164
256.018
255.655
255.158
254.309
253.659
252.511
252.468
252.279
251.932
250.898
250.609
249.89
248.807
248.445
247.504
246.755
245.814
244.653
243.51
242.764
241.475
240.15
238.21
236.244
234.055
231.291
228.1
223.881
219.427
213.647
206.832
199.703
192.471
185.14
178.878
174.261
173.986
176.548
182.97
190.54
200.339
213.307
227.191
245.941
266.466
289.619
316.318
343.451
373.077
402.491
432.372
466.568
259.945
259.313
258.921
257.614
258.699
258.25
259.065
259.222
259.153
258.65
258.108
256.633
256.447
256.223
257.625
257.465
257.331
258.384
258.349
258.22
258.362
258.533
258.323
258.145
259.605
260.192
260.434
261.284
260.915
260.67
259.251
259.567
259.543
260.17
260.045
259.691
259.566
258.334
258.037
257.203
256.823
256.506
256.059
255.398
255.509
255.281
255.797
255.584
255.203
254.659
254.266
253.988
252.889
253.146
253.377
253.23
252.711
252.083
251.735
250.924
250.593
249.796
249.019
248.079
247.17
245.951
244.652
243.175
242.199
240.622
238.928
237.533
235.493
232.792
229.666
224.79
219.656
212.484
204.596
196.506
188.199
181.82
176.957
175.072
175.304
178.49
184.042
191.023
201.884
212.684
228.084
245.278
266.386
290.089
315.771
343.961
372.715
402.745
432.487
466.547
)
;
    }
    frontAndBack_1
    {
        type            empty;
    }
    inlet_1
    {
        type            fixedValue;
        value           uniform 14.855;
    }
    outlet_1
    {
        type            zeroGradient;
    }
    fixedWalls_2
    {
        Cmu             0.09;
        kappa           0.41;
        E               9.8;
        type            epsilonWallFunction;
        value           nonuniform List<scalar> 
200
(
694.82
688.021
691.07
692.201
684.608
690.399
694.027
693.811
693.201
686.644
692.207
687.862
695.185
695.478
698.335
706.429
705.365
703.543
703.185
695.824
695.418
694.824
693.045
687.053
686.339
684.634
679.394
683.88
686.582
684.567
681.929
678.695
685.262
684.374
681.808
678.181
676.348
676.786
672.925
675.807
675.257
673.763
671.918
669.912
665.88
670.017
669.065
665.358
663.589
661.413
658.833
654.001
652.603
649.582
647.732
645.387
644.425
643.033
641.826
639.676
638.005
633.467
628.623
620.683
617.113
611.393
607.344
600.223
593.651
591.324
587.243
577.947
563.633
542.028
525.65
502.14
480.953
455.225
434.634
411.802
388.528
362.467
335.695
312.016
294.88
290.091
294.543
309.122
321.85
332.322
346.836
361.571
376.116
394.08
408.208
424.305
436.956
450.761
461.437
471.109
694.893
689.137
693.027
690.9
685.865
683.953
684.063
682.999
681.456
674.146
673.976
673.958
676.194
682.854
683.818
684.028
678.679
686.653
684.476
682.416
676.348
680.122
683.46
681.845
687.318
685.502
684.889
678.758
682.512
680.365
677.915
671.682
675.351
669.588
675.556
675.172
669.122
674.232
671.025
678.157
680.395
678.124
676.968
671.819
672.284
670.635
669.406
666.67
662.075
661.187
659.049
657.783
653.565
652.003
648.469
644.865
639.276
632.343
625.738
617.638
612.407
605.742
599.604
593.62
587.85
583.3
578.882
576.953
568.92
561.524
554.693
545.547
535.765
518.954
496.445
476.646
455.063
436.213
418.634
400.356
378.262
355.057
328.519
306.014
297.088
295.452
297.742
309.11
319.988
330.446
350.256
360.299
378.394
393.303
407.38
424.849
436.333
450.835
460.87
471.435
)
;
    }
    frontAndBack_2
    {
        type            empty;
    }
    inlet_2
    {
        type            fixedValue;
        value           uniform 14.855;
    }
    outlet_2
    {
        type            zeroGradient;
    }
    fixedWalls_3
    {
        Cmu             0.09;
        kappa           0.41;
        E               9.8;
        type            epsilonWallFunction;
        value           nonuniform List<scalar> 
200
(
1226.76
1225.94
1226.06
1231.71
1226.6
1230.21
1232.23
1231.04
1226.8
1233.31
1231.7
1226.05
1233.1
1231.22
1228.14
1225.7
1230.25
1226.34
1231.93
1230.07
1226.85
1227.11
1223.68
1226.23
1219.49
1216.08
1213.86
1210.59
1211.89
1208.19
1210.78
1209.58
1213.63
1214.78
1217.91
1218.84
1217.15
1217.37
1219.74
1219.14
1216.77
1214.52
1213.65
1211.42
1209.26
1207.54
1204.39
1191.07
1187.66
1183.39
1179.24
1175.28
1168.37
1163.62
1154.57
1149.11
1144.16
1134.38
1115.87
1112.17
1109.99
1107.76
1102.57
1091.87
1078.98
1063.87
1044.34
1025.43
1001.66
980.802
957.571
942.082
920.369
886.776
861.221
829.083
814.208
786.75
752.452
725.168
681.548
639.909
596.673
566.702
527.06
494.446
495.084
438.126
395.87
387.982
394.594
411.572
419.155
432.795
440.017
450.816
457.311
463.787
468.897
473.432
1193.93
1191.01
1188.53
1180.52
1181.26
1175.93
1174.58
1175.52
1173.37
1175.63
1172.09
1176.54
1180.71
1186.98
1185.22
1182.6
1186.53
1184.68
1181.77
1188.72
1189.76
1193.75
1197.19
1202.28
1198.43
1202.45
1203.08
1203.3
1205.46
1206.28
1204.2
1202.05
1199.41
1197.25
1191.81
1190.06
1187.66
1184.23
1181.02
1178.07
1180.97
1177.74
1175.9
1171.61
1169.26
1166.15
1163.95
1160.26
1158.39
1154.09
1150.72
1144.32
1139.33
1138.31
1136.71
1134.85
1131.73
1128.4
1127.08
1125.81
1125.84
1126.55
1116.18
1096.93
1088.1
1085.64
1075.83
1066.36
1062.24
1033.59
1009.58
996.577
972.745
945.147
927.001
880.323
871.703
843.393
794.571
728.438
658.735
606.247
550.953
502.59
446.811
409.729
397.363
399.477
387.67
394.185
394.585
410.685
418.521
432.866
440.418
449.882
457.504
463.461
468.578
473.622
)
;
    }
    frontAndBack_3
    {
        type            empty;
    }
    inlet_3
    {
        type            fixedValue;
        value           uniform 14.855;
    }
    outlet_3
    {
        type            zeroGradient;
    }
    fixedWalls_4
    {
        Cmu             0.09;
        kappa           0.41;
        E               9.8;
        type            epsilonWallFunction;
        value           nonuniform List<scalar> 
200
(
690.813
684.609
690.617
689.36
687.009
685.989
678.889
681.181
680.713
684.638
691.512
691.603
692.246
692.93
693.007
693.093
692.589
690.409
698.052
701.458
696.408
699.013
697.028
691.251
691.468
688.543
689.32
690.921
694.642
691.254
699.514
700.099
698.813
697.12
691.82
696.359
690.537
689.789
686.537
686.284
685.057
680.5
681.234
676.198
678.674
677.265
674.036
671.461
665.716
664.185
660.094
658.254
654.377
651.263
647.792
645.004
640.89
637.733
633.682
627.691
623.227
617.049
613.849
610.341
605.664
600.249
593.917
585.162
576.895
573.419
564.839
548.912
533.451
517.456
509.031
492.71
476.788
460.924
440.184
417.999
393.663
369.104
348.339
337.129
328.423
310.33
301.54
304.295
317.811
328.878
348.019
360.165
379.657
391.548
409.379
423.856
437.19
450.8
461.237
471.212
680.842
678.546
676.699
669.809
675.309
678.496
678.275
674.267
680.12
680.9
689.014
688.966
686.321
693.533
686.166
691.387
695.931
695.855
696.056
695.464
693.516
689.395
694.093
691.032
688.788
682.367
683.243
680.75
678.465
677.335
672.128
671.838
669.279
667.026
664.924
663.497
662.495
661.978
662.417
663.88
663.428
661.925
658.192
662.75
656.964
661.304
662.817
661.457
658.978
653.439
654.502
653.624
648.744
646.55
644.373
640.333
636.141
629.09
622.214
615.039
605.599
600.292
596.553
594.622
590.125
588.074
582.571
577.814
571.957
567.6
560.022
549.609
539.273
532.126
520.7
505.865
491.831
470.876
445.844
415.992
379.495
341.478
325.521
316.464
298.808
295
302.504
306.09
320.404
331.41
349.496
359.546
377.414
393.735
408.323
424.317
437.086
450.738
461.442
471.115
)
;
    }
    frontAndBack_4
    {
        type            empty;
    }
    inlet_4
    {
        type            fixedValue;
        value           uniform 14.855;
    }
    outlet_4
    {
        type            zeroGradient;
    }
    fixedWalls_5
    {
        Cmu             0.09;
        kappa           0.41;
        E               9.8;
        type            epsilonWallFunction;
        value           nonuniform List<scalar> 
200
(
259.745
259.515
259.82
259.794
261.349
261.168
262.369
262.545
262.433
261.222
262.038
262.569
262.213
261.859
260.504
261.088
261.546
261.311
262.94
262.904
262.917
262.708
261.197
261.298
260.817
260.272
260.11
260.781
260.903
260.872
260.788
260.695
261.155
260.186
260.594
260.293
259.224
259.123
258.36
258.439
258.688
259.102
258.209
258.709
257.441
257.292
256.971
256.888
256.478
256.128
255.466
254.781
254.677
254.31
254.303
253.922
253.003
252.18
251.566
250.601
249.915
249.428
248.813
248.214
247.668
246.993
245.912
244.787
243.823
242.335
240.74
238.588
235.656
232.059
227.456
222.966
217.42
211.072
203.526
196.522
188.946
182.308
175.948
172.541
172.335
175.328
180.182
187.953
199.134
210.914
227.191
245.348
266.679
290.145
316.188
343.983
372.676
402.895
432.397
466.57
260.763
260.376
260.025
261.083
261.471
260.607
260.186
259.67
259.7
259.807
259.88
260.633
260.217
259.71
260.259
260.316
259.518
259.557
259.691
259.839
259.976
260.044
260.231
261.194
260.469
261.258
261.026
260.276
261.258
261.436
261.501
260.621
260.709
260.127
259.575
259.249
258.798
258.564
258.361
257.371
257.146
256.579
256.598
257.068
256.609
257.07
256.789
256.488
256.022
255.654
255.296
254.862
253.805
252.859
252.338
251.807
251.857
251.665
251.932
251.03
251.155
250.056
249.701
248.647
248.13
247.029
246.144
245.647
244.511
243.305
241.948
240.878
238.377
235.609
231.493
227.183
220.996
213.565
205.539
196.39
187.994
180.122
174.086
170.95
171.069
174.817
182.935
191.014
201.696
212.606
228.393
245.504
266.361
289.961
316.051
343.716
373.314
402.391
433.064
466.377
)
;
    }
    frontAndBack_5
    {
        type            empty;
    }
    inlet_5
    {
        type            fixedValue;
        value           uniform 14.855;
    }
    outlet_5
    {
        type            zeroGradient;
    }
}


// ************************************************************************* //
