/*--------------------------------*- C++ -*----------------------------------*\
  =========                 |
  \\      /  F ield         | OpenFOAM: The Open Source CFD Toolbox
   \\    /   O peration     | Website:  https://openfoam.org
    \\  /    A nd           | Version:  6
     \\/     M anipulation  |
\*---------------------------------------------------------------------------*/
FoamFile
{
    version     2.0;
    format      ascii;
    class       volScalarField;
    location    "18";
    object      k;
}
// * * * * * * * * * * * * * * * * * * * * * * * * * * * * * * * * * * * * * //

dimensions      [0 2 -2 0 0 0 0];

internalField   nonuniform List<scalar> 
10000
(
0.20265
0.517578
0.464833
0.406736
0.366297
0.344276
0.333782
0.329714
0.32882
0.329369
0.330451
0.332079
0.334992
0.341218
0.353309
0.375943
0.414659
0.468836
0.518702
0.204163
0.202216
0.517169
0.464142
0.406132
0.366311
0.345252
0.335301
0.331528
0.330251
0.331083
0.332642
0.334077
0.33593
0.341876
0.35372
0.376018
0.414177
0.468278
0.517515
0.203017
0.20195
0.516867
0.466337
0.407922
0.367079
0.344513
0.333762
0.329895
0.329787
0.33132
0.332322
0.333941
0.336877
0.343024
0.354259
0.376736
0.415466
0.466783
0.518011
0.20363
0.203374
0.520289
0.468454
0.409491
0.367606
0.344532
0.333505
0.329534
0.329729
0.330579
0.331305
0.332883
0.335646
0.341529
0.353727
0.376675
0.415678
0.468467
0.518477
0.203982
0.204277
0.521639
0.468322
0.409221
0.367604
0.344581
0.333522
0.329396
0.327946
0.328911
0.332012
0.33414
0.336963
0.341493
0.35423
0.376634
0.415611
0.470064
0.519286
0.203936
0.202946
0.521242
0.468076
0.407528
0.366869
0.344694
0.33359
0.330339
0.327636
0.328082
0.329444
0.331672
0.335685
0.341227
0.353729
0.376421
0.415229
0.470217
0.519367
0.203796
0.203663
0.521242
0.467631
0.408121
0.366638
0.34361
0.332524
0.328324
0.327306
0.327696
0.328991
0.331116
0.334743
0.341272
0.353661
0.376098
0.414483
0.469268
0.518648
0.203443
0.202621
0.520513
0.467196
0.406547
0.366418
0.343645
0.332554
0.328281
0.327318
0.32768
0.329068
0.331297
0.335113
0.342459
0.353877
0.375998
0.413973
0.468829
0.517082
0.203274
0.203258
0.520218
0.465178
0.406508
0.366418
0.34369
0.332673
0.328159
0.327305
0.327932
0.329328
0.331602
0.336255
0.341879
0.353157
0.375608
0.413135
0.46647
0.517264
0.202512
0.202813
0.519908
0.466292
0.406276
0.366459
0.344376
0.332985
0.328419
0.328863
0.328284
0.330663
0.332644
0.335755
0.340891
0.353243
0.375271
0.412496
0.466064
0.515938
0.202173
0.202166
0.519461
0.466202
0.406149
0.366572
0.344153
0.333864
0.328354
0.327944
0.328735
0.328747
0.330537
0.334823
0.340962
0.352263
0.374432
0.410196
0.46554
0.515766
0.201949
0.203054
0.519123
0.464474
0.406458
0.366657
0.343954
0.332872
0.328083
0.326656
0.32701
0.328105
0.329784
0.333541
0.340159
0.352035
0.374009
0.410584
0.464133
0.516181
0.201984
0.202124
0.517635
0.465863
0.405458
0.36669
0.344882
0.33442
0.328775
0.327038
0.327307
0.32845
0.32991
0.33297
0.339204
0.351416
0.373665
0.411617
0.466218
0.517183
0.20174
0.20258
0.517894
0.466267
0.406349
0.366573
0.344959
0.334487
0.329232
0.327535
0.327634
0.329993
0.330402
0.333228
0.339455
0.352029
0.373496
0.410837
0.46751
0.517307
0.202628
0.202443
0.518121
0.466893
0.407485
0.36701
0.345387
0.334997
0.331153
0.329573
0.327988
0.328569
0.331272
0.333373
0.340296
0.351464
0.373426
0.412802
0.467596
0.516284
0.202657
0.202327
0.518104
0.466848
0.407042
0.366641
0.345498
0.334332
0.330061
0.329484
0.329311
0.328763
0.330169
0.333246
0.339709
0.351627
0.373671
0.412933
0.467062
0.517644
0.202412
0.202
0.517758
0.467014
0.405724
0.367018
0.345896
0.334614
0.331276
0.329588
0.328614
0.329055
0.33049
0.333417
0.339213
0.351085
0.373199
0.413029
0.469142
0.517893
0.203246
0.20297
0.517804
0.467331
0.407177
0.367682
0.346432
0.334797
0.330026
0.328763
0.329988
0.32947
0.330855
0.335026
0.340532
0.351443
0.373724
0.412569
0.468402
0.516727
0.20315
0.203782
0.520264
0.468343
0.408785
0.368591
0.346722
0.335215
0.330373
0.328903
0.329774
0.330669
0.331103
0.334727
0.340067
0.351428
0.373471
0.41128
0.467529
0.517559
0.202821
0.204236
0.521208
0.469808
0.41066
0.36957
0.347282
0.335948
0.332228
0.330366
0.328915
0.329305
0.330835
0.334422
0.33958
0.351797
0.374437
0.413306
0.469805
0.518694
0.203367
0.202978
0.519928
0.469521
0.409612
0.369621
0.347561
0.336195
0.33211
0.330229
0.328948
0.329314
0.331889
0.333802
0.339466
0.35151
0.374353
0.413753
0.469992
0.519135
0.203166
0.203528
0.519598
0.469587
0.411387
0.369859
0.348103
0.33675
0.33199
0.329922
0.330242
0.329579
0.330966
0.333789
0.339642
0.351672
0.37414
0.413684
0.470061
0.518899
0.203711
0.202724
0.519971
0.469717
0.411576
0.369593
0.34836
0.338068
0.333831
0.330247
0.329331
0.329805
0.331484
0.335062
0.339899
0.352409
0.375099
0.415051
0.470471
0.518582
0.203092
0.203402
0.519787
0.469755
0.411704
0.370176
0.348011
0.336813
0.332844
0.33121
0.329777
0.330441
0.332633
0.334182
0.339883
0.352324
0.375033
0.414797
0.470299
0.518306
0.203994
0.202604
0.519233
0.469702
0.411777
0.370619
0.34869
0.336892
0.331716
0.329759
0.329351
0.329863
0.331198
0.334069
0.340045
0.35227
0.37498
0.414747
0.470212
0.519013
0.203804
0.203415
0.518511
0.469789
0.411783
0.37114
0.348503
0.33816
0.333255
0.331431
0.331304
0.331955
0.332135
0.334659
0.340555
0.352549
0.375114
0.413491
0.468768
0.518748
0.204167
0.204047
0.52025
0.469817
0.41179
0.370894
0.348328
0.337048
0.331912
0.330036
0.330112
0.331605
0.333184
0.33514
0.341735
0.353376
0.375783
0.414459
0.469747
0.518932
0.204477
0.203906
0.519139
0.469607
0.411822
0.371252
0.348444
0.337201
0.33202
0.33013
0.331284
0.331377
0.332857
0.336073
0.341368
0.353032
0.375391
0.415141
0.470616
0.520312
0.205033
0.203964
0.520396
0.469339
0.411464
0.371185
0.348681
0.338298
0.333627
0.330383
0.330654
0.3301
0.331737
0.33523
0.342011
0.353422
0.37575
0.414914
0.470203
0.519337
0.204215
0.204305
0.520449
0.469116
0.411489
0.371472
0.348997
0.337045
0.33268
0.331023
0.329834
0.329698
0.331604
0.335821
0.34081
0.352864
0.375429
0.414391
0.468556
0.5192
0.204389
0.203683
0.519276
0.467597
0.410202
0.371216
0.348314
0.336773
0.331237
0.329504
0.330729
0.329739
0.331516
0.334321
0.34044
0.353231
0.375024
0.412763
0.469078
0.519082
0.204369
0.204067
0.520246
0.468768
0.411716
0.371443
0.34852
0.337386
0.331126
0.328999
0.329103
0.329446
0.332784
0.33524
0.341031
0.35267
0.374471
0.412908
0.468934
0.518497
0.20442
0.203923
0.520021
0.468389
0.411672
0.371601
0.34853
0.336641
0.331373
0.329158
0.328493
0.328789
0.330675
0.332905
0.339065
0.351653
0.373551
0.410693
0.468442
0.51933
0.204448
0.203148
0.518406
0.466443
0.410291
0.371289
0.349166
0.337022
0.332037
0.3308
0.330062
0.329092
0.329939
0.332172
0.338488
0.352131
0.373268
0.410749
0.468159
0.519003
0.204312
0.20351
0.51877
0.466849
0.411086
0.371249
0.348626
0.337864
0.333126
0.329538
0.328782
0.329312
0.331112
0.332149
0.337819
0.35093
0.372308
0.409655
0.466214
0.518529
0.203421
0.202989
0.518441
0.466229
0.41093
0.371052
0.348564
0.33678
0.331721
0.329363
0.328795
0.330145
0.32977
0.33182
0.337355
0.349874
0.371677
0.40932
0.466541
0.518166
0.20342
0.203571
0.518931
0.466801
0.410365
0.370826
0.348284
0.337789
0.333605
0.331072
0.32928
0.329034
0.329617
0.331763
0.337069
0.348839
0.371026
0.408884
0.465987
0.517717
0.202768
0.203396
0.518819
0.465687
0.409914
0.370489
0.348514
0.336604
0.332821
0.330094
0.329898
0.330734
0.331611
0.333524
0.338199
0.349532
0.370992
0.409436
0.465352
0.5161
0.20217
0.203974
0.517772
0.466864
0.4097
0.370201
0.34776
0.336465
0.33183
0.329929
0.331217
0.329901
0.330776
0.332635
0.337038
0.348948
0.370735
0.408931
0.464709
0.514911
0.201496
0.203532
0.518245
0.465359
0.409273
0.369871
0.347911
0.337313
0.332903
0.329802
0.330366
0.33055
0.329938
0.331851
0.336935
0.348804
0.370467
0.4082
0.463724
0.514747
0.201147
0.20371
0.518296
0.465009
0.408806
0.369557
0.347182
0.335905
0.331124
0.329281
0.329082
0.329193
0.329871
0.332019
0.337126
0.348409
0.369964
0.407654
0.463366
0.514664
0.201023
0.203062
0.518244
0.464471
0.408297
0.36946
0.347762
0.336112
0.331498
0.329755
0.331069
0.331315
0.331836
0.333806
0.338385
0.347892
0.369421
0.406743
0.462659
0.514979
0.200839
0.202293
0.516836
0.46306
0.406792
0.368941
0.34695
0.336145
0.332586
0.329705
0.330595
0.330504
0.330787
0.332842
0.337687
0.347631
0.369206
0.40651
0.462083
0.51374
0.200758
0.201601
0.515047
0.461512
0.406105
0.368658
0.347308
0.335605
0.331006
0.329213
0.330048
0.329425
0.331554
0.333961
0.339027
0.347574
0.368881
0.405857
0.460453
0.514554
0.201041
0.201141
0.514528
0.461012
0.405229
0.368074
0.346446
0.335712
0.33189
0.329298
0.329136
0.328881
0.329602
0.331939
0.337761
0.347107
0.368435
0.404714
0.460656
0.513346
0.200807
0.200791
0.513803
0.461197
0.404965
0.367866
0.346881
0.335735
0.332022
0.329535
0.330671
0.328983
0.329751
0.331885
0.33682
0.346703
0.368065
0.404016
0.460179
0.513402
0.200674
0.200737
0.513686
0.460532
0.403998
0.367218
0.345796
0.336287
0.330977
0.329274
0.329577
0.329013
0.330994
0.332982
0.335973
0.346469
0.367444
0.403101
0.458257
0.512845
0.200498
0.200412
0.513842
0.458795
0.403388
0.366777
0.34531
0.33525
0.330952
0.329338
0.328896
0.328835
0.329367
0.331184
0.335744
0.346731
0.366852
0.40244
0.457876
0.512268
0.199712
0.200329
0.513582
0.458064
0.402554
0.366065
0.345389
0.335852
0.331693
0.330219
0.331118
0.331247
0.331427
0.331709
0.33581
0.345742
0.36618
0.40186
0.457136
0.511983
0.19961
0.199694
0.511916
0.456914
0.401848
0.365499
0.345604
0.336205
0.333281
0.330709
0.331096
0.330958
0.331408
0.333125
0.337227
0.346529
0.365919
0.401526
0.456437
0.511408
0.199229
0.199122
0.510997
0.455367
0.400965
0.365455
0.346737
0.336604
0.332522
0.331077
0.331575
0.33071
0.330918
0.332284
0.336217
0.345775
0.365493
0.400875
0.455516
0.510722
0.198908
0.198563
0.510083
0.454286
0.400245
0.365414
0.346983
0.338465
0.334906
0.333345
0.332471
0.331346
0.331367
0.332545
0.336275
0.346369
0.365393
0.400087
0.45434
0.51002
0.198676
0.198039
0.508856
0.45293
0.399289
0.365577
0.347322
0.338828
0.335346
0.333503
0.33282
0.332157
0.332092
0.33311
0.336506
0.345225
0.364643
0.398907
0.453136
0.509414
0.19867
0.197698
0.507839
0.451437
0.398077
0.364855
0.347658
0.339625
0.336346
0.33579
0.33516
0.333321
0.333061
0.333917
0.337007
0.345275
0.363924
0.398148
0.452165
0.509357
0.198178
0.197211
0.507437
0.450429
0.397311
0.364549
0.348347
0.340295
0.336586
0.336148
0.335853
0.335577
0.335855
0.336601
0.339047
0.346371
0.363402
0.397246
0.451119
0.50899
0.19843
0.197015
0.506549
0.449071
0.396513
0.364433
0.348906
0.341932
0.337453
0.33611
0.33554
0.335584
0.336562
0.337018
0.338644
0.345714
0.363395
0.39632
0.449212
0.507454
0.197706
0.196486
0.505644
0.448167
0.395683
0.363868
0.349805
0.343245
0.339945
0.337516
0.336668
0.336672
0.337866
0.338072
0.339276
0.34586
0.362797
0.395484
0.448279
0.50688
0.197286
0.195938
0.504819
0.446826
0.395007
0.363799
0.35032
0.34432
0.341543
0.340664
0.339807
0.339552
0.339561
0.339541
0.341326
0.347063
0.362206
0.394561
0.446958
0.506136
0.196914
0.195644
0.503852
0.445574
0.394135
0.363704
0.350874
0.34535
0.343001
0.3417
0.340663
0.34036
0.340856
0.340707
0.341807
0.346614
0.362135
0.393508
0.445423
0.505098
0.196426
0.19493
0.503012
0.444054
0.393225
0.364017
0.351599
0.346551
0.344503
0.343395
0.343046
0.342939
0.34245
0.342196
0.343148
0.346758
0.361506
0.392386
0.443863
0.503883
0.195879
0.194426
0.502074
0.442556
0.39234
0.363455
0.352112
0.347514
0.345878
0.345326
0.345046
0.344668
0.344047
0.343234
0.343591
0.346934
0.36098
0.391367
0.44262
0.502861
0.195422
0.193968
0.501297
0.441205
0.391409
0.363682
0.352798
0.348619
0.347198
0.346728
0.346422
0.345952
0.345233
0.344335
0.343742
0.347022
0.360116
0.390081
0.440936
0.501554
0.194726
0.193298
0.499984
0.439422
0.390143
0.363057
0.352993
0.349443
0.348292
0.347894
0.347616
0.347177
0.346451
0.345487
0.345162
0.348363
0.359236
0.388825
0.439362
0.500738
0.194168
0.192683
0.498946
0.437714
0.388835
0.362278
0.352525
0.350009
0.34925
0.349041
0.348852
0.348443
0.347734
0.346758
0.345875
0.348247
0.358886
0.387533
0.437495
0.499276
0.193373
0.191947
0.497749
0.435961
0.387359
0.36132
0.351301
0.350456
0.350222
0.350237
0.350156
0.349789
0.34905
0.347947
0.346508
0.347831
0.358714
0.386037
0.435398
0.498271
0.192682
0.191001
0.496043
0.43334
0.385258
0.360246
0.351935
0.35096
0.351133
0.351385
0.35142
0.351094
0.350342
0.349204
0.348004
0.348028
0.359387
0.384337
0.432702
0.495904
0.191522
0.190226
0.494585
0.430901
0.383018
0.358672
0.34967
0.350615
0.35192
0.352575
0.352761
0.352452
0.351615
0.350269
0.348635
0.347974
0.358022
0.382096
0.430102
0.494497
0.190598
0.189467
0.493077
0.428145
0.380037
0.356742
0.349304
0.349895
0.352691
0.3538
0.354129
0.353811
0.352847
0.35126
0.349298
0.347843
0.356951
0.379852
0.427276
0.492276
0.189495
0.188297
0.491071
0.424949
0.376712
0.353527
0.34982
0.352032
0.353905
0.355095
0.355496
0.355131
0.35399
0.352072
0.349617
0.347834
0.355471
0.377014
0.424147
0.49068
0.188651
0.187069
0.488987
0.421657
0.373442
0.351737
0.347271
0.350861
0.354337
0.356144
0.356754
0.356396
0.355094
0.352776
0.349507
0.34863
0.353625
0.373631
0.42055
0.487983
0.187206
0.18539
0.486262
0.417801
0.370765
0.350989
0.347389
0.350163
0.355108
0.357376
0.358109
0.357712
0.356222
0.353422
0.348608
0.346955
0.350801
0.369496
0.416616
0.485649
0.185946
0.183658
0.483208
0.413634
0.371145
0.351074
0.349402
0.352543
0.356609
0.358806
0.359574
0.359158
0.357548
0.35456
0.350105
0.345869
0.347595
0.365171
0.412856
0.483318
0.184558
0.181588
0.479645
0.408248
0.365807
0.350618
0.348338
0.352045
0.357457
0.360076
0.361016
0.360631
0.358901
0.35546
0.349385
0.344573
0.345424
0.362417
0.408655
0.480263
0.182526
0.179006
0.475192
0.403069
0.362912
0.348277
0.34698
0.352572
0.358258
0.361212
0.36239
0.362113
0.360435
0.357127
0.351198
0.345434
0.345464
0.36146
0.40402
0.476249
0.179965
0.175979
0.469849
0.396929
0.358913
0.347558
0.34752
0.351117
0.358361
0.361989
0.363542
0.363385
0.361686
0.358377
0.353201
0.346051
0.346157
0.359009
0.398268
0.471491
0.176824
0.172214
0.463154
0.389904
0.354255
0.344078
0.3449
0.350393
0.357956
0.362093
0.364205
0.364216
0.362513
0.359071
0.353671
0.346475
0.344096
0.354838
0.391797
0.464969
0.172492
0.168128
0.455765
0.382386
0.349742
0.341531
0.344598
0.350306
0.356605
0.360957
0.363933
0.364231
0.362499
0.358885
0.353375
0.346481
0.34184
0.351026
0.384514
0.457795
0.167884
0.163002
0.446507
0.373854
0.344806
0.33826
0.342807
0.35037
0.358168
0.362354
0.363305
0.363199
0.361327
0.357527
0.351832
0.34472
0.339359
0.346814
0.376077
0.448059
0.16184
0.157477
0.435838
0.365147
0.340486
0.336279
0.342952
0.350749
0.356832
0.361003
0.364331
0.364953
0.363331
0.359718
0.354285
0.347017
0.339283
0.342566
0.367113
0.436997
0.155792
0.151932
0.424493
0.356683
0.336613
0.336721
0.345801
0.351948
0.35783
0.361359
0.363377
0.363731
0.361977
0.358329
0.352788
0.345683
0.339469
0.338434
0.358152
0.42475
0.149709
0.146514
0.412619
0.348935
0.333404
0.337409
0.34726
0.354838
0.359411
0.363834
0.365648
0.365112
0.364462
0.361353
0.356186
0.348971
0.340212
0.335282
0.349575
0.411302
0.144037
0.141491
0.400168
0.342587
0.331639
0.338423
0.348862
0.355941
0.361695
0.364686
0.366121
0.365701
0.364926
0.361857
0.356918
0.350167
0.3399
0.332969
0.342395
0.398497
0.139951
0.137792
0.387983
0.338025
0.332186
0.342002
0.351545
0.358337
0.3626
0.364787
0.366143
0.366189
0.364984
0.362468
0.359208
0.352914
0.343796
0.333407
0.33733
0.385945
0.137447
0.136597
0.374571
0.333967
0.33509
0.345148
0.353459
0.359263
0.36341
0.36538
0.366618
0.366621
0.365502
0.363167
0.360013
0.354442
0.345902
0.336164
0.3349
0.374739
0.137015
0.136892
0.364222
0.333091
0.33662
0.347114
0.354544
0.359706
0.364122
0.366102
0.367324
0.367886
0.366309
0.364008
0.361033
0.356074
0.348979
0.339145
0.334234
0.364934
0.137508
0.13931
0.355686
0.333202
0.339989
0.34972
0.356476
0.360609
0.364168
0.366943
0.367514
0.367516
0.366443
0.36443
0.361799
0.357394
0.350857
0.341148
0.334104
0.356398
0.140506
0.144419
0.349399
0.334499
0.342947
0.352049
0.357833
0.361665
0.365144
0.367007
0.367705
0.368133
0.366806
0.364974
0.362306
0.358969
0.353333
0.344379
0.335205
0.34941
0.144703
0.149964
0.343465
0.33691
0.346771
0.354952
0.359883
0.362469
0.364845
0.366879
0.367816
0.367908
0.367251
0.365527
0.363953
0.360785
0.355636
0.347237
0.33693
0.343313
0.150318
0.157509
0.33788
0.338852
0.34997
0.357496
0.361707
0.364218
0.365795
0.366789
0.36723
0.367263
0.366833
0.365684
0.36452
0.362106
0.357953
0.350716
0.339729
0.338118
0.158097
0.166985
0.334363
0.343074
0.354521
0.360649
0.363542
0.365121
0.365807
0.36641
0.366632
0.366664
0.366498
0.366013
0.36538
0.363867
0.360658
0.354411
0.343
0.33448
0.166592
0.177913
0.332979
0.348062
0.359009
0.363886
0.365776
0.366375
0.366331
0.366442
0.366511
0.366541
0.366515
0.366375
0.366354
0.365814
0.363989
0.359191
0.348316
0.333055
0.178388
0.192124
0.333481
0.354894
0.364398
0.367499
0.368136
0.367926
0.3675
0.367033
0.36686
0.366866
0.367039
0.367469
0.367839
0.368067
0.36744
0.364307
0.354755
0.333377
0.191587
0.207938
0.339888
0.363509
0.370122
0.371105
0.370453
0.369478
0.368625
0.368063
0.367788
0.367798
0.368102
0.368695
0.369529
0.370447
0.371103
0.37019
0.363675
0.340007
0.208122
0.226171
0.34947
0.373293
0.375983
0.374577
0.37262
0.370958
0.369742
0.368961
0.368579
0.368566
0.368924
0.369669
0.370859
0.372514
0.374495
0.375964
0.37336
0.349773
0.226289
0.246795
0.365433
0.384441
0.381605
0.377484
0.374248
0.372012
0.370555
0.369678
0.369268
0.369267
0.369678
0.370553
0.372012
0.374253
0.377512
0.381677
0.384466
0.365249
0.246508
0.268185
0.385635
0.395675
0.386247
0.379386
0.375277
0.37276
0.371234
0.37036
0.369963
0.36996
0.370353
0.371219
0.372735
0.375246
0.379349
0.386214
0.395789
0.385974
0.26851
0.291516
0.41147
0.405199
0.388456
0.380079
0.375697
0.373257
0.371856
0.371096
0.370766
0.370765
0.371096
0.371853
0.373245
0.375686
0.380062
0.388463
0.40522
0.411287
0.29121
0.314342
0.435035
0.409287
0.38892
0.380065
0.375769
0.373597
0.372484
0.371938
0.371718
0.37172
0.371942
0.372493
0.373597
0.375768
0.38005
0.388916
0.409287
0.435023
0.314576
0.337891
0.445037
0.407016
0.385676
0.378068
0.375039
0.373756
0.373188
0.37295
0.372866
0.372868
0.372957
0.3732
0.373767
0.375047
0.378071
0.385667
0.407001
0.445009
0.337879
0.364465
0.421687
0.386499
0.377501
0.375372
0.374622
0.374346
0.374271
0.374254
0.374252
0.374252
0.374254
0.374271
0.374345
0.374623
0.375372
0.377503
0.386501
0.421713
0.364476
0.552268
1.11406
0.933984
0.744118
0.602179
0.512797
0.462434
0.435426
0.421319
0.414759
0.413795
0.418692
0.431692
0.457864
0.507302
0.595008
0.736027
0.925801
1.10224
0.549785
0.550345
1.11336
0.925449
0.737441
0.601293
0.512626
0.462585
0.435716
0.421683
0.415241
0.414027
0.418829
0.431826
0.457207
0.506242
0.589664
0.727448
0.915295
1.09756
0.547413
0.547856
1.11414
0.935966
0.744471
0.601184
0.512536
0.462559
0.436104
0.422332
0.41511
0.414121
0.418915
0.431591
0.456987
0.505543
0.59061
0.729239
0.918315
1.09432
0.54589
0.551434
1.1129
0.934841
0.744532
0.599497
0.512082
0.462587
0.435623
0.421836
0.415474
0.414364
0.419333
0.431767
0.456582
0.50321
0.590512
0.726832
0.918236
1.09132
0.540143
0.548681
1.1018
0.922566
0.735795
0.593739
0.510131
0.462659
0.4357
0.421388
0.414958
0.414691
0.419053
0.431462
0.456179
0.503307
0.586929
0.726874
0.923117
1.09233
0.540304
0.545068
1.10897
0.927634
0.741655
0.599954
0.512621
0.463107
0.43593
0.421607
0.415089
0.414564
0.419293
0.431228
0.455821
0.501708
0.590172
0.727658
0.920935
1.094
0.540674
0.550214
1.10936
0.92255
0.739236
0.603951
0.513777
0.463294
0.436576
0.421882
0.415654
0.414456
0.419008
0.430952
0.455596
0.501394
0.588401
0.730469
0.908895
1.08651
0.539105
0.545061
1.10749
0.9189
0.736125
0.603669
0.51228
0.46352
0.436898
0.422406
0.415391
0.414171
0.418829
0.43097
0.455535
0.501011
0.582995
0.73008
0.914175
1.0958
0.53636
0.549338
1.10711
0.926993
0.745466
0.604353
0.514279
0.464096
0.437294
0.422466
0.415193
0.413861
0.418602
0.430837
0.455436
0.501823
0.584741
0.728648
0.916065
1.08843
0.537553
0.551917
1.10079
0.934617
0.740368
0.60045
0.513688
0.464728
0.437888
0.422683
0.415002
0.4136
0.418462
0.430661
0.455417
0.503
0.586983
0.727325
0.910201
1.08923
0.539668
0.552581
1.09987
0.927791
0.750008
0.605606
0.512703
0.465024
0.438167
0.422771
0.415238
0.413985
0.418199
0.430442
0.455227
0.501565
0.583134
0.719678
0.921549
1.09005
0.538587
0.552381
1.11216
0.937
0.750786
0.605325
0.514221
0.465502
0.438203
0.423208
0.415715
0.413876
0.41791
0.430265
0.455508
0.504156
0.589527
0.726539
0.920248
1.09418
0.539133
0.552177
1.11425
0.935568
0.748891
0.604088
0.513434
0.465341
0.437772
0.42275
0.415204
0.413652
0.418063
0.430294
0.455503
0.503533
0.588827
0.719422
0.91852
1.08813
0.53565
0.547477
1.11416
0.9325
0.74755
0.603323
0.51446
0.465412
0.437968
0.4222
0.414658
0.413154
0.41767
0.430064
0.45512
0.502904
0.589083
0.729956
0.91058
1.09934
0.54357
0.555546
1.11674
0.923282
0.745069
0.601221
0.514086
0.464606
0.437006
0.422188
0.414627
0.413079
0.417834
0.429898
0.454521
0.500232
0.584016
0.727721
0.91089
1.09835
0.542139
0.558456
1.11185
0.933765
0.743316
0.597833
0.512578
0.464302
0.436903
0.422153
0.414719
0.413034
0.417435
0.429827
0.454854
0.501851
0.588248
0.725725
0.908357
1.09816
0.543478
0.553632
1.11749
0.938826
0.736143
0.599617
0.512693
0.464254
0.436965
0.42225
0.415099
0.413094
0.417519
0.429825
0.455076
0.502737
0.587313
0.717268
0.909435
1.0981
0.542127
0.554627
1.11394
0.926876
0.739179
0.597781
0.511653
0.463796
0.43594
0.421168
0.414395
0.413126
0.417912
0.429922
0.454654
0.502356
0.586906
0.724767
0.911833
1.09121
0.540958
0.550634
1.11214
0.926442
0.736582
0.595917
0.510819
0.463408
0.435742
0.421072
0.414815
0.413494
0.417832
0.429805
0.454884
0.501745
0.582852
0.718717
0.919225
1.09286
0.536752
0.549669
1.10386
0.92149
0.726313
0.589505
0.509042
0.462643
0.435436
0.420894
0.414194
0.412986
0.417603
0.429508
0.454698
0.500669
0.587417
0.728026
0.920473
1.09539
0.538594
0.544429
1.10546
0.915427
0.725514
0.587931
0.50849
0.461907
0.435286
0.420845
0.414198
0.412974
0.417297
0.429361
0.454668
0.501634
0.581991
0.724516
0.917703
1.09004
0.540704
0.544791
1.10346
0.919798
0.724337
0.586012
0.507691
0.461841
0.43523
0.42083
0.414379
0.413126
0.417586
0.429251
0.454019
0.500465
0.584408
0.722977
0.916586
1.09875
0.539213
0.542241
1.09652
0.9154
0.715519
0.584596
0.506998
0.462006
0.435464
0.42113
0.41513
0.413636
0.417102
0.429148
0.453996
0.501123
0.58601
0.714159
0.904271
1.09595
0.544546
0.541213
1.09955
0.905353
0.716466
0.583545
0.505976
0.460675
0.434271
0.419987
0.414342
0.41305
0.416895
0.429204
0.453612
0.499956
0.586279
0.719574
0.917563
1.0939
0.544092
0.538275
1.10018
0.906988
0.718143
0.582426
0.504911
0.459352
0.434065
0.419972
0.414148
0.412821
0.416833
0.428892
0.45359
0.500156
0.585349
0.712562
0.918051
1.1017
0.543683
0.539592
1.09867
0.911869
0.711313
0.581415
0.504262
0.458215
0.433582
0.41999
0.413768
0.412511
0.417097
0.429066
0.453531
0.500439
0.585061
0.717681
0.910496
1.09273
0.539302
0.541347
1.09439
0.907556
0.718602
0.581688
0.503616
0.457889
0.433591
0.420622
0.413318
0.412394
0.416857
0.428843
0.453011
0.499469
0.581205
0.721798
0.908839
1.09395
0.53962
0.538544
1.10105
0.916274
0.723848
0.581864
0.502431
0.457507
0.432814
0.419673
0.412612
0.412098
0.417364
0.429259
0.452819
0.49785
0.582374
0.71537
0.911365
1.09369
0.540598
0.541383
1.09379
0.91183
0.720998
0.583452
0.501678
0.457274
0.432119
0.419153
0.412554
0.412549
0.417412
0.429139
0.452512
0.497958
0.581442
0.718904
0.910021
1.09568
0.538634
0.536745
1.09827
0.908472
0.719515
0.579819
0.500956
0.456404
0.432369
0.418344
0.412458
0.412242
0.417307
0.428954
0.452217
0.496131
0.577114
0.716534
0.90012
1.09315
0.533725
0.539311
1.09822
0.898941
0.711764
0.581958
0.500557
0.456336
0.431282
0.41824
0.412566
0.41273
0.417404
0.429037
0.452091
0.496572
0.578581
0.714478
0.904217
1.08738
0.535586
0.542019
1.09868
0.905002
0.7128
0.580876
0.500333
0.455573
0.431248
0.418594
0.412879
0.412206
0.416853
0.428452
0.451706
0.494651
0.575917
0.707949
0.897296
1.08962
0.538208
0.540451
1.0959
0.89653
0.710024
0.579768
0.499689
0.454638
0.429931
0.417349
0.412056
0.412664
0.417459
0.428806
0.451779
0.495402
0.577946
0.714906
0.908133
1.08866
0.537979
0.535355
1.09401
0.902503
0.709041
0.578325
0.499237
0.45457
0.429806
0.417342
0.411917
0.411903
0.416538
0.427895
0.451367
0.494985
0.573466
0.707368
0.906427
1.09213
0.536873
0.534496
1.08404
0.898014
0.706734
0.576866
0.498716
0.453759
0.429632
0.417422
0.411993
0.411214
0.415807
0.427797
0.451179
0.49546
0.574211
0.71142
0.906652
1.09227
0.536919
0.533697
1.08486
0.89466
0.705414
0.575954
0.498222
0.453619
0.429653
0.417648
0.412708
0.411348
0.415829
0.42815
0.451121
0.495148
0.573251
0.709695
0.904089
1.08588
0.533323
0.535847
1.07869
0.886646
0.69864
0.574005
0.497212
0.453383
0.42967
0.418297
0.412172
0.41137
0.415742
0.427261
0.45093
0.494692
0.573814
0.706406
0.903957
1.09467
0.538425
0.534789
1.08257
0.882894
0.698007
0.571825
0.496558
0.453027
0.42962
0.418067
0.412444
0.41161
0.415882
0.427182
0.450942
0.494182
0.570722
0.707385
0.9023
1.09624
0.538884
0.533007
1.07482
0.881252
0.696081
0.571359
0.496125
0.452986
0.429683
0.417673
0.413209
0.412218
0.416316
0.426981
0.451056
0.493518
0.572257
0.700594
0.900122
1.09623
0.537948
0.531789
1.07537
0.879745
0.695156
0.569108
0.495699
0.452948
0.42981
0.417613
0.412842
0.411353
0.415266
0.426623
0.450535
0.4929
0.569614
0.704466
0.896767
1.09685
0.53595
0.527635
1.0752
0.878001
0.694925
0.568877
0.495253
0.453035
0.430576
0.417651
0.412587
0.411459
0.415227
0.426403
0.450265
0.492534
0.569702
0.697371
0.888192
1.09517
0.537196
0.527874
1.07371
0.879583
0.692671
0.567309
0.494619
0.453345
0.430202
0.417575
0.411983
0.411791
0.415265
0.42628
0.449758
0.491858
0.568652
0.697465
0.894348
1.09313
0.531731
0.525857
1.0665
0.877108
0.688543
0.565997
0.494232
0.452896
0.431024
0.417721
0.412064
0.411913
0.415689
0.426193
0.449046
0.490963
0.565455
0.693916
0.89123
1.09009
0.532559
0.525564
1.06521
0.874452
0.686159
0.565181
0.493749
0.452137
0.43049
0.417658
0.412282
0.411292
0.415064
0.426009
0.448217
0.490134
0.564191
0.692291
0.887687
1.08339
0.532644
0.526749
1.07037
0.87201
0.686785
0.564411
0.493311
0.45192
0.430205
0.417706
0.411791
0.410833
0.415426
0.426447
0.448251
0.489087
0.562279
0.685147
0.877811
1.08434
0.530965
0.526005
1.06495
0.868482
0.684251
0.563362
0.493063
0.451974
0.42982
0.418367
0.412076
0.410953
0.414821
0.425373
0.44689
0.487659
0.560773
0.684148
0.87751
1.08136
0.524852
0.523007
1.07116
0.866062
0.680593
0.561768
0.492551
0.45246
0.430128
0.417949
0.412633
0.41117
0.414955
0.425191
0.446537
0.486832
0.559401
0.680928
0.871985
1.07853
0.524936
0.520555
1.06209
0.858168
0.675703
0.560766
0.49191
0.451871
0.431035
0.418212
0.412365
0.411754
0.415635
0.42511
0.446334
0.486439
0.557702
0.677808
0.868895
1.07584
0.522085
0.518754
1.06127
0.853873
0.674312
0.559317
0.490999
0.451873
0.430681
0.418415
0.412892
0.411458
0.415003
0.424762
0.446078
0.486337
0.555773
0.674271
0.863464
1.07125
0.520651
0.516205
1.05265
0.849703
0.671858
0.557688
0.489668
0.452425
0.4303
0.419036
0.412786
0.41163
0.415158
0.424575
0.445077
0.483955
0.553268
0.669873
0.858244
1.06832
0.517652
0.513718
1.05039
0.846308
0.669362
0.556327
0.488062
0.452106
0.430347
0.419042
0.413018
0.412393
0.416047
0.424385
0.443437
0.482058
0.550911
0.665836
0.849988
1.06399
0.515302
0.510779
1.0475
0.842583
0.667665
0.555888
0.487736
0.451867
0.430517
0.419117
0.413454
0.412185
0.415848
0.42433
0.442925
0.480698
0.547825
0.662152
0.843626
1.05496
0.513121
0.509589
1.04139
0.838179
0.66545
0.55484
0.487395
0.450893
0.430976
0.418827
0.413185
0.412622
0.415644
0.424353
0.442328
0.479309
0.544434
0.657489
0.836393
1.05274
0.51051
0.507692
1.04611
0.83513
0.663058
0.553539
0.487235
0.451284
0.430188
0.418936
0.413288
0.412502
0.416315
0.425098
0.442004
0.477509
0.540436
0.652666
0.828786
1.05078
0.508622
0.506728
1.04464
0.831201
0.660329
0.551827
0.486416
0.44982
0.430396
0.419799
0.413552
0.412356
0.415637
0.423923
0.44161
0.475251
0.537876
0.64817
0.822482
1.04629
0.50519
0.505643
1.04491
0.828097
0.658218
0.550162
0.485361
0.450474
0.431423
0.42004
0.413748
0.412137
0.415161
0.424101
0.442066
0.475083
0.536515
0.64264
0.814425
1.04047
0.501496
0.504509
1.04263
0.824026
0.654866
0.547599
0.483365
0.449411
0.431075
0.420455
0.414344
0.411974
0.414351
0.421952
0.438685
0.472626
0.534
0.636745
0.807651
1.0315
0.495764
0.503369
1.04037
0.820915
0.652043
0.545239
0.480846
0.450098
0.43093
0.4206
0.414552
0.412345
0.41376
0.420392
0.436038
0.46853
0.528229
0.630913
0.801321
1.0269
0.490688
0.501435
1.03118
0.815692
0.648086
0.54253
0.479613
0.448757
0.430063
0.420611
0.414876
0.412616
0.413338
0.419428
0.434477
0.466554
0.524284
0.625148
0.794304
1.01844
0.485159
0.499549
1.02932
0.812452
0.644238
0.538372
0.478367
0.447141
0.429821
0.420972
0.415229
0.412901
0.413527
0.419922
0.434269
0.464569
0.51992
0.619057
0.785725
1.0094
0.479396
0.496973
1.02385
0.807096
0.640205
0.535854
0.478573
0.447637
0.429892
0.421243
0.41559
0.413165
0.413547
0.418885
0.433501
0.461297
0.515287
0.613357
0.778214
0.999984
0.475288
0.491849
1.01256
0.800748
0.635603
0.530643
0.474015
0.445026
0.429698
0.42146
0.415955
0.413561
0.414129
0.417857
0.430957
0.458181
0.511519
0.607337
0.769666
0.990754
0.469683
0.487762
1.00783
0.795017
0.631024
0.529258
0.474074
0.445758
0.430545
0.421851
0.416362
0.413937
0.414257
0.417537
0.428882
0.453177
0.505369
0.599053
0.761565
0.986161
0.465571
0.482523
0.998807
0.787651
0.625804
0.522766
0.470387
0.443591
0.429535
0.421883
0.416729
0.414358
0.414419
0.417384
0.426397
0.448903
0.498818
0.590886
0.752374
0.980974
0.461114
0.479588
0.992323
0.781868
0.620813
0.521205
0.469829
0.443346
0.429507
0.422283
0.417177
0.41486
0.415185
0.418317
0.426189
0.448994
0.491639
0.581866
0.742197
0.975123
0.457277
0.474856
0.98497
0.773874
0.615863
0.519725
0.469361
0.443119
0.429576
0.422565
0.417629
0.415289
0.415265
0.417298
0.425552
0.440659
0.482119
0.57178
0.731761
0.96869
0.453849
0.471491
0.981356
0.766372
0.614864
0.519069
0.469103
0.44291
0.42966
0.423
0.418203
0.415825
0.415683
0.417278
0.423512
0.438142
0.478055
0.56258
0.723142
0.964234
0.450887
0.466113
0.976112
0.756515
0.602345
0.518389
0.469137
0.442828
0.42979
0.423307
0.418703
0.416273
0.415616
0.417715
0.424113
0.437939
0.477276
0.556809
0.716418
0.960296
0.447818
0.46302
0.971908
0.747349
0.595739
0.511732
0.465692
0.440244
0.430118
0.423581
0.419078
0.416597
0.415724
0.418627
0.425763
0.437963
0.468718
0.551055
0.708754
0.953037
0.440872
0.460193
0.968522
0.73625
0.584287
0.50466
0.462335
0.439254
0.429396
0.423483
0.419376
0.41691
0.415706
0.417012
0.423509
0.43485
0.463937
0.546328
0.699706
0.947941
0.435679
0.453964
0.961618
0.724037
0.574894
0.497351
0.457811
0.438416
0.429724
0.423744
0.419667
0.417238
0.415993
0.416895
0.421583
0.4357
0.462263
0.539177
0.687884
0.938716
0.428941
0.443892
0.951785
0.709988
0.564655
0.48975
0.45659
0.438092
0.42985
0.423258
0.419792
0.417516
0.416313
0.417086
0.421396
0.43409
0.461038
0.529926
0.674562
0.927396
0.420146
0.430282
0.937484
0.693056
0.554125
0.484228
0.452335
0.437451
0.428696
0.423149
0.419932
0.417868
0.417207
0.417331
0.421139
0.431605
0.460983
0.519723
0.65959
0.913529
0.409465
0.413632
0.918348
0.67319
0.540633
0.484951
0.453261
0.437919
0.429112
0.423621
0.419904
0.417837
0.416752
0.417519
0.422385
0.427868
0.450837
0.507595
0.642792
0.894416
0.393657
0.398995
0.892823
0.650043
0.52386
0.472316
0.447787
0.438761
0.428161
0.42283
0.419362
0.417685
0.417265
0.417447
0.420957
0.425891
0.44532
0.499086
0.626006
0.872799
0.376623
0.379254
0.862899
0.62527
0.510234
0.462612
0.446351
0.436724
0.427544
0.422772
0.419202
0.417161
0.416656
0.417821
0.4194
0.425344
0.44486
0.489889
0.606422
0.848244
0.36128
0.361835
0.829609
0.597918
0.499465
0.453332
0.441294
0.435292
0.427121
0.423006
0.419169
0.417011
0.416797
0.417044
0.419246
0.424503
0.447031
0.480879
0.586069
0.821174
0.344743
0.342007
0.796933
0.572154
0.492808
0.451581
0.44166
0.43374
0.42651
0.422274
0.419066
0.416704
0.41598
0.417602
0.420606
0.423438
0.439913
0.477763
0.567437
0.793935
0.330407
0.325657
0.764571
0.547876
0.478343
0.449202
0.440878
0.431608
0.426197
0.421142
0.417837
0.416308
0.415494
0.416185
0.418353
0.422124
0.434614
0.47218
0.546174
0.762693
0.315295
0.306481
0.73089
0.528004
0.463856
0.447287
0.434581
0.428812
0.423064
0.418373
0.41559
0.414611
0.415146
0.41613
0.419105
0.421989
0.432027
0.455476
0.527324
0.731677
0.299103
0.287499
0.695747
0.512863
0.457058
0.442417
0.428262
0.425631
0.419652
0.415104
0.412583
0.411952
0.4129
0.414774
0.416241
0.422291
0.429944
0.445115
0.508542
0.695165
0.280421
0.266815
0.654835
0.497231
0.450163
0.437882
0.425677
0.420975
0.414989
0.410803
0.408643
0.40835
0.409662
0.411845
0.41312
0.416158
0.419155
0.4323
0.490088
0.654774
0.261688
0.247621
0.609353
0.479676
0.443612
0.430681
0.422965
0.415243
0.409546
0.40582
0.404005
0.404017
0.405741
0.408647
0.410301
0.412839
0.415764
0.426819
0.470986
0.609666
0.242734
0.232153
0.561002
0.456953
0.432923
0.423245
0.41555
0.408871
0.403708
0.400351
0.398781
0.398945
0.400877
0.40469
0.410288
0.41466
0.415935
0.425771
0.452096
0.56849
0.231386
0.225092
0.518352
0.436854
0.422111
0.415015
0.408108
0.402006
0.397448
0.394552
0.393233
0.393442
0.395189
0.398564
0.403605
0.410309
0.415938
0.42152
0.43797
0.532004
0.228488
0.225448
0.48092
0.417972
0.412377
0.407553
0.401189
0.395638
0.391582
0.389038
0.387886
0.388079
0.389628
0.392673
0.397316
0.403405
0.409798
0.414988
0.426771
0.500285
0.228943
0.233274
0.464294
0.410831
0.405281
0.399986
0.394418
0.389685
0.386206
0.383995
0.382977
0.383128
0.384451
0.387064
0.391126
0.396941
0.404043
0.408316
0.416503
0.474431
0.234577
0.243706
0.452372
0.407337
0.399727
0.394683
0.389695
0.385261
0.381981
0.37989
0.378907
0.379001
0.380147
0.382409
0.385809
0.390436
0.396299
0.403907
0.414632
0.460543
0.243469
0.251936
0.443254
0.408083
0.397655
0.391448
0.386274
0.381893
0.378721
0.376706
0.375748
0.37581
0.376874
0.379025
0.382321
0.386801
0.392026
0.39756
0.408842
0.445104
0.251047
0.260645
0.435321
0.411791
0.398528
0.391213
0.384697
0.379891
0.376594
0.374555
0.373588
0.373615
0.374622
0.376696
0.379988
0.384722
0.391019
0.39834
0.410387
0.437631
0.260841
0.271963
0.430739
0.414138
0.401192
0.390528
0.383309
0.378424
0.37519
0.373203
0.372262
0.372274
0.373243
0.375267
0.378558
0.383472
0.390409
0.401137
0.415599
0.432147
0.273932
0.282731
0.428942
0.418951
0.402617
0.390708
0.382956
0.377833
0.374561
0.372625
0.371741
0.371737
0.372622
0.374553
0.37786
0.383093
0.391201
0.403247
0.419939
0.430205
0.281785
0.29445
0.429626
0.424606
0.404919
0.391089
0.382651
0.377362
0.374178
0.37241
0.371641
0.371635
0.372404
0.374143
0.377297
0.382536
0.391052
0.404849
0.424561
0.430795
0.295957
0.307686
0.438685
0.430695
0.406146
0.390798
0.3819
0.376745
0.373826
0.372299
0.371643
0.371639
0.3723
0.373826
0.376769
0.381964
0.390885
0.406135
0.43154
0.439266
0.30653
0.318667
0.450408
0.437324
0.406605
0.389947
0.380945
0.37607
0.373494
0.372267
0.371757
0.371755
0.372266
0.373481
0.376008
0.380844
0.389813
0.406493
0.436886
0.449667
0.318571
0.331336
0.467736
0.441671
0.405751
0.388109
0.379493
0.375271
0.373301
0.372391
0.372063
0.372063
0.372393
0.373302
0.375273
0.379521
0.388155
0.405819
0.441683
0.467646
0.331512
0.341515
0.48584
0.443351
0.402673
0.385405
0.377865
0.374577
0.373258
0.372733
0.372565
0.372566
0.372734
0.37326
0.374565
0.377829
0.385345
0.402628
0.443401
0.485769
0.341003
0.352048
0.494784
0.439157
0.396522
0.38159
0.376064
0.374202
0.37347
0.373232
0.373168
0.373171
0.373236
0.373481
0.374194
0.376073
0.381594
0.396569
0.439175
0.494701
0.352151
0.360461
0.495679
0.421425
0.386524
0.37747
0.374999
0.374149
0.373915
0.373869
0.373865
0.373866
0.373873
0.373923
0.374149
0.374994
0.377472
0.386512
0.421306
0.495559
0.360093
0.368049
0.430764
0.384479
0.375915
0.374852
0.374636
0.374595
0.374615
0.374628
0.374631
0.374631
0.374626
0.374614
0.374592
0.374625
0.374802
0.37578
0.384448
0.430911
0.368264
0.971426
1.65764
1.39834
1.10336
0.871133
0.710976
0.604796
0.537854
0.499243
0.480427
0.477167
0.489205
0.52047
0.579049
0.677609
0.833139
1.06436
1.36538
1.6347
0.939778
0.969629
1.65696
1.39647
1.10132
0.867062
0.710504
0.604633
0.536802
0.49768
0.478602
0.475286
0.487474
0.518929
0.577259
0.674669
0.826906
1.06023
1.35096
1.61921
0.931465
0.964865
1.65657
1.39486
1.0992
0.87289
0.710386
0.604645
0.537483
0.498428
0.47934
0.475822
0.487923
0.519124
0.577396
0.676122
0.831658
1.05135
1.36455
1.62316
0.933065
0.972537
1.65646
1.37993
1.08536
0.87196
0.708255
0.604362
0.538231
0.498937
0.479875
0.47609
0.488392
0.518971
0.576807
0.67334
0.830436
1.06405
1.36445
1.61604
0.932345
0.970572
1.64353
1.39681
1.09348
0.873732
0.709749
0.604332
0.538262
0.498677
0.47969
0.474806
0.487475
0.519515
0.57688
0.67351
0.826504
1.06049
1.35975
1.61486
0.930835
0.966859
1.65024
1.39737
1.09985
0.873421
0.711483
0.604081
0.538016
0.497225
0.479445
0.475726
0.489514
0.518802
0.577331
0.673242
0.822377
1.0572
1.3557
1.60906
0.927942
0.972035
1.65344
1.39372
1.09085
0.872662
0.711086
0.603182
0.537976
0.498381
0.478868
0.476981
0.489737
0.52019
0.578057
0.67457
0.82591
1.04459
1.33969
1.61213
0.93098
0.966807
1.64504
1.3902
1.1015
0.872265
0.710392
0.604636
0.537815
0.499911
0.481315
0.476526
0.489574
0.52044
0.576492
0.675999
0.819558
1.05469
1.35144
1.59558
0.930045
0.973352
1.65893
1.40034
1.0916
0.867509
0.707676
0.603499
0.53786
0.499904
0.481372
0.478616
0.488632
0.51941
0.57817
0.675971
0.82828
1.04755
1.35064
1.60723
0.9304
0.97222
1.65786
1.3991
1.10232
0.875638
0.711097
0.605026
0.536664
0.499548
0.480084
0.47877
0.4894
0.520555
0.579309
0.6725
0.834023
1.06276
1.3387
1.61843
0.930609
0.966548
1.64664
1.39722
1.09632
0.875166
0.71257
0.605061
0.537701
0.49922
0.482273
0.479277
0.490035
0.521571
0.579364
0.674884
0.832043
1.06072
1.35071
1.61085
0.929378
0.971758
1.65704
1.39527
1.10964
0.875322
0.710589
0.603731
0.538907
0.501046
0.482555
0.479209
0.490919
0.521571
0.579043
0.675872
0.830689
1.05839
1.34024
1.63266
0.926022
0.969925
1.65395
1.38523
1.10066
0.869655
0.712989
0.605499
0.538906
0.500069
0.481269
0.478769
0.489678
0.521147
0.578444
0.672058
0.827579
1.04773
1.35541
1.63355
0.933462
0.963144
1.64078
1.40286
1.11212
0.875597
0.71345
0.604572
0.538202
0.50182
0.483029
0.478164
0.490979
0.520631
0.578108
0.673027
0.82278
1.05621
1.33786
1.6177
0.936429
0.966599
1.64619
1.39904
1.10896
0.869717
0.712834
0.606055
0.540028
0.502114
0.483178
0.479483
0.491092
0.520682
0.576769
0.673314
0.829522
1.06659
1.35213
1.62934
0.932576
0.970997
1.63936
1.39679
1.10775
0.876229
0.71264
0.605102
0.539597
0.501651
0.481817
0.47892
0.490811
0.521876
0.577814
0.674117
0.822039
1.06608
1.36582
1.62707
0.937431
0.971326
1.65519
1.38202
1.09559
0.873593
0.711394
0.605637
0.538921
0.501432
0.482731
0.477906
0.489662
0.522003
0.578658
0.6714
0.827265
1.06864
1.3675
1.61074
0.936052
0.969255
1.65172
1.38654
1.10251
0.86875
0.711657
0.605435
0.539248
0.500194
0.482626
0.479494
0.491374
0.522196
0.578011
0.672764
0.818763
1.06483
1.36455
1.62364
0.933495
0.966787
1.63568
1.38096
1.10196
0.869117
0.711018
0.604193
0.538838
0.500733
0.482288
0.478328
0.490203
0.522287
0.579716
0.673756
0.82447
1.06097
1.36266
1.6403
0.940039
0.963093
1.63979
1.38152
1.09924
0.867955
0.710366
0.605361
0.537988
0.49956
0.481163
0.479767
0.491385
0.521699
0.579655
0.674334
0.826283
1.04848
1.34897
1.64265
0.938852
0.965158
1.63939
1.3812
1.08931
0.867729
0.708025
0.60526
0.539012
0.501016
0.482891
0.480065
0.490729
0.523524
0.579328
0.675477
0.831366
1.05264
1.36178
1.63961
0.935004
0.963607
1.64351
1.38648
1.09454
0.869972
0.708599
0.605216
0.537792
0.499538
0.481765
0.480064
0.492828
0.524055
0.581427
0.675989
0.829708
1.04821
1.35934
1.63492
0.940118
0.961871
1.63428
1.38336
1.08625
0.867894
0.708538
0.605394
0.539063
0.501135
0.483583
0.480113
0.492703
0.524715
0.582751
0.677137
0.828676
1.04635
1.34335
1.63113
0.942833
0.960289
1.64587
1.37101
1.09216
0.864861
0.709558
0.605359
0.540383
0.502937
0.483912
0.479724
0.491299
0.52381
0.582607
0.677023
0.826816
1.04374
1.35095
1.62774
0.946206
0.952734
1.63251
1.37584
1.08371
0.863454
0.709052
0.605184
0.540508
0.503381
0.484345
0.4789
0.493167
0.525332
0.582313
0.678049
0.823163
1.04492
1.34666
1.62149
0.944331
0.953433
1.63708
1.36585
1.08396
0.862447
0.708398
0.604754
0.53945
0.50355
0.484733
0.481375
0.493423
0.525433
0.583543
0.679164
0.825466
1.04945
1.33364
1.61242
0.943651
0.953874
1.6291
1.37553
1.08453
0.861283
0.707714
0.604548
0.540791
0.504036
0.484999
0.481414
0.492176
0.524823
0.583621
0.680131
0.827875
1.04789
1.33919
1.63145
0.944374
0.957381
1.63496
1.36069
1.08541
0.859598
0.706826
0.603088
0.539689
0.504194
0.485008
0.481321
0.494052
0.525796
0.58455
0.680266
0.823186
1.04415
1.34084
1.63208
0.944162
0.95678
1.63293
1.36269
1.08365
0.858777
0.706503
0.603943
0.541015
0.504581
0.484927
0.479903
0.493429
0.52633
0.583595
0.679991
0.82569
1.03935
1.3461
1.63165
0.946249
0.95525
1.61842
1.35804
1.07592
0.858772
0.706068
0.604499
0.540723
0.504842
0.485567
0.483848
0.4962
0.527543
0.583813
0.67947
0.825478
1.03648
1.34131
1.63131
0.946796
0.954399
1.62316
1.35766
1.07921
0.859544
0.704703
0.604341
0.541325
0.505508
0.486662
0.484936
0.49539
0.527416
0.583767
0.677798
0.825745
1.04124
1.32465
1.62559
0.940868
0.953441
1.61784
1.35699
1.07955
0.856828
0.706174
0.604418
0.540704
0.505645
0.486659
0.484988
0.496463
0.527394
0.584328
0.677324
0.821979
1.04383
1.32957
1.62501
0.940926
0.951454
1.62434
1.35903
1.07448
0.858767
0.706341
0.604119
0.542277
0.506058
0.487427
0.48492
0.496108
0.526593
0.584141
0.676885
0.820733
1.04101
1.33
1.61908
0.936843
0.953322
1.61716
1.36632
1.0808
0.861383
0.70595
0.605608
0.541735
0.505253
0.488056
0.484735
0.497203
0.527059
0.58397
0.676706
0.820302
1.03883
1.32552
1.61809
0.935781
0.956831
1.6301
1.36577
1.07435
0.860235
0.706793
0.605716
0.542701
0.506451
0.487022
0.482967
0.49635
0.527091
0.583347
0.67687
0.821153
1.03634
1.3166
1.61516
0.933081
0.956987
1.61456
1.36106
1.07699
0.859561
0.707535
0.60524
0.541852
0.505977
0.488232
0.483891
0.497777
0.527696
0.584415
0.67741
0.819192
1.03445
1.31998
1.60256
0.930327
0.956553
1.62193
1.36009
1.07491
0.856688
0.707446
0.606796
0.543604
0.507959
0.489772
0.48423
0.497476
0.52792
0.584126
0.676631
0.821087
1.03154
1.30807
1.61522
0.929819
0.954201
1.63033
1.3561
1.06651
0.856013
0.707764
0.607751
0.54477
0.507844
0.48972
0.485672
0.499508
0.528476
0.583678
0.677574
0.819847
1.02901
1.32039
1.61477
0.927652
0.957175
1.62898
1.35325
1.06647
0.854804
0.707104
0.607913
0.545504
0.509273
0.49118
0.484156
0.499926
0.528951
0.583812
0.677228
0.819535
1.02917
1.30497
1.61054
0.926705
0.951317
1.61657
1.34611
1.06158
0.852988
0.706129
0.607097
0.544584
0.508453
0.49141
0.486391
0.500795
0.529599
0.5843
0.67612
0.816154
1.02634
1.30662
1.59613
0.927283
0.951027
1.61322
1.34255
1.05918
0.851169
0.704897
0.606747
0.544512
0.508143
0.491619
0.488319
0.501262
0.530143
0.585212
0.676635
0.816539
1.02402
1.30806
1.59787
0.925526
0.949591
1.61053
1.33795
1.05613
0.849364
0.704188
0.606456
0.544079
0.507829
0.490607
0.489388
0.501617
0.531013
0.586079
0.676207
0.813685
1.01623
1.3029
1.59613
0.920352
0.947848
1.60723
1.33302
1.0516
0.846793
0.703073
0.606059
0.543798
0.507993
0.491336
0.489154
0.501465
0.530212
0.586149
0.677147
0.814338
1.01539
1.29551
1.58949
0.91853
0.945817
1.60336
1.3253
1.04812
0.844944
0.701481
0.605184
0.543539
0.508445
0.490273
0.48806
0.501275
0.531287
0.586087
0.677221
0.813608
1.01457
1.28443
1.57403
0.914701
0.943037
1.60203
1.31751
1.04348
0.842174
0.699646
0.604169
0.542314
0.508214
0.491966
0.48991
0.501921
0.530865
0.587051
0.676803
0.812718
1.01236
1.28679
1.57849
0.914011
0.939785
1.59572
1.30692
1.03926
0.839898
0.699165
0.603373
0.542169
0.50675
0.491535
0.489614
0.502163
0.53181
0.587089
0.67664
0.811377
1.00644
1.27701
1.57734
0.91076
0.933895
1.5853
1.30017
1.0349
0.836492
0.697053
0.602439
0.541563
0.507311
0.491331
0.489239
0.501163
0.532122
0.586915
0.675203
0.809629
1.0026
1.27286
1.57278
0.908944
0.927162
1.58029
1.29568
1.03178
0.832644
0.694934
0.601884
0.541073
0.506703
0.490717
0.488196
0.501757
0.531805
0.586756
0.67391
0.806642
0.999108
1.26536
1.5656
0.905408
0.925776
1.57671
1.29109
1.02858
0.829575
0.693138
0.601222
0.540154
0.504795
0.490257
0.487695
0.501532
0.53138
0.585828
0.671296
0.803433
0.9956
1.25853
1.56017
0.903612
0.921719
1.57212
1.28622
1.02471
0.828941
0.69387
0.600661
0.539314
0.504656
0.49002
0.487778
0.501143
0.530589
0.585221
0.670752
0.799726
0.991408
1.25191
1.54114
0.898604
0.918505
1.56752
1.28136
1.01956
0.828328
0.690725
0.598965
0.537895
0.504576
0.4897
0.488668
0.500895
0.529987
0.584324
0.669511
0.7983
0.988723
1.2476
1.54205
0.896599
0.914276
1.55955
1.27603
1.01623
0.826232
0.689074
0.598144
0.537054
0.502699
0.487754
0.48824
0.500409
0.529417
0.58308
0.667379
0.796346
0.984335
1.24084
1.54235
0.892087
0.909148
1.55537
1.2713
1.01117
0.82284
0.688675
0.596987
0.536302
0.503715
0.488186
0.487757
0.499749
0.528928
0.581776
0.66496
0.793778
0.980013
1.23765
1.54996
0.891197
0.904825
1.55091
1.26541
1.00675
0.818526
0.685225
0.59516
0.534965
0.50179
0.487091
0.487245
0.498936
0.528353
0.581805
0.664185
0.789353
0.975847
1.23267
1.54709
0.88972
0.898049
1.54429
1.25741
0.999949
0.812756
0.681313
0.593206
0.533833
0.501306
0.486612
0.485721
0.49816
0.52783
0.580322
0.662273
0.785222
0.971572
1.22727
1.5338
0.887735
0.893659
1.53544
1.24998
0.992195
0.805541
0.675793
0.590722
0.532471
0.500187
0.486652
0.486224
0.498974
0.527549
0.580253
0.662347
0.784796
0.96868
1.22375
1.53361
0.885901
0.887038
1.52558
1.24056
0.984095
0.798964
0.670899
0.588431
0.53097
0.498509
0.485689
0.485346
0.497291
0.526489
0.578967
0.657092
0.781189
0.96302
1.21806
1.531
0.882741
0.877077
1.51734
1.23011
0.974953
0.793517
0.666846
0.586154
0.529618
0.497349
0.484095
0.484139
0.496487
0.525214
0.576108
0.653477
0.779272
0.955484
1.21201
1.52632
0.880641
0.869351
1.50883
1.2181
0.964562
0.787785
0.662254
0.583516
0.527698
0.495625
0.482107
0.482993
0.49536
0.523963
0.57412
0.650024
0.768908
0.946918
1.2042
1.50929
0.87709
0.868087
1.50337
1.20677
0.952326
0.777578
0.656751
0.580886
0.525804
0.494291
0.4808
0.481269
0.493697
0.522218
0.571022
0.6446
0.761317
0.93881
1.19625
1.50253
0.874187
0.865088
1.49505
1.1949
0.944696
0.769928
0.655456
0.578374
0.523804
0.492539
0.479322
0.47961
0.492409
0.521226
0.569006
0.638541
0.756797
0.935199
1.18863
1.49319
0.873027
0.861633
1.48813
1.18287
0.934663
0.76005
0.655985
0.575169
0.521289
0.490527
0.477104
0.477885
0.490644
0.519762
0.56935
0.637084
0.758144
0.932022
1.17946
1.48418
0.865711
0.854885
1.48068
1.16897
0.918753
0.74879
0.647857
0.570956
0.518431
0.488327
0.475384
0.475682
0.489128
0.517856
0.565526
0.634578
0.747892
0.923356
1.17048
1.4791
0.864497
0.844899
1.47023
1.15253
0.906503
0.74189
0.641825
0.566531
0.515347
0.486002
0.473481
0.474074
0.487549
0.516429
0.563975
0.632836
0.743013
0.914064
1.16033
1.47156
0.849523
0.833484
1.45775
1.13387
0.890959
0.736495
0.63337
0.561354
0.512023
0.48359
0.471788
0.472714
0.486244
0.5148
0.561767
0.63228
0.741267
0.907522
1.15073
1.46679
0.847369
0.819958
1.44434
1.11538
0.873965
0.727005
0.623365
0.55611
0.508887
0.481349
0.470186
0.471202
0.48451
0.512691
0.558384
0.632584
0.734147
0.897602
1.1409
1.45928
0.843157
0.804059
1.4275
1.09426
0.855687
0.706697
0.611767
0.550887
0.50571
0.479264
0.469529
0.46995
0.482961
0.510926
0.555818
0.625843
0.72139
0.886566
1.12772
1.45133
0.833773
0.788451
1.41124
1.07692
0.837387
0.69233
0.601591
0.546199
0.502865
0.477347
0.467526
0.46847
0.481101
0.508739
0.553581
0.620771
0.716255
0.876793
1.11252
1.44014
0.826121
0.770111
1.39165
1.05902
0.826209
0.680445
0.595473
0.542014
0.499492
0.474871
0.465579
0.466556
0.478939
0.506418
0.552261
0.613218
0.708805
0.865252
1.09528
1.42681
0.816056
0.754104
1.36935
1.03608
0.811686
0.673865
0.592367
0.538192
0.496363
0.472272
0.462649
0.463958
0.476371
0.503114
0.546234
0.602856
0.6981
0.852988
1.07516
1.40805
0.792509
0.736724
1.34571
1.01259
0.795874
0.670509
0.583581
0.532858
0.492716
0.469619
0.460301
0.461685
0.473875
0.500374
0.543717
0.597755
0.690974
0.841307
1.05517
1.39131
0.778387
0.722496
1.32336
0.991249
0.784791
0.662813
0.576304
0.528557
0.489331
0.467016
0.457929
0.459161
0.470962
0.496737
0.539767
0.595487
0.689475
0.827485
1.03128
1.36768
0.764277
0.7011
1.2993
0.966666
0.776476
0.655742
0.570237
0.523481
0.485464
0.464135
0.455446
0.456657
0.467981
0.492724
0.534717
0.587493
0.680018
0.810978
1.00648
1.34137
0.742203
0.676619
1.27605
0.941745
0.749267
0.641253
0.567398
0.518154
0.481349
0.460999
0.45262
0.453708
0.46448
0.488122
0.529392
0.584906
0.672716
0.79205
0.977966
1.31141
0.72031
0.657354
1.25114
0.919254
0.729624
0.625429
0.566704
0.512787
0.477253
0.457757
0.449748
0.450736
0.460867
0.482841
0.521604
0.582709
0.659724
0.768022
0.945233
1.28078
0.697362
0.63523
1.21802
0.897185
0.713108
0.611344
0.55574
0.505846
0.472516
0.454123
0.446522
0.447473
0.457047
0.477511
0.512807
0.566299
0.641866
0.744091
0.91461
1.24932
0.671219
0.620849
1.1846
0.879231
0.703497
0.598318
0.547557
0.499427
0.467826
0.450309
0.443004
0.443837
0.45282
0.471794
0.504019
0.551977
0.616786
0.719183
0.888281
1.2173
0.661728
0.593435
1.13887
0.850957
0.698148
0.594883
0.538913
0.492198
0.462557
0.446107
0.439193
0.439963
0.448443
0.466273
0.496468
0.541522
0.60274
0.695247
0.853081
1.16638
0.622501
0.566908
1.09494
0.817706
0.673628
0.590185
0.527092
0.48388
0.456645
0.441373
0.434843
0.435461
0.443257
0.459573
0.486877
0.52701
0.581086
0.669371
0.814589
1.10611
0.578076
0.540602
1.04576
0.78115
0.647523
0.570092
0.515571
0.475676
0.450343
0.436117
0.430005
0.430518
0.437645
0.452589
0.477523
0.513896
0.561443
0.638038
0.764336
1.03541
0.524782
0.50452
0.994742
0.745957
0.629325
0.558827
0.503792
0.466067
0.442943
0.430039
0.424428
0.424815
0.431192
0.444586
0.466857
0.499186
0.540386
0.60782
0.721503
0.966547
0.47678
0.473273
0.942149
0.715059
0.608264
0.540445
0.489064
0.455123
0.434652
0.42327
0.418316
0.418638
0.424251
0.436166
0.456273
0.486308
0.525556
0.585844
0.679771
0.89352
0.437484
0.440145
0.883308
0.67454
0.582015
0.517435
0.471586
0.442632
0.425391
0.415773
0.411551
0.411826
0.416633
0.426844
0.444265
0.471281
0.508217
0.557738
0.635022
0.816585
0.394886
0.410302
0.818518
0.635261
0.552104
0.493235
0.454183
0.430286
0.416093
0.408126
0.404614
0.404846
0.408825
0.417275
0.431775
0.455141
0.489988
0.534088
0.592666
0.743033
0.35836
0.365074
0.74956
0.589672
0.516093
0.466881
0.436337
0.417839
0.406752
0.400467
0.397673
0.397885
0.401105
0.407889
0.419391
0.4379
0.466715
0.506267
0.555524
0.681125
0.320847
0.332353
0.677324
0.545872
0.482243
0.444816
0.421378
0.407017
0.398335
0.393381
0.391164
0.391325
0.393853
0.399195
0.408145
0.422183
0.44328
0.475037
0.519675
0.630542
0.302785
0.325035
0.612191
0.504449
0.456597
0.426417
0.408371
0.397475
0.390842
0.387024
0.385305
0.385441
0.387434
0.391686
0.398914
0.410559
0.428685
0.455194
0.496998
0.592459
0.296484
0.320893
0.548394
0.468019
0.432019
0.411532
0.398557
0.390188
0.384913
0.381837
0.380438
0.380518
0.382067
0.385393
0.391045
0.400135
0.414558
0.437618
0.472611
0.550206
0.296359
0.297081
0.507826
0.451042
0.421642
0.403635
0.392319
0.385022
0.380486
0.377882
0.376715
0.376769
0.378039
0.380787
0.385516
0.393098
0.404903
0.423591
0.454755
0.51372
0.297472
0.300654
0.486105
0.441875
0.414776
0.398406
0.38811
0.381537
0.377478
0.375169
0.374141
0.374166
0.37524
0.377596
0.381734
0.388421
0.398985
0.415709
0.443381
0.485627
0.301478
0.311776
0.476275
0.442724
0.414748
0.397333
0.386356
0.379659
0.375724
0.373566
0.372662
0.372667
0.373588
0.375739
0.379704
0.386387
0.397331
0.414854
0.442776
0.477264
0.311021
0.32163
0.472718
0.447207
0.41559
0.396276
0.384876
0.378341
0.374757
0.372949
0.372225
0.372218
0.372939
0.374713
0.378239
0.384688
0.396005
0.415196
0.446613
0.472887
0.321458
0.327879
0.471728
0.450944
0.415455
0.394925
0.383523
0.377375
0.374234
0.372787
0.372216
0.372207
0.37278
0.374213
0.377338
0.383468
0.394863
0.415422
0.451281
0.472052
0.32755
0.338125
0.478359
0.45488
0.414725
0.392975
0.381892
0.376388
0.373812
0.372741
0.372326
0.37232
0.372733
0.373791
0.376334
0.381806
0.392836
0.414595
0.454941
0.478304
0.338221
0.343573
0.48755
0.457668
0.412679
0.390598
0.380244
0.375535
0.373562
0.372779
0.372531
0.372529
0.372776
0.373556
0.375516
0.380251
0.390621
0.412708
0.457672
0.48817
0.343569
0.352278
0.501174
0.458864
0.409314
0.387535
0.378394
0.374748
0.373471
0.373007
0.372888
0.372888
0.373007
0.373469
0.374733
0.378356
0.387447
0.409185
0.458777
0.500735
0.351642
0.357016
0.512864
0.457321
0.403625
0.383819
0.376652
0.374325
0.373567
0.373359
0.373313
0.373315
0.373358
0.373571
0.374312
0.376663
0.383777
0.403488
0.457139
0.512675
0.357211
0.362514
0.517726
0.44557
0.39453
0.379562
0.375387
0.374197
0.373841
0.373764
0.373752
0.373755
0.373765
0.373851
0.374188
0.37542
0.379614
0.39441
0.445045
0.517507
0.362126
0.366193
0.50475
0.420764
0.383359
0.376145
0.374705
0.374287
0.374231
0.374235
0.374241
0.37424
0.374237
0.374236
0.374282
0.374673
0.376149
0.383031
0.419365
0.504635
0.366174
0.369864
0.431255
0.381522
0.375584
0.374954
0.374715
0.374737
0.374755
0.374758
0.374758
0.374758
0.374757
0.374755
0.374741
0.37474
0.37517
0.377033
0.385574
0.431799
0.369941
0.54868
1.10492
0.926621
0.734994
0.596246
0.507205
0.457132
0.430312
0.416583
0.410708
0.410234
0.415199
0.427895
0.453394
0.502556
0.592889
0.729538
0.914109
1.0945
0.537472
0.546688
1.1036
0.92425
0.73288
0.595791
0.506983
0.457236
0.430489
0.416744
0.410916
0.410413
0.415305
0.427908
0.452818
0.499834
0.592638
0.722893
0.902085
1.08631
0.532084
0.54585
1.10273
0.921986
0.726702
0.595551
0.506754
0.457317
0.430555
0.416808
0.411019
0.410483
0.415366
0.42792
0.452964
0.501507
0.594076
0.733783
0.908931
1.09225
0.534693
0.539245
1.09307
0.910289
0.736455
0.595295
0.505148
0.457387
0.430766
0.416967
0.411286
0.410702
0.415742
0.427939
0.453371
0.502907
0.593872
0.734744
0.915247
1.09667
0.536119
0.541626
1.09724
0.916123
0.736933
0.59495
0.506714
0.457704
0.431522
0.417181
0.412039
0.411234
0.415249
0.427798
0.452546
0.500786
0.593268
0.734257
0.910646
1.09818
0.534479
0.541671
1.09629
0.921982
0.737303
0.593836
0.50523
0.457648
0.431393
0.417184
0.411484
0.410633
0.415305
0.42737
0.453064
0.502583
0.591309
0.733696
0.928251
1.09959
0.53947
0.545214
1.10129
0.915187
0.736243
0.590087
0.506312
0.458182
0.431624
0.417527
0.4113
0.410336
0.414864
0.427017
0.452071
0.499516
0.584591
0.72296
0.927501
1.10068
0.536954
0.544734
1.09922
0.925889
0.736172
0.595465
0.505615
0.458573
0.43154
0.416966
0.410938
0.410002
0.414607
0.426902
0.452319
0.50057
0.587869
0.731862
0.930151
1.10186
0.542527
0.543422
1.08976
0.913833
0.726233
0.594006
0.50656
0.459146
0.431852
0.417182
0.410922
0.409916
0.414674
0.427087
0.452239
0.500459
0.587857
0.739336
0.930353
1.1025
0.542017
0.541025
1.09804
0.917579
0.729205
0.594996
0.507718
0.459507
0.432671
0.417901
0.410898
0.409764
0.414507
0.427237
0.4527
0.501516
0.589414
0.739888
0.929724
1.10339
0.541549
0.546844
1.09816
0.917511
0.728462
0.594317
0.508821
0.459984
0.432981
0.418046
0.410879
0.40988
0.415008
0.42761
0.453321
0.503145
0.59208
0.736509
0.932266
1.10479
0.548879
0.541865
1.09402
0.922506
0.731206
0.59
0.50839
0.460543
0.43346
0.41842
0.411427
0.41032
0.415328
0.427884
0.452719
0.502692
0.590877
0.726572
0.929033
1.09727
0.545072
0.546375
1.08565
0.919071
0.73931
0.592493
0.508035
0.461137
0.434022
0.418972
0.411862
0.410806
0.415661
0.428209
0.453149
0.50179
0.586519
0.728771
0.927756
1.10808
0.551558
0.549536
1.09927
0.935272
0.740851
0.594374
0.509295
0.461988
0.434647
0.419371
0.412145
0.411022
0.415913
0.428551
0.453419
0.501672
0.590551
0.72699
0.917727
1.10978
0.552127
0.546635
1.10656
0.934546
0.738836
0.589593
0.509865
0.462741
0.435106
0.419737
0.412456
0.41135
0.416275
0.429001
0.453825
0.499415
0.590048
0.729444
0.922961
1.10846
0.550698
0.550677
1.10586
0.933251
0.737324
0.592588
0.511286
0.463376
0.435585
0.420116
0.412741
0.411576
0.416515
0.429363
0.454715
0.501349
0.588796
0.734386
0.916365
1.10709
0.54739
0.546936
1.10025
0.93077
0.726714
0.592444
0.512215
0.463911
0.435995
0.420427
0.413029
0.411849
0.416771
0.429562
0.455374
0.502508
0.583504
0.733468
0.929466
1.10109
0.553117
0.553019
1.10902
0.931061
0.728734
0.594168
0.513057
0.463954
0.436236
0.420707
0.413299
0.412054
0.416886
0.429504
0.455697
0.50442
0.589547
0.725489
0.92863
1.10882
0.552601
0.550927
1.10855
0.924455
0.72812
0.596296
0.513142
0.463961
0.436392
0.420918
0.4135
0.412218
0.416948
0.429475
0.455153
0.504567
0.591537
0.731409
0.927692
1.10877
0.55108
0.554479
1.10843
0.932506
0.733505
0.59918
0.512537
0.463881
0.436412
0.421077
0.413658
0.412317
0.416823
0.429018
0.454698
0.502022
0.586085
0.722739
0.914559
1.10146
0.545225
0.552735
1.10089
0.932521
0.726515
0.598148
0.512257
0.463779
0.436228
0.4212
0.413818
0.412401
0.416596
0.428767
0.454475
0.501917
0.587523
0.731054
0.917894
1.10653
0.546315
0.551286
1.10163
0.931389
0.731315
0.59639
0.511944
0.46357
0.435879
0.421202
0.413875
0.412358
0.416934
0.428627
0.453989
0.500562
0.584516
0.728247
0.920489
1.10497
0.546987
0.546767
1.10208
0.930637
0.736778
0.599018
0.511896
0.463209
0.436147
0.421101
0.413759
0.412049
0.416453
0.42842
0.453614
0.499176
0.582877
0.725168
0.916664
1.09753
0.545268
0.548976
1.09606
0.926478
0.738175
0.597193
0.511496
0.46267
0.435517
0.420574
0.413456
0.41243
0.416138
0.428169
0.453388
0.49827
0.581415
0.716266
0.909237
1.09767
0.540704
0.548251
1.10277
0.924368
0.731481
0.59431
0.510701
0.462605
0.436058
0.42072
0.41379
0.412137
0.416374
0.428068
0.453013
0.497409
0.577082
0.715642
0.906506
1.09942
0.540073
0.546001
1.09403
0.920507
0.737245
0.598733
0.511478
0.462563
0.435746
0.421009
0.41322
0.411553
0.41585
0.427868
0.452352
0.496772
0.576665
0.71306
0.91094
1.09891
0.539542
0.542365
1.10052
0.910099
0.736407
0.5984
0.510532
0.462497
0.435353
0.42047
0.413575
0.411531
0.416033
0.42788
0.451651
0.49554
0.573997
0.709005
0.906715
1.09664
0.537838
0.548392
1.09662
0.917273
0.735144
0.59771
0.510625
0.462533
0.435442
0.420569
0.413223
0.41156
0.416075
0.428187
0.451107
0.49472
0.571784
0.704361
0.893038
1.09438
0.533036
0.552592
1.10207
0.921521
0.733777
0.596925
0.51054
0.462677
0.436063
0.420809
0.413349
0.411655
0.415734
0.427505
0.450539
0.493633
0.569636
0.700308
0.89147
1.0917
0.532084
0.552294
1.10191
0.912905
0.725678
0.595377
0.510836
0.462508
0.435929
0.421474
0.413615
0.412151
0.415451
0.426886
0.449826
0.492584
0.567787
0.696671
0.889769
1.09233
0.531574
0.551414
1.09999
0.914078
0.727401
0.594331
0.51024
0.462384
0.435673
0.421455
0.413671
0.411934
0.415703
0.426466
0.449182
0.491806
0.56625
0.693509
0.8915
1.09034
0.530561
0.550724
1.10092
0.913019
0.724533
0.59021
0.509148
0.462361
0.435729
0.421618
0.413802
0.412476
0.415463
0.426729
0.449133
0.491483
0.566269
0.694923
0.884587
1.09007
0.526116
0.546285
1.09445
0.912078
0.722821
0.589648
0.508618
0.462196
0.435792
0.421709
0.413879
0.412189
0.415505
0.426448
0.449022
0.491252
0.567727
0.699813
0.895953
1.08949
0.525257
0.546931
1.09657
0.915998
0.72179
0.588014
0.507886
0.462
0.436135
0.421737
0.414303
0.412005
0.416028
0.42694
0.449242
0.491487
0.570053
0.694586
0.893957
1.08758
0.523616
0.546601
1.09719
0.915201
0.722161
0.58712
0.506841
0.461542
0.435362
0.421339
0.41397
0.412115
0.41604
0.426884
0.449179
0.491517
0.570069
0.701875
0.892175
1.08628
0.522666
0.545165
1.09534
0.911015
0.719199
0.582681
0.505936
0.460873
0.435475
0.42207
0.414147
0.412324
0.41622
0.427058
0.449299
0.492049
0.569097
0.694645
0.881385
1.07731
0.522124
0.541783
1.08579
0.907667
0.710968
0.581723
0.505062
0.460457
0.435863
0.421367
0.414264
0.412957
0.416451
0.42704
0.449403
0.491786
0.568598
0.698293
0.886138
1.07989
0.523536
0.539866
1.08678
0.898698
0.71101
0.580362
0.504257
0.459758
0.435263
0.42064
0.414641
0.412911
0.416502
0.427233
0.449549
0.491406
0.567361
0.691149
0.878347
1.07756
0.525451
0.540024
1.08763
0.900915
0.712982
0.579396
0.503489
0.459058
0.434921
0.420573
0.41428
0.413509
0.416886
0.427945
0.449778
0.49106
0.566837
0.693003
0.888914
1.08148
0.522104
0.537215
1.083
0.894106
0.711558
0.578452
0.502489
0.458775
0.434148
0.420601
0.414424
0.413708
0.417503
0.428263
0.450092
0.490711
0.56557
0.690719
0.885133
1.08004
0.525582
0.538596
1.09028
0.899965
0.709471
0.577991
0.501579
0.457211
0.433201
0.421017
0.414598
0.413903
0.417773
0.428661
0.4504
0.490347
0.564622
0.689629
0.875119
1.07168
0.520961
0.538258
1.08209
0.889853
0.707154
0.575823
0.501406
0.457013
0.433006
0.420473
0.414744
0.414165
0.41812
0.429067
0.450628
0.489943
0.56184
0.691263
0.87764
1.07783
0.524942
0.536883
1.08477
0.889697
0.700991
0.574513
0.500434
0.456737
0.432785
0.420579
0.415302
0.414394
0.418374
0.429198
0.450393
0.489648
0.560972
0.689426
0.875587
1.08413
0.528312
0.535253
1.08402
0.886097
0.700128
0.573361
0.499613
0.456582
0.432652
0.421026
0.414921
0.414498
0.418587
0.429118
0.449769
0.489254
0.559651
0.686549
0.873661
1.08459
0.527511
0.533632
1.08116
0.88176
0.69686
0.571868
0.498676
0.455588
0.43227
0.42037
0.415265
0.414643
0.418638
0.428591
0.449929
0.488599
0.558469
0.683953
0.869949
1.08152
0.525194
0.528656
1.07857
0.877416
0.69327
0.569981
0.498158
0.455113
0.432188
0.420425
0.415087
0.414482
0.41845
0.428366
0.448865
0.487791
0.557112
0.677164
0.869057
1.07752
0.521499
0.526475
1.06841
0.873576
0.689371
0.568082
0.496898
0.454756
0.432108
0.420769
0.414773
0.414132
0.418059
0.428722
0.448914
0.487752
0.555786
0.673812
0.864491
1.06942
0.52273
0.523909
1.06901
0.867606
0.685898
0.566529
0.495774
0.454503
0.43196
0.420309
0.41487
0.414863
0.41849
0.427732
0.447677
0.486617
0.554301
0.670334
0.858033
1.06871
0.517326
0.521285
1.0658
0.863861
0.682239
0.564472
0.494525
0.454338
0.432141
0.421098
0.415124
0.414498
0.417815
0.427645
0.447361
0.485278
0.552581
0.666886
0.851067
1.06654
0.517093
0.518732
1.0616
0.859406
0.679065
0.5628
0.493629
0.453597
0.432508
0.421055
0.415503
0.414315
0.417918
0.427656
0.447123
0.483829
0.551308
0.664133
0.848078
1.06289
0.516411
0.516114
1.05788
0.854068
0.67555
0.560995
0.493146
0.453532
0.431852
0.420953
0.415346
0.414919
0.418157
0.427865
0.447213
0.48349
0.550135
0.661101
0.843518
1.05638
0.514077
0.514058
1.05304
0.848831
0.671426
0.55863
0.492069
0.453856
0.431806
0.420634
0.415433
0.414947
0.418723
0.428084
0.447347
0.483162
0.548321
0.658305
0.837218
1.05204
0.509621
0.511191
1.05172
0.843453
0.668423
0.556563
0.490899
0.452779
0.431874
0.420869
0.416016
0.414826
0.418434
0.42868
0.448073
0.482374
0.54611
0.654021
0.828952
1.04943
0.506956
0.508986
1.05258
0.837684
0.664197
0.553786
0.489083
0.453015
0.432155
0.421131
0.415919
0.41495
0.41844
0.428122
0.447245
0.482462
0.54447
0.651454
0.825012
1.04965
0.505065
0.50599
1.04343
0.833161
0.661388
0.551615
0.486593
0.451493
0.432687
0.421797
0.416238
0.415566
0.418633
0.428671
0.4478
0.480574
0.54191
0.647763
0.819648
1.0464
0.502699
0.50363
1.04201
0.829252
0.658126
0.549744
0.484862
0.45045
0.431828
0.421329
0.416685
0.415602
0.418577
0.427832
0.446287
0.480368
0.539667
0.643723
0.813163
1.03386
0.49829
0.500161
1.0396
0.823276
0.654542
0.547874
0.484564
0.450754
0.431223
0.421817
0.416837
0.415632
0.418692
0.427611
0.444877
0.476824
0.535428
0.639086
0.806489
1.02345
0.493379
0.497478
1.02914
0.818377
0.650694
0.545198
0.4846
0.449158
0.431146
0.421614
0.417162
0.416129
0.419112
0.426672
0.442927
0.473667
0.532139
0.634798
0.799679
1.0188
0.488057
0.493238
1.0235
0.811778
0.646104
0.542428
0.481715
0.447875
0.431672
0.422224
0.417034
0.41584
0.418695
0.425924
0.44153
0.470997
0.529501
0.629619
0.79304
1.01148
0.482346
0.488816
1.01784
0.804746
0.640708
0.539439
0.478725
0.445954
0.430675
0.421796
0.41724
0.415998
0.418498
0.426522
0.442459
0.470436
0.53009
0.624584
0.785749
1.00366
0.476529
0.484897
1.00843
0.797592
0.634964
0.536164
0.476247
0.445394
0.431653
0.422711
0.41804
0.416684
0.418919
0.425769
0.440872
0.469242
0.525775
0.618298
0.777817
0.992714
0.470234
0.480779
1.00394
0.790568
0.628233
0.532467
0.474356
0.444744
0.431054
0.422563
0.418119
0.416575
0.41862
0.426178
0.441622
0.468862
0.523524
0.613085
0.771076
0.987237
0.467392
0.478089
0.99716
0.783382
0.621334
0.527645
0.47048
0.443905
0.430165
0.422464
0.418362
0.417135
0.418809
0.424979
0.439011
0.468683
0.518974
0.606882
0.76441
0.98049
0.464627
0.474434
0.991953
0.775274
0.613405
0.520933
0.469143
0.443731
0.430673
0.422252
0.41853
0.417164
0.418353
0.424364
0.437308
0.466111
0.515377
0.601029
0.757636
0.976392
0.462584
0.470346
0.986604
0.767267
0.60604
0.514446
0.468604
0.444213
0.429563
0.422293
0.418791
0.417435
0.418484
0.424447
0.436976
0.464226
0.510924
0.595021
0.750717
0.970035
0.45906
0.465511
0.979269
0.759088
0.598735
0.506194
0.461337
0.440662
0.429618
0.42255
0.419114
0.417663
0.418538
0.423931
0.437019
0.46047
0.506038
0.590123
0.744099
0.965701
0.456888
0.45999
0.973035
0.750763
0.593734
0.503639
0.458218
0.438843
0.428702
0.422754
0.419482
0.418055
0.419014
0.423386
0.434654
0.456997
0.500596
0.583951
0.73621
0.959725
0.45217
0.453746
0.967914
0.741484
0.58709
0.504672
0.45769
0.439087
0.429124
0.423753
0.420033
0.41844
0.41909
0.422766
0.432717
0.45263
0.494504
0.576289
0.728234
0.955443
0.448819
0.448466
0.958701
0.730097
0.576702
0.496771
0.456326
0.439974
0.429983
0.423904
0.42042
0.418869
0.419363
0.422065
0.430067
0.44795
0.489843
0.569735
0.71947
0.9492
0.443926
0.443802
0.952391
0.719041
0.570681
0.492506
0.455225
0.437561
0.428738
0.42415
0.420787
0.419266
0.419653
0.421398
0.428432
0.444848
0.48622
0.563755
0.709166
0.941856
0.4395
0.43367
0.939511
0.702318
0.565553
0.494268
0.455458
0.437615
0.42929
0.424194
0.421127
0.419629
0.419855
0.421485
0.42865
0.44423
0.481062
0.553898
0.696998
0.933898
0.432227
0.421035
0.924369
0.681846
0.549783
0.486504
0.455624
0.437709
0.427906
0.423493
0.421178
0.419808
0.419763
0.421414
0.429422
0.44425
0.475179
0.544753
0.684506
0.925798
0.42443
0.409722
0.909056
0.662802
0.533373
0.479879
0.451123
0.43657
0.427429
0.423516
0.42098
0.41972
0.419268
0.421004
0.428376
0.442462
0.471856
0.536435
0.670099
0.916185
0.417064
0.398472
0.890561
0.643984
0.521072
0.471496
0.445802
0.433692
0.42703
0.424183
0.421427
0.419922
0.41927
0.420468
0.426796
0.438608
0.465592
0.523612
0.653721
0.903857
0.409658
0.38996
0.873503
0.628731
0.507156
0.466949
0.442851
0.431707
0.426677
0.423597
0.420732
0.419362
0.419609
0.419973
0.424241
0.433584
0.456978
0.507859
0.637312
0.889931
0.39858
0.375119
0.849419
0.611384
0.495567
0.460609
0.442909
0.432666
0.427724
0.423857
0.420638
0.419165
0.418905
0.419454
0.421842
0.430098
0.450497
0.496479
0.620255
0.870809
0.385616
0.362253
0.824811
0.596449
0.486814
0.453558
0.439284
0.430243
0.426372
0.423422
0.420488
0.419117
0.419386
0.419594
0.421476
0.428184
0.444189
0.483822
0.601787
0.848096
0.371349
0.347156
0.795403
0.576169
0.47907
0.449351
0.439352
0.429964
0.426864
0.422925
0.42036
0.418952
0.418695
0.420204
0.421734
0.426878
0.439508
0.476437
0.581384
0.817254
0.351192
0.329389
0.763512
0.55655
0.473706
0.449639
0.436922
0.429106
0.42487
0.421327
0.418558
0.417331
0.417412
0.418229
0.418061
0.423152
0.431439
0.464617
0.557722
0.782247
0.328889
0.311509
0.730646
0.537907
0.472549
0.452825
0.437481
0.429993
0.423911
0.419129
0.416195
0.415203
0.415858
0.416898
0.416893
0.419489
0.425022
0.452116
0.534519
0.742295
0.303125
0.293173
0.698534
0.524963
0.473289
0.445408
0.433094
0.426034
0.42026
0.415614
0.412861
0.412112
0.413173
0.415158
0.415964
0.419594
0.42309
0.444044
0.510725
0.696805
0.275517
0.27669
0.666733
0.510998
0.464582
0.440913
0.428698
0.422409
0.416037
0.41134
0.408772
0.408266
0.409714
0.412755
0.415076
0.421763
0.422638
0.438025
0.483786
0.647812
0.254812
0.264
0.632955
0.491627
0.45615
0.439584
0.427844
0.418189
0.410911
0.406269
0.403935
0.403584
0.40504
0.408183
0.412974
0.417259
0.42211
0.425567
0.457176
0.601876
0.246019
0.255835
0.598509
0.474532
0.445586
0.429957
0.41926
0.410432
0.404262
0.400428
0.398571
0.398444
0.399906
0.402815
0.406838
0.411364
0.413303
0.415616
0.433633
0.56106
0.236366
0.246354
0.562535
0.455785
0.434081
0.421596
0.410994
0.403136
0.397803
0.394566
0.393065
0.393086
0.394508
0.397205
0.400782
0.404125
0.404776
0.404156
0.420705
0.526618
0.228895
0.234874
0.521642
0.438277
0.420883
0.410851
0.402121
0.395729
0.391443
0.388843
0.387663
0.387791
0.389178
0.391819
0.395463
0.399151
0.399386
0.399373
0.417357
0.500851
0.230322
0.23364
0.485754
0.42105
0.40805
0.400877
0.394512
0.38958
0.386079
0.383878
0.382858
0.382988
0.384248
0.38672
0.390389
0.395088
0.399637
0.399093
0.41555
0.481313
0.236634
0.240125
0.457252
0.408284
0.398657
0.394537
0.389374
0.384992
0.381797
0.379769
0.378817
0.378914
0.38004
0.382277
0.38566
0.390208
0.395247
0.39819
0.411744
0.456823
0.240727
0.250431
0.445285
0.408203
0.397521
0.392019
0.386309
0.381829
0.378668
0.376685
0.375747
0.375813
0.376858
0.378965
0.382204
0.386689
0.392195
0.397652
0.40921
0.445009
0.252286
0.259623
0.437256
0.411193
0.398528
0.390524
0.384189
0.379639
0.376491
0.374527
0.373593
0.373631
0.374627
0.376658
0.379842
0.384342
0.390352
0.398582
0.410796
0.436641
0.26063
0.273033
0.431417
0.413912
0.399751
0.390076
0.383217
0.378456
0.375232
0.373238
0.372294
0.372312
0.373293
0.375331
0.378624
0.383457
0.390225
0.400071
0.41324
0.431874
0.273274
0.282249
0.429805
0.420108
0.403126
0.390786
0.383077
0.37788
0.374575
0.372629
0.371743
0.371741
0.372627
0.374565
0.377885
0.383102
0.390859
0.403214
0.420196
0.429871
0.28139
0.296297
0.430305
0.424254
0.404826
0.391172
0.382606
0.377333
0.374167
0.372408
0.371639
0.371633
0.3724
0.374131
0.377272
0.382503
0.391034
0.404784
0.424328
0.430356
0.295657
0.305793
0.439027
0.431487
0.406153
0.390906
0.381991
0.376793
0.373843
0.372301
0.371642
0.371636
0.372296
0.373823
0.376764
0.381956
0.390881
0.406181
0.431672
0.439473
0.3071
0.319886
0.449725
0.436793
0.40647
0.389835
0.380872
0.376034
0.373489
0.372267
0.371757
0.371755
0.372263
0.373476
0.376008
0.380848
0.389825
0.406514
0.436987
0.449978
0.318895
0.330707
0.467818
0.441641
0.405841
0.388197
0.379553
0.375301
0.373307
0.372395
0.372065
0.372064
0.372394
0.373301
0.375268
0.379505
0.388134
0.405805
0.441736
0.467976
0.331288
0.341848
0.48581
0.443325
0.40262
0.385363
0.377841
0.374571
0.373257
0.372732
0.372565
0.372566
0.372734
0.373259
0.374561
0.377842
0.385371
0.40265
0.443416
0.485824
0.341565
0.351931
0.494773
0.439175
0.396556
0.381613
0.376076
0.374205
0.373471
0.373232
0.373169
0.373171
0.373237
0.373481
0.374195
0.376065
0.381578
0.396508
0.439147
0.49482
0.352009
0.360381
0.49566
0.421403
0.386504
0.377465
0.374999
0.374149
0.373915
0.373868
0.373865
0.373866
0.373874
0.373924
0.374151
0.374992
0.377461
0.386541
0.421474
0.495697
0.360491
0.368101
0.43079
0.384501
0.375939
0.37486
0.374638
0.374596
0.374615
0.374628
0.374631
0.374631
0.374626
0.374615
0.374595
0.374636
0.374852
0.375916
0.384466
0.430758
0.368043
0.204899
0.519024
0.467525
0.410856
0.370082
0.346952
0.33588
0.331239
0.32976
0.329736
0.330277
0.331665
0.334637
0.341006
0.353223
0.376046
0.415115
0.469758
0.517651
0.204761
0.205076
0.518978
0.46775
0.411356
0.370404
0.347879
0.33737
0.332245
0.330506
0.330471
0.330815
0.332135
0.335005
0.342296
0.354203
0.376227
0.415274
0.470047
0.516709
0.204051
0.205578
0.518731
0.467347
0.411748
0.370346
0.347164
0.336209
0.332781
0.330971
0.331852
0.331118
0.332207
0.33484
0.341331
0.353486
0.376261
0.415038
0.470123
0.517711
0.204611
0.2063
0.521998
0.470908
0.412458
0.370078
0.346999
0.335801
0.331332
0.331411
0.330377
0.331235
0.333361
0.334935
0.341919
0.353868
0.376173
0.415262
0.470331
0.517832
0.204618
0.206635
0.523312
0.469793
0.412383
0.370316
0.347075
0.335904
0.330721
0.330397
0.331078
0.332137
0.332044
0.334258
0.340186
0.352719
0.375742
0.413826
0.470121
0.519236
0.204764
0.206462
0.523091
0.470999
0.412341
0.370527
0.347038
0.33676
0.33037
0.328618
0.328837
0.329966
0.331779
0.334223
0.34012
0.352365
0.375484
0.414035
0.469832
0.518892
0.204023
0.2062
0.522425
0.468498
0.410324
0.370099
0.346776
0.335078
0.330056
0.32844
0.328722
0.329968
0.332416
0.33434
0.340251
0.35242
0.375424
0.413464
0.468025
0.517876
0.203799
0.206036
0.521476
0.468914
0.410881
0.370043
0.347162
0.335083
0.3299
0.328506
0.328554
0.329785
0.33151
0.334313
0.340276
0.352519
0.375359
0.413684
0.46945
0.51831
0.203989
0.20561
0.522415
0.469265
0.410777
0.370234
0.3464
0.335486
0.330147
0.330127
0.328961
0.330336
0.332941
0.335659
0.341243
0.352484
0.375226
0.413682
0.469347
0.517005
0.203246
0.205841
0.521662
0.470153
0.410821
0.370255
0.346446
0.334727
0.329852
0.329193
0.328933
0.330948
0.331349
0.33407
0.340113
0.35236
0.375178
0.414128
0.469125
0.518299
0.203793
0.205507
0.522235
0.470854
0.411284
0.370372
0.347256
0.335822
0.330928
0.328377
0.328764
0.330834
0.331194
0.334132
0.340228
0.352403
0.375103
0.414022
0.468726
0.518393
0.203916
0.205899
0.52196
0.470494
0.4121
0.370198
0.347051
0.334922
0.329928
0.328489
0.329804
0.33095
0.331391
0.334515
0.340643
0.352636
0.375149
0.41335
0.467845
0.517137
0.204166
0.205089
0.520613
0.468035
0.411799
0.370456
0.34735
0.335334
0.330223
0.329335
0.328354
0.330065
0.331424
0.334866
0.341753
0.352806
0.375021
0.411921
0.466836
0.517736
0.203881
0.20512
0.520733
0.468527
0.410558
0.370579
0.347692
0.336579
0.331247
0.328238
0.327769
0.328853
0.332176
0.335929
0.34127
0.352382
0.37495
0.41346
0.467604
0.51729
0.204153
0.205287
0.520897
0.469035
0.411338
0.370515
0.347526
0.33672
0.331677
0.328557
0.327957
0.328682
0.330753
0.334084
0.340169
0.352473
0.375258
0.414615
0.469597
0.518992
0.204315
0.205207
0.521865
0.468353
0.410448
0.370117
0.347173
0.336794
0.331819
0.328983
0.328376
0.328977
0.332051
0.334454
0.340086
0.352029
0.375006
0.413376
0.469271
0.518491
0.203942
0.206123
0.522204
0.470272
0.412238
0.370681
0.347043
0.336523
0.33161
0.330647
0.330187
0.329083
0.330841
0.335246
0.340371
0.352126
0.374783
0.414396
0.469402
0.517925
0.203602
0.205958
0.521768
0.46825
0.411845
0.37069
0.346833
0.335694
0.332596
0.329834
0.329269
0.328933
0.330593
0.334007
0.340814
0.352551
0.374737
0.413252
0.467896
0.517081
0.203182
0.205981
0.521771
0.468869
0.410568
0.370131
0.346643
0.335315
0.331378
0.328375
0.328023
0.328906
0.330965
0.335163
0.339976
0.352068
0.374777
0.414097
0.469081
0.518314
0.203601
0.205846
0.521582
0.469537
0.410848
0.370089
0.346738
0.335407
0.330242
0.32818
0.327905
0.328885
0.331056
0.334833
0.340131
0.35239
0.375251
0.414208
0.468205
0.51799
0.203585
0.205773
0.520938
0.469609
0.411296
0.369855
0.346816
0.336557
0.33066
0.328594
0.328277
0.329337
0.332526
0.334158
0.34014
0.352971
0.375295
0.414279
0.469777
0.517993
0.203748
0.20522
0.52125
0.467607
0.411089
0.369871
0.346708
0.335597
0.332264
0.330565
0.328943
0.329796
0.332107
0.334024
0.340082
0.352758
0.375268
0.414239
0.469722
0.517514
0.203934
0.205042
0.521009
0.467902
0.410907
0.370006
0.347173
0.33564
0.33195
0.330075
0.329964
0.329345
0.331026
0.333925
0.340092
0.352497
0.374743
0.413889
0.469829
0.519069
0.20445
0.204895
0.520887
0.467829
0.410927
0.369864
0.346647
0.335537
0.33154
0.329187
0.328926
0.329277
0.331299
0.333881
0.340035
0.35304
0.375424
0.413639
0.470257
0.519497
0.20506
0.204014
0.51974
0.468646
0.410562
0.369742
0.347105
0.336447
0.330785
0.329318
0.330248
0.329585
0.330884
0.334018
0.340072
0.352577
0.375789
0.415242
0.470422
0.519709
0.205004
0.204432
0.520107
0.468495
0.410282
0.369489
0.346349
0.335417
0.330821
0.329525
0.329561
0.329743
0.331068
0.334587
0.340357
0.353112
0.375829
0.415305
0.470524
0.519344
0.204921
0.204657
0.519705
0.467757
0.409612
0.369076
0.346636
0.336241
0.331992
0.331086
0.331387
0.33
0.33097
0.333874
0.340963
0.353046
0.375572
0.414006
0.468636
0.518108
0.204401
0.204671
0.519555
0.46739
0.409171
0.368706
0.345686
0.334341
0.329643
0.328856
0.330088
0.330114
0.331234
0.333891
0.340071
0.352757
0.375542
0.415016
0.46975
0.518785
0.204772
0.204712
0.520084
0.465594
0.407884
0.368592
0.345836
0.334482
0.329725
0.328523
0.329091
0.331183
0.331579
0.334222
0.340212
0.352356
0.375529
0.414838
0.470447
0.519204
0.204763
0.204277
0.520158
0.467565
0.40914
0.368807
0.346034
0.335886
0.331379
0.330304
0.3304
0.330321
0.332858
0.335758
0.341399
0.352346
0.374978
0.413346
0.469794
0.519139
0.204708
0.204547
0.519671
0.467695
0.408221
0.368673
0.346357
0.335314
0.330221
0.329122
0.329374
0.330245
0.331884
0.334585
0.340376
0.3522
0.374912
0.413394
0.469408
0.519708
0.204739
0.204948
0.520656
0.467989
0.409838
0.369094
0.34606
0.334616
0.330465
0.330232
0.330616
0.331515
0.333276
0.334979
0.340519
0.352284
0.374767
0.413029
0.469014
0.519381
0.204448
0.204765
0.520577
0.467562
0.409534
0.368977
0.346382
0.334621
0.329816
0.328476
0.32862
0.329171
0.331534
0.335606
0.341647
0.35294
0.374742
0.413356
0.467467
0.519052
0.204219
0.204407
0.519875
0.467485
0.409463
0.368856
0.346082
0.335008
0.331108
0.329988
0.330403
0.329473
0.331654
0.335422
0.340603
0.352171
0.374404
0.413
0.467135
0.518086
0.203421
0.204299
0.519599
0.465539
0.407824
0.368503
0.346241
0.335508
0.329674
0.328425
0.329603
0.329283
0.331671
0.334832
0.340979
0.352404
0.374311
0.412655
0.466941
0.518267
0.203092
0.203425
0.518537
0.465954
0.407995
0.368268
0.345345
0.333935
0.329301
0.328101
0.328511
0.328732
0.330239
0.333495
0.339157
0.351076
0.373667
0.411314
0.467123
0.51785
0.202843
0.203541
0.518955
0.46614
0.40788
0.368114
0.345356
0.334144
0.329592
0.32956
0.329878
0.32904
0.331366
0.334226
0.339217
0.351088
0.373443
0.411451
0.46566
0.516685
0.202512
0.202905
0.518393
0.465942
0.407214
0.368111
0.345897
0.33521
0.329438
0.328103
0.329573
0.3286
0.329985
0.332986
0.339049
0.351147
0.373242
0.410993
0.466623
0.517276
0.202466
0.203058
0.518604
0.465678
0.407376
0.367942
0.345495
0.334404
0.32953
0.327946
0.328847
0.328523
0.330267
0.333271
0.339252
0.351545
0.372927
0.409422
0.464518
0.516868
0.202159
0.202539
0.518529
0.46533
0.40785
0.368153
0.345758
0.334685
0.32981
0.327884
0.327487
0.328284
0.331296
0.334316
0.339897
0.350761
0.372251
0.409047
0.464381
0.516115
0.201932
0.202736
0.518118
0.465048
0.407757
0.36825
0.346759
0.336312
0.331908
0.32995
0.328009
0.328347
0.329693
0.3325
0.3383
0.349854
0.371871
0.407939
0.462471
0.515626
0.201585
0.202594
0.516231
0.462964
0.406545
0.367919
0.346467
0.335886
0.331674
0.329693
0.328132
0.328828
0.330045
0.33275
0.338486
0.349833
0.371412
0.407358
0.46258
0.515789
0.201803
0.202253
0.516214
0.462893
0.40619
0.367766
0.346922
0.337123
0.331729
0.329703
0.328385
0.330262
0.331267
0.333833
0.33947
0.350532
0.370793
0.406631
0.463102
0.515836
0.201448
0.201928
0.515236
0.461493
0.405138
0.367341
0.346355
0.336275
0.33072
0.328947
0.328152
0.328611
0.328997
0.331515
0.337339
0.348888
0.369834
0.405996
0.4625
0.515554
0.201997
0.201391
0.514207
0.460581
0.404298
0.366772
0.345599
0.335535
0.330781
0.330226
0.328462
0.328366
0.329239
0.331552
0.336725
0.347727
0.368879
0.405162
0.461576
0.514298
0.201644
0.20108
0.513822
0.458956
0.403247
0.366555
0.345613
0.336563
0.330754
0.32909
0.329746
0.330209
0.331222
0.333338
0.337969
0.347918
0.368109
0.404487
0.461043
0.514383
0.201427
0.201049
0.513417
0.45855
0.402843
0.36634
0.345559
0.335516
0.331017
0.329308
0.328849
0.329129
0.330184
0.332273
0.336856
0.34742
0.367285
0.403684
0.459287
0.513844
0.20076
0.200691
0.513006
0.458217
0.402876
0.366401
0.346702
0.336257
0.331609
0.329864
0.329586
0.33086
0.330839
0.332729
0.33702
0.346807
0.366931
0.403096
0.458792
0.512648
0.200513
0.200405
0.512449
0.458218
0.402811
0.366554
0.346782
0.337452
0.333931
0.331424
0.330446
0.33072
0.332624
0.334274
0.338759
0.347785
0.366572
0.40237
0.458012
0.512073
0.200069
0.200044
0.511804
0.457347
0.402307
0.36664
0.348058
0.338987
0.334558
0.33284
0.331297
0.331214
0.332159
0.334836
0.338385
0.34729
0.366267
0.401422
0.456126
0.511102
0.199749
0.199614
0.510947
0.455786
0.401847
0.366455
0.347885
0.339107
0.335349
0.333938
0.333754
0.333691
0.332948
0.334134
0.337833
0.346828
0.366043
0.400274
0.454299
0.510306
0.199302
0.199552
0.510489
0.455124
0.400975
0.366576
0.348066
0.339874
0.336214
0.334861
0.334601
0.334555
0.333884
0.335943
0.338407
0.347492
0.365432
0.399112
0.453268
0.509357
0.198836
0.199239
0.510314
0.454271
0.400764
0.366548
0.348591
0.340124
0.336672
0.335517
0.335794
0.33609
0.335885
0.335779
0.338922
0.346898
0.364911
0.398102
0.451647
0.508354
0.198037
0.199198
0.509659
0.453507
0.400156
0.367313
0.350025
0.34235
0.337996
0.336844
0.3375
0.337514
0.337554
0.337954
0.339967
0.348126
0.364698
0.397616
0.450916
0.507978
0.197726
0.19853
0.50851
0.45203
0.39952
0.367115
0.350808
0.343407
0.340207
0.339063
0.339112
0.338923
0.338789
0.33908
0.341008
0.348354
0.365068
0.396972
0.449578
0.507708
0.197581
0.198096
0.50776
0.451139
0.398804
0.366723
0.351781
0.344526
0.341572
0.340707
0.340578
0.340517
0.340459
0.340706
0.343113
0.349211
0.365191
0.396538
0.448813
0.507275
0.19773
0.197312
0.506727
0.449691
0.397911
0.366614
0.352394
0.345595
0.342802
0.342194
0.342125
0.342057
0.342072
0.342707
0.344641
0.35104
0.365772
0.396253
0.448076
0.507793
0.197647
0.196844
0.506011
0.448436
0.397192
0.366639
0.352937
0.346574
0.343939
0.343403
0.343381
0.343396
0.343486
0.344114
0.346332
0.352037
0.366193
0.395954
0.447238
0.507606
0.197474
0.196327
0.504974
0.447237
0.396469
0.36676
0.353635
0.348021
0.345932
0.345208
0.345031
0.345033
0.345145
0.345679
0.347607
0.353097
0.366363
0.39555
0.446449
0.506038
0.19699
0.195613
0.503893
0.446019
0.396036
0.367253
0.354581
0.349589
0.347671
0.346908
0.346627
0.346557
0.346615
0.34714
0.34892
0.353819
0.366121
0.395035
0.44558
0.50517
0.196462
0.195183
0.502817
0.444787
0.395157
0.366908
0.355244
0.350736
0.349076
0.348427
0.348191
0.348083
0.348009
0.348264
0.349616
0.353757
0.365758
0.394312
0.444466
0.503946
0.19598
0.194748
0.501989
0.443345
0.394314
0.365701
0.355484
0.351906
0.350427
0.349856
0.349611
0.34944
0.349307
0.349432
0.350338
0.353053
0.36604
0.393664
0.443443
0.503284
0.195482
0.194292
0.501022
0.442031
0.393206
0.365136
0.355425
0.352462
0.351378
0.351033
0.35087
0.350678
0.350457
0.350367
0.350905
0.353477
0.364224
0.392243
0.441572
0.502023
0.194891
0.193929
0.50036
0.440302
0.391984
0.364643
0.353889
0.352681
0.35223
0.352125
0.352043
0.351848
0.351521
0.351138
0.350926
0.351593
0.362394
0.390819
0.439667
0.50097
0.194215
0.193381
0.499339
0.438405
0.390277
0.364845
0.354114
0.352875
0.35295
0.353119
0.353136
0.352929
0.352471
0.351751
0.350854
0.351359
0.361836
0.389573
0.437899
0.499397
0.193556
0.192821
0.498311
0.436263
0.387955
0.36201
0.350876
0.351824
0.353315
0.35394
0.354118
0.353911
0.353294
0.352103
0.349758
0.351193
0.361417
0.387926
0.43579
0.497726
0.192689
0.191845
0.496649
0.433514
0.385202
0.35925
0.349587
0.350349
0.35359
0.354769
0.355127
0.35492
0.35415
0.35262
0.349671
0.351427
0.361735
0.386604
0.433805
0.496541
0.192181
0.191033
0.494962
0.430469
0.382258
0.355742
0.348483
0.351377
0.354123
0.355546
0.35606
0.355851
0.354915
0.353017
0.349731
0.352333
0.360574
0.384685
0.431688
0.495469
0.191597
0.190045
0.493431
0.427078
0.379067
0.353701
0.347595
0.349261
0.353723
0.356154
0.356993
0.356844
0.35577
0.353388
0.349672
0.350461
0.358749
0.38231
0.428799
0.493749
0.190585
0.188605
0.49083
0.423176
0.375291
0.3527
0.347502
0.349426
0.353135
0.356865
0.358013
0.357917
0.356779
0.354351
0.349817
0.348791
0.355912
0.379756
0.425875
0.491934
0.189595
0.187082
0.488469
0.418822
0.371074
0.352323
0.348383
0.351381
0.355971
0.358282
0.359247
0.359118
0.357922
0.355486
0.351664
0.348078
0.352948
0.376768
0.422388
0.489845
0.188411
0.184947
0.485372
0.413991
0.366554
0.347379
0.345882
0.349597
0.355866
0.359092
0.360396
0.360322
0.358984
0.356178
0.351621
0.348133
0.352066
0.374043
0.418299
0.487674
0.187024
0.182265
0.481439
0.408401
0.362258
0.344357
0.344485
0.351294
0.357176
0.360409
0.361754
0.361661
0.360191
0.35702
0.351076
0.348743
0.351462
0.370079
0.412856
0.483781
0.184501
0.179028
0.476483
0.40244
0.358562
0.34318
0.345872
0.351255
0.357785
0.361417
0.362982
0.362925
0.361312
0.357797
0.351144
0.346601
0.351491
0.365979
0.407225
0.4796
0.181814
0.175254
0.470678
0.395739
0.354066
0.340088
0.344486
0.350161
0.358128
0.362229
0.364056
0.364106
0.362485
0.358976
0.352988
0.345954
0.347821
0.360988
0.400527
0.473898
0.178022
0.17133
0.464285
0.389155
0.351016
0.339227
0.343175
0.349911
0.357397
0.36214
0.364484
0.364769
0.363143
0.359394
0.352093
0.344971
0.344543
0.356401
0.393603
0.468127
0.173971
0.166444
0.456224
0.381175
0.347835
0.338845
0.344711
0.350492
0.356535
0.360953
0.363801
0.364561
0.362999
0.359433
0.35374
0.345099
0.342205
0.351566
0.384973
0.459472
0.168332
0.16113
0.447061
0.372892
0.34457
0.338597
0.342286
0.350031
0.358146
0.362555
0.363449
0.3634
0.36161
0.357809
0.351999
0.345778
0.341928
0.346742
0.375603
0.449199
0.162198
0.155224
0.435942
0.363193
0.338287
0.335505
0.342481
0.350422
0.356866
0.361329
0.364574
0.365065
0.363514
0.359859
0.353684
0.344098
0.33857
0.340682
0.364983
0.437185
0.155622
0.149776
0.4243
0.354414
0.334427
0.334593
0.343413
0.353507
0.359817
0.363407
0.364025
0.363751
0.362004
0.358292
0.352372
0.343933
0.335701
0.335275
0.354576
0.423654
0.148774
0.144142
0.411612
0.346292
0.330855
0.335269
0.344597
0.354173
0.36038
0.364189
0.366063
0.36586
0.363148
0.35948
0.353985
0.347193
0.337747
0.33183
0.345274
0.410075
0.142871
0.139561
0.398977
0.340102
0.329304
0.338576
0.348233
0.356059
0.361622
0.365057
0.366613
0.366359
0.363998
0.360516
0.355138
0.348203
0.337403
0.329049
0.337507
0.395993
0.137719
0.13581
0.386154
0.335932
0.329683
0.338762
0.349395
0.357234
0.362748
0.365718
0.367157
0.366556
0.364949
0.362151
0.358484
0.351442
0.340845
0.329298
0.332867
0.382911
0.134495
0.135008
0.373327
0.331722
0.332817
0.343089
0.351517
0.35775
0.362422
0.365401
0.367005
0.367593
0.365617
0.362949
0.359388
0.353347
0.343591
0.332285
0.330687
0.370321
0.133879
0.135331
0.362906
0.330536
0.33465
0.345537
0.354416
0.360459
0.363357
0.365868
0.367207
0.367425
0.366774
0.363852
0.360688
0.355367
0.346829
0.3357
0.330446
0.359929
0.13464
0.137931
0.354536
0.330711
0.33854
0.348629
0.35607
0.361284
0.364831
0.366625
0.367715
0.36779
0.367003
0.365265
0.361883
0.357034
0.349693
0.338988
0.331153
0.353499
0.138831
0.142174
0.346642
0.331849
0.341593
0.351459
0.358108
0.362205
0.364911
0.367524
0.368637
0.368645
0.367539
0.365714
0.362887
0.358604
0.352515
0.343447
0.334155
0.348711
0.144547
0.148577
0.341904
0.33483
0.34565
0.354296
0.35979
0.363077
0.365099
0.36708
0.367949
0.367972
0.366954
0.36544
0.363226
0.360296
0.355202
0.346833
0.336781
0.343672
0.150376
0.156707
0.337481
0.338704
0.35005
0.357702
0.361951
0.364122
0.365873
0.366917
0.367381
0.367439
0.367089
0.366141
0.364077
0.362055
0.357993
0.350489
0.33927
0.338561
0.158059
0.165835
0.333932
0.342527
0.354218
0.360622
0.363765
0.365297
0.365917
0.366503
0.366723
0.366753
0.366603
0.366216
0.365465
0.363887
0.360844
0.354615
0.343191
0.334722
0.166695
0.178141
0.332767
0.348032
0.3591
0.363959
0.365852
0.366456
0.366396
0.366495
0.36657
0.366588
0.36654
0.366387
0.366313
0.365726
0.363916
0.359111
0.348243
0.33326
0.178585
0.191794
0.333465
0.355023
0.364429
0.36749
0.368113
0.367933
0.36752
0.367061
0.366884
0.366878
0.367037
0.367462
0.367829
0.368084
0.367489
0.364438
0.355047
0.333706
0.191665
0.20829
0.340042
0.363507
0.37011
0.371093
0.370447
0.369475
0.368628
0.368069
0.367791
0.367789
0.368066
0.368617
0.369463
0.370405
0.37104
0.370072
0.363469
0.339785
0.208048
0.226363
0.349696
0.373434
0.37603
0.374568
0.372593
0.370941
0.369736
0.368962
0.368586
0.36858
0.368949
0.369707
0.370905
0.37255
0.374526
0.375997
0.373411
0.349742
0.226288
0.246746
0.365384
0.384396
0.381606
0.377494
0.374259
0.372024
0.370563
0.369683
0.36927
0.369267
0.369676
0.370548
0.372006
0.374246
0.377503
0.381663
0.384536
0.365401
0.246657
0.26846
0.38598
0.395763
0.386257
0.379385
0.375273
0.372753
0.371229
0.370357
0.369962
0.369962
0.370356
0.371223
0.372741
0.375259
0.379372
0.386256
0.395752
0.385717
0.268407
0.291254
0.411233
0.405164
0.388437
0.380069
0.375691
0.373253
0.371854
0.371096
0.370766
0.370766
0.371097
0.371854
0.373246
0.375686
0.380062
0.388454
0.405233
0.411551
0.291562
0.314625
0.434991
0.409257
0.388899
0.380053
0.375763
0.373595
0.372483
0.371937
0.371718
0.37172
0.371943
0.372493
0.373597
0.375768
0.380051
0.388917
0.409294
0.435042
0.314383
0.337795
0.444991
0.406994
0.385667
0.378067
0.375039
0.373756
0.373189
0.37295
0.372867
0.372868
0.372957
0.3732
0.373766
0.375045
0.378067
0.385655
0.406981
0.445004
0.338232
0.364498
0.421713
0.386507
0.377504
0.375372
0.374622
0.374346
0.374271
0.374255
0.374252
0.374252
0.374254
0.374271
0.374346
0.374623
0.375373
0.377507
0.386512
0.421732
0.364374
)
;

boundaryField
{
    fixedWalls_1
    {
        type            kqRWallFunction;
        value           nonuniform List<scalar> 
200
(
0.20265
0.202216
0.20195
0.203374
0.204277
0.202946
0.203663
0.202621
0.203258
0.202813
0.202166
0.203054
0.202124
0.20258
0.202443
0.202327
0.202
0.20297
0.203782
0.204236
0.202978
0.203528
0.202724
0.203402
0.202604
0.203415
0.204047
0.203906
0.203964
0.204305
0.203683
0.204067
0.203923
0.203148
0.20351
0.202989
0.203571
0.203396
0.203974
0.203532
0.20371
0.203062
0.202293
0.201601
0.201141
0.200791
0.200737
0.200412
0.200329
0.199694
0.199122
0.198563
0.198039
0.197698
0.197211
0.197015
0.196486
0.195938
0.195644
0.19493
0.194426
0.193968
0.193298
0.192683
0.191947
0.191001
0.190226
0.189467
0.188297
0.187069
0.18539
0.183658
0.181588
0.179006
0.175979
0.172214
0.168128
0.163002
0.157477
0.151932
0.146514
0.141491
0.137792
0.136597
0.136892
0.13931
0.144419
0.149964
0.157509
0.166985
0.177913
0.192124
0.207938
0.226171
0.246795
0.268185
0.291516
0.314342
0.337891
0.364465
0.204163
0.203017
0.20363
0.203982
0.203936
0.203796
0.203443
0.203274
0.202512
0.202173
0.201949
0.201984
0.20174
0.202628
0.202657
0.202412
0.203246
0.20315
0.202821
0.203367
0.203166
0.203711
0.203092
0.203994
0.203804
0.204167
0.204477
0.205033
0.204215
0.204389
0.204369
0.20442
0.204448
0.204312
0.203421
0.20342
0.202768
0.20217
0.201496
0.201147
0.201023
0.200839
0.200758
0.201041
0.200807
0.200674
0.200498
0.199712
0.19961
0.199229
0.198908
0.198676
0.19867
0.198178
0.19843
0.197706
0.197286
0.196914
0.196426
0.195879
0.195422
0.194726
0.194168
0.193373
0.192682
0.191522
0.190598
0.189495
0.188651
0.187206
0.185946
0.184558
0.182526
0.179965
0.176824
0.172492
0.167884
0.16184
0.155792
0.149709
0.144037
0.139951
0.137447
0.137015
0.137508
0.140506
0.144703
0.150318
0.158097
0.166592
0.178388
0.191587
0.208122
0.226289
0.246508
0.26851
0.29121
0.314576
0.337879
0.364476
)
;
    }
    frontAndBack_1
    {
        type            empty;
    }
    inlet_1
    {
        type            fixedValue;
        value           uniform 0.375;
    }
    outlet_1
    {
        type            zeroGradient;
    }
    fixedWalls_2
    {
        type            kqRWallFunction;
        value           nonuniform List<scalar> 
200
(
0.552268
0.550345
0.547856
0.551434
0.548681
0.545068
0.550214
0.545061
0.549338
0.551917
0.552581
0.552381
0.552177
0.547477
0.555546
0.558456
0.553632
0.554627
0.550634
0.549669
0.544429
0.544791
0.542241
0.541213
0.538275
0.539592
0.541347
0.538544
0.541383
0.536745
0.539311
0.542019
0.540451
0.535355
0.534496
0.533697
0.535847
0.534789
0.533007
0.531789
0.527635
0.527874
0.525857
0.525564
0.526749
0.526005
0.523007
0.520555
0.518754
0.516205
0.513718
0.510779
0.509589
0.507692
0.506728
0.505643
0.504509
0.503369
0.501435
0.499549
0.496973
0.491849
0.487762
0.482523
0.479588
0.474856
0.471491
0.466113
0.46302
0.460193
0.453964
0.443892
0.430282
0.413632
0.398995
0.379254
0.361835
0.342007
0.325657
0.306481
0.287499
0.266815
0.247621
0.232153
0.225092
0.225448
0.233274
0.243706
0.251936
0.260645
0.271963
0.282731
0.29445
0.307686
0.318667
0.331336
0.341515
0.352048
0.360461
0.368049
0.549785
0.547413
0.54589
0.540143
0.540304
0.540674
0.539105
0.53636
0.537553
0.539668
0.538587
0.539133
0.53565
0.54357
0.542139
0.543478
0.542127
0.540958
0.536752
0.538594
0.540704
0.539213
0.544546
0.544092
0.543683
0.539302
0.53962
0.540598
0.538634
0.533725
0.535586
0.538208
0.537979
0.536873
0.536919
0.533323
0.538425
0.538884
0.537948
0.53595
0.537196
0.531731
0.532559
0.532644
0.530965
0.524852
0.524936
0.522085
0.520651
0.517652
0.515302
0.513121
0.51051
0.508622
0.50519
0.501496
0.495764
0.490688
0.485159
0.479396
0.475288
0.469683
0.465571
0.461114
0.457277
0.453849
0.450887
0.447818
0.440872
0.435679
0.428941
0.420146
0.409465
0.393657
0.376623
0.36128
0.344743
0.330407
0.315295
0.299103
0.280421
0.261688
0.242734
0.231386
0.228488
0.228943
0.234577
0.243469
0.251047
0.260841
0.273932
0.281785
0.295957
0.30653
0.318571
0.331512
0.341003
0.352151
0.360093
0.368264
)
;
    }
    frontAndBack_2
    {
        type            empty;
    }
    inlet_2
    {
        type            fixedValue;
        value           uniform 0.375;
    }
    outlet_2
    {
        type            zeroGradient;
    }
    fixedWalls_3
    {
        type            kqRWallFunction;
        value           nonuniform List<scalar> 
200
(
0.971426
0.969629
0.964865
0.972537
0.970572
0.966859
0.972035
0.966807
0.973352
0.97222
0.966548
0.971758
0.969925
0.963144
0.966599
0.970997
0.971326
0.969255
0.966787
0.963093
0.965158
0.963607
0.961871
0.960289
0.952734
0.953433
0.953874
0.957381
0.95678
0.95525
0.954399
0.953441
0.951454
0.953322
0.956831
0.956987
0.956553
0.954201
0.957175
0.951317
0.951027
0.949591
0.947848
0.945817
0.943037
0.939785
0.933895
0.927162
0.925776
0.921719
0.918505
0.914276
0.909148
0.904825
0.898049
0.893659
0.887038
0.877077
0.869351
0.868087
0.865088
0.861633
0.854885
0.844899
0.833484
0.819958
0.804059
0.788451
0.770111
0.754104
0.736724
0.722496
0.7011
0.676619
0.657354
0.63523
0.620849
0.593435
0.566908
0.540602
0.50452
0.473273
0.440145
0.410302
0.365074
0.332353
0.325035
0.320893
0.297081
0.300654
0.311776
0.32163
0.327879
0.338125
0.343573
0.352278
0.357016
0.362514
0.366193
0.369864
0.939778
0.931465
0.933065
0.932345
0.930835
0.927942
0.93098
0.930045
0.9304
0.930609
0.929378
0.926022
0.933462
0.936429
0.932576
0.937431
0.936052
0.933495
0.940039
0.938852
0.935004
0.940118
0.942833
0.946206
0.944331
0.943651
0.944374
0.944162
0.946249
0.946796
0.940868
0.940926
0.936843
0.935781
0.933081
0.930327
0.929819
0.927652
0.926705
0.927283
0.925526
0.920352
0.91853
0.914701
0.914011
0.91076
0.908944
0.905408
0.903612
0.898604
0.896599
0.892087
0.891197
0.88972
0.887735
0.885901
0.882741
0.880641
0.87709
0.874187
0.873027
0.865711
0.864497
0.849523
0.847369
0.843157
0.833773
0.826121
0.816056
0.792509
0.778387
0.764277
0.742203
0.72031
0.697362
0.671219
0.661728
0.622501
0.578076
0.524782
0.47678
0.437484
0.394886
0.35836
0.320847
0.302785
0.296484
0.296359
0.297472
0.301478
0.311021
0.321458
0.32755
0.338221
0.343569
0.351642
0.357211
0.362126
0.366174
0.369941
)
;
    }
    frontAndBack_3
    {
        type            empty;
    }
    inlet_3
    {
        type            fixedValue;
        value           uniform 0.375;
    }
    outlet_3
    {
        type            zeroGradient;
    }
    fixedWalls_4
    {
        type            kqRWallFunction;
        value           nonuniform List<scalar> 
200
(
0.54868
0.546688
0.54585
0.539245
0.541626
0.541671
0.545214
0.544734
0.543422
0.541025
0.546844
0.541865
0.546375
0.549536
0.546635
0.550677
0.546936
0.553019
0.550927
0.554479
0.552735
0.551286
0.546767
0.548976
0.548251
0.546001
0.542365
0.548392
0.552592
0.552294
0.551414
0.550724
0.546285
0.546931
0.546601
0.545165
0.541783
0.539866
0.540024
0.537215
0.538596
0.538258
0.536883
0.535253
0.533632
0.528656
0.526475
0.523909
0.521285
0.518732
0.516114
0.514058
0.511191
0.508986
0.50599
0.50363
0.500161
0.497478
0.493238
0.488816
0.484897
0.480779
0.478089
0.474434
0.470346
0.465511
0.45999
0.453746
0.448466
0.443802
0.43367
0.421035
0.409722
0.398472
0.38996
0.375119
0.362253
0.347156
0.329389
0.311509
0.293173
0.27669
0.264
0.255835
0.246354
0.234874
0.23364
0.240125
0.250431
0.259623
0.273033
0.282249
0.296297
0.305793
0.319886
0.330707
0.341848
0.351931
0.360381
0.368101
0.537472
0.532084
0.534693
0.536119
0.534479
0.53947
0.536954
0.542527
0.542017
0.541549
0.548879
0.545072
0.551558
0.552127
0.550698
0.54739
0.553117
0.552601
0.55108
0.545225
0.546315
0.546987
0.545268
0.540704
0.540073
0.539542
0.537838
0.533036
0.532084
0.531574
0.530561
0.526116
0.525257
0.523616
0.522666
0.522124
0.523536
0.525451
0.522104
0.525582
0.520961
0.524942
0.528312
0.527511
0.525194
0.521499
0.52273
0.517326
0.517093
0.516411
0.514077
0.509621
0.506956
0.505065
0.502699
0.49829
0.493379
0.488057
0.482346
0.476529
0.470234
0.467392
0.464627
0.462584
0.45906
0.456888
0.45217
0.448819
0.443926
0.4395
0.432227
0.42443
0.417064
0.409658
0.39858
0.385616
0.371349
0.351192
0.328889
0.303125
0.275517
0.254812
0.246019
0.236366
0.228895
0.230322
0.236634
0.240727
0.252286
0.26063
0.273274
0.28139
0.295657
0.3071
0.318895
0.331288
0.341565
0.352009
0.360491
0.368043
)
;
    }
    frontAndBack_4
    {
        type            empty;
    }
    inlet_4
    {
        type            fixedValue;
        value           uniform 0.375;
    }
    outlet_4
    {
        type            zeroGradient;
    }
    fixedWalls_5
    {
        type            kqRWallFunction;
        value           nonuniform List<scalar> 
200
(
0.204899
0.205076
0.205578
0.2063
0.206635
0.206462
0.2062
0.206036
0.20561
0.205841
0.205507
0.205899
0.205089
0.20512
0.205287
0.205207
0.206123
0.205958
0.205981
0.205846
0.205773
0.20522
0.205042
0.204895
0.204014
0.204432
0.204657
0.204671
0.204712
0.204277
0.204547
0.204948
0.204765
0.204407
0.204299
0.203425
0.203541
0.202905
0.203058
0.202539
0.202736
0.202594
0.202253
0.201928
0.201391
0.20108
0.201049
0.200691
0.200405
0.200044
0.199614
0.199552
0.199239
0.199198
0.19853
0.198096
0.197312
0.196844
0.196327
0.195613
0.195183
0.194748
0.194292
0.193929
0.193381
0.192821
0.191845
0.191033
0.190045
0.188605
0.187082
0.184947
0.182265
0.179028
0.175254
0.17133
0.166444
0.16113
0.155224
0.149776
0.144142
0.139561
0.13581
0.135008
0.135331
0.137931
0.142174
0.148577
0.156707
0.165835
0.178141
0.191794
0.20829
0.226363
0.246746
0.26846
0.291254
0.314625
0.337795
0.364498
0.204761
0.204051
0.204611
0.204618
0.204764
0.204023
0.203799
0.203989
0.203246
0.203793
0.203916
0.204166
0.203881
0.204153
0.204315
0.203942
0.203602
0.203182
0.203601
0.203585
0.203748
0.203934
0.20445
0.20506
0.205004
0.204921
0.204401
0.204772
0.204763
0.204708
0.204739
0.204448
0.204219
0.203421
0.203092
0.202843
0.202512
0.202466
0.202159
0.201932
0.201585
0.201803
0.201448
0.201997
0.201644
0.201427
0.20076
0.200513
0.200069
0.199749
0.199302
0.198836
0.198037
0.197726
0.197581
0.19773
0.197647
0.197474
0.19699
0.196462
0.19598
0.195482
0.194891
0.194215
0.193556
0.192689
0.192181
0.191597
0.190585
0.189595
0.188411
0.187024
0.184501
0.181814
0.178022
0.173971
0.168332
0.162198
0.155622
0.148774
0.142871
0.137719
0.134495
0.133879
0.13464
0.138831
0.144547
0.150376
0.158059
0.166695
0.178585
0.191665
0.208048
0.226288
0.246657
0.268407
0.291562
0.314383
0.338232
0.364374
)
;
    }
    frontAndBack_5
    {
        type            empty;
    }
    inlet_5
    {
        type            fixedValue;
        value           uniform 0.375;
    }
    outlet_5
    {
        type            zeroGradient;
    }
}


// ************************************************************************* //
