/*--------------------------------*- C++ -*----------------------------------*\
  =========                 |
  \\      /  F ield         | OpenFOAM: The Open Source CFD Toolbox
   \\    /   O peration     | Website:  https://openfoam.org
    \\  /    A nd           | Version:  6
     \\/     M anipulation  |
\*---------------------------------------------------------------------------*/
FoamFile
{
    version     2.0;
    format      ascii;
    class       volScalarField;
    location    "18";
    object      p;
}
// * * * * * * * * * * * * * * * * * * * * * * * * * * * * * * * * * * * * * //

dimensions      [0 2 -2 0 0 0 0];

internalField   nonuniform List<scalar> 
10000
(
0.00344229
-0.000119684
-0.000591846
0.00238728
0.00387024
0.00475209
0.00567761
0.00676172
0.00789718
0.00852232
0.00857221
0.00767424
0.0055489
0.00222464
-0.00238008
-0.00746918
-0.0125921
-0.0171766
-0.0139813
-0.0053193
-0.00401852
-0.00631426
0.00177787
0.0183593
0.0325923
0.0417518
0.046687
0.0496061
0.051656
0.0528184
0.0534298
0.052794
0.0518488
0.0495945
0.0456329
0.0381495
0.0259622
0.01228
0.00546607
0.00588127
0.0469041
0.0424886
0.0439135
0.0531707
0.0658324
0.0785092
0.0889145
0.0963574
0.101108
0.103758
0.104794
0.104464
0.102833
0.100535
0.098086
0.0957415
0.0933826
0.0911796
0.0879373
0.0836478
0.123454
0.124768
0.125663
0.129606
0.136048
0.142932
0.149152
0.15416
0.157716
0.160105
0.161507
0.162353
0.162921
0.163479
0.163993
0.164632
0.164473
0.162853
0.159924
0.156423
0.218611
0.225367
0.226374
0.223134
0.219884
0.217735
0.21732
0.217995
0.219245
0.220525
0.221816
0.223435
0.225354
0.228303
0.23189
0.236039
0.24023
0.242859
0.241203
0.236385
0.287235
0.291636
0.293244
0.290239
0.285594
0.281317
0.27859
0.27739
0.277363
0.278002
0.278929
0.280238
0.282272
0.285313
0.289344
0.294134
0.298623
0.301323
0.300478
0.297948
0.332013
0.329344
0.328719
0.32782
0.326895
0.326914
0.327531
0.328581
0.329832
0.331125
0.332496
0.334009
0.335505
0.336916
0.337866
0.338195
0.338019
0.33734
0.337429
0.340363
0.380288
0.376557
0.376216
0.37736
0.378537
0.38025
0.381879
0.383361
0.384486
0.38548
0.386049
0.386255
0.386117
0.385153
0.383253
0.380505
0.37773
0.375831
0.376038
0.37958
0.443688
0.443676
0.445042
0.446598
0.447073
0.44625
0.444941
0.443796
0.443017
0.442369
0.441649
0.440519
0.438437
0.435259
0.431048
0.425884
0.420949
0.417975
0.419021
0.423208
0.511905
0.514359
0.515332
0.514513
0.512733
0.509772
0.506732
0.504242
0.502479
0.501315
0.500499
0.499453
0.49816
0.496311
0.494099
0.491863
0.489661
0.488511
0.489075
0.489668
0.564288
0.563239
0.562824
0.563031
0.563169
0.562791
0.56189
0.560879
0.559995
0.559434
0.559172
0.559543
0.560378
0.562396
0.565437
0.569488
0.573853
0.577065
0.575989
0.569771
0.612804
0.611158
0.610217
0.610791
0.61232
0.613885
0.614783
0.615218
0.615291
0.615397
0.615504
0.616027
0.617222
0.619256
0.622203
0.626046
0.630017
0.632889
0.632803
0.62982
0.659332
0.657321
0.65607
0.657274
0.660303
0.663814
0.666712
0.668614
0.669744
0.670352
0.67089
0.671415
0.671848
0.672237
0.672551
0.672606
0.672561
0.672548
0.673256
0.675764
0.712065
0.713322
0.715002
0.717545
0.720246
0.722459
0.724011
0.725058
0.725745
0.726284
0.726728
0.726943
0.72722
0.72701
0.72642
0.725307
0.723993
0.723103
0.722832
0.724164
0.769876
0.775638
0.779231
0.779655
0.77905
0.778503
0.778595
0.77907
0.779719
0.780224
0.780677
0.781004
0.781067
0.780777
0.779867
0.777906
0.775491
0.773525
0.772921
0.774077
0.822222
0.821335
0.820878
0.821947
0.824142
0.827032
0.829735
0.831771
0.833104
0.834004
0.834503
0.834577
0.834635
0.834448
0.834182
0.833698
0.832926
0.831942
0.830993
0.830586
0.889759
0.889986
0.888396
0.886019
0.885123
0.885613
0.886634
0.887672
0.888401
0.88866
0.888446
0.887902
0.886775
0.885619
0.884691
0.884535
0.885479
0.886311
0.885624
0.883363
0.953466
0.95343
0.952652
0.950282
0.94791
0.946424
0.945914
0.946127
0.946517
0.946654
0.946433
0.945544
0.944055
0.941336
0.937388
0.932769
0.928223
0.92519
0.92634
0.930364
1.02087
1.02056
1.02062
1.01895
1.016
1.0129
1.01051
1.00914
1.00858
1.00839
1.00846
1.00866
1.00875
1.00872
1.00843
1.00762
1.0067
1.00639
1.0066
1.00626
1.09141
1.09108
1.0908
1.08883
1.08497
1.08034
1.07619
1.07333
1.07161
1.0709
1.07071
1.07116
1.07267
1.07564
1.0805
1.08692
1.0935
1.09792
1.09663
1.09003
1.14811
1.1476
1.14715
1.14583
1.14304
1.13929
1.13566
1.13269
1.13072
1.12962
1.12934
1.12987
1.13094
1.13324
1.13665
1.14099
1.14561
1.14862
1.14871
1.14722
1.18506
1.18291
1.18308
1.1849
1.18648
1.187
1.18671
1.18582
1.18496
1.18449
1.18459
1.18494
1.18576
1.18621
1.18591
1.18458
1.18245
1.18052
1.18122
1.18622
1.22147
1.21908
1.21969
1.22346
1.22808
1.23168
1.23401
1.23511
1.23557
1.23573
1.23601
1.23643
1.23683
1.2369
1.23632
1.23457
1.23196
1.2295
1.22891
1.23126
1.27184
1.27215
1.27174
1.27281
1.27575
1.27919
1.28244
1.2849
1.28641
1.28724
1.28742
1.28698
1.28597
1.28418
1.28216
1.28054
1.27944
1.27921
1.27936
1.27897
1.32798
1.3277
1.32622
1.3275
1.33084
1.33459
1.33799
1.34037
1.34171
1.34213
1.34203
1.3413
1.33962
1.33697
1.33335
1.32911
1.32531
1.3235
1.32482
1.32718
1.39402
1.39723
1.39865
1.39877
1.3989
1.39937
1.40009
1.40072
1.40111
1.40106
1.40059
1.39955
1.39833
1.39678
1.39505
1.39325
1.39132
1.38976
1.38991
1.39079
1.46389
1.46814
1.47047
1.46821
1.46477
1.46229
1.46099
1.46061
1.46084
1.46106
1.4612
1.46131
1.46135
1.46185
1.46292
1.46473
1.46675
1.46764
1.4676
1.46625
1.52878
1.53149
1.53282
1.53072
1.52714
1.52377
1.52154
1.52058
1.52051
1.52103
1.52186
1.52304
1.52508
1.52807
1.5322
1.53722
1.54206
1.54524
1.5456
1.54297
1.5818
1.57883
1.5784
1.57897
1.57895
1.57864
1.57821
1.5779
1.578
1.57855
1.5796
1.58125
1.58355
1.587
1.59149
1.59668
1.60168
1.60508
1.6056
1.60332
1.63769
1.63467
1.63393
1.63407
1.63417
1.63447
1.63465
1.63475
1.63489
1.63528
1.636
1.63692
1.63824
1.63939
1.64028
1.64077
1.64079
1.64046
1.64118
1.64353
1.69488
1.69201
1.69046
1.69055
1.69084
1.69115
1.6912
1.69108
1.69083
1.69048
1.69017
1.68987
1.68929
1.6881
1.68604
1.68295
1.67985
1.67795
1.67853
1.68161
1.75537
1.75556
1.75549
1.75548
1.75468
1.75308
1.75101
1.74899
1.74728
1.74591
1.74447
1.74274
1.74045
1.73707
1.73258
1.72708
1.72155
1.71825
1.71929
1.72258
1.80489
1.80793
1.80906
1.80773
1.80559
1.80373
1.80246
1.80163
1.80111
1.80075
1.80039
1.7998
1.79846
1.79652
1.79394
1.79088
1.78779
1.78568
1.78514
1.78432
1.84335
1.83802
1.83528
1.83673
1.84045
1.84538
1.84998
1.85347
1.85557
1.85706
1.85801
1.85888
1.85981
1.86117
1.86318
1.86593
1.86885
1.87065
1.86796
1.86079
1.91054
1.90933
1.90772
1.90754
1.90904
1.91106
1.91293
1.91432
1.91525
1.91574
1.91609
1.91661
1.91725
1.91852
1.92034
1.92266
1.92503
1.92651
1.9254
1.9223
1.98893
1.9954
1.99779
1.99518
1.99063
1.98525
1.9809
1.97795
1.97633
1.97531
1.97471
1.97411
1.97384
1.97359
1.9734
1.9732
1.97277
1.97225
1.97271
1.97469
2.04493
2.04784
2.04944
2.04803
2.0448
2.04071
2.03706
2.03431
2.03259
2.03154
2.03104
2.03086
2.03089
2.03101
2.03117
2.03132
2.03143
2.0314
2.03113
2.03101
2.08449
2.08188
2.08166
2.08355
2.08562
2.08711
2.08742
2.08704
2.08635
2.08599
2.08571
2.08566
2.08569
2.08562
2.08546
2.08521
2.08485
2.08436
2.08375
2.08325
2.12799
2.12672
2.12701
2.12952
2.13298
2.13648
2.13897
2.1405
2.14111
2.14139
2.1415
2.1417
2.14163
2.14138
2.14063
2.1394
2.13802
2.13675
2.13592
2.13544
2.18153
2.18065
2.17996
2.18181
2.18523
2.18925
2.19281
2.19567
2.1975
2.19879
2.19958
2.20034
2.20095
2.20134
2.20115
2.20031
2.19894
2.19766
2.19683
2.19626
2.25387
2.2563
2.2569
2.25696
2.25676
2.25652
2.25642
2.25666
2.25714
2.2578
2.25858
2.25978
2.26124
2.26328
2.26555
2.2679
2.26977
2.27057
2.26935
2.26674
2.32659
2.33292
2.33529
2.33224
2.32693
2.32177
2.31804
2.31586
2.31471
2.31437
2.3142
2.31451
2.31517
2.3166
2.31906
2.32281
2.32713
2.33017
2.32898
2.32453
2.37699
2.37594
2.37624
2.37631
2.37534
2.37389
2.37226
2.37059
2.36915
2.36798
2.36699
2.36584
2.36404
2.36138
2.3577
2.35369
2.35006
2.34768
2.34876
2.35344
2.42451
2.423
2.42324
2.42429
2.42536
2.42597
2.42579
2.42509
2.42411
2.42308
2.42197
2.42052
2.41844
2.4151
2.40992
2.40306
2.39561
2.39031
2.39087
2.39657
2.47067
2.46797
2.46698
2.46897
2.47207
2.47523
2.4776
2.47926
2.48011
2.48052
2.48056
2.48042
2.47989
2.47944
2.47888
2.47803
2.47701
2.47646
2.47521
2.47217
2.53201
2.5311
2.53011
2.53152
2.53395
2.53637
2.53812
2.53948
2.54032
2.54123
2.54194
2.54301
2.54446
2.54688
2.55036
2.55507
2.56016
2.5638
2.56184
2.55438
2.60687
2.61141
2.61191
2.60969
2.60701
2.60465
2.60293
2.60188
2.60136
2.60126
2.60153
2.60262
2.60445
2.60754
2.61164
2.61666
2.62138
2.62386
2.62247
2.61855
2.67096
2.67424
2.67586
2.67457
2.67118
2.66721
2.66379
2.66122
2.65954
2.65868
2.6585
2.65899
2.65997
2.6612
2.66237
2.66334
2.66376
2.66333
2.66349
2.66559
2.72158
2.72275
2.72373
2.72372
2.72222
2.71982
2.71741
2.71545
2.71404
2.71325
2.71294
2.71295
2.71286
2.71255
2.7117
2.7102
2.70853
2.70725
2.70721
2.70865
2.76877
2.76481
2.76173
2.76217
2.76449
2.76706
2.76879
2.76968
2.7697
2.7695
2.76893
2.7682
2.76684
2.76465
2.7613
2.75721
2.75308
2.75029
2.7504
2.752
2.83182
2.83186
2.83131
2.83147
2.83225
2.83287
2.83278
2.83228
2.83145
2.8307
2.82999
2.82949
2.82867
2.82749
2.82549
2.82295
2.82008
2.81781
2.81701
2.81603
2.89533
2.9022
2.90686
2.90769
2.90569
2.90195
2.89802
2.8949
2.89271
2.89175
2.89149
2.89225
2.89374
2.89633
2.89953
2.9029
2.90534
2.90599
2.90289
2.89548
2.93899
2.94309
2.94564
2.94701
2.94762
2.94755
2.9471
2.9466
2.94623
2.94643
2.94711
2.9488
2.95118
2.95486
2.95908
2.96344
2.96673
2.96747
2.96467
2.95921
2.98355
2.98236
2.98154
2.98352
2.98781
2.9927
2.99648
2.99885
2.9999
3.00052
3.0008
3.00122
3.00154
3.00205
3.00242
3.00294
3.00352
3.00333
3.00255
3.00226
3.05534
3.05893
3.06098
3.06146
3.0619
3.0619
3.0613
3.06038
3.05936
3.05827
3.05727
3.05615
3.05444
3.05156
3.04708
3.04117
3.03517
3.03107
3.03224
3.03751
3.12645
3.13449
3.13874
3.13721
3.13335
3.12877
3.12466
3.12139
3.11906
3.11726
3.11581
3.11437
3.11277
3.11046
3.10707
3.10288
3.09851
3.09598
3.09641
3.09714
3.1742
3.17427
3.17558
3.17726
3.17812
3.1785
3.17824
3.17758
3.17671
3.17613
3.17575
3.17593
3.17629
3.17735
3.17893
3.18098
3.18261
3.18332
3.18108
3.17417
3.22611
3.22553
3.2274
3.23109
3.23388
3.23542
3.23571
3.23551
3.23504
3.235
3.23529
3.23638
3.23816
3.24103
3.24471
3.24908
3.25287
3.25465
3.25234
3.24582
3.28746
3.29128
3.2934
3.29417
3.29464
3.29486
3.29479
3.29449
3.29409
3.29401
3.29431
3.29538
3.29688
3.29929
3.30216
3.30533
3.3085
3.31069
3.30971
3.30638
3.35043
3.35079
3.34993
3.35
3.35105
3.3525
3.3536
3.35419
3.35451
3.3549
3.3557
3.35703
3.35892
3.36083
3.36174
3.36127
3.35954
3.35765
3.35691
3.35824
3.4244
3.42755
3.42877
3.42848
3.42687
3.42404
3.42085
3.41818
3.41644
3.41563
3.41571
3.41675
3.41835
3.42032
3.42198
3.42269
3.42255
3.42157
3.41957
3.41721
3.48426
3.49056
3.49368
3.49238
3.48883
3.48431
3.47997
3.47635
3.47368
3.47205
3.47107
3.47058
3.47033
3.47021
3.47023
3.47074
3.47158
3.47173
3.46956
3.46503
3.51797
3.51586
3.51644
3.51985
3.52389
3.52727
3.52905
3.52912
3.52817
3.52696
3.52589
3.52489
3.52333
3.52062
3.51618
3.51006
3.50349
3.49838
3.49791
3.5005
3.56537
3.56555
3.56675
3.57039
3.57557
3.58039
3.5835
3.58486
3.58505
3.58463
3.58423
3.58361
3.58296
3.58156
3.57898
3.57533
3.57083
3.56735
3.56575
3.56355
3.63266
3.63716
3.63838
3.63858
3.63982
3.64158
3.6433
3.64463
3.6454
3.64585
3.64624
3.64695
3.64771
3.64912
3.65107
3.65325
3.65521
3.65584
3.652
3.64173
3.71425
3.71811
3.71816
3.71717
3.71616
3.71523
3.71436
3.71349
3.71258
3.71172
3.71121
3.71097
3.71147
3.71249
3.71388
3.71547
3.71689
3.71726
3.7147
3.70767
3.79991
3.80661
3.80807
3.80488
3.79941
3.79329
3.7878
3.78328
3.78002
3.77759
3.77616
3.77547
3.77532
3.77548
3.77563
3.77521
3.77448
3.77333
3.77246
3.771
3.85972
3.86592
3.86764
3.86518
3.86041
3.85502
3.85006
3.84592
3.84301
3.84114
3.8405
3.84061
3.842
3.84392
3.84622
3.84856
3.85029
3.851
3.85026
3.84718
3.89397
3.89312
3.89233
3.89399
3.89646
3.89888
3.90043
3.90096
3.9009
3.90107
3.90185
3.90387
3.90679
3.91092
3.91573
3.92029
3.92408
3.92632
3.92657
3.92313
3.94268
3.94099
3.93998
3.94335
3.94865
3.95428
3.95861
3.96136
3.9628
3.96395
3.96537
3.96741
3.97053
3.97442
3.97902
3.984
3.98842
3.99153
3.99266
3.98951
4.02575
4.03381
4.03575
4.03484
4.03354
4.03216
4.03123
4.03064
4.03042
4.03053
4.03123
4.03283
4.03468
4.03685
4.03893
4.04047
4.04157
4.04248
4.04375
4.04176
4.11702
4.13112
4.13585
4.13196
4.12403
4.11521
4.10823
4.10363
4.10125
4.10019
4.10051
4.10164
4.10401
4.10636
4.10768
4.10703
4.10374
4.09984
4.0987
4.09658
4.19069
4.20211
4.20745
4.20538
4.19785
4.1882
4.17966
4.17362
4.17017
4.16896
4.16953
4.17199
4.17562
4.18062
4.18577
4.1894
4.19079
4.18969
4.1849
4.1737
4.24478
4.25145
4.25662
4.25969
4.25798
4.25277
4.24601
4.2402
4.23628
4.23483
4.23535
4.2376
4.2417
4.24725
4.25364
4.25975
4.26383
4.26413
4.25754
4.24271
4.28849
4.29788
4.30613
4.31302
4.3156
4.31341
4.30829
4.30284
4.29861
4.2963
4.29578
4.29721
4.29956
4.30266
4.30547
4.30677
4.30595
4.30234
4.29564
4.28434
4.32
4.33028
4.3397
4.35089
4.35947
4.36304
4.36245
4.35989
4.35738
4.35575
4.35552
4.35597
4.35704
4.35682
4.35436
4.34861
4.33987
4.33061
4.32396
4.31676
4.35744
4.3701
4.38058
4.3941
4.4065
4.41397
4.41666
4.41643
4.41545
4.41484
4.41523
4.4165
4.41789
4.41836
4.41684
4.41166
4.40312
4.39332
4.38381
4.37075
4.40953
4.42666
4.43766
4.44911
4.46061
4.46882
4.47306
4.47455
4.47479
4.47489
4.47542
4.47631
4.47778
4.4787
4.47874
4.4766
4.47149
4.46376
4.45189
4.43205
4.47065
4.48583
4.49505
4.50574
4.51778
4.52733
4.53296
4.53522
4.53565
4.53535
4.53508
4.5349
4.53432
4.53273
4.52949
4.52371
4.51568
4.50691
4.49718
4.48149
4.54537
4.56035
4.56761
4.57467
4.58325
4.59078
4.59562
4.59775
4.59832
4.59796
4.59752
4.59639
4.59455
4.59028
4.58333
4.57336
4.56183
4.55244
4.54639
4.53675
4.62473
4.63562
4.63723
4.63902
4.64417
4.65085
4.65666
4.66057
4.66256
4.66328
4.66328
4.66263
4.66105
4.65782
4.65299
4.64652
4.63999
4.63602
4.632
4.61994
4.72084
4.72412
4.71851
4.71538
4.71805
4.72413
4.73011
4.73443
4.73648
4.73709
4.73653
4.73524
4.73318
4.73046
4.72786
4.726
4.72638
4.72981
4.72959
4.71716
4.84655
4.85196
4.8436
4.83128
4.8235
4.82014
4.81912
4.8189
4.81856
4.81782
4.81686
4.81575
4.81441
4.81275
4.81103
4.81014
4.81167
4.81774
4.82321
4.81971
4.96863
4.97588
4.96664
4.94706
4.92963
4.91715
4.90974
4.90572
4.90357
4.90226
4.90159
4.90176
4.90289
4.90558
4.91041
4.91805
4.92936
4.94454
4.95334
4.94895
5.06422
5.06419
5.0534
5.0351
5.01879
5.00657
4.99869
4.99394
4.99113
4.98975
4.98944
4.9909
4.99443
5.00148
5.01273
5.02957
5.05101
5.07392
5.08397
5.07791
5.15905
5.16359
5.15815
5.14039
5.12216
5.10589
5.0935
5.08542
5.08089
5.07934
5.08014
5.08419
5.09113
5.1023
5.11717
5.13566
5.15632
5.17644
5.1847
5.18316
5.24287
5.25566
5.25897
5.24342
5.22377
5.20389
5.18756
5.1765
5.17051
5.16883
5.17062
5.17655
5.18676
5.20213
5.2216
5.24415
5.26627
5.28401
5.28309
5.27341
5.29912
5.31714
5.33299
5.32729
5.3145
5.29769
5.28116
5.26811
5.25988
5.2568
5.25785
5.26401
5.2742
5.28929
5.30794
5.3275
5.34378
5.35122
5.3345
5.31494
5.31967
5.3459
5.38074
5.38987
5.38805
5.37814
5.3645
5.35142
5.34232
5.33797
5.33827
5.34272
5.35076
5.36037
5.36849
5.37132
5.36497
5.34915
5.31445
5.2948
5.30134
5.32794
5.38003
5.40641
5.42229
5.42759
5.42496
5.41842
5.41246
5.40896
5.4083
5.41031
5.41315
5.41402
5.40942
5.39513
5.37165
5.34169
5.2912
5.26759
5.29262
5.30597
5.36517
5.40087
5.43343
5.4579
5.47108
5.47517
5.47521
5.47404
5.47312
5.47135
5.46805
5.45915
5.44281
5.41823
5.38905
5.3581
5.29951
5.28139
5.38233
5.37235
5.42773
5.4469
5.47145
5.49863
5.5194
5.53065
5.53551
5.53685
5.53652
5.53431
5.52839
5.51675
5.49863
5.47586
5.45592
5.43841
5.38064
5.38725
5.6111
5.5581
5.60323
5.58466
5.57406
5.58035
5.59231
5.60071
5.60475
5.60589
5.60581
5.604
5.60058
5.59438
5.58762
5.58707
5.60043
5.61811
5.5694
5.62079
5.93897
5.81519
5.86082
5.80381
5.74608
5.715
5.70301
5.69776
5.69425
5.69209
5.69158
5.69371
5.69696
5.70408
5.71924
5.7525
5.81057
5.86767
5.82159
5.94469
6.2454
6.01295
6.08701
6.0197
5.93247
5.87231
5.83877
5.82044
5.80977
5.80432
5.80353
5.80801
5.81834
5.83782
5.87171
5.93173
6.01716
6.0835
6.00902
6.24018
6.39567
5.99008
6.12943
6.10397
6.03284
5.97633
5.94337
5.92517
5.91427
5.909
5.90807
5.91326
5.92321
5.94205
5.97495
6.02919
6.09706
6.11875
5.97777
6.38425
6.43135
5.75899
5.99358
6.04441
6.01587
5.98122
5.96005
5.94922
5.94271
5.93973
5.9399
5.94331
5.9503
5.96229
5.98329
6.0157
6.04102
5.98732
5.75389
6.43156
6.71316
5.63655
5.95299
6.03567
6.00509
5.9644
5.94013
5.92752
5.92008
5.91664
5.91704
5.92161
5.92895
5.944
5.96614
6.00685
6.03263
5.95223
5.6408
6.72369
7.80154
5.81662
6.05278
6.14129
6.09815
6.04684
6.01879
6.00439
5.99676
5.9923
5.9929
5.99563
6.00217
6.01768
6.04389
6.09694
6.1421
6.05701
5.82156
7.7984
9.81871
5.40942
5.50084
5.88481
5.97747
5.97793
5.97549
5.97482
5.97359
5.97253
5.97251
5.97357
5.97448
5.97542
5.97762
5.97731
5.88497
5.50141
5.41003
9.8184
-0.0410396
-0.0217951
-0.0261981
-0.00658998
-0.00607946
-0.0125585
-0.0156617
-0.0145222
-0.011966
-0.0104249
-0.010286
-0.0120208
-0.0153484
-0.0189721
-0.0216109
-0.0232825
-0.0322677
-0.0562618
-0.0527047
-0.0663572
0.0255754
0.0441756
0.0472147
0.0778301
0.0970352
0.100925
0.0980136
0.0953947
0.0940282
0.0918612
0.0885349
0.0817941
0.0737826
0.0634528
0.051767
0.0336697
0.0032502
-0.0319212
-0.0417636
-0.071923
0.258973
0.228011
0.21717
0.219768
0.221356
0.219408
0.21478
0.209282
0.204196
0.198625
0.191227
0.180155
0.163777
0.141244
0.112831
0.0819349
0.0571081
0.0424716
0.0342581
0.0298369
0.374266
0.342843
0.322854
0.319228
0.321956
0.323186
0.321492
0.317753
0.313314
0.307625
0.300065
0.288704
0.272616
0.249255
0.216671
0.173305
0.120667
0.0708111
0.0529724
0.0628445
0.406146
0.390091
0.376735
0.383801
0.40416
0.424753
0.436821
0.440173
0.438554
0.435011
0.429778
0.423393
0.415624
0.407735
0.400223
0.391924
0.380124
0.364213
0.342185
0.321842
0.495467
0.50342
0.506427
0.51655
0.53228
0.547154
0.557608
0.563291
0.564525
0.564329
0.562425
0.561441
0.562222
0.568883
0.584676
0.611937
0.64479
0.667487
0.657313
0.621441
0.66617
0.693295
0.69738
0.681785
0.671443
0.669674
0.674819
0.682061
0.687705
0.691185
0.693575
0.69725
0.702373
0.710811
0.723276
0.741512
0.761176
0.772959
0.778625
0.777136
0.791806
0.813366
0.822322
0.821423
0.816644
0.813495
0.813639
0.815448
0.817598
0.819233
0.821213
0.823893
0.828435
0.83302
0.835945
0.834236
0.828353
0.822552
0.832083
0.853944
0.926514
0.955392
0.981923
0.987523
0.979294
0.968019
0.959397
0.95356
0.95035
0.948222
0.946934
0.945709
0.944399
0.942631
0.93886
0.930347
0.919869
0.913756
0.920144
0.937043
1.01876
1.02262
1.03919
1.05342
1.06488
1.0742
1.08003
1.08299
1.08414
1.08409
1.08318
1.08092
1.07674
1.06895
1.05585
1.03787
1.01652
0.999562
1.00145
1.01668
1.18492
1.15867
1.16087
1.18512
1.20975
1.22661
1.2341
1.23655
1.23612
1.23487
1.233
1.23073
1.22665
1.2212
1.21438
1.20666
1.19785
1.18995
1.18561
1.18144
1.47463
1.46843
1.46463
1.4543
1.4378
1.42035
1.4066
1.39751
1.39095
1.38716
1.38461
1.38387
1.38435
1.38721
1.39337
1.40477
1.42153
1.44027
1.4396
1.41486
1.61905
1.62793
1.61467
1.58783
1.55843
1.53657
1.52416
1.51826
1.51562
1.51568
1.51799
1.52424
1.53466
1.55017
1.56842
1.5866
1.6017
1.61303
1.61774
1.61116
1.6118
1.59138
1.57883
1.59279
1.60546
1.6114
1.6131
1.61469
1.61686
1.62055
1.62493
1.63136
1.64061
1.65458
1.67437
1.70013
1.72824
1.75074
1.76138
1.76425
1.64428
1.63309
1.62873
1.6412
1.66068
1.67836
1.69235
1.70319
1.71158
1.71763
1.72182
1.72428
1.72352
1.71953
1.71331
1.7102
1.71521
1.72641
1.74655
1.77137
1.67709
1.67231
1.67387
1.69666
1.73265
1.76961
1.79847
1.8169
1.82831
1.83466
1.83788
1.83676
1.83128
1.81796
1.79519
1.7622
1.72339
1.69368
1.70102
1.73436
1.85653
1.87219
1.88766
1.90441
1.92326
1.94059
1.95541
1.96646
1.97424
1.97858
1.98054
1.9789
1.97297
1.96212
1.94755
1.92804
1.90566
1.88707
1.87415
1.86445
2.16552
2.19668
2.20706
2.18836
2.1646
2.14624
2.1367
2.1339
2.1343
2.13511
2.13526
2.13443
2.1335
2.13295
2.13345
2.13649
2.14278
2.14873
2.13211
2.09224
2.44668
2.45207
2.44372
2.41559
2.37796
2.34458
2.3202
2.30409
2.29463
2.28872
2.28483
2.2825
2.28294
2.28824
2.29741
2.3092
2.32027
2.32381
2.31286
2.28945
2.63953
2.62742
2.60877
2.57991
2.54265
2.50646
2.4774
2.4563
2.44249
2.43359
2.42777
2.42332
2.42058
2.42003
2.42359
2.43251
2.44456
2.45138
2.44916
2.44181
2.6949
2.66079
2.63861
2.63465
2.62915
2.61636
2.59962
2.58425
2.57315
2.56576
2.56213
2.56055
2.56023
2.55908
2.55674
2.55145
2.54374
2.5336
2.53284
2.5439
2.71772
2.69793
2.68599
2.68813
2.69597
2.70157
2.70154
2.6977
2.69324
2.69016
2.68888
2.68902
2.69063
2.69221
2.69418
2.69567
2.69716
2.69781
2.69477
2.69459
2.71396
2.70246
2.70092
2.72346
2.75507
2.78356
2.80315
2.8123
2.8148
2.81498
2.8151
2.81552
2.81573
2.81624
2.81752
2.81855
2.81821
2.81671
2.81728
2.82336
2.80962
2.82689
2.84183
2.86432
2.89009
2.91217
2.92849
2.93846
2.94301
2.94469
2.94549
2.94661
2.94848
2.94975
2.94975
2.94766
2.94317
2.93846
2.94024
2.9484
3.00969
3.05497
3.07158
3.06365
3.05715
3.05673
3.0602
3.06463
3.0682
3.07012
3.07164
3.07368
3.0769
3.08087
3.08456
3.08651
3.08596
3.08402
3.08489
3.08747
3.17898
3.20714
3.21595
3.20718
3.19448
3.18709
3.18473
3.1852
3.18662
3.188
3.1891
3.19005
3.19211
3.1956
3.20231
3.21382
3.22965
3.24395
3.24777
3.23939
3.28812
3.30054
3.30747
3.30585
3.29932
3.29519
3.29491
3.29693
3.2996
3.30157
3.30206
3.3014
3.29858
3.29479
3.29106
3.29182
3.30226
3.31993
3.32981
3.32104
3.32721
3.31408
3.31857
3.34336
3.36813
3.39009
3.40724
3.41881
3.42572
3.42938
3.43097
3.43023
3.42745
3.42012
3.40491
3.37841
3.3421
3.31056
3.3117
3.33345
3.47114
3.47019
3.48608
3.51217
3.53324
3.54873
3.55934
3.56703
3.57205
3.57539
3.57768
3.57943
3.58007
3.57929
3.57683
3.57072
3.55978
3.54677
3.53342
3.5263
3.73547
3.75712
3.77101
3.7638
3.75068
3.7374
3.72804
3.72443
3.72402
3.72534
3.72666
3.72886
3.73203
3.73809
3.74911
3.7672
3.79011
3.80904
3.80204
3.77338
3.96255
3.96374
3.95752
3.94199
3.92154
3.90145
3.88575
3.87591
3.87091
3.869
3.86867
3.87029
3.87375
3.88158
3.89417
3.91109
3.92956
3.94381
3.94623
3.93313
4.13163
4.12268
4.10817
4.08836
4.06441
4.04271
4.02634
4.0148
4.00734
4.00354
4.00173
4.00097
4.00016
3.99791
3.99376
3.99037
3.99092
3.99523
4.0024
4.00841
4.18546
4.16096
4.1433
4.13978
4.14072
4.14123
4.13955
4.13614
4.13301
4.13074
4.13012
4.12966
4.12902
4.12495
4.11371
4.09144
4.05992
4.03254
4.0332
4.05619
4.21892
4.19206
4.19011
4.21818
4.24625
4.26166
4.26572
4.26415
4.26141
4.25959
4.25925
4.25978
4.26164
4.26431
4.26906
4.27317
4.27232
4.26706
4.2568
4.24858
4.37216
4.38513
4.39482
4.39401
4.39436
4.39377
4.39247
4.38944
4.38605
4.38315
4.38121
4.3802
4.37921
4.38064
4.38785
4.40601
4.43424
4.45835
4.45474
4.42973
4.49942
4.5107
4.50134
4.48494
4.48265
4.48941
4.49811
4.50394
4.50661
4.50652
4.505
4.50231
4.49849
4.49171
4.48033
4.4662
4.45578
4.45234
4.4573
4.46218
4.60566
4.60277
4.59258
4.594
4.60392
4.61658
4.62797
4.63583
4.64071
4.64214
4.6423
4.64026
4.63664
4.62817
4.61136
4.58064
4.54023
4.50793
4.50545
4.52613
4.77432
4.78582
4.78899
4.7902
4.78815
4.786
4.78613
4.78714
4.78847
4.78947
4.79074
4.79154
4.79311
4.79527
4.79972
4.80411
4.80283
4.79665
4.78469
4.77377
4.96293
4.98001
4.98805
4.98503
4.97345
4.95837
4.94576
4.93798
4.93408
4.93291
4.93364
4.93711
4.94314
4.95538
4.97699
5.01185
5.05345
5.08405
5.07943
5.04584
5.11244
5.1273
5.13127
5.12066
5.10539
5.09052
5.07739
5.06796
5.06213
5.05995
5.06022
5.06341
5.06919
5.07793
5.09013
5.10814
5.12964
5.14627
5.15485
5.15264
5.17335
5.17477
5.17346
5.17147
5.17178
5.17494
5.17665
5.17635
5.17485
5.17358
5.17331
5.17418
5.17565
5.17543
5.17067
5.15966
5.14673
5.13965
5.14957
5.17238
5.22742
5.21731
5.22081
5.24353
5.26927
5.28858
5.29779
5.30049
5.29923
5.29666
5.29291
5.2881
5.28135
5.2711
5.2554
5.23283
5.20936
5.19587
5.19861
5.21274
5.40033
5.4187
5.43238
5.43676
5.43873
5.43988
5.44115
5.44131
5.43998
5.43731
5.4342
5.42941
5.42091
5.40656
5.38566
5.35857
5.32873
5.3064
5.30214
5.30725
5.56019
5.58328
5.59055
5.58277
5.57683
5.5775
5.58292
5.58778
5.59036
5.59093
5.591
5.59085
5.5907
5.59
5.58953
5.58955
5.5872
5.58175
5.57012
5.55173
5.69636
5.69396
5.70105
5.72399
5.74366
5.75404
5.75656
5.75542
5.75334
5.75199
5.75133
5.75363
5.75967
5.77377
5.79746
5.83209
5.87095
5.899
5.8916
5.85226
5.96101
5.98374
5.99647
5.98709
5.96536
5.94201
5.92371
5.91204
5.90533
5.90311
5.90411
5.90939
5.91859
5.9335
5.95405
5.97904
6.00339
6.01962
6.02535
6.01586
6.1112
6.12771
6.12191
6.09169
6.05874
6.03708
6.0267
6.02398
6.02543
6.02989
6.0373
6.04822
6.06202
6.07709
6.09031
6.09944
6.10549
6.10912
6.11718
6.1282
6.08838
6.05684
6.04057
6.05512
6.07935
6.10327
6.11976
6.13078
6.13877
6.14693
6.15515
6.16516
6.17649
6.18892
6.20029
6.21013
6.21992
6.22946
6.23487
6.2355
6.18578
6.16479
6.16774
6.19619
6.22665
6.24752
6.25809
6.26261
6.26458
6.26668
6.26868
6.27054
6.27066
6.26911
6.26484
6.25848
6.25187
6.24896
6.25269
6.25545
6.44558
6.47077
6.48475
6.47411
6.45375
6.43216
6.416
6.4043
6.39529
6.38837
6.38202
6.37467
6.36394
6.34732
6.32308
6.29231
6.26071
6.23812
6.23289
6.23544
6.63135
6.66136
6.66055
6.63197
6.59858
6.56876
6.54589
6.52902
6.51677
6.50697
6.49847
6.48811
6.47337
6.45076
6.4192
6.379
6.33514
6.29918
6.28118
6.2729
6.63408
6.63009
6.62263
6.62689
6.63439
6.63919
6.63895
6.63602
6.63215
6.62777
6.62307
6.61663
6.60771
6.59538
6.58121
6.56611
6.54818
6.52752
6.50044
6.46728
6.62905
6.61212
6.61469
6.65103
6.69662
6.73464
6.75674
6.76629
6.76786
6.76638
6.76295
6.75957
6.7569
6.75857
6.76692
6.78491
6.80753
6.82048
6.79761
6.74281
6.80266
6.82179
6.84159
6.86472
6.88804
6.90685
6.91856
6.92416
6.92458
6.92291
6.92055
6.91968
6.9209
6.92514
6.93174
6.94142
6.95163
6.95452
6.94715
6.92649
7.07486
7.1193
7.13305
7.12011
7.10365
7.09268
7.08781
7.08604
7.08451
7.08288
7.08282
7.08579
7.09226
7.10078
7.10889
7.11348
7.11427
7.10943
7.10819
7.11249
7.30392
7.32876
7.32874
7.31082
7.28608
7.26494
7.25014
7.24136
7.23656
7.23534
7.23705
7.2428
7.25264
7.26731
7.28589
7.30547
7.32333
7.33521
7.33945
7.33766
7.44301
7.44551
7.43666
7.42333
7.40609
7.39072
7.37973
7.37361
7.3714
7.37319
7.37801
7.38684
7.39856
7.41332
7.42925
7.44581
7.46124
7.47421
7.4882
7.49288
7.46559
7.43659
7.42265
7.44063
7.46372
7.48253
7.49328
7.49802
7.4998
7.50282
7.50728
7.51472
7.52392
7.53388
7.54108
7.54432
7.54446
7.54746
7.56344
7.57377
7.56755
7.55565
7.55682
7.58256
7.60901
7.62599
7.63251
7.63284
7.63066
7.62942
7.63
7.63276
7.63522
7.63543
7.63051
7.61929
7.60326
7.59272
7.60191
7.60858
7.77568
7.80835
7.8152
7.80017
7.78472
7.77329
7.76587
7.76017
7.75499
7.75059
7.74711
7.74342
7.73775
7.72877
7.71718
7.705
7.69246
7.68496
7.68642
7.67547
7.88858
7.91169
7.90189
7.88075
7.87051
7.87106
7.87486
7.87715
7.87632
7.87345
7.86873
7.8618
7.8505
7.83542
7.81884
7.80638
7.80385
7.81326
7.81547
7.78391
7.94776
7.94059
7.93569
7.95696
7.98209
7.99982
8.00796
8.01084
8.01079
8.00946
8.00764
8.00474
8.00014
7.99098
7.97459
7.95293
7.93197
7.92139
7.91964
7.89656
8.13668
8.15861
8.16376
8.15994
8.15506
8.15161
8.15063
8.15122
8.15153
8.15154
8.15208
8.15398
8.15759
8.16322
8.16845
8.16995
8.16658
8.1588
8.14335
8.10534
8.29451
8.32127
8.31745
8.29819
8.28436
8.28185
8.28633
8.29188
8.29583
8.29789
8.29934
8.30124
8.30551
8.31361
8.32669
8.34481
8.36308
8.37037
8.35938
8.3239
8.41651
8.41621
8.4135
8.42993
8.44593
8.45545
8.45883
8.45871
8.45772
8.45672
8.45648
8.45734
8.45902
8.46288
8.46999
8.48003
8.4919
8.50018
8.50205
8.48585
8.687
8.71579
8.72154
8.70864
8.68659
8.66421
8.64689
8.63441
8.62628
8.62143
8.62056
8.62242
8.62726
8.63219
8.63597
8.6363
8.63162
8.62277
8.62473
8.62326
8.89898
8.93094
8.92391
8.89049
8.85233
8.82216
8.80233
8.79035
8.78321
8.78026
8.78106
8.7863
8.79491
8.8065
8.81962
8.8315
8.84092
8.84538
8.84599
8.82867
8.98392
8.98141
8.96978
8.97414
8.97328
8.96457
8.95283
8.94404
8.9389
8.93805
8.94065
8.94721
8.9578
8.97291
8.99153
9.01103
9.02665
9.03534
9.04005
9.02033
9.13006
9.13963
9.13736
9.13847
9.1345
9.12485
9.11302
9.10327
9.09702
9.09565
9.09856
9.10695
9.11911
9.13579
9.15504
9.1738
9.1893
9.19899
9.20589
9.18664
9.27587
9.29141
9.29197
9.29747
9.29658
9.28942
9.27755
9.26444
9.25424
9.24961
9.25061
9.25683
9.26719
9.27907
9.29053
9.29977
9.30526
9.3082
9.31557
9.30093
9.43132
9.46628
9.47164
9.47064
9.45982
9.44231
9.42419
9.40855
9.39769
9.39228
9.39252
9.39785
9.40543
9.41229
9.41418
9.40793
9.39542
9.38356
9.38621
9.37096
9.50739
9.55213
9.55502
9.55154
9.54697
9.54143
9.53593
9.53092
9.52791
9.52754
9.5311
9.53717
9.5451
9.55097
9.55017
9.53865
9.51611
9.49179
9.48319
9.45625
9.51129
9.53483
9.544
9.5878
9.62924
9.65422
9.66271
9.66276
9.66071
9.66096
9.66463
9.67183
9.68024
9.68891
9.6959
9.69785
9.69245
9.67837
9.66077
9.6087
9.68476
9.74887
9.77855
9.80451
9.81792
9.8183
9.81067
9.80099
9.79212
9.78679
9.78466
9.7849
9.78662
9.78831
9.79123
9.79862
9.8115
9.82034
9.8061
9.73066
9.83377
9.9178
9.94453
9.94837
9.94323
9.93397
9.92361
9.91255
9.90316
9.89548
9.88997
9.88453
9.87661
9.86212
9.83842
9.80596
9.77274
9.74765
9.73864
9.69355
9.83427
9.88516
9.89792
9.92665
9.96051
9.98797
10.0038
10.0089
10.0093
10.0065
10.0034
9.99684
9.98684
9.9664
9.93174
9.87814
9.81134
9.75439
9.734
9.70295
9.88616
9.91871
9.93258
9.98198
10.0403
10.0885
10.1179
10.1317
10.136
10.1358
10.1341
10.1304
10.1237
10.1116
10.0949
10.0723
10.0434
10.0136
9.98397
9.91806
10.1254
10.1884
10.2072
10.2283
10.2497
10.2667
10.2772
10.2816
10.2809
10.2781
10.2742
10.2693
10.2645
10.26
10.2606
10.2693
10.2845
10.2964
10.2804
10.1946
10.3629
10.4409
10.4443
10.4283
10.4168
10.4131
10.4151
10.4171
10.4176
10.4158
10.4132
10.4095
10.4048
10.4004
10.399
10.401
10.4064
10.4148
10.4201
10.3719
10.4494
10.4859
10.4664
10.4638
10.4806
10.5052
10.5277
10.543
10.5525
10.5568
10.5593
10.5599
10.5607
10.5596
10.5568
10.5519
10.5488
10.5536
10.5684
10.5489
10.5625
10.5766
10.5556
10.5669
10.6015
10.6405
10.6721
10.6935
10.7063
10.7132
10.7171
10.7202
10.7238
10.7288
10.7354
10.7446
10.7591
10.7833
10.8045
10.78
10.8585
10.8973
10.879
10.8555
10.8481
10.8522
10.8633
10.8755
10.8846
10.8905
10.8943
10.8979
10.902
10.9081
10.9169
10.9293
10.9458
10.974
11.0022
10.9846
11.2474
11.2974
11.2612
11.1853
11.1264
11.091
11.078
11.0783
11.0823
11.0867
11.0906
11.0959
11.1031
11.1137
11.1264
11.141
11.157
11.1854
11.2113
11.197
11.6316
11.6587
11.6136
11.5239
11.4424
11.3783
11.3373
11.3162
11.3069
11.3045
11.3061
11.313
11.3246
11.3433
11.367
11.3949
11.4233
11.4598
11.4756
11.4526
11.9703
11.996
11.9709
11.8765
11.775
11.6821
11.6118
11.567
11.5422
11.5317
11.5302
11.5382
11.5547
11.5834
11.6237
11.6761
11.7334
11.7923
11.796
11.7573
12.0887
12.1003
12.1072
12.0487
11.9806
11.906
11.8396
11.7917
11.7624
11.7496
11.7473
11.7572
11.7761
11.8089
11.8537
11.9093
11.972
12.038
12.0283
11.9856
12.0283
12.0317
12.0943
12.1078
12.1088
12.0796
12.0351
11.9942
11.9665
11.9533
11.952
11.9626
11.9836
12.0143
12.0467
12.073
12.0844
12.0918
12.0468
12.0399
11.9798
12.0128
12.1381
12.1828
12.2155
12.2147
12.1918
12.1638
12.1423
12.1317
12.1307
12.1398
12.1559
12.1774
12.1976
12.2076
12.2027
12.1934
12.1028
12.0862
11.9165
11.9472
12.1007
12.1515
12.2127
12.2551
12.2737
12.2764
12.2742
12.2728
12.2742
12.278
12.2831
12.2854
12.2789
12.2575
12.2201
12.184
12.0541
12.0508
11.8801
11.8572
12.0305
12.0975
12.1909
12.2732
12.327
12.3553
12.3691
12.3757
12.3783
12.3776
12.3712
12.3546
12.3219
12.2667
12.1994
12.1459
11.978
12.0053
12.0111
11.9293
12.1234
12.1634
12.2377
12.3165
12.3754
12.41
12.4288
12.4369
12.4382
12.4299
12.4128
12.3794
12.3258
12.2525
12.1785
12.1352
11.9468
12.0402
12.3121
12.12
12.305
12.2777
12.3036
12.3618
12.416
12.4515
12.4714
12.48
12.4809
12.473
12.4537
12.4185
12.366
12.3046
12.2652
12.2743
12.0829
12.2802
12.8773
12.5328
12.714
12.5937
12.5352
12.5379
12.56
12.5773
12.5866
12.5892
12.589
12.584
12.5748
12.558
12.5357
12.5308
12.5783
12.6833
12.4921
12.8264
13.6871
13.1776
13.4127
13.1943
13.0182
12.9299
12.8912
12.87
12.8559
12.8472
12.8447
12.8491
12.8573
12.8734
12.9047
12.9856
13.1498
13.358
13.1216
13.6184
14.352
13.5793
13.9512
13.7396
13.5191
13.3837
13.3126
13.272
13.2469
13.2334
13.231
13.2401
13.2609
13.3016
13.3724
13.5081
13.7272
13.9454
13.5762
14.3183
14.5614
13.3866
13.9864
13.9097
13.7535
13.6438
13.5842
13.5512
13.5305
13.52
13.5183
13.5282
13.5466
13.5832
13.6458
13.7562
13.9115
13.9848
13.3832
14.5439
14.5087
12.7007
13.5492
13.6521
13.5915
13.5334
13.5028
13.4855
13.4734
13.4671
13.4677
13.4753
13.4888
13.5105
13.5441
13.6058
13.6663
13.557
12.7108
14.5234
15.0853
12.3693
13.3694
13.5276
13.4529
13.3772
13.3363
13.3131
13.2979
13.291
13.2918
13.3023
13.3172
13.3463
13.3824
13.4565
13.5185
13.3628
12.3791
15.1201
17.3864
12.9052
13.6509
13.8035
13.7001
13.6092
13.5645
13.5406
13.5275
13.52
13.5214
13.5267
13.5385
13.5656
13.6071
13.7004
13.8042
13.6559
12.9143
17.3832
20.9957
12.6489
12.6989
13.3141
13.477
13.4893
13.4892
13.4884
13.4863
13.4845
13.4845
13.4864
13.4883
13.4898
13.4898
13.4779
13.3158
12.7019
12.6526
20.9965
-0.397564
-0.357239
-0.385413
-0.281616
-0.207415
-0.156548
-0.116139
-0.0864207
-0.0675442
-0.0595367
-0.0587166
-0.0655599
-0.0788386
-0.0988708
-0.12721
-0.170193
-0.260888
-0.4096
-0.37471
-0.357409
-0.519973
-0.412529
-0.412598
-0.305005
-0.189211
-0.0942293
-0.024072
0.0231421
0.0517399
0.0629055
0.0636824
0.051434
0.0322988
0.00188349
-0.0384981
-0.0959827
-0.181365
-0.261235
-0.235188
-0.312203
0.0678099
0.105162
0.128731
0.141352
0.16615
0.202769
0.237441
0.261294
0.273804
0.274457
0.264871
0.244634
0.213337
0.170309
0.118302
0.0694236
0.0490372
0.0741168
0.0852333
0.0355973
0.651295
0.661165
0.659276
0.646529
0.608533
0.571031
0.546634
0.530093
0.517918
0.504294
0.488767
0.466799
0.439267
0.402435
0.352821
0.280734
0.17273
0.0572617
0.0360727
0.056445
1.12426
1.18184
1.1679
1.10106
0.995973
0.898492
0.831086
0.790419
0.76661
0.751351
0.739321
0.728337
0.718708
0.713869
0.718944
0.734519
0.75159
0.745727
0.68809
0.617601
1.23523
1.2615
1.22745
1.16926
1.10129
1.04257
1.00157
0.979241
0.968114
0.965194
0.96474
0.969092
0.97825
0.999079
1.03685
1.10083
1.19284
1.27754
1.27983
1.21153
1.04807
0.995898
0.988807
1.03583
1.08863
1.12531
1.14306
1.15087
1.15426
1.15945
1.16684
1.18134
1.20315
1.23531
1.27114
1.30681
1.33736
1.36136
1.40272
1.42871
0.984071
0.96135
1.02579
1.13747
1.23919
1.30327
1.33387
1.34664
1.35101
1.35321
1.35624
1.3618
1.36989
1.3771
1.37622
1.36043
1.33337
1.31829
1.36051
1.42423
1.40474
1.42647
1.50749
1.53375
1.55027
1.5616
1.56777
1.56917
1.56837
1.5641
1.55794
1.54763
1.53055
1.50463
1.47091
1.42927
1.38836
1.37005
1.38722
1.4329
1.92482
1.90265
1.89116
1.85617
1.83335
1.82152
1.81756
1.81347
1.80886
1.8015
1.79192
1.777
1.75459
1.72039
1.67419
1.61495
1.5448
1.48624
1.46442
1.47975
2.23843
2.21408
2.17104
2.15897
2.13487
2.10566
2.0838
2.06828
2.05716
2.04867
2.04184
2.03523
2.02731
2.01514
1.9988
1.982
1.96295
1.934
1.87695
1.81772
2.5257
2.51623
2.47019
2.43201
2.38316
2.33837
2.30497
2.28291
2.26994
2.26537
2.26547
2.27108
2.28303
2.30539
2.34046
2.39437
2.46371
2.52075
2.48838
2.39132
2.56135
2.48571
2.41
2.39491
2.40013
2.40845
2.41398
2.41882
2.42383
2.43159
2.44173
2.45805
2.48197
2.52087
2.57605
2.64683
2.7241
2.78464
2.80798
2.79028
2.42364
2.35429
2.30644
2.35964
2.43783
2.49728
2.533
2.55533
2.56917
2.57995
2.58759
2.5955
2.60415
2.61607
2.63389
2.66609
2.71729
2.77695
2.8446
2.90048
2.55371
2.59814
2.61594
2.62725
2.65789
2.68942
2.71369
2.72882
2.73811
2.74181
2.74149
2.73431
2.71935
2.69263
2.65051
2.58922
2.51818
2.47511
2.53376
2.64265
2.81343
2.91595
2.93861
2.8995
2.88605
2.89743
2.916
2.93087
2.94059
2.9429
2.94112
2.93085
2.91235
2.87898
2.82802
2.74821
2.63671
2.53266
2.5031
2.5385
3.09048
3.16048
3.19415
3.19392
3.18621
3.18364
3.18373
3.18548
3.18655
3.18526
3.18114
3.17347
3.1609
3.14278
3.12104
3.10085
3.08737
3.0654
2.97369
2.88433
3.46156
3.53112
3.57731
3.56444
3.52723
3.49537
3.47243
3.45666
3.44599
3.4398
3.4345
3.42992
3.42659
3.42803
3.43618
3.45693
3.49314
3.52631
3.47379
3.37046
3.73904
3.74057
3.75107
3.74893
3.73314
3.7174
3.70425
3.69416
3.68645
3.68257
3.68185
3.68565
3.69391
3.71102
3.73959
3.77939
3.81781
3.83312
3.8143
3.77989
4.01598
3.93916
3.91685
3.93603
3.94631
3.94444
3.93604
3.92767
3.91978
3.91506
3.91326
3.91648
3.92451
3.93689
3.9536
3.97762
4.00601
4.02404
4.03911
4.06701
4.33128
4.28907
4.26645
4.24489
4.21991
4.19441
4.17402
4.1578
4.14511
4.13502
4.12896
4.12577
4.12597
4.12653
4.12208
4.10369
4.07076
4.04004
4.0693
4.14438
4.40091
4.42459
4.41834
4.41024
4.39963
4.38615
4.37464
4.36494
4.35647
4.34895
4.34349
4.33898
4.33544
4.32984
4.3195
4.29653
4.26317
4.23861
4.24588
4.27774
4.51276
4.53998
4.55146
4.55665
4.56039
4.56113
4.56089
4.56048
4.55983
4.55817
4.55787
4.55786
4.55713
4.55329
4.54653
4.53128
4.50324
4.47125
4.45976
4.47486
4.71561
4.67664
4.67427
4.68528
4.70651
4.72806
4.74245
4.75151
4.75836
4.76322
4.7685
4.77502
4.78462
4.79722
4.81897
4.85236
4.89019
4.91379
4.90049
4.88053
4.85967
4.8137
4.80489
4.82838
4.86802
4.90621
4.93245
4.94834
4.9592
4.96669
4.97182
4.97765
4.98438
4.99837
5.02504
5.07611
5.16019
5.25589
5.29319
5.26984
5.01457
5.04926
5.06812
5.09237
5.11962
5.14313
5.15976
5.16939
5.17579
5.18022
5.18307
5.18509
5.18797
5.19121
5.18715
5.17211
5.15645
5.16427
5.22881
5.29078
5.40985
5.48491
5.51045
5.48314
5.44317
5.41341
5.3997
5.39377
5.39299
5.39441
5.39904
5.40356
5.40836
5.40815
5.39472
5.3571
5.29452
5.23617
5.24988
5.30186
5.7719
5.79977
5.78099
5.7106
5.64386
5.60511
5.59134
5.58852
5.59084
5.59519
5.60181
5.60841
5.61538
5.61844
5.62119
5.63155
5.64797
5.65508
5.62674
5.58597
5.76779
5.70328
5.67338
5.71305
5.75131
5.77608
5.78722
5.79008
5.7902
5.79057
5.79047
5.79001
5.78712
5.78461
5.78705
5.80736
5.85726
5.91895
5.91775
5.85018
5.91715
5.89701
5.91491
5.96257
5.99608
6.00881
6.00961
6.00527
5.99909
5.99312
5.98629
5.9764
5.96247
5.94394
5.91945
5.88683
5.85201
5.82688
5.83057
5.82944
6.21106
6.25415
6.27832
6.25904
6.24178
6.22837
6.21995
6.21464
6.21003
6.20422
6.19894
6.19097
6.17941
6.1593
6.13107
6.08773
6.0235
5.95159
5.91234
5.91463
6.42547
6.43537
6.43616
6.43329
6.43447
6.4343
6.43308
6.43111
6.42784
6.4237
6.41975
6.41489
6.41024
6.40456
6.40505
6.41735
6.43635
6.43873
6.38046
6.30922
6.65982
6.66077
6.66614
6.66558
6.65816
6.65207
6.6492
6.64717
6.64493
6.64236
6.6398
6.63774
6.63691
6.64195
6.65592
6.68457
6.72999
6.77059
6.75355
6.68428
6.86905
6.8662
6.86591
6.8654
6.86326
6.86139
6.85967
6.85821
6.85792
6.85783
6.85993
6.86393
6.87311
6.8863
6.90145
6.90945
6.9006
6.87826
6.88245
6.89625
7.04799
7.04397
7.041
7.04434
7.04862
7.05306
7.05763
7.06212
7.06564
7.06875
7.07261
7.08
7.09156
7.10686
7.12767
7.15559
7.18854
7.21742
7.22923
7.23401
7.20872
7.20456
7.20514
7.2189
7.23753
7.25482
7.26746
7.27655
7.28173
7.28491
7.28613
7.28843
7.2904
7.29171
7.29247
7.29685
7.30506
7.31349
7.34354
7.38613
7.42891
7.43056
7.43861
7.46194
7.48919
7.50968
7.51956
7.52234
7.52151
7.51851
7.51472
7.51099
7.50719
7.50308
7.49434
7.47299
7.43191
7.38554
7.39715
7.44815
7.80653
7.82789
7.84197
7.84721
7.8426
7.82883
7.81125
7.79329
7.77694
7.76431
7.75381
7.74593
7.73768
7.72728
7.71263
7.69273
7.67198
7.66004
7.64821
7.64482
8.2916
8.33387
8.3308
8.26938
8.19043
8.11819
8.06678
8.03082
8.00624
7.98948
7.97983
7.97384
7.96822
7.95848
7.94071
7.91027
7.86896
7.83328
7.82422
7.82523
8.50104
8.51504
8.46338
8.36971
8.28991
8.23639
8.20801
8.19414
8.18773
8.18475
8.18532
8.18789
8.1935
8.20331
8.22204
8.24966
8.27771
8.29192
8.27433
8.22695
8.23114
8.1503
8.10347
8.15204
8.2251
8.28684
8.32626
8.35055
8.36575
8.37715
8.38604
8.39564
8.40569
8.42248
8.45036
8.4994
8.57562
8.66056
8.68256
8.61278
8.17203
8.1436
8.18834
8.29373
8.3983
8.4774
8.52754
8.55859
8.57803
8.59288
8.60466
8.61623
8.6284
8.64052
8.64307
8.63043
8.611
8.60675
8.64468
8.66023
8.54745
8.62286
8.71428
8.73927
8.75242
8.77096
8.78988
8.80476
8.81694
8.82788
8.83978
8.85213
8.86538
8.87494
8.87214
8.8436
8.78483
8.71993
8.71444
8.75404
9.05376
9.1369
9.16797
9.13376
9.10047
9.0802
9.07023
9.06548
9.06388
9.0654
9.07011
9.07691
9.08462
9.09134
9.10347
9.12967
9.16227
9.17834
9.15377
9.12476
9.47354
9.50359
9.49808
9.47257
9.42189
9.37198
9.33618
9.31303
9.29775
9.28781
9.28108
9.27649
9.27047
9.26621
9.27049
9.2996
9.3643
9.44524
9.46658
9.41187
9.73698
9.73713
9.70483
9.67298
9.62863
9.58474
9.55042
9.5252
9.50693
9.49318
9.48147
9.4696
9.45535
9.43777
9.41143
9.37021
9.3244
9.30293
9.33335
9.34745
9.77879
9.73445
9.69341
9.71235
9.73249
9.73412
9.7252
9.71437
9.70436
9.69508
9.68697
9.67822
9.66815
9.65066
9.61883
9.55947
9.46873
9.37721
9.35268
9.37104
9.89343
9.86778
9.85315
9.86548
9.88962
9.90838
9.91667
9.91824
9.91511
9.91011
9.90482
9.90038
9.89656
9.89236
9.89238
9.90437
9.91843
9.90876
9.85154
9.78884
10.0344
10.03
10.0357
10.0675
10.1072
10.1368
10.148
10.1466
10.1395
10.1326
10.1266
10.1248
10.1256
10.1357
10.1606
10.2136
10.2949
10.3676
10.3531
10.2592
10.3391
10.3952
10.4197
10.4163
10.4039
10.3892
10.3751
10.3607
10.3472
10.338
10.3334
10.3356
10.3428
10.3548
10.3678
10.3818
10.3964
10.4068
10.4253
10.4152
10.6051
10.6808
10.6724
10.6069
10.5535
10.5256
10.5171
10.5165
10.5169
10.517
10.5193
10.5245
10.5324
10.5375
10.5333
10.5115
10.4714
10.4334
10.4456
10.4845
10.5261
10.5253
10.4969
10.514
10.5544
10.6012
10.6409
10.6712
10.6918
10.7053
10.714
10.7201
10.7218
10.7184
10.7096
10.6919
10.6651
10.6416
10.6375
10.6537
10.5655
10.562
10.5892
10.6754
10.7615
10.8284
10.873
10.9012
10.9189
10.9309
10.9391
10.945
10.9476
10.9464
10.9402
10.9275
10.9077
10.8857
10.8744
10.867
11.026
11.0994
11.1655
11.1887
11.1886
11.1848
11.183
11.1814
11.1798
11.1799
11.1809
11.1822
11.1835
11.1857
11.1911
11.2028
11.222
11.2403
11.233
11.1912
11.5495
11.646
11.6655
11.6117
11.5472
11.4981
11.4668
11.4469
11.4338
11.426
11.4216
11.4189
11.4158
11.4139
11.4138
11.4199
11.439
11.4725
11.4892
11.4504
11.7737
11.7775
11.7489
11.7439
11.7328
11.7136
11.6938
11.6791
11.6685
11.6613
11.6583
11.6584
11.6625
11.6672
11.6668
11.6517
11.6089
11.557
11.5626
11.5827
11.942
11.8975
11.8677
11.8922
11.9114
11.9159
11.91
11.903
11.8957
11.8916
11.8908
11.8963
11.9059
11.9189
11.9362
11.9638
12.0017
12.0327
12.0236
11.9883
12.1626
12.1495
12.1252
12.1238
12.1279
12.1296
12.1253
12.1194
12.1121
12.1087
12.1075
12.1116
12.1158
12.1215
12.1279
12.1423
12.1768
12.2283
12.259
12.2354
12.3445
12.3474
12.3203
12.3166
12.3215
12.3246
12.3208
12.313
12.3051
12.3004
12.3001
12.3038
12.3102
12.3179
12.3207
12.3067
12.2685
12.2274
12.247
12.2731
12.5468
12.5764
12.5481
12.5124
12.4854
12.4728
12.4695
12.4686
12.4667
12.4656
12.4663
12.4696
12.474
12.4759
12.4769
12.4857
12.5086
12.5364
12.5376
12.5073
12.5901
12.6263
12.5797
12.5403
12.5346
12.555
12.5847
12.6105
12.6265
12.6341
12.6356
12.6326
12.6215
12.6009
12.5723
12.5471
12.5417
12.5659
12.5918
12.566
12.5453
12.5491
12.5432
12.62
12.7012
12.7647
12.8074
12.8347
12.8509
12.8575
12.8586
12.8532
12.8424
12.8237
12.7936
12.7409
12.6532
12.5594
12.542
12.5406
12.9993
13.0995
13.1541
13.1632
13.1508
13.1417
13.1375
13.1349
13.1328
13.1311
13.13
13.1303
13.1321
13.1362
13.1464
13.1645
13.182
13.1698
13.105
13.0137
13.526
13.6525
13.67
13.6106
13.5367
13.4806
13.4462
13.4263
13.4146
13.4094
13.4079
13.4111
13.4182
13.4336
13.4636
13.519
13.6022
13.6715
13.6581
13.5549
13.7761
13.8285
13.8132
13.8087
13.7818
13.7435
13.7113
13.6915
13.6797
13.6744
13.675
13.6826
13.6957
13.7147
13.7359
13.7544
13.7685
13.7756
13.8046
13.7884
14.0092
14.0171
14.0005
14.0197
14.0197
14.0007
13.9748
13.955
13.9418
13.9351
13.9356
13.9431
13.9582
13.9749
13.9853
13.9786
13.9497
13.9138
13.937
13.9608
14.323
14.3588
14.3409
14.3264
14.3008
14.2691
14.239
14.217
14.2027
14.1962
14.1966
14.2042
14.2155
14.2291
14.243
14.2501
14.2448
14.2337
14.2463
14.2329
14.5438
14.5877
14.5629
14.5583
14.5462
14.5249
14.5004
14.48
14.4663
14.4608
14.4636
14.4742
14.4904
14.5101
14.5306
14.5469
14.5523
14.5502
14.5656
14.5333
14.7456
14.7963
14.7812
14.793
14.8015
14.7949
14.7734
14.7493
14.731
14.7228
14.7237
14.7351
14.7533
14.7793
14.8113
14.8483
14.8898
14.9267
14.9519
14.8908
14.9693
15.0408
15.0404
15.0563
15.0656
15.0584
15.0353
15.0074
14.9843
14.973
14.9713
14.9793
14.9922
15.0083
15.0233
15.0392
15.0636
15.1047
15.1525
15.0835
15.2125
15.3134
15.3143
15.3014
15.2833
15.2621
15.2417
15.2201
15.2024
15.1934
15.1964
15.2088
15.2267
15.2427
15.2474
15.2249
15.1674
15.1017
15.1195
15.0948
15.2759
15.3735
15.3563
15.3443
15.3537
15.3691
15.3805
15.3825
15.3799
15.3787
15.3854
15.3996
15.4216
15.4446
15.4684
15.4954
15.5237
15.5362
15.5169
15.411
15.1548
15.2132
15.2272
15.33
15.4316
15.4998
15.5319
15.5411
15.5392
15.5354
15.5339
15.5371
15.5402
15.5426
15.5459
15.5636
15.6144
15.684
15.7098
15.577
15.3924
15.5403
15.6067
15.6444
15.6677
15.686
15.6936
15.6902
15.6816
15.6714
15.6624
15.6514
15.6362
15.6094
15.5655
15.5008
15.4307
15.3872
15.4139
15.3367
15.5512
15.7139
15.7358
15.7174
15.7157
15.738
15.7643
15.7808
15.7878
15.787
15.7838
15.7742
15.7555
15.7165
15.6524
15.5526
15.4216
15.2925
15.2507
15.1677
15.3993
15.4899
15.4901
15.5523
15.6411
15.736
15.8158
15.8716
15.9045
15.9197
15.9246
15.9184
15.9027
15.8708
15.8288
15.7858
15.7406
15.6764
15.5926
15.4216
15.4359
15.5102
15.5554
15.6721
15.7934
15.9018
15.9866
16.0462
16.0818
16.0995
16.1031
16.0961
16.0787
16.0549
16.0321
16.0255
16.042
16.0542
16.0131
15.8049
15.9914
16.1264
16.1891
16.2185
16.2305
16.2502
16.2777
16.3025
16.3193
16.3264
16.3255
16.3159
16.3002
16.2769
16.2496
16.2202
16.1903
16.1554
16.1503
16.0072
16.6889
16.8234
16.8076
16.7281
16.6451
16.5944
16.5751
16.5713
16.5722
16.5708
16.567
16.559
16.5499
16.5368
16.5205
16.4952
16.4611
16.4249
16.4281
16.3092
17.1156
17.1472
17.0549
16.9889
16.9243
16.8755
16.8485
16.8379
16.8341
16.8314
16.8283
16.8249
16.824
16.8287
16.8465
16.8752
16.9102
16.9492
16.9755
16.8477
17.4454
17.4335
17.3208
17.2596
17.2094
17.166
17.1371
17.1228
17.1158
17.1129
17.1118
17.1153
17.1236
17.1441
17.1842
17.2461
17.3203
17.4035
17.4746
17.3824
17.785
17.7991
17.701
17.6178
17.5574
17.5057
17.4684
17.4456
17.4321
17.4251
17.4218
17.4254
17.4356
17.459
17.5004
17.5637
17.6456
17.7534
17.8584
17.7987
18.0565
18.0949
18.0408
17.9876
17.9486
17.901
17.8545
17.8175
17.7928
17.7791
17.7734
17.7781
17.7918
17.8157
17.8432
17.8737
17.9036
17.9656
18.0515
18.0275
18.4392
18.5438
18.5548
18.4916
18.4248
18.3475
18.2772
18.223
18.1885
18.1717
18.1706
18.1852
18.2143
18.2582
18.3046
18.3373
18.3326
18.3286
18.3312
18.2931
18.866
19.0143
19.0477
18.937
18.8363
18.7445
18.6705
18.6196
18.5883
18.5769
18.5821
18.6082
18.6537
18.7249
18.8141
18.9145
19.0159
19.1194
19.0497
18.8967
19.13
19.2063
19.2733
19.229
19.1752
19.1054
19.0374
18.9887
18.96
18.9522
18.9595
18.9885
19.0352
19.1067
19.195
19.2974
19.4123
19.5534
19.5011
19.3876
19.2605
19.3219
19.4557
19.4514
19.434
19.3874
19.3311
19.2855
19.2598
19.2535
19.2605
19.2829
19.3192
19.3718
19.4308
19.4897
19.5317
19.5806
19.4834
19.4794
19.0525
19.0608
19.2444
19.3138
19.4036
19.4502
19.4589
19.4529
19.4478
19.4487
19.4527
19.4615
19.4713
19.478
19.466
19.4184
19.3376
19.2867
19.1064
19.1551
18.7833
18.7266
18.9885
19.1273
19.3079
19.4305
19.4921
19.5184
19.5303
19.5334
19.5303
19.5161
19.4907
19.4415
19.3534
19.2011
18.9868
18.821
18.5316
18.6306
18.8191
18.7412
19.0575
19.1087
19.2452
19.3716
19.4508
19.4891
19.5068
19.5111
19.5033
19.4777
19.43
19.3478
19.2255
19.0621
18.8893
18.792
18.415
18.5103
18.9979
18.7621
19.0531
18.996
19.082
19.2136
19.3201
19.3825
19.4152
19.4275
19.4248
19.4014
19.3564
19.2775
19.1598
19.0262
18.9437
18.9922
18.6344
18.8363
19.3809
18.9041
19.2256
19.1212
19.1607
19.2541
19.3385
19.3912
19.4185
19.4295
19.432
19.4246
19.4055
19.3729
19.3249
19.2826
19.3054
19.4656
19.1195
19.5486
20.3886
19.7518
20.1649
19.8603
19.7173
19.6915
19.7009
19.7066
19.7072
19.7052
19.7066
19.7089
19.7126
19.7191
19.7359
19.802
19.977
20.303
19.94
20.635
21.6711
20.748
21.3093
20.8876
20.6003
20.4714
20.4174
20.3834
20.3596
20.345
20.3441
20.3573
20.3807
20.4221
20.4859
20.6197
20.8773
21.2539
20.7434
21.7634
22.7553
21.4501
22.3127
21.9211
21.5674
21.3658
21.2664
21.2081
21.171
21.1498
21.1469
21.1618
21.1955
21.2569
21.3544
21.5414
21.8445
22.1707
21.3082
22.6602
23.0737
21.0584
22.2797
22.1218
21.8827
21.7289
21.6514
21.6085
21.5811
21.5666
21.5642
21.5784
21.6032
21.6475
21.7181
21.8606
22.1021
22.2726
21.0102
22.9577
22.8554
19.7759
21.3722
21.5135
21.4303
21.3566
21.3196
21.2958
21.2779
21.2681
21.2692
21.2817
21.3022
21.3332
21.3735
21.4483
21.54
21.4301
19.8431
22.89
23.725
19.2481
21.0416
21.234
21.1024
20.9887
20.9276
20.8908
20.8669
20.856
20.8573
20.8738
20.8968
20.9414
20.9936
21.1049
21.2132
21.0154
19.2558
23.7764
27.2248
20.1929
21.5148
21.7054
21.5394
21.4133
21.3543
21.3226
21.3056
21.2959
21.2986
21.3062
21.3224
21.3602
21.4155
21.548
21.7159
21.5285
20.216
27.2126
32.3152
20.2249
20.1962
20.9971
21.2254
21.2549
21.2601
21.2607
21.2585
21.2566
21.2571
21.2598
21.2624
21.2637
21.2594
21.232
21.0056
20.2037
20.2304
32.3237
-0.0485746
-0.0319335
-0.0395485
-0.0155805
-0.00502944
-0.00167465
0.00156133
0.00532994
0.00801871
0.00851455
0.00696092
0.00317789
-0.00220256
-0.00681897
-0.00720475
-0.00112335
0.0027606
-0.00974498
-0.00446707
-0.0243901
0.0614473
0.106199
0.118498
0.145178
0.159675
0.160369
0.155783
0.152342
0.150358
0.147987
0.14469
0.138899
0.13274
0.126171
0.12023
0.111279
0.0946459
0.0734039
0.0723412
0.0463538
0.374581
0.401264
0.411098
0.390758
0.363968
0.340792
0.322925
0.309914
0.301288
0.295211
0.290385
0.285898
0.281342
0.276691
0.27021
0.258778
0.244021
0.230008
0.227733
0.23988
0.499272
0.499622
0.503419
0.499943
0.486604
0.468855
0.451484
0.43695
0.426606
0.420134
0.416668
0.415993
0.4182
0.423014
0.427427
0.424374
0.408487
0.382744
0.37147
0.382187
0.562315
0.528718
0.520242
0.53276
0.545324
0.54918
0.545569
0.539208
0.533387
0.529965
0.528226
0.529638
0.53251
0.538552
0.546935
0.559046
0.5751
0.588228
0.586503
0.580219
0.584968
0.561704
0.549473
0.557243
0.577039
0.596893
0.611139
0.619232
0.62297
0.625073
0.625786
0.626605
0.626549
0.625749
0.623268
0.621301
0.622222
0.628558
0.642934
0.659144
0.556691
0.555654
0.556305
0.580338
0.617886
0.6581
0.690937
0.712038
0.722988
0.728245
0.729801
0.729463
0.726036
0.719596
0.708263
0.69306
0.677961
0.671023
0.68354
0.705296
0.69149
0.715755
0.73665
0.758457
0.780754
0.803852
0.824233
0.839402
0.848098
0.852408
0.853403
0.852107
0.847482
0.838562
0.823523
0.80245
0.778362
0.762585
0.767517
0.781163
0.946579
0.989512
1.01411
1.00701
0.990484
0.979602
0.977611
0.981071
0.985173
0.987962
0.989232
0.989527
0.987922
0.985146
0.982106
0.979818
0.977356
0.975279
0.971049
0.959583
1.1118
1.1228
1.13043
1.13178
1.12571
1.12019
1.11859
1.12109
1.12406
1.12657
1.12678
1.12595
1.12478
1.12577
1.13198
1.14839
1.17345
1.19695
1.19401
1.1607
1.29368
1.28561
1.28476
1.28781
1.28584
1.28063
1.27519
1.27311
1.27303
1.27307
1.2721
1.27019
1.26725
1.26352
1.25798
1.25198
1.24585
1.24156
1.24391
1.24621
1.51815
1.51746
1.5117
1.49539
1.47543
1.45809
1.44444
1.43523
1.43051
1.42849
1.42843
1.42858
1.42965
1.42982
1.42599
1.41254
1.38837
1.36349
1.35711
1.37576
1.67303
1.65669
1.64134
1.62749
1.61254
1.60022
1.59073
1.58438
1.58093
1.58073
1.58286
1.58763
1.59486
1.60601
1.62139
1.63862
1.65402
1.66088
1.65151
1.6404
1.77963
1.75593
1.74851
1.75509
1.75411
1.74481
1.73324
1.72521
1.72065
1.72064
1.72287
1.72875
1.73801
1.7526
1.77421
1.80549
1.84414
1.87603
1.88169
1.86518
1.8926
1.89023
1.89007
1.88275
1.87487
1.86475
1.85418
1.84553
1.84032
1.83867
1.84036
1.84528
1.85314
1.86406
1.87676
1.88915
1.90028
1.90775
1.92295
1.94254
1.91753
1.90226
1.89747
1.90779
1.92594
1.9415
1.94866
1.94795
1.94448
1.94124
1.93908
1.93754
1.93615
1.93365
1.93195
1.93348
1.94134
1.95577
1.97303
1.98693
1.9907
1.98989
1.99531
2.00638
2.01966
2.03117
2.04018
2.04399
2.04419
2.0411
2.03664
2.02897
2.01647
1.99664
1.96993
1.94005
1.91302
1.899
1.91056
1.93183
2.1058
2.12015
2.12118
2.11339
2.11367
2.12146
2.13452
2.14629
2.1544
2.15681
2.15599
2.15
2.13983
2.12152
2.09264
2.0513
1.99863
1.94966
1.93389
1.9454
2.22028
2.22253
2.22189
2.22943
2.24179
2.25674
2.27155
2.28358
2.29182
2.29631
2.29818
2.29817
2.29663
2.29428
2.2909
2.28574
2.27936
2.26766
2.23346
2.19289
2.40267
2.42238
2.43781
2.44676
2.44801
2.44556
2.44229
2.44096
2.44149
2.44326
2.44489
2.44708
2.45114
2.45939
2.47414
2.49515
2.51884
2.53484
2.51493
2.4671
2.57078
2.58858
2.60128
2.60166
2.59391
2.58539
2.57954
2.57736
2.57826
2.58078
2.58423
2.58865
2.59474
2.60546
2.6227
2.64368
2.66098
2.6676
2.66288
2.65223
2.69604
2.69283
2.69112
2.69079
2.69222
2.69676
2.70248
2.7082
2.71291
2.71688
2.72123
2.7263
2.73391
2.74273
2.75225
2.76133
2.76912
2.77182
2.77825
2.79528
2.85237
2.83556
2.83207
2.84722
2.86142
2.86775
2.86616
2.86206
2.85776
2.8545
2.85211
2.85134
2.85151
2.85239
2.85417
2.85932
2.87079
2.88541
2.9001
2.91209
3.12278
3.13038
3.12771
3.11127
3.08498
3.05555
3.03002
3.0112
2.99762
2.98802
2.98003
2.97269
2.96374
2.95114
2.93432
2.91554
2.89862
2.89197
2.90758
2.9294
3.27943
3.28469
3.26562
3.22796
3.18881
3.15834
3.13881
3.12689
3.11947
3.11427
3.10996
3.10511
3.09853
3.08841
3.07161
3.04333
3.00215
2.96313
2.95856
2.97904
3.24121
3.20013
3.17247
3.18039
3.20134
3.22258
3.23598
3.24231
3.24483
3.24697
3.24845
3.25006
3.25155
3.25312
3.25515
3.25795
3.25891
3.25604
3.23938
3.2164
3.30272
3.2738
3.2674
3.2937
3.32907
3.35643
3.3723
3.3799
3.3833
3.38589
3.38858
3.393
3.39875
3.40873
3.42343
3.44462
3.47176
3.49708
3.49589
3.46651
3.52007
3.5424
3.55402
3.5475
3.53931
3.53236
3.52911
3.52682
3.52469
3.52318
3.52299
3.52459
3.52957
3.54043
3.55828
3.58137
3.60652
3.62698
3.63529
3.62694
3.68832
3.72181
3.72953
3.70948
3.68779
3.67221
3.66345
3.6574
3.65344
3.65024
3.64873
3.64848
3.64897
3.64876
3.64743
3.64735
3.65245
3.66316
3.67885
3.69173
3.72802
3.73305
3.73843
3.74467
3.75152
3.75832
3.76425
3.76861
3.77182
3.77346
3.77513
3.77603
3.77675
3.77305
3.76146
3.73888
3.70856
3.6864
3.69572
3.72278
3.78919
3.78715
3.79889
3.82323
3.85027
3.87214
3.88555
3.89387
3.8986
3.90206
3.90548
3.90934
3.91293
3.91612
3.91886
3.9191
3.9161
3.91257
3.90696
3.89735
3.98415
4.01301
4.03672
4.04096
4.03655
4.03084
4.02683
4.02618
4.02624
4.02731
4.02791
4.02902
4.02983
4.03204
4.03887
4.0555
4.0806
4.10216
4.09876
4.06937
4.17
4.19057
4.19825
4.18252
4.16176
4.14895
4.14482
4.14552
4.1477
4.14905
4.14878
4.14644
4.1418
4.13559
4.12749
4.11843
4.10947
4.10266
4.10384
4.10383
4.28813
4.25013
4.23412
4.24443
4.25831
4.27154
4.28014
4.28375
4.2853
4.2858
4.28596
4.28417
4.28051
4.27228
4.25768
4.23265
4.19908
4.16881
4.15901
4.16817
4.47944
4.44961
4.43512
4.44055
4.44492
4.44381
4.44033
4.43621
4.43261
4.43
4.4285
4.42758
4.42693
4.42591
4.42516
4.42462
4.42426
4.42007
4.40178
4.37711
4.64615
4.66335
4.65697
4.63787
4.61885
4.60029
4.58654
4.57835
4.57328
4.57014
4.56718
4.56517
4.56428
4.5663
4.57321
4.58821
4.61097
4.62883
4.61972
4.5865
4.73425
4.7463
4.74275
4.73506
4.72948
4.72333
4.71692
4.71168
4.70826
4.70587
4.7048
4.70507
4.70697
4.71058
4.71559
4.72043
4.72375
4.72164
4.72049
4.72041
4.83048
4.83968
4.84682
4.8495
4.8503
4.84923
4.84646
4.84296
4.83992
4.83807
4.83737
4.83817
4.84039
4.84396
4.85112
4.86318
4.88009
4.89613
4.90046
4.89681
4.91735
4.92977
4.94403
4.95593
4.96591
4.97198
4.97358
4.97119
4.96742
4.96417
4.96248
4.96209
4.96208
4.96163
4.96065
4.96125
4.9638
4.96803
4.97652
4.98758
5.0621
5.07385
5.08779
5.09216
5.09179
5.09018
5.08893
5.08742
5.08578
5.08404
5.08313
5.08288
5.08369
5.0836
5.07952
5.06797
5.04761
5.02612
5.02528
5.04347
5.2
5.19555
5.18895
5.17994
5.17746
5.1824
5.19012
5.19757
5.20294
5.20612
5.20756
5.20796
5.2064
5.20381
5.19935
5.19141
5.18147
5.17435
5.16842
5.16591
5.27854
5.24069
5.22438
5.24915
5.28198
5.30882
5.32584
5.33596
5.3417
5.34563
5.34822
5.34978
5.34927
5.34582
5.33769
5.32387
5.30488
5.28865
5.28545
5.28971
5.47144
5.48377
5.48565
5.49018
5.49505
5.49669
5.49652
5.49624
5.49572
5.496
5.49717
5.49981
5.50379
5.51058
5.52038
5.5322
5.5411
5.54207
5.53304
5.51626
5.72385
5.76099
5.76329
5.73465
5.70301
5.6785
5.66197
5.65168
5.64459
5.64055
5.63764
5.63696
5.63856
5.64555
5.66108
5.68866
5.72681
5.75977
5.75951
5.72585
5.90496
5.92306
5.92037
5.89456
5.86028
5.82934
5.80577
5.7893
5.77882
5.77197
5.76728
5.76418
5.7619
5.75892
5.75302
5.74656
5.74455
5.74939
5.76111
5.76658
5.9306
5.93872
5.93901
5.93227
5.92523
5.91896
5.91312
5.90751
5.90296
5.89943
5.89724
5.89561
5.89403
5.88827
5.87315
5.84544
5.80849
5.77886
5.78097
5.80688
5.8959
5.8867
5.90263
5.94266
5.98434
6.01422
6.0292
6.03457
6.03516
6.03522
6.03592
6.03773
6.03908
6.03997
6.04045
6.03845
6.02975
6.0173
6.00667
6.00087
6.02547
6.04034
6.07113
6.10329
6.1309
6.15087
6.16325
6.17051
6.17348
6.17586
6.17819
6.18296
6.18922
6.19947
6.21547
6.23848
6.26432
6.28328
6.27786
6.24861
6.28426
6.30003
6.30575
6.29883
6.29383
6.29495
6.30062
6.30711
6.31169
6.31492
6.31775
6.32269
6.32956
6.34087
6.35639
6.37646
6.398
6.41291
6.41668
6.40471
6.54386
6.53792
6.5214
6.5056
6.48834
6.47426
6.46508
6.45985
6.45687
6.45557
6.45492
6.45564
6.45628
6.45578
6.45263
6.44959
6.45031
6.45539
6.4653
6.46952
6.70693
6.72171
6.71569
6.69949
6.67207
6.64383
6.62125
6.60516
6.59538
6.58959
6.58693
6.58527
6.58394
6.57944
6.56703
6.54269
6.50934
6.48342
6.48848
6.50747
6.73447
6.73707
6.73116
6.73041
6.72939
6.72725
6.72307
6.71828
6.71473
6.71315
6.71356
6.71537
6.71825
6.72171
6.72561
6.72775
6.72568
6.72186
6.71406
6.69678
6.73551
6.71666
6.71394
6.74403
6.78157
6.81062
6.8261
6.83271
6.8347
6.83632
6.83794
6.84095
6.84402
6.84972
6.86027
6.881
6.90947
6.93279
6.92751
6.88889
6.85515
6.86996
6.88172
6.90086
6.92255
6.94027
6.95195
6.95885
6.96191
6.96413
6.9661
6.96867
6.97042
6.97034
6.9667
6.96216
6.95755
6.95292
6.95139
6.94141
7.05012
7.08234
7.08658
7.07687
7.07238
7.07513
7.08172
7.08824
7.09277
7.09541
7.09765
7.09941
7.10037
7.09727
7.08633
7.06434
7.03421
7.0073
6.99868
7.00185
7.24667
7.26731
7.26731
7.26253
7.25545
7.24908
7.24427
7.24088
7.23825
7.23601
7.23366
7.2306
7.22676
7.22162
7.21596
7.20952
7.20431
7.19995
7.18651
7.16289
7.45651
7.48383
7.48921
7.47715
7.45571
7.43386
7.4152
7.40026
7.38904
7.38063
7.37379
7.36707
7.3586
7.34835
7.33789
7.33073
7.33107
7.33619
7.32908
7.29802
7.57672
7.58522
7.58257
7.57638
7.56897
7.56115
7.55146
7.54059
7.5307
7.52227
7.51605
7.511
7.50722
7.5028
7.49454
7.478
7.45163
7.42508
7.41702
7.4124
7.64969
7.64029
7.63671
7.65224
7.67022
7.68077
7.68084
7.67529
7.66759
7.66122
7.65683
7.65587
7.65776
7.66424
7.67605
7.69234
7.70961
7.72042
7.71177
7.68279
7.78161
7.7985
7.80312
7.8016
7.79924
7.79769
7.79611
7.79432
7.7909
7.78888
7.78788
7.79033
7.7949
7.80433
7.82024
7.84642
7.88255
7.91583
7.92243
7.89507
7.84244
7.86096
7.85809
7.85011
7.85063
7.86218
7.87793
7.89144
7.90003
7.90592
7.91102
7.91779
7.926
7.93483
7.94124
7.94283
7.93897
7.93456
7.94557
7.95612
7.86785
7.85918
7.85865
7.8931
7.93622
7.9744
8.00138
8.0188
8.02912
8.03583
8.04037
8.04477
8.04873
8.05061
8.0484
8.04196
8.03261
8.02693
8.03197
8.03641
8.12241
8.14943
8.16342
8.17088
8.17506
8.17776
8.18113
8.18422
8.18578
8.18578
8.18535
8.18452
8.18201
8.17542
8.16261
8.14432
8.12281
8.10544
8.10564
8.10921
8.41766
8.46592
8.47386
8.44778
8.41279
8.38392
8.36606
8.35549
8.34922
8.34481
8.34204
8.33931
8.33626
8.33105
8.32396
8.31623
8.30703
8.29851
8.29342
8.27788
8.57166
8.58659
8.5799
8.56863
8.5516
8.53385
8.51909
8.50951
8.50425
8.50238
8.50223
8.50375
8.50511
8.50856
8.51633
8.53015
8.54949
8.56955
8.57057
8.53453
8.68081
8.67364
8.66286
8.66614
8.66804
8.66614
8.66115
8.65808
8.65723
8.65939
8.66423
8.67269
8.68577
8.70429
8.72705
8.75171
8.77286
8.78835
8.79555
8.77259
8.83888
8.84584
8.83829
8.83441
8.82992
8.8245
8.81864
8.81453
8.81257
8.81438
8.81939
8.82974
8.84498
8.86798
8.89792
8.93265
8.96774
8.9935
9.002
8.97898
9.01403
9.02699
9.01928
9.01485
9.00712
8.99701
8.98672
8.97748
8.97079
8.96857
8.97055
8.97676
8.98618
8.99705
9.00635
9.01488
9.02523
9.03472
9.04674
9.04135
9.21344
9.24068
9.23576
9.22001
9.19676
9.17122
9.14926
9.13256
9.12202
9.11643
9.11622
9.11987
9.12536
9.12794
9.122
9.10142
9.06806
9.03502
9.0335
9.03886
9.338
9.36932
9.35983
9.33903
9.31882
9.30096
9.28603
9.27424
9.26678
9.26268
9.26252
9.26391
9.26574
9.26444
9.26025
9.25129
9.23474
9.21383
9.19682
9.16982
9.38094
9.38642
9.3827
9.40879
9.43252
9.44184
9.43818
9.42923
9.42064
9.41565
9.41433
9.41622
9.41805
9.41947
9.42041
9.42219
9.42598
9.42742
9.41408
9.36629
9.56812
9.61575
9.63455
9.64566
9.64317
9.6285
9.60864
9.58975
9.57497
9.5658
9.5628
9.56471
9.57207
9.58247
9.59309
9.59972
9.59783
9.58754
9.57669
9.53619
9.70489
9.7764
9.79688
9.7912
9.77457
9.7542
9.73425
9.7163
9.70258
9.69418
9.69114
9.69345
9.69959
9.70975
9.72301
9.73616
9.74504
9.7436
9.73423
9.69013
9.66324
9.70645
9.72158
9.74861
9.77709
9.79874
9.80946
9.81183
9.81112
9.81065
9.81202
9.81463
9.81776
9.81746
9.81199
9.80181
9.78905
9.77515
9.77147
9.7431
9.64779
9.67698
9.70038
9.75779
9.82182
9.87335
9.90487
9.92084
9.92829
9.93288
9.93812
9.94434
9.95036
9.95131
9.94164
9.91348
9.86891
9.82343
9.81074
9.78937
9.8326
9.89786
9.93481
9.97326
10.0083
10.0342
10.0502
10.0582
10.0616
10.0637
10.0674
10.0723
10.0791
10.085
10.0896
10.0881
10.0769
10.0578
10.0361
9.97886
10.0691
10.156
10.185
10.1909
10.1904
10.1894
10.1898
10.1892
10.1877
10.1863
10.1854
10.1857
10.1852
10.1846
10.186
10.1932
10.2075
10.22
10.2101
10.1369
10.1887
10.2392
10.2454
10.2586
10.2754
10.2903
10.3001
10.3043
10.3049
10.3029
10.2994
10.293
10.2833
10.2663
10.2406
10.2084
10.1783
10.1624
10.1658
10.1261
10.2886
10.3156
10.3109
10.3307
10.3623
10.3923
10.4129
10.4248
10.4298
10.4292
10.4251
10.416
10.4013
10.3759
10.3374
10.2825
10.2192
10.1735
10.17
10.146
10.4722
10.5064
10.497
10.4991
10.5166
10.5398
10.5596
10.5727
10.5793
10.5805
10.5781
10.5711
10.5594
10.5415
10.5199
10.4951
10.4681
10.4508
10.4404
10.3835
10.7121
10.7434
10.7222
10.707
10.7079
10.7191
10.7327
10.743
10.7482
10.7502
10.7498
10.7486
10.7472
10.7482
10.7537
10.7677
10.7914
10.8243
10.8289
10.7495
11.0231
11.0592
11.0285
10.9813
10.946
10.9273
10.9224
10.9243
10.9272
10.9288
10.9294
10.9309
10.9359
10.9487
10.9723
11.0088
11.0569
11.1133
11.1424
11.0904
11.3059
11.3327
11.2893
11.2167
11.1607
11.1278
11.1147
11.1133
11.1158
11.1185
11.1208
11.1247
11.1313
11.1446
11.1683
11.2081
11.2644
11.3348
11.3803
11.3613
11.5407
11.5283
11.4893
11.4479
11.4139
11.3828
11.3589
11.3446
11.3381
11.3364
11.3382
11.3448
11.3561
11.3737
11.3953
11.4198
11.4458
11.4835
11.5191
11.5334
11.9221
11.9413
11.9276
11.859
11.781
11.7042
11.6443
11.6051
11.5832
11.5736
11.5734
11.583
11.603
11.6352
11.6759
11.7186
11.7518
11.7816
11.7845
11.7781
12.1896
12.2299
12.2347
12.153
12.0588
11.9665
11.8928
11.8421
11.812
11.7993
11.7992
11.8133
11.8403
11.8838
11.9424
12.013
12.0875
12.1575
12.1385
12.0875
12.1543
12.1697
12.2122
12.1952
12.1668
12.1209
12.071
12.0303
12.0053
11.9957
11.9979
12.0129
12.0388
12.0775
12.1244
12.1767
12.2292
12.2822
12.2453
12.2069
11.989
11.9922
12.0963
12.1547
12.2056
12.2201
12.207
12.1858
12.1702
12.1644
12.1677
12.1803
12.1996
12.2243
12.2447
12.2478
12.2245
12.1936
12.1035
12.1025
11.9047
11.93
12.0876
12.1648
12.2453
12.2939
12.3108
12.3101
12.3051
12.3022
12.303
12.3064
12.3112
12.3111
12.2964
12.2564
12.19
12.1252
11.9796
11.9783
11.9202
11.9305
12.1079
12.1633
12.2443
12.316
12.3623
12.3856
12.3957
12.3987
12.3976
12.3914
12.3764
12.3461
12.2942
12.2144
12.1182
12.0393
11.8602
11.8914
12.0442
11.9739
12.1568
12.1859
12.2567
12.3379
12.3999
12.4359
12.4546
12.4615
12.4601
12.4479
12.4241
12.3805
12.3152
12.2328
12.1564
12.1174
11.926
12.0069
12.3699
12.1869
12.3671
12.3289
12.3454
12.399
12.4519
12.4867
12.5054
12.5129
12.5117
12.5016
12.4795
12.4426
12.3907
12.3395
12.3261
12.3677
12.1842
12.3578
12.9244
12.5823
12.7645
12.6487
12.5903
12.588
12.6043
12.6175
12.6243
12.6257
12.6253
12.6215
12.615
12.6041
12.5918
12.6005
12.6569
12.7633
12.5735
12.9091
13.6998
13.187
13.4224
13.2123
13.0424
12.9572
12.9194
12.8992
12.8863
12.8788
12.8777
12.8842
12.8962
12.9197
12.9638
13.056
13.2242
13.4327
13.1951
13.6969
14.3388
13.5657
13.9387
13.7358
13.5247
13.3982
13.3332
13.2959
13.273
13.261
13.2597
13.2699
13.2921
13.3333
13.4019
13.5313
13.7428
13.9515
13.5793
14.3418
14.5655
13.4019
14.0035
13.9271
13.7716
13.6652
13.6091
13.578
13.5583
13.5484
13.5471
13.5575
13.5766
13.6124
13.6713
13.7765
13.9303
14.0069
13.4042
14.5668
14.5476
12.7576
13.6075
13.7027
13.6337
13.5689
13.5347
13.5161
13.5033
13.4967
13.497
13.5045
13.5176
13.5387
13.571
13.6299
13.6893
13.5864
12.7432
14.5593
15.1248
12.4053
13.3985
13.5552
13.482
13.4064
13.3651
13.3419
13.3269
13.32
13.3209
13.3313
13.3459
13.3745
13.4103
13.4847
13.5452
13.3882
12.4054
15.146
17.4159
12.9278
13.674
13.8304
13.7294
13.6385
13.5935
13.5695
13.5565
13.549
13.5505
13.5557
13.5675
13.5945
13.6362
13.7313
13.8374
13.6883
12.9424
17.4067
21.0241
12.6769
12.727
13.3426
13.5058
13.5182
13.5181
13.5173
13.5152
13.5135
13.5136
13.5155
13.5174
13.5189
13.519
13.5073
13.3453
12.731
12.6811
21.0258
0.0080226
0.00320831
0.0007729
0.00309948
0.00523251
0.00722019
0.00911617
0.0107095
0.0118573
0.0122245
0.0120017
0.011191
0.00982144
0.00827344
0.00655246
0.00509455
0.00330496
0.000130093
0.00179981
0.00848519
0.0265981
0.0282281
0.0348216
0.0457647
0.0541498
0.0582861
0.0597807
0.0607704
0.0619838
0.0629132
0.0638579
0.0642433
0.0652692
0.0659526
0.0656398
0.0616383
0.0518329
0.0381249
0.0298657
0.0312195
0.100822
0.101815
0.102336
0.102753
0.104563
0.10751
0.110668
0.113425
0.115415
0.116489
0.116761
0.116352
0.115282
0.113891
0.112258
0.110179
0.108042
0.105927
0.102897
0.100688
0.170366
0.172246
0.1748
0.176253
0.176371
0.175504
0.174192
0.172959
0.171859
0.170828
0.169395
0.167482
0.164894
0.161243
0.156231
0.150417
0.144508
0.139814
0.139308
0.14279
0.241912
0.244467
0.246521
0.245695
0.242955
0.239132
0.235236
0.231925
0.229346
0.227214
0.225071
0.222768
0.219658
0.215943
0.211368
0.206484
0.202102
0.199248
0.19941
0.201484
0.291696
0.291056
0.290033
0.288865
0.287785
0.28668
0.285658
0.28481
0.283887
0.28327
0.282495
0.281733
0.280705
0.279708
0.278802
0.27815
0.277549
0.277376
0.276561
0.273825
0.325673
0.319348
0.316294
0.318554
0.323236
0.328431
0.332713
0.33586
0.337719
0.339019
0.339974
0.341294
0.342592
0.344646
0.347082
0.34963
0.351487
0.351934
0.350601
0.347706
0.382938
0.381445
0.380668
0.382031
0.38497
0.388376
0.3911
0.39318
0.394446
0.395465
0.396206
0.397196
0.39886
0.401539
0.405183
0.409822
0.414449
0.417131
0.416134
0.412887
0.451971
0.458643
0.461889
0.460854
0.458393
0.455359
0.452938
0.451251
0.450356
0.449713
0.4493
0.448995
0.448724
0.44873
0.448965
0.449555
0.450642
0.451596
0.452448
0.453794
0.500931
0.503436
0.5049
0.504414
0.50364
0.502944
0.502799
0.502812
0.502934
0.502796
0.50243
0.501342
0.499698
0.496645
0.492146
0.486437
0.4806
0.476938
0.478933
0.485444
0.550944
0.54707
0.545325
0.546166
0.54887
0.552578
0.555858
0.558178
0.559477
0.560009
0.560012
0.559473
0.558185
0.555966
0.552681
0.54821
0.543594
0.540805
0.541428
0.543595
0.622961
0.624287
0.624891
0.624274
0.623366
0.622699
0.621992
0.621666
0.621436
0.621547
0.621608
0.621805
0.622271
0.623157
0.624614
0.626698
0.628553
0.629597
0.628033
0.623127
0.692189
0.697518
0.700113
0.697406
0.692273
0.687033
0.682965
0.680507
0.679351
0.6791
0.679398
0.680483
0.68208
0.684921
0.688754
0.693417
0.697968
0.700641
0.699292
0.694147
0.73773
0.735301
0.735847
0.73703
0.737115
0.736601
0.735653
0.734488
0.733449
0.732853
0.732458
0.732242
0.732518
0.733395
0.735144
0.73807
0.741841
0.744832
0.74506
0.743181
0.78169
0.778463
0.77807
0.779508
0.781536
0.783509
0.784897
0.785386
0.785359
0.784843
0.784272
0.783274
0.78157
0.778773
0.77499
0.770693
0.767047
0.764905
0.766407
0.771793
0.831715
0.827817
0.825113
0.825427
0.827988
0.831587
0.835206
0.837963
0.839721
0.840384
0.84037
0.839441
0.837871
0.83477
0.830042
0.823624
0.816345
0.810834
0.811149
0.816795
0.903946
0.903052
0.901491
0.900509
0.900359
0.90055
0.901059
0.90161
0.902151
0.902432
0.902569
0.902589
0.90237
0.902312
0.902428
0.902147
0.901458
0.900647
0.898992
0.895714
0.981343
0.98719
0.990222
0.987968
0.982856
0.976672
0.971438
0.967814
0.965693
0.964727
0.964571
0.96517
0.966865
0.969724
0.974077
0.979877
0.985918
0.989874
0.987877
0.980541
1.02649
1.02781
1.02993
1.02994
1.0281
1.02539
1.0228
1.02076
1.01948
1.01886
1.01888
1.01974
1.02132
1.0242
1.02838
1.03382
1.03958
1.04339
1.04328
1.04057
1.05623
1.05054
1.04964
1.05334
1.05832
1.06316
1.06664
1.06876
1.06981
1.07036
1.07067
1.07072
1.07068
1.07001
1.06889
1.06771
1.06667
1.06609
1.06828
1.07385
1.10404
1.1009
1.10033
1.10379
1.10887
1.11379
1.11766
1.12028
1.12185
1.12255
1.12284
1.12275
1.12211
1.12039
1.11731
1.11244
1.10663
1.10182
1.10274
1.10913
1.17043
1.17156
1.17046
1.1699
1.1707
1.17219
1.17412
1.17599
1.17744
1.17828
1.17836
1.17764
1.1765
1.17476
1.17265
1.16997
1.16694
1.16482
1.16455
1.16429
1.24569
1.24703
1.24506
1.2425
1.24072
1.23965
1.23918
1.23908
1.23925
1.23938
1.23943
1.23926
1.23854
1.23766
1.23668
1.23559
1.23465
1.2345
1.23433
1.23187
1.32132
1.32577
1.32636
1.32266
1.31686
1.31113
1.30652
1.30342
1.30173
1.3011
1.30111
1.30152
1.30252
1.30393
1.30574
1.30768
1.30895
1.30921
1.30829
1.30572
1.37511
1.37791
1.37924
1.37753
1.37316
1.36808
1.36374
1.36064
1.35881
1.35792
1.35776
1.35838
1.35962
1.362
1.36525
1.36924
1.37338
1.37593
1.37521
1.37219
1.41172
1.40835
1.4082
1.4109
1.41351
1.41504
1.41526
1.41462
1.41355
1.4126
1.41181
1.41117
1.41081
1.41062
1.4108
1.41163
1.41322
1.41494
1.41569
1.41573
1.45656
1.45465
1.45529
1.45817
1.46186
1.46488
1.46661
1.46696
1.46657
1.46566
1.46479
1.46369
1.4621
1.4595
1.45578
1.45099
1.44648
1.44413
1.44592
1.451
1.50539
1.50613
1.50666
1.50785
1.51022
1.51298
1.51574
1.51774
1.51903
1.51964
1.51987
1.51961
1.51921
1.51802
1.51609
1.51343
1.5105
1.50893
1.50939
1.51136
1.55573
1.55459
1.55418
1.55641
1.55987
1.56366
1.56757
1.57106
1.57387
1.57597
1.57764
1.57926
1.58083
1.58291
1.58556
1.58853
1.59113
1.5926
1.59095
1.58685
1.6234
1.62332
1.62386
1.62506
1.62622
1.62739
1.62884
1.63053
1.63214
1.63366
1.63503
1.63651
1.6384
1.64083
1.64398
1.64769
1.65117
1.65307
1.65183
1.64869
1.70184
1.70288
1.70231
1.69991
1.697
1.69469
1.69307
1.69209
1.69165
1.69129
1.69097
1.69059
1.69002
1.68956
1.68924
1.6894
1.69037
1.69156
1.69198
1.69254
1.7772
1.77983
1.77919
1.77505
1.7691
1.76321
1.75829
1.75472
1.75241
1.75079
1.74944
1.74785
1.74602
1.74319
1.73917
1.73421
1.72935
1.72652
1.72806
1.73363
1.8307
1.83252
1.83295
1.83084
1.82673
1.82196
1.81747
1.81399
1.81156
1.81008
1.80921
1.80863
1.80794
1.80715
1.80604
1.80437
1.8025
1.80132
1.8016
1.80251
1.86604
1.862
1.8612
1.86327
1.86586
1.86789
1.86853
1.86846
1.86786
1.86765
1.86762
1.86832
1.86973
1.8723
1.87622
1.88124
1.88607
1.88899
1.88731
1.8813
1.90982
1.90766
1.90711
1.9089
1.91222
1.91567
1.91819
1.91972
1.92052
1.92112
1.92175
1.92297
1.92465
1.92737
1.9309
1.935
1.93874
1.94101
1.94051
1.93786
1.95945
1.96045
1.96008
1.96027
1.96208
1.96471
1.96768
1.97019
1.97212
1.97357
1.97472
1.9756
1.97637
1.97675
1.97676
1.97633
1.97535
1.97426
1.97479
1.97783
2.01412
2.01413
2.01413
2.01585
2.01864
2.02151
2.02423
2.02635
2.02783
2.02866
2.02924
2.02954
2.02936
2.02839
2.02649
2.02369
2.02081
2.01862
2.01812
2.0198
2.08522
2.08814
2.08985
2.08979
2.08903
2.08818
2.08752
2.08721
2.0871
2.08701
2.08664
2.08587
2.08469
2.08267
2.07961
2.07563
2.07146
2.06851
2.06787
2.06869
2.16058
2.16523
2.16678
2.16341
2.15836
2.15379
2.15028
2.14814
2.14702
2.14649
2.14604
2.14554
2.14465
2.14358
2.14217
2.14055
2.13892
2.13757
2.13625
2.13383
2.2219
2.22488
2.22677
2.225
2.22077
2.21579
2.21132
2.20816
2.20594
2.2048
2.20392
2.20354
2.2034
2.20384
2.20499
2.20692
2.20922
2.2107
2.20865
2.20238
2.26313
2.26074
2.26201
2.26481
2.26633
2.26634
2.26496
2.26302
2.26107
2.25968
2.25873
2.25825
2.25792
2.25804
2.25832
2.25871
2.25873
2.25808
2.25743
2.25696
2.30034
2.29809
2.29883
2.30219
2.30625
2.31004
2.31237
2.31339
2.31332
2.31301
2.31255
2.31219
2.31186
2.31172
2.31193
2.3128
2.31426
2.31552
2.31554
2.31508
2.34292
2.33991
2.33813
2.34083
2.3463
2.35285
2.35867
2.36305
2.3657
2.36715
2.36783
2.36823
2.36808
2.36756
2.36679
2.36624
2.36616
2.36659
2.36754
2.36883
2.41311
2.41351
2.41195
2.41228
2.41427
2.41721
2.4204
2.42331
2.4255
2.42719
2.4284
2.42966
2.43096
2.43205
2.43236
2.43161
2.42943
2.42704
2.42688
2.42927
2.50152
2.50924
2.51142
2.50782
2.50186
2.49598
2.49195
2.48994
2.48926
2.48939
2.48994
2.49126
2.49323
2.49632
2.49994
2.50375
2.50704
2.50874
2.50676
2.50248
2.56985
2.57361
2.57495
2.57155
2.56519
2.55843
2.55312
2.54981
2.54798
2.54739
2.54719
2.54758
2.54815
2.54935
2.55124
2.55427
2.55794
2.56039
2.55934
2.55628
2.61828
2.61531
2.6151
2.61558
2.61445
2.61217
2.60914
2.60636
2.60423
2.603
2.60233
2.60201
2.60133
2.60012
2.59788
2.59464
2.59063
2.58736
2.58808
2.59279
2.66094
2.65929
2.6599
2.66227
2.66407
2.66465
2.66373
2.66222
2.66059
2.6594
2.65843
2.65766
2.65659
2.65498
2.65235
2.64874
2.64461
2.64194
2.64256
2.64473
2.70378
2.70212
2.7015
2.70464
2.70899
2.71283
2.71513
2.71627
2.71653
2.71664
2.71669
2.71704
2.71716
2.71739
2.71734
2.71715
2.7168
2.71655
2.71553
2.7118
2.76372
2.7646
2.76354
2.76505
2.76817
2.77118
2.7732
2.77436
2.77483
2.7754
2.77606
2.77733
2.77895
2.78114
2.78339
2.78551
2.78677
2.78662
2.7844
2.77984
2.83173
2.83711
2.83803
2.83653
2.83511
2.83406
2.83337
2.8329
2.83254
2.83236
2.83242
2.83311
2.83432
2.83652
2.83919
2.8423
2.84508
2.84584
2.84333
2.83901
2.88988
2.89386
2.89619
2.89574
2.89383
2.89169
2.88993
2.88862
2.88761
2.8869
2.88625
2.8857
2.88503
2.88434
2.88344
2.88257
2.88188
2.88083
2.87989
2.87944
2.94021
2.94324
2.94512
2.94542
2.94474
2.94367
2.94277
2.94212
2.94162
2.94116
2.9407
2.93993
2.93835
2.93543
2.93078
2.92462
2.91821
2.9137
2.91439
2.91852
2.99121
2.98912
2.98813
2.98997
2.993
2.99601
2.99817
2.99933
2.99962
2.99955
2.99928
2.99891
2.99836
2.99725
2.99528
2.99268
2.9897
2.98767
2.98699
2.98554
3.06673
3.06895
3.06996
3.06955
3.06865
3.06728
3.06559
3.06401
3.06261
3.06162
3.0609
3.06081
3.06126
3.06307
3.06618
3.0706
3.07502
3.07749
3.07462
3.06558
3.13964
3.14643
3.1496
3.14687
3.14151
3.13552
3.13043
3.12682
3.12448
3.1232
3.1225
3.1226
3.1234
3.1253
3.12809
3.1317
3.13512
3.13686
3.13552
3.13095
3.18998
3.18988
3.19096
3.19188
3.1917
3.19052
3.18868
3.18663
3.185
3.1842
3.18437
3.18553
3.18727
3.18931
3.19084
3.19133
3.19087
3.18989
3.1901
3.19206
3.24033
3.24008
3.24091
3.24271
3.2446
3.24568
3.24556
3.24479
3.24393
3.24379
3.24461
3.24654
3.24953
3.2533
3.2572
3.26069
3.2631
3.26392
3.2632
3.26185
3.29138
3.29182
3.29204
3.29417
3.29705
3.29931
3.30034
3.30057
3.30034
3.30036
3.30071
3.30196
3.30368
3.30638
3.30976
3.31376
3.31762
3.31979
3.31883
3.31472
3.35012
3.3543
3.35612
3.35794
3.35952
3.35993
3.35909
3.35776
3.35651
3.35568
3.35525
3.35516
3.35503
3.35426
3.35208
3.34838
3.34336
3.33918
3.33932
3.34225
3.40692
3.41391
3.41706
3.41681
3.41576
3.41459
3.41344
3.41231
3.41125
3.41036
3.40962
3.40889
3.40752
3.40513
3.4011
3.39518
3.3886
3.38411
3.38365
3.38441
3.4566
3.45564
3.45572
3.45814
3.46185
3.4657
3.46845
3.46975
3.4698
3.46933
3.4686
3.46763
3.4663
3.4643
3.46138
3.45794
3.45433
3.45188
3.44971
3.44448
3.52816
3.53118
3.53278
3.53377
3.53503
3.53555
3.53509
3.53401
3.53274
3.53159
3.53077
3.5304
3.52999
3.52969
3.5291
3.52806
3.52665
3.52493
3.52153
3.51479
3.59701
3.60473
3.60817
3.60667
3.60362
3.60026
3.59728
3.59487
3.59322
3.59206
3.59148
3.59125
3.59183
3.59309
3.59499
3.59763
3.60032
3.60163
3.59814
3.59016
3.64466
3.64519
3.64654
3.64845
3.65042
3.65199
3.65266
3.65225
3.65141
3.65059
3.65021
3.65046
3.65119
3.65273
3.6549
3.65739
3.65996
3.6615
3.65933
3.65385
3.69805
3.6987
3.69941
3.70114
3.704
3.7071
3.70935
3.71037
3.71053
3.71032
3.71043
3.71058
3.71129
3.7118
3.71193
3.71175
3.71122
3.71034
3.70936
3.70902
3.76265
3.76368
3.7628
3.76297
3.76464
3.76718
3.76958
3.77131
3.77218
3.7725
3.77273
3.77334
3.77405
3.77475
3.77509
3.7746
3.77406
3.77361
3.77307
3.7723
3.84566
3.85088
3.85101
3.84898
3.84638
3.84395
3.84189
3.84044
3.83946
3.83889
3.83875
3.83902
3.83994
3.84101
3.842
3.84259
3.84256
3.84252
3.84249
3.84094
3.92841
3.93802
3.94057
3.93576
3.92789
3.91998
3.91371
3.90938
3.90665
3.90532
3.90504
3.90599
3.90759
3.9103
3.91367
3.917
3.92002
3.92192
3.92133
3.9168
3.98768
3.98987
3.99104
3.99033
3.98716
3.98305
3.9788
3.97517
3.97237
3.97089
3.97039
3.97091
3.9727
3.97573
3.97977
3.98496
3.99044
3.99436
3.99352
3.98688
4.04396
4.04646
4.04772
4.04807
4.04693
4.04456
4.04168
4.03903
4.03704
4.03604
4.03621
4.03774
4.03983
4.04231
4.04422
4.04482
4.04426
4.04327
4.04408
4.04463
4.10136
4.10477
4.10518
4.106
4.10611
4.10532
4.10411
4.10309
4.10265
4.10299
4.10454
4.10709
4.11119
4.116
4.12072
4.12439
4.12576
4.12557
4.12458
4.12023
4.17274
4.1815
4.18488
4.18631
4.1853
4.18182
4.17758
4.17391
4.17162
4.17101
4.17201
4.17502
4.17958
4.18626
4.19423
4.20195
4.20759
4.20926
4.20491
4.1924
4.24197
4.25954
4.26952
4.27192
4.26825
4.26029
4.25151
4.24406
4.23904
4.23638
4.23589
4.23702
4.23987
4.24349
4.24726
4.25007
4.25059
4.24821
4.24331
4.23358
4.27775
4.29123
4.30168
4.30852
4.31078
4.30881
4.30466
4.30017
4.2968
4.29493
4.29474
4.29589
4.29748
4.29833
4.29712
4.29229
4.28445
4.27584
4.27014
4.26431
4.30544
4.31273
4.32082
4.33246
4.34325
4.35067
4.35396
4.35465
4.35438
4.35438
4.35529
4.35674
4.35894
4.36029
4.35981
4.35597
4.34834
4.33907
4.32989
4.31752
4.35909
4.37161
4.38179
4.39384
4.40495
4.41216
4.41518
4.41569
4.41529
4.41527
4.41601
4.41792
4.42019
4.42265
4.42433
4.42367
4.41971
4.41226
4.39972
4.3791
4.42319
4.44351
4.4567
4.46673
4.4742
4.47764
4.47792
4.47666
4.47527
4.47439
4.4743
4.47466
4.47542
4.47527
4.47371
4.4695
4.46222
4.45262
4.44052
4.42218
4.47492
4.49104
4.50055
4.50967
4.51886
4.52576
4.52967
4.53107
4.53124
4.53085
4.5305
4.52984
4.52824
4.52443
4.51783
4.50756
4.4948
4.48232
4.47191
4.45859
4.53824
4.54699
4.55066
4.5583
4.56965
4.58064
4.58814
4.59199
4.59325
4.59305
4.59211
4.58998
4.58664
4.58049
4.5716
4.55967
4.54666
4.53599
4.52724
4.5137
4.63227
4.64307
4.6454
4.6475
4.65283
4.65848
4.66215
4.66354
4.66333
4.66198
4.65996
4.65697
4.65276
4.64649
4.63824
4.62827
4.61864
4.61265
4.60815
4.59654
4.73005
4.74128
4.74109
4.73638
4.7345
4.73497
4.73624
4.73696
4.73692
4.73606
4.73478
4.7329
4.73068
4.72788
4.72533
4.72366
4.72417
4.72808
4.72874
4.71721
4.81839
4.81999
4.81277
4.8058
4.80439
4.80703
4.81082
4.81371
4.81507
4.81543
4.81528
4.81542
4.81621
4.81875
4.82397
4.8331
4.84609
4.86127
4.86713
4.8564
4.93094
4.9338
4.92395
4.90985
4.90123
4.89777
4.89736
4.89823
4.89913
4.90003
4.90121
4.9036
4.90745
4.91384
4.92339
4.93683
4.95354
4.97175
4.98273
4.98168
5.06042
5.0662
5.05559
5.03305
5.01322
4.99932
4.99152
4.98825
4.98758
4.9885
4.99067
4.9949
5.00153
5.01162
5.02535
5.04307
5.06347
5.08435
5.0954
5.09507
5.18602
5.19092
5.18234
5.15814
5.13285
5.11132
5.096
5.08666
5.08188
5.08058
5.08182
5.08638
5.09387
5.10546
5.1204
5.13783
5.15632
5.17393
5.18111
5.17996
5.28292
5.29392
5.29615
5.27722
5.25085
5.22359
5.20094
5.18489
5.17539
5.17113
5.1709
5.17464
5.18214
5.19361
5.20752
5.22276
5.23661
5.24795
5.24658
5.2397
5.31698
5.33364
5.35165
5.34747
5.33209
5.31029
5.28892
5.27199
5.26107
5.25593
5.25528
5.25933
5.26673
5.27761
5.29
5.30127
5.30859
5.31048
5.29402
5.27605
5.29477
5.31406
5.34878
5.36579
5.37295
5.36931
5.3591
5.34769
5.33902
5.33461
5.33432
5.33782
5.34446
5.35255
5.35932
5.36192
5.35718
5.34417
5.30983
5.28532
5.26613
5.29121
5.3421
5.37271
5.39742
5.41157
5.41503
5.41196
5.40769
5.40519
5.4051
5.40752
5.41066
5.41271
5.41112
5.40259
5.38677
5.3626
5.3125
5.28483
5.27846
5.29804
5.35698
5.38908
5.42067
5.44685
5.46282
5.4693
5.47102
5.47101
5.47113
5.47055
5.46905
5.46312
5.45119
5.43202
5.40762
5.37873
5.31956
5.30135
5.38563
5.37846
5.43402
5.45089
5.47255
5.4974
5.51735
5.52882
5.53429
5.53596
5.53595
5.53424
5.52922
5.51869
5.50167
5.47941
5.45962
5.44183
5.38516
5.39555
5.62566
5.57415
5.62009
5.59936
5.58501
5.5873
5.59586
5.60214
5.60531
5.60614
5.60596
5.60423
5.60105
5.59473
5.58685
5.58388
5.5951
5.61212
5.56552
5.62026
5.95123
5.82699
5.87303
5.81344
5.75248
5.71891
5.70508
5.69847
5.6942
5.69171
5.69094
5.69292
5.69612
5.70303
5.71757
5.74947
5.80515
5.8604
5.81539
5.94011
6.2446
6.00641
6.0795
6.01415
5.92939
5.87098
5.83816
5.81978
5.80878
5.80322
5.80234
5.80668
5.81638
5.83496
5.86835
5.92818
6.01303
6.07879
6.00464
6.23564
6.39264
5.98394
6.1223
6.09787
6.02904
5.97447
5.94241
5.92435
5.9133
5.90804
5.9071
5.91229
5.92216
5.94118
5.97433
6.0288
6.09714
6.11921
5.97782
6.3825
6.4286
5.75646
5.99125
6.04176
6.01316
5.97893
5.95841
5.94798
5.94161
5.93863
5.93883
5.94236
5.94954
5.96172
5.98247
6.01469
6.04035
5.98715
5.75339
6.42987
6.71103
5.63595
5.95354
6.03618
6.00522
5.96379
5.93918
5.92656
5.91912
5.91557
5.91589
5.92042
5.92772
5.94275
5.965
6.0062
6.03266
5.95274
5.64093
6.72306
7.80038
5.81707
6.05303
6.14059
6.09693
6.04532
6.0173
6.00308
5.9956
5.99119
5.99181
5.99454
6.00108
6.01652
6.04255
6.09532
6.1403
6.05543
5.82053
7.79755
9.8176
5.40833
5.49979
5.88378
5.97639
5.97682
5.97438
5.97371
5.97247
5.97141
5.97138
5.97244
5.97336
5.97431
5.97652
5.97622
5.88388
5.50025
5.40884
9.8173
)
;

boundaryField
{
    fixedWalls_1
    {
        type            zeroGradient;
    }
    frontAndBack_1
    {
        type            empty;
    }
    inlet_1
    {
        type            zeroGradient;
    }
    outlet_1
    {
        type            fixedValue;
        value           uniform 0;
    }
    fixedWalls_2
    {
        type            zeroGradient;
    }
    frontAndBack_2
    {
        type            empty;
    }
    inlet_2
    {
        type            zeroGradient;
    }
    outlet_2
    {
        type            fixedValue;
        value           uniform 0;
    }
    fixedWalls_3
    {
        type            zeroGradient;
    }
    frontAndBack_3
    {
        type            empty;
    }
    inlet_3
    {
        type            zeroGradient;
    }
    outlet_3
    {
        type            fixedValue;
        value           uniform 0;
    }
    fixedWalls_4
    {
        type            zeroGradient;
    }
    frontAndBack_4
    {
        type            empty;
    }
    inlet_4
    {
        type            zeroGradient;
    }
    outlet_4
    {
        type            fixedValue;
        value           uniform 0;
    }
    fixedWalls_5
    {
        type            zeroGradient;
    }
    frontAndBack_5
    {
        type            empty;
    }
    inlet_5
    {
        type            zeroGradient;
    }
    outlet_5
    {
        type            fixedValue;
        value           uniform 0;
    }
}


// ************************************************************************* //
