/*--------------------------------*- C++ -*----------------------------------*\
  =========                 |
  \\      /  F ield         | OpenFOAM: The Open Source CFD Toolbox
   \\    /   O peration     | Website:  https://openfoam.org
    \\  /    A nd           | Version:  6
     \\/     M anipulation  |
\*---------------------------------------------------------------------------*/
FoamFile
{
    version     2.0;
    format      ascii;
    class       volScalarField;
    location    "13";
    object      p;
}
// * * * * * * * * * * * * * * * * * * * * * * * * * * * * * * * * * * * * * //

dimensions      [0 2 -2 0 0 0 0];

internalField   nonuniform List<scalar> 
10000
(
-0.0327418
-0.0356785
-0.032731
-0.0219922
-0.0138314
-0.00835969
-0.00449092
-0.00133214
0.0014296
0.0031008
0.00366623
0.00270979
0.000195093
-0.0038814
-0.00999579
-0.0181987
-0.0287486
-0.0406297
-0.0405734
-0.0311634
-0.0737577
-0.0702632
-0.0526506
-0.0221188
0.00457811
0.0230064
0.0340861
0.0413741
0.0466759
0.0502264
0.0525938
0.0532759
0.0540406
0.0536419
0.05088
0.041717
0.0230453
-0.00130274
-0.0180189
-0.0258563
0.0208114
0.0195748
0.0251095
0.0387488
0.0561055
0.0740236
0.0895344
0.101558
0.110068
0.115656
0.118955
0.120674
0.121302
0.122069
0.123457
0.124821
0.124672
0.121923
0.114313
0.103853
0.146596
0.153545
0.157144
0.160237
0.163976
0.16808
0.172546
0.177253
0.181605
0.185543
0.188871
0.192215
0.195996
0.200575
0.205543
0.210343
0.212974
0.211563
0.206325
0.19969
0.278039
0.289405
0.291397
0.284411
0.274717
0.265531
0.259427
0.256522
0.256228
0.257437
0.259629
0.262944
0.267049
0.272734
0.279147
0.285975
0.29265
0.29679
0.294929
0.288917
0.347168
0.35199
0.354164
0.350166
0.342672
0.33441
0.327753
0.32353
0.321657
0.32145
0.322113
0.323389
0.325388
0.328075
0.331322
0.335146
0.338922
0.341554
0.341535
0.340512
0.37865
0.372965
0.37249
0.373456
0.374427
0.375727
0.376705
0.377488
0.378199
0.37887
0.379582
0.380069
0.379768
0.378167
0.374832
0.370236
0.365783
0.362862
0.363826
0.37032
0.42478
0.419284
0.42032
0.424914
0.429604
0.434062
0.437165
0.438987
0.439662
0.439853
0.43926
0.437746
0.435241
0.430937
0.424933
0.417917
0.411658
0.408044
0.408362
0.413713
0.497241
0.497967
0.501276
0.505854
0.509339
0.510442
0.509818
0.508438
0.506903
0.505263
0.503452
0.501067
0.497389
0.492432
0.486475
0.479708
0.473473
0.469574
0.470051
0.47438
0.574459
0.577884
0.579248
0.579321
0.579386
0.578376
0.576805
0.575203
0.573767
0.572709
0.571978
0.57118
0.570539
0.569919
0.569592
0.569711
0.569627
0.569446
0.568965
0.567434
0.625287
0.623556
0.622658
0.623965
0.626854
0.630339
0.633281
0.635437
0.636815
0.637834
0.638842
0.640845
0.643873
0.649167
0.656289
0.664852
0.673548
0.679652
0.678034
0.668561
0.679185
0.677801
0.676664
0.677816
0.681386
0.686338
0.691063
0.695051
0.697924
0.70012
0.701725
0.703535
0.706039
0.709405
0.713648
0.718693
0.723788
0.727807
0.72861
0.726509
0.738325
0.737549
0.736665
0.737825
0.741444
0.746674
0.75205
0.756571
0.760011
0.76235
0.764109
0.765222
0.765545
0.765008
0.76361
0.761328
0.759096
0.757893
0.75938
0.765342
0.812383
0.816156
0.819068
0.82095
0.822097
0.82306
0.824105
0.825392
0.826716
0.827937
0.82884
0.828998
0.828838
0.827474
0.825179
0.822019
0.818818
0.816721
0.816222
0.818976
0.895454
0.903774
0.907557
0.904973
0.900114
0.895747
0.893206
0.892246
0.892308
0.892549
0.8928
0.892774
0.892275
0.891275
0.889534
0.88662
0.883249
0.880397
0.879452
0.881142
0.963305
0.960367
0.957834
0.956493
0.956159
0.956832
0.957696
0.958339
0.958716
0.959048
0.959117
0.958764
0.958556
0.958268
0.958331
0.958729
0.958962
0.958507
0.957603
0.956979
1.05108
1.04989
1.04644
1.04112
1.03688
1.0338
1.03145
1.02979
1.02865
1.02774
1.02687
1.02611
1.02495
1.0242
1.02423
1.02579
1.02908
1.03194
1.03192
1.0286
1.12094
1.11969
1.11899
1.11622
1.11218
1.10788
1.10424
1.10179
1.10026
1.09933
1.09876
1.09808
1.09729
1.09536
1.09209
1.08788
1.08335
1.07996
1.08135
1.08643
1.187
1.18542
1.18679
1.18708
1.18507
1.1815
1.17769
1.1746
1.17263
1.1717
1.17182
1.17299
1.17484
1.17742
1.18025
1.18235
1.18337
1.18358
1.18314
1.18136
1.25187
1.24984
1.2504
1.25121
1.25051
1.24826
1.24528
1.24264
1.2407
1.23992
1.23996
1.24123
1.24436
1.24981
1.25796
1.26793
1.27729
1.28303
1.28137
1.27235
1.29666
1.29467
1.29463
1.29659
1.29883
1.30023
1.30071
1.30037
1.29991
1.29958
1.2998
1.30065
1.30163
1.3034
1.30566
1.30825
1.31104
1.31277
1.31342
1.31373
1.32441
1.32132
1.32216
1.32762
1.33502
1.34223
1.34801
1.35169
1.35382
1.35504
1.35587
1.35588
1.35541
1.35297
1.34822
1.34127
1.33352
1.3278
1.32871
1.33759
1.37129
1.36911
1.3703
1.37611
1.38435
1.39266
1.39985
1.4051
1.40858
1.41045
1.41133
1.41125
1.4101
1.40758
1.40369
1.39819
1.39215
1.38757
1.38663
1.38966
1.45261
1.45486
1.45388
1.45312
1.45487
1.45846
1.46305
1.46745
1.47071
1.47264
1.47311
1.47203
1.46969
1.46607
1.46246
1.45992
1.45859
1.45904
1.45968
1.45791
1.53986
1.54113
1.53885
1.53762
1.53768
1.5385
1.54008
1.54166
1.54284
1.54328
1.54323
1.5425
1.54071
1.53811
1.5348
1.53097
1.52752
1.52626
1.52822
1.53025
1.63287
1.63824
1.64003
1.63726
1.63202
1.62672
1.62278
1.62038
1.61915
1.6185
1.61803
1.61758
1.61779
1.6186
1.62008
1.62179
1.62263
1.62238
1.6223
1.62182
1.71792
1.72235
1.72417
1.71869
1.71015
1.7022
1.69632
1.69281
1.69137
1.69105
1.6915
1.69286
1.69494
1.69857
1.70356
1.70971
1.71552
1.7185
1.71838
1.71521
1.78579
1.7862
1.78558
1.78152
1.77571
1.76958
1.76459
1.76136
1.75977
1.75964
1.76053
1.7625
1.76604
1.77104
1.77745
1.78476
1.79155
1.79623
1.79723
1.79386
1.83221
1.82458
1.82213
1.8232
1.82444
1.82498
1.82459
1.82353
1.82263
1.82224
1.8226
1.8237
1.82535
1.82793
1.83113
1.83477
1.83847
1.84151
1.84286
1.84119
1.8876
1.88181
1.88016
1.88103
1.8825
1.88409
1.88497
1.88497
1.88439
1.88362
1.8829
1.88186
1.88059
1.87797
1.87402
1.86918
1.86454
1.86139
1.86229
1.86699
1.94599
1.94225
1.94052
1.94168
1.94349
1.94513
1.94601
1.94609
1.94545
1.94402
1.9421
1.93956
1.936
1.93096
1.92447
1.91687
1.91027
1.90633
1.90644
1.91054
2.01238
2.0135
2.01402
2.0151
2.01546
2.01464
2.013
2.01108
2.00913
2.00715
2.00463
2.0014
1.99729
1.99185
1.98551
1.97858
1.97208
1.96801
1.96825
1.97061
2.06863
2.0732
2.0748
2.07338
2.07145
2.07032
2.07028
2.07073
2.07122
2.07152
2.07159
2.07146
2.07073
2.0701
2.06965
2.06937
2.06885
2.06804
2.06638
2.06233
2.11142
2.10439
2.10158
2.10427
2.1102
2.11808
2.12571
2.13176
2.1357
2.13862
2.14075
2.14317
2.14641
2.15131
2.15801
2.16619
2.1742
2.17943
2.17636
2.16543
2.20014
2.20073
2.20068
2.20097
2.20239
2.2039
2.20523
2.20635
2.2073
2.208
2.20877
2.21011
2.21209
2.21548
2.2199
2.22503
2.23004
2.23363
2.23374
2.23145
2.29639
2.30679
2.31146
2.30832
2.30169
2.29327
2.28609
2.28112
2.27838
2.27683
2.27602
2.27535
2.2752
2.27505
2.27481
2.27442
2.27393
2.27375
2.27561
2.28086
2.35038
2.35307
2.35498
2.35372
2.35088
2.34737
2.34423
2.34185
2.34045
2.33969
2.33952
2.33963
2.33982
2.33988
2.33966
2.33932
2.33936
2.3397
2.33992
2.34118
2.38757
2.38169
2.38017
2.38311
2.3879
2.39308
2.39673
2.39894
2.39996
2.40085
2.40132
2.40174
2.40189
2.40156
2.4008
2.3998
2.39887
2.39827
2.39792
2.39845
2.44528
2.44228
2.44115
2.44326
2.44749
2.45282
2.45742
2.46106
2.46332
2.46479
2.46562
2.46623
2.46609
2.4655
2.46413
2.46218
2.46007
2.45844
2.45783
2.4581
2.51947
2.51804
2.51573
2.51576
2.51751
2.5205
2.52377
2.52707
2.52952
2.53145
2.53254
2.53338
2.53377
2.53382
2.53327
2.53226
2.53066
2.52914
2.52838
2.52837
2.61382
2.61684
2.61648
2.61421
2.61044
2.60626
2.60282
2.60074
2.59986
2.59974
2.59989
2.60053
2.60132
2.60289
2.60501
2.60776
2.61024
2.6116
2.6108
2.60872
2.69743
2.70417
2.70563
2.69986
2.69067
2.68136
2.67408
2.6692
2.6661
2.6644
2.66295
2.66197
2.66113
2.66109
2.66245
2.66588
2.67061
2.67473
2.67475
2.67107
2.74095
2.73556
2.73392
2.73415
2.73401
2.73334
2.73198
2.73
2.72788
2.72588
2.72389
2.72143
2.71774
2.71252
2.70556
2.6981
2.69141
2.6872
2.68919
2.69773
2.78969
2.7849
2.78371
2.7853
2.78807
2.79062
2.79198
2.7923
2.79173
2.79081
2.78957
2.78798
2.78575
2.78225
2.77651
2.76857
2.75955
2.7525
2.75219
2.75914
2.84253
2.8381
2.83626
2.83878
2.84314
2.8479
2.85184
2.85497
2.85698
2.85839
2.85933
2.86045
2.86168
2.86416
2.86746
2.87085
2.87332
2.87444
2.87187
2.86566
2.91834
2.91794
2.91697
2.91847
2.92074
2.92278
2.92418
2.92553
2.92663
2.92822
2.92978
2.9323
2.93584
2.94138
2.94891
2.95832
2.96766
2.974
2.97187
2.96204
3.0063
3.01333
3.01422
3.01078
3.0061
3.00149
2.99787
2.99559
2.99441
2.99406
2.99435
2.99578
2.99806
3.00174
3.00635
3.01194
3.01702
3.01982
3.0193
3.01697
3.06798
3.0714
3.07339
3.07245
3.06911
3.06491
3.06119
3.05832
3.05634
3.05519
3.05459
3.05433
3.05384
3.05262
3.05036
3.04745
3.04437
3.04191
3.04312
3.04956
3.11142
3.11156
3.11251
3.11395
3.11475
3.11487
3.11466
3.11438
3.11394
3.11356
3.11305
3.11212
3.11005
3.10675
3.10205
3.0964
3.09135
3.08841
3.08884
3.09265
3.15569
3.14974
3.14607
3.14844
3.15456
3.16187
3.16798
3.17235
3.17459
3.17564
3.1753
3.17401
3.17123
3.16695
3.16097
3.15423
3.14794
3.144
3.14416
3.14659
3.22939
3.23071
3.23171
3.23341
3.23611
3.23916
3.24144
3.24313
3.24398
3.24445
3.24438
3.24426
3.24353
3.24263
3.24099
3.23905
3.23663
3.2345
3.23355
3.23206
3.30533
3.31545
3.32243
3.32388
3.32186
3.3182
3.31478
3.31267
3.3116
3.31184
3.31249
3.31426
3.3169
3.32144
3.32728
3.33386
3.33928
3.34203
3.33941
3.33061
3.35428
3.35819
3.36004
3.36063
3.3615
3.36303
3.36495
3.36697
3.36868
3.37044
3.37202
3.37422
3.37676
3.38082
3.38556
3.39097
3.39578
3.39845
3.39798
3.39471
3.41052
3.4062
3.40303
3.4035
3.40792
3.41471
3.42117
3.4262
3.42923
3.43105
3.43154
3.43125
3.42994
3.42831
3.42632
3.42517
3.42543
3.42679
3.42945
3.4338
3.50897
3.51106
3.5118
3.50966
3.5072
3.50487
3.50285
3.50147
3.50048
3.49944
3.49815
3.49623
3.49299
3.48802
3.48096
3.47257
3.4649
3.4607
3.46412
3.47366
3.59766
3.60423
3.60669
3.60168
3.59366
3.58524
3.57842
3.57378
3.57102
3.56935
3.56811
3.56697
3.56582
3.56443
3.56239
3.56012
3.55764
3.55645
3.55728
3.55767
3.64473
3.63859
3.63636
3.63627
3.63611
3.63634
3.63654
3.63675
3.63689
3.63757
3.63853
3.64051
3.64311
3.6476
3.6537
3.66111
3.66748
3.67077
3.66796
3.65784
3.70377
3.69807
3.69715
3.69934
3.70106
3.70209
3.70246
3.7029
3.7033
3.70449
3.7061
3.70887
3.7126
3.71806
3.72474
3.73248
3.73916
3.74263
3.74059
3.73363
3.77885
3.7806
3.78026
3.77766
3.77489
3.77267
3.77123
3.7704
3.76996
3.77017
3.7708
3.77219
3.77372
3.77608
3.7786
3.78146
3.78469
3.78748
3.78764
3.78695
3.84736
3.84453
3.84103
3.83851
3.83714
3.83669
3.83654
3.83643
3.83643
3.8366
3.83706
3.83767
3.83831
3.83821
3.83616
3.83216
3.82716
3.82318
3.82284
3.8285
3.92639
3.92809
3.9287
3.92722
3.92337
3.91764
3.91173
3.90695
3.90374
3.90174
3.9006
3.90011
3.89968
3.89927
3.8984
3.89674
3.89483
3.89289
3.89098
3.89059
3.98334
3.98925
3.99235
3.99009
3.98488
3.9786
3.97292
3.96822
3.96455
3.96184
3.9595
3.95714
3.95462
3.95211
3.95008
3.94951
3.95019
3.95079
3.94921
3.94559
4.00767
4.00188
4.00197
4.00665
4.01262
4.01834
4.02235
4.02399
4.0238
4.02264
4.02114
4.01941
4.01671
4.01261
4.00651
3.99856
3.99028
3.9838
3.98357
3.98893
4.06736
4.06701
4.06904
4.07313
4.07824
4.08295
4.08623
4.08812
4.08895
4.0891
4.08928
4.08929
4.08978
4.09016
4.08998
4.08906
4.08664
4.08397
4.08172
4.07863
4.15448
4.16106
4.16373
4.16277
4.16089
4.15887
4.15767
4.15752
4.15801
4.15895
4.16036
4.16283
4.1661
4.17144
4.17864
4.18668
4.19374
4.19721
4.19296
4.17991
4.24401
4.24889
4.25066
4.24999
4.24687
4.24224
4.23769
4.2341
4.23174
4.23047
4.2304
4.23125
4.23374
4.23749
4.24209
4.24692
4.25085
4.25269
4.25107
4.24539
4.32156
4.32947
4.3336
4.33228
4.32643
4.31802
4.30974
4.30289
4.29832
4.29547
4.29439
4.29459
4.29555
4.29687
4.29788
4.29755
4.29628
4.29428
4.29413
4.29675
4.35538
4.36163
4.36605
4.36783
4.3667
4.36367
4.36002
4.35667
4.35449
4.35346
4.35389
4.35495
4.35741
4.35992
4.36226
4.36396
4.36425
4.3632
4.3618
4.36091
4.36375
4.36061
4.36244
4.37087
4.38109
4.39041
4.39723
4.40142
4.4038
4.40562
4.40753
4.41023
4.41306
4.4162
4.41905
4.42047
4.42056
4.41925
4.41772
4.41537
4.41019
4.408
4.41111
4.42151
4.43377
4.445
4.45317
4.45835
4.46125
4.46307
4.46452
4.46543
4.46636
4.46628
4.46549
4.46407
4.46189
4.45951
4.45777
4.45491
4.50741
4.51901
4.52573
4.52936
4.53113
4.53053
4.52897
4.52719
4.52585
4.52463
4.52367
4.52263
4.5203
4.51622
4.51022
4.50219
4.49389
4.48716
4.48425
4.48173
4.59876
4.61483
4.62277
4.62248
4.61745
4.60946
4.60161
4.59517
4.59082
4.58748
4.58529
4.58276
4.58065
4.5766
4.56973
4.55936
4.54589
4.53303
4.52638
4.52298
4.6513
4.65854
4.66399
4.66642
4.66581
4.6624
4.65771
4.65294
4.64898
4.64609
4.64415
4.64317
4.64234
4.64198
4.64117
4.63851
4.63426
4.62869
4.6201
4.60618
4.68185
4.67937
4.68131
4.68904
4.69756
4.704
4.70625
4.70555
4.70342
4.70135
4.69966
4.69804
4.69728
4.6969
4.69728
4.69834
4.69939
4.69925
4.69317
4.67966
4.72243
4.72261
4.72496
4.73257
4.74279
4.75178
4.75695
4.75847
4.75758
4.75547
4.75299
4.75069
4.74768
4.7442
4.74013
4.73571
4.73235
4.73042
4.72863
4.72491
4.77248
4.77278
4.77225
4.7781
4.7886
4.79977
4.8083
4.81318
4.81515
4.81491
4.8139
4.81154
4.80861
4.8032
4.79553
4.78619
4.77731
4.77244
4.77386
4.77792
4.85566
4.8584
4.85538
4.85594
4.86135
4.86862
4.87513
4.87943
4.88179
4.88267
4.88309
4.88359
4.88394
4.88417
4.88415
4.88332
4.88259
4.88337
4.88424
4.88112
4.97103
4.97903
4.97377
4.96424
4.95834
4.95645
4.95688
4.95799
4.95885
4.95936
4.96001
4.96126
4.9643
4.96919
4.97663
4.98637
4.99686
5.0061
5.00774
4.9975
5.09053
5.0952
5.08721
5.07339
5.06164
5.05352
5.04847
5.04504
5.04262
5.04102
5.04048
5.04163
5.04411
5.04881
5.05559
5.06453
5.07513
5.08607
5.09238
5.08918
5.21108
5.21772
5.21013
5.19195
5.17222
5.15561
5.14339
5.13491
5.12955
5.1266
5.12609
5.12762
5.13121
5.13604
5.14206
5.14947
5.15829
5.16867
5.17764
5.17975
5.30761
5.31385
5.30574
5.28617
5.26367
5.24423
5.23003
5.22063
5.2149
5.21251
5.21299
5.21702
5.22391
5.2342
5.24741
5.26291
5.27931
5.29412
5.30017
5.29244
5.38909
5.39339
5.38756
5.37307
5.35487
5.33751
5.3231
5.31248
5.30514
5.30182
5.30175
5.30598
5.31402
5.32672
5.34386
5.36434
5.38559
5.40265
5.40527
5.38957
5.47175
5.48922
5.49368
5.48223
5.4622
5.4393
5.41836
5.40215
5.39143
5.38631
5.38613
5.39127
5.40053
5.41355
5.42839
5.44319
5.45536
5.46252
5.4603
5.44829
5.50721
5.53568
5.55184
5.54829
5.53254
5.51091
5.49024
5.47403
5.46353
5.45896
5.45967
5.46599
5.47693
5.4919
5.50908
5.52526
5.537
5.54083
5.52916
5.5059
5.47827
5.50333
5.52841
5.54401
5.54935
5.54592
5.53803
5.52941
5.52285
5.52019
5.52148
5.52734
5.53697
5.54977
5.56388
5.57692
5.58433
5.58104
5.55832
5.5254
5.45508
5.49083
5.5296
5.55792
5.57612
5.58271
5.58129
5.57685
5.57305
5.5721
5.57421
5.57976
5.58689
5.59357
5.59683
5.59272
5.57927
5.5557
5.52138
5.49143
5.43964
5.48367
5.53216
5.56802
5.59461
5.60954
5.61515
5.61587
5.61554
5.61596
5.61778
5.6205
5.62343
5.62347
5.61812
5.60409
5.5794
5.54506
5.49809
5.4591
5.43123
5.47044
5.52305
5.56677
5.60506
5.63252
5.64813
5.65475
5.65669
5.65673
5.65572
5.6536
5.6483
5.63736
5.61991
5.5931
5.55762
5.51442
5.45847
5.41689
5.45047
5.48245
5.53638
5.58047
5.62168
5.6555
5.67804
5.68975
5.69471
5.69494
5.69242
5.68514
5.67287
5.65047
5.61711
5.57208
5.5185
5.46398
5.40776
5.38429
5.51242
5.52298
5.56756
5.60191
5.63923
5.67589
5.70551
5.72458
5.73483
5.73754
5.73454
5.72529
5.70845
5.68147
5.64505
5.60072
5.55636
5.51787
5.4722
5.46221
5.67305
5.64914
5.6723
5.68192
5.70274
5.73315
5.7629
5.78477
5.79794
5.8027
5.80094
5.79173
5.77656
5.7543
5.72918
5.70793
5.6969
5.69395
5.66761
5.68055
5.9929
5.93534
5.93662
5.89852
5.87208
5.8679
5.87709
5.88794
5.89595
5.89974
5.90025
5.89864
5.89462
5.89235
5.89604
5.91283
5.94653
5.98369
5.97539
6.0261
6.41577
6.31527
6.30707
6.22335
6.13901
6.08368
6.0562
6.04337
6.03747
6.03524
6.03631
6.04151
6.05296
6.07566
6.11506
6.17963
6.26533
6.34435
6.34618
6.44387
6.79267
6.63002
6.64278
6.54685
6.42749
6.3314
6.26905
6.23135
6.20952
6.19987
6.19986
6.21242
6.23599
6.27873
6.34505
6.44097
6.55736
6.6518
6.64013
6.80351
6.96207
6.70352
6.77077
6.71506
6.61161
6.51594
6.44703
6.40314
6.37717
6.36524
6.36476
6.37715
6.40357
6.44887
6.51545
6.60657
6.70423
6.75828
6.69378
6.95382
6.85929
6.44072
6.58397
6.61857
6.58598
6.53835
6.50055
6.47577
6.46018
6.45346
6.4529
6.46142
6.47639
6.50144
6.53672
6.5774
6.60318
6.56387
6.42182
6.84532
6.69244
6.02663
6.24512
6.37204
6.41108
6.41238
6.40646
6.40286
6.40017
6.39977
6.40079
6.40328
6.40753
6.41233
6.41682
6.41061
6.36692
6.23797
6.02353
6.69827
6.95046
5.93861
6.19455
6.32078
6.34318
6.33259
6.322
6.31655
6.31328
6.31229
6.31317
6.31622
6.31973
6.32814
6.33604
6.34683
6.31958
6.19911
5.95091
6.97031
8.14145
6.33292
6.48198
6.55802
6.53323
6.49285
6.46839
6.45553
6.44936
6.44535
6.4463
6.44769
6.45228
6.4668
6.48869
6.53314
6.56264
6.49277
6.34361
8.13735
10.3012
5.88385
5.95714
6.32546
6.41467
6.41688
6.41595
6.41606
6.41559
6.41526
6.41527
6.4161
6.41598
6.41661
6.41747
6.41585
6.32833
5.96133
5.88755
10.3013
-0.175945
-0.143252
-0.147809
-0.0985105
-0.0760411
-0.0720705
-0.0704379
-0.0663455
-0.0614636
-0.0587355
-0.0586734
-0.0623828
-0.0691325
-0.0771689
-0.0852594
-0.0966881
-0.125757
-0.17929
-0.182425
-0.215509
-0.205147
-0.175619
-0.167019
-0.0978955
-0.0384696
-0.00532704
0.00917315
0.0162789
0.0199448
0.0195401
0.0154744
0.00500887
-0.00874579
-0.0275532
-0.0511699
-0.0888544
-0.149256
-0.216904
-0.23864
-0.291206
0.0586122
0.0153412
0.00955034
0.035429
0.068973
0.0988075
0.118659
0.129132
0.133054
0.13188
0.125711
0.113447
0.0939263
0.0661748
0.0302551
-0.0106742
-0.045285
-0.0662359
-0.0775836
-0.0797392
0.152446
0.125718
0.1172
0.135036
0.166531
0.19837
0.222715
0.238518
0.246987
0.2498
0.247936
0.241578
0.230991
0.214176
0.188015
0.148149
0.0926224
0.0342092
0.014138
0.0322027
0.167455
0.17824
0.187738
0.218136
0.265635
0.315727
0.353976
0.378234
0.392017
0.40069
0.405907
0.411557
0.418624
0.43096
0.448952
0.470061
0.486442
0.491647
0.476766
0.456807
0.315958
0.361477
0.394134
0.422803
0.451295
0.479058
0.503977
0.525211
0.540564
0.553746
0.564581
0.578667
0.597341
0.626706
0.669864
0.729985
0.79874
0.855398
0.866504
0.835592
0.593457
0.651962
0.676409
0.662563
0.64814
0.64465
0.654063
0.670834
0.687682
0.702934
0.717281
0.734254
0.752794
0.773827
0.79582
0.821514
0.849202
0.873938
0.904205
0.927292
0.771217
0.805248
0.826052
0.834388
0.833003
0.830688
0.832152
0.837609
0.84507
0.85347
0.862722
0.872657
0.883222
0.89023
0.889393
0.877079
0.859106
0.849665
0.874246
0.921126
0.970889
0.99919
1.03043
1.04204
1.036
1.02367
1.01293
1.00603
1.00345
1.00351
1.00482
1.00546
1.00404
0.999813
0.990467
0.973486
0.955308
0.947001
0.95775
0.983844
1.09829
1.08085
1.08551
1.09982
1.11655
1.13194
1.14201
1.14843
1.15258
1.15566
1.15719
1.15617
1.15124
1.14073
1.12322
1.10121
1.07686
1.0569
1.05604
1.06963
1.30256
1.24699
1.23086
1.25232
1.27913
1.29905
1.30859
1.31352
1.31574
1.31757
1.3183
1.31834
1.31554
1.31202
1.30872
1.3074
1.30684
1.30415
1.29552
1.27782
1.64311
1.62715
1.60657
1.57696
1.54335
1.51319
1.49218
1.48074
1.47435
1.47246
1.47188
1.47338
1.47633
1.48306
1.49576
1.51764
1.54846
1.58161
1.58253
1.54061
1.72762
1.74137
1.71395
1.67153
1.63217
1.60639
1.59418
1.59079
1.59142
1.59486
1.59976
1.60806
1.6197
1.63585
1.65382
1.67029
1.68206
1.69158
1.69821
1.68873
1.63723
1.6143
1.59774
1.62367
1.65226
1.67177
1.68242
1.68972
1.69565
1.70146
1.70581
1.70932
1.7126
1.71752
1.72669
1.74174
1.75967
1.77471
1.78254
1.78495
1.72269
1.71793
1.71488
1.7292
1.75347
1.77666
1.79478
1.80761
1.81636
1.82051
1.82067
1.81532
1.80218
1.77997
1.75071
1.72241
1.70389
1.69636
1.70753
1.73201
1.85043
1.85396
1.85605
1.87425
1.90505
1.93799
1.96256
1.9754
1.98098
1.98083
1.97719
1.96716
1.95134
1.92437
1.88426
1.82813
1.76021
1.69898
1.68405
1.70764
2.16948
2.19615
2.21131
2.21171
2.20609
2.19759
2.19063
2.18447
2.17943
2.17358
2.1677
2.15967
2.14951
2.13726
2.12499
2.10871
2.08631
2.05841
2.02127
1.98154
2.56984
2.6082
2.60941
2.56184
2.5033
2.45075
2.41346
2.38965
2.37497
2.36509
2.35846
2.35488
2.35659
2.36485
2.38003
2.40203
2.427
2.44433
2.4184
2.35265
2.79926
2.79316
2.77218
2.73173
2.6813
2.63396
2.59578
2.56638
2.54587
2.53182
2.52336
2.52064
2.52557
2.54107
2.56444
2.59193
2.61701
2.62952
2.62269
2.59989
2.85507
2.8297
2.80697
2.78635
2.76261
2.73817
2.71639
2.69751
2.68317
2.67318
2.66743
2.66464
2.66525
2.66934
2.67886
2.69478
2.71532
2.73096
2.7406
2.7488
2.74659
2.70383
2.69177
2.72052
2.75568
2.78021
2.79168
2.79499
2.79526
2.79491
2.79682
2.80048
2.80491
2.80678
2.80509
2.7968
2.78485
2.77266
2.78233
2.81602
2.70767
2.70119
2.71294
2.74655
2.79143
2.83522
2.8686
2.89053
2.90389
2.91283
2.91986
2.92636
2.93327
2.93884
2.94378
2.94697
2.95037
2.95588
2.96144
2.97375
2.72678
2.73836
2.76369
2.81278
2.87116
2.92796
2.97531
3.00822
3.02858
3.04122
3.04962
3.05556
3.0592
3.06202
3.06487
3.06696
3.06779
3.06982
3.07807
3.09495
2.94595
2.99218
3.02909
3.05971
3.08737
3.11272
3.13709
3.1588
3.17505
3.18614
3.19331
3.19846
3.20289
3.20521
3.20506
3.20265
3.19854
3.19555
3.20185
3.21689
3.29934
3.36709
3.38887
3.36485
3.33715
3.31992
3.31501
3.31933
3.32729
3.33429
3.33958
3.34364
3.34735
3.35078
3.35325
3.35467
3.35491
3.35429
3.35706
3.3616
3.55477
3.57661
3.57581
3.55378
3.52369
3.49997
3.48589
3.48072
3.48096
3.48338
3.48546
3.48623
3.48682
3.48779
3.49186
3.50249
3.52008
3.53811
3.54372
3.53265
3.71823
3.70855
3.6998
3.68907
3.6715
3.6546
3.64291
3.637
3.63525
3.6352
3.63439
3.63212
3.62637
3.61826
3.6087
3.60347
3.60995
3.62846
3.64015
3.62793
3.78616
3.74262
3.72995
3.7527
3.77524
3.79181
3.80149
3.80576
3.80691
3.8069
3.80614
3.80347
3.79874
3.78833
3.76736
3.72974
3.67539
3.62371
3.61737
3.64425
4.00855
3.98722
3.98941
4.00544
4.01287
4.01186
4.00615
4.00047
3.99601
3.99352
3.99257
3.99308
3.99384
3.99537
3.99828
3.99998
3.99569
3.98352
3.96073
3.94382
4.34826
4.35802
4.35315
4.31848
4.27856
4.23955
4.20808
4.18761
4.1756
4.16974
4.16681
4.16713
4.1704
4.17941
4.19769
4.22891
4.2691
4.304
4.2994
4.26156
4.5389
4.51948
4.48958
4.45567
4.42336
4.39286
4.36668
4.3465
4.33289
4.32461
4.32019
4.31955
4.32182
4.32934
4.34201
4.35938
4.37912
4.39659
4.40653
4.40082
4.62494
4.59937
4.56992
4.54566
4.52511
4.50816
4.4939
4.48052
4.46914
4.46127
4.45609
4.45214
4.44775
4.4397
4.42681
4.41295
4.40421
4.40401
4.41691
4.43732
4.57757
4.54284
4.52257
4.53019
4.5513
4.57238
4.58565
4.59032
4.59037
4.58816
4.58631
4.58344
4.57963
4.57076
4.55199
4.51787
4.47088
4.42856
4.42738
4.46397
4.56265
4.53738
4.54821
4.59905
4.65183
4.68914
4.7097
4.71908
4.7228
4.72397
4.72448
4.72448
4.72553
4.72831
4.73614
4.74613
4.75209
4.75017
4.73562
4.72381
4.77862
4.81366
4.83864
4.83813
4.83929
4.84405
4.85136
4.85671
4.8598
4.86058
4.86042
4.85998
4.85896
4.86117
4.87157
4.898
4.9407
4.97997
4.98039
4.94979
4.94912
4.97757
4.97257
4.95035
4.94647
4.9573
4.97367
4.98805
4.99811
5.00295
5.00441
5.00334
5.00078
4.99402
4.9799
4.95992
4.94343
4.93788
4.94841
4.96176
5.08249
5.0901
5.08827
5.09687
5.11028
5.12435
5.13752
5.14867
5.15769
5.1628
5.16605
5.16653
5.16564
5.16015
5.14561
5.11332
5.06614
5.02516
5.02054
5.04842
5.29868
5.32589
5.34391
5.35192
5.34656
5.33691
5.33083
5.32868
5.32954
5.33192
5.33546
5.33939
5.34563
5.35566
5.37349
5.39655
5.41348
5.41798
5.40281
5.38335
5.51208
5.53963
5.55916
5.56117
5.54741
5.52616
5.50742
5.49554
5.48969
5.48827
5.4899
5.49575
5.50526
5.52374
5.55564
5.60773
5.67149
5.72219
5.72373
5.68124
5.65927
5.67447
5.68253
5.67517
5.66317
5.65127
5.63965
5.63081
5.62498
5.62276
5.62275
5.6254
5.62969
5.63463
5.63955
5.64837
5.66216
5.67716
5.69486
5.70464
5.70084
5.69365
5.69283
5.69796
5.70872
5.72385
5.73572
5.7428
5.74563
5.74616
5.74565
5.744
5.74029
5.73033
5.70956
5.67551
5.63771
5.61384
5.62452
5.66537
5.76781
5.74647
5.7524
5.78807
5.82757
5.85886
5.87723
5.88716
5.89068
5.89049
5.88649
5.87874
5.86672
5.8492
5.82459
5.79041
5.75371
5.72891
5.72396
5.74101
6.03374
6.05097
6.06537
6.06521
6.05981
6.05524
6.05489
6.05678
6.05826
6.05814
6.05664
6.05237
6.04332
6.02879
6.00951
5.98544
5.95676
5.92985
5.91454
5.91156
6.24856
6.2653
6.26333
6.24154
6.2217
6.21288
6.21453
6.21987
6.22518
6.22959
6.23357
6.23802
6.24396
6.2529
6.26714
6.28643
6.30238
6.30598
6.28601
6.25286
6.37565
6.35349
6.35064
6.37377
6.39233
6.39915
6.39763
6.39438
6.39288
6.39414
6.39679
6.40363
6.41585
6.4403
6.47918
6.53449
6.59612
6.64254
6.63676
6.58697
6.67355
6.6844
6.68647
6.66141
6.62361
6.58715
6.56034
6.54451
6.53677
6.53556
6.53795
6.54424
6.55293
6.56533
6.58111
6.59964
6.61806
6.63222
6.64458
6.64746
6.78516
6.78212
6.75766
6.71177
6.67093
6.64787
6.63875
6.63777
6.64066
6.64571
6.65225
6.65942
6.66552
6.66701
6.65989
6.64342
6.62503
6.61264
6.62122
6.65066
6.67652
6.61351
6.58564
6.61271
6.65733
6.69979
6.72748
6.7433
6.75185
6.75754
6.75991
6.75981
6.75657
6.74977
6.73796
6.72292
6.71079
6.70609
6.70624
6.71532
6.80495
6.77277
6.78085
6.8215
6.86177
6.88754
6.89877
6.90072
6.89786
6.89274
6.88483
6.87278
6.85505
6.83232
6.80512
6.77566
6.74761
6.72861
6.72561
6.73444
7.15781
7.19332
7.21339
7.19269
7.15757
7.12251
7.09717
7.07843
7.06251
7.04764
7.03194
7.01347
6.99025
6.9606
6.92373
6.88111
6.83779
6.80438
6.79208
6.79702
7.36055
7.39444
7.38817
7.34916
7.31005
7.27812
7.25455
7.237
7.2231
7.21068
7.19906
7.18621
7.17068
7.15094
7.12688
7.09781
7.06357
7.03092
7.00872
6.99768
7.32333
7.30859
7.29623
7.30958
7.33364
7.35568
7.369
7.37646
7.37981
7.3811
7.38171
7.38345
7.38733
7.39585
7.41137
7.4336
7.4522
7.45684
7.43509
7.39794
7.35013
7.32547
7.33114
7.37978
7.44054
7.49419
7.52973
7.55107
7.56232
7.57021
7.57666
7.58763
7.60528
7.63686
7.68377
7.74862
7.82
7.87514
7.87374
7.82307
7.65956
7.6881
7.71233
7.72534
7.73268
7.7387
7.74492
7.75239
7.75863
7.76589
7.77457
7.78904
7.80957
7.83746
7.86879
7.90356
7.9388
7.96838
7.9921
8.00253
8.03446
8.08745
8.09176
8.04944
7.99965
7.96188
7.94174
7.93573
7.93688
7.94255
7.95241
7.96824
7.98894
8.01217
8.03229
8.04508
8.05349
8.06171
8.08623
8.12997
8.25533
8.26687
8.24948
8.21318
8.16982
8.13251
8.10651
8.09296
8.0885
8.09187
8.0997
8.11242
8.12824
8.14817
8.1703
8.19215
8.21385
8.23629
8.25799
8.28393
8.33243
8.31211
8.28945
8.27123
8.2516
8.23369
8.22014
8.21288
8.21114
8.21513
8.22185
8.2311
8.23975
8.2477
8.25275
8.25684
8.26194
8.27242
8.29468
8.31942
8.27064
8.2184
8.20091
8.23121
8.26866
8.29943
8.31752
8.32586
8.32863
8.33123
8.33274
8.33377
8.33186
8.32597
8.31275
8.29345
8.27257
8.26108
8.27214
8.29055
8.37531
8.363
8.3751
8.41059
8.44147
8.45986
8.466
8.46514
8.46075
8.45569
8.44974
8.44196
8.42896
8.40933
8.38188
8.34776
8.3099
8.27938
8.27085
8.27035
8.64904
8.7017
8.71968
8.69286
8.66024
8.63409
8.61706
8.60569
8.59642
8.5873
8.5771
8.56328
8.54426
8.51996
8.49357
8.46946
8.44622
8.42454
8.40244
8.37003
8.7641
8.79591
8.78902
8.76058
8.74325
8.73843
8.73844
8.73848
8.73599
8.73094
8.72276
8.7109
8.69382
8.67369
8.65398
8.64106
8.63945
8.64599
8.62762
8.56695
8.80341
8.79188
8.79841
8.8378
8.87411
8.89415
8.89936
8.89912
8.89738
8.8956
8.89439
8.89341
8.89342
8.89098
8.88103
8.86221
8.83757
8.8155
8.79389
8.75328
9.05585
9.08744
9.108
9.10775
9.09725
9.08357
9.07296
9.06691
9.06367
9.06272
9.06472
9.07126
9.08383
9.10381
9.12674
9.14384
9.14799
9.13498
9.10071
9.04855
9.23244
9.26631
9.27159
9.25216
9.23374
9.22471
9.22235
9.22194
9.222
9.22232
9.22426
9.22874
9.23868
9.25599
9.28146
9.31309
9.34183
9.35094
9.33126
9.29396
9.31206
9.30607
9.31653
9.35515
9.38663
9.40073
9.40048
9.39337
9.38643
9.38173
9.38023
9.38131
9.38369
9.38813
9.39518
9.40305
9.41193
9.41779
9.41857
9.41356
9.58668
9.62139
9.64315
9.63912
9.62036
9.59566
9.57276
9.55325
9.53909
9.52992
9.52694
9.52724
9.53055
9.53105
9.52642
9.51314
9.49226
9.46896
9.466
9.47926
9.72516
9.75768
9.75939
9.73337
9.70666
9.68727
9.67407
9.66441
9.65703
9.65264
9.65146
9.65382
9.65796
9.66256
9.66592
9.66499
9.66242
9.6586
9.65237
9.64025
9.66981
9.6523
9.65217
9.68964
9.72843
9.75291
9.76267
9.76556
9.76542
9.76518
9.76521
9.76551
9.76666
9.76843
9.77073
9.77213
9.77132
9.76911
9.76811
9.75645
9.75945
9.76435
9.77809
9.80419
9.83307
9.85586
9.86898
9.87459
9.87557
9.87509
9.87419
9.87398
9.87244
9.86977
9.86519
9.85801
9.85098
9.84634
9.84745
9.83949
9.86577
9.87751
9.89075
9.91587
9.94369
9.96919
9.98494
9.98971
9.98822
9.98442
9.98029
9.97481
9.96792
9.9554
9.9377
9.91675
9.89643
9.88333
9.88464
9.88261
10.0211
10.052
10.0636
10.0711
10.0786
10.0859
10.0923
10.095
10.0944
10.0906
10.0852
10.0778
10.0668
10.0493
10.0238
9.99057
9.95635
9.93119
9.92787
9.92425
10.1137
10.1469
10.1443
10.137
10.143
10.1592
10.1784
10.1937
10.2032
10.2061
10.205
10.1988
10.1897
10.1757
10.1559
10.1303
10.1
10.0724
10.0597
10.042
10.1473
10.1416
10.1401
10.1871
10.2417
10.2868
10.3159
10.3325
10.3402
10.3425
10.3416
10.3389
10.3341
10.3304
10.3308
10.3364
10.3445
10.346
10.3329
10.291
10.4841
10.5271
10.5391
10.5368
10.527
10.5174
10.5109
10.5066
10.5016
10.4957
10.4888
10.4809
10.4741
10.4703
10.4751
10.4978
10.5396
10.5831
10.589
10.5308
10.7823
10.8367
10.8261
10.7779
10.7299
10.6967
10.6787
10.668
10.6605
10.6531
10.6457
10.6378
10.6284
10.6162
10.5997
10.5811
10.569
10.5706
10.5901
10.584
10.8736
10.8729
10.8366
10.8168
10.8129
10.819
10.8271
10.8323
10.8358
10.8364
10.8372
10.8366
10.8373
10.8352
10.8272
10.8065
10.7732
10.746
10.7513
10.7605
11.0629
11.0443
11.0156
11.0157
11.0257
11.0377
11.0456
11.05
11.0524
11.0558
11.0617
11.0728
11.0894
11.1145
11.1502
11.1942
11.2347
11.2609
11.2586
11.2149
11.4901
11.5255
11.511
11.4671
11.4121
11.3625
11.3269
11.3052
11.2931
11.2902
11.2946
11.3089
11.3343
11.3758
11.4378
11.5226
11.6181
11.6979
11.7176
11.6496
11.8249
11.8879
11.8611
11.7781
11.6862
11.6089
11.5567
11.5251
11.5091
11.5052
11.5115
11.5287
11.5548
11.5926
11.641
11.6966
11.7535
11.804
11.841
11.8243
11.8762
11.8928
11.8563
11.8182
11.7845
11.7552
11.7315
11.7141
11.7057
11.7064
11.7171
11.7377
11.7678
11.8028
11.8366
11.8643
11.8868
11.9061
11.9311
11.9382
11.9455
11.9553
11.9477
11.9533
11.9555
11.9475
11.9317
11.9158
11.9053
11.9036
11.911
11.9292
11.9557
11.989
12.0232
12.0541
12.0805
12.1018
12.1096
12.0866
12.2102
12.2784
12.3021
12.2861
12.2483
12.2
12.1563
12.1239
12.1035
12.095
12.0964
12.1073
12.1246
12.1455
12.1654
12.1792
12.1833
12.1815
12.1735
12.1388
12.4501
12.5485
12.5713
12.5265
12.4627
12.3956
12.3407
12.302
12.2777
12.2655
12.2626
12.2682
12.2788
12.2906
12.297
12.292
12.2724
12.2453
12.2124
12.1611
12.5163
12.5934
12.6297
12.6248
12.5975
12.5518
12.5022
12.4602
12.4302
12.4125
12.4043
12.4041
12.4081
12.4127
12.4128
12.4022
12.3762
12.3381
12.2781
12.1977
12.4556
12.5399
12.6181
12.6525
12.6593
12.639
12.6034
12.5668
12.5378
12.5191
12.5082
12.5032
12.5009
12.4995
12.497
12.4916
12.4787
12.4529
12.375
12.2701
12.1396
12.2049
12.3165
12.4147
12.5039
12.5608
12.5829
12.5845
12.5781
12.5715
12.5645
12.5578
12.5473
12.532
12.5106
12.4819
12.4531
12.4264
12.3439
12.2469
11.7725
11.8188
11.9691
12.1364
12.3087
12.4409
12.5206
12.5616
12.5808
12.5878
12.5875
12.5794
12.5635
12.5319
12.4781
12.3962
12.2919
12.1903
12.0861
12.0587
11.7202
11.7834
11.9519
12.0869
12.2377
12.3717
12.4708
12.5345
12.5711
12.5886
12.592
12.582
12.5574
12.5139
12.4517
12.3695
12.2797
12.1996
12.0818
12.0598
11.9004
11.9213
12.0454
12.0979
12.1972
12.3203
12.4334
12.5178
12.572
12.5994
12.6066
12.5931
12.5621
12.5094
12.4398
12.3604
12.285
12.2289
12.1215
12.144
12.3031
12.2182
12.2983
12.2947
12.3428
12.4297
12.5204
12.5922
12.6401
12.6651
12.6718
12.6618
12.6348
12.5918
12.537
12.4791
12.4391
12.428
12.3334
12.4155
13.0227
12.8549
12.9179
12.8237
12.7618
12.7515
12.7696
12.7918
12.8093
12.8179
12.819
12.8098
12.7937
12.7709
12.7478
12.7403
12.7662
12.8243
12.7507
12.9218
13.8531
13.569
13.61
13.4237
13.2623
13.1695
13.1269
13.1076
13.098
13.093
13.0912
13.0936
13.0976
13.11
13.1385
13.2027
13.3181
13.459
13.3956
13.6694
14.7363
14.322
14.391
14.1509
13.9141
13.7503
13.6522
13.5937
13.559
13.5401
13.5361
13.5471
13.5751
13.6278
13.713
13.8596
14.0704
14.285
14.1965
14.5772
15.5358
15.0054
15.1947
14.9488
14.6606
14.4397
14.2936
14.2002
14.1426
14.1131
14.1068
14.1277
14.1725
14.255
14.3844
14.5897
14.862
15.0991
14.9103
15.4083
15.7728
15.0042
15.383
15.275
15.0646
14.8838
14.7615
14.6834
14.6354
14.6114
14.6081
14.6271
14.6706
14.751
14.8756
15.0593
15.2732
15.399
15.0318
15.7508
15.3485
14.1898
14.7954
14.9188
14.8834
14.8151
14.7636
14.7318
14.7114
14.7026
14.7018
14.7143
14.7357
14.7764
14.8364
14.9075
14.9445
14.821
14.2231
15.3669
14.8391
13.0632
13.8354
14.1394
14.2335
14.2547
14.2627
14.2676
14.2688
14.2701
14.2728
14.2768
14.2812
14.2841
14.282
14.2662
14.1741
13.8665
13.1064
14.8948
15.3731
12.8193
13.6264
13.8822
13.9135
13.8952
13.8841
13.8793
13.8758
13.8754
13.8777
13.8842
13.8891
13.9012
13.9055
13.9195
13.872
13.6249
12.8473
15.4383
17.9352
13.8699
14.3826
14.5028
14.4345
14.3674
14.3344
14.3179
14.3107
14.306
14.3087
14.3107
14.3169
14.338
14.3659
14.4371
14.507
14.3941
13.8865
17.9325
21.8766
13.52
13.5323
14.1192
14.2741
14.2875
14.29
14.2917
14.2918
14.2917
14.2921
14.2932
14.2928
14.2929
14.2908
14.279
14.127
13.5423
13.5286
21.8773
-0.669034
-0.563751
-0.603244
-0.430449
-0.308887
-0.236244
-0.184541
-0.147355
-0.12411
-0.115884
-0.118644
-0.133701
-0.159362
-0.197233
-0.252022
-0.340225
-0.511947
-0.765904
-0.715623
-0.730377
-0.704442
-0.514881
-0.520285
-0.370277
-0.225888
-0.122554
-0.0535848
-0.0103895
0.0136291
0.0178654
0.0093659
-0.0169838
-0.0535149
-0.107314
-0.178417
-0.279119
-0.422101
-0.55219
-0.520147
-0.680349
0.308778
0.358001
0.376723
0.360832
0.343951
0.334231
0.328316
0.320896
0.311697
0.296051
0.273101
0.239362
0.195054
0.138496
0.0737757
0.0143352
-0.00643328
0.0371369
0.0470302
-0.0480885
0.996476
0.990151
0.968048
0.931355
0.847223
0.752655
0.67681
0.620466
0.581322
0.550208
0.523911
0.495136
0.465173
0.429527
0.383065
0.307843
0.177587
0.0205304
-0.0141822
6.72171e-05
1.34142
1.39329
1.35711
1.27814
1.15235
1.02692
0.931143
0.866468
0.825935
0.801273
0.786073
0.777996
0.777497
0.790121
0.822426
0.875731
0.93596
0.960332
0.893461
0.791057
1.17555
1.1702
1.11284
1.08076
1.05662
1.03434
1.01267
0.997475
0.987972
0.986547
0.989077
0.999816
1.01857
1.05248
1.10574
1.19077
1.31714
1.44881
1.4815
1.41067
0.785827
0.670312
0.659193
0.772139
0.912761
1.02472
1.09046
1.12338
1.13833
1.14869
1.15877
1.17496
1.19697
1.22465
1.24558
1.25239
1.24771
1.25077
1.31832
1.38358
0.77393
0.714107
0.789778
0.944376
1.09989
1.21012
1.27214
1.30324
1.31671
1.32085
1.3208
1.31688
1.30867
1.28907
1.24929
1.18035
1.09344
1.0304
1.06825
1.15575
1.48123
1.4821
1.54899
1.52909
1.51766
1.51827
1.52406
1.52824
1.53008
1.5241
1.5117
1.48748
1.4488
1.39361
1.32831
1.25469
1.1822
1.1325
1.11767
1.15044
2.13612
2.07325
1.99604
1.88699
1.82115
1.78785
1.77708
1.772
1.76836
1.76058
1.74836
1.72702
1.69556
1.6507
1.59705
1.5347
1.45863
1.37871
1.31459
1.29455
2.31616
2.27562
2.17695
2.13528
2.09483
2.05665
2.03281
2.01826
2.00933
2.00365
1.99969
1.99698
1.99542
1.99497
1.9986
2.01368
2.03087
2.01981
1.93467
1.82498
2.47074
2.4777
2.40615
2.35467
2.30285
2.26278
2.23569
2.21877
2.21001
2.21025
2.21526
2.22752
2.24991
2.29042
2.35294
2.44668
2.5663
2.67465
2.65723
2.53414
2.35642
2.29637
2.21778
2.21707
2.24899
2.2882
2.31887
2.34121
2.35759
2.37263
2.38741
2.40695
2.43336
2.4753
2.53255
2.60215
2.67763
2.74781
2.80863
2.82719
2.15594
2.14188
2.13212
2.22562
2.33781
2.42547
2.48189
2.51786
2.53917
2.5521
2.55758
2.55836
2.55494
2.54676
2.53436
2.52624
2.53568
2.57107
2.66216
2.76894
2.49699
2.6494
2.73141
2.7407
2.75025
2.76402
2.77803
2.78616
2.78934
2.78539
2.77602
2.75544
2.72239
2.66851
2.58687
2.46713
2.32163
2.20636
2.24651
2.3827
3.00083
3.19726
3.25786
3.18556
3.12579
3.09922
3.09211
3.08982
3.08717
3.07927
3.06972
3.05237
3.02807
2.98828
2.93017
2.8368
2.69492
2.53569
2.44696
2.44766
3.42284
3.52006
3.56935
3.55996
3.52305
3.48586
3.45552
3.43442
3.41928
3.40775
3.39897
3.39362
3.39044
3.39133
3.40006
3.42542
3.4666
3.47707
3.34199
3.1897
3.89826
3.95599
3.99692
3.96936
3.90537
3.84325
3.793
3.75538
3.72903
3.71461
3.70802
3.71103
3.7247
3.75511
3.8038
3.87779
3.97732
4.07605
4.04709
3.92686
4.13299
4.07673
4.05661
4.05057
4.03426
4.01517
3.99703
3.98219
3.9709
3.96679
3.97056
3.98594
4.01192
4.05348
4.11105
4.18246
4.2521
4.3049
4.34011
4.35005
4.30824
4.15839
4.10943
4.14136
4.16948
4.1812
4.18245
4.18203
4.18009
4.18087
4.18525
4.19694
4.21506
4.23665
4.25849
4.28487
4.31972
4.36114
4.43493
4.53198
4.54772
4.47842
4.44907
4.42596
4.40523
4.38787
4.37873
4.37438
4.37195
4.36967
4.36952
4.37018
4.3717
4.36962
4.35549
4.31776
4.26333
4.22521
4.29449
4.43038
4.45022
4.4894
4.48958
4.49769
4.5081
4.51761
4.52881
4.53975
4.54811
4.55319
4.55607
4.55544
4.55149
4.54211
4.52693
4.49918
4.46546
4.44941
4.47117
4.51125
4.52216
4.5597
4.58141
4.60698
4.63612
4.66399
4.689
4.71099
4.72882
4.74118
4.75026
4.7549
4.75349
4.74595
4.73725
4.72669
4.71064
4.69144
4.68231
4.68333
4.80387
4.7417
4.74268
4.76454
4.80268
4.84415
4.87637
4.90134
4.9222
4.93849
4.95167
4.96248
4.97303
4.98465
5.00814
5.05355
5.11627
5.16667
5.15311
5.10851
5.02442
4.96487
4.96019
4.98493
5.02431
5.06434
5.09404
5.11486
5.13193
5.14485
5.15319
5.15889
5.16179
5.1693
5.18732
5.2336
5.3272
5.44954
5.49838
5.45919
5.23933
5.30374
5.33493
5.35067
5.35698
5.36054
5.36479
5.36775
5.37135
5.37417
5.3747
5.37079
5.36434
5.35182
5.32072
5.26312
5.19534
5.15911
5.21704
5.28801
5.75398
5.85494
5.88242
5.82914
5.75166
5.68738
5.65067
5.62933
5.61838
5.61227
5.61061
5.60621
5.59881
5.5808
5.54353
5.47198
5.35956
5.2353
5.19919
5.22885
6.16276
6.17468
6.13458
6.03869
5.95071
5.89394
5.86625
5.85144
5.84367
5.83909
5.83726
5.83372
5.82935
5.8196
5.81396
5.82572
5.84519
5.83463
5.74771
5.64518
6.01991
5.90959
5.8713
5.95281
6.02857
6.07263
6.087
6.08413
6.07563
6.06613
6.05576
6.0443
6.03093
6.02053
6.02118
6.04716
6.10802
6.17631
6.14956
6.03947
6.20041
6.17359
6.21096
6.28671
6.33525
6.35023
6.34702
6.33624
6.32272
6.30834
6.29306
6.27443
6.25354
6.2303
6.20289
6.16094
6.10399
6.04694
6.03697
6.04635
6.5979
6.66191
6.69594
6.65897
6.62537
6.59955
6.58406
6.57566
6.56923
6.56092
6.55413
6.54645
6.5384
6.52482
6.50722
6.47211
6.40228
6.30606
6.24769
6.26893
6.82459
6.83069
6.82333
6.81543
6.81745
6.81851
6.8189
6.81955
6.81901
6.8177
6.81794
6.82098
6.8302
6.84575
6.87709
6.93064
6.99423
7.03093
6.97455
6.90838
7.07986
7.07097
7.07036
7.06779
7.06022
7.05594
7.05603
7.05811
7.06078
7.06378
7.0682
7.07687
7.09191
7.1199
7.16169
7.22214
7.30478
7.39147
7.41768
7.38124
7.29542
7.28338
7.27577
7.27507
7.27799
7.28221
7.28492
7.28795
7.293
7.29908
7.30859
7.32261
7.34476
7.37156
7.39645
7.40392
7.38378
7.35772
7.40844
7.49806
7.48881
7.47543
7.46576
7.47087
7.48077
7.49065
7.49919
7.50754
7.51528
7.52289
7.53159
7.54488
7.56251
7.58172
7.60295
7.62866
7.66017
7.70122
7.74736
7.8089
7.67813
7.66326
7.6599
7.67527
7.69621
7.71482
7.72719
7.73641
7.74258
7.74741
7.74963
7.75163
7.75033
7.74335
7.72934
7.71373
7.7015
7.70077
7.75159
7.84696
7.93189
7.9267
7.93294
7.95184
7.97245
7.98591
7.98925
7.98804
7.98619
7.98381
7.98069
7.97595
7.96794
7.95599
7.93339
7.88909
7.81636
7.73901
7.74579
7.82441
8.31817
8.33903
8.35013
8.34148
8.32038
8.29284
8.26741
8.24687
8.23154
8.2225
8.21559
8.21008
8.20142
8.18862
8.17106
8.15067
8.13516
8.13233
8.10547
8.08781
8.7575
8.7961
8.78371
8.70311
8.60994
8.53127
8.48216
8.45285
8.43648
8.42866
8.42692
8.42675
8.42369
8.41499
8.39853
8.37226
8.33988
8.31335
8.29732
8.28216
8.8131
8.80781
8.74156
8.64965
8.59215
8.5684
8.56833
8.57848
8.59138
8.60428
8.61665
8.62746
8.63893
8.656
8.68766
8.73836
8.79926
8.84251
8.82086
8.73904
8.33806
8.21494
8.18246
8.30663
8.46141
8.59057
8.67562
8.72967
8.76502
8.79079
8.80896
8.82386
8.8361
8.85492
8.88567
8.94389
9.04398
9.16808
9.20831
9.10721
8.40855
8.38061
8.47659
8.63492
8.77332
8.87357
8.93638
8.97518
8.99955
9.01725
9.02888
9.03661
9.04209
9.04371
9.02755
8.98469
8.93009
8.903
8.95365
8.98125
9.1156
9.22028
9.34363
9.33468
9.29888
9.27667
9.26789
9.26456
9.26472
9.26572
9.26762
9.26717
9.26471
9.25539
9.23116
9.17652
9.08412
8.97981
8.9553
9.00767
9.80572
9.88468
9.8832
9.78421
9.6932
9.6242
9.57744
9.54601
9.52444
9.50885
9.49701
9.48571
9.47369
9.46045
9.45948
9.48813
9.53553
9.56003
9.51171
9.46366
10.1807
10.1659
10.1084
10.0493
9.96932
9.8905
9.83008
9.78701
9.75482
9.72838
9.70497
9.68282
9.65908
9.63872
9.6309
9.65662
9.73152
9.83527
9.85864
9.78548
10.2891
10.2403
10.1612
10.117
10.0761
10.0366
10.0036
9.97619
9.95307
9.93182
9.91066
9.88834
9.86449
9.83832
9.80045
9.73579
9.65359
9.59879
9.62726
9.65327
10.1362
10.0465
9.9833
10.0286
10.09
10.1271
10.143
10.148
10.147
10.1419
10.135
10.1272
10.1196
10.1066
10.0804
10.0211
9.9138
9.78631
9.73581
9.75896
10.2317
10.1964
10.1914
10.2159
10.2609
10.3057
10.3382
10.3598
10.3715
10.3779
10.3816
10.387
10.3955
10.4091
10.4366
10.492
10.5552
10.5738
10.4992
10.4214
10.4067
10.414
10.442
10.4817
10.529
10.5722
10.5993
10.6136
10.6211
10.628
10.6353
10.6481
10.6656
10.6977
10.7504
10.8414
10.9724
11.0991
11.1101
11.0186
10.8253
10.9106
10.9561
10.9384
10.9056
10.8801
10.8673
10.8616
10.86
10.8646
10.8738
10.8905
10.9121
10.9372
10.9565
10.966
10.9696
10.9791
11.0335
11.0749
11.1957
11.2868
11.2738
11.1742
11.0945
11.0541
11.0457
11.0539
11.0664
11.0793
11.093
11.1073
11.1216
11.1294
11.1201
11.0807
11.012
10.9528
10.9818
11.0755
11.1109
11.0818
11.0448
11.0749
11.1293
11.1861
11.2314
11.2681
11.2959
11.3173
11.3317
11.3401
11.3405
11.3352
11.3262
11.3101
11.2853
11.2662
11.2639
11.2995
11.2829
11.257
11.3
11.4062
11.4923
11.5456
11.5726
11.5861
11.5948
11.6028
11.6087
11.6124
11.6127
11.6119
11.6107
11.6089
11.6042
11.5949
11.5823
11.5732
12.0063
12.0798
12.1551
12.1414
12.0841
12.0224
11.9738
11.9375
11.9122
11.898
11.89
11.8863
11.8857
11.8919
11.908
11.9395
11.9862
12.0321
12.0284
11.9749
12.6285
12.7097
12.694
12.5748
12.4485
12.3454
12.2708
12.2184
12.1819
12.1587
12.1442
12.1359
12.1302
12.1304
12.1363
12.1538
12.1903
12.2488
12.2799
12.2374
12.6764
12.6202
12.5449
12.5243
12.5079
12.4795
12.4461
12.4182
12.3963
12.3805
12.3712
12.3678
12.3707
12.3757
12.3741
12.3533
12.2934
12.2163
12.2197
12.2603
12.6716
12.5708
12.5233
12.5561
12.5899
12.6061
12.6052
12.5995
12.5907
12.5847
12.5817
12.5863
12.5953
12.6084
12.6275
12.6646
12.72
12.7665
12.7448
12.703
12.7978
12.7771
12.7608
12.7575
12.7655
12.7762
12.7807
12.7813
12.7772
12.7751
12.7725
12.7734
12.7712
12.7686
12.7649
12.7704
12.8035
12.8642
12.8963
12.8742
12.8856
12.9138
12.911
12.9157
12.9305
12.9471
12.956
12.9578
12.956
12.9538
12.9524
12.9512
12.9492
12.9453
12.9317
12.8908
12.811
12.7217
12.7218
12.7612
13.0757
13.1528
13.1628
13.1366
13.1154
13.1109
13.1177
13.1256
13.1296
13.1309
13.1301
13.1285
13.1256
13.118
13.1089
13.1106
13.1289
13.1473
13.1157
13.0645
13.131
13.2163
13.2083
13.1879
13.1994
13.2337
13.274
13.3074
13.3279
13.3364
13.3353
13.3263
13.3071
13.2779
13.241
13.2072
13.1922
13.2067
13.2123
13.1739
13.1018
13.1345
13.1898
13.3351
13.4578
13.5371
13.5796
13.6014
13.6125
13.6148
13.6122
13.603
13.591
13.5748
13.5493
13.4936
13.3797
13.2358
13.1818
13.1859
13.793
13.9399
14.0593
14.0798
14.051
14.0153
13.9838
13.9578
13.9391
13.9281
13.9232
13.9255
13.9353
13.955
13.989
14.0398
14.0925
14.0965
13.9998
13.8955
14.4064
14.5439
14.5745
14.4985
14.4061
14.3286
14.2726
14.2339
14.2085
14.1956
14.1918
14.1978
14.2122
14.2395
14.2847
14.3612
14.4784
14.5918
14.5962
14.5098
14.4717
14.4747
14.4492
14.4719
14.4789
14.4612
14.4372
14.4189
14.4056
14.3986
14.3989
14.4076
14.4225
14.4411
14.4531
14.4484
14.4345
14.4317
14.4927
14.5413
14.5045
14.4445
14.4261
14.4851
14.5386
14.5672
14.5735
14.5726
14.5686
14.5648
14.5646
14.5676
14.5755
14.5787
14.5655
14.5219
14.4499
14.3847
14.4183
14.5064
14.6776
14.6704
14.658
14.6635
14.6782
14.6948
14.706
14.7127
14.7145
14.7144
14.7132
14.7117
14.7065
14.6978
14.6869
14.6703
14.6475
14.6314
14.6397
14.6513
14.7241
14.7366
14.72
14.7407
14.774
14.8088
14.8349
14.8512
14.8594
14.8634
14.8652
14.8646
14.861
14.8541
14.8456
14.8373
14.8285
14.8251
14.8321
14.8053
14.7968
14.8229
14.822
14.8568
14.9069
14.9557
14.9864
15.0021
15.0087
15.0115
15.0111
15.0102
15.0065
15.0042
15.006
15.0192
15.0519
15.0952
15.1105
15.0475
14.9501
15.005
15.0188
15.0444
15.0793
15.1156
15.1418
15.1556
15.1602
15.1612
15.1579
15.1507
15.1378
15.1193
15.0957
15.0781
15.0825
15.124
15.1668
15.0974
15.2053
15.2931
15.2982
15.2706
15.2522
15.2544
15.2747
15.2935
15.3047
15.3089
15.3109
15.3084
15.3004
15.281
15.2456
15.1815
15.0795
14.9685
14.9603
14.9511
15.3214
15.395
15.3649
15.3237
15.3222
15.351
15.3943
15.4317
15.4566
15.4686
15.4745
15.475
15.4752
15.4718
15.4739
15.4957
15.5361
15.5591
15.5061
15.3901
15.2893
15.3025
15.3118
15.414
15.5081
15.5757
15.6188
15.6466
15.6617
15.666
15.6612
15.6512
15.6342
15.6155
15.6032
15.6204
15.6911
15.7941
15.8195
15.6952
15.9244
16.0551
16.1157
16.0835
16.0228
15.9785
15.9535
15.9398
15.9322
15.9229
15.9109
15.8918
15.8672
15.8333
15.7863
15.7182
15.6377
15.5825
15.6102
15.579
16.4706
16.5952
16.5633
16.44
16.3317
16.2694
16.2428
16.2333
16.2315
16.2299
16.2289
16.2251
16.2178
16.2003
16.1706
16.1118
16.0077
15.8759
15.8177
15.7798
16.6135
16.6253
16.5587
16.5516
16.5553
16.5637
16.5754
16.5889
16.6008
16.6106
16.6209
16.6332
16.6515
16.6762
16.7171
16.7845
16.8523
16.8635
16.7818
16.6346
17.0575
17.0546
17.0557
17.1085
17.1251
17.1119
17.0901
17.0737
17.0639
17.0632
17.069
17.0882
17.1199
17.1761
17.2606
17.3852
17.5402
17.6714
17.6869
17.5229
18.0738
18.158
18.1798
18.102
17.9624
17.817
17.7007
17.6178
17.5661
17.5409
17.538
17.5573
17.5983
17.6599
17.7347
17.8116
17.8774
17.9203
17.9894
17.9521
18.9274
19.0122
18.9316
18.7454
18.533
18.3391
18.1866
18.0764
18.0057
17.9686
17.9611
17.9822
18.0294
18.0978
18.1752
18.2397
18.2805
18.3011
18.3619
18.361
19.0664
19.0325
18.8984
18.8196
18.7246
18.6127
18.5057
18.4205
18.3616
18.3308
18.3261
18.3487
18.396
18.469
18.5652
18.6703
18.7702
18.8606
18.9234
18.8868
18.9414
18.9083
18.8237
18.8303
18.8292
18.794
18.7396
18.6875
18.6477
18.6282
18.629
18.654
18.6965
18.7583
18.8366
18.9237
19.0075
19.0891
19.1667
19.1345
18.8041
18.871
18.8695
18.902
18.9397
18.9464
18.9281
18.901
18.8769
18.8645
18.8645
18.8801
18.9044
18.9346
18.9639
18.9889
19.0122
19.0522
19.117
19.0651
18.546
18.6823
18.7713
18.8848
18.9931
19.0535
19.0692
19.061
19.0489
19.0418
19.0411
19.0477
19.0554
19.0527
19.021
18.9537
18.8586
18.78
18.765
18.7006
18.4603
18.6883
18.8559
18.9668
19.0606
19.1176
19.1425
19.1483
19.1495
19.1523
19.1583
19.165
19.1688
19.1592
19.1182
19.0242
18.8625
18.6717
18.5221
18.3967
18.4515
18.7037
18.8532
18.8927
18.9577
19.028
19.0846
19.1271
19.1551
19.1744
19.186
19.1923
19.1917
19.1853
19.1683
19.1417
19.1184
19.0895
18.8731
18.5807
18.2713
18.3762
18.5106
18.6312
18.7659
18.8857
18.9727
19.0356
19.0773
19.1027
19.1104
19.1039
19.0799
19.0397
18.9832
18.9209
18.8871
18.9076
18.7797
18.5732
18.1663
18.216
18.3652
18.4811
18.6174
18.7435
18.8359
18.8977
18.9385
18.9597
18.9596
18.9349
18.887
18.8106
18.7063
18.5838
18.4595
18.3699
18.2415
18.2135
17.9343
17.8945
18.015
18.1349
18.3197
18.5029
18.6413
18.7317
18.7844
18.8057
18.798
18.7595
18.6878
18.5746
18.4156
18.2141
18.0105
17.8703
17.7108
17.7651
18.0218
17.9133
18.046
18.1439
18.3103
18.4762
18.6033
18.6857
18.731
18.7421
18.7262
18.6749
18.5919
18.4652
18.297
18.0854
17.852
17.6817
17.4743
17.6047
18.8679
18.7728
18.8997
18.7725
18.7325
18.7661
18.8143
18.8457
18.8602
18.8581
18.8417
18.806
18.7474
18.6649
18.5742
18.5086
18.5048
18.5607
18.3349
18.4499
19.9557
19.698
19.7538
19.4558
19.2696
19.2143
19.2193
19.2289
19.2324
19.2304
19.2276
19.2223
19.2176
19.2166
19.231
19.3141
19.5226
19.8212
19.6878
19.914
21.0974
20.6042
20.7406
20.4626
20.2268
20.0862
20.0191
19.9833
19.9607
19.9502
19.957
19.9871
20.0404
20.137
20.2848
20.5127
20.8364
21.2006
21.0669
21.5227
22.6467
22.0748
22.4014
21.9944
21.6037
21.341
21.1844
21.0888
21.0326
21.0058
21.0099
21.0461
21.118
21.2433
21.4387
21.7419
22.1476
22.5673
22.3443
23.0274
23.84
23.0084
23.5657
23.2063
22.8059
22.5263
22.3572
22.2519
22.1883
22.1566
22.1562
22.1916
22.258
22.3737
22.545
22.8033
23.1292
23.4003
22.9202
23.8882
24.2339
23.0221
23.9236
23.773
23.4714
23.229
23.083
22.9956
22.9436
22.9165
22.9138
22.9352
22.984
23.0709
23.2027
23.4073
23.6287
23.6832
22.7733
24.0245
23.5562
21.5678
22.7507
22.9496
22.906
22.8186
22.7621
22.7324
22.7143
22.7063
22.7046
22.7162
22.7324
22.7606
22.8016
22.8688
22.9276
22.7688
21.5276
23.3894
22.5761
19.5061
20.9063
21.3846
21.534
21.5708
21.5885
21.5981
21.6008
21.602
21.6052
21.6096
21.613
21.612
21.599
21.5639
21.4348
21.0204
19.6486
22.6601
23.3844
19.1454
20.5661
20.9021
20.9144
20.8726
20.8491
20.8366
20.8287
20.8267
20.8293
20.8389
20.846
20.8662
20.8775
20.9136
20.8703
20.5306
19.1641
23.4631
27.3003
20.9082
21.8345
21.9732
21.858
21.7656
21.7236
21.7033
21.6957
21.6904
21.6949
21.6973
21.7047
21.7333
21.7698
21.8736
21.9936
21.8608
20.9452
27.2755
32.9261
20.8167
20.7346
21.4966
21.7114
21.74
21.7475
21.7509
21.7517
21.7518
21.7528
21.7542
21.7539
21.7534
21.747
21.7216
21.5125
20.7603
20.8491
32.9342
-0.196812
-0.145346
-0.139234
-0.0844482
-0.0570872
-0.0489373
-0.04523
-0.0413988
-0.0385652
-0.0385765
-0.0413188
-0.0470971
-0.0544469
-0.0603141
-0.0619137
-0.060883
-0.0716694
-0.106169
-0.0970266
-0.126562
-0.160953
-0.0747783
-0.0374183
0.0261997
0.0671022
0.0808328
0.0811767
0.0795333
0.0780928
0.0753244
0.0711499
0.0636593
0.0561357
0.0466927
0.033206
0.00557806
-0.0417755
-0.0922194
-0.0915038
-0.123135
0.185643
0.223641
0.248961
0.243698
0.233114
0.224763
0.218138
0.212282
0.207655
0.203552
0.19966
0.195382
0.19043
0.182885
0.168248
0.13934
0.101043
0.0687809
0.0687637
0.101081
0.218731
0.212794
0.226685
0.251976
0.271851
0.284643
0.291537
0.294243
0.294903
0.295297
0.295825
0.297416
0.300434
0.303651
0.302391
0.287054
0.253009
0.208609
0.194366
0.217139
0.226234
0.177312
0.177297
0.222503
0.275724
0.318899
0.348198
0.366848
0.378058
0.385324
0.389253
0.392657
0.393725
0.394558
0.394964
0.400188
0.414411
0.431031
0.432204
0.426817
0.279231
0.258499
0.256925
0.283535
0.327156
0.374449
0.415887
0.44749
0.468592
0.481865
0.488018
0.489185
0.484449
0.473735
0.456731
0.439011
0.426837
0.427401
0.445493
0.466708
0.327077
0.347393
0.36363
0.400532
0.446598
0.497796
0.544529
0.5795
0.60169
0.614473
0.619571
0.618708
0.61063
0.595761
0.572796
0.544014
0.514908
0.49577
0.501575
0.518274
0.642014
0.690173
0.72274
0.740426
0.746477
0.752581
0.762002
0.773101
0.781811
0.787471
0.789117
0.78678
0.779244
0.766073
0.746568
0.720754
0.689727
0.66304
0.653832
0.648984
1.08066
1.13395
1.15262
1.11938
1.06712
1.02071
0.991264
0.977807
0.973439
0.972778
0.972894
0.973199
0.972125
0.971587
0.974037
0.980537
0.985676
0.982527
0.9631
0.923172
1.28403
1.27737
1.26327
1.24628
1.22032
1.19271
1.17034
1.15729
1.15061
1.14847
1.14682
1.14631
1.1477
1.15415
1.16939
1.19932
1.23904
1.27157
1.26123
1.2008
1.45909
1.42461
1.40061
1.39163
1.38117
1.36501
1.34601
1.33172
1.32286
1.31792
1.31486
1.31312
1.31199
1.31073
1.30642
1.29896
1.28799
1.27679
1.27629
1.27648
1.65984
1.64027
1.61577
1.58755
1.56153
1.53881
1.51746
1.49948
1.48743
1.48083
1.47887
1.47898
1.48167
1.48392
1.48126
1.46501
1.43334
1.39724
1.38376
1.40768
1.72603
1.69095
1.66319
1.65073
1.64411
1.64059
1.63591
1.63003
1.62487
1.62279
1.62363
1.628
1.63549
1.64832
1.66784
1.69248
1.71807
1.7322
1.71965
1.70338
1.73697
1.70268
1.69664
1.72103
1.74143
1.75009
1.75023
1.74824
1.74552
1.74499
1.74502
1.74738
1.75187
1.76042
1.77628
1.80525
1.8481
1.88981
1.90325
1.88836
1.8181
1.82415
1.83159
1.8324
1.83976
1.84704
1.85122
1.85204
1.85145
1.85006
1.84909
1.84787
1.84594
1.84197
1.83452
1.82175
1.80782
1.79862
1.8182
1.85532
1.81945
1.81198
1.81392
1.8366
1.87485
1.91379
1.94162
1.95512
1.95963
1.95852
1.95416
1.94562
1.9329
1.91316
1.8895
1.86566
1.84886
1.84693
1.8604
1.87821
1.96242
1.97914
1.99453
2.01013
2.02833
2.0478
2.06769
2.082
2.09001
2.09023
2.08543
2.07331
2.05305
2.02123
1.97844
1.92816
1.87738
1.84086
1.84029
1.85917
2.19537
2.23024
2.2338
2.21585
2.20695
2.20958
2.22314
2.23927
2.25277
2.25932
2.2614
2.25721
2.24973
2.23518
2.21013
2.16942
2.10923
2.04201
2.00685
2.00804
2.41035
2.41844
2.41516
2.41874
2.42505
2.43174
2.43931
2.44706
2.4541
2.46005
2.46539
2.47209
2.48161
2.49766
2.5203
2.54681
2.57259
2.58237
2.54183
2.4813
2.70169
2.72399
2.73689
2.73853
2.72587
2.70469
2.68302
2.66745
2.65934
2.65789
2.66046
2.66833
2.6834
2.71019
2.75168
2.8067
2.8679
2.91983
2.91993
2.8731
2.92697
2.93513
2.93531
2.92147
2.89777
2.87254
2.85112
2.83618
2.82836
2.8262
2.82859
2.83553
2.84686
2.8662
2.8954
2.93146
2.96577
2.99349
3.01822
3.03624
3.0559
3.03153
3.00938
2.99437
2.98616
2.98346
2.98231
2.98155
2.98056
2.98038
2.98247
2.98691
2.9946
3.0019
3.00728
3.0117
3.01924
3.03111
3.06308
3.1148
3.19277
3.15512
3.13729
3.1479
3.16027
3.16395
3.15736
3.14738
3.13743
3.12939
3.12316
3.11914
3.11526
3.10982
3.10245
3.09855
3.10637
3.12797
3.16066
3.19246
3.46326
3.46634
3.45444
3.42452
3.38684
3.3499
3.32003
3.29847
3.28247
3.27083
3.26071
3.25075
3.23771
3.21826
3.19122
3.16011
3.13151
3.11972
3.14227
3.17465
3.54789
3.55096
3.52284
3.47697
3.43799
3.41563
3.40666
3.40399
3.40324
3.40298
3.40214
3.40004
3.39539
3.38698
3.37057
3.33942
3.29035
3.23953
3.22736
3.24615
3.39077
3.34052
3.3166
3.34833
3.40125
3.45517
3.49429
3.51879
3.53351
3.54485
3.55334
3.5616
3.57002
3.58077
3.59533
3.61571
3.63728
3.64999
3.6267
3.58331
3.46592
3.45013
3.46735
3.51923
3.57648
3.62168
3.65218
3.67171
3.68433
3.69411
3.7025
3.71234
3.72326
3.74013
3.76388
3.79826
3.84429
3.89049
3.8957
3.85447
3.78415
3.84095
3.87853
3.87351
3.85694
3.84227
3.83742
3.83762
3.83923
3.84108
3.84339
3.84634
3.85169
3.86207
3.87844
3.89863
3.92144
3.94343
3.95795
3.95293
3.99916
4.05654
4.07711
4.05268
4.02185
3.99866
3.9865
3.98026
3.97795
3.97614
3.97524
3.97353
3.9697
3.96022
3.94427
3.9256
3.91266
3.91127
3.92489
3.94384
4.03331
4.03882
4.05014
4.06363
4.07515
4.0846
4.0926
4.09996
4.10652
4.11035
4.11245
4.11062
4.10575
4.09173
4.06487
4.02077
3.96367
3.91436
3.9071
3.93342
4.13511
4.12675
4.14188
4.17251
4.20373
4.22708
4.24047
4.24945
4.25527
4.2593
4.26206
4.26323
4.26228
4.26027
4.25945
4.2572
4.24969
4.23462
4.20668
4.17675
4.44175
4.46935
4.4906
4.48282
4.46243
4.44108
4.42522
4.41731
4.41299
4.41085
4.40794
4.40464
4.40053
4.39871
4.40481
4.42573
4.45723
4.47961
4.46254
4.41373
4.6901
4.69629
4.68711
4.65162
4.61347
4.58687
4.57271
4.56624
4.5634
4.56047
4.55601
4.54881
4.53917
4.5281
4.515
4.49931
4.48075
4.46193
4.45483
4.45541
4.79096
4.71896
4.68583
4.69674
4.71448
4.72994
4.73667
4.73546
4.73197
4.72822
4.72523
4.72092
4.71587
4.70667
4.69136
4.6628
4.62107
4.5786
4.55948
4.57453
4.99052
4.9488
4.93121
4.93795
4.94047
4.93405
4.92388
4.91314
4.90412
4.89754
4.89377
4.89276
4.89473
4.89992
4.91001
4.92478
4.94101
4.94759
4.92652
4.89877
5.13647
5.17107
5.17034
5.14632
5.12105
5.0957
5.07646
5.06466
5.05721
5.05257
5.04881
5.04765
5.05001
5.0589
5.07718
5.10892
5.15223
5.1896
5.19077
5.16205
5.17068
5.19185
5.19593
5.19592
5.19955
5.20178
5.20121
5.19963
5.19852
5.19774
5.19855
5.2015
5.20675
5.21389
5.22153
5.22667
5.22835
5.22628
5.23713
5.26058
5.2637
5.27349
5.28894
5.30195
5.31394
5.32406
5.3308
5.33432
5.33612
5.33792
5.34029
5.34404
5.34873
5.3534
5.36016
5.37033
5.38541
5.40426
5.41848
5.4328
5.3677
5.37609
5.39406
5.41378
5.43451
5.45239
5.4649
5.47093
5.47312
5.47405
5.47539
5.47695
5.47753
5.47519
5.4685
5.45953
5.45018
5.44631
5.46001
5.48926
5.57552
5.5768
5.58721
5.58996
5.59095
5.59332
5.59799
5.60298
5.60709
5.60983
5.61189
5.6133
5.61474
5.61372
5.60517
5.58343
5.54698
5.50895
5.50446
5.53371
5.77541
5.7539
5.73448
5.71567
5.70908
5.71451
5.72523
5.73716
5.74707
5.75404
5.7579
5.75946
5.75776
5.75543
5.75225
5.74652
5.73904
5.73414
5.72499
5.71861
5.86774
5.81007
5.78741
5.81886
5.85674
5.88532
5.90153
5.91071
5.91605
5.92046
5.92341
5.92511
5.9243
5.92119
5.9148
5.90504
5.89137
5.87874
5.8759
5.87862
6.11196
6.13854
6.14749
6.14608
6.13632
6.12186
6.10899
6.10042
6.09494
6.09261
6.09237
6.09472
6.09945
6.10962
6.12646
6.15056
6.17523
6.18845
6.18092
6.1568
6.37953
6.434
6.44102
6.39877
6.34887
6.30879
6.28166
6.26491
6.25383
6.24757
6.24286
6.24099
6.24176
6.24909
6.26688
6.30192
6.35498
6.40688
6.41645
6.37781
6.508
6.52219
6.52147
6.49831
6.46637
6.43734
6.41483
6.39887
6.38876
6.3821
6.37714
6.37325
6.36899
6.36103
6.34503
6.32464
6.31003
6.31111
6.33325
6.35331
6.45802
6.45418
6.45675
6.46496
6.47933
6.49374
6.50384
6.50935
6.51185
6.51274
6.51294
6.51215
6.50984
6.50077
6.4781
6.43723
6.38259
6.33784
6.33899
6.37852
6.40885
6.38087
6.40131
6.46444
6.5344
6.58932
6.62295
6.64167
6.65115
6.65709
6.66121
6.6649
6.66664
6.66876
6.67357
6.67916
6.67729
6.6676
6.65213
6.64029
6.65593
6.66246
6.69288
6.72149
6.74604
6.76546
6.78082
6.79361
6.8019
6.8085
6.81306
6.81901
6.82549
6.83739
6.85863
6.8926
6.93394
6.96855
6.96643
6.92719
7.03326
7.03696
7.02342
6.98772
6.95793
6.94236
6.94028
6.94533
6.95131
6.95605
6.95918
6.96304
6.96716
6.97486
6.98583
7.00176
7.02151
7.0388
7.04931
7.04218
7.31401
7.28697
7.24782
7.2122
7.17716
7.14828
7.1284
7.11643
7.10975
7.10609
7.10264
7.09888
7.09258
7.08187
7.06476
7.04605
7.03336
7.0322
7.04663
7.06038
7.41985
7.43025
7.41602
7.39448
7.36081
7.3258
7.29655
7.27446
7.26006
7.2504
7.24366
7.23628
7.22762
7.21391
7.1896
7.14967
7.09717
7.05403
7.0551
7.08233
7.37243
7.36943
7.36074
7.36643
7.37689
7.38649
7.39043
7.39008
7.38822
7.38667
7.38553
7.38444
7.38359
7.38451
7.38941
7.39653
7.39948
7.39605
7.37996
7.35404
7.36956
7.34237
7.3421
7.38516
7.43912
7.4832
7.50963
7.52338
7.52909
7.53204
7.53296
7.53412
7.53469
7.5395
7.55295
7.5837
7.62678
7.66195
7.65544
7.60901
7.59239
7.61894
7.63741
7.65139
7.66382
7.67372
7.68161
7.68766
7.69035
7.69172
7.69187
7.69201
7.69095
7.6879
7.68016
7.67133
7.66237
7.65404
7.65378
7.65479
7.89414
7.93882
7.94093
7.90981
7.88019
7.86244
7.85637
7.85632
7.85728
7.8572
7.85676
7.85593
7.85508
7.8512
7.83917
7.81391
7.77801
7.7448
7.73476
7.75349
8.12693
8.14564
8.14122
8.12612
8.10314
8.07993
8.0611
8.04762
8.03815
8.0314
8.0257
8.02086
8.01762
8.01791
8.02318
8.03219
8.04419
8.05373
8.04227
8.02403
8.34038
8.36261
8.36639
8.34858
8.3169
8.28359
8.25445
8.23128
8.21422
8.20257
8.19457
8.18963
8.18596
8.18572
8.19057
8.20364
8.22682
8.25284
8.25549
8.23272
8.40584
8.40011
8.39472
8.39096
8.38798
8.38509
8.37907
8.37131
8.36412
8.35911
8.35737
8.35965
8.36649
8.37712
8.38588
8.3846
8.36767
8.34527
8.34509
8.36252
8.42639
8.40147
8.40026
8.42922
8.46267
8.48724
8.49876
8.50376
8.50527
8.50796
8.51253
8.52263
8.53734
8.56062
8.59282
8.63271
8.67382
8.70384
8.70294
8.68557
8.59018
8.6079
8.62012
8.62121
8.61934
8.61985
8.62387
8.63114
8.63744
8.64566
8.65429
8.66677
8.68069
8.6995
8.72427
8.76052
8.80939
8.85731
8.87478
8.86234
8.68517
8.7056
8.70733
8.69776
8.69531
8.7064
8.72528
8.7452
8.76154
8.77575
8.7884
8.80173
8.81409
8.82292
8.82263
8.80949
8.7853
8.76308
8.77496
8.80965
8.73743
8.723
8.73289
8.78356
8.83489
8.87299
8.89547
8.90925
8.91862
8.92655
8.9324
8.93672
8.93817
8.93376
8.92095
8.90014
8.87357
8.85184
8.84652
8.8573
9.11049
9.14789
9.17588
9.17997
9.16715
9.14624
9.12731
9.11357
9.10428
9.09775
9.09274
9.08719
9.07845
9.06379
9.04118
9.01181
8.97731
8.94393
8.92688
8.92476
9.44715
9.50416
9.51623
9.47704
9.42117
9.36795
9.32686
9.29708
9.2772
9.26402
9.25538
9.24768
9.24034
9.23172
9.223
9.21528
9.2046
9.18833
9.16403
9.13036
9.50527
9.50625
9.49855
9.49434
9.48502
9.46842
9.44758
9.4289
9.41541
9.40766
9.40328
9.4018
9.40075
9.40368
9.41361
9.43165
9.45576
9.47757
9.46505
9.40872
9.50436
9.47776
9.47232
9.49583
9.52203
9.53862
9.54207
9.54018
9.53691
9.53567
9.53718
9.5424
9.55288
9.56806
9.58538
9.6008
9.60873
9.61013
9.60531
9.57877
9.59863
9.60077
9.60629
9.61981
9.63695
9.65078
9.657
9.65705
9.65394
9.65145
9.65053
9.65307
9.65822
9.66756
9.67972
9.69255
9.70538
9.71221
9.70748
9.68657
9.70823
9.7217
9.72966
9.74476
9.76079
9.77351
9.7797
9.77777
9.7713
9.76386
9.75715
9.74963
9.7405
9.72488
9.69986
9.66873
9.64165
9.62284
9.62147
9.62574
9.85533
9.88761
9.89901
9.90064
9.90018
9.89815
9.89484
9.88863
9.88115
9.87155
9.86234
9.85096
9.83585
9.81058
9.77047
9.70935
9.63353
9.56388
9.54391
9.55912
9.91779
9.95225
9.95517
9.94922
9.9552
9.9683
9.98029
9.98659
9.98815
9.98424
9.97789
9.96631
9.9508
9.92882
9.90553
9.88159
9.85367
9.82348
9.79226
9.76371
9.89459
9.88862
9.89907
9.95563
10.0183
10.0675
10.0971
10.1114
10.1157
10.1146
10.1106
10.1047
10.0958
10.0866
10.0807
10.0829
10.096
10.1121
10.1013
10.0558
10.1441
10.1916
10.2222
10.2387
10.2472
10.2521
10.2556
10.2573
10.2563
10.2535
10.2514
10.2501
10.2536
10.2614
10.2722
10.2827
10.2889
10.2918
10.2947
10.273
10.3477
10.4121
10.4254
10.4037
10.3823
10.3733
10.3742
10.3774
10.3799
10.3812
10.3821
10.3846
10.389
10.3983
10.4141
10.4358
10.4608
10.4823
10.4955
10.4774
10.3533
10.3669
10.3598
10.3712
10.3977
10.4328
10.465
10.4895
10.5068
10.5182
10.5259
10.5303
10.5327
10.5306
10.5244
10.5193
10.5216
10.5324
10.5569
10.5644
10.4847
10.4774
10.4751
10.5073
10.5519
10.5969
10.6325
10.6584
10.6761
10.6886
10.6987
10.7082
10.7169
10.7224
10.7203
10.704
10.6768
10.6529
10.6645
10.6788
10.9271
10.9649
10.9708
10.9544
10.9293
10.9076
10.8949
10.8898
10.8884
10.8896
10.8936
10.9005
10.9124
10.9302
10.9571
10.9913
11.0258
11.0514
11.0557
11.0213
11.3726
11.4283
11.4118
11.343
11.2611
11.1914
11.1446
11.116
11.0993
11.0906
11.0871
11.0896
11.0954
11.1098
11.1369
11.1854
11.2553
11.3248
11.35
11.3036
11.5718
11.5712
11.5256
11.4756
11.4253
11.3802
11.3444
11.3185
11.3015
11.2912
11.286
11.2846
11.2861
11.2878
11.2863
11.2849
11.2909
11.3123
11.3487
11.3498
11.7161
11.6963
11.6534
11.6242
11.5981
11.5717
11.5463
11.5263
11.5125
11.5043
11.5015
11.5037
11.5091
11.5142
11.5132
11.4989
11.4722
11.4518
11.4636
11.4714
11.9459
11.9586
11.9324
11.8939
11.8533
11.8148
11.7822
11.7576
11.7418
11.7352
11.7372
11.7479
11.7665
11.7937
11.8299
11.8709
11.9038
11.9227
11.9131
11.8599
12.1596
12.1896
12.1741
12.1402
12.097
12.0527
12.0145
11.9848
11.9652
11.9586
11.9634
11.9836
12.0173
12.069
12.1354
12.2147
12.2968
12.3634
12.3632
12.2706
12.3691
12.4265
12.4266
12.3876
12.3303
12.2694
12.2185
12.1822
12.1604
12.1524
12.1567
12.1754
12.2088
12.2591
12.3228
12.3941
12.4628
12.5165
12.5279
12.4622
12.4346
12.4992
12.5096
12.4806
12.4417
12.3998
12.3626
12.335
12.3184
12.3124
12.3161
12.3302
12.3514
12.3782
12.408
12.4398
12.4711
12.497
12.4998
12.4558
12.3346
12.3643
12.4088
12.4707
12.5138
12.5217
12.5051
12.4819
12.4641
12.4553
12.4554
12.4634
12.4749
12.4825
12.4772
12.4489
12.3982
12.3396
12.297
12.2722
12.4185
12.502
12.5922
12.6428
12.6634
12.6525
12.6265
12.5989
12.5781
12.5658
12.5617
12.5632
12.5687
12.5714
12.5632
12.5317
12.4674
12.3795
12.2787
12.2067
12.3429
12.4435
12.5423
12.587
12.6198
12.6355
12.6371
12.6301
12.6217
12.616
12.6123
12.6104
12.6071
12.5993
12.5865
12.5662
12.5417
12.5074
12.3919
12.262
11.976
12.0217
12.1338
12.2522
12.3801
12.4837
12.5495
12.5848
12.6033
12.6115
12.6116
12.6025
12.5828
12.5476
12.4959
12.4309
12.3661
12.3154
12.2116
12.1289
11.7172
11.7285
11.8665
12.0257
12.2081
12.3655
12.4751
12.5418
12.5796
12.5965
12.5977
12.582
12.5479
12.4902
12.4047
12.2858
12.1442
12.0146
11.8897
11.8904
11.8765
11.899
12.0346
12.1245
12.248
12.375
12.4789
12.5502
12.5919
12.6085
12.6058
12.5808
12.5367
12.4661
12.3705
12.254
12.1337
12.0391
11.9098
11.9328
12.3633
12.3412
12.4284
12.4005
12.4215
12.4861
12.5611
12.6216
12.6596
12.6743
12.6697
12.645
12.5987
12.5307
12.449
12.366
12.3036
12.2755
12.1719
12.257
13.0422
12.9012
12.95
12.8395
12.7718
12.7656
12.7895
12.8147
12.8322
12.8386
12.8355
12.8213
12.7988
12.7695
12.745
12.7482
12.7983
12.884
12.813
12.9619
13.8873
13.6244
13.6642
13.468
13.2986
13.203
13.1614
13.143
13.1337
13.1292
13.1279
13.1331
13.1431
13.1686
13.2177
13.3178
13.488
13.6855
13.6378
13.8781
14.7377
14.3311
14.408
14.1833
13.9566
13.7933
13.6919
13.631
13.5955
13.5785
13.5791
13.5987
13.6403
13.7137
13.8252
13.998
14.2202
14.4308
14.345
14.7352
15.4928
14.962
15.1546
14.9235
14.6499
14.4401
14.3017
14.2151
14.1633
14.1392
14.1387
14.167
14.2215
14.3181
14.4669
14.6847
14.9562
15.1892
15.0009
15.515
15.7183
14.955
15.3363
15.2388
15.0408
14.8742
14.7634
14.693
14.6505
14.6306
14.6303
14.6517
14.6961
14.7735
14.8872
15.0529
15.2504
15.3615
14.9919
15.7474
15.3463
14.2092
14.8169
14.9365
14.8968
14.8291
14.7805
14.7508
14.7318
14.7238
14.7234
14.7359
14.7561
14.7919
14.8408
14.8998
14.934
14.8182
14.2187
15.3651
14.8965
13.1473
13.9189
14.2089
14.2872
14.2943
14.2937
14.2944
14.2934
14.2936
14.2952
14.298
14.3006
14.3009
14.2954
14.2747
14.1807
13.8829
13.1255
14.916
15.4198
12.8565
13.65
13.9036
13.9381
13.9203
13.9082
13.9026
13.8987
13.898
13.8999
13.9058
13.9096
13.9206
13.9251
13.9403
13.8907
13.6394
12.858
15.4458
17.9589
13.8803
14.3929
14.5197
14.4567
14.3907
14.3575
14.3407
14.3333
14.3284
14.331
14.3328
14.3388
14.36
14.3888
14.4636
14.5369
14.4222
13.9051
17.9396
21.8972
13.5403
13.5527
14.1406
14.2963
14.31
14.3126
14.3143
14.3144
14.3142
14.3146
14.3157
14.3153
14.3154
14.3134
14.3019
14.1503
13.5661
13.5525
21.9012
-0.0187618
-0.0214567
-0.0199569
-0.0111317
-0.0045337
-0.000477439
0.00200622
0.00376117
0.00506072
0.00532075
0.00467875
0.00306448
0.000668649
-0.00222855
-0.00623859
-0.0119029
-0.0205122
-0.0322194
-0.033876
-0.0248302
-0.0212169
-0.0105074
0.00690115
0.0294866
0.045633
0.0529375
0.0546027
0.0549262
0.0556265
0.0560021
0.0563202
0.055579
0.0554839
0.0541481
0.0500222
0.0384749
0.0166652
-0.0113865
-0.0294318
-0.0320292
0.0848413
0.0905658
0.096404
0.100671
0.104946
0.109305
0.113056
0.115796
0.117351
0.117401
0.116134
0.113374
0.109227
0.103889
0.0976593
0.0904062
0.0832144
0.0769892
0.0705769
0.0660672
0.17
0.175279
0.182296
0.187528
0.189587
0.188874
0.186616
0.183937
0.181266
0.178583
0.175292
0.171054
0.16571
0.158575
0.149383
0.138982
0.128579
0.120464
0.118492
0.12215
0.25159
0.255424
0.259396
0.260334
0.258926
0.255823
0.252121
0.248638
0.245656
0.242974
0.240163
0.237118
0.233106
0.228597
0.223286
0.217691
0.212457
0.208705
0.207819
0.208865
0.300771
0.299335
0.29816
0.298153
0.299294
0.301159
0.303124
0.304829
0.305699
0.306509
0.306845
0.307295
0.307688
0.30861
0.310138
0.312043
0.313275
0.313958
0.312299
0.306853
0.334508
0.3271
0.324611
0.329335
0.337521
0.346927
0.355262
0.36186
0.366312
0.369605
0.372164
0.375188
0.378255
0.38251
0.387292
0.391987
0.395279
0.396193
0.394624
0.390658
0.413188
0.414242
0.415655
0.418082
0.42144
0.425158
0.428231
0.430888
0.432789
0.434423
0.435553
0.436714
0.438495
0.441242
0.444892
0.449715
0.454835
0.458142
0.457797
0.454712
0.508249
0.519149
0.524475
0.522471
0.517218
0.510718
0.505345
0.501508
0.499343
0.497782
0.496559
0.495081
0.493068
0.490605
0.487723
0.485003
0.483652
0.48371
0.4856
0.489031
0.566014
0.568389
0.569626
0.568126
0.565954
0.563989
0.562929
0.562179
0.561722
0.561008
0.559985
0.557729
0.554383
0.548568
0.5404
0.530414
0.520496
0.513989
0.515636
0.523997
0.624503
0.617489
0.614593
0.615262
0.618185
0.622449
0.626094
0.628499
0.629675
0.629982
0.629768
0.629044
0.627549
0.625196
0.621979
0.617528
0.612554
0.608747
0.607506
0.607268
0.713558
0.714418
0.715092
0.713979
0.711734
0.709214
0.706501
0.704577
0.703197
0.702735
0.702601
0.703127
0.704619
0.707424
0.711893
0.717735
0.722857
0.725358
0.721962
0.712398
0.789884
0.795173
0.797523
0.793644
0.78675
0.779545
0.773767
0.77
0.767965
0.767217
0.767366
0.768769
0.771005
0.775062
0.780619
0.787357
0.793817
0.797565
0.796006
0.78909
0.828374
0.821512
0.820484
0.822689
0.825112
0.827216
0.828377
0.828426
0.827836
0.827232
0.826543
0.825717
0.825222
0.824976
0.825422
0.827238
0.830274
0.833218
0.834423
0.833897
0.877189
0.870931
0.869181
0.871168
0.875319
0.880011
0.88399
0.886481
0.887724
0.887726
0.887279
0.885864
0.883101
0.878272
0.871449
0.863378
0.856073
0.851254
0.852888
0.861703
0.939733
0.934688
0.93127
0.931763
0.935162
0.940033
0.945223
0.949614
0.95277
0.954457
0.955188
0.954744
0.953708
0.950882
0.945965
0.938481
0.929226
0.921163
0.919999
0.926727
1.03083
1.03092
1.03006
1.02933
1.02866
1.02773
1.0272
1.02714
1.02767
1.02837
1.02928
1.03055
1.03212
1.0349
1.03875
1.04238
1.04492
1.04555
1.04272
1.03636
1.12035
1.12881
1.13331
1.13093
1.12442
1.11596
1.1085
1.10325
1.10027
1.09919
1.09944
1.10103
1.10441
1.10971
1.11736
1.12721
1.13733
1.14445
1.14324
1.13394
1.15858
1.15839
1.15998
1.16066
1.1603
1.15931
1.15826
1.15739
1.15699
1.15695
1.1574
1.15854
1.16009
1.16265
1.16623
1.17115
1.1769
1.18176
1.18399
1.18377
1.18778
1.17819
1.1756
1.18039
1.18832
1.19717
1.20451
1.20971
1.21283
1.21453
1.21522
1.21464
1.213
1.20918
1.20355
1.19724
1.19176
1.18896
1.19295
1.20361
1.25896
1.25558
1.25432
1.25695
1.2615
1.26654
1.271
1.27443
1.27675
1.27785
1.27816
1.2775
1.27561
1.2717
1.26538
1.25625
1.24617
1.23816
1.23869
1.24718
1.35467
1.35824
1.35661
1.35296
1.34984
1.3476
1.34668
1.34681
1.34735
1.34781
1.3476
1.34648
1.34505
1.34323
1.34138
1.33913
1.33655
1.33482
1.33384
1.3307
1.4459
1.44924
1.44703
1.44235
1.43734
1.43255
1.42856
1.42561
1.42387
1.42297
1.42271
1.42284
1.42283
1.42339
1.42454
1.42606
1.42785
1.42981
1.42964
1.42417
1.5236
1.53015
1.53158
1.52744
1.52004
1.51199
1.5048
1.49934
1.49589
1.49427
1.494
1.49486
1.49712
1.50056
1.50505
1.51014
1.51435
1.51645
1.51591
1.51229
1.56518
1.56755
1.56925
1.56932
1.56711
1.56388
1.56081
1.5583
1.55659
1.55556
1.5553
1.5561
1.55771
1.56096
1.56543
1.57116
1.57762
1.58236
1.58309
1.58069
1.59176
1.58514
1.58438
1.59026
1.59829
1.60571
1.61095
1.61385
1.61483
1.61486
1.61434
1.61341
1.61234
1.61093
1.60963
1.60922
1.61046
1.613
1.61551
1.61765
1.6492
1.64586
1.646
1.64995
1.65631
1.663
1.66854
1.67218
1.67428
1.67491
1.67492
1.67405
1.67196
1.66799
1.66213
1.65462
1.64758
1.64371
1.64588
1.65321
1.72213
1.72325
1.72293
1.72273
1.72403
1.72657
1.73025
1.73391
1.73706
1.73934
1.74088
1.74155
1.74203
1.74154
1.7403
1.73815
1.73527
1.73326
1.73269
1.73377
1.79696
1.79577
1.79442
1.79495
1.79602
1.79737
1.79975
1.80274
1.80583
1.80858
1.81103
1.81364
1.81638
1.82026
1.82535
1.83127
1.83645
1.83906
1.8361
1.82891
1.89076
1.89118
1.89159
1.89049
1.88761
1.88403
1.88114
1.87947
1.87878
1.8789
1.87938
1.88033
1.88201
1.88446
1.88796
1.89243
1.89681
1.89932
1.89778
1.89368
1.98188
1.98356
1.98277
1.97795
1.97116
1.96436
1.95824
1.95317
1.94951
1.94655
1.94419
1.94195
1.93946
1.93694
1.93446
1.9327
1.93245
1.93334
1.93408
1.93571
2.05274
2.05596
2.05533
2.05053
2.04323
2.03541
2.02812
2.02208
2.01759
2.01415
2.01127
2.00822
2.00492
2.00021
1.99379
1.98598
1.97823
1.97314
1.97394
1.98117
2.08908
2.09053
2.09157
2.09152
2.09008
2.08781
2.08507
2.08252
2.08038
2.07893
2.07806
2.07766
2.0773
2.07714
2.07682
2.07585
2.07416
2.07238
2.07107
2.07035
2.11056
2.10427
2.10416
2.11019
2.11859
2.12697
2.1331
2.13718
2.13919
2.14066
2.14167
2.14341
2.1461
2.15045
2.15676
2.16451
2.17159
2.17556
2.17277
2.1637
2.16523
2.16338
2.16393
2.16784
2.17439
2.18178
2.18823
2.19317
2.19653
2.19878
2.20034
2.20205
2.20376
2.20624
2.20917
2.21237
2.21526
2.21718
2.21698
2.21484
2.23878
2.24217
2.24295
2.24304
2.24457
2.24723
2.25088
2.25448
2.2575
2.25966
2.26095
2.26115
2.2604
2.25816
2.25464
2.25017
2.24563
2.24256
2.24352
2.24925
2.31804
2.3195
2.32081
2.32264
2.32423
2.32518
2.32614
2.32691
2.32743
2.32735
2.32699
2.32598
2.32403
2.3207
2.316
2.3103
2.3051
2.30169
2.30087
2.30319
2.41314
2.41728
2.4201
2.41909
2.41551
2.41092
2.40661
2.4033
2.40096
2.39923
2.39745
2.39532
2.3929
2.38985
2.3861
2.38188
2.37775
2.37473
2.37363
2.37392
2.49882
2.50318
2.50443
2.4994
2.49191
2.48472
2.4786
2.47428
2.47153
2.46993
2.46877
2.46801
2.4673
2.46736
2.46806
2.46942
2.47083
2.47145
2.47014
2.46639
2.55559
2.55579
2.55664
2.55522
2.55197
2.54782
2.54367
2.5405
2.53797
2.53673
2.53588
2.53615
2.53733
2.54021
2.54493
2.55133
2.55813
2.56318
2.56241
2.55505
2.58938
2.58166
2.58109
2.58595
2.59147
2.596
2.59841
2.59917
2.59884
2.59856
2.59847
2.59905
2.59987
2.60162
2.60371
2.60603
2.60778
2.60861
2.61009
2.61283
2.63523
2.62979
2.62843
2.63183
2.63785
2.64506
2.65118
2.6557
2.65827
2.66001
2.66105
2.66203
2.66286
2.66386
2.66515
2.66726
2.67013
2.67292
2.67479
2.67721
2.69793
2.6938
2.69008
2.69111
2.6955
2.7022
2.70929
2.71571
2.72045
2.72379
2.72602
2.72781
2.72868
2.72881
2.72823
2.72761
2.72728
2.72754
2.72925
2.73302
2.79632
2.79799
2.79576
2.7936
2.79167
2.79044
2.79033
2.7914
2.79292
2.7948
2.79646
2.79843
2.80045
2.80205
2.80225
2.80065
2.79674
2.79221
2.79119
2.79536
2.90304
2.91352
2.91624
2.91023
2.89944
2.88729
2.87724
2.87062
2.86695
2.86536
2.86485
2.86552
2.86695
2.86983
2.87334
2.87722
2.88064
2.88233
2.87959
2.87436
2.96029
2.9626
2.96355
2.96032
2.95379
2.94584
2.93852
2.93299
2.92915
2.92697
2.9252
2.92382
2.92209
2.92064
2.91982
2.92068
2.92309
2.92537
2.92478
2.92254
2.98935
2.9819
2.98092
2.98455
2.98824
2.99065
2.99066
2.98923
2.9872
2.98541
2.98365
2.98166
2.97844
2.97381
2.96723
2.95911
2.9504
2.94425
2.94531
2.95327
3.02632
3.02285
3.02325
3.02847
3.03519
3.04144
3.0453
3.04713
3.04721
3.04661
3.0453
3.04361
3.04108
3.03769
3.03298
3.02722
3.02107
3.01722
3.01747
3.01948
3.07667
3.07487
3.07354
3.07775
3.08509
3.09333
3.10015
3.10518
3.10811
3.1098
3.11052
3.11112
3.11124
3.1118
3.11249
3.11365
3.11469
3.11526
3.1136
3.10701
3.15838
3.16067
3.15864
3.15882
3.1614
3.16511
3.16867
3.17174
3.17385
3.17564
3.17692
3.1786
3.18056
3.18351
3.18691
3.19071
3.19362
3.19446
3.19225
3.1866
3.24735
3.25509
3.25532
3.25071
3.24581
3.24215
3.2402
3.23959
3.23957
3.23966
3.23959
3.23985
3.24043
3.24227
3.24486
3.24862
3.25279
3.2552
3.25414
3.25104
3.31516
3.31873
3.32019
3.31772
3.31332
3.30904
3.30597
3.30419
3.30312
3.30242
3.30142
3.30008
3.29807
3.29577
3.29312
3.29102
3.29018
3.2903
3.29179
3.29459
3.37329
3.37449
3.37467
3.37343
3.37148
3.36952
3.36819
3.36757
3.36732
3.36718
3.36688
3.36604
3.36398
3.36026
3.35445
3.34714
3.34006
3.33575
3.33818
3.34561
3.43141
3.42567
3.42252
3.42373
3.42708
3.431
3.4341
3.43612
3.43708
3.43773
3.43811
3.4387
3.4395
3.44049
3.44122
3.44188
3.44194
3.44215
3.44228
3.44029
3.52323
3.52421
3.5245
3.52264
3.52008
3.51734
3.51458
3.51251
3.51111
3.51068
3.51081
3.51222
3.51484
3.5202
3.52797
3.53797
3.5477
3.55402
3.55221
3.54117
3.601
3.60762
3.61027
3.60561
3.59816
3.59058
3.58463
3.58092
3.57903
3.57872
3.57916
3.58066
3.58292
3.58654
3.5909
3.59602
3.60087
3.60414
3.60485
3.60263
3.64031
3.63628
3.63565
3.63693
3.63872
3.64049
3.64157
3.64192
3.64209
3.64281
3.64422
3.64637
3.64843
3.64994
3.6498
3.64773
3.64472
3.64238
3.64404
3.65084
3.69041
3.68756
3.68697
3.68869
3.69224
3.6962
3.69923
3.70131
3.70254
3.70383
3.70535
3.70722
3.70936
3.71149
3.7131
3.71417
3.71449
3.7142
3.71401
3.715
3.74837
3.74801
3.74716
3.74848
3.75131
3.75465
3.75754
3.75989
3.76133
3.76215
3.7622
3.76201
3.7611
3.7604
3.76011
3.761
3.76285
3.76444
3.76424
3.76105
3.82283
3.82798
3.82925
3.82934
3.82868
3.82743
3.82596
3.82477
3.82385
3.82294
3.82162
3.81954
3.81623
3.81113
3.8037
3.79458
3.78471
3.77757
3.77809
3.78381
3.89626
3.90432
3.90675
3.90319
3.89786
3.8933
3.89043
3.88881
3.88774
3.88671
3.88536
3.88344
3.88027
3.87593
3.87009
3.86275
3.85526
3.85028
3.84939
3.84969
3.95442
3.95057
3.94943
3.95029
3.95186
3.95415
3.95631
3.95771
3.95804
3.95787
3.95735
3.95665
3.956
3.95571
3.95574
3.95652
3.95711
3.95715
3.95422
3.94558
4.04421
4.04678
4.04855
4.04762
4.04523
4.04163
4.03787
4.03484
4.03281
4.03179
4.03177
4.03311
4.03531
4.0392
4.04424
4.04975
4.05434
4.05601
4.05238
4.04356
4.1224
4.13098
4.13498
4.13106
4.12341
4.11494
4.10799
4.10331
4.10093
4.10015
4.10078
4.10257
4.10631
4.1121
4.11976
4.12912
4.13806
4.14345
4.14095
4.13301
4.16411
4.16166
4.1632
4.16543
4.1666
4.1668
4.16633
4.16523
4.16433
4.1641
4.16491
4.16707
4.17022
4.17481
4.18039
4.18632
4.19191
4.19553
4.19487
4.19204
4.22042
4.21975
4.22178
4.22421
4.22632
4.22783
4.22854
4.22858
4.22847
4.22859
4.22962
4.2309
4.23297
4.23447
4.23496
4.23454
4.23312
4.23108
4.23046
4.23437
4.28868
4.28996
4.29153
4.29318
4.29406
4.29416
4.29389
4.29365
4.29352
4.29358
4.29409
4.29535
4.29663
4.29758
4.29758
4.2958
4.29337
4.2907
4.28887
4.29008
4.37106
4.37822
4.38244
4.38354
4.38106
4.37595
4.37007
4.36517
4.36187
4.36001
4.35936
4.35929
4.35999
4.36039
4.36024
4.35889
4.35595
4.35244
4.34964
4.34806
4.43836
4.44974
4.45712
4.45682
4.45127
4.44309
4.43501
4.42839
4.42375
4.42115
4.42009
4.42045
4.42112
4.42244
4.42381
4.42416
4.42346
4.42108
4.41673
4.41072
4.46329
4.46203
4.4672
4.47495
4.48067
4.48358
4.48354
4.48168
4.4792
4.47734
4.47611
4.4752
4.47504
4.47501
4.47493
4.47518
4.4754
4.47437
4.46958
4.46131
4.49537
4.4952
4.50022
4.5093
4.51889
4.5262
4.53029
4.53177
4.53173
4.53108
4.53062
4.53046
4.5294
4.52673
4.52138
4.51258
4.50202
4.49249
4.48907
4.49113
4.53859
4.54016
4.54341
4.55214
4.56278
4.57223
4.579
4.58316
4.58547
4.58644
4.5872
4.58716
4.58752
4.58667
4.58428
4.57954
4.57211
4.56457
4.55916
4.55406
4.60949
4.61694
4.62208
4.6295
4.63721
4.64236
4.64479
4.64511
4.64451
4.6435
4.64252
4.64188
4.64123
4.64134
4.64203
4.64228
4.6414
4.63847
4.63144
4.61764
4.68531
4.70049
4.70941
4.7138
4.71553
4.7142
4.71118
4.70732
4.70366
4.69999
4.69674
4.69284
4.68901
4.68378
4.67768
4.67098
4.66429
4.65861
4.65463
4.64901
4.72463
4.72875
4.73212
4.73658
4.74257
4.74832
4.75245
4.75421
4.75425
4.7528
4.75075
4.74782
4.74334
4.73619
4.72609
4.71289
4.6997
4.69026
4.68832
4.69043
4.77614
4.76992
4.76599
4.76999
4.7801
4.79285
4.80357
4.81073
4.81449
4.81576
4.81584
4.8146
4.81337
4.81094
4.80766
4.80339
4.79852
4.79512
4.79257
4.78744
4.88511
4.88639
4.88266
4.87998
4.88073
4.88355
4.88634
4.88817
4.8888
4.88878
4.88854
4.88915
4.89023
4.8931
4.89795
4.90446
4.91165
4.91757
4.91618
4.90387
5.00993
5.0209
5.01855
5.00743
4.99545
4.98518
4.97758
4.97222
4.96856
4.96604
4.9646
4.96416
4.96527
4.96768
4.97201
4.97842
4.98629
4.99442
4.9983
4.99337
5.10403
5.1086
5.1008
5.08614
5.07228
5.06191
5.05503
5.05018
5.04679
5.04443
5.04326
5.04352
5.04459
5.04659
5.0496
5.05381
5.05991
5.0679
5.07532
5.07757
5.19926
5.1972
5.18591
5.17119
5.15852
5.14979
5.1435
5.13863
5.13478
5.13236
5.1316
5.13275
5.13609
5.14126
5.14849
5.15777
5.16891
5.18094
5.18817
5.18613
5.31546
5.32279
5.31765
5.30125
5.28179
5.2634
5.24807
5.23652
5.22874
5.22461
5.22375
5.22684
5.23334
5.24381
5.25742
5.27335
5.28986
5.30456
5.31108
5.30544
5.40087
5.41589
5.417
5.40106
5.37819
5.35531
5.33678
5.32366
5.31571
5.31273
5.31423
5.32087
5.33256
5.3497
5.37154
5.3963
5.42018
5.43831
5.4416
5.42821
5.43528
5.44533
5.44901
5.44389
5.43304
5.42038
5.40892
5.40003
5.39437
5.39319
5.39639
5.40553
5.41999
5.4408
5.46646
5.495
5.52131
5.53873
5.53607
5.51541
5.47718
5.49951
5.51307
5.51392
5.50679
5.49474
5.48202
5.47192
5.46575
5.46459
5.46809
5.47711
5.49035
5.50701
5.52503
5.54141
5.55219
5.55369
5.54321
5.52707
5.51007
5.54419
5.56879
5.57556
5.57094
5.55886
5.54518
5.53401
5.52724
5.52522
5.52749
5.53386
5.54303
5.55299
5.56133
5.56502
5.56134
5.54903
5.52587
5.50083
5.51278
5.54803
5.58317
5.60414
5.61273
5.60992
5.60093
5.59063
5.58247
5.57779
5.57624
5.5774
5.5792
5.5791
5.57444
5.56138
5.53969
5.51071
5.47451
5.44232
5.48414
5.5246
5.57309
5.60934
5.6322
5.64076
5.63907
5.6323
5.62521
5.61937
5.61517
5.61106
5.60606
5.5964
5.57972
5.55376
5.51843
5.47759
5.4306
5.39187
5.42241
5.45981
5.51568
5.5653
5.60664
5.63454
5.64954
5.6549
5.65525
5.6532
5.6498
5.64455
5.63554
5.62013
5.59722
5.56444
5.52328
5.47769
5.42284
5.37972
5.38484
5.40847
5.46124
5.51606
5.57307
5.62201
5.65647
5.67659
5.68656
5.68971
5.68868
5.68265
5.67204
5.65324
5.62606
5.59048
5.54825
5.50311
5.44801
5.41529
5.46189
5.47451
5.51653
5.55257
5.59884
5.64745
5.68749
5.71425
5.7297
5.7364
5.73685
5.73145
5.71937
5.69987
5.6746
5.64517
5.61645
5.58802
5.54338
5.52813
5.68048
5.66991
5.69281
5.69286
5.70552
5.732
5.76153
5.78481
5.80003
5.80707
5.80818
5.80271
5.79268
5.77725
5.76025
5.74692
5.74147
5.7402
5.71363
5.72855
6.03001
5.9783
5.98067
5.93797
5.90328
5.89003
5.89251
5.89964
5.90612
5.90929
5.90996
5.90917
5.90631
5.90443
5.90692
5.92033
5.95048
5.98564
5.97999
6.03824
6.45888
6.35998
6.353
6.26655
6.17612
6.11298
6.07764
6.05884
6.04946
6.04538
6.04536
6.04983
6.0603
6.08054
6.11486
6.17194
6.25147
6.32852
6.33412
6.43746
6.8183
6.65229
6.66443
6.56537
6.44309
6.34523
6.28115
6.24145
6.21794
6.20713
6.20602
6.2175
6.23984
6.28084
6.34458
6.43692
6.54855
6.63961
6.62911
6.79389
6.95949
6.69034
6.75496
6.70273
6.60548
6.51576
6.45077
6.40844
6.38258
6.37052
6.36968
6.38144
6.40636
6.44983
6.5155
6.60653
6.70358
6.75663
6.69163
6.94959
6.85513
6.43218
6.57379
6.60982
6.58153
6.53847
6.50381
6.48052
6.46541
6.45897
6.45849
6.46705
6.48202
6.5076
6.54376
6.58548
6.61261
6.57391
6.43038
6.84968
6.69276
6.02882
6.24829
6.37468
6.41324
6.41492
6.41013
6.4075
6.40537
6.40517
6.40637
6.40917
6.4139
6.41923
6.42367
6.41771
6.3751
6.24716
6.03178
6.7039
6.95467
5.9465
6.2047
6.33097
6.35223
6.33961
6.32786
6.32219
6.31894
6.31783
6.31863
6.32163
6.32507
6.33347
6.34168
6.35359
6.32783
6.20843
5.95987
6.97789
8.1487
6.3424
6.49141
6.56601
6.53991
6.49837
6.47352
6.4608
6.45487
6.45097
6.452
6.45336
6.45792
6.47223
6.49378
6.53779
6.56716
6.49784
6.34976
8.14421
10.3073
5.88966
5.96314
6.3316
6.42065
6.42269
6.42166
6.42172
6.42124
6.42089
6.42091
6.42174
6.42165
6.4223
6.42322
6.42163
6.33406
5.96692
5.89304
10.3068
)
;

boundaryField
{
    fixedWalls_1
    {
        type            zeroGradient;
    }
    frontAndBack_1
    {
        type            empty;
    }
    inlet_1
    {
        type            zeroGradient;
    }
    outlet_1
    {
        type            fixedValue;
        value           uniform 0;
    }
    fixedWalls_2
    {
        type            zeroGradient;
    }
    frontAndBack_2
    {
        type            empty;
    }
    inlet_2
    {
        type            zeroGradient;
    }
    outlet_2
    {
        type            fixedValue;
        value           uniform 0;
    }
    fixedWalls_3
    {
        type            zeroGradient;
    }
    frontAndBack_3
    {
        type            empty;
    }
    inlet_3
    {
        type            zeroGradient;
    }
    outlet_3
    {
        type            fixedValue;
        value           uniform 0;
    }
    fixedWalls_4
    {
        type            zeroGradient;
    }
    frontAndBack_4
    {
        type            empty;
    }
    inlet_4
    {
        type            zeroGradient;
    }
    outlet_4
    {
        type            fixedValue;
        value           uniform 0;
    }
    fixedWalls_5
    {
        type            zeroGradient;
    }
    frontAndBack_5
    {
        type            empty;
    }
    inlet_5
    {
        type            zeroGradient;
    }
    outlet_5
    {
        type            fixedValue;
        value           uniform 0;
    }
}


// ************************************************************************* //
