/*--------------------------------*- C++ -*----------------------------------*\
  =========                 |
  \\      /  F ield         | OpenFOAM: The Open Source CFD Toolbox
   \\    /   O peration     | Website:  https://openfoam.org
    \\  /    A nd           | Version:  6
     \\/     M anipulation  |
\*---------------------------------------------------------------------------*/
FoamFile
{
    version     2.0;
    format      ascii;
    class       volScalarField;
    location    "15";
    object      epsilon;
}
// * * * * * * * * * * * * * * * * * * * * * * * * * * * * * * * * * * * * * //

dimensions      [0 2 -3 0 0 0 0];

internalField   nonuniform List<scalar> 
10000
(
250.678
337.647
199.769
118.961
76.6028
54.49
42.6765
36.1485
32.6343
31.1159
31.2021
32.8982
36.6532
43.4835
55.6222
77.7965
119.786
198.096
331.234
250.899
249.246
337.189
198.078
117.454
76.3835
54.429
42.6675
36.1493
32.6315
31.1073
31.1846
32.7781
36.4197
43.1132
54.9935
77.0637
119.078
197.317
330.831
249.128
247.851
337.345
199.96
119.378
76.1408
54.0925
42.5775
36.1308
32.6303
31.1206
31.2116
32.9393
36.6865
43.5133
55.5078
76.8724
117.803
193.905
329.249
249.4
248.956
336.296
201.07
118.101
76.619
54.7713
42.8163
36.2042
32.635
31.1095
31.2094
32.9408
36.5516
43.3572
55.2623
77.5247
117.56
197.061
332.232
249.338
250.148
338.774
199.475
119.653
76.9322
54.7478
42.5987
36.0307
32.5363
31.0805
31.2024
32.9853
36.887
43.9138
55.9994
77.2507
118.964
198.673
331.851
250.021
248.472
338.537
200.538
118.095
76.7244
54.6871
42.8256
36.206
32.5338
31.0854
31.2143
32.9907
36.8876
43.9607
56.0083
77.0768
119.922
196.492
330.131
248.818
249.592
337.665
198.049
118.566
75.9059
54.1394
42.554
36.1703
32.6345
31.0985
31.2073
32.968
36.8708
44.0018
55.91
78.1386
119.158
197.586
332.443
250.504
247.259
337.23
198.53
119.648
76.5925
54.4016
42.7299
36.1712
32.6328
31.0875
31.1868
32.9476
36.6755
44.0729
56.8581
79.637
120.435
198.746
332.638
251.253
248.365
335.105
198.556
118.369
77.2551
54.5175
42.5129
35.9664
32.5822
31.0543
31.1601
32.9474
36.8305
44.0639
56.8903
79.8528
122.243
201.28
332.421
252.62
249.783
336.146
200.824
120.563
77.3575
54.4602
42.6313
36.0328
32.5846
31.0415
31.1295
32.9122
36.5929
43.9431
56.8481
79.8153
122.002
201.376
332.599
254.825
249.431
337.203
198.083
119.791
77.0959
54.8124
42.8222
36.0582
32.5473
30.9082
31.1001
32.9013
36.7717
43.6025
56.7355
79.6374
120.013
200.912
335.464
257.254
249.107
335.079
201.1
118.179
76.1314
54.3482
42.5999
36.1709
32.5565
30.9746
31.0418
32.7347
36.741
43.8872
56.6533
79.7787
122.634
199.001
335.012
257.771
248.302
338.15
200.784
118.749
77.3152
55.1219
42.9192
36.2102
32.4496
30.8431
30.8881
32.8444
36.683
43.5124
56.4067
79.5225
122.615
201.328
334.076
255.121
250.252
338.288
198.546
118.95
76.6876
54.9998
42.6805
36.1702
32.6094
31.0465
31.0343
32.8664
36.5247
43.6496
56.1711
79.2363
122.46
201.012
331.302
254.056
250.188
338.177
201.844
120.273
77.4459
55.0231
42.9154
36.0586
32.4997
31.0689
31.1723
32.9051
36.6979
43.57
55.4057
78.0602
122.128
200.548
331.48
252.017
249.984
338.019
201.297
118.32
76.321
54.7909
42.8981
36.1996
32.5989
31.0539
31.1465
32.9012
36.7104
43.4483
55.8954
79.3704
122.152
200.358
332.213
249.833
249.42
337.569
200.689
120.151
77.1424
54.4387
42.805
36.1599
32.5636
31.0042
31.0902
32.865
36.7223
43.7632
56.3377
79.3914
122.009
199.863
331.31
248.533
247.999
337.245
198.041
118.416
76.1647
54.4242
42.6084
35.9442
32.3751
30.8268
31.026
32.8108
36.6884
43.7379
56.2852
79.1961
121.894
199.59
329.151
247.614
248.549
336.775
199.29
120.095
77.0437
54.7286
42.8328
36.102
32.4801
30.8475
30.8646
32.5888
36.6204
43.6569
56.1679
78.9982
121.613
197.906
330.287
247.921
249.94
336.465
198.961
118.857
77.8357
55.1286
42.7402
35.9573
32.3655
30.8519
30.8911
32.6235
36.5923
43.5873
56.0612
78.8519
120.68
200.716
331.765
248.307
249.921
334.049
200.928
121.346
78.0335
55.0915
42.962
36.1973
32.5542
30.9647
30.9026
32.6275
36.5494
43.282
55.4909
78.0903
122.322
200.727
329.473
248.121
248.509
335.715
200.302
120.909
77.8085
54.5144
42.8363
36.2019
32.5776
30.9607
30.9114
32.7131
36.5924
43.6327
56.1252
79.0732
122.145
200.356
332.065
250.097
250.254
333.858
197.638
119.421
77.1023
54.5618
42.6287
36.0309
32.4231
30.8199
30.9046
32.5605
36.5082
43.5426
56.0007
78.9051
121.696
197.917
330.257
248.697
250.139
336.997
200.167
122.029
78.3455
54.8332
42.8743
36.2129
32.5611
30.8968
31.0363
32.6874
36.287
43.1973
55.7289
77.8969
120.384
201.129
333.403
251.667
249.559
336.687
202.221
122.299
78.3106
55.1187
43.1438
36.4041
32.7031
30.9295
31.0622
32.6169
36.3891
43.4986
55.4441
78.8397
121.758
200.585
333.56
253.251
252.45
336.129
201.947
122.18
78.1386
54.4527
43.1114
36.429
32.7607
31.0034
31.0931
32.7312
36.5077
43.5944
56.1133
78.6619
121.284
197.966
333.869
254.887
251.951
333.082
199.718
122.147
77.9951
54.9984
43.1961
36.4875
32.8052
31.1456
31.1283
32.6086
36.245
43.5297
56.0695
77.5307
119.698
198.777
334.237
255.281
251.832
334.09
202.984
122.298
77.3051
55.4324
43.1903
36.4867
32.8051
31.1703
31.1736
32.8659
36.467
43.356
56.2015
78.3187
120.814
199.077
334.017
255.578
251.449
334.03
203.067
122.107
77.6634
55.4384
42.8851
36.325
32.7043
31.1458
31.0922
32.9007
36.6998
43.7412
56.2494
79.1202
122.013
200.664
331.82
253.083
250.024
335.402
203.01
121.829
77.9972
55.3103
43.2991
36.5992
32.8536
31.1205
31.184
32.8954
36.6438
43.6635
55.8683
78.9288
121.525
200.041
333.716
253.393
252.714
338.315
202.919
120.303
78.6058
55.9292
43.6494
36.7807
32.9957
31.2704
31.2182
32.7391
36.6646
43.6407
55.9744
78.6681
120.962
197.435
333.029
253.705
255.021
338.602
202.354
121.892
78.7454
55.5552
43.5642
36.7426
32.9613
31.1459
31.0904
32.7455
36.4697
43.506
55.2758
78.2386
120.673
198.318
330.917
253.081
256.827
338.754
200.973
120.394
77.975
55.8696
43.4927
36.6776
32.9309
31.2346
31.2107
32.878
36.6587
43.5587
55.5164
77.3641
118.852
198.538
331.573
251.715
256.58
338.615
200.805
122.255
78.832
55.879
43.4881
36.4823
32.7465
31.1631
31.1724
32.8356
36.6155
43.5132
55.8589
78.3502
119.53
200.126
332.049
252.899
255.919
338.345
202.792
122.225
78.5018
55.2924
43.1415
36.5259
32.7928
31.002
30.9774
32.5854
36.3305
43.1111
55.6783
78.126
119.981
199.771
333.114
252.332
257.255
337.961
202.118
121.654
77.412
55.426
43.2611
36.3845
32.7517
31.0106
31.0557
32.6736
36.5427
43.4302
55.1396
77.0401
117.596
198.832
330.556
251.68
256.62
335.412
199.919
121.166
77.9059
55.7834
43.4143
36.3856
32.638
30.9703
30.9587
32.7518
36.5304
43.4723
55.7134
78.3251
119.627
196.924
332.314
250.543
256.011
337.275
202.291
119.678
78.3817
55.777
43.3847
36.3565
32.6905
31.0358
31.1075
32.7561
36.3185
43.3457
55.0185
78.0477
121.352
197.768
330.459
250.748
255.245
336.58
201.945
120.626
78.3268
55.6802
43.3071
36.3626
32.8187
31.168
31.1178
32.7713
36.514
43.4177
55.2622
76.798
121.301
198.19
331.181
250.539
252.446
335.182
201.14
121.65
77.8648
55.2034
43.3398
36.4085
32.8451
31.1919
31.0304
32.6562
36.3496
43.3876
55.7441
77.9199
121.538
200.253
332.305
249.393
251.433
332.804
200.478
121.431
77.5454
55.6229
43.4009
36.53
32.8607
31.2231
31.2332
32.8934
36.5933
43.1121
55.3861
78.8313
121.162
199.662
330.073
249.966
250.582
335.032
198.244
121.122
78.3554
55.6166
43.3564
36.39
32.8269
31.1949
31.1943
32.8514
36.5837
43.344
56.0042
78.7684
119.6
197.806
332.422
249.114
251.475
332.651
200.299
121.036
78.12
55.0951
43.2935
36.5256
32.8071
31.0506
31.0132
32.7817
36.4327
43.4982
55.872
78.7589
121.487
200.284
330.721
250.772
252.745
333.474
199.616
120.459
77.9287
55.4296
43.2131
36.4645
32.7682
31.0922
31.0148
32.7366
36.4969
43.3852
55.143
78.3138
121.061
200.074
333.203
250.33
253.149
334.644
197.055
118.585
76.93
55.253
42.9416
36.3974
32.7284
31.064
31.053
32.5836
36.3449
43.4049
55.1797
77.244
119.117
197.397
332.829
252.13
253.131
334.074
199.409
120.189
77.7105
55.1865
42.9651
36.2641
32.6207
30.9507
30.9756
32.7243
36.4308
43.4508
55.3357
78.0062
120.488
199.261
331.489
250.856
252.914
332.485
196.264
118.168
76.6595
54.5182
43.0429
36.3778
32.6895
30.9748
31.103
32.8366
36.6423
43.4982
55.5969
76.9563
119.84
198.549
332.914
251.063
251.891
331.176
199.429
120.032
77.6243
55.0166
42.9377
36.2277
32.5858
31.0608
30.9912
32.6587
36.5941
43.4242
55.5618
77.5567
117.878
195.394
332.12
250.707
251.852
332.712
198.893
118.242
76.6189
55.1862
43.165
36.4246
32.7271
31.0946
31.1017
32.7266
36.5669
43.348
55.0638
76.7294
118.138
196.361
330.461
249.565
251.199
329.191
198.212
119.471
77.0889
54.8432
42.8812
36.3517
32.6793
31.0611
31.0783
32.7833
36.5299
43.311
55.3328
76.9893
118.166
197.637
332.232
250.759
249.935
331.21
196.33
117.822
77.4175
54.9652
42.95
36.3353
32.5588
31.0319
30.938
32.7094
36.4407
43.1893
54.8812
77.3502
118.796
195.157
331.665
250.176
250.815
332.661
198.167
119.38
77.2938
54.769
42.9203
36.2229
32.6593
31.0446
31.0517
32.5608
36.1906
42.9061
55.1173
76.3935
117.276
196.821
329.815
250.028
250.3
330.895
197.19
117.385
76.1475
54.7041
43.06
36.3179
32.5625
31.0027
31.0245
32.6041
36.264
42.9388
54.7865
77.1945
118.88
196.088
331.067
248.604
251.4
332.143
194.894
117.689
76.2977
54.9293
43.0746
36.2389
32.6209
30.8689
30.9058
32.6557
36.3469
43.0294
54.8017
76.2472
118.295
192.699
330.363
248.562
249.9
331.357
195.162
118.155
76.1424
54.5362
43.0194
36.3454
32.6545
30.9162
30.9197
32.6452
36.3164
42.8279
55.0291
76.7983
118.175
194.478
329.782
248.145
249.82
330.331
195.459
117.632
76.0113
54.8682
43.0358
36.3479
32.6569
30.9936
30.9822
32.6149
36.2959
43.0069
54.8415
75.7707
117.624
195.279
328.982
247.843
248.25
329.16
192.428
115.59
76.086
54.7411
42.9365
36.3034
32.6465
30.9782
30.9475
32.5769
36.2281
42.7104
54.4168
76.2701
117.04
192.85
325.965
248.525
247.529
326.706
193.436
115.696
75.8005
54.5255
42.836
36.1163
32.5902
30.9401
30.8776
32.4969
36.1768
42.825
54.4646
75.2684
115.353
193.908
326.581
247.903
247.808
327.456
190.812
114.687
74.8214
53.9254
42.696
36.1845
32.5719
30.9068
30.6935
32.2769
35.9797
42.7492
54.1182
75.3637
115.43
193.2
326.537
249.792
248.42
324.479
190.422
114.502
74.8505
53.8982
42.459
35.9755
32.3948
30.8203
30.8075
32.4355
36.1586
42.7387
54.4044
75.5243
115.382
190.489
327.332
249.95
248.504
326.267
189.746
114.518
74.9018
53.8085
42.4911
36.0598
32.4857
30.9482
30.9436
32.5576
36.1176
42.6136
53.9071
75.1187
114.796
190.246
326.209
249.611
248.215
325.102
189.73
113.829
74.5418
53.8497
42.5494
36.1366
32.5511
30.9219
30.8123
32.496
36.058
42.5096
53.9141
74.6598
113.907
188.74
322.79
248.881
247.252
321.513
186.261
111.676
73.5037
53.6161
42.3079
36.0703
32.5088
30.8061
30.8687
32.4466
35.9626
42.3761
53.6724
74.1997
113.133
188.177
323.339
247.598
247.405
321.489
187.114
111.869
73.6345
53.3265
42.4171
35.9419
32.3664
30.8563
30.8447
32.3892
35.8507
42.0127
53.0461
73.0747
112.124
187.981
324.051
248.235
245.626
319.951
185.799
110.91
73.2501
53.3592
42.3643
36.0144
32.3856
30.702
30.6548
32.1707
35.623
41.932
52.9029
72.7488
111.037
186.464
323.255
248.132
245.654
318.758
182.725
109.828
72.2752
53.0975
42.2367
35.8527
32.415
30.7263
30.7183
32.2199
35.5753
41.7611
52.5613
72.025
109.334
184.053
321.677
246.716
244.276
317.123
181.143
108.019
71.7929
52.6442
41.979
35.8895
32.3682
30.6443
30.6536
32.155
35.4848
41.5901
52.2461
71.5019
108.205
181.589
318.355
246.567
243.368
315.423
179.46
107.264
71.2817
52.4894
41.8565
35.6674
32.1465
30.5307
30.5479
32.049
35.4282
41.4778
51.9279
70.8525
107.33
180.687
319.172
245.914
242.397
313.574
177.134
106.234
70.7443
52.2384
41.7107
35.5705
32.0582
30.4321
30.4456
31.9209
35.1478
41.1657
51.555
70.1656
105.875
178.028
315.274
243.672
241.489
312.02
174.973
104.324
69.8464
51.7644
41.5049
35.404
31.9111
30.2523
30.1646
31.6397
34.9643
40.9439
51.2295
69.5138
104.456
175.696
313.942
243.141
240.309
309.143
172.772
103.247
69.3741
51.5062
41.3298
35.261
31.7373
30.041
30.0064
31.4981
34.7964
40.7507
50.9366
68.9806
103.372
173.716
311.614
241.756
238.581
307.505
170.687
101.959
68.6323
51.0695
40.9972
35.017
31.54
29.8655
29.7894
31.2722
34.6092
40.5207
50.5713
68.2956
102.066
171.641
309.071
240.034
237.124
305.222
168.415
100.654
67.929
50.6353
40.6816
34.703
31.2614
29.6669
29.6228
31.1275
34.4614
40.3365
50.2707
67.7093
100.816
169.197
305.704
238.583
235.224
302.672
166.222
99.2173
67.1494
50.1424
40.3236
34.4448
31.0535
29.4875
29.4491
30.9509
34.2582
40.058
49.8497
66.9742
99.394
166.89
303.353
236.718
233.776
299.871
163.613
97.6799
66.3102
49.6701
40.0111
34.1987
30.8292
29.2642
29.2361
30.7636
34.0532
39.7601
49.3762
66.1036
97.6661
163.926
299.564
235.755
231.368
296.58
160.729
95.9517
65.3184
49.0709
39.6216
33.8982
30.5759
29.0289
28.9925
30.4878
33.739
39.3783
48.8026
65.1117
95.8839
160.982
296.645
233.487
228.61
292.793
157.203
93.9152
64.266
48.4676
39.2119
33.58
30.293
28.75
28.7046
30.1635
33.3654
38.9149
48.139
64.0106
93.7744
157.147
292.294
230.835
225.871
287.591
153.13
91.6942
63.0636
47.7207
38.694
33.1819
29.9516
28.4344
28.3985
29.8398
32.982
38.4127
47.3932
62.7355
91.381
152.811
287.294
227.477
221.828
281.081
148.35
89.1178
61.684
46.9024
38.1295
32.7394
29.574
28.086
28.0441
29.4466
32.5131
37.8007
46.5142
61.3049
88.6936
147.681
280.252
221.74
216.58
273.987
143.248
86.3833
60.1793
45.939
37.4347
32.1979
29.1178
27.6691
27.6228
28.9789
31.9548
37.0879
45.4993
59.6385
85.6042
141.808
271.324
215.027
210.713
263.949
137.139
83.2108
58.4407
44.8293
36.6304
31.569
28.5909
27.1882
27.1412
28.4493
31.3249
36.2797
44.3716
57.8313
82.2128
135.189
260.371
206.268
203.822
252.995
130.65
79.8866
56.5439
43.5711
35.6936
30.8169
27.9518
26.604
26.5609
27.8218
30.5914
35.3509
43.0698
55.7408
78.4222
127.875
247.724
196.455
197.14
239.772
123.718
76.4014
54.47
42.123
34.5908
29.9263
27.1898
25.9048
25.8656
27.0734
29.7296
34.2913
41.654
53.6087
74.7123
120.655
234.236
187.988
189.124
224.812
116.306
72.7225
52.2017
40.4857
33.3145
28.8842
26.292
25.0796
25.0508
26.2085
28.7531
33.1242
40.1579
51.4526
71.0402
113.431
220.405
182.446
180.106
208.107
108.56
68.8921
49.7616
38.7112
31.9142
27.7144
25.264
24.1219
24.102
25.2073
27.6378
31.8285
38.59
49.351
67.5629
106.485
206.282
178.982
176.163
192.558
101.29
65.2096
47.2784
36.7907
30.3541
26.4007
24.1075
23.0455
23.0362
24.0841
26.387
30.3725
36.8389
47.1634
64.3948
100.142
192.183
177.979
177.914
178.434
94.5128
61.3834
44.537
34.6998
28.6818
24.9949
22.8658
21.8862
21.8868
22.8737
25.0422
28.817
34.997
44.9876
61.5484
94.2865
179.151
183.205
186.891
166.207
88.6607
57.8692
41.922
32.6256
26.9788
23.5516
21.5839
20.6818
20.6863
21.6034
23.6183
27.1482
32.9941
42.5783
58.5617
88.8556
167.222
186.715
193.448
155.92
83.5817
54.6388
39.4086
30.5868
25.3041
22.131
20.3191
19.4934
19.5009
20.3467
22.203
25.475
30.9606
40.1648
55.9616
85.2842
158.642
198.717
209.184
149.089
80.3633
52.0033
37.1289
28.6945
23.7367
20.7961
19.1312
18.3782
18.3875
19.1612
20.8565
23.8542
28.9254
37.6006
52.9823
81.9849
150.714
210.801
223.574
143.682
77.5227
49.4005
34.9413
26.929
22.3045
19.5964
18.0776
17.3956
17.4042
18.1058
19.6495
22.396
27.0691
35.1395
49.67
78.1567
144.28
224.968
242.301
141.007
75.5746
47.1946
32.9943
25.3645
21.0544
18.5696
17.1945
16.5817
16.5874
17.2138
18.6054
21.1161
25.4644
33.1539
47.3807
75.4941
141.176
244.145
266.201
139.428
73.2822
44.8237
31.0879
23.9096
19.9428
17.7001
16.4779
15.9381
15.9404
16.4865
17.7155
19.9699
23.9525
31.1546
44.9217
73.3904
139.711
264.723
289.167
138.868
70.8677
42.4666
29.2481
22.5492
18.9478
16.9641
15.9072
15.4471
15.4475
15.9095
16.9678
18.9552
22.5668
29.2976
42.5984
71.11
139.052
290.025
316.644
138.816
68.6127
40.0247
27.3339
21.1821
18.0058
16.321
15.4531
15.0827
15.0825
15.4527
16.3197
18.0025
21.1757
27.3226
40.012
68.6434
138.935
316.403
345.284
138.621
65.0595
36.8144
25.1004
19.7275
17.0871
15.7539
15.1019
14.8354
14.8354
15.1018
15.7542
17.0877
19.7309
25.1134
36.8577
65.1721
138.815
345.383
372.61
136.103
59.6953
32.8463
22.6171
18.2392
16.227
15.2783
14.8595
14.7112
14.7113
14.8598
15.2784
16.2254
18.2377
22.6175
32.8595
59.7647
136.319
373
403.016
128.591
51.4216
27.8811
19.8759
16.7651
15.4764
14.9585
14.7547
14.6769
14.677
14.7548
14.9588
15.4766
16.7668
19.8754
27.8804
51.4158
128.549
402.801
432.046
107.566
38.6892
21.9452
17.0578
15.4887
14.9809
14.8082
14.7291
14.6996
14.6999
14.7301
14.8105
14.9841
15.4916
17.0612
21.9535
38.7526
107.827
432.742
466.733
57.5092
21.699
16.2943
15.2407
14.9515
14.8453
14.8044
14.7967
14.7964
14.7964
14.7967
14.8049
14.8461
14.9534
15.2451
16.3007
21.6875
57.462
466.55
682.748
921.251
532.533
295.273
170.794
106.443
72.968
54.9283
45.3071
41.0748
41.0628
45.3873
55.0097
73.6611
107.978
173.433
297.365
529.526
922.361
669.201
680.867
903.012
528.565
293.324
169.998
105.327
71.8398
54.0214
44.4471
40.2202
40.2366
44.9946
54.0926
73.2515
107.275
170.333
290.032
514.994
918.178
668.471
678.709
920.857
518.596
286.31
166.999
105.607
72.3416
54.5858
44.9749
40.7924
40.7624
45.2569
54.862
72.3907
105.844
174.015
299.223
530.444
916.203
669.117
676.591
904.906
534.911
293.831
170.678
106.96
72.7181
55.0694
45.3878
41.2943
41.2634
44.758
54.7824
73.2993
107.503
172.899
296.904
517.566
900.305
669.047
677.975
927.55
532.819
285.884
167.563
106.668
71.5419
54.9684
45.2297
41.2255
41.2488
45.345
54.055
72.2296
105.455
169.04
290.763
532.662
913.371
671.189
677.684
922.872
529.62
290.419
170.679
106.714
72.4623
54.9519
44.4126
40.9539
41.1464
45.2765
54.835
73.3375
107.129
172.271
297.66
518.488
891.064
672.024
676.556
903.466
514.574
281.008
169.813
105.279
72.8592
55.0304
44.6123
40.3865
40.9051
44.9869
54.605
73.0241
105.518
170.899
295.921
526.511
915.497
672.067
674.139
917.362
520.712
290.19
168.589
106.975
72.0366
54.9498
44.8492
40.7853
40.7121
44.1398
53.5869
72.7425
107.024
166.789
287.552
529.155
930.357
668.4
673.026
899.465
521.656
296.763
172.236
106.863
72.5593
55.0302
45.5145
41.243
40.2514
44.3076
54.059
71.835
106.927
167.93
293.757
542.013
927.274
667.965
671.839
904.114
532.559
295.931
171.781
105.064
73.1679
54.9193
45.5096
41.2616
40.5887
44.3009
54.5662
73.1886
106.956
167.485
299.19
541.114
923.234
666.131
669.42
908.774
531.237
294.006
170.872
106.123
73.206
54.2284
45.312
41.1781
41.0137
44.4257
54.3998
72.9883
106.679
167.148
297.258
538.539
904.906
665.893
668.122
927.015
527.79
289.452
167.679
106.852
72.695
55.1792
44.9136
41.0531
41.0309
44.8277
53.5773
72.7354
106.561
167.829
294.642
537.458
923.124
663.81
668.015
926.932
513.295
288.354
171.652
106.289
73.7396
55.5936
45.5644
40.5427
40.8466
44.7579
53.9748
72.4113
106.23
169.646
285.72
532.934
903.849
661.431
668.308
925.769
526.795
294.372
171.866
108.153
73.4494
55.4213
45.4591
40.9118
40.6941
44.4891
52.9844
71.9984
105.557
168.983
294.055
531.069
921.07
659.373
670.94
926.012
511.36
291.895
170.824
107.859
74.4221
54.985
44.9039
40.3239
40.4307
44.0473
53.7223
71.0676
103.503
164.524
286.32
525.691
902.047
656.424
670.956
924.463
520.602
286.041
168.029
106.263
74.2965
55.9062
45.9379
41.199
39.9728
44.7337
54.5057
72.0033
105.15
167.551
293.405
515.002
913.33
653.176
670.599
922.898
531.054
291.732
173.128
108.266
74.2397
55.6795
45.8615
41.2326
39.9884
44.2052
54.3431
72.7879
106.454
169.364
292.314
528.542
922.889
654.196
669.118
907.585
516.463
296.439
172.797
106.613
73.0784
54.8764
45.7936
41.3454
40.2555
44.7569
53.594
72.5426
106.136
168.293
284.103
513.815
917.074
655.711
666.284
929.628
532.983
295.497
172.138
107.86
73.8269
55.3776
45.6668
41.348
40.7828
44.79
54.0274
72.2378
105.612
165.333
287.076
522.993
898.151
655.092
671.017
928.456
517.109
286.592
168.785
107.244
72.8365
54.5178
44.9655
41.2843
40.3147
44.9154
54.3289
71.2278
105.454
166.372
289.327
535.362
910.629
657.884
672.977
924.565
528.229
292.881
171.999
106.152
73.5343
55.2361
45.5721
41.3733
41.0748
44.4812
54.1359
72.1709
105.21
166.629
294.473
534.901
923.337
658.069
672.408
907.985
539.031
297.911
171.566
106.359
72.6243
54.3787
45.3898
41.2289
41.0092
44.94
53.4823
71.0268
103.637
164.968
291.907
530.749
905.637
656.736
674.139
932.551
538.239
290.187
167.431
106.601
72.8215
54.7774
45.218
41.0385
40.8563
44.9545
53.6031
71.8647
106.062
166.259
283.494
527.857
925.394
654.766
678.48
926.5
534.522
300.804
170.438
107.959
72.918
55.2526
44.6614
40.7527
40.1036
44.8264
53.7795
72.3893
105.97
169.289
289.266
514.505
920.921
654.51
676.812
905.813
517.667
299.179
171.96
108.005
73.1938
55.2894
45.3522
40.3292
40.2714
44.7955
54.332
71.792
104.643
166.918
296.467
527.531
905.564
655.096
673.324
921.378
537.775
298.971
170.77
107.7
73.7797
54.9681
45.1396
40.6848
40.5663
44.6197
54.2777
72.5638
106.296
171.184
295.688
517.179
928.22
654.92
673.967
931.129
533.781
296.552
166.545
107.32
73.6335
54.7299
44.6791
40.0521
40.3761
44.4004
53.996
72.1857
105.498
169.982
294.188
533.278
924.463
653.349
667.5
925.61
519.283
294.086
167.716
107.215
73.4316
55.2039
45.2209
40.6702
39.8338
43.6117
53.6191
71.486
104.643
168.682
291.513
528.726
921.258
656.614
665.155
908.954
533.631
288.936
168.164
107.196
73.1807
55.0255
45.0617
40.2272
40.297
44.3896
53.6022
72.3306
102.758
164.999
282.755
513.904
914.518
655.865
661.843
915.707
531.4
294.258
171.074
107.11
72.1825
54.7313
44.4975
40.6677
39.7859
43.8953
54.5413
72.5238
103.539
166.692
286.227
523.779
898.557
659.922
660.365
922.405
528.13
292.033
170.481
106.914
72.9508
54.6806
44.8175
40.7155
40.4927
44.677
54.5503
72.6042
104.412
168.119
288.348
531.926
915.759
660.721
658.183
903.789
512.603
283.762
169.602
106.515
72.652
53.8901
45.1973
40.103
39.6752
43.8648
54.3477
72.504
106.076
171.846
294.97
529.217
927.117
663.806
657.765
919.733
521.364
288.586
169.443
106.168
72.2797
54.2426
45.3665
40.4489
40.1542
44.3067
54.2876
72.268
104.176
171.402
293.795
515.655
906.639
661.942
656.862
898.96
527.326
291.902
168.417
105.617
71.1657
54.6012
45.3466
40.5441
40.6098
44.6296
54.0535
72.109
106.255
170.76
292.309
526.536
917.264
658.461
656.752
909.837
524.493
289.541
164.868
104.209
72.1823
54.2462
45.067
40.7638
40.1978
43.8698
53.1149
71.0044
105.776
169.672
286.395
515.128
926.631
656.149
657.777
920.918
512.554
282.206
165.679
105.025
72.8961
55.072
45.3802
41.2301
41.3433
44.8022
54.086
72.4218
105.496
169.124
294.36
530.725
922.917
654.767
658.001
905.289
518.14
286.103
167.054
105.589
72.6445
54.8741
44.9895
40.5563
41.3728
45.5107
54.8413
72.297
103.752
167.868
292.321
526.785
904.132
653.756
657.808
922.381
523.458
289.495
164.542
105.127
72.1471
54.6893
44.6626
40.9052
41.3777
45.595
54.9499
72.3552
105.3
164.132
290.105
524.401
911.957
654.409
656.856
905.459
516.425
287.018
167.621
104.152
72.1424
54.3555
44.9972
41.3395
41.3151
45.5633
54.9264
72.0808
105.373
165.531
283.16
510.638
914.117
654.854
657.046
914.791
511.949
281.827
166.773
104.966
73.2487
55.4406
45.5971
41.2764
41.1949
45.5721
54.9912
71.0673
105.263
167.161
288.228
515.951
929.175
657.868
655.217
907.568
522.816
289.531
166.318
103.647
73.0503
55.3724
45.3955
40.6132
40.8665
45.4012
55.0404
72.5185
105.054
164.109
282.821
519.673
927.557
658.748
653.044
884.448
512.129
287.612
164.163
104.304
72.9902
55.3003
45.5859
41.1881
40.2183
44.7737
54.8813
72.2636
104.879
167.1
289.456
530.503
922.887
658.543
652.575
892.723
524.596
286.502
163.921
105.026
72.2803
55.0358
44.9623
41.1678
40.7414
45.2424
54.8831
71.3776
103.345
163.722
280.852
528.358
909.814
661.494
652.871
894.068
523.236
283.433
164.503
103.978
72.5813
54.948
45.3065
41.005
40.7972
44.6081
54.8173
73.0319
105.693
166.245
282.957
525.519
929.276
660.789
652.852
905.294
521.386
275.019
166.539
104.612
72.9248
54.2825
45.0689
40.7337
40.3656
44.7298
54.199
72.8559
105.331
163.468
283.019
512.033
916.779
660.729
653.637
907.94
519.724
281.878
166.798
105.283
72.8211
54.4304
44.4121
40.3608
39.9865
44.9601
54.6446
72.7513
105.235
166.371
287.666
528.895
933.97
659.635
656.339
888.763
515.873
286.247
166.263
104.005
72.2509
54.7549
44.7592
39.7544
39.9193
44.8436
53.8965
72.3883
103.66
162.503
280.258
525.841
932.257
660.451
655.636
903.101
513.116
284.443
165.539
105.135
72.7145
54.666
44.2679
39.8804
40.0447
44.7985
54.0768
72.2999
104.713
164.499
287.047
522.591
927.013
660.332
656.145
886.323
502.156
282.707
162.622
103.716
71.7578
54.0223
44.7498
40.0158
39.7993
44.6734
54.277
71.962
104.347
165.233
284.739
509.467
907.412
661.041
655.474
888.823
511.304
281.461
164.093
104.187
71.8518
54.0249
44.2334
40.3043
39.9691
44.1278
54.0465
71.6267
102.714
163.966
283.087
511.482
910.053
658.737
655.624
889.983
509.006
279.27
163.044
103.032
71.4508
53.7537
44.1556
39.7761
40.3071
44.4474
53.8399
71.3706
103.144
162.499
276.731
505.95
904.088
654.966
655.063
897.725
505.18
272.342
159.918
102.733
71.2154
53.5087
43.9589
40.0708
40.1347
44.2195
53.5348
70.9657
102.542
161.07
279.386
504.942
907.787
651.117
655.785
880.523
500.931
274.957
160.541
102.599
70.9414
53.2051
43.6545
39.2931
39.7803
43.9074
53.1418
70.4671
101.792
159.289
277.32
502.361
916.12
650.347
655.444
894.782
496.639
268.601
160.475
102.624
70.602
52.7779
43.3842
39.1791
39.4979
43.5944
52.7723
70.0169
101.17
159.808
271.054
499.26
907.215
649.713
655.264
877.433
483.929
271.343
159.647
102.085
70.2989
52.5912
43.1783
39.2467
39.1242
42.7368
52.2603
69.4485
100.014
157.315
270.455
496.577
905.093
648.345
654.295
880.789
491.288
266.295
156.684
100.696
69.8563
52.1106
42.839
38.9246
38.781
42.5064
51.8347
68.4859
99.2866
157.273
270.075
494.452
925.818
647.749
654.499
879.287
479.337
266.363
156.225
100.558
69.7548
51.7921
42.3382
38.0087
37.8199
41.8285
50.9458
68.0352
98.8179
155.884
267.482
492.131
922.609
647.275
650.884
884.835
478.927
264.407
154.913
99.9485
69.3781
51.4898
41.8774
37.5971
37.3431
41.2567
50.3928
67.4179
97.797
152.721
264.514
494.066
917.323
645.249
651.341
879.645
475.5
259.042
153.668
98.9626
68.4516
51.0322
41.3416
36.9841
36.7211
40.6982
49.8799
66.911
96.7439
151.203
261.207
488.731
910.571
640.421
641.345
870.583
476.176
257.694
152.364
98.3126
67.7875
50.4276
40.9542
36.5548
36.1864
40.1529
49.2807
66.2821
96.0957
149.606
254.285
474.047
890.066
630.977
639.695
872.31
470.915
254.558
151.204
97.6464
67.1907
49.5924
40.2969
36.0145
35.7201
39.547
48.7362
65.5509
95.2966
148.296
252.071
474
904.226
622.734
637.849
865.381
463.389
253.168
150.364
96.9664
66.5488
49.0788
39.6085
35.4952
35.2697
39.081
48.1123
64.9589
94.5608
147.179
248.496
471.494
883.956
618.985
636.848
845.827
452.119
248.585
149.176
96.1311
65.8085
48.4909
39.183
35.0891
34.8306
38.5405
47.42
64.2155
93.8268
146.125
245.812
466.088
893.277
616.65
633.294
853.73
451.725
246.628
148.047
95.3788
65.1983
47.9085
38.6409
34.669
34.3338
38.0053
46.8687
63.5011
92.9072
144.655
242.342
451.492
885.696
615.632
627.942
830.917
440.045
243.616
146.838
94.4694
64.4716
47.3418
38.1189
34.0657
33.7827
37.405
46.186
62.7357
92.0483
143.288
239.227
447.62
876.238
603.757
622.443
843.29
438.25
240.874
145.364
93.4943
63.7956
46.7838
37.5297
33.5043
33.2096
36.8501
45.5124
61.877
90.9299
141.722
235.964
439.138
855.406
601.79
620.859
844.621
432.136
237.942
143.908
92.4613
62.9172
46.0961
36.9243
32.8525
32.6618
36.2332
44.7377
60.9178
89.7292
139.863
232.177
433.337
865.087
592.818
619.692
825.312
425.554
234.532
142.073
91.221
62.0301
45.3898
36.3387
32.3264
32.115
35.6491
44.0478
60.0643
88.5539
137.935
228.279
424.157
856.128
594.174
615.275
826.554
418.948
230.944
140.06
89.7811
60.8846
44.512
35.6714
31.7649
31.5806
35.0755
43.3077
59.0208
87.0951
135.949
224.961
416.364
844.231
585.539
608.278
816.781
409.547
226.789
137.711
88.1668
59.7119
43.6328
35.0058
31.2223
31.111
34.6154
42.6371
58.0382
85.7888
134.265
221.857
409.804
831.987
579.95
608.89
792.554
402.424
222.438
135.03
86.2757
58.3198
42.6349
34.3024
30.6955
30.6893
34.4268
41.934
56.982
84.3593
132.227
218.113
400.94
811.015
571.379
599.558
781.312
393.818
217.701
132.216
84.4032
56.9655
41.6635
33.6089
30.1597
30.1936
33.6896
41.2165
55.8708
82.6602
129.94
214.612
394.506
797.93
562.868
598.983
767.943
385.152
212.632
129.145
82.3218
55.5619
40.697
32.879
29.5565
29.6228
32.9859
40.4609
54.7829
81.0082
127.421
210.052
384.673
782.998
556.678
582.497
752.361
374.441
206.979
125.804
80.1266
54.0549
39.6181
32.0993
28.9378
29.0489
32.3713
39.6749
53.5829
79.1915
124.669
205.058
375.599
767.914
555.837
565.031
736.744
363.503
200.595
121.781
77.5103
52.3871
38.5362
31.3157
28.2709
28.3444
31.4972
38.7198
52.2655
77.1686
121.598
199.882
365.857
751.729
545.603
544.238
717.201
350.635
193.913
117.655
74.8321
50.6833
37.4128
30.4894
27.563
27.6551
30.6963
37.6301
50.7809
74.9635
118.147
193.858
355.205
732.831
525.6
531.079
696.208
336.276
186.208
112.892
71.8365
48.8062
36.1605
29.5589
26.7559
26.8199
29.7441
36.4169
49.1256
72.4661
114.077
186.616
342.605
712.469
504.68
510.775
670.035
319.47
177.479
107.508
68.4842
46.7554
34.8501
28.6262
25.9712
26.0178
28.7835
35.1891
47.4042
69.8701
109.971
179.305
329.395
687.346
479.866
487.605
642.146
302.743
168.158
101.59
64.8968
44.6021
33.4807
27.6593
25.1692
25.2093
27.8156
33.8605
45.4715
66.8885
105.375
172.119
315.505
659.884
457.373
467.352
612.796
285.841
158.308
95.456
61.1816
42.3689
32.085
26.6999
24.4024
24.4669
26.9284
32.6107
43.5039
63.69
100.319
164.217
300.032
630.244
443.808
448.638
579.407
269.181
148.314
88.9927
57.2414
40.0299
30.6258
25.6849
23.5694
23.6291
25.9036
31.1617
41.2806
60.124
94.804
157.022
284.103
596.117
429.185
430.122
543.365
251.225
137.765
82.5324
53.4395
37.7331
29.1536
24.6476
22.7237
22.7903
24.8818
29.6987
38.9434
56.1874
88.3785
148.279
266.72
560.391
414.356
405.773
500.841
232.241
127.164
75.8889
49.3953
35.2657
27.5798
23.5404
21.8146
21.8804
23.7705
28.1114
36.4351
51.961
81.0752
136.58
246.574
517.772
397.104
378.399
452.93
210.24
114.775
68.7453
45.2304
32.7591
25.9774
22.4115
20.8885
20.9523
22.6335
26.4822
33.8492
47.5968
73.366
122.074
222.925
469.098
372.658
349.194
404.088
187.909
102.556
61.702
41.1091
30.2388
24.3403
21.2429
19.9228
19.9846
21.4528
24.8
31.1745
43.1039
65.7336
109.514
198.285
419.647
357.589
324.262
353.128
163.827
89.4941
54.6544
37.0743
27.7661
22.728
20.0895
18.969
19.0267
20.2833
23.1453
28.5881
38.7079
57.8694
94.9967
173.174
368.266
357.727
304.25
302.282
140.931
77.6403
48.1317
33.2574
25.4064
21.185
18.9818
18.0484
18.0975
19.1462
21.5316
26.0754
34.54
50.6396
82.2328
148.596
316.028
347.96
300.709
264.547
122.281
67.361
42.3328
29.8355
23.291
19.7906
17.9693
17.1994
17.2382
18.0985
20.0574
23.7905
30.7449
43.9664
70.1664
127.038
274.054
333.489
315.347
230.47
105.379
58.4604
37.2939
26.8583
21.4514
18.5722
17.081
16.4525
16.4795
17.1716
18.758
21.7981
27.4879
38.448
60.5914
108.899
235.988
325.091
332.041
207.955
94.8011
52.1813
33.5397
24.5561
19.967
17.5621
16.3372
15.8268
15.8449
16.3979
17.6796
20.1665
24.857
33.9378
52.5506
94.4302
204.81
321.044
342.504
184.919
84.2125
46.5396
30.2701
22.5662
18.7101
16.7299
15.7413
15.3356
15.3475
15.7838
16.8159
18.8686
22.8305
30.6718
47.1193
84.9311
184.634
340.745
360.01
170.985
78.1919
42.7766
27.8937
21.0751
17.757
16.1042
15.3048
14.9824
14.9886
15.3254
16.1448
17.8318
21.2006
28.0826
42.9873
78.3491
171.71
358.459
372.418
160.298
71.8678
39.0606
25.7192
19.772
16.9663
15.6233
15.002
14.7628
14.7658
15.0157
15.6528
17.0214
19.8709
25.8932
39.3751
72.4046
161.226
372.912
391.224
154.744
68.5112
36.5645
24.071
18.7508
16.365
15.2913
14.8311
14.6746
14.6754
14.8351
15.2969
16.3759
18.7764
24.1298
36.6981
68.804
155.575
394.882
408.098
148.258
63.347
33.2986
22.1939
17.7108
15.8212
15.0369
14.7374
14.6416
14.6418
14.7381
15.0403
15.8277
17.7245
22.2273
33.4008
63.6438
148.306
406.533
425.797
143.937
58.9223
30.3219
20.5055
16.8255
15.4025
14.8695
14.6981
14.6372
14.6376
14.6993
14.8721
15.3965
16.8085
20.4664
30.2164
58.6281
143.435
425.595
436.74
134.389
51.6385
26.3953
18.5861
15.9476
15.0505
14.7836
14.6932
14.667
14.6672
14.6934
14.7846
15.0564
15.9624
18.6328
26.5136
51.9994
135.186
436.779
450.355
121.667
43.0626
22.3781
16.882
15.3166
14.8813
14.7591
14.7216
14.7143
14.7147
14.7224
14.7624
14.8869
15.3217
16.8483
22.2743
42.7715
121.14
451.076
461.928
95.4415
31.1511
17.9485
15.4489
14.9149
14.8064
14.7705
14.7668
14.7675
14.7676
14.7674
14.7722
14.8095
14.9207
15.4698
18.0024
31.2668
95.8156
460.697
470.987
47.6786
18.26
15.5519
14.9881
14.8525
14.8214
14.825
14.827
14.8274
14.8273
14.8267
14.8249
14.8219
14.8545
14.9961
15.5876
18.3563
47.6692
471.643
1222.61
1448.47
881.003
504.009
296.458
181.047
115.144
77.5631
57.6123
48.7224
48.3715
55.7512
74.1762
109.585
173.453
283.545
485.273
857.733
1472.51
1184.33
1230.01
1416.46
878.458
501.112
294.938
180.032
114.475
76.9358
57.0711
47.2582
47.0328
54.5241
73.4917
108.928
173.041
281.816
473.895
832.844
1463.26
1188.33
1222.82
1444.62
879.773
497.887
290.376
178.893
113.911
76.4009
56.7807
48.5226
48.21
54.5555
72.0911
108.283
172.64
277.814
487.006
846.877
1455.65
1180.34
1224.41
1469.8
879.123
486.223
293.993
176.333
111.962
74.4317
55.1409
48.2273
48.1389
54.952
73.4873
106.36
172.844
284.071
479.238
857.046
1422.82
1180.3
1229.99
1469.27
877.545
493.519
291.441
178.067
113.456
74.9715
55.5467
47.8564
47.8026
55.6363
73.2059
106.996
171.948
279.627
497.262
840.122
1449
1186.69
1233.01
1463.92
873.775
499.42
295.193
179.894
113.086
75.4477
55.2368
46.7919
46.598
55.3803
72.0281
107.974
172.239
284.761
497.361
863.557
1475.77
1179.41
1245.83
1458.72
869.727
488.643
290.412
177.348
111.855
76.9051
56.2072
48.4551
47.7881
55.2662
73.3138
106.151
169.298
278.051
495.987
836.909
1456.76
1171.7
1246.42
1432.81
864.366
498.96
294.829
179.854
114.451
76.9435
57.3783
48.287
46.5941
54.9387
72.1325
108.133
171.196
283.748
496.254
858.956
1492.1
1170.16
1236.63
1464.92
846.79
486.686
289.295
176.864
113.954
76.5054
57.3225
48.1357
47.568
54.1056
72.7406
106.321
168.029
276.515
495.361
879.383
1487.17
1169.85
1219.09
1459.44
873.45
495.15
290.829
177.672
113.839
75.0716
56.9899
46.804
46.7112
55.6347
73.7644
107.228
169.084
278.012
492.152
876.79
1482.82
1168.92
1215.11
1428.32
868.253
501.316
290.558
177.395
113.468
77.0546
57.1286
48.3385
48.4589
56.0035
72.7701
108.161
168.915
276.372
488.836
871.988
1476.31
1169.46
1212.45
1452.32
864.522
498.896
289.468
178.531
111.95
76.6516
56.0258
47.2771
48.2271
55.2328
74.4683
107.041
168.644
275.911
476.199
866.586
1469.25
1168.67
1209.82
1443.52
843.19
489.176
290.722
178.095
114.061
76.5753
57.9077
49.3157
48.2703
55.9623
74.191
109.26
169.989
278.944
487.52
860.798
1457.78
1168.29
1217.98
1430.73
861.153
502.424
294.201
175.587
113.656
74.9148
57.9312
49.2473
47.4904
54.5981
72.4739
107.914
169.793
283.769
484.413
854.17
1431.72
1167.02
1214.01
1396.66
854.678
500.977
293.157
176.389
113.719
76.4022
58.0879
49.3701
47.2349
55.6723
73.5468
110.334
168.657
283.166
473.934
847.105
1452.83
1167.45
1221.83
1424.37
847.165
498.966
288.452
176.739
113.465
74.9742
58.1457
49.4192
47.9017
56.8436
74.1317
110.732
169.998
282.762
486.158
826.788
1440.34
1168.63
1224.35
1439.52
822.303
497.516
293.806
179.262
113.43
77.294
58.2338
49.5201
49.0124
57.0338
75.6883
110.813
168.424
281.222
485.532
847.09
1408.77
1172.39
1227.47
1413.62
843.116
496.848
292.746
178.818
111.412
76.9198
58.0487
49.2634
48.7669
56.7129
75.5773
110.842
169.765
275.533
475.467
827.456
1439.77
1173.96
1229.24
1432.67
855.887
495.185
287.548
178.115
113.399
76.7954
57.9806
48.9516
47.4604
56.3127
75.124
110.621
167.195
280.55
490.823
846.815
1460.06
1177.7
1224.13
1446.45
834.975
491.756
291.67
177.738
112.739
75.0513
57.7081
48.6222
48.1838
55.8699
74.376
110.6
171.072
274.219
490.295
865.746
1432.49
1177.33
1231.03
1438.83
848.878
483.993
289.967
174.763
113.651
76.786
57.8385
47.4615
47.0623
54.5913
73.4648
110.414
174.592
281.533
487.171
865.157
1460.38
1181.78
1219.43
1408.97
861.688
496.034
286.178
175.925
113.581
75.6019
57.7894
49.1036
48.656
55.8888
74.371
108.667
174.26
285.21
475.595
860.402
1451.82
1189.36
1220.21
1418.49
858.215
491.616
288.26
177.178
113.642
77.7984
57.7792
48.8003
48.3476
54.4162
73.2703
109.063
173.797
282.011
489.692
856.95
1420.86
1177.06
1220.62
1420.8
838.624
478.819
291.133
176.426
113.03
77.577
57.4042
47.7131
48.1626
55.1355
75.2753
108.866
171.902
287.371
487.222
853.409
1454.61
1188.62
1226.22
1424.89
857.498
481.725
291.116
173.297
111.319
77.4758
56.4589
49.2358
47.2024
55.2647
75.2966
109.471
173.886
286.55
475.068
831.305
1449.59
1190.26
1232.19
1454.78
853.403
478.323
290.711
176.798
113.678
77.5874
58.0199
49.2812
47.5198
56.4066
75.4122
110.828
175.968
283.868
488.482
869.029
1421.94
1192.41
1234.59
1451.58
843.514
477.816
290.388
179.34
112.356
77.3542
57.6542
49.1653
47.4858
56.2575
75.0825
109.047
176.062
289.63
498.653
868.17
1471.15
1197.29
1232.3
1445.2
815.906
479.702
289.426
179.081
113.971
77.0674
56.3332
48.2674
47.9522
55.9633
74.9096
111.488
175.472
288.053
497.05
862.826
1467.54
1201.5
1226.1
1442.49
843.664
488.777
286.249
178.596
113.611
76.8101
57.7476
49.8598
49.3318
55.0275
73.2834
110.933
174.694
282.195
494.746
842.101
1437.67
1212.78
1229.96
1433.89
857.17
480.537
290.516
177.985
112.99
75.5545
57.4224
49.8914
49.5833
56.925
74.3564
110.621
172.775
286.511
494.433
865.567
1474.6
1211.14
1214.27
1403.08
851.869
488.569
287.006
175.531
111.519
76.6859
56.0845
49.6989
49.4509
56.7442
74.9681
109.152
173.759
281.257
490.665
859.847
1469.17
1213.9
1215.01
1432.02
832.883
483.658
288.171
177.145
113.883
76.5964
57.2177
49.8081
49.4364
55.7696
73.9669
110.736
171.769
285.072
480.956
838.659
1455.34
1228.26
1214.68
1401.89
836.25
473.134
285.691
178.327
113.513
75.6641
55.7162
49.5657
49.3606
58.0593
76.2277
110.738
171.852
280.557
490.695
854.708
1438.39
1216.91
1223.34
1410.27
836.519
483.123
286.913
178.118
112.17
74.9077
57.6301
49.5067
48.3283
58.1069
76.0016
110.178
171.162
281.5
488.261
836.275
1441.56
1218.43
1222.35
1408.3
847.482
490.225
286.55
176.48
114.366
75.7953
57.5071
48.7684
50.4553
58.4022
75.8057
108.805
171.165
282.021
485.415
854.437
1448.98
1232.09
1222.09
1426.17
866.831
482.088
287.098
178.121
113.675
77.1014
56.8815
50.5068
50.5917
58.2833
74.5312
110.476
171.58
285.347
481.355
832.907
1462.34
1221.64
1227.96
1456.79
867.023
491.518
290.147
176.367
115.638
76.295
58.964
50.7074
50.6131
58.259
75.5266
109.125
172.573
284.679
471.562
835.005
1434.43
1223.25
1220.41
1456.41
863.01
481.653
288.087
178.938
115.869
78.4832
58.8827
50.3734
50.2843
58.0167
76.5567
110.474
174.916
284.421
476.908
832.318
1466.17
1227.79
1222.45
1451.96
858.577
491.712
283.773
177.624
115.35
78.0085
58.4891
50.0081
49.8498
57.6999
76.3596
111.842
174.643
283.474
467.265
835.312
1452.96
1237.38
1223.38
1446.83
836.594
482.119
287.154
181.001
115.985
76.5888
58.1071
48.5322
48.4566
56.2606
75.8536
111.397
173.967
282.821
475.612
848.579
1457.7
1195.88
1227.42
1423.11
850.774
490.817
291.106
180.71
115.666
78.248
57.0673
49.0795
49.5789
57.0289
74.4064
109.417
173.182
281.76
462.284
842.842
1451.43
1175.42
1228.25
1454.5
862.47
498.539
295.86
178.789
113.886
76.9699
57.5377
49.2314
49.4348
56.1621
74.7219
110.193
171.035
281.178
467.806
836.808
1442.7
1184.93
1229.08
1450.45
856.383
496.34
294.474
180.973
115.358
78.1049
58.3103
50.1906
48.6283
57.3323
75.047
110.86
172.732
280.411
473.401
818.346
1433.31
1172.86
1236.38
1442.49
835.289
492.829
292.875
180.409
113.676
76.6505
56.9295
50.1687
49.7022
56.9791
75.417
109.452
170.606
280.076
466.026
841.995
1402.23
1176.7
1218.56
1435.02
839.317
491.026
291.212
178.059
115.165
78.272
58.7037
50.0824
49.5325
55.7735
74.1031
110.811
172.468
279.219
475.247
838.144
1436.03
1183.76
1220.61
1407.41
834.361
482.963
286.601
178.98
113.585
76.6751
58.3009
49.7755
49.2416
56.0046
75.021
109.493
170.101
274.249
471.048
830.912
1405.82
1177.08
1224.61
1426.68
841.45
489.299
287.227
178.372
114.481
77.7599
58.0687
49.3191
48.9055
55.5839
73.6002
110.027
170.772
277.237
467.462
813.22
1444.46
1184.88
1231
1443.58
852.519
487.384
285.997
176.11
113.9
77.2562
57.4552
47.7856
47.5407
55.3997
73.9551
108.745
170.758
272.929
458.069
826.345
1436.77
1182.08
1231.83
1435.57
846.773
477.549
285.936
176.006
113.299
76.6069
57.0203
47.817
47.6239
55.4836
74.6232
110.066
169.308
273.755
461.585
818.933
1428.78
1174.09
1231.53
1404.91
840.052
481.072
282.44
175.76
112.653
75.9126
55.4546
47.2376
47.2658
55.9799
73.3096
109.727
170.479
273.37
464.72
797.796
1400.85
1174.07
1224.54
1413.31
834.957
477.604
283.478
174.789
110.637
74.0805
55.7947
46.9109
46.8993
55.6939
74.29
109.149
169.615
274.244
463.242
813.05
1424.12
1172.98
1229.23
1412.07
817.694
467.806
279.232
173.666
110.251
73.9634
55.3662
46.4615
46.3836
55.0356
73.5307
108.402
168.554
272.539
459.148
792.243
1416.65
1172.81
1211.45
1426.28
824.707
469.78
279.223
172.853
109.175
72.9256
53.8278
45.8458
45.7963
54.4098
72.7902
107.519
167.269
268.111
456.322
805.504
1387.3
1174.85
1210.74
1400.34
816.726
465.546
277.208
170.605
108.334
72.6607
53.8244
45.8273
45.1821
52.7991
71.8249
106.674
166.401
267.49
446.602
786.813
1407.46
1173.6
1211.77
1425.26
797.374
460.524
273.061
169.348
106.654
71.7343
52.9972
45.2082
44.6214
52.371
71.0009
104.729
164.098
265.898
445.789
786.651
1381.51
1178.84
1181.23
1397.85
804.634
453.234
271.211
167.286
105.213
69.5507
50.8543
44.3565
44.3065
51.4876
70.0633
103.788
162.59
262.168
441.371
783.551
1407.07
1179.93
1178.78
1399.52
796.884
449.298
269.167
165.9
103.766
68.7292
50.536
43.7004
43.6024
50.4981
69.1812
102.514
161.491
260.637
439.744
785.435
1396.63
1174.31
1175.9
1386.55
776.088
441.129
266.349
163.531
101.709
67.0324
49.2884
42.0225
41.8538
49.3036
67.317
101.029
160.006
258.325
434.865
776.512
1386.66
1160.56
1165.3
1380.13
768.58
437.793
264.473
162.206
100.427
65.6538
48.4045
41.2796
41.0923
48.344
66.0597
99.9269
158.618
256.381
428.267
769.655
1357.91
1164.7
1137.17
1379
756.062
432.371
261.273
159.854
98.429
64.258
47.3699
40.2995
40.3334
47.4521
65.0621
98.4385
156.783
254.424
423.051
752.534
1375.74
1144.31
1131.77
1366.32
747.016
426.909
258.356
157.657
96.7622
63.0496
46.4204
39.2892
39.3453
46.3101
63.7168
97.0146
155.419
252.543
419.741
754.686
1367.79
1145.74
1125.01
1332.16
733.569
421.672
255.175
155.22
94.9645
61.6004
45.4435
38.5242
38.5054
45.5384
62.5061
95.5378
153.733
250.603
415.524
733.89
1337.1
1147.68
1119.97
1331.16
722.94
415.802
251.175
152.312
93
60.419
44.2194
37.4293
37.425
44.5268
61.5124
94.4338
152.497
248.478
412.012
737.461
1350.46
1149.13
1117.93
1299.52
714.335
411.133
247.935
149.719
91.1852
59.106
43.2451
36.732
36.7614
43.6547
60.3308
92.9849
150.661
246.201
407.605
727.494
1339.65
1152.91
1111.45
1291.03
704.546
405.036
243.857
146.831
89.3359
57.8841
42.2834
35.8233
35.8596
42.7569
59.3968
92.0726
149.277
243.96
402.332
704.576
1304.62
1158.07
1105.01
1273.69
694.399
398.912
239.744
144.02
87.477
56.5448
41.1242
34.8614
34.9805
41.7995
58.335
90.9795
147.148
241.227
399.048
699.129
1299.05
1148.54
1090.01
1258.48
682.163
391.762
235.224
140.897
85.5233
55.2424
39.8632
33.7069
33.9832
40.7551
57.0746
89.065
144.75
238.03
394.277
687.358
1279.43
1127.28
1077.79
1241.13
668.595
383.459
230.072
137.824
83.5303
53.8075
38.8061
32.8289
33.0548
39.6264
55.6051
86.7642
141.77
234.337
389.382
678.654
1263.21
1109.21
1056.45
1221.54
655.244
375.69
225.264
134.689
81.3285
52.1389
37.5927
31.7553
32.0293
38.4515
53.9675
84.4119
138.659
230.153
383.149
668.215
1242.28
1111.29
1036.74
1201.49
641.217
367.189
219.97
131.359
79.0376
50.4448
36.4219
30.9027
31.1169
37.2168
52.0378
81.3669
134.836
225.306
376.466
657.228
1227.24
1097.62
1015.05
1182.63
624.502
357.239
214.309
127.798
76.5992
48.8002
35.2609
29.9447
30.1847
36.0062
50.219
78.7449
130.982
220.066
368.726
645.592
1213.83
1078.49
983.171
1161.59
608.503
347.422
208.203
123.723
73.9774
47.1034
34.1886
29.1188
29.2819
34.7798
48.3254
75.8475
126.789
213.891
359.377
630.111
1192.55
1049.89
977.222
1136.94
591.969
337.247
201.561
119.173
71.1086
45.4819
33.1589
28.3003
28.4423
33.6624
46.5713
72.8676
122.035
207.053
349.394
614.729
1173.73
1049.29
957.201
1111.15
575.746
327.046
194.407
114.212
68.0326
43.6643
32.0914
27.5295
27.6232
32.5028
44.6725
69.8071
117.308
199.709
338.026
595.857
1146.74
1018.33
940.338
1084.67
559.437
317.091
187.202
109.192
64.9614
41.9976
31.0915
26.7565
26.7916
31.3121
42.6895
66.4233
111.674
191.308
325.599
575.974
1117.68
1015.43
904.573
1051.21
539.466
304.699
178.599
103.584
61.6357
40.1796
30.0307
25.9849
26.0127
30.203
40.7423
62.8646
105.678
181.959
311.299
551.75
1082.47
990.848
854.169
1016.66
518.139
292.732
169.81
97.7085
58.2755
38.378
28.9547
25.192
25.2162
29.1001
38.8483
59.3386
99.4151
172.261
296.976
528.722
1047.86
928.429
845.178
974.809
491.891
277.703
159.54
91.4382
54.8493
36.5459
27.871
24.4071
24.4331
27.9988
36.9295
55.7384
92.8702
161.631
281.272
504.424
1012.67
910.384
818.851
928.711
464.87
261.115
148.461
84.7226
51.2191
34.591
26.7294
23.5945
23.6429
26.9175
35.066
52.2352
86.3679
150.576
264.717
478.592
971.933
907.108
798.739
880.839
436.982
242.676
137.003
78.252
47.7372
32.6855
25.5911
22.7738
22.8373
25.8085
33.1776
48.686
79.7202
139.011
245.746
446.365
916.233
905.101
779.634
830.18
407.726
223.695
124.959
71.3418
44.088
30.7417
24.4325
21.9177
21.9817
24.6335
31.1781
44.9371
72.6752
126.146
224.182
411.181
854.472
841.428
753.782
774.18
375.984
204.364
113.207
64.7988
40.5315
28.7768
23.234
21.0233
21.0879
23.4376
29.193
41.2132
65.5192
113.168
202.497
374.973
785.444
766.828
714.983
717.432
342.772
182.178
100.224
57.8279
36.8912
26.7971
22.0288
20.1201
20.1697
22.2035
27.1591
37.4989
58.547
100.153
179.749
337.39
716.873
692.629
672.2
649.399
304.133
159.829
87.3315
50.8602
33.2555
24.8317
20.8402
19.2407
19.2924
21.0037
25.1476
33.7588
51.424
86.8515
156.081
297.274
643.125
649.22
669.194
583.526
264.892
136.544
74.5118
44.2067
29.8225
22.9506
19.6929
18.3891
18.4378
19.8479
23.2476
30.2672
44.6028
73.9934
133.201
255.898
564.562
602.379
620.877
504.219
223.84
113.383
61.89
37.7581
26.5263
21.1715
18.6278
17.6095
17.653
18.7738
21.4773
27.0556
38.4686
62.1067
110.818
215.156
484.536
551.809
624.218
432.381
185.719
92.8218
51.2771
32.4389
23.757
19.6295
17.6779
16.9057
16.9472
17.8173
19.9145
24.2439
33.0907
51.6104
91.044
179.007
411.727
494.785
570.407
353.086
148.627
73.5413
41.6335
27.6777
21.2994
18.2609
16.8286
16.2692
16.308
16.9615
18.5419
21.8331
28.5965
42.8949
74.3502
147.195
345.753
487.855
540.332
288.38
119.492
59.4983
34.9748
24.341
19.4924
17.2099
16.1575
15.7577
15.789
16.2638
17.4248
19.8893
25.0483
36.1735
61.0366
120.513
286.472
487.197
472.595
226.092
94.4296
47.7575
29.2964
21.5023
17.9764
16.3332
15.5913
15.3171
15.3401
15.674
16.5086
18.3192
22.1549
30.5647
50.2158
98.9701
234.917
495.104
404.968
188.017
80.0236
41.3202
26.2871
19.9157
17.0509
15.7602
15.2075
15.0135
15.0267
15.2545
15.8534
17.2189
20.2061
26.8154
42.2532
81.2892
190.27
422.23
405.234
166.647
70.1093
36.4402
23.729
18.5047
16.2666
15.3039
14.9131
14.7812
14.7862
14.934
15.3519
16.3711
18.7193
24.1219
37.1468
71.4885
168.807
414.028
412.014
156.364
65.8166
34.1344
22.4403
17.7648
15.833
15.048
14.7587
14.6727
14.674
14.7644
15.058
15.8435
17.768
22.4199
34.0803
65.5054
155.707
410.382
431.309
148.027
61.0772
31.3357
20.8523
16.9132
15.4171
14.8793
14.7028
14.6491
14.6493
14.7045
14.8852
15.4352
16.9655
20.975
31.6183
61.7226
148.875
427.865
440.86
141.125
56.6563
28.6942
19.4818
16.27
15.1555
14.7976
14.6899
14.6536
14.6538
14.6905
14.7999
15.1496
16.2478
19.4321
28.62
56.7211
142.168
443.281
449.708
134.067
51.4364
25.849
18.137
15.7062
14.9604
14.7609
14.6987
14.6858
14.6861
14.6987
14.7619
14.9685
15.7419
18.2177
25.9966
51.7323
134.695
450.309
458.43
124.489
45.0173
22.8109
16.8868
15.2674
14.8626
14.7538
14.7293
14.7261
14.7264
14.7291
14.7547
14.8627
15.246
16.8301
22.7047
44.9261
124.454
457.693
463.332
108.952
36.4219
19.4314
15.7175
14.9529
14.7992
14.7627
14.7582
14.758
14.7583
14.7583
14.764
14.7993
14.9655
15.7519
19.4638
36.5862
109.529
464.117
469.034
83.8485
26.3503
16.6748
15.1642
14.8694
14.8026
14.7959
14.7963
14.7965
14.7964
14.7963
14.7955
14.8007
14.874
15.1794
16.7806
26.5899
83.9468
468.247
473.401
41.8544
17.5235
15.0101
14.8136
14.8271
14.8332
14.8364
14.8369
14.837
14.837
14.8365
14.8347
14.8253
14.79
14.7165
14.7204
16.6197
41.9816
474.162
672.774
933.309
535.724
297.358
171.199
106.804
73.2088
55.0477
45.3053
41.0789
41.0943
44.8898
53.9815
72.3462
106.237
171.55
301.684
544.074
939.38
664.676
670.311
930.288
532.245
295.804
170.602
106.461
72.9644
54.4123
44.5512
40.8092
40.9992
44.7085
52.994
71.304
104.228
169.081
299.463
540.557
935.284
664.084
668.441
926.642
527.403
293.569
170.151
105.221
72.2364
55.2447
45.2613
40.4232
41.0445
44.6923
53.8127
72.5239
105.182
167.234
297.207
537.318
932.278
664.511
666.302
908.83
511.518
286.598
169.376
107.991
73.7745
55.4139
45.0973
41.284
41.0968
44.9653
52.9291
72.5821
106.055
166.925
289.82
524.073
915.143
663.292
667.28
923.463
522.687
294.814
167.537
107.995
73.6236
55.3586
45.5412
41.3004
40.9916
45.0218
53.988
72.4839
105.035
167.466
297.063
535.701
923.054
661.627
665.659
918.826
531.628
294.141
171.266
108.347
72.9326
54.788
45.6874
41.3311
40.8976
44.9306
54.8148
72.0465
107.106
168.907
290.349
523.991
931.241
660.724
663.34
900.889
529.067
286.348
168.099
108.26
74.4878
55.8681
45.665
41.2519
40.6535
44.1637
54.7866
72.8622
106.336
172.382
301.84
542.796
929.152
656.046
663.987
914.056
525.893
292.357
171.936
108.398
74.6079
55.8402
45.5566
41.2328
40.1622
44.8559
54.7529
71.979
107.901
168.912
300.273
540.312
924.324
657.251
665.606
899.584
511.224
298.088
175.36
107.368
74.46
55.7484
44.8883
41.1983
40.8177
44.5469
55.1085
73.363
108.97
173.674
298.471
537.862
907.305
652.322
666.177
917.559
523.915
298.402
175.65
109.182
74.5495
55.7996
45.7572
41.171
40.2823
45.2495
55.2374
74.0511
108.647
172.629
295.567
535.326
922.885
653.363
666.717
903.771
508.333
297.098
175.283
108.94
74.3223
55.1408
45.6116
41.136
40.4317
45.1306
54.9989
73.6324
108.143
169.23
290.131
531.364
906.982
653.521
667.363
923.604
517.444
297.036
175.283
107.715
73.6386
55.9095
45.5525
40.9835
40.2203
45.0234
54.8563
72.6058
107.124
174.012
292.93
521.123
920.946
657.896
668.556
921.446
526.043
295.798
175.15
109.454
75.1271
56.0703
44.8384
40.4584
40.4087
44.9213
54.7874
73.0006
108.122
173.705
301.567
531.473
936.457
662.395
665.824
915.833
512.967
288.98
174.651
109.146
74.988
56.0503
45.3035
41.2047
41.0305
44.4614
54.2377
73.1251
106.392
170.164
299.764
515.307
936.387
664.65
665.032
912.629
526.262
299.534
174.834
107.666
74.8052
56.0019
45.7745
41.2274
41.1287
45.4871
55.4694
74.0417
107.78
172.209
299.398
532.021
934.434
664.786
667.398
892.577
512.181
298.706
174.53
108.944
74.4815
55.3851
45.5181
40.9894
40.9096
45.3488
55.3627
73.6684
109.019
174.346
292.185
539.983
931.756
666.21
668.365
902.917
517.356
299.28
172.01
110.177
75.1996
56.1016
45.3364
40.3598
40.2392
45.1459
55.2952
73.9507
108.464
174.247
295.427
527.991
915.755
666.654
671.567
913.083
517.623
299.174
175.794
110.244
75.013
56.0356
45.8519
41.2176
40.9851
44.5267
54.5593
72.782
107.358
173.639
300.021
537.762
934.155
667.8
675.161
904.228
521.853
298.973
175.213
109.75
73.9025
55.202
45.1908
40.5782
40.5328
44.8785
55.3397
73.1671
107.883
169.762
292.549
529.579
931.833
667.835
680.277
927.935
531.983
297.593
174.317
108.385
74.0841
55.802
45.8668
41.2364
41.0505
45.277
55.4272
73.2263
108.325
173.479
300.979
538.382
927.436
665.412
681.913
916.214
519.662
295.007
171.294
109.705
74.1725
55.2631
45.7284
41.1475
40.8902
44.6458
55.3516
73.6244
106.537
169.094
292.791
533.134
922.238
664.92
682.84
939.873
533.587
288.527
174.227
108.929
74.5805
56.1708
45.6126
40.9071
40.2808
45.1664
55.3273
73.0007
107.205
171.019
299.304
527.148
906.185
665.734
686.128
939.637
520.713
290.778
172.649
109.902
75.2466
56.1692
45.0651
40.3766
40.4873
44.5386
55.1559
73.9805
107.259
171.167
297.634
511.657
918.792
665.174
688.475
938.413
528.053
295.03
174.945
109.629
75.0164
56.1739
46.052
41.2692
40.9656
44.5527
54.4743
73.2406
108.023
174.079
296.83
521.512
933.702
666.207
687.591
934.418
535.214
286.557
173.503
107.68
74.5134
55.9093
45.9833
41.1395
40.9467
44.6435
54.9776
73.9856
109.347
175.029
290.356
517.486
932.345
664.688
685.669
928.701
523.926
296.193
171.853
108.368
73.817
55.2106
45.9469
40.5689
40.807
44.9612
54.7636
73.609
108.981
175.142
300.531
528.898
930.821
661.904
684.545
918.558
535.36
301.482
173.862
109.118
74.7228
55.9464
46.0242
41.4316
40.4292
44.3117
53.8537
72.6989
108.398
174.023
298.311
509.618
929.226
664.057
682.73
913.403
521.811
299.166
170.365
108.422
73.6435
55.0998
45.8533
41.5035
41.1871
45.0053
54.6641
73.2068
107.871
172.992
297.464
528.913
926.744
660.475
680.575
912.043
526.407
298.037
172.553
107.16
74.0705
55.395
45.6553
41.3169
41.021
44.2352
53.8584
72.0747
107.232
171.649
289.681
540.125
912.421
660.761
679.013
910.84
531.364
292.31
168.997
107.36
73.3807
54.5286
44.9903
41.1585
41.0165
44.7062
54.7427
72.902
106.629
171.004
291.845
538.248
933.871
660.686
677.277
909.707
528.245
298.167
170.795
108.07
74.3729
55.2507
45.5665
40.9927
40.88
45.0869
54.5973
72.4736
104.545
167.77
291.771
535.117
922.543
664.315
675.338
912.141
515.201
296.903
172.288
107.636
74.1623
55.5481
45.0478
40.3607
40.6844
44.9922
54.435
72.2484
104.925
170.153
295.506
527.209
944.876
664.743
673.699
920.748
520.848
295.856
171.359
105.707
73.8694
54.9765
45.4904
40.7884
40.0622
44.7386
54.1226
71.7668
104.134
168.856
293.827
523.362
944.926
667.927
673.809
916.371
526.143
294.534
170.098
105.621
73.7413
55.5636
45.4661
40.2709
40.4029
44.2504
53.3655
71.3463
103.612
167.15
287.268
526.337
943.958
668.992
671.808
898.588
512.959
292.11
168.81
105.253
73.5874
55.5
45.4157
40.6639
40.0468
44.6385
53.8274
70.3395
102.926
163.882
292.67
534.108
940.993
666.05
671.752
911.669
527.06
290.695
164.91
105.252
73.3841
55.3582
45.2492
40.348
40.6569
44.2277
53.2482
70.4437
102.639
165.34
290.235
530.324
937.43
662.045
671.079
905.75
514.783
283.19
166.382
103.763
73.1794
55.2664
44.7548
40.3896
40.368
44.6039
53.4188
70.4282
101.856
161.08
282.663
524.633
932.991
661.561
671.077
885.827
529.885
292.824
163.61
104.586
73.0253
55.1603
45.5365
41.303
41.1857
44.3505
53.5185
70.9122
101.576
161.585
288.288
511.83
915.604
654.325
670.22
903.78
529.913
291.405
166.201
105.355
72.8211
54.8989
44.8603
41.1769
41.3204
45.1847
53.9904
70.5427
101.315
161.697
287.673
522.657
925.403
651.294
674.425
907.101
526.296
288.877
161.399
103.353
71.6376
54.0931
45.2304
40.8766
41.2078
45.113
53.5415
71.5835
102.058
159.81
285.818
509.945
930.491
649.514
673.621
887.488
521.678
281.45
165.357
104.866
72.0126
54.3184
45.1589
40.4166
41.0869
45.125
54.3085
71.6452
102.12
161.365
285.248
517.421
926.666
647.801
672.509
910.054
511.103
287.426
168.428
105.938
71.9655
54.1638
44.704
40.574
41.0046
44.9361
53.6828
71.4708
103.637
164.211
283.458
524.739
909.69
646.325
671.377
906.104
512.997
281.12
167.543
105.659
72.2106
54.214
45.2092
41.0375
40.9691
44.5594
54.3875
70.643
103.113
163.176
276.828
523.959
914.105
645.783
670.345
889.468
508.249
284.987
167.176
105.138
72.8627
54.3673
45.1161
40.917
40.8925
45.0671
54.4894
71.825
102.881
162.277
285.681
521.965
914.004
644.878
670.014
905.512
508.332
278.941
165.96
103.366
72.6734
54.6958
44.4731
40.5912
40.1998
44.4107
53.7776
71.5784
102.122
157.786
284.044
519.315
922.036
644.249
667.702
887.373
504.397
283.35
165.383
104.657
72.514
54.5556
44.8928
40.1744
40.6611
44.7995
54.2553
71.4499
101.021
161.433
282.247
515.839
915.979
641.519
665.114
895.527
503.758
277.257
162.026
102.957
71.5844
53.6972
44.3687
40.7668
40.5936
44.1271
53.5794
70.8121
102.404
162.74
279.816
511.618
910.171
641.034
664.759
902.523
505.894
278.102
162.897
103.61
72.2415
54.1224
45.0467
40.6679
40.3833
44.172
53.9297
71.3531
102.77
159.721
274.819
505.749
890.868
641.155
663.974
898.19
512.372
278.224
163.544
104.128
72.1189
54.4098
44.8448
40.4577
39.7357
43.8085
53.1577
71.026
101.653
160.265
271.95
493.324
905.01
641.611
664.112
878.703
508.188
280.802
161.008
103.593
71.844
54.1809
44.0488
39.7778
40.094
43.8094
53.0841
70.3067
101.681
160.754
272.412
503.37
887.382
642.136
659.431
895.831
503.765
278.628
162.898
103.148
70.8671
53.4725
44.1053
39.8258
39.6
43.9691
52.9864
70.4483
101.007
159.892
273.121
499.269
897.641
643.705
658.183
880.416
498.017
271.477
161.662
101.767
71.1355
53.7216
44.2056
39.9273
39.8062
43.799
53.0467
70.1358
100.396
156.747
269.776
485.547
875.693
645.554
655.485
898.507
484.572
271.679
160.94
102.434
70.4734
53.0259
43.5596
39.3063
39.546
43.4494
52.7195
69.6585
99.7815
156.812
264.778
494.896
901.226
646.423
653.248
884.975
491.5
270.996
158.406
101.004
70.5995
53.3246
43.8595
39.5688
39.324
43.0769
51.8594
69.18
98.9928
154.41
264.211
500.637
916.608
647.933
650.817
902.004
497.245
271.805
158.509
100.626
69.6463
52.4217
43.4612
39.2205
38.9987
42.5448
51.457
68.2712
98.497
154.324
262.996
487.628
910.615
648.031
647.763
899.305
482.804
268.759
157.062
99.7907
69.3302
52.29
43.1605
38.8563
38.1771
41.8126
50.9558
67.6231
97.5351
152.668
260.814
491.951
906.363
649.525
644.936
896.84
489.778
263.257
154.45
99.265
68.7418
51.946
42.7203
38.0416
37.9153
41.5331
50.4402
67.1629
96.722
151.668
259.556
486.591
887.657
649.35
641.362
893.482
476.182
262.939
153.804
98.3819
68.4174
51.3264
42.3668
38.0785
37.6011
41.1423
49.9373
66.6275
96.0091
149.202
252.012
474.36
889.435
646.11
639.428
888.704
475.008
257.629
152.881
97.8203
67.7041
50.6849
41.4578
37.6536
37.1554
40.7064
49.4857
66.0759
95.2504
148.281
251.184
472.138
882.965
638.004
636.199
884.187
469.891
258.133
151.386
97.0418
66.8372
49.9058
40.8195
36.7908
36.5965
40.2189
48.9257
65.4946
94.5406
146.945
248.108
466.972
882.902
634.878
635.009
879.779
465.039
252.637
150.085
96.3104
66.2474
49.3191
40.293
36.394
36.0153
39.7213
48.49
64.8275
93.681
145.506
245.777
466.389
888.258
624.306
633.051
874.32
459.063
249.095
148.803
95.5049
65.3359
48.4963
39.6372
35.7591
35.582
39.2719
48.1226
64.4145
93.0205
144.314
242.922
459.529
879.926
620.905
624.785
867.55
454.944
246.404
147.546
94.6848
64.7531
47.8633
38.9984
35.0776
35.0989
38.9019
47.713
63.8201
92.2573
143.065
239.701
452.432
858.122
606.842
625.265
861.047
442.329
242.668
145.93
93.7911
63.941
47.1401
38.2694
34.4751
34.4913
38.3709
47.2351
63.3248
91.4399
141.697
237.318
446.584
860.631
602.751
620.531
840.59
437.063
240.03
144.738
92.9622
63.2692
46.4955
37.6632
33.7808
33.8191
37.7805
46.5686
62.5976
90.4993
140.144
233.771
437.836
861.773
598.211
619.269
842.722
432.608
237.37
143.173
91.8558
62.3678
45.7119
36.93
33.1734
33.2777
37.1893
45.8384
61.7057
89.5074
138.73
231.011
427.323
854.463
596.875
620.936
844.391
426.864
234.31
141.659
90.7358
61.5035
45.0094
36.2951
32.5764
32.6679
36.5461
45.097
60.8909
88.4452
137.099
227.85
420.841
834.308
594.611
610.43
835.589
421.309
231.442
139.815
89.4112
60.5103
44.2228
35.6493
31.9831
32.068
35.8696
44.3861
60.0079
87.4039
135.399
224.758
414.946
838.667
593.69
598.932
824.265
413.921
227.602
137.594
87.881
59.414
43.4166
34.976
31.3702
31.4208
35.112
43.527
59.0617
86.2208
133.719
221.667
408.892
830.645
587.348
584.485
812.96
407.553
223.996
135.478
86.3815
58.3554
42.6979
34.4292
30.8556
30.8716
34.465
42.6826
57.9595
84.8983
132.052
218.705
401.325
821.195
580.133
582.522
796.466
397.917
219.654
132.948
84.6881
57.2188
41.8991
33.79
30.2755
30.2535
33.7271
41.75
56.8089
83.4822
130.27
215.719
395.125
812.57
578.637
579.975
775.49
389.421
214.676
130.015
82.8084
55.9949
41.0875
33.2142
29.7639
29.6913
33.0147
40.7974
55.5246
81.9052
128.267
212.257
387.854
789.361
577.852
576.069
756.414
379.088
209.035
126.891
80.8417
54.6984
40.216
32.551
29.178
29.0889
32.3081
39.9012
54.3658
80.3654
126.152
208.774
381.073
787.739
563.731
551.428
743.916
369.227
203.303
123.511
78.6487
53.3101
39.2971
31.8703
28.5755
28.4576
31.5545
38.9426
53.1012
78.6569
123.718
204.695
372.906
775.721
550.217
530.913
728.623
358.727
197.129
120.005
76.4854
51.8776
38.298
31.1108
27.9334
27.8194
30.7998
37.9149
51.6245
76.5561
120.838
200.335
364.196
747.414
546.027
523.46
712.342
348.048
190.749
116.136
74.0778
50.359
37.2526
30.3165
27.2683
27.1732
30.0575
36.9218
50.1772
74.4293
117.75
195.485
355.279
736.864
534.512
509.421
692.651
336.662
185.061
112.411
71.5695
48.6892
36.1138
29.4908
26.5867
26.4981
29.2519
35.8105
48.5298
72.024
114.262
190.152
345.76
714.703
523.42
497.521
671.118
324.443
179.205
108.403
68.8675
46.9436
34.9491
28.6428
25.8904
25.8197
28.4502
34.7046
46.8456
69.4036
110.44
184.546
335.019
691.262
514.745
486.905
645.653
310.864
172.203
103.542
65.7356
44.9765
33.6813
27.7504
25.1598
25.1021
27.5992
33.5164
44.9827
66.3986
105.866
177.536
322.202
671.54
502.069
473.633
617.656
295.198
163.873
98.0253
62.3178
42.8903
32.3264
26.7858
24.3796
24.3473
26.7008
32.2502
43.0039
63.1029
100.372
168.911
307.004
644.294
487.433
459.242
583.496
276.878
153.314
91.6995
58.5124
40.5902
30.8749
25.7744
23.5667
23.5558
25.7513
30.8982
40.871
59.5908
94.5005
159.281
289.653
611.891
475.747
438.093
543.593
258.146
142.013
84.8824
54.522
38.1985
29.3457
24.7095
22.7124
22.7214
24.7423
29.4464
38.5343
55.6311
87.7905
148.171
269.154
570.134
446.815
411.116
503.11
238.214
131.083
78.1362
50.4183
35.671
27.7359
23.5899
21.8129
21.8417
23.6815
27.9294
36.0834
51.3817
80.3216
135.526
246.798
520.851
383.322
375.754
457.194
215.601
117.79
70.4996
46.0439
33.0825
26.0915
22.4382
20.8769
20.9143
22.5537
26.313
33.4862
46.9276
72.5084
121.935
222.795
471.889
357.456
362.232
415.2
194.041
105.623
63.4253
41.8701
30.5052
24.4203
21.2618
19.9224
19.9716
21.4133
24.6925
30.8993
42.424
64.3763
107.527
197.385
420.859
350.256
360.09
368.649
169.975
92.0759
55.8306
37.5121
27.8993
22.7643
20.0981
18.9703
19.0235
20.2667
23.0844
28.4031
38.216
56.8344
93.8127
171.762
365.57
345.182
342.886
321.811
148.422
80.4667
49.2077
33.6109
25.5109
21.2151
18.9911
18.0543
18.1062
19.1567
21.537
26.045
34.3765
50.2096
81.9836
150.193
319.841
345.091
321.426
276.135
126.02
68.6256
42.6557
29.8837
23.2936
19.7859
17.967
17.2028
17.2488
18.1166
20.0839
23.8301
30.8183
44.1558
71.0083
129.62
277.605
327.971
325.688
239.366
108.254
59.2685
37.5342
26.9318
21.4653
18.5697
17.0784
16.4557
16.491
17.1934
18.7945
21.8597
27.5911
38.6064
61.0194
110.737
240.249
323.591
320.436
203.819
93.4354
51.7052
33.3064
24.4367
19.9113
17.5375
16.3283
15.8278
15.8538
16.4146
17.7078
20.2231
25.0018
34.3443
53.5395
96.5269
210.26
323.256
338.487
185.028
84.6498
46.5394
30.2191
22.5439
18.7013
16.7254
15.7398
15.3378
15.3538
15.7933
16.8257
18.8713
22.8131
30.6291
47.114
85.3137
186.692
343.222
350.289
169.133
77.066
42.3253
27.7304
21.0184
17.736
16.0956
15.302
14.9841
14.9939
15.3351
16.1605
17.8567
21.2405
28.1478
43.1066
78.4597
171.438
360.387
375.247
161.755
72.6812
39.3325
25.8109
19.8066
16.9794
15.6281
15.0033
14.7632
14.7661
15.0156
15.652
17.0199
19.8702
25.8961
39.3569
72.2548
160.524
372.036
392.228
153.72
68.024
36.4164
24.0249
18.7349
16.3581
15.2885
14.8309
14.6746
14.6754
14.8353
15.2967
16.3741
18.7712
24.1196
36.6966
68.7931
154.883
391.016
407.265
149.05
63.7897
33.4411
22.2388
17.7272
15.8276
15.0396
14.7375
14.6416
14.6416
14.7378
15.0401
15.8286
17.7274
22.2259
33.3753
63.5691
148.848
408.192
426.037
143.357
58.6721
30.2566
20.4886
16.8224
15.4013
14.8691
14.6982
14.6373
14.6375
14.699
14.8716
15.3993
16.822
20.5032
30.3416
59.0266
144.025
425.635
436.564
134.641
51.7157
26.4079
18.5851
15.9495
15.0515
14.7837
14.6933
14.667
14.6671
14.6931
14.7837
15.0514
15.9484
18.5754
26.3686
51.602
134.485
436.925
450.882
121.6
43.0801
22.4009
16.8949
15.3158
14.8813
14.7591
14.7216
14.7143
14.7147
14.7224
14.762
14.8854
15.3219
16.9016
22.4189
43.141
121.809
450.849
461.796
95.4469
31.1445
17.9382
15.4465
14.915
14.8062
14.7705
14.7667
14.7675
14.7676
14.7673
14.772
14.8084
14.9165
15.4481
17.9385
31.1371
95.4792
461.96
471.05
47.6833
18.2376
15.5429
14.9863
14.8522
14.8213
14.825
14.827
14.8274
14.8273
14.8267
14.8249
14.8216
14.8529
14.9881
15.5499
18.2582
47.6884
471.014
254.476
337.097
200.465
120.14
77.7275
55.1493
42.9237
36.2204
32.5997
31.0236
31.1269
32.9441
36.9078
44.0163
56.5172
79.0609
121.639
199.618
328.547
255.896
253.809
335.909
198.947
119.674
77.5735
55.0135
42.5897
36.0182
32.3933
30.8106
30.8839
32.6955
36.7978
43.9232
56.3977
78.1501
121.458
200.087
326.731
255.285
253.829
337.885
200.585
118.261
77.2917
54.876
42.6808
36.0878
32.4979
30.9151
30.9862
32.761
36.628
43.8427
56.4454
78.8778
120.276
200.733
328.688
255.188
253.448
335.889
198.956
120.056
77.119
54.3851
42.7434
36.206
32.6243
31.0339
31.0972
32.8803
36.7479
43.5488
56.0134
79.398
122.432
201.164
329.799
257.144
253.019
337
200.103
118.774
76.0167
54.5245
42.5535
36.1343
32.6301
31.0151
31.0862
32.8798
36.7834
43.7932
56.2871
78.53
122.287
201.011
331.302
258.34
250.921
334.151
197.772
120.257
76.7578
54.9257
42.8654
36.1894
32.6375
30.877
31.0361
32.8343
36.6229
43.642
55.9804
78.8732
121.962
200.232
328.984
258.514
251.42
334.756
198.686
120.225
77.54
54.8485
43.0572
36.3747
32.7037
31.006
30.945
32.7584
36.9005
44.0644
56.7094
79.3762
120.848
197.921
329.778
258.261
251.194
334.846
198.786
118.903
77.4273
54.7563
43.0496
36.381
32.7165
30.958
31.1458
32.9689
36.9532
44.0714
56.6762
79.2555
120.512
198.623
330.262
258.198
251.587
336.272
200.537
120.561
77.4248
54.7147
43.0354
36.3739
32.7367
31.1368
31.1399
32.8014
36.9012
43.9865
56.6141
78.5385
120.393
198.673
331.991
256.777
252.228
335.584
197.527
119.995
76.4001
54.8793
43.0134
36.3549
32.677
31.1297
31.058
32.8792
36.8788
43.7138
56.6071
79.1685
120.213
198.317
329.967
257.184
251.82
334.841
199.851
118.723
77.3009
54.5433
42.9284
36.224
32.7391
31.1608
31.2214
33.003
36.9212
44.0124
56.5234
79.0464
120.424
199.35
332.734
255.819
250.828
332.357
197.188
119.861
76.8203
54.6352
42.8069
36.3116
32.7207
31.1089
31.0532
32.8059
36.8108
43.9004
56.3335
78.1575
120.797
200.767
332.518
255.861
252.383
335.338
199.286
118.767
77.8956
55.0329
43.0343
36.3064
32.6848
31.0869
31.1711
32.8971
36.5823
43.795
56.294
78.6812
122.036
200.361
332.122
256.056
251.061
334.914
196.209
121.107
78.1148
54.493
42.9494
36.119
32.5174
31.0595
31.1461
32.8659
36.573
43.4639
55.7434
78.0039
121.672
198.094
329.579
255.891
254.57
334.017
199.541
121.186
78.1039
54.9462
42.9785
36.2193
32.562
30.9272
30.9664
32.6865
36.6553
43.6876
56.2252
78.4707
121.457
199.981
330.177
255.021
255.867
336.585
202.136
121.035
77.9117
55.2279
42.9587
36.0683
32.6537
31.0279
31.0732
32.7553
36.6349
43.3467
55.9348
79.1602
119.75
199.534
330.084
255.734
253.861
333.566
201.413
119.094
76.8926
54.756
42.6898
36.1698
32.6872
31.1402
31.1947
32.8483
36.5685
43.6953
56.6074
79.241
121.403
197.902
331.183
255.771
254.923
334.662
201.371
121.109
78.0914
55.3319
42.9559
36.3662
32.7285
31.1595
31.2096
32.7432
36.8092
43.9463
56.5085
78.0875
119.689
199.809
333.02
255.875
254.554
334.773
200.757
120.737
77.9507
55.3024
43.1959
36.3968
32.7003
31.0815
31.2634
32.875
36.7788
43.6542
56.4863
78.5137
120.199
197.201
332.81
255.566
252.046
336.623
198.465
119.902
77.6207
55.1302
43.215
36.3714
32.5719
31.2071
31.3146
32.9357
36.7029
43.8472
56.3061
78.9443
120.988
199.653
332.546
255.304
252.94
336.835
201.463
118.214
76.6463
54.4109
43.1421
36.4704
32.7405
31.2617
31.3698
33.0954
36.9594
44.1185
56.865
79.9563
122.347
197.211
330.521
254.131
253.797
336.302
199.719
120.157
78.0538
55.0691
43.2269
36.495
32.8536
31.2694
31.3394
33.0468
36.7211
43.9764
56.6723
79.8753
122.556
199.028
332.958
254.341
253.105
334.176
202.384
122.473
77.346
55.3816
43.2311
36.4688
32.81
31.2287
31.3044
33.0297
36.7125
43.5872
55.9702
79.5663
122.302
200.599
333.071
254.715
252.854
336.983
201.94
122.408
78.1791
55.1106
42.9819
36.3934
32.644
31.1773
31.2746
33.0102
36.7783
43.7418
56.0604
79.2043
121.793
200.015
332.694
253.299
254.615
335.985
199.099
122.282
78.7665
55.592
43.2464
36.4107
32.6645
31.0361
31.1068
32.8809
36.9106
43.9139
55.9455
78.1612
119.884
196.958
332.366
255.288
255.724
333.066
200.936
122.212
78.6404
55.4805
43.1574
36.2381
32.7047
31.0688
31.1843
33.035
36.9192
43.9431
56.1348
78.9942
121.433
198.615
331.843
255.115
255.702
336.7
203.377
122.063
78.3483
54.8836
42.8545
36.2913
32.6966
31.0567
31.225
33.0027
36.8449
43.7227
56.2861
79.7843
122.661
200.018
329.334
254.915
255.345
338.684
203.23
120.35
77.478
55.1256
43.0882
36.1899
32.5552
31.0136
31.1831
32.9617
36.8188
43.974
56.6374
79.6709
122.259
197.787
330.467
254.684
254.2
338.245
202.806
122.167
78.6781
55.5451
43.1249
36.3302
32.5971
31.0037
31.0245
32.8796
36.5196
43.871
56.4907
79.2928
121.007
200.956
331.787
254.122
255.279
337.595
202.025
121.767
78.5498
55.3879
42.9549
36.15
32.5475
31.0554
31.0568
32.909
36.6462
43.631
55.9007
78.3561
122.198
200.635
331.395
253.92
254.651
334.71
198.782
119.833
78.3007
54.8493
42.7405
36.2514
32.6201
31.0554
31.0717
32.9147
36.8931
43.984
56.3047
78.523
121.628
200.155
329.404
253.966
254.345
335.359
199.676
121.559
78.5202
55.3116
43.0322
36.2732
32.4881
30.9465
31.1484
32.7562
36.8845
44.0025
56.0141
78.3505
119.751
198.243
330.599
255.582
251.769
334.149
199.71
121.337
78.3766
54.8016
42.7045
36.2337
32.6239
31.1083
31.2037
32.9077
36.888
44.0764
56.7572
79.0284
120.831
200.624
332.284
255.914
252.76
334.207
201.167
120.128
78.3129
55.288
42.985
36.2314
32.6036
31.0471
31.1453
32.9184
36.8331
44.0196
56.7964
79.8379
121.764
200.039
330.601
256.055
252.513
334.905
199.389
121.589
78.2203
54.7325
42.6246
35.964
32.3683
30.8239
30.9103
32.6442
36.4749
43.6184
56.7139
79.7055
119.916
197.851
332.605
255.269
252.253
337.014
202.387
121.423
77.9247
54.8987
42.7819
36.0743
32.4241
30.8574
30.9494
32.6846
36.5535
43.8495
56.663
79.8028
122.451
200.638
331.949
253.305
252.539
336.832
201.509
119.46
76.7249
55.1028
42.9726
36.1959
32.4362
30.8221
30.9713
32.7001
36.5949
43.7823
56.5208
79.6753
122.551
198.439
331.504
254.652
251.64
336.605
199.184
119.838
77.0381
55.0931
42.9801
36.2181
32.5321
30.8338
30.8466
32.5778
36.5953
43.6638
56.322
79.3929
122.375
201.787
334.292
254.983
252.876
334.683
200.671
120.134
77.077
55.1083
42.9658
36.2054
32.5396
30.9167
30.998
32.6373
36.5487
43.4332
56.1159
79.0683
121.854
201.061
334.209
254.945
254.128
337.071
202.484
121.164
77.5771
55.0333
42.939
36.1933
32.5174
30.8001
31.0033
32.7212
36.3902
43.4913
55.5168
77.9651
119.933
198.792
334.123
255.158
253.143
334.201
201.986
120.567
76.4847
54.4242
42.842
36.1822
32.5335
30.9552
31.0065
32.7192
36.521
43.4637
55.9492
78.8816
121.266
200.485
333.915
255.062
252.309
334.753
201.501
118.771
77.3953
55.0149
42.8789
36.1726
32.4059
30.9256
30.9836
32.6775
36.4181
43.0436
55.3015
78.6112
119.322
199.544
333.209
254.434
251.828
335.255
201.112
119.195
77.2279
54.8952
42.635
36.1521
32.5138
30.9112
30.9255
32.5848
36.202
43.2904
55.7581
78.5903
120.993
196.906
330.428
254.077
250.621
332.335
200.377
119.504
76.4575
54.4183
42.8471
36.1861
32.5111
30.8922
30.8735
32.402
36.1132
42.8437
54.9771
78.2541
120.773
197.411
332.116
252.148
252.21
334.344
198.185
120.628
77.4346
54.9457
42.8556
36.1337
32.3571
30.8238
30.7236
32.3719
36.0929
42.882
54.9825
77.833
120.413
197.157
330.037
252.638
251.164
335.294
200.324
120.371
76.2658
54.3015
42.5084
35.9853
32.3906
30.7483
30.7202
32.3533
36.1283
42.953
54.7114
76.6672
119.94
198.317
330.113
252.1
252.671
332.504
197.572
118.783
76.4294
54.5508
42.7446
36.1947
32.539
30.8657
30.7586
32.3265
36.0213
42.8771
54.8013
77.3869
118.283
196.064
329.609
250.365
252.287
333.218
199.624
120.664
76.9245
54.7996
42.9797
36.2563
32.5705
30.8801
30.7059
32.3441
36.0968
42.5777
54.8648
76.6368
119.96
198.998
329.897
250.98
252.052
333.119
197.17
120.518
77.8319
55.3123
43.0199
36.2509
32.5726
30.8843
30.7394
32.4334
36.1397
42.7448
54.5069
77.0714
119.206
198.452
329.653
250.209
250.093
334.664
200.307
120.502
77.7956
55.2957
43.0475
36.2527
32.5887
30.8823
30.8002
32.3298
36.1082
42.4746
54.9011
76.0859
117.408
197.751
330.413
250.586
251.832
334.206
199.609
120.064
77.4891
55.1998
42.9701
36.0737
32.5667
30.8456
30.7141
32.5355
36.2015
42.6969
54.9058
76.7615
117.487
196.853
327.931
249.256
249.659
333.559
198.703
119.388
77.2172
55.1309
42.7973
36.1614
32.5984
30.779
30.8212
32.5736
36.2184
42.881
54.7551
75.8156
116.743
196.115
329.912
249.774
252.106
332.958
195.814
117.442
76.1666
55.0575
43.0887
36.3738
32.674
30.9348
30.891
32.6055
36.2051
42.6173
54.3614
76.4463
116.445
193.148
327.307
250.337
251.366
332.239
197.693
118.669
77.053
55.1703
43.1242
36.405
32.7067
31.0474
30.9986
32.6063
36.2059
42.8393
54.6565
76.2318
116.823
193.648
329.662
249.674
250.858
331.47
196.963
116.837
76.8139
55.1074
43.0896
36.4044
32.6092
30.9258
30.8407
32.5513
36.1613
42.7747
54.4728
75.7482
114.598
193.02
327.46
251.045
249.97
330.317
196.159
117.534
76.6462
55.037
42.9022
36.4253
32.7775
31.0889
30.9267
32.4416
35.957
42.6616
53.9112
74.8549
115.76
194.951
329.795
248.776
248.883
329.246
195.157
115.802
76.3859
55.0112
43.1686
36.4434
32.7936
31.1173
31.0517
32.6173
36.1455
42.7326
54.1735
74.8385
116.37
194.169
329.357
249.705
250.16
325.903
194.078
115.851
76.1676
54.9072
43.1293
36.2904
32.7687
31.1071
31.0621
32.6073
35.987
42.6907
53.8362
74.8575
114.586
190.978
328.372
249.313
248.422
326.228
193.317
116.233
75.9671
54.7858
43.0793
36.463
32.7755
31.0866
31.0499
32.6128
36.1969
42.7781
54.3262
75.3257
115.258
191.02
327.647
247.597
249.928
325.594
192.069
115.47
74.8839
54.2148
42.7344
36.3909
32.7631
31.0669
31.022
32.4626
36.0119
42.7047
54.1735
74.3378
113.575
190.447
326.682
247.987
249.607
326.119
188.958
113.512
74.8874
54.4588
42.8345
36.2895
32.7232
30.9103
31.0085
32.6247
36.1984
42.697
54.1645
74.9649
114.63
191.143
325.809
247.365
249.13
325.408
190.449
113.832
75.1257
54.4168
42.9407
36.4279
32.7697
30.9708
30.911
32.6143
36.1406
42.5713
53.6603
73.922
112.667
190.055
323.064
245.781
248.54
322.56
189.285
113.864
74.889
54.2338
42.7143
36.2784
32.7573
31.0811
31.0272
32.602
36.033
42.3751
53.8146
73.8847
112.458
189.037
323.039
246.421
247.042
323.184
188.096
113.131
74.4605
53.8041
42.9047
36.4162
32.7645
31.0707
31.0044
32.5649
36.1251
42.5356
53.7089
73.5267
111.718
187.883
322.157
245.25
247.522
321.973
186.648
111.237
74.0422
53.912
42.8629
36.2137
32.5684
30.9842
30.8009
32.3022
35.8542
42.3696
53.3158
73.3731
110.984
186.557
321.192
245.977
246.455
318.263
183.48
110.495
73.3252
53.8943
42.8187
36.225
32.6195
30.957
30.8628
32.3263
35.8527
42.277
53.1849
72.9889
110.181
185.326
320.371
246.585
245.69
318.245
182.366
109.481
72.9044
53.5007
42.5602
36.2187
32.4219
30.7843
30.6982
32.3486
35.8271
41.975
52.9074
72.5217
109.533
182.286
319.137
245.024
245.236
315.143
180.107
108.433
72.3609
53.3221
42.5174
36.0969
32.4862
30.9726
30.8486
32.2058
35.7437
41.8414
52.6511
72.0445
108.711
181.438
319.044
244.877
244.453
314.425
178.697
107.357
71.7344
53.0073
42.4083
36.1716
32.4999
30.9256
30.8378
32.3044
35.6693
41.647
52.2487
71.0492
106.819
179.58
317.537
244.206
243.706
312.669
177.006
106.158
71.2449
52.7779
42.2592
36.0691
32.5173
30.7099
30.5648
32.014
35.3618
41.3829
51.8256
70.4118
105.842
178.459
315.964
244.249
242.794
311.007
175.036
105.108
70.6323
52.463
42.0632
35.9143
32.3006
30.6343
30.5341
31.9819
35.3345
41.226
51.5186
69.8094
104.478
175.15
314.041
243.568
242.329
309.565
173.293
103.847
69.9136
52.0303
41.7725
35.6388
32.1854
30.5677
30.4832
31.8804
35.2188
41.0291
51.1183
69.0344
103.129
172.936
310.068
242.26
240.162
307.49
170.929
102.388
69.2419
51.6439
41.5006
35.4116
31.9134
30.4096
30.3496
31.7403
35.0708
40.7925
50.7905
68.4836
101.961
170.903
308.066
241.427
239.148
304.989
168.394
100.954
68.3748
51.0964
41.1015
35.116
31.6626
30.0561
29.9934
31.4802
34.7589
40.536
50.3634
67.6766
100.448
168.242
304.528
240.522
236.266
302.105
165.453
99.0601
67.4252
50.581
40.7644
34.8223
31.3819
29.7553
29.7004
31.1975
34.4968
40.2499
49.9545
66.9115
98.8597
165.487
301.644
238.854
231.811
298.401
162.304
97.2846
66.4379
49.9884
40.369
34.5256
31.1017
29.4998
29.4717
30.9633
34.2147
39.917
49.4333
66.0034
97.1886
162.535
298.788
236.452
227.489
295.099
158.679
95.0459
65.2664
49.3267
39.9401
34.1959
30.8138
29.2133
29.165
30.6457
33.8896
39.5037
48.8443
65.0035
95.2512
159.326
295.277
234.072
224.456
290.367
154.734
92.846
64.0421
48.5482
39.3863
33.7656
30.4412
28.8643
28.7963
30.2482
33.4552
38.9879
48.1567
63.8588
93.0409
155.261
290.485
229.467
218.104
284.585
150.138
90.3501
62.6754
47.699
38.7702
33.2712
30.0314
28.5068
28.459
29.8807
33.0029
38.4224
47.355
62.5074
90.4721
150.589
284.623
224.198
211.471
276.828
144.88
87.6224
61.1659
46.7139
38.034
32.6818
29.5392
28.0626
28.0183
29.4105
32.478
37.7555
46.3928
60.8736
87.3258
144.884
276.63
217.392
203.759
267.551
139.01
84.6289
59.4647
45.6026
37.2203
32.0357
28.9918
27.5657
27.5265
28.8743
31.8323
36.9365
45.2614
59.0266
83.8808
138.588
267.099
208.972
198.172
256.608
132.283
81.1031
57.5403
44.3353
36.2605
31.2608
28.3273
26.951
26.9105
28.2061
31.0617
35.9803
43.9721
57.0394
80.2545
131.681
255.568
199.788
190.936
243.415
125.626
77.6511
55.4665
42.8641
35.1223
30.3227
27.5106
26.1927
26.1564
27.4043
30.1554
34.9016
42.5973
55.0555
76.7665
124.796
242.649
191.081
184.633
229.024
118.477
73.9021
53.1437
41.1968
33.8274
29.2501
26.5687
25.3152
25.2833
26.4761
29.1115
33.6715
41.077
53.04
73.5884
118.063
227.576
183.661
177.348
213.3
111.034
70.2244
50.7198
39.3719
32.3552
28.0158
25.4905
24.3121
24.2849
25.4129
27.9108
32.2535
39.3496
50.8168
70.2152
110.989
210.523
175.708
175.322
198.975
104.351
66.6338
48.2253
37.3897
30.7267
26.6512
24.291
23.1932
23.1739
24.2356
26.584
30.6788
37.4144
48.3611
66.6854
103.601
193.945
172.075
178.968
183.138
97.6843
63.1925
45.573
35.2485
28.9831
25.1817
22.9965
21.9893
21.9789
22.9692
25.1539
28.9718
35.2908
45.7024
63.3696
97.228
179.291
176.897
182.684
169.162
91.6051
59.5694
42.727
32.9863
27.1628
23.666
21.6677
20.7526
20.7523
21.6704
23.6853
27.2118
33.0811
42.8456
59.5394
90.6827
167.107
183.48
194.193
157.876
85.7881
55.7697
39.868
30.782
25.4012
22.1931
20.3682
19.5376
19.5432
20.3875
22.2401
25.4966
30.9311
40.008
55.6851
85.6094
158.807
198.632
205.351
149.813
81.5853
52.3544
37.2319
28.7384
23.7703
20.8282
19.1616
18.4066
18.4148
19.189
20.886
23.8845
28.9407
37.5536
52.7186
81.3921
150.228
209.723
221.288
144.871
77.9875
49.5518
34.9964
26.961
22.3281
19.6164
18.0949
17.4109
17.4176
18.117
19.6572
22.3964
27.0607
35.127
49.6582
77.9653
144.288
224.8
241.862
141.286
75.641
47.1615
32.9759
25.3625
21.0593
18.5779
17.2031
16.5898
16.5945
17.2197
18.6096
21.1177
25.4593
33.1266
47.3183
75.5381
141.226
244.331
264.203
139.575
72.9502
44.721
31.0837
23.9235
19.9549
17.7086
16.4839
15.9426
15.944
16.4895
17.7179
19.9724
23.9575
31.1702
44.9475
73.3447
139.776
265.384
289.57
139.06
71.3412
42.6986
29.3282
22.5739
18.9559
16.9675
15.9091
15.4483
15.4483
15.9098
16.9672
18.9528
22.5611
29.2874
42.5848
71.1021
139.01
289.752
316.565
138.939
68.4558
39.9256
27.2964
21.1697
18.0021
16.3202
15.4532
15.0832
15.0832
15.4534
16.3205
18.0034
21.1769
27.3241
40.0211
68.6864
139.006
316.913
346.282
138.891
65.259
36.9149
25.1431
19.7457
17.0952
15.7575
15.1032
14.8359
14.8358
15.1025
15.7553
17.0892
19.733
25.1142
36.8482
65.1299
138.797
344.582
372.733
136.196
59.7124
32.8398
22.6115
18.2365
16.226
15.2783
14.86
14.7116
14.7115
14.8601
15.2788
16.2265
18.2405
22.6254
32.8858
59.8584
136.602
374.179
402.635
128.58
51.4345
27.8869
19.8792
16.7674
15.4783
14.9591
14.7549
14.677
14.6771
14.7549
14.9588
15.4763
16.7651
19.8707
27.8668
51.3717
128.374
401.949
433.221
108.029
38.7943
21.9577
17.0592
15.4887
14.9805
14.808
14.7291
14.6996
14.6999
14.7301
14.8106
14.9843
15.4925
17.0638
21.9627
38.8038
108.057
433.67
466.403
57.427
21.6824
16.3063
15.2495
14.955
14.846
14.8045
14.7967
14.7964
14.7964
14.7967
14.8049
14.8463
14.9539
15.2462
16.3015
21.673
57.3999
466.268
)
;

boundaryField
{
    fixedWalls_1
    {
        Cmu             0.09;
        kappa           0.41;
        E               9.8;
        type            epsilonWallFunction;
        value           nonuniform List<scalar> 
200
(
250.678
249.246
247.851
248.956
250.148
248.472
249.592
247.259
248.365
249.783
249.431
249.107
248.302
250.252
250.188
249.984
249.42
247.999
248.549
249.94
249.921
248.509
250.254
250.139
249.559
252.45
251.951
251.832
251.449
250.024
252.714
255.021
256.827
256.58
255.919
257.255
256.62
256.011
255.245
252.446
251.433
250.582
251.475
252.745
253.149
253.131
252.914
251.891
251.852
251.199
249.935
250.815
250.3
251.4
249.9
249.82
248.25
247.529
247.808
248.42
248.504
248.215
247.252
247.405
245.626
245.654
244.276
243.368
242.397
241.489
240.309
238.581
237.124
235.224
233.776
231.368
228.61
225.871
221.828
216.58
210.713
203.822
197.14
189.124
180.106
176.163
177.914
186.891
193.448
209.184
223.574
242.301
266.201
289.167
316.644
345.284
372.61
403.016
432.046
466.733
250.899
249.128
249.4
249.338
250.021
248.818
250.504
251.253
252.62
254.825
257.254
257.771
255.121
254.056
252.017
249.833
248.533
247.614
247.921
248.307
248.121
250.097
248.697
251.667
253.251
254.887
255.281
255.578
253.083
253.393
253.705
253.081
251.715
252.899
252.332
251.68
250.543
250.748
250.539
249.393
249.966
249.114
250.772
250.33
252.13
250.856
251.063
250.707
249.565
250.759
250.176
250.028
248.604
248.562
248.145
247.843
248.525
247.903
249.792
249.95
249.611
248.881
247.598
248.235
248.132
246.716
246.567
245.914
243.672
243.141
241.756
240.034
238.583
236.718
235.755
233.487
230.835
227.477
221.74
215.027
206.268
196.455
187.988
182.446
178.982
177.979
183.205
186.715
198.717
210.801
224.968
244.145
264.723
290.025
316.403
345.383
373
402.801
432.742
466.55
)
;
    }
    frontAndBack_1
    {
        type            empty;
    }
    inlet_1
    {
        type            fixedValue;
        value           uniform 14.855;
    }
    outlet_1
    {
        type            zeroGradient;
    }
    fixedWalls_2
    {
        Cmu             0.09;
        kappa           0.41;
        E               9.8;
        type            epsilonWallFunction;
        value           nonuniform List<scalar> 
200
(
682.748
680.867
678.709
676.591
677.975
677.684
676.556
674.139
673.026
671.839
669.42
668.122
668.015
668.308
670.94
670.956
670.599
669.118
666.284
671.017
672.977
672.408
674.139
678.48
676.812
673.324
673.967
667.5
665.155
661.843
660.365
658.183
657.765
656.862
656.752
657.777
658.001
657.808
656.856
657.046
655.217
653.044
652.575
652.871
652.852
653.637
656.339
655.636
656.145
655.474
655.624
655.063
655.785
655.444
655.264
654.295
654.499
650.884
651.341
641.345
639.695
637.849
636.848
633.294
627.942
622.443
620.859
619.692
615.275
608.278
608.89
599.558
598.983
582.497
565.031
544.238
531.079
510.775
487.605
467.352
448.638
430.122
405.773
378.399
349.194
324.262
304.25
300.709
315.347
332.041
342.504
360.01
372.418
391.224
408.098
425.797
436.74
450.355
461.928
470.987
669.201
668.471
669.117
669.047
671.189
672.024
672.067
668.4
667.965
666.131
665.893
663.81
661.431
659.373
656.424
653.176
654.196
655.711
655.092
657.884
658.069
656.736
654.766
654.51
655.096
654.92
653.349
656.614
655.865
659.922
660.721
663.806
661.942
658.461
656.149
654.767
653.756
654.409
654.854
657.868
658.748
658.543
661.494
660.789
660.729
659.635
660.451
660.332
661.041
658.737
654.966
651.117
650.347
649.713
648.345
647.749
647.275
645.249
640.421
630.977
622.734
618.985
616.65
615.632
603.757
601.79
592.818
594.174
585.539
579.95
571.379
562.868
556.678
555.837
545.603
525.6
504.68
479.866
457.373
443.808
429.185
414.356
397.104
372.658
357.589
357.727
347.96
333.489
325.091
321.044
340.745
358.459
372.912
394.882
406.533
425.595
436.779
451.076
460.697
471.643
)
;
    }
    frontAndBack_2
    {
        type            empty;
    }
    inlet_2
    {
        type            fixedValue;
        value           uniform 14.855;
    }
    outlet_2
    {
        type            zeroGradient;
    }
    fixedWalls_3
    {
        Cmu             0.09;
        kappa           0.41;
        E               9.8;
        type            epsilonWallFunction;
        value           nonuniform List<scalar> 
200
(
1222.61
1230.01
1222.82
1224.41
1229.99
1233.01
1245.83
1246.42
1236.63
1219.09
1215.11
1212.45
1209.82
1217.98
1214.01
1221.83
1224.35
1227.47
1229.24
1224.13
1231.03
1219.43
1220.21
1220.62
1226.22
1232.19
1234.59
1232.3
1226.1
1229.96
1214.27
1215.01
1214.68
1223.34
1222.35
1222.09
1227.96
1220.41
1222.45
1223.38
1227.42
1228.25
1229.08
1236.38
1218.56
1220.61
1224.61
1231
1231.83
1231.53
1224.54
1229.23
1211.45
1210.74
1211.77
1181.23
1178.78
1175.9
1165.3
1137.17
1131.77
1125.01
1119.97
1117.93
1111.45
1105.01
1090.01
1077.79
1056.45
1036.74
1015.05
983.171
977.222
957.201
940.338
904.573
854.169
845.178
818.851
798.739
779.634
753.782
714.983
672.2
669.194
620.877
624.218
570.407
540.332
472.595
404.968
405.234
412.014
431.309
440.86
449.708
458.43
463.332
469.034
473.401
1184.33
1188.33
1180.34
1180.3
1186.69
1179.41
1171.7
1170.16
1169.85
1168.92
1169.46
1168.67
1168.29
1167.02
1167.45
1168.63
1172.39
1173.96
1177.7
1177.33
1181.78
1189.36
1177.06
1188.62
1190.26
1192.41
1197.29
1201.5
1212.78
1211.14
1213.9
1228.26
1216.91
1218.43
1232.09
1221.64
1223.25
1227.79
1237.38
1195.88
1175.42
1184.93
1172.86
1176.7
1183.76
1177.08
1184.88
1182.08
1174.09
1174.07
1172.98
1172.81
1174.85
1173.6
1178.84
1179.93
1174.31
1160.56
1164.7
1144.31
1145.74
1147.68
1149.13
1152.91
1158.07
1148.54
1127.28
1109.21
1111.29
1097.62
1078.49
1049.89
1049.29
1018.33
1015.43
990.848
928.429
910.384
907.108
905.101
841.428
766.828
692.629
649.22
602.379
551.809
494.785
487.855
487.197
495.104
422.23
414.028
410.382
427.865
443.281
450.309
457.693
464.117
468.247
474.162
)
;
    }
    frontAndBack_3
    {
        type            empty;
    }
    inlet_3
    {
        type            fixedValue;
        value           uniform 14.855;
    }
    outlet_3
    {
        type            zeroGradient;
    }
    fixedWalls_4
    {
        Cmu             0.09;
        kappa           0.41;
        E               9.8;
        type            epsilonWallFunction;
        value           nonuniform List<scalar> 
200
(
672.774
670.311
668.441
666.302
667.28
665.659
663.34
663.987
665.606
666.177
666.717
667.363
668.556
665.824
665.032
667.398
668.365
671.567
675.161
680.277
681.913
682.84
686.128
688.475
687.591
685.669
684.545
682.73
680.575
679.013
677.277
675.338
673.699
673.809
671.808
671.752
671.079
671.077
670.22
674.425
673.621
672.509
671.377
670.345
670.014
667.702
665.114
664.759
663.974
664.112
659.431
658.183
655.485
653.248
650.817
647.763
644.936
641.362
639.428
636.199
635.009
633.051
624.785
625.265
620.531
619.269
620.936
610.43
598.932
584.485
582.522
579.975
576.069
551.428
530.913
523.46
509.421
497.521
486.905
473.633
459.242
438.093
411.116
375.754
362.232
360.09
342.886
321.426
325.688
320.436
338.487
350.289
375.247
392.228
407.265
426.037
436.564
450.882
461.796
471.05
664.676
664.084
664.511
663.292
661.627
660.724
656.046
657.251
652.322
653.363
653.521
657.896
662.395
664.65
664.786
666.21
666.654
667.8
667.835
665.412
664.92
665.734
665.174
666.207
664.688
661.904
664.057
660.475
660.761
660.686
664.315
664.743
667.927
668.992
666.05
662.045
661.561
654.325
651.294
649.514
647.801
646.325
645.783
644.878
644.249
641.519
641.034
641.155
641.611
642.136
643.705
645.554
646.423
647.933
648.031
649.525
649.35
646.11
638.004
634.878
624.306
620.905
606.842
602.751
598.211
596.875
594.611
593.69
587.348
580.133
578.637
577.852
563.731
550.217
546.027
534.512
523.42
514.745
502.069
487.433
475.747
446.815
383.322
357.456
350.256
345.182
345.091
327.971
323.591
323.256
343.222
360.387
372.036
391.016
408.192
425.635
436.925
450.849
461.96
471.014
)
;
    }
    frontAndBack_4
    {
        type            empty;
    }
    inlet_4
    {
        type            fixedValue;
        value           uniform 14.855;
    }
    outlet_4
    {
        type            zeroGradient;
    }
    fixedWalls_5
    {
        Cmu             0.09;
        kappa           0.41;
        E               9.8;
        type            epsilonWallFunction;
        value           nonuniform List<scalar> 
200
(
254.476
253.809
253.829
253.448
253.019
250.921
251.42
251.194
251.587
252.228
251.82
250.828
252.383
251.061
254.57
255.867
253.861
254.923
254.554
252.046
252.94
253.797
253.105
252.854
254.615
255.724
255.702
255.345
254.2
255.279
254.651
254.345
251.769
252.76
252.513
252.253
252.539
251.64
252.876
254.128
253.143
252.309
251.828
250.621
252.21
251.164
252.671
252.287
252.052
250.093
251.832
249.659
252.106
251.366
250.858
249.97
248.883
250.16
248.422
249.928
249.607
249.13
248.54
247.042
247.522
246.455
245.69
245.236
244.453
243.706
242.794
242.329
240.162
239.148
236.266
231.811
227.489
224.456
218.104
211.471
203.759
198.172
190.936
184.633
177.348
175.322
178.968
182.684
194.193
205.351
221.288
241.862
264.203
289.57
316.565
346.282
372.733
402.635
433.221
466.403
255.896
255.285
255.188
257.144
258.34
258.514
258.261
258.198
256.777
257.184
255.819
255.861
256.056
255.891
255.021
255.734
255.771
255.875
255.566
255.304
254.131
254.341
254.715
253.299
255.288
255.115
254.915
254.684
254.122
253.92
253.966
255.582
255.914
256.055
255.269
253.305
254.652
254.983
254.945
255.158
255.062
254.434
254.077
252.148
252.638
252.1
250.365
250.98
250.209
250.586
249.256
249.774
250.337
249.674
251.045
248.776
249.705
249.313
247.597
247.987
247.365
245.781
246.421
245.25
245.977
246.585
245.024
244.877
244.206
244.249
243.568
242.26
241.427
240.522
238.854
236.452
234.072
229.467
224.198
217.392
208.972
199.788
191.081
183.661
175.708
172.075
176.897
183.48
198.632
209.723
224.8
244.331
265.384
289.752
316.913
344.582
374.179
401.949
433.67
466.268
)
;
    }
    frontAndBack_5
    {
        type            empty;
    }
    inlet_5
    {
        type            fixedValue;
        value           uniform 14.855;
    }
    outlet_5
    {
        type            zeroGradient;
    }
}


// ************************************************************************* //
