/*--------------------------------*- C++ -*----------------------------------*\
  =========                 |
  \\      /  F ield         | OpenFOAM: The Open Source CFD Toolbox
   \\    /   O peration     | Website:  https://openfoam.org
    \\  /    A nd           | Version:  6
     \\/     M anipulation  |
\*---------------------------------------------------------------------------*/
FoamFile
{
    version     2.0;
    format      ascii;
    class       volScalarField;
    location    "15";
    object      k;
}
// * * * * * * * * * * * * * * * * * * * * * * * * * * * * * * * * * * * * * //

dimensions      [0 2 -2 0 0 0 0];

internalField   nonuniform List<scalar> 
10000
(
0.19752
0.507607
0.449418
0.395559
0.363272
0.348574
0.34335
0.34246
0.343048
0.343891
0.344596
0.345409
0.346672
0.349814
0.357115
0.372915
0.404895
0.456279
0.509474
0.19921
0.19566
0.506728
0.448833
0.395648
0.364048
0.350245
0.344278
0.343467
0.344083
0.344918
0.345641
0.347147
0.348866
0.35192
0.358813
0.373375
0.405168
0.455848
0.50792
0.198639
0.196945
0.506035
0.449
0.396489
0.364402
0.349947
0.344691
0.344073
0.345792
0.3469
0.347617
0.347923
0.348008
0.351199
0.358962
0.374023
0.405283
0.456329
0.509645
0.198472
0.197119
0.509226
0.451205
0.395861
0.364859
0.350437
0.34621
0.345358
0.344505
0.345574
0.347131
0.347843
0.348081
0.351488
0.359471
0.374438
0.405019
0.452939
0.506953
0.197954
0.198983
0.512147
0.449962
0.397346
0.365705
0.350902
0.345165
0.343744
0.34446
0.346878
0.347658
0.348198
0.348454
0.352617
0.360142
0.375111
0.403933
0.454566
0.50858
0.197903
0.198434
0.512466
0.453026
0.397854
0.366196
0.352183
0.345368
0.343712
0.344159
0.346166
0.347109
0.347774
0.34827
0.352533
0.360263
0.375773
0.405297
0.456534
0.5089
0.19777
0.198054
0.511984
0.453327
0.397525
0.366099
0.351347
0.345488
0.345074
0.344258
0.345074
0.345897
0.346701
0.348028
0.351695
0.359846
0.376374
0.404667
0.456625
0.508006
0.197099
0.197453
0.511615
0.451079
0.39596
0.366194
0.352221
0.345502
0.343988
0.344394
0.345225
0.346036
0.346863
0.348281
0.351839
0.360016
0.376948
0.405473
0.456478
0.506767
0.198107
0.19626
0.510624
0.453927
0.397576
0.365815
0.351098
0.346668
0.34549
0.346396
0.346833
0.348194
0.349017
0.350046
0.353312
0.361151
0.377529
0.407213
0.456449
0.509653
0.199403
0.197754
0.51157
0.454197
0.398481
0.365864
0.351557
0.345172
0.343639
0.345161
0.346307
0.34751
0.34818
0.348731
0.351877
0.359976
0.377486
0.408668
0.459683
0.50892
0.20069
0.196021
0.510779
0.45327
0.396879
0.36512
0.35044
0.3453
0.343113
0.34391
0.345051
0.346916
0.347775
0.349939
0.351909
0.359729
0.377114
0.409061
0.459657
0.512179
0.201665
0.196634
0.50767
0.450302
0.397442
0.364741
0.349217
0.344131
0.342932
0.344603
0.345398
0.345697
0.346825
0.349149
0.351478
0.359543
0.376795
0.40719
0.458905
0.512312
0.20103
0.197468
0.509813
0.452586
0.396746
0.364526
0.34902
0.344785
0.342938
0.343562
0.344209
0.34544
0.347551
0.348452
0.351324
0.359744
0.375933
0.405647
0.455059
0.50822
0.198773
0.197533
0.510181
0.452183
0.397598
0.364446
0.348491
0.342646
0.341622
0.342692
0.344967
0.346275
0.346277
0.349142
0.35138
0.358998
0.375105
0.404431
0.453839
0.507362
0.198059
0.196168
0.509659
0.448776
0.395944
0.364272
0.348596
0.342677
0.341715
0.343419
0.343309
0.344553
0.345503
0.347456
0.35047
0.35822
0.37407
0.402785
0.451188
0.505153
0.196429
0.196676
0.510104
0.449867
0.396648
0.364455
0.348649
0.342865
0.341709
0.341995
0.342649
0.344972
0.345858
0.346022
0.348653
0.357194
0.372746
0.401488
0.450755
0.504893
0.195719
0.196647
0.510241
0.450221
0.395314
0.364251
0.348895
0.343287
0.34334
0.343459
0.342583
0.343044
0.343811
0.345138
0.348383
0.356449
0.37166
0.401198
0.452311
0.505639
0.195653
0.197381
0.510735
0.449274
0.396847
0.364592
0.349063
0.343176
0.341824
0.342054
0.342531
0.343163
0.344013
0.345289
0.348367
0.356147
0.371232
0.4014
0.450965
0.504625
0.196489
0.196618
0.511105
0.450724
0.396592
0.36503
0.350317
0.343753
0.342066
0.342201
0.342931
0.343584
0.34434
0.346473
0.348942
0.355299
0.370317
0.400763
0.454918
0.507721
0.196583
0.198322
0.511984
0.454316
0.398813
0.3656
0.350299
0.34454
0.343907
0.344075
0.34382
0.344308
0.345557
0.345012
0.347351
0.354333
0.370357
0.402148
0.455016
0.507107
0.198292
0.197296
0.511792
0.454118
0.39863
0.365827
0.351388
0.345657
0.342686
0.342852
0.344797
0.345466
0.345502
0.345257
0.347741
0.355323
0.370713
0.403483
0.455311
0.507374
0.198327
0.198663
0.511468
0.453787
0.398202
0.366396
0.350851
0.344557
0.342666
0.342631
0.343182
0.343748
0.344446
0.345299
0.348152
0.355442
0.370922
0.40362
0.45453
0.5081
0.198464
0.198727
0.51155
0.454111
0.399507
0.367309
0.352358
0.346399
0.344697
0.344541
0.343767
0.344101
0.345839
0.345986
0.349852
0.355835
0.371465
0.403945
0.456683
0.506586
0.19829
0.197473
0.511446
0.454609
0.400485
0.367743
0.352142
0.345729
0.343759
0.343629
0.343817
0.344128
0.344748
0.345781
0.349535
0.356423
0.371746
0.403754
0.456508
0.507383
0.198186
0.198962
0.511137
0.453875
0.400059
0.367974
0.35262
0.346182
0.344132
0.344119
0.345431
0.344897
0.345383
0.346036
0.348742
0.355878
0.372169
0.405241
0.456936
0.508463
0.199587
0.198926
0.510884
0.453106
0.398916
0.368394
0.353378
0.348038
0.346063
0.345592
0.344688
0.345035
0.346828
0.346398
0.349048
0.356089
0.37235
0.40525
0.45631
0.50841
0.200528
0.198105
0.509063
0.453368
0.40022
0.368957
0.353621
0.34728
0.345082
0.344507
0.344474
0.344798
0.345894
0.346633
0.350569
0.357341
0.372829
0.405542
0.457851
0.510837
0.200453
0.197859
0.509663
0.455843
0.400287
0.369556
0.354299
0.347931
0.345449
0.344679
0.344537
0.344643
0.34513
0.346498
0.350464
0.357314
0.372839
0.405065
0.455527
0.512052
0.200813
0.198507
0.509926
0.455481
0.399014
0.369924
0.35494
0.348747
0.347314
0.346207
0.345005
0.344835
0.345341
0.34674
0.350705
0.357045
0.373168
0.405017
0.455991
0.510704
0.200131
0.199612
0.512439
0.45569
0.400217
0.370997
0.356612
0.349465
0.346551
0.345099
0.344901
0.344869
0.345338
0.346727
0.350596
0.357169
0.373272
0.404042
0.456177
0.511362
0.199143
0.199484
0.51325
0.454186
0.400548
0.371264
0.356288
0.351203
0.348372
0.345464
0.346372
0.345171
0.345503
0.346857
0.350004
0.357335
0.373606
0.405034
0.454981
0.511075
0.199654
0.201425
0.513675
0.457092
0.401705
0.371382
0.355156
0.34951
0.346938
0.344969
0.345453
0.344853
0.345381
0.346992
0.350205
0.357487
0.373605
0.404428
0.457322
0.51122
0.198771
0.202249
0.514278
0.457623
0.402693
0.371655
0.354799
0.347839
0.345444
0.344724
0.344759
0.344932
0.345629
0.347615
0.350861
0.35787
0.37375
0.405559
0.457334
0.51117
0.199384
0.201032
0.513026
0.456906
0.403002
0.371328
0.354977
0.34818
0.346827
0.346275
0.346364
0.346328
0.34597
0.349262
0.352619
0.358248
0.373568
0.403904
0.456086
0.509377
0.199062
0.201629
0.511607
0.454688
0.403261
0.371496
0.355123
0.349064
0.345111
0.34423
0.344434
0.344725
0.34524
0.347799
0.351543
0.358744
0.373677
0.404713
0.45427
0.510872
0.19795
0.201403
0.512136
0.456361
0.404026
0.372023
0.355677
0.347924
0.344727
0.343871
0.34396
0.344871
0.344889
0.346587
0.350057
0.357448
0.373163
0.403727
0.456769
0.511043
0.198192
0.200542
0.512298
0.45511
0.404074
0.371308
0.354435
0.347089
0.344235
0.343512
0.34358
0.34381
0.34412
0.345178
0.348205
0.355972
0.372592
0.404199
0.456476
0.510498
0.198499
0.200308
0.513118
0.457004
0.403401
0.371221
0.354616
0.347457
0.344446
0.343682
0.343828
0.345309
0.345698
0.345397
0.3481
0.35567
0.371845
0.402085
0.456312
0.510837
0.198537
0.199274
0.512226
0.454297
0.402748
0.371231
0.354978
0.34917
0.344653
0.343712
0.343733
0.343964
0.344282
0.345183
0.348007
0.355716
0.37185
0.402351
0.455827
0.510394
0.197654
0.19817
0.511033
0.453727
0.401798
0.371584
0.355639
0.348707
0.344865
0.344127
0.345153
0.345403
0.344713
0.345853
0.348073
0.356125
0.371771
0.402558
0.456016
0.510814
0.199008
0.198274
0.50994
0.455178
0.401411
0.370759
0.354342
0.347833
0.345912
0.345157
0.343938
0.343939
0.344708
0.344747
0.347543
0.354811
0.371576
0.403482
0.455726
0.51051
0.198892
0.1993
0.5127
0.45629
0.401291
0.370527
0.354181
0.34835
0.344563
0.343766
0.343635
0.343695
0.343674
0.344352
0.347019
0.354275
0.371077
0.403433
0.455981
0.510123
0.198764
0.198383
0.513068
0.456683
0.401789
0.369987
0.354139
0.347641
0.344493
0.343949
0.34424
0.345271
0.344062
0.344516
0.34704
0.354106
0.370541
0.402963
0.45543
0.509605
0.198757
0.199933
0.512596
0.456344
0.402626
0.369967
0.354773
0.347294
0.345098
0.345737
0.345927
0.344427
0.343964
0.344448
0.346878
0.353893
0.370238
0.402496
0.454776
0.509074
0.198537
0.200256
0.512807
0.456454
0.402549
0.369888
0.354021
0.348718
0.34677
0.345108
0.345721
0.344524
0.34418
0.344736
0.347091
0.353934
0.370153
0.401816
0.454027
0.508288
0.198171
0.198502
0.511665
0.45325
0.400679
0.369585
0.354613
0.34832
0.346529
0.345192
0.346196
0.346134
0.34574
0.345058
0.347128
0.353759
0.370058
0.401881
0.453642
0.508156
0.197906
0.198762
0.509493
0.453569
0.400825
0.369225
0.353883
0.347292
0.346319
0.346063
0.346073
0.345305
0.344715
0.345243
0.34805
0.353726
0.369878
0.401313
0.450954
0.505548
0.197497
0.198682
0.508987
0.453733
0.400548
0.369199
0.353019
0.347136
0.34522
0.344778
0.345161
0.346416
0.344726
0.345874
0.346717
0.353267
0.369736
0.401052
0.451624
0.506367
0.196817
0.197223
0.507774
0.453555
0.401167
0.369076
0.352951
0.347797
0.346458
0.345467
0.345727
0.345609
0.344341
0.344124
0.346184
0.353099
0.369167
0.400652
0.452332
0.507304
0.197355
0.197379
0.506878
0.452956
0.400939
0.368912
0.352832
0.346278
0.344538
0.343932
0.34353
0.343966
0.344947
0.344169
0.346203
0.353108
0.368965
0.39947
0.451703
0.507179
0.197302
0.197699
0.507351
0.452788
0.400612
0.369137
0.353072
0.346518
0.345164
0.345497
0.343981
0.343577
0.343561
0.344024
0.346286
0.353086
0.369082
0.398914
0.449661
0.505498
0.196437
0.197585
0.504883
0.450572
0.400015
0.368445
0.354102
0.34683
0.346584
0.344753
0.345096
0.345139
0.345237
0.345752
0.347716
0.353913
0.368476
0.398477
0.448544
0.506295
0.196191
0.197655
0.507398
0.451438
0.399713
0.368226
0.35356
0.346571
0.345439
0.344947
0.343648
0.343556
0.343695
0.344297
0.346358
0.352862
0.368189
0.398542
0.449994
0.50601
0.196359
0.197392
0.507607
0.451105
0.399324
0.368004
0.352801
0.346384
0.34418
0.343575
0.343538
0.343601
0.343809
0.344521
0.346614
0.352889
0.367796
0.397427
0.449188
0.503331
0.19488
0.196492
0.504879
0.44826
0.398108
0.367806
0.352948
0.347964
0.346143
0.344389
0.344322
0.34535
0.344742
0.346561
0.348381
0.354156
0.368278
0.397508
0.446961
0.503086
0.195589
0.195305
0.50386
0.448259
0.397534
0.368066
0.353021
0.347244
0.346015
0.344796
0.344565
0.344642
0.344745
0.346109
0.34746
0.353329
0.367771
0.3973
0.447491
0.502923
0.196155
0.19505
0.503056
0.447324
0.396648
0.36717
0.353093
0.347504
0.345856
0.345739
0.346507
0.345462
0.345356
0.345859
0.347674
0.353449
0.367605
0.396855
0.447175
0.50337
0.196258
0.195496
0.502953
0.445896
0.396015
0.367129
0.353634
0.348257
0.346607
0.347455
0.347266
0.34748
0.347425
0.346742
0.349389
0.354758
0.367698
0.39646
0.446356
0.502269
0.196375
0.194778
0.502327
0.445577
0.395644
0.367385
0.354177
0.348988
0.34706
0.346852
0.347065
0.34764
0.346978
0.34801
0.348898
0.353808
0.36753
0.396012
0.445668
0.504046
0.196648
0.195437
0.501657
0.444809
0.395123
0.368032
0.354961
0.350731
0.349371
0.347951
0.34807
0.348797
0.348789
0.348094
0.350262
0.353883
0.366635
0.395028
0.444134
0.503212
0.196299
0.194959
0.500708
0.442672
0.394495
0.367518
0.355491
0.351734
0.35039
0.350341
0.350482
0.350206
0.349827
0.348688
0.349487
0.354074
0.36646
0.394445
0.442224
0.500656
0.194987
0.193796
0.499894
0.442112
0.394168
0.368428
0.356273
0.352638
0.351333
0.350716
0.350878
0.350629
0.35107
0.351231
0.351635
0.354669
0.366473
0.393822
0.44157
0.500654
0.194855
0.193416
0.498933
0.440796
0.393745
0.368998
0.358267
0.35419
0.353316
0.353116
0.35283
0.352569
0.352024
0.351727
0.351881
0.356141
0.367218
0.393243
0.440463
0.499961
0.194844
0.192869
0.496875
0.438893
0.393188
0.369678
0.35951
0.355599
0.354785
0.354258
0.353901
0.35354
0.353074
0.352784
0.353285
0.356189
0.366347
0.392255
0.439334
0.499116
0.194623
0.192228
0.496126
0.437789
0.392555
0.369858
0.360656
0.356997
0.355922
0.355587
0.355266
0.354929
0.354327
0.353686
0.353174
0.356216
0.365326
0.391326
0.438216
0.498448
0.193693
0.191685
0.494755
0.436224
0.391802
0.37039
0.361546
0.3582
0.357076
0.356673
0.356491
0.356184
0.355649
0.35501
0.354704
0.356565
0.364878
0.390622
0.436683
0.496329
0.193262
0.190453
0.492479
0.434234
0.390908
0.370185
0.362582
0.359412
0.358212
0.35774
0.357595
0.357412
0.357008
0.356304
0.355635
0.356287
0.364427
0.389328
0.434428
0.495287
0.192285
0.189865
0.490965
0.432902
0.389743
0.368985
0.363207
0.36056
0.359419
0.358857
0.358778
0.358782
0.358517
0.357925
0.35701
0.356831
0.364163
0.388086
0.432581
0.493184
0.191196
0.189088
0.489542
0.430885
0.387533
0.368036
0.363725
0.36175
0.360964
0.360665
0.360533
0.360362
0.359961
0.359229
0.358378
0.358593
0.364043
0.386508
0.430043
0.491092
0.190028
0.188415
0.488439
0.428848
0.384848
0.368018
0.364065
0.362905
0.362519
0.362363
0.362209
0.362051
0.361551
0.360561
0.35914
0.358253
0.363737
0.384984
0.428299
0.4895
0.189399
0.187169
0.486409
0.426226
0.383711
0.365018
0.36322
0.363749
0.363849
0.363819
0.36366
0.36334
0.362755
0.361781
0.360319
0.359027
0.363603
0.382835
0.425408
0.486924
0.187998
0.185814
0.483887
0.422938
0.383541
0.364043
0.361718
0.364215
0.364909
0.365088
0.365001
0.364674
0.364027
0.362859
0.360936
0.359063
0.362005
0.379913
0.422649
0.48483
0.186829
0.184557
0.481398
0.419285
0.380533
0.362973
0.363152
0.365299
0.366278
0.366596
0.366497
0.366095
0.365335
0.36398
0.361279
0.358066
0.360314
0.377344
0.41972
0.483093
0.18577
0.182987
0.478404
0.415088
0.377029
0.360551
0.361131
0.365603
0.367408
0.368013
0.368
0.367575
0.366714
0.365239
0.362859
0.359314
0.361192
0.377218
0.416446
0.480217
0.184279
0.181508
0.475462
0.411112
0.374578
0.359693
0.363113
0.367039
0.368998
0.369733
0.369753
0.369261
0.368227
0.36639
0.363188
0.357685
0.358248
0.372796
0.412179
0.477765
0.183149
0.179141
0.470931
0.406279
0.371579
0.358235
0.362133
0.367661
0.37036
0.371423
0.371564
0.371058
0.369901
0.367809
0.364197
0.357912
0.358368
0.370016
0.407645
0.473619
0.180669
0.176678
0.466035
0.400763
0.368847
0.357407
0.360944
0.368138
0.371853
0.373275
0.373544
0.373023
0.371727
0.369324
0.365102
0.357789
0.35541
0.366938
0.402411
0.469148
0.178007
0.173822
0.460507
0.394292
0.365355
0.356913
0.361048
0.369585
0.373499
0.37519
0.375594
0.375075
0.373666
0.371038
0.366471
0.358377
0.355993
0.365064
0.396354
0.463515
0.174244
0.169781
0.452699
0.386377
0.361392
0.357908
0.361465
0.370562
0.375045
0.377063
0.377627
0.377121
0.375578
0.372626
0.367426
0.358241
0.352569
0.361791
0.388724
0.454814
0.168827
0.164943
0.442867
0.377834
0.356117
0.355881
0.361051
0.371086
0.376159
0.378634
0.379435
0.378993
0.377374
0.37421
0.368625
0.358691
0.351087
0.356338
0.380304
0.445037
0.162908
0.159774
0.431909
0.368544
0.350301
0.353647
0.36096
0.37087
0.376606
0.379679
0.380745
0.380393
0.378721
0.375387
0.369515
0.359241
0.35057
0.352033
0.370742
0.431922
0.155672
0.153912
0.418853
0.358482
0.344337
0.351128
0.362261
0.370873
0.375808
0.379702
0.381108
0.380858
0.379124
0.375648
0.369551
0.359904
0.350277
0.346435
0.360037
0.417437
0.148774
0.148418
0.407061
0.351966
0.34111
0.349216
0.360313
0.368954
0.374919
0.378605
0.380164
0.379907
0.378096
0.374498
0.36864
0.360348
0.351597
0.341731
0.350818
0.402326
0.143294
0.141999
0.391821
0.345413
0.342266
0.352708
0.361426
0.369386
0.375189
0.379662
0.381286
0.380352
0.378437
0.374931
0.369402
0.361102
0.350357
0.339188
0.342368
0.387024
0.139576
0.137058
0.374818
0.338583
0.33976
0.353388
0.364799
0.372191
0.375792
0.378673
0.38029
0.380271
0.37864
0.375419
0.370537
0.364608
0.353199
0.342327
0.336515
0.372634
0.137799
0.136364
0.35927
0.3337
0.341358
0.355752
0.365892
0.372774
0.377154
0.379187
0.380632
0.381334
0.38012
0.377327
0.372884
0.366299
0.357368
0.344406
0.33451
0.35959
0.13818
0.140132
0.347827
0.332897
0.343685
0.358078
0.367239
0.373383
0.376782
0.379197
0.380498
0.380528
0.379178
0.376417
0.372453
0.366876
0.359909
0.348543
0.335285
0.348917
0.142836
0.146501
0.34076
0.337451
0.349783
0.361069
0.3688
0.373613
0.377154
0.379625
0.380687
0.380614
0.379378
0.376352
0.372898
0.3694
0.36312
0.351969
0.336829
0.341214
0.146622
0.153129
0.336414
0.340466
0.35321
0.363124
0.368278
0.372496
0.375503
0.377705
0.378474
0.378483
0.377841
0.376299
0.372869
0.369155
0.364744
0.356391
0.342286
0.336895
0.156283
0.164962
0.334063
0.344734
0.358036
0.365502
0.369099
0.372831
0.374565
0.375337
0.375685
0.375767
0.375537
0.374781
0.37306
0.369685
0.366546
0.359454
0.345976
0.334564
0.16505
0.175829
0.332812
0.350118
0.362278
0.367883
0.370573
0.372071
0.372676
0.37291
0.373015
0.373079
0.373098
0.372932
0.372244
0.37002
0.366949
0.362957
0.351368
0.333554
0.176847
0.190913
0.333666
0.356838
0.366762
0.370049
0.370761
0.371325
0.371266
0.371091
0.370999
0.371042
0.371225
0.371453
0.371538
0.370806
0.370104
0.366885
0.356954
0.334125
0.191302
0.208408
0.34073
0.364924
0.371509
0.372442
0.371578
0.371049
0.370478
0.36999
0.369743
0.369761
0.370064
0.370624
0.371442
0.372354
0.372755
0.371658
0.36505
0.339968
0.207505
0.226181
0.35005
0.374432
0.376883
0.375333
0.373302
0.371517
0.37033
0.369598
0.369255
0.36925
0.36959
0.370285
0.371373
0.372769
0.374954
0.376729
0.374585
0.350915
0.226942
0.247585
0.366678
0.385408
0.382076
0.377674
0.374299
0.371977
0.370569
0.369741
0.369359
0.369355
0.369732
0.370545
0.371937
0.374281
0.377607
0.382032
0.385253
0.36613
0.24716
0.2691
0.38716
0.396394
0.386423
0.379411
0.375232
0.372706
0.37118
0.370308
0.369915
0.369912
0.370301
0.371165
0.372682
0.375213
0.379444
0.386541
0.396718
0.387777
0.26939
0.291205
0.412476
0.40567
0.388605
0.380102
0.375672
0.373212
0.37181
0.371054
0.370725
0.370724
0.371049
0.371804
0.373196
0.37566
0.380072
0.388565
0.405672
0.4123
0.291226
0.314733
0.435612
0.409601
0.389005
0.380055
0.375738
0.373565
0.372453
0.37191
0.371692
0.371695
0.371917
0.372467
0.373565
0.375739
0.380039
0.389003
0.409615
0.43563
0.314717
0.337605
0.445297
0.407186
0.385713
0.378046
0.375015
0.373734
0.373171
0.372935
0.372852
0.372855
0.372944
0.373188
0.373749
0.375024
0.378043
0.385682
0.407143
0.445277
0.337984
0.364592
0.421914
0.386543
0.377512
0.375371
0.374616
0.374343
0.37427
0.374254
0.374251
0.374251
0.374253
0.37427
0.374343
0.374618
0.375373
0.377518
0.386552
0.421963
0.364495
0.534847
1.05871
0.876083
0.697133
0.577234
0.505264
0.463153
0.438868
0.425104
0.418201
0.416855
0.421345
0.433408
0.457061
0.500056
0.575983
0.701995
0.878126
1.05166
0.529218
0.531009
1.04801
0.874482
0.696244
0.577121
0.505741
0.463472
0.439054
0.425216
0.418403
0.417003
0.42141
0.433505
0.457219
0.49968
0.575443
0.701597
0.877582
1.04914
0.528881
0.531618
1.05265
0.87353
0.691569
0.577434
0.506006
0.46347
0.439039
0.425204
0.418137
0.41678
0.421489
0.433552
0.457421
0.499984
0.57323
0.70092
0.877252
1.04172
0.529125
0.5311
1.05456
0.864651
0.697499
0.578579
0.506802
0.463599
0.43917
0.425638
0.418225
0.416683
0.421345
0.433722
0.457318
0.500227
0.575089
0.698583
0.875405
1.05741
0.530029
0.530552
1.04762
0.87158
0.701839
0.57899
0.506481
0.463452
0.439447
0.425295
0.417892
0.416443
0.421145
0.43336
0.456945
0.499611
0.572361
0.695957
0.873001
1.06377
0.528624
0.530102
1.06154
0.865156
0.701404
0.579211
0.506925
0.463371
0.43868
0.425
0.41765
0.41624
0.420991
0.433471
0.456826
0.499449
0.572524
0.687647
0.860149
1.05952
0.52908
0.528338
1.05777
0.873474
0.701607
0.579344
0.506198
0.463323
0.438557
0.424793
0.417495
0.41607
0.420784
0.433026
0.45655
0.49897
0.57177
0.688538
0.862816
1.05386
0.526798
0.526013
1.05136
0.862961
0.699745
0.577397
0.506292
0.46403
0.438735
0.424731
0.417328
0.415898
0.420659
0.433007
0.456592
0.498442
0.569709
0.687605
0.863756
1.04692
0.524052
0.525849
1.04541
0.869926
0.700116
0.578228
0.506329
0.46361
0.438911
0.424444
0.417164
0.415753
0.420387
0.432332
0.455893
0.498023
0.569464
0.68963
0.85621
1.03742
0.522697
0.525729
1.05541
0.867532
0.700435
0.578654
0.506563
0.463926
0.438751
0.424276
0.417034
0.415627
0.420254
0.43198
0.45565
0.497665
0.568522
0.68772
0.866163
1.04751
0.523027
0.524708
1.04434
0.866686
0.700536
0.577316
0.507252
0.46459
0.439079
0.424563
0.417073
0.415596
0.420079
0.431861
0.455504
0.496683
0.566899
0.679181
0.863608
1.05547
0.521649
0.526261
1.05263
0.882313
0.701293
0.578805
0.508096
0.465197
0.439374
0.424528
0.417072
0.415541
0.419948
0.431729
0.455177
0.496464
0.56645
0.679628
0.860348
1.04309
0.519397
0.525834
1.05096
0.882448
0.700015
0.578622
0.509173
0.46642
0.440231
0.424987
0.417377
0.415741
0.420124
0.431716
0.454908
0.496125
0.565315
0.677765
0.849574
1.045
0.516705
0.524911
1.04812
0.882983
0.694326
0.579622
0.510249
0.467205
0.440613
0.42524
0.417589
0.415831
0.420135
0.431611
0.454357
0.494889
0.564777
0.679418
0.855122
1.04233
0.515412
0.52844
1.0415
0.88463
0.699651
0.581076
0.511417
0.467936
0.441075
0.425479
0.417766
0.415959
0.420063
0.431629
0.454012
0.49486
0.565656
0.681061
0.862579
1.0398
0.514405
0.528923
1.05443
0.886617
0.705048
0.582409
0.512036
0.468572
0.441571
0.425777
0.417919
0.416071
0.42008
0.431969
0.454067
0.494779
0.56415
0.686405
0.861552
1.03302
0.515656
0.525271
1.06126
0.887319
0.704368
0.583561
0.512337
0.468832
0.441911
0.426115
0.41812
0.416193
0.420071
0.431549
0.454023
0.494882
0.56595
0.685789
0.859855
1.04639
0.516213
0.527911
1.05788
0.884058
0.701858
0.583021
0.511528
0.468398
0.441975
0.42625
0.418206
0.416166
0.420169
0.43147
0.454017
0.494556
0.563847
0.684869
0.858387
1.03557
0.518531
0.531107
1.05112
0.875606
0.694986
0.583292
0.510273
0.467371
0.441405
0.426044
0.418142
0.416125
0.420011
0.431592
0.454458
0.494963
0.565699
0.683184
0.854815
1.04349
0.519031
0.530737
1.06937
0.88544
0.701865
0.583556
0.509879
0.46779
0.44127
0.426193
0.418293
0.416141
0.42004
0.431776
0.45442
0.494844
0.564723
0.676719
0.846854
1.03774
0.519561
0.53471
1.07101
0.87689
0.703843
0.582911
0.509392
0.465902
0.441201
0.425703
0.418105
0.416088
0.420127
0.431456
0.454218
0.495251
0.563891
0.679455
0.858594
1.04977
0.519628
0.532941
1.06813
0.883827
0.698583
0.581534
0.508863
0.465558
0.4402
0.425488
0.417901
0.415958
0.419939
0.431601
0.454172
0.495407
0.564406
0.679036
0.855521
1.03482
0.514762
0.530149
1.06703
0.880851
0.699023
0.580052
0.509059
0.465344
0.440141
0.425465
0.417761
0.415789
0.419992
0.431183
0.454066
0.495419
0.565157
0.681586
0.853616
1.03958
0.516936
0.533166
1.06572
0.869823
0.698875
0.579212
0.508439
0.465236
0.440508
0.425747
0.417502
0.415471
0.419716
0.431015
0.453928
0.49547
0.56568
0.6764
0.849249
1.03328
0.517572
0.528674
1.05597
0.86932
0.696731
0.578375
0.507665
0.465095
0.439569
0.425029
0.416995
0.415072
0.419415
0.430898
0.453765
0.495049
0.564548
0.68078
0.839886
1.04377
0.517686
0.528558
1.0577
0.865424
0.69323
0.576771
0.50642
0.463094
0.438631
0.424557
0.416471
0.414598
0.419042
0.430953
0.45373
0.494908
0.564656
0.676816
0.847318
1.03417
0.515571
0.526144
1.05506
0.8623
0.687457
0.575687
0.506087
0.462844
0.438653
0.424229
0.416134
0.41439
0.418799
0.430454
0.453395
0.494996
0.565549
0.680341
0.853497
1.0479
0.519376
0.52083
1.05647
0.858921
0.685897
0.573552
0.504828
0.462617
0.438983
0.423721
0.415861
0.414308
0.4188
0.430717
0.453366
0.494898
0.564093
0.683023
0.850904
1.05089
0.520292
0.520167
1.05697
0.860853
0.685305
0.57222
0.503872
0.462222
0.438794
0.423439
0.41583
0.414328
0.41871
0.430468
0.453255
0.494648
0.565461
0.680818
0.857028
1.05293
0.520552
0.518262
1.05525
0.853386
0.683026
0.570634
0.501832
0.460499
0.438013
0.423129
0.415731
0.414392
0.418966
0.43078
0.453315
0.494528
0.566051
0.685916
0.861978
1.05441
0.520092
0.518181
1.05546
0.862744
0.684933
0.569852
0.500078
0.460152
0.437641
0.42317
0.415789
0.414513
0.419037
0.430877
0.453244
0.494157
0.56401
0.679368
0.851123
1.04982
0.518381
0.518067
1.05295
0.854522
0.68647
0.56936
0.499748
0.459993
0.436918
0.422851
0.415834
0.414656
0.419262
0.43109
0.453356
0.494007
0.563657
0.682738
0.858697
1.04826
0.519411
0.51675
1.05044
0.861144
0.685159
0.568535
0.499356
0.459801
0.436172
0.42255
0.415983
0.414822
0.419466
0.431343
0.453762
0.493568
0.5622
0.680835
0.856952
1.0369
0.516181
0.519062
1.04045
0.859187
0.680068
0.567944
0.499421
0.460875
0.436749
0.422928
0.416106
0.414939
0.419609
0.43155
0.453483
0.492768
0.560388
0.674109
0.853097
1.04315
0.514697
0.519565
1.05255
0.856455
0.681983
0.567639
0.499294
0.459781
0.435882
0.4225
0.416161
0.415117
0.41982
0.431716
0.453126
0.491989
0.560076
0.675751
0.844829
1.04013
0.51355
0.518719
1.05382
0.849792
0.677999
0.56721
0.499616
0.460848
0.435952
0.422556
0.416278
0.415274
0.420027
0.431892
0.453096
0.492001
0.559439
0.672763
0.852871
1.02843
0.512088
0.518227
1.05053
0.858404
0.680379
0.567431
0.49907
0.459493
0.436131
0.42276
0.416427
0.415517
0.420267
0.43196
0.453226
0.492065
0.560005
0.676893
0.85252
1.03781
0.512994
0.516014
1.05039
0.850569
0.679327
0.567075
0.498634
0.458651
0.435515
0.422484
0.416257
0.415487
0.420087
0.431563
0.453411
0.492417
0.559145
0.672338
0.851652
1.03762
0.513115
0.517878
1.04942
0.857626
0.682608
0.566514
0.498188
0.459525
0.436124
0.422549
0.416278
0.415799
0.420475
0.43168
0.45353
0.492657
0.560147
0.677015
0.845434
1.03516
0.514784
0.516714
1.04608
0.855801
0.681219
0.565334
0.498449
0.4586
0.43535
0.422524
0.416261
0.415577
0.420203
0.431774
0.454137
0.493007
0.560669
0.675721
0.854626
1.0315
0.517764
0.512696
1.04087
0.851927
0.679137
0.565555
0.497444
0.459016
0.435803
0.422785
0.416467
0.415448
0.419976
0.432099
0.453643
0.493119
0.558995
0.67044
0.855437
1.04285
0.518843
0.51469
1.03137
0.849984
0.675546
0.565286
0.497151
0.457515
0.434808
0.422686
0.416072
0.415141
0.419662
0.431544
0.45359
0.492827
0.56076
0.675518
0.854062
1.03997
0.518651
0.515591
1.03925
0.841815
0.677653
0.565154
0.497213
0.457624
0.434812
0.422523
0.415807
0.414888
0.419671
0.43206
0.454145
0.492686
0.561116
0.677991
0.85264
1.0323
0.518387
0.514579
1.02695
0.841229
0.673738
0.56462
0.497168
0.45773
0.434771
0.422177
0.415517
0.414589
0.419775
0.431491
0.453218
0.492377
0.5611
0.672258
0.844753
1.04099
0.518408
0.514223
1.02796
0.839247
0.673922
0.5641
0.497256
0.458748
0.435465
0.422025
0.415384
0.414456
0.419293
0.430834
0.453226
0.492163
0.560222
0.672905
0.846143
1.03445
0.517019
0.512771
1.02629
0.837478
0.67252
0.563676
0.497069
0.457892
0.434539
0.421893
0.415438
0.414616
0.419084
0.430731
0.45292
0.491928
0.560378
0.672308
0.848532
1.0397
0.517602
0.515107
1.02852
0.837068
0.671611
0.563393
0.497889
0.457612
0.434468
0.421545
0.415314
0.414528
0.419403
0.430938
0.453179
0.491886
0.559776
0.673882
0.848085
1.03288
0.517024
0.514934
1.03514
0.837037
0.670764
0.562749
0.497002
0.458008
0.435177
0.422009
0.415294
0.414463
0.419142
0.431061
0.45337
0.491757
0.55946
0.669645
0.846465
1.04268
0.517133
0.515113
1.03649
0.839799
0.66989
0.562547
0.496916
0.458687
0.434625
0.421625
0.415144
0.414468
0.419232
0.4317
0.454477
0.491665
0.559404
0.671261
0.844715
1.04259
0.516191
0.514307
1.03233
0.832488
0.669235
0.562283
0.497397
0.4582
0.43458
0.421505
0.415264
0.414467
0.419248
0.431009
0.453812
0.491425
0.558104
0.666454
0.835383
1.03059
0.51326
0.513498
1.02301
0.836181
0.667459
0.560307
0.495513
0.457382
0.43469
0.421712
0.415254
0.414422
0.41959
0.43096
0.45293
0.491314
0.557416
0.665774
0.837524
1.03456
0.510843
0.513158
1.02482
0.829067
0.666239
0.559966
0.495829
0.457581
0.434815
0.421828
0.415225
0.41431
0.419385
0.431023
0.453342
0.491834
0.555911
0.662802
0.830268
1.02673
0.509785
0.511988
1.02069
0.828132
0.665177
0.560155
0.496725
0.458009
0.434973
0.421633
0.415152
0.414169
0.419197
0.431357
0.451643
0.489708
0.553769
0.661317
0.834133
1.03626
0.509625
0.510565
1.01892
0.828992
0.664422
0.558097
0.496947
0.458306
0.435154
0.421704
0.415035
0.413916
0.418792
0.430724
0.451421
0.4876
0.551181
0.658488
0.823319
1.02289
0.507861
0.508556
1.01741
0.825291
0.662471
0.557194
0.496186
0.459441
0.435356
0.422002
0.414994
0.413739
0.41844
0.430185
0.450792
0.485672
0.549295
0.656101
0.820983
1.02554
0.507323
0.505602
1.01378
0.823448
0.661307
0.55663
0.494863
0.458834
0.435388
0.421844
0.414899
0.413549
0.418102
0.429534
0.450132
0.485596
0.549231
0.653564
0.814554
1.02626
0.505876
0.50418
1.01134
0.819516
0.659669
0.556331
0.494737
0.457984
0.43541
0.421927
0.41489
0.413376
0.417592
0.428407
0.448231
0.483438
0.547214
0.649275
0.809461
1.02415
0.504948
0.502616
1.01031
0.814517
0.6582
0.556051
0.495141
0.458155
0.435634
0.422286
0.414982
0.413317
0.417137
0.427045
0.445724
0.480113
0.544533
0.644294
0.802067
1.01698
0.500481
0.501102
1.00115
0.813381
0.656292
0.556143
0.495804
0.459377
0.436008
0.422402
0.415052
0.413378
0.416759
0.425818
0.44307
0.475658
0.53951
0.639033
0.797972
1.01413
0.496181
0.499869
1.00426
0.81026
0.652995
0.556905
0.497067
0.458328
0.436401
0.422621
0.415378
0.413632
0.417133
0.425934
0.442588
0.474042
0.535959
0.634008
0.792355
1.00807
0.488663
0.498967
1.00787
0.806481
0.649458
0.55116
0.492973
0.458061
0.436001
0.4228
0.415781
0.413908
0.416888
0.426451
0.442056
0.472269
0.529532
0.627261
0.786201
1.00165
0.484335
0.497346
0.999336
0.803874
0.647514
0.546549
0.489386
0.455998
0.436384
0.423248
0.416119
0.414082
0.416726
0.425429
0.441734
0.471407
0.525995
0.624659
0.780108
0.986611
0.481031
0.496315
1.0055
0.800855
0.643788
0.545582
0.489029
0.455884
0.436535
0.423595
0.416506
0.41435
0.416846
0.424409
0.441893
0.471225
0.524061
0.62039
0.773287
0.97436
0.477529
0.491904
0.992371
0.795779
0.639364
0.544982
0.488693
0.455717
0.436542
0.423847
0.416864
0.414612
0.416719
0.423997
0.439211
0.465807
0.520328
0.61336
0.765997
0.967926
0.472741
0.486946
0.986742
0.790774
0.637431
0.546179
0.489137
0.456559
0.436412
0.424067
0.41722
0.414919
0.416867
0.423942
0.440621
0.464912
0.517014
0.60735
0.759176
0.964343
0.465586
0.483677
0.976378
0.78552
0.636354
0.544076
0.490201
0.45465
0.43579
0.424159
0.417377
0.41512
0.417247
0.423633
0.438148
0.463627
0.509023
0.603013
0.749725
0.958923
0.463401
0.482074
0.969245
0.780121
0.636267
0.541348
0.487072
0.453829
0.435891
0.424499
0.417591
0.415318
0.417473
0.423515
0.435419
0.456611
0.497022
0.590788
0.73767
0.952178
0.456587
0.47856
0.964005
0.773064
0.629246
0.537501
0.483833
0.453398
0.436732
0.425154
0.418427
0.416031
0.418188
0.424714
0.437186
0.4564
0.493522
0.57737
0.725957
0.947451
0.455222
0.471609
0.958109
0.76568
0.623253
0.534183
0.480458
0.452963
0.436356
0.425647
0.419161
0.416693
0.418508
0.424295
0.435752
0.457373
0.490712
0.567282
0.719548
0.94055
0.453831
0.464794
0.951084
0.756924
0.614938
0.52982
0.4798
0.454074
0.437337
0.426142
0.419642
0.417326
0.418911
0.424736
0.437241
0.452486
0.485127
0.562709
0.715074
0.934081
0.446944
0.463237
0.946016
0.746634
0.604844
0.523739
0.474927
0.45192
0.436832
0.426381
0.420212
0.417881
0.419216
0.425514
0.437166
0.452679
0.484088
0.561015
0.708584
0.927978
0.441114
0.461727
0.942529
0.736974
0.594076
0.515698
0.47332
0.451749
0.437394
0.426723
0.420319
0.418088
0.419326
0.425284
0.436867
0.452673
0.482349
0.556702
0.700334
0.920595
0.434472
0.460245
0.936039
0.726128
0.586555
0.507741
0.472078
0.45192
0.437106
0.42712
0.420765
0.41837
0.419513
0.424944
0.435898
0.453464
0.481459
0.55173
0.690182
0.913148
0.430488
0.443394
0.928002
0.713715
0.581848
0.505985
0.47184
0.453491
0.437948
0.427428
0.421286
0.418555
0.419705
0.425477
0.437582
0.456808
0.480763
0.544277
0.677067
0.902932
0.427366
0.431082
0.91422
0.698854
0.568246
0.503714
0.471376
0.450883
0.43694
0.427414
0.421567
0.418569
0.419784
0.424753
0.43499
0.452132
0.479518
0.539132
0.665133
0.887939
0.413119
0.415467
0.894819
0.684049
0.558909
0.499788
0.469756
0.450356
0.436785
0.427557
0.421858
0.419154
0.420234
0.424373
0.433101
0.44897
0.481819
0.53867
0.653162
0.871036
0.396946
0.403033
0.868325
0.663455
0.552358
0.496088
0.468095
0.451367
0.436997
0.427655
0.422085
0.419737
0.420836
0.425045
0.431536
0.445878
0.47336
0.540209
0.633868
0.848533
0.3799
0.384269
0.835644
0.635792
0.554473
0.495589
0.468148
0.449797
0.436918
0.427483
0.422065
0.42009
0.42103
0.424561
0.431478
0.447918
0.472442
0.527174
0.616078
0.825521
0.362045
0.366899
0.803385
0.605123
0.527295
0.493943
0.470673
0.45084
0.436253
0.427052
0.422085
0.420292
0.421192
0.425034
0.430702
0.445105
0.473616
0.515571
0.595536
0.798388
0.347488
0.351135
0.771
0.57462
0.509528
0.481608
0.46251
0.446917
0.434493
0.426124
0.421427
0.419922
0.420852
0.424013
0.429861
0.44101
0.465246
0.501337
0.574502
0.771814
0.336754
0.335549
0.741077
0.551221
0.489151
0.469915
0.456762
0.444151
0.432774
0.424988
0.420661
0.419416
0.420769
0.423806
0.42933
0.437767
0.459597
0.486401
0.554507
0.744489
0.323539
0.31856
0.711508
0.533257
0.473876
0.465068
0.455376
0.441638
0.43043
0.423015
0.419122
0.418256
0.420029
0.423668
0.429429
0.436447
0.451333
0.470729
0.53691
0.718469
0.309901
0.297752
0.679202
0.5264
0.468464
0.458752
0.449242
0.437072
0.426934
0.420147
0.416639
0.416141
0.418464
0.423611
0.43064
0.43564
0.445896
0.462308
0.524309
0.683349
0.292465
0.27594
0.635159
0.514585
0.466466
0.452307
0.443752
0.43226
0.422819
0.416611
0.413494
0.413239
0.415732
0.420901
0.428041
0.435414
0.449467
0.461446
0.509683
0.639451
0.270971
0.255163
0.59161
0.501869
0.45987
0.444769
0.436601
0.425923
0.41738
0.411867
0.409192
0.409212
0.411881
0.417362
0.425406
0.434669
0.442567
0.448822
0.479881
0.593531
0.259143
0.238568
0.536106
0.470563
0.449256
0.441054
0.429871
0.419075
0.411251
0.40646
0.404259
0.404418
0.406926
0.412118
0.420275
0.430726
0.444902
0.442743
0.469893
0.55582
0.257988
0.231456
0.48307
0.446754
0.438757
0.431413
0.420251
0.410802
0.404291
0.400355
0.398576
0.398784
0.401001
0.405533
0.412943
0.424048
0.43645
0.439294
0.447853
0.505643
0.261596
0.235006
0.451534
0.424663
0.428081
0.421782
0.411219
0.402951
0.397414
0.394103
0.39264
0.392871
0.394787
0.398589
0.404644
0.413513
0.425853
0.438695
0.437658
0.479762
0.248389
0.249141
0.439531
0.413278
0.416359
0.409676
0.40165
0.395263
0.390799
0.388041
0.38679
0.386949
0.38854
0.391702
0.396699
0.403809
0.412931
0.422741
0.430378
0.453012
0.249651
0.259128
0.43127
0.413518
0.409493
0.403848
0.395702
0.38942
0.385211
0.382684
0.381547
0.381655
0.383024
0.38576
0.390134
0.396363
0.404298
0.411179
0.415867
0.43571
0.252305
0.26839
0.427799
0.415809
0.410026
0.398607
0.389994
0.384217
0.380498
0.378283
0.377283
0.377346
0.378507
0.380872
0.384743
0.39043
0.398148
0.406339
0.415563
0.430552
0.269668
0.281631
0.426603
0.41793
0.404695
0.393799
0.385899
0.380584
0.377155
0.375125
0.374209
0.374235
0.375245
0.377376
0.380995
0.386593
0.3949
0.40718
0.42134
0.428887
0.28085
0.291912
0.428935
0.425873
0.406485
0.392588
0.383822
0.378386
0.375037
0.373144
0.372324
0.372327
0.37318
0.375075
0.3784
0.383731
0.392113
0.405389
0.424801
0.4307
0.293284
0.306953
0.438165
0.430833
0.405934
0.390897
0.382066
0.376895
0.373925
0.372367
0.371715
0.371713
0.372376
0.373947
0.376989
0.382329
0.391463
0.406613
0.433033
0.441703
0.30854
0.319234
0.450455
0.437785
0.406987
0.38996
0.380865
0.375984
0.373437
0.372201
0.371669
0.371667
0.372195
0.37342
0.375907
0.380736
0.389757
0.406802
0.437691
0.452342
0.31781
0.332192
0.470793
0.442313
0.40599
0.388166
0.379462
0.375199
0.37323
0.372284
0.37194
0.371941
0.372282
0.37323
0.375183
0.379449
0.388164
0.406038
0.442496
0.468988
0.332459
0.341102
0.486585
0.443854
0.402649
0.385301
0.377777
0.374515
0.37321
0.372691
0.372524
0.372526
0.37269
0.373211
0.374493
0.377745
0.385243
0.402608
0.443933
0.486623
0.341026
0.352086
0.495338
0.439393
0.396416
0.381553
0.376048
0.374171
0.373441
0.37321
0.37315
0.373156
0.373218
0.373466
0.374182
0.376084
0.381583
0.396467
0.439392
0.495318
0.352283
0.360741
0.495926
0.421596
0.385985
0.377186
0.37487
0.374099
0.373889
0.373847
0.373844
0.373846
0.373854
0.373905
0.374111
0.374878
0.377163
0.385839
0.421388
0.495803
0.35998
0.367987
0.431186
0.384838
0.377034
0.375277
0.374711
0.37462
0.374625
0.374633
0.374636
0.374635
0.374631
0.374623
0.374617
0.374714
0.375287
0.377098
0.384923
0.431367
0.368404
0.948354
1.55574
1.30269
1.04812
0.850568
0.702689
0.598138
0.529675
0.48947
0.470044
0.467426
0.482201
0.516332
0.577029
0.672733
0.815328
1.01755
1.28786
1.54711
0.919905
0.94913
1.54178
1.29248
1.04561
0.851778
0.703583
0.598177
0.529259
0.488831
0.469175
0.466307
0.481539
0.515736
0.576591
0.672572
0.814791
1.01226
1.28503
1.54177
0.919008
0.950793
1.55004
1.29761
1.04811
0.85303
0.70437
0.597849
0.5281
0.48726
0.467221
0.464455
0.48114
0.51514
0.576173
0.672027
0.813778
1.01627
1.282
1.52611
0.918187
0.95635
1.5582
1.30349
1.05071
0.854034
0.705184
0.59952
0.531173
0.490799
0.470621
0.465783
0.48108
0.513479
0.575623
0.671671
0.812051
1.014
1.27152
1.54384
0.919842
0.95822
1.54928
1.29672
1.05173
0.854625
0.705255
0.599251
0.531063
0.490496
0.470545
0.468072
0.48107
0.51378
0.575134
0.671402
0.812113
1.01123
1.27861
1.55413
0.920373
0.959595
1.57156
1.302
1.05405
0.854711
0.705214
0.598941
0.530461
0.489906
0.470068
0.467454
0.480358
0.511812
0.574366
0.670943
0.810599
1.00791
1.27222
1.5353
0.917651
0.956558
1.56899
1.30895
1.05627
0.854327
0.704527
0.597729
0.52973
0.489094
0.469039
0.466683
0.479949
0.512271
0.573582
0.669904
0.80858
0.999746
1.25736
1.53592
0.912663
0.956815
1.56798
1.31945
1.05811
0.853785
0.704776
0.59749
0.527978
0.488453
0.466828
0.465998
0.477976
0.512648
0.572578
0.669276
0.807094
1.0009
1.26625
1.53435
0.912469
0.95774
1.57773
1.32395
1.05376
0.853007
0.703304
0.597291
0.5286
0.487144
0.469218
0.46479
0.478202
0.512347
0.571974
0.668653
0.805889
0.997033
1.2652
1.54087
0.912399
0.946424
1.56887
1.31981
1.05102
0.851699
0.703426
0.597663
0.529613
0.488234
0.469131
0.466138
0.478587
0.511153
0.571211
0.667875
0.804979
0.996297
1.25332
1.52368
0.910152
0.948336
1.56608
1.31948
1.0497
0.850161
0.701829
0.597452
0.529689
0.486316
0.468636
0.465777
0.477459
0.51184
0.570833
0.665824
0.80314
0.995677
1.27088
1.52931
0.910768
0.948216
1.57934
1.31866
1.04838
0.849771
0.702239
0.596805
0.530285
0.488363
0.466694
0.464008
0.477299
0.511483
0.570787
0.665126
0.80119
0.993336
1.2681
1.52326
0.911932
0.950039
1.57842
1.31719
1.04901
0.849938
0.702064
0.597625
0.530623
0.486863
0.46786
0.46603
0.479388
0.510492
0.571289
0.664895
0.801615
0.993484
1.26787
1.52228
0.910326
0.951474
1.57686
1.30773
1.05035
0.850414
0.702266
0.597153
0.531692
0.489253
0.469178
0.465181
0.48045
0.512172
0.571332
0.664833
0.799548
0.995152
1.2648
1.5212
0.908896
0.95216
1.57718
1.31744
1.0472
0.850597
0.702866
0.598542
0.532315
0.491976
0.472381
0.468654
0.480829
0.513943
0.572901
0.665058
0.800949
0.989468
1.26441
1.52843
0.912332
0.953416
1.57261
1.31541
1.05108
0.850919
0.703086
0.598583
0.53259
0.492087
0.4728
0.468643
0.479107
0.513701
0.573202
0.666087
0.802968
0.996858
1.26308
1.51895
0.913379
0.954756
1.5719
1.30355
1.05291
0.850377
0.70344
0.599583
0.532876
0.490957
0.472632
0.468829
0.481018
0.513699
0.573532
0.666959
0.804192
1.00212
1.25515
1.54386
0.916892
0.953729
1.57106
1.30994
1.05056
0.851304
0.703783
0.600485
0.533693
0.493383
0.472917
0.468344
0.480833
0.51325
0.573889
0.667556
0.805015
1.00142
1.27186
1.54197
0.917043
0.950628
1.57098
1.31771
1.05464
0.852116
0.703425
0.600407
0.533663
0.493189
0.47256
0.466288
0.479024
0.511588
0.574097
0.668469
0.806078
0.997128
1.26762
1.54093
0.917757
0.950089
1.55706
1.31629
1.0537
0.851714
0.703272
0.60013
0.533689
0.493317
0.472816
0.468979
0.481366
0.512566
0.574358
0.668885
0.807405
0.999475
1.25604
1.5372
0.919296
0.950896
1.57123
1.30828
1.05069
0.850886
0.702993
0.599709
0.53339
0.493001
0.472561
0.468932
0.481516
0.513266
0.57459
0.669972
0.808797
1.00584
1.27065
1.53651
0.924018
0.951073
1.57216
1.31822
1.0542
0.850648
0.70282
0.600118
0.532986
0.492755
0.470395
0.468215
0.481046
0.514982
0.574828
0.670981
0.809904
1.00409
1.26936
1.51795
0.923146
0.952293
1.55738
1.31514
1.0495
0.849806
0.70259
0.599479
0.532052
0.492433
0.472575
0.467131
0.478604
0.515145
0.576749
0.671911
0.81099
0.996204
1.25913
1.53378
0.925692
0.954619
1.56607
1.30642
1.05185
0.849796
0.702704
0.599232
0.530961
0.492087
0.472568
0.469025
0.480291
0.514534
0.577364
0.673024
0.812612
1.0025
1.27411
1.55257
0.929755
0.957412
1.572
1.30792
1.05376
0.849635
0.702208
0.599052
0.5306
0.490027
0.470034
0.467111
0.481425
0.516932
0.578007
0.673867
0.813588
1.00447
1.27085
1.55463
0.931115
0.957047
1.57074
1.30612
1.05228
0.849341
0.702135
0.599186
0.530973
0.491501
0.471571
0.468055
0.48325
0.51745
0.578695
0.675235
0.814764
1.0007
1.25143
1.55226
0.933067
0.952727
1.55679
1.30806
1.0482
0.848486
0.701728
0.599097
0.531747
0.491184
0.471041
0.468893
0.482891
0.517461
0.578879
0.676587
0.817389
1.00496
1.25917
1.5528
0.936934
0.954245
1.5678
1.31329
1.05095
0.84825
0.701337
0.598408
0.531474
0.488978
0.469205
0.468338
0.482514
0.517634
0.578989
0.67741
0.818673
1.00598
1.26218
1.5497
0.937733
0.945106
1.5636
1.30838
1.0489
0.847684
0.701253
0.598482
0.531018
0.489596
0.467663
0.467734
0.481802
0.517625
0.578049
0.677359
0.819702
1.00997
1.25627
1.54668
0.937906
0.94338
1.54678
1.29508
1.04317
0.846646
0.701432
0.598643
0.531101
0.488053
0.468706
0.466453
0.479435
0.517577
0.578917
0.677101
0.820236
1.01199
1.25188
1.53321
0.938894
0.941513
1.54594
1.29974
1.04531
0.846657
0.700512
0.598361
0.532773
0.490503
0.47091
0.469798
0.48276
0.518053
0.579175
0.676678
0.820506
1.01492
1.26071
1.5457
0.944434
0.942208
1.54348
1.30443
1.04285
0.846559
0.700791
0.599119
0.533216
0.492965
0.468548
0.469765
0.484934
0.517333
0.578524
0.676237
0.819954
1.01613
1.26761
1.54711
0.940582
0.944154
1.54775
1.30381
1.04643
0.847102
0.701099
0.598766
0.53342
0.494392
0.471925
0.468724
0.485029
0.51905
0.578795
0.675822
0.818732
1.01137
1.26173
1.53679
0.941001
0.946453
1.53448
1.30113
1.04427
0.84714
0.70213
0.599054
0.532855
0.494473
0.475177
0.471767
0.485376
0.519237
0.578489
0.675211
0.8164
1.01113
1.26665
1.54898
0.948073
0.950437
1.55252
1.29695
1.0434
0.847359
0.703204
0.599485
0.532645
0.493161
0.475049
0.471374
0.485251
0.518934
0.579214
0.674973
0.815747
1.00891
1.26625
1.54734
0.943245
0.949537
1.56429
1.30901
1.04788
0.849625
0.704641
0.600434
0.53471
0.496418
0.475079
0.470026
0.483295
0.517431
0.579013
0.674798
0.814945
1.00637
1.26783
1.53333
0.943651
0.950159
1.56047
1.30617
1.04417
0.85023
0.705392
0.601645
0.534072
0.497222
0.474346
0.471107
0.485341
0.519032
0.578814
0.674064
0.813456
1.00311
1.25381
1.53794
0.950053
0.950272
1.55753
1.30523
1.04861
0.85145
0.706413
0.603287
0.537325
0.498256
0.477
0.472051
0.487173
0.520677
0.579706
0.673921
0.813227
1.00218
1.25274
1.53118
0.93844
0.953176
1.54464
1.29486
1.04696
0.852327
0.707319
0.604193
0.53858
0.49904
0.479904
0.473297
0.487024
0.520927
0.579767
0.673699
0.81126
1.00209
1.24862
1.51223
0.924173
0.953907
1.55467
1.30461
1.04625
0.854249
0.708218
0.604318
0.538563
0.497434
0.480533
0.474968
0.487223
0.520869
0.579448
0.673873
0.810528
1.00522
1.25167
1.52352
0.924489
0.955129
1.56679
1.30086
1.04859
0.854744
0.709736
0.605209
0.538828
0.499879
0.481654
0.476826
0.48875
0.520554
0.580532
0.674413
0.810701
1.00531
1.25583
1.52901
0.915282
0.956512
1.56597
1.30957
1.05009
0.85422
0.710727
0.605948
0.537487
0.499297
0.481845
0.478898
0.490496
0.523664
0.580882
0.674976
0.810384
1.00469
1.26017
1.52271
0.917044
0.952361
1.56084
1.30637
1.04741
0.851039
0.710727
0.606808
0.538953
0.497818
0.481568
0.47884
0.488563
0.524154
0.580346
0.675491
0.810723
1.0038
1.25163
1.54459
0.917932
0.948604
1.56009
1.30489
1.04751
0.849786
0.710039
0.607067
0.538145
0.50061
0.482002
0.479156
0.490741
0.525342
0.582357
0.67682
0.811631
1.00317
1.26106
1.5421
0.918343
0.947734
1.55636
1.29621
1.04492
0.848081
0.70777
0.606777
0.539498
0.50013
0.481635
0.479135
0.493154
0.526094
0.583341
0.678225
0.812592
1.00152
1.24932
1.53539
0.916369
0.951794
1.54815
1.29888
1.04309
0.847075
0.708106
0.606366
0.537842
0.49801
0.481431
0.479005
0.493693
0.526702
0.585378
0.680107
0.81409
0.999458
1.25297
1.51971
0.915318
0.951167
1.55949
1.29645
1.0403
0.845718
0.70408
0.605525
0.538316
0.499843
0.48126
0.476721
0.493768
0.527334
0.586884
0.681818
0.815419
1.00213
1.25802
1.52196
0.916103
0.946503
1.5461
1.28651
1.03793
0.844645
0.703637
0.605443
0.538592
0.499575
0.481476
0.478616
0.494168
0.527492
0.587163
0.68343
0.816296
1.00126
1.25683
1.52336
0.917906
0.943858
1.55232
1.28415
1.03562
0.840492
0.703058
0.604447
0.537959
0.498452
0.479463
0.479949
0.494547
0.527621
0.587013
0.683747
0.815871
0.999225
1.253
1.52737
0.910484
0.945768
1.55169
1.27921
1.03544
0.839578
0.703503
0.60409
0.536023
0.496168
0.480625
0.479611
0.49426
0.526506
0.587276
0.683443
0.814641
0.997914
1.25016
1.52623
0.913197
0.928464
1.54774
1.27681
1.0288
0.837719
0.700619
0.603123
0.536447
0.497698
0.479947
0.479168
0.494335
0.528142
0.588178
0.681667
0.815306
0.994869
1.23958
1.52172
0.907297
0.925664
1.5454
1.27355
1.0262
0.836325
0.698697
0.60253
0.535705
0.494904
0.476595
0.476626
0.493738
0.528013
0.587942
0.682036
0.811775
0.993776
1.2388
1.51745
0.905514
0.921197
1.53913
1.26973
1.02204
0.835512
0.699384
0.601693
0.534839
0.494589
0.477193
0.477944
0.493326
0.527666
0.587408
0.677686
0.808383
0.990695
1.2328
1.50336
0.905225
0.918463
1.53446
1.26623
1.01724
0.833314
0.695142
0.600561
0.533999
0.493997
0.478063
0.477615
0.492898
0.527227
0.587442
0.677462
0.807694
0.986925
1.22887
1.49996
0.905627
0.915566
1.51845
1.26185
1.01577
0.831807
0.69414
0.599815
0.531796
0.493132
0.477349
0.475282
0.49195
0.52644
0.586277
0.676973
0.805748
0.982441
1.22298
1.49176
0.906465
0.913647
1.5201
1.25711
1.0118
0.828208
0.693268
0.598978
0.530989
0.492741
0.476587
0.476378
0.491534
0.525883
0.586104
0.678442
0.806043
0.979475
1.21985
1.4878
0.901716
0.915181
1.50985
1.25162
1.00616
0.822004
0.692215
0.597505
0.529644
0.493673
0.474304
0.475659
0.489164
0.523868
0.585557
0.675156
0.802912
0.978493
1.21643
1.48727
0.904977
0.906713
1.50645
1.24532
0.998449
0.813507
0.692084
0.596012
0.528965
0.49351
0.476457
0.475343
0.489542
0.523806
0.583774
0.675498
0.799899
0.975398
1.21323
1.48932
0.891544
0.893359
1.496
1.23747
0.995033
0.811131
0.695114
0.593678
0.528671
0.492422
0.473896
0.473117
0.489987
0.523844
0.581851
0.67192
0.796017
0.971563
1.20998
1.49212
0.891788
0.880008
1.48645
1.22604
0.984196
0.807348
0.688179
0.590448
0.526095
0.491727
0.475596
0.475365
0.488638
0.52321
0.57988
0.667191
0.790266
0.963239
1.20529
1.4811
0.891158
0.879656
1.47901
1.21421
0.971038
0.799771
0.683711
0.587996
0.525105
0.490569
0.475012
0.474791
0.489907
0.522175
0.578005
0.663878
0.78583
0.95854
1.2006
1.48617
0.894446
0.873453
1.47052
1.20184
0.968296
0.796765
0.679202
0.585448
0.52361
0.489399
0.473985
0.472168
0.488909
0.521317
0.577474
0.665804
0.788415
0.959343
1.19475
1.47204
0.893392
0.870751
1.46395
1.19159
0.958737
0.795947
0.674662
0.583083
0.521747
0.487644
0.473
0.473654
0.488236
0.520063
0.57609
0.661576
0.782304
0.949641
1.18715
1.46838
0.893278
0.867586
1.45719
1.1824
0.945189
0.798559
0.670576
0.580512
0.519683
0.485866
0.471409
0.470594
0.485955
0.518651
0.572715
0.655991
0.784255
0.941589
1.17839
1.45924
0.888804
0.860596
1.44658
1.16722
0.93424
0.785759
0.664474
0.577091
0.516738
0.483439
0.469575
0.469632
0.484893
0.517804
0.572044
0.65422
0.775537
0.933031
1.16625
1.45228
0.880715
0.852912
1.43814
1.15428
0.919537
0.774995
0.656636
0.573305
0.514298
0.48114
0.467842
0.468137
0.483438
0.516558
0.571804
0.650644
0.767733
0.928937
1.15848
1.44343
0.884284
0.839933
1.42615
1.13488
0.911498
0.763555
0.647706
0.569361
0.510712
0.476799
0.463337
0.465959
0.481656
0.515126
0.57306
0.647616
0.756826
0.9206
1.15239
1.43772
0.857992
0.828195
1.41156
1.11174
0.887194
0.745493
0.639935
0.566233
0.508464
0.474852
0.462162
0.464747
0.47992
0.512333
0.569147
0.644309
0.749722
0.91191
1.1428
1.43026
0.847149
0.810324
1.39705
1.09797
0.865563
0.729243
0.632961
0.562212
0.505158
0.472745
0.461194
0.463325
0.477884
0.510361
0.566985
0.642469
0.751327
0.903847
1.13183
1.4247
0.845912
0.794248
1.38171
1.08701
0.85546
0.720762
0.635515
0.558914
0.501805
0.471094
0.461556
0.46298
0.475959
0.508096
0.563248
0.634227
0.73634
0.893574
1.11694
1.41153
0.844978
0.773611
1.36044
1.06495
0.846451
0.723373
0.628847
0.553801
0.498382
0.469179
0.460188
0.461527
0.473799
0.505827
0.560042
0.624619
0.728885
0.885301
1.10178
1.39919
0.818295
0.757395
1.33759
1.04458
0.828332
0.71048
0.630829
0.548905
0.494683
0.467005
0.456637
0.457818
0.470899
0.502838
0.55734
0.622892
0.729376
0.876553
1.0823
1.38442
0.80357
0.752046
1.31471
1.02441
0.824022
0.711541
0.621104
0.543425
0.491545
0.464899
0.455114
0.456385
0.468865
0.499539
0.553059
0.620493
0.720807
0.865641
1.06181
1.36632
0.801222
0.730083
1.29059
0.999973
0.820805
0.686335
0.610545
0.536847
0.487577
0.462709
0.452845
0.454186
0.466216
0.495737
0.549092
0.619745
0.723861
0.857038
1.04649
1.3416
0.77728
0.712273
1.27538
0.977379
0.795537
0.670846
0.602653
0.531328
0.484106
0.460197
0.450618
0.451555
0.463228
0.490961
0.542433
0.618621
0.709411
0.841821
1.02626
1.31518
0.774656
0.678611
1.25067
0.946479
0.77261
0.659623
0.594133
0.524773
0.480044
0.457453
0.448435
0.449459
0.460582
0.486902
0.535553
0.611873
0.708198
0.821095
0.985385
1.27915
0.736006
0.65707
1.23042
0.928438
0.75906
0.648596
0.584668
0.518084
0.475839
0.454283
0.445707
0.446651
0.457394
0.481934
0.52652
0.594512
0.682218
0.79762
0.956502
1.25445
0.705221
0.649088
1.19926
0.918398
0.761954
0.646186
0.576222
0.512003
0.472025
0.451092
0.442933
0.443976
0.454327
0.477477
0.518962
0.581696
0.659065
0.767463
0.929028
1.23222
0.699183
0.624168
1.16108
0.903238
0.741038
0.643034
0.56459
0.504567
0.46757
0.44792
0.439881
0.440806
0.450871
0.472798
0.511502
0.569516
0.638916
0.745948
0.916272
1.20333
0.692844
0.609139
1.12088
0.881866
0.720561
0.620813
0.553478
0.497791
0.46299
0.444436
0.436958
0.43788
0.447317
0.467944
0.50431
0.558979
0.623199
0.731725
0.886396
1.15228
0.664846
0.587465
1.07652
0.836375
0.689775
0.605556
0.541841
0.490103
0.458035
0.440673
0.433348
0.434155
0.443086
0.462265
0.495653
0.545392
0.597255
0.690953
0.837394
1.08829
0.604882
0.558939
1.03052
0.806314
0.670269
0.599608
0.532711
0.482903
0.452896
0.43664
0.429776
0.430391
0.43842
0.455968
0.486546
0.531918
0.572007
0.66247
0.793943
1.02356
0.552118
0.519246
0.988191
0.773953
0.655648
0.586853
0.519252
0.473246
0.446293
0.431752
0.425479
0.425867
0.43309
0.448922
0.47681
0.519591
0.554756
0.634792
0.75701
0.9589
0.503688
0.489288
0.937546
0.743116
0.643982
0.569545
0.503963
0.462789
0.438954
0.425992
0.420373
0.420694
0.426956
0.440705
0.465058
0.504407
0.546686
0.6077
0.708909
0.882936
0.470168
0.480132
0.887217
0.708036
0.627534
0.54154
0.484935
0.450439
0.430378
0.419374
0.414549
0.414834
0.420239
0.431958
0.452525
0.486572
0.540882
0.597084
0.669072
0.803962
0.425806
0.4308
0.818826
0.668662
0.579807
0.512473
0.465837
0.437683
0.421333
0.412291
0.408293
0.408519
0.412957
0.422523
0.439199
0.466598
0.508828
0.569101
0.617397
0.722392
0.376791
0.42414
0.754408
0.630806
0.54624
0.484476
0.446718
0.424725
0.411965
0.404882
0.401761
0.401946
0.405451
0.413024
0.426218
0.447824
0.481364
0.525688
0.575477
0.664856
0.338539
0.421563
0.672547
0.569612
0.500649
0.455769
0.428498
0.412351
0.402808
0.397428
0.395019
0.39513
0.397814
0.403607
0.413755
0.430449
0.456883
0.495339
0.54142
0.618436
0.330218
0.372939
0.601477
0.519849
0.468392
0.434297
0.413747
0.401592
0.3944
0.390347
0.388553
0.388636
0.390646
0.395002
0.402768
0.415893
0.437808
0.471682
0.513915
0.585993
0.321657
0.326926
0.532306
0.483494
0.441195
0.415971
0.40127
0.392402
0.387081
0.384095
0.382787
0.382841
0.384311
0.387482
0.393123
0.402517
0.418229
0.444993
0.488889
0.540565
0.318193
0.307142
0.48646
0.454138
0.423309
0.404408
0.392906
0.385703
0.381414
0.379076
0.378084
0.378121
0.379241
0.381725
0.386288
0.393995
0.406452
0.426713
0.46007
0.490691
0.314862
0.317827
0.470819
0.447543
0.416929
0.398448
0.38747
0.381016
0.377338
0.37543
0.374635
0.374648
0.375502
0.377459
0.381195
0.387735
0.3988
0.417322
0.447648
0.471839
0.320302
0.324448
0.4703
0.450154
0.416855
0.396374
0.384782
0.378348
0.374926
0.37334
0.372748
0.372744
0.373346
0.374923
0.378308
0.384727
0.396369
0.417154
0.449743
0.469775
0.322573
0.338575
0.478384
0.456452
0.41563
0.393335
0.382026
0.376458
0.373847
0.372715
0.372304
0.372298
0.372708
0.373833
0.376421
0.381957
0.393131
0.415256
0.455846
0.476733
0.337507
0.343979
0.490563
0.459017
0.413085
0.390642
0.380177
0.37544
0.373484
0.372663
0.372359
0.372356
0.372655
0.373477
0.375415
0.380138
0.390545
0.412911
0.459075
0.49111
0.345683
0.351783
0.502504
0.45998
0.409395
0.387413
0.378285
0.374679
0.373395
0.372908
0.372777
0.372777
0.372897
0.373388
0.374648
0.378343
0.387573
0.409706
0.460206
0.503362
0.35138
0.357897
0.514408
0.458051
0.403808
0.383856
0.376673
0.374295
0.373534
0.373338
0.373298
0.3733
0.373332
0.373538
0.374273
0.376573
0.383569
0.403374
0.457837
0.514295
0.357643
0.362029
0.518785
0.445652
0.394435
0.379331
0.375226
0.374142
0.373808
0.373736
0.373725
0.373732
0.373743
0.373828
0.37413
0.375248
0.379411
0.394567
0.445657
0.518403
0.362332
0.366457
0.504678
0.420215
0.383743
0.376384
0.374783
0.374276
0.37421
0.374212
0.374219
0.374218
0.374215
0.374219
0.374278
0.374775
0.376436
0.383592
0.420394
0.503929
0.365847
0.369832
0.431995
0.383824
0.375307
0.374801
0.374662
0.374727
0.374758
0.374765
0.374765
0.374765
0.374762
0.374752
0.374707
0.374587
0.374487
0.374561
0.38152
0.432383
0.37029
0.527475
1.05102
0.865682
0.692547
0.571318
0.500217
0.458721
0.435064
0.422093
0.41579
0.414692
0.419064
0.430501
0.453021
0.493991
0.566528
0.689029
0.86684
1.04845
0.521447
0.523212
1.04207
0.857538
0.692402
0.570511
0.500599
0.459009
0.435207
0.422367
0.416167
0.414969
0.419158
0.430545
0.453257
0.493878
0.564437
0.687951
0.865344
1.04533
0.520257
0.523953
1.04824
0.863088
0.693163
0.571735
0.5013
0.459098
0.435147
0.422013
0.41571
0.414576
0.419294
0.430479
0.452871
0.493714
0.565242
0.686797
0.86446
1.03907
0.519285
0.524156
1.05431
0.869541
0.693046
0.572257
0.500958
0.459176
0.43511
0.422272
0.415445
0.414253
0.418903
0.430394
0.453084
0.493664
0.56572
0.681932
0.86325
1.0457
0.518468
0.52373
1.05409
0.869355
0.692733
0.57322
0.501491
0.460122
0.435224
0.421595
0.414976
0.413828
0.418473
0.430363
0.452087
0.493139
0.566723
0.688085
0.862422
1.03458
0.516699
0.520579
1.05155
0.867584
0.688113
0.571676
0.501422
0.459714
0.435384
0.420908
0.414468
0.413305
0.417911
0.429577
0.451435
0.492458
0.565749
0.686869
0.859535
1.03995
0.516301
0.521981
1.05118
0.866871
0.693122
0.573116
0.501802
0.459237
0.434952
0.420607
0.414108
0.412826
0.417413
0.428957
0.451254
0.49209
0.562784
0.685064
0.857032
1.03159
0.515279
0.520015
1.04872
0.858524
0.691799
0.573223
0.502225
0.459355
0.43478
0.420522
0.413607
0.412259
0.416897
0.428282
0.45099
0.492288
0.564487
0.68479
0.849634
1.0428
0.51542
0.521997
1.04812
0.864951
0.687426
0.573578
0.502838
0.460298
0.43459
0.420733
0.41316
0.411744
0.416549
0.428301
0.451234
0.492087
0.565693
0.683677
0.856091
1.04062
0.514238
0.520572
1.04279
0.857979
0.690803
0.574076
0.503251
0.4604
0.434952
0.420279
0.412784
0.4114
0.416221
0.428644
0.450994
0.492299
0.565535
0.680116
0.854434
1.03674
0.513435
0.522061
1.03782
0.867792
0.695256
0.575497
0.504673
0.460748
0.434541
0.419821
0.412384
0.41115
0.415985
0.42831
0.451045
0.492231
0.565266
0.687464
0.844747
1.02828
0.513293
0.523129
1.04929
0.859822
0.694455
0.576352
0.505073
0.460683
0.434885
0.419613
0.412312
0.411169
0.415937
0.428179
0.451456
0.492476
0.56238
0.687817
0.853503
1.04174
0.518705
0.522416
1.03727
0.864715
0.693512
0.576558
0.505196
0.461312
0.43448
0.419526
0.412409
0.411384
0.416274
0.428721
0.452147
0.493053
0.564294
0.688239
0.862599
1.04404
0.522545
0.521231
1.04203
0.862583
0.689946
0.577395
0.506029
0.461157
0.434714
0.419859
0.412545
0.411494
0.41637
0.428688
0.452454
0.493741
0.563438
0.687135
0.857209
1.05873
0.525031
0.521576
1.03847
0.852405
0.693047
0.578712
0.506951
0.462247
0.435045
0.420029
0.412805
0.411753
0.416645
0.429214
0.452852
0.494296
0.564687
0.684251
0.871998
1.05981
0.522648
0.521404
1.02792
0.856944
0.693046
0.579902
0.507807
0.462977
0.435755
0.420324
0.413056
0.411957
0.416859
0.429431
0.453414
0.49531
0.566328
0.692579
0.873995
1.05855
0.524934
0.524041
1.0343
0.850573
0.689795
0.581172
0.508934
0.463653
0.436219
0.420666
0.413299
0.412148
0.417088
0.429867
0.45406
0.496472
0.567582
0.691605
0.87265
1.05719
0.52498
0.527527
1.04654
0.864971
0.695107
0.582945
0.510658
0.464683
0.43669
0.420956
0.413525
0.412412
0.417486
0.430354
0.454885
0.497572
0.570345
0.688602
0.872215
1.05719
0.527897
0.531051
1.04536
0.876504
0.697436
0.584611
0.511701
0.465534
0.437221
0.421334
0.413901
0.412721
0.417774
0.430642
0.455217
0.497996
0.572268
0.693724
0.869169
1.05353
0.526516
0.534713
1.06177
0.877172
0.699798
0.58626
0.511859
0.465883
0.43754
0.421598
0.414029
0.412875
0.417958
0.430867
0.455523
0.498202
0.571145
0.686569
0.857452
1.04351
0.525165
0.534498
1.05684
0.876721
0.701943
0.5868
0.511791
0.466291
0.437968
0.421923
0.41421
0.413116
0.418253
0.43121
0.455825
0.498721
0.570074
0.689751
0.861585
1.0481
0.52613
0.537011
1.06646
0.874661
0.703769
0.587303
0.51103
0.466289
0.438262
0.422158
0.41456
0.413398
0.418391
0.431235
0.455715
0.498977
0.571859
0.691803
0.86413
1.04478
0.527056
0.538029
1.0642
0.867327
0.7069
0.587732
0.510733
0.465963
0.43863
0.422425
0.414673
0.413571
0.418533
0.43113
0.45511
0.498483
0.572514
0.696083
0.871091
1.05709
0.527834
0.538995
1.06491
0.877532
0.709669
0.586864
0.510386
0.465509
0.438978
0.423028
0.415242
0.413968
0.41876
0.431067
0.454987
0.498094
0.573118
0.695221
0.861713
1.0597
0.52732
0.536292
1.05642
0.874397
0.70725
0.584971
0.509928
0.466063
0.439432
0.42355
0.415822
0.414359
0.418901
0.431407
0.454956
0.497546
0.570524
0.693907
0.871558
1.04972
0.52291
0.53539
1.05684
0.880272
0.704969
0.584209
0.509827
0.465262
0.4395
0.423822
0.416041
0.414457
0.41877
0.431072
0.454862
0.497092
0.570334
0.691486
0.860125
1.05743
0.525606
0.53399
1.05364
0.870496
0.698574
0.583657
0.51035
0.465427
0.439636
0.424085
0.416195
0.414599
0.418772
0.430762
0.454321
0.496318
0.56887
0.685995
0.865126
1.05803
0.52516
0.532452
1.05287
0.87122
0.699368
0.583372
0.509737
0.465439
0.439827
0.424227
0.416293
0.414619
0.418852
0.430616
0.45335
0.495384
0.568193
0.687483
0.869288
1.05717
0.524231
0.530945
1.05563
0.870684
0.697232
0.58204
0.508851
0.465929
0.439784
0.424341
0.41644
0.414633
0.418701
0.430444
0.45322
0.495114
0.56738
0.688466
0.865493
1.05366
0.522942
0.530121
1.05438
0.862174
0.695865
0.581808
0.508537
0.465287
0.439367
0.424267
0.416429
0.41452
0.418417
0.430057
0.45315
0.494734
0.566118
0.686412
0.861704
1.04958
0.52228
0.529457
1.05362
0.867305
0.695564
0.581543
0.508523
0.465967
0.439867
0.424198
0.416507
0.414724
0.418387
0.42961
0.452129
0.493456
0.564513
0.68049
0.859032
1.05013
0.522721
0.52989
1.0483
0.873524
0.695238
0.580949
0.50821
0.465038
0.439365
0.424259
0.416482
0.41463
0.418405
0.429598
0.452026
0.493015
0.563236
0.680423
0.854596
1.03861
0.520864
0.532085
1.05976
0.872779
0.695409
0.580805
0.508212
0.465733
0.440109
0.42474
0.416586
0.414657
0.418591
0.429206
0.451017
0.491425
0.561429
0.674218
0.850716
1.04551
0.521963
0.531028
1.05173
0.869743
0.695858
0.580499
0.508073
0.465111
0.440006
0.424809
0.416703
0.4146
0.418529
0.429163
0.450878
0.491281
0.560776
0.671644
0.837277
1.04415
0.520891
0.530732
1.06256
0.863626
0.692337
0.579978
0.507801
0.4651
0.440252
0.424929
0.41667
0.414483
0.418355
0.429064
0.450595
0.490142
0.559105
0.668783
0.836428
1.03908
0.51801
0.528829
1.06482
0.873267
0.694871
0.579206
0.507598
0.465207
0.440297
0.425065
0.416728
0.414407
0.418253
0.429145
0.450504
0.489804
0.557667
0.666017
0.833288
1.03792
0.515818
0.531728
1.06309
0.87075
0.69654
0.578633
0.507354
0.465556
0.439972
0.425124
0.416841
0.41444
0.418141
0.429326
0.450412
0.489633
0.557306
0.665152
0.833824
1.02914
0.513947
0.5284
1.06119
0.863343
0.694116
0.577656
0.507078
0.464272
0.440186
0.425308
0.416942
0.414474
0.418098
0.429509
0.450459
0.489717
0.55673
0.663702
0.825394
1.0394
0.510007
0.532491
1.06122
0.869936
0.68875
0.576321
0.507229
0.464071
0.439436
0.425348
0.41718
0.41464
0.418027
0.429191
0.450405
0.489376
0.556083
0.664869
0.82956
1.0399
0.509313
0.530699
1.04868
0.859739
0.687396
0.575529
0.505783
0.463849
0.439417
0.425359
0.41732
0.414765
0.418208
0.429228
0.450873
0.489379
0.555919
0.668197
0.834474
1.03774
0.507729
0.526538
1.05129
0.859252
0.686283
0.574198
0.504097
0.463313
0.439806
0.425216
0.417396
0.414899
0.418254
0.429187
0.450739
0.489508
0.555681
0.667294
0.832786
1.03635
0.506684
0.526555
1.05372
0.857313
0.684286
0.573365
0.503616
0.463243
0.438992
0.425038
0.417541
0.415068
0.418464
0.429452
0.451515
0.489781
0.556006
0.666377
0.822891
1.03533
0.506261
0.525876
1.0542
0.858041
0.684006
0.572946
0.503024
0.463555
0.438925
0.425458
0.417707
0.415277
0.418763
0.430029
0.452034
0.49049
0.555031
0.664034
0.833116
1.03452
0.505803
0.524259
1.05026
0.86013
0.682457
0.572164
0.502342
0.463155
0.438867
0.425132
0.417778
0.415526
0.419113
0.430535
0.452969
0.491597
0.556092
0.667166
0.838866
1.02369
0.504795
0.523272
1.04866
0.858384
0.681842
0.570257
0.501471
0.461985
0.438836
0.425633
0.418082
0.415881
0.419595
0.431109
0.453534
0.491484
0.556218
0.665762
0.836307
1.027
0.505011
0.521691
1.04636
0.850624
0.680831
0.569414
0.501127
0.462076
0.438897
0.425444
0.4181
0.416157
0.420076
0.431595
0.453927
0.491089
0.554921
0.66136
0.834413
1.02936
0.504445
0.52159
1.04627
0.854557
0.682826
0.569238
0.500926
0.462391
0.439117
0.425241
0.41802
0.416319
0.420451
0.432181
0.454565
0.491638
0.554977
0.662433
0.824907
1.02698
0.504373
0.519924
1.04476
0.847639
0.679071
0.567642
0.500278
0.463434
0.439928
0.425425
0.418122
0.416528
0.420659
0.43246
0.454755
0.490961
0.554845
0.659895
0.826725
1.01727
0.50189
0.519719
1.04333
0.852586
0.68088
0.567223
0.499735
0.462013
0.438843
0.425404
0.418311
0.416727
0.420935
0.432884
0.455281
0.491819
0.554879
0.661677
0.826244
1.02658
0.503597
0.517699
1.03309
0.842716
0.676156
0.565826
0.49906
0.460819
0.438011
0.424918
0.418188
0.416914
0.421374
0.433272
0.455373
0.491127
0.554316
0.659048
0.830383
1.02769
0.504166
0.515244
1.03678
0.845683
0.676174
0.565007
0.49897
0.461658
0.438158
0.424996
0.418368
0.41702
0.421495
0.433327
0.454743
0.491096
0.55381
0.658126
0.828702
1.01821
0.505628
0.513752
1.02923
0.839075
0.672499
0.564023
0.499074
0.460289
0.438102
0.425304
0.418345
0.417046
0.421547
0.433329
0.45415
0.491324
0.553583
0.657296
0.819887
1.03006
0.506864
0.512082
1.03428
0.842056
0.671415
0.562689
0.496872
0.460018
0.437714
0.424945
0.418247
0.41709
0.421459
0.433134
0.454525
0.491849
0.551921
0.655149
0.822157
1.02489
0.506133
0.509831
1.02415
0.832083
0.668423
0.561181
0.496233
0.460858
0.437834
0.425154
0.4184
0.417212
0.421632
0.432427
0.452666
0.491387
0.551454
0.653736
0.818947
1.02203
0.506535
0.508115
1.0241
0.829727
0.665668
0.558754
0.495591
0.459378
0.437696
0.424822
0.41841
0.417377
0.421706
0.432826
0.452098
0.490064
0.548488
0.651456
0.814631
1.01697
0.50518
0.504859
1.02236
0.824718
0.662876
0.555949
0.495046
0.459221
0.438315
0.42477
0.418447
0.417457
0.421734
0.43181
0.451214
0.488951
0.547977
0.649502
0.810994
1.00666
0.503916
0.503141
1.01998
0.821045
0.660525
0.554823
0.495736
0.459943
0.437609
0.42469
0.418444
0.417414
0.421511
0.431801
0.45065
0.487358
0.545878
0.646414
0.802953
1.01469
0.505193
0.499663
1.00735
0.815937
0.65816
0.55331
0.492584
0.458076
0.437759
0.424749
0.418499
0.417491
0.42162
0.432237
0.450051
0.485257
0.543249
0.644241
0.801403
1.00231
0.498869
0.498512
1.0078
0.812621
0.656189
0.551077
0.491781
0.457931
0.436917
0.424722
0.418616
0.417652
0.421442
0.431178
0.449327
0.48308
0.539587
0.640613
0.794696
1.00093
0.493965
0.495255
1.00352
0.807527
0.653153
0.549819
0.490654
0.456663
0.43695
0.424822
0.418795
0.417738
0.421538
0.431287
0.449179
0.48471
0.538754
0.637497
0.791219
0.998639
0.489972
0.492926
0.991684
0.80242
0.64971
0.548473
0.490353
0.456602
0.43779
0.425133
0.418914
0.417798
0.421587
0.431752
0.448505
0.483237
0.537826
0.632225
0.785509
0.992313
0.482729
0.487913
0.99036
0.79644
0.644808
0.54773
0.490817
0.456837
0.437347
0.424982
0.418959
0.417872
0.421538
0.430819
0.44784
0.482031
0.537545
0.627304
0.778223
0.970708
0.476937
0.482591
0.985389
0.790723
0.639373
0.547543
0.488916
0.455787
0.436814
0.425042
0.419102
0.417986
0.421816
0.430911
0.447228
0.479154
0.535093
0.622351
0.772624
0.96738
0.469175
0.480381
0.980504
0.784395
0.632645
0.542311
0.487522
0.454969
0.436325
0.424959
0.41914
0.418062
0.421516
0.429881
0.446679
0.476771
0.531885
0.61766
0.766338
0.962243
0.468214
0.478358
0.975829
0.777757
0.626695
0.54047
0.486022
0.453916
0.435739
0.425038
0.419341
0.418199
0.421401
0.429712
0.447426
0.476012
0.528937
0.610542
0.759549
0.95883
0.465186
0.47444
0.971513
0.770776
0.61903
0.532161
0.482732
0.453408
0.436411
0.425513
0.41948
0.418338
0.421225
0.429141
0.444119
0.473335
0.525304
0.604092
0.75316
0.95276
0.463942
0.472927
0.962009
0.764568
0.611416
0.527322
0.479229
0.45185
0.436071
0.425658
0.419872
0.418573
0.421396
0.429159
0.442481
0.470809
0.521627
0.601934
0.747868
0.946894
0.461544
0.470316
0.955818
0.758303
0.609216
0.528487
0.480797
0.452709
0.436092
0.425921
0.42033
0.418739
0.421601
0.430153
0.44185
0.468516
0.515689
0.599951
0.741888
0.941346
0.459573
0.458705
0.947125
0.748805
0.606337
0.522337
0.476759
0.450268
0.435388
0.425949
0.420606
0.418781
0.421574
0.428943
0.440796
0.464074
0.50763
0.590003
0.735588
0.936498
0.453339
0.453046
0.939837
0.741673
0.597009
0.517593
0.476729
0.449811
0.435439
0.426182
0.420857
0.41906
0.421706
0.428049
0.439655
0.459224
0.502618
0.585782
0.729249
0.931716
0.449994
0.452512
0.935265
0.736089
0.595628
0.517038
0.47431
0.449389
0.435634
0.426485
0.42117
0.419448
0.421856
0.428245
0.44097
0.45815
0.501041
0.58324
0.7208
0.925001
0.448416
0.446218
0.923877
0.721914
0.595399
0.51824
0.470272
0.448775
0.435777
0.426849
0.421518
0.419855
0.422089
0.428387
0.437969
0.456068
0.494481
0.572792
0.711087
0.918894
0.443156
0.437671
0.912813
0.70509
0.579012
0.50899
0.468599
0.448704
0.436147
0.427564
0.422223
0.420558
0.422468
0.427808
0.437431
0.454318
0.488395
0.567133
0.701086
0.911223
0.431647
0.418134
0.896488
0.681806
0.564538
0.499968
0.467753
0.449339
0.436651
0.428387
0.423372
0.421549
0.423031
0.428135
0.437488
0.453724
0.486641
0.565474
0.688104
0.902769
0.424874
0.408861
0.883597
0.664387
0.549053
0.493716
0.463529
0.447646
0.437452
0.428993
0.424035
0.422258
0.423455
0.428375
0.437293
0.452633
0.484239
0.551068
0.673037
0.893239
0.42064
0.402079
0.868605
0.644897
0.532751
0.490953
0.465132
0.44817
0.437322
0.429167
0.424108
0.422477
0.423872
0.429264
0.437509
0.452215
0.47757
0.537906
0.657683
0.8824
0.410524
0.389921
0.849271
0.633993
0.52535
0.482561
0.461161
0.448811
0.436738
0.429227
0.424549
0.422638
0.424123
0.428746
0.437468
0.452847
0.467879
0.517355
0.642528
0.869256
0.402354
0.380881
0.828414
0.623165
0.526083
0.47552
0.461839
0.44644
0.436337
0.429205
0.42448
0.422797
0.424171
0.428854
0.438514
0.451334
0.461992
0.503142
0.630289
0.851935
0.393472
0.370274
0.804185
0.608363
0.515919
0.473385
0.456081
0.445642
0.436098
0.428722
0.423898
0.422304
0.424001
0.428721
0.436621
0.446577
0.459847
0.498372
0.613456
0.829665
0.380786
0.357264
0.77608
0.58624
0.508684
0.472732
0.455573
0.446974
0.436577
0.427911
0.422924
0.421553
0.423525
0.42931
0.438634
0.445401
0.457733
0.492518
0.590861
0.802491
0.366331
0.34204
0.743148
0.558345
0.500501
0.470265
0.454121
0.443987
0.434338
0.426179
0.421514
0.420235
0.422332
0.427905
0.437074
0.447502
0.45864
0.471557
0.572575
0.77234
0.348041
0.32206
0.710965
0.548635
0.495547
0.462606
0.453365
0.444137
0.432186
0.424018
0.41961
0.418599
0.420783
0.426258
0.434815
0.441981
0.446965
0.464269
0.552944
0.732129
0.314482
0.299568
0.681106
0.53675
0.490531
0.460142
0.454299
0.439757
0.428315
0.420813
0.4169
0.416194
0.418494
0.423901
0.432532
0.444078
0.443924
0.457007
0.529394
0.682346
0.277486
0.279482
0.647235
0.52122
0.483576
0.456146
0.447615
0.434497
0.423797
0.41683
0.413292
0.412836
0.41522
0.420416
0.42818
0.437569
0.441397
0.451475
0.500793
0.633653
0.268044
0.273644
0.620883
0.504305
0.477493
0.45391
0.442714
0.428434
0.41826
0.412106
0.409151
0.40894
0.411257
0.416096
0.423147
0.43136
0.440067
0.446659
0.4646
0.587348
0.260518
0.270041
0.587232
0.483208
0.467598
0.452279
0.433586
0.420112
0.411448
0.406359
0.403998
0.404003
0.406246
0.410795
0.417343
0.424133
0.424626
0.425538
0.441659
0.537107
0.251546
0.250872
0.550511
0.476591
0.457753
0.438869
0.422489
0.411399
0.404382
0.400266
0.398393
0.398517
0.400573
0.404736
0.411022
0.418168
0.417029
0.421673
0.440743
0.511178
0.257982
0.243038
0.501724
0.452922
0.437809
0.422242
0.41073
0.402606
0.397173
0.393893
0.392401
0.392551
0.394331
0.397915
0.403541
0.410968
0.414461
0.420019
0.434141
0.483604
0.244497
0.245553
0.462638
0.422319
0.418353
0.410782
0.402018
0.395258
0.390679
0.38791
0.386664
0.386813
0.388359
0.391453
0.3964
0.403516
0.412412
0.411363
0.425451
0.455934
0.247383
0.250556
0.43445
0.417764
0.412483
0.40293
0.394767
0.388914
0.38499
0.382606
0.381526
0.381634
0.382948
0.385569
0.389801
0.395964
0.403857
0.408462
0.422643
0.437288
0.253499
0.267167
0.429517
0.414453
0.405448
0.396526
0.389247
0.383981
0.380437
0.378287
0.377315
0.37739
0.37854
0.380849
0.384581
0.38999
0.397224
0.405588
0.416544
0.429666
0.27081
0.277185
0.427943
0.420168
0.405156
0.393617
0.385879
0.380609
0.377187
0.37516
0.374255
0.374298
0.375323
0.377467
0.381102
0.38675
0.395299
0.407323
0.419767
0.427669
0.280998
0.295499
0.430158
0.424354
0.405026
0.391911
0.383608
0.378319
0.375029
0.373148
0.372336
0.372346
0.373204
0.375104
0.378449
0.383829
0.392357
0.405426
0.423348
0.429404
0.291871
0.306383
0.441088
0.432945
0.406459
0.391409
0.382333
0.377005
0.373956
0.372376
0.371719
0.371715
0.372376
0.37394
0.376952
0.382227
0.391285
0.406642
0.433454
0.440552
0.307037
0.319026
0.451163
0.437719
0.406992
0.389869
0.380794
0.375953
0.373437
0.372204
0.371672
0.371668
0.372195
0.373422
0.375937
0.380814
0.389898
0.406971
0.437699
0.451441
0.319308
0.332316
0.469308
0.442426
0.406028
0.388223
0.379509
0.375223
0.373238
0.372288
0.371942
0.371941
0.372282
0.373225
0.375162
0.3794
0.388083
0.405961
0.442644
0.470722
0.332132
0.34106
0.486818
0.443903
0.402663
0.3853
0.377773
0.374518
0.373212
0.372691
0.372523
0.372525
0.37269
0.373212
0.3745
0.377781
0.385309
0.402679
0.443981
0.486851
0.34131
0.352393
0.495317
0.439381
0.396416
0.381559
0.376054
0.374173
0.373442
0.373211
0.373151
0.373156
0.373218
0.373464
0.374176
0.376048
0.381496
0.396318
0.439264
0.495341
0.352285
0.360556
0.495891
0.421626
0.38602
0.377198
0.374874
0.3741
0.373889
0.373847
0.373845
0.373846
0.373856
0.373907
0.374116
0.374892
0.377217
0.386032
0.421673
0.495921
0.360707
0.368073
0.43121
0.384839
0.377024
0.375276
0.374712
0.374619
0.374625
0.374633
0.374635
0.374635
0.37463
0.374623
0.374617
0.374714
0.375282
0.377039
0.384815
0.431242
0.368024
0.200042
0.510415
0.45167
0.39852
0.366613
0.35106
0.344887
0.343418
0.34369
0.344454
0.345234
0.346081
0.347455
0.35075
0.358373
0.374368
0.405315
0.456314
0.507364
0.201159
0.199503
0.510804
0.450737
0.398665
0.367624
0.351659
0.345458
0.344128
0.34481
0.346656
0.347689
0.348619
0.349755
0.35281
0.359759
0.375405
0.405102
0.456806
0.506388
0.200829
0.199527
0.511843
0.453387
0.398236
0.367835
0.352046
0.345885
0.344445
0.344852
0.345738
0.346699
0.347769
0.348716
0.351735
0.359587
0.375447
0.406375
0.457215
0.508466
0.201429
0.198637
0.512208
0.454123
0.399571
0.368509
0.353363
0.347584
0.345356
0.346619
0.34685
0.346582
0.34703
0.349696
0.353239
0.360205
0.375557
0.406259
0.459565
0.508989
0.201973
0.199231
0.512531
0.453984
0.400404
0.368625
0.352574
0.346826
0.346601
0.346402
0.347211
0.347656
0.346903
0.348038
0.352145
0.359537
0.37575
0.4072
0.459715
0.511521
0.202963
0.199747
0.512419
0.453088
0.400889
0.368624
0.353329
0.348064
0.346423
0.34532
0.345817
0.34704
0.347021
0.347972
0.351266
0.358708
0.375696
0.408033
0.459573
0.512362
0.202887
0.200001
0.512436
0.457062
0.400539
0.368527
0.35253
0.347523
0.346065
0.345317
0.346923
0.346397
0.348011
0.349131
0.352285
0.358723
0.375647
0.407798
0.457666
0.510632
0.20235
0.199953
0.513559
0.457413
0.401794
0.368583
0.35291
0.347006
0.345046
0.344999
0.346295
0.345976
0.346249
0.347382
0.35048
0.358477
0.375609
0.407561
0.45929
0.511214
0.202071
0.198853
0.513908
0.457663
0.401092
0.368543
0.352025
0.345837
0.345826
0.345019
0.345613
0.347218
0.346659
0.347899
0.350763
0.358476
0.375757
0.407483
0.458899
0.510386
0.201791
0.200061
0.511402
0.457037
0.402418
0.368836
0.352115
0.345517
0.344292
0.345971
0.34655
0.346928
0.346879
0.348858
0.351953
0.359237
0.375222
0.406414
0.457983
0.509564
0.201186
0.199015
0.512886
0.454837
0.401342
0.368753
0.352936
0.345737
0.344146
0.344313
0.344704
0.345499
0.347332
0.347731
0.350407
0.358069
0.374886
0.405848
0.456486
0.508925
0.200735
0.200728
0.513155
0.45734
0.402662
0.36866
0.351847
0.346448
0.345219
0.345307
0.344454
0.344957
0.345911
0.348592
0.350345
0.358122
0.374706
0.406009
0.458194
0.510197
0.200586
0.200683
0.510615
0.457224
0.402419
0.368426
0.351239
0.344508
0.342979
0.34347
0.344274
0.345808
0.345593
0.348041
0.350242
0.357583
0.374294
0.405771
0.456451
0.510235
0.200969
0.200872
0.512888
0.455483
0.400639
0.367952
0.351251
0.344522
0.343072
0.343698
0.344087
0.344455
0.345315
0.348144
0.350523
0.35811
0.374142
0.406419
0.45775
0.509027
0.200464
0.200689
0.511797
0.457608
0.401524
0.368005
0.351269
0.344617
0.343309
0.345185
0.344636
0.344583
0.345217
0.347879
0.350819
0.357084
0.373662
0.406161
0.457618
0.509575
0.20088
0.201524
0.514347
0.457901
0.400167
0.368301
0.351532
0.34478
0.343182
0.343732
0.34569
0.345738
0.345279
0.347472
0.351129
0.356984
0.373399
0.40469
0.457077
0.510443
0.200964
0.201111
0.513822
0.457927
0.401744
0.368687
0.351759
0.344874
0.343595
0.344597
0.344545
0.34499
0.345611
0.346882
0.349953
0.356726
0.37339
0.404851
0.456214
0.510429
0.200743
0.200962
0.51344
0.4581
0.402993
0.369013
0.352908
0.345291
0.343244
0.343118
0.343452
0.343859
0.344343
0.345693
0.349609
0.356738
0.373071
0.404943
0.458683
0.51152
0.201236
0.1999
0.51184
0.45815
0.402064
0.368871
0.352752
0.34664
0.345298
0.345248
0.345594
0.345943
0.346069
0.345664
0.348345
0.355961
0.372756
0.404753
0.458093
0.510985
0.200071
0.200773
0.514334
0.458435
0.403927
0.369125
0.352017
0.345287
0.344244
0.344281
0.344645
0.344981
0.345403
0.346561
0.348638
0.356786
0.372935
0.405756
0.457987
0.510672
0.20043
0.199752
0.513747
0.45906
0.404142
0.369205
0.352007
0.345106
0.343299
0.343317
0.34369
0.343939
0.34422
0.345151
0.348367
0.356142
0.3728
0.405768
0.458024
0.509339
0.200545
0.20138
0.515143
0.458919
0.403805
0.369119
0.352519
0.345559
0.343572
0.343489
0.343898
0.344103
0.3444
0.345551
0.348739
0.356987
0.37291
0.405691
0.45806
0.509758
0.20017
0.200323
0.514687
0.458831
0.40343
0.369107
0.353071
0.346035
0.345275
0.344111
0.345844
0.346154
0.345257
0.346138
0.349026
0.356419
0.372908
0.405657
0.457722
0.510009
0.200913
0.201469
0.514735
0.458121
0.403
0.368911
0.352938
0.346865
0.344213
0.343749
0.345144
0.345815
0.346708
0.34827
0.351003
0.357772
0.373266
0.405341
0.45772
0.511091
0.200874
0.200492
0.512742
0.457766
0.402688
0.368776
0.352324
0.345951
0.345281
0.343806
0.344031
0.344582
0.345505
0.347812
0.350698
0.357821
0.373779
0.4046
0.457296
0.511346
0.201026
0.201454
0.514046
0.455409
0.401445
0.368798
0.352493
0.345904
0.343965
0.343729
0.344024
0.344523
0.345395
0.347768
0.350508
0.357797
0.374116
0.405923
0.455812
0.509129
0.199624
0.200427
0.513573
0.456441
0.402016
0.369083
0.353913
0.347815
0.345995
0.345877
0.345896
0.34514
0.345646
0.347181
0.350532
0.358548
0.37427
0.406656
0.458945
0.509982
0.20005
0.20046
0.512526
0.45426
0.401007
0.369069
0.353633
0.346943
0.344906
0.344695
0.344574
0.345062
0.34575
0.34744
0.351554
0.357975
0.374119
0.405661
0.458219
0.509252
0.199757
0.200825
0.512552
0.45654
0.402167
0.369055
0.353324
0.345768
0.343533
0.343493
0.344538
0.346391
0.347182
0.348657
0.350729
0.358609
0.374535
0.406707
0.456112
0.509397
0.199907
0.200706
0.513481
0.454334
0.4007
0.36859
0.352671
0.345613
0.343318
0.343416
0.344509
0.345186
0.345561
0.346941
0.351108
0.358426
0.374698
0.406927
0.457774
0.508542
0.200107
0.199562
0.513316
0.455408
0.401189
0.368995
0.353822
0.346871
0.343555
0.343504
0.345733
0.346383
0.345631
0.346685
0.349976
0.357639
0.374514
0.406714
0.456293
0.510953
0.200079
0.199723
0.512756
0.454731
0.400739
0.368129
0.35217
0.345114
0.343408
0.342944
0.34375
0.3446
0.345423
0.346884
0.350064
0.357616
0.374549
0.40648
0.458483
0.511125
0.201302
0.199656
0.511942
0.453816
0.400054
0.367597
0.352152
0.344892
0.342834
0.343121
0.344207
0.345032
0.345922
0.347461
0.35154
0.357932
0.374638
0.407486
0.459633
0.511098
0.20128
0.199738
0.511928
0.451552
0.398953
0.367089
0.351133
0.345887
0.34315
0.343496
0.345693
0.346986
0.347913
0.348239
0.351121
0.357815
0.374366
0.406091
0.458613
0.512781
0.201674
0.199174
0.512399
0.45414
0.400356
0.367368
0.35114
0.344779
0.34304
0.343483
0.345432
0.345746
0.346893
0.348565
0.352555
0.358029
0.374401
0.40615
0.457157
0.511921
0.200398
0.200601
0.51312
0.456559
0.401465
0.367606
0.351294
0.3451
0.344361
0.343797
0.344604
0.345882
0.348138
0.349974
0.352021
0.357946
0.374175
0.406399
0.458808
0.511879
0.201063
0.200446
0.513125
0.456551
0.401379
0.367766
0.352375
0.345847
0.343262
0.344523
0.345589
0.346108
0.346598
0.348404
0.350692
0.357823
0.374117
0.405289
0.456001
0.511184
0.200837
0.200454
0.5138
0.456792
0.401174
0.367496
0.351679
0.344869
0.342941
0.343744
0.343806
0.344566
0.345528
0.347093
0.350399
0.358709
0.374445
0.406733
0.456878
0.509672
0.200989
0.198683
0.512476
0.455756
0.400506
0.367276
0.351244
0.34634
0.344383
0.343002
0.344668
0.345803
0.346877
0.34845
0.351419
0.358399
0.374292
0.406701
0.458337
0.510804
0.20078
0.199585
0.512321
0.454878
0.399967
0.367279
0.351261
0.345754
0.343782
0.342705
0.342992
0.343814
0.344804
0.346365
0.349754
0.357422
0.374074
0.406561
0.458364
0.510881
0.200744
0.198144
0.511518
0.452344
0.398168
0.366912
0.351828
0.34486
0.343018
0.343736
0.342852
0.343449
0.344389
0.345999
0.349424
0.357099
0.373685
0.404929
0.455904
0.511623
0.199859
0.198489
0.511568
0.453853
0.399714
0.366898
0.351138
0.345532
0.343835
0.343316
0.34284
0.343544
0.344459
0.34607
0.349474
0.357016
0.373502
0.404834
0.455864
0.509524
0.199392
0.198874
0.510746
0.455175
0.400507
0.366977
0.350697
0.344215
0.342237
0.342266
0.342838
0.343525
0.344318
0.345889
0.349289
0.356694
0.373312
0.404306
0.456496
0.509359
0.198986
0.199866
0.512568
0.455524
0.400704
0.367214
0.351201
0.345234
0.343839
0.343982
0.344465
0.344047
0.344539
0.346064
0.349503
0.356564
0.372838
0.403897
0.456142
0.508277
0.198669
0.199901
0.512546
0.453352
0.400439
0.367233
0.351462
0.345858
0.342756
0.342521
0.343068
0.344734
0.345529
0.346909
0.350589
0.356468
0.371976
0.4035
0.455431
0.507574
0.198465
0.199481
0.512166
0.455215
0.400654
0.367552
0.352592
0.346206
0.342908
0.342534
0.342619
0.342795
0.34315
0.344327
0.349059
0.356456
0.371648
0.40299
0.454994
0.508186
0.197759
0.199182
0.51153
0.454835
0.400501
0.367604
0.352508
0.346374
0.34335
0.34319
0.343087
0.342964
0.343091
0.343664
0.34735
0.35419
0.36987
0.400979
0.452648
0.506572
0.198173
0.198206
0.511302
0.454737
0.400208
0.367568
0.351938
0.345574
0.343585
0.344724
0.344506
0.343191
0.343484
0.343289
0.345681
0.352742
0.368993
0.400927
0.453385
0.508354
0.198325
0.198919
0.510279
0.453932
0.399648
0.367611
0.352815
0.346626
0.34333
0.343903
0.343053
0.343098
0.344154
0.343529
0.345754
0.352685
0.368737
0.399751
0.452853
0.506749
0.198041
0.19957
0.510963
0.453316
0.399347
0.367394
0.351574
0.345195
0.343185
0.342892
0.343142
0.34311
0.343097
0.343521
0.345792
0.352591
0.368603
0.399406
0.450687
0.507382
0.197924
0.199229
0.508897
0.450808
0.398493
0.367273
0.351974
0.345643
0.343653
0.343383
0.343827
0.345179
0.345308
0.345598
0.346448
0.353488
0.368494
0.399481
0.451765
0.506366
0.197592
0.198779
0.508847
0.450682
0.397793
0.367656
0.352371
0.346033
0.344138
0.345081
0.345552
0.345552
0.345205
0.345537
0.346669
0.352802
0.368015
0.398406
0.451305
0.50781
0.196984
0.198347
0.507811
0.451247
0.398391
0.368003
0.353803
0.346649
0.344388
0.344018
0.344329
0.344415
0.344629
0.345848
0.347996
0.353451
0.368056
0.398358
0.450575
0.507376
0.197917
0.197017
0.507445
0.450947
0.398502
0.367997
0.35332
0.34699
0.344858
0.344656
0.345965
0.345842
0.346265
0.346614
0.348323
0.354038
0.368066
0.397439
0.449798
0.507036
0.197619
0.196893
0.506599
0.450299
0.397664
0.368236
0.353961
0.349135
0.34724
0.346547
0.34517
0.34484
0.344886
0.346213
0.348371
0.353858
0.367288
0.396422
0.448158
0.504821
0.197098
0.196848
0.506436
0.449937
0.398485
0.369313
0.355415
0.349324
0.347273
0.346925
0.346816
0.34545
0.345105
0.345644
0.348311
0.353971
0.367195
0.39584
0.447272
0.504276
0.196394
0.197216
0.505602
0.449302
0.397922
0.369799
0.355491
0.349334
0.34724
0.347175
0.347461
0.347044
0.345935
0.346026
0.347997
0.354106
0.367139
0.395745
0.446379
0.50201
0.195964
0.196933
0.505135
0.447448
0.398413
0.370624
0.357395
0.350254
0.348064
0.348469
0.348354
0.347928
0.34671
0.346922
0.348681
0.354609
0.367361
0.395592
0.444659
0.501948
0.195233
0.196612
0.504656
0.446659
0.397601
0.370905
0.358195
0.352383
0.350273
0.349625
0.349437
0.349209
0.348939
0.348132
0.349621
0.355239
0.367595
0.395329
0.44382
0.50103
0.195166
0.196307
0.502671
0.4458
0.39747
0.370937
0.358531
0.352507
0.350414
0.349998
0.349961
0.350341
0.350315
0.350779
0.352297
0.356742
0.368462
0.394761
0.443355
0.500869
0.195004
0.195168
0.502227
0.445109
0.396885
0.370542
0.358498
0.353575
0.352929
0.351461
0.351337
0.352195
0.352004
0.352227
0.353947
0.358225
0.369373
0.394846
0.443185
0.501321
0.193938
0.194844
0.500175
0.443984
0.396817
0.371031
0.359578
0.356065
0.35489
0.354638
0.35444
0.354018
0.353685
0.35409
0.355315
0.359356
0.370041
0.39444
0.441314
0.50114
0.194359
0.194293
0.499709
0.442544
0.396581
0.372556
0.361986
0.358059
0.356517
0.355772
0.355533
0.355377
0.355292
0.355601
0.356786
0.360721
0.371047
0.39498
0.442376
0.500561
0.194148
0.194062
0.498796
0.441734
0.396098
0.37347
0.36347
0.359486
0.357886
0.357248
0.357001
0.35679
0.356668
0.357073
0.358448
0.362206
0.371829
0.394645
0.440181
0.49983
0.193772
0.193496
0.497481
0.440213
0.395801
0.373915
0.364431
0.36078
0.359376
0.358827
0.358547
0.358362
0.358293
0.358586
0.359842
0.363491
0.372791
0.394372
0.439608
0.498635
0.192772
0.192455
0.496872
0.438779
0.395642
0.374042
0.365539
0.362038
0.360612
0.359996
0.359692
0.359522
0.359515
0.35993
0.36123
0.364632
0.373392
0.394138
0.438704
0.498002
0.193136
0.19224
0.496206
0.437519
0.394322
0.373211
0.366332
0.363325
0.361955
0.361317
0.361001
0.360875
0.360912
0.361231
0.362205
0.364776
0.372836
0.393343
0.436624
0.495432
0.192461
0.191521
0.493596
0.435646
0.392815
0.374287
0.366882
0.364201
0.363062
0.36248
0.362171
0.362052
0.362096
0.362371
0.363005
0.363924
0.371313
0.393027
0.435599
0.494576
0.19172
0.190847
0.492184
0.43338
0.39109
0.372453
0.366467
0.365021
0.3642
0.363681
0.36337
0.363233
0.36322
0.363329
0.363573
0.363686
0.371568
0.391602
0.43404
0.49376
0.191598
0.190125
0.490455
0.431514
0.388732
0.370581
0.364855
0.365442
0.365137
0.364767
0.364482
0.364313
0.364217
0.364142
0.364035
0.364361
0.36891
0.390802
0.432248
0.492721
0.191276
0.189301
0.488499
0.428836
0.384651
0.368846
0.364018
0.365824
0.366032
0.365846
0.3656
0.365399
0.365182
0.36475
0.363644
0.362138
0.36791
0.388517
0.429901
0.489986
0.189683
0.188431
0.486819
0.42622
0.38127
0.366177
0.364694
0.365992
0.366858
0.366911
0.366727
0.366492
0.366157
0.365395
0.362904
0.362033
0.367834
0.387222
0.427933
0.488659
0.18908
0.18682
0.484853
0.422325
0.376394
0.363528
0.361576
0.365698
0.367571
0.367999
0.367948
0.367725
0.367353
0.366686
0.365402
0.362311
0.367097
0.385131
0.424617
0.48694
0.188254
0.185275
0.481849
0.418255
0.373884
0.363136
0.361321
0.364789
0.368331
0.369233
0.369311
0.369049
0.368503
0.367506
0.365746
0.363557
0.366716
0.382552
0.420976
0.484693
0.187148
0.182227
0.477334
0.412629
0.370984
0.358995
0.361031
0.366883
0.369749
0.370722
0.370871
0.370562
0.369833
0.368451
0.365966
0.362138
0.36439
0.378577
0.41599
0.480291
0.185141
0.178891
0.472721
0.407616
0.3698
0.358556
0.362631
0.36622
0.370694
0.372225
0.372555
0.372231
0.37133
0.369572
0.366312
0.360417
0.361195
0.374821
0.411054
0.476693
0.182874
0.175609
0.467498
0.400578
0.369881
0.357945
0.361012
0.367208
0.372367
0.374072
0.374465
0.374101
0.373043
0.370973
0.367167
0.36031
0.358697
0.371055
0.405205
0.472539
0.180076
0.172164
0.461455
0.393421
0.364632
0.357264
0.36127
0.370217
0.374183
0.375944
0.376441
0.376065
0.374872
0.372558
0.368519
0.362119
0.359432
0.36806
0.39893
0.465711
0.175577
0.166637
0.453503
0.385935
0.361385
0.358526
0.361701
0.370791
0.375534
0.377718
0.378397
0.378021
0.376666
0.373969
0.369105
0.360315
0.356362
0.364074
0.390779
0.457863
0.17068
0.161378
0.443944
0.376703
0.355335
0.354871
0.36232
0.370712
0.37641
0.379146
0.380112
0.379811
0.37836
0.375394
0.369984
0.360071
0.35319
0.358151
0.380559
0.446597
0.164315
0.155527
0.432439
0.366872
0.349439
0.351907
0.359888
0.368901
0.376268
0.379935
0.381305
0.38112
0.379621
0.376477
0.370659
0.360472
0.352508
0.35201
0.369128
0.434007
0.157361
0.150551
0.419258
0.355254
0.34233
0.35034
0.360069
0.369303
0.375535
0.379593
0.381568
0.381511
0.379978
0.376821
0.371196
0.360611
0.353497
0.345452
0.356545
0.419206
0.150252
0.144632
0.405846
0.34958
0.338811
0.349226
0.36287
0.370019
0.37699
0.379324
0.380747
0.38048
0.378759
0.375648
0.370831
0.360516
0.350171
0.339044
0.344742
0.403976
0.143867
0.139484
0.390743
0.345936
0.341411
0.352828
0.363397
0.370351
0.376077
0.379318
0.38159
0.380777
0.37899
0.375554
0.369827
0.361228
0.349216
0.336837
0.338521
0.387916
0.138365
0.135739
0.373897
0.33746
0.339716
0.352595
0.362744
0.370747
0.376198
0.379421
0.380824
0.380626
0.379144
0.375953
0.370545
0.36288
0.353847
0.340526
0.334279
0.369903
0.134062
0.135904
0.361652
0.33211
0.339943
0.354215
0.363912
0.371644
0.377477
0.380891
0.381907
0.381062
0.379696
0.377917
0.373364
0.366384
0.354327
0.340251
0.328427
0.352524
0.133894
0.139698
0.348676
0.332316
0.344193
0.356012
0.365609
0.372413
0.377092
0.379844
0.380981
0.380744
0.379507
0.377533
0.372772
0.367039
0.356374
0.343354
0.329937
0.343248
0.139231
0.143553
0.338214
0.33176
0.347872
0.360213
0.367079
0.37386
0.378068
0.380249
0.381127
0.380919
0.379765
0.377135
0.374008
0.368898
0.361652
0.351263
0.335606
0.338465
0.145634
0.152764
0.333969
0.336855
0.352307
0.360919
0.367559
0.372295
0.376247
0.378098
0.378913
0.378976
0.378241
0.376721
0.373155
0.368798
0.362711
0.354222
0.339848
0.335035
0.156038
0.161747
0.330218
0.343299
0.356832
0.364915
0.368906
0.373034
0.374852
0.375679
0.376025
0.376098
0.375886
0.375174
0.373646
0.371005
0.366484
0.358865
0.345003
0.334495
0.164404
0.174905
0.330313
0.348847
0.361914
0.367373
0.369712
0.372011
0.372823
0.373108
0.373225
0.373287
0.373298
0.37312
0.372424
0.370375
0.36818
0.362662
0.350085
0.331833
0.1769
0.190273
0.331932
0.356949
0.366813
0.370226
0.371366
0.371582
0.371426
0.371222
0.371112
0.371133
0.37129
0.371491
0.371571
0.370923
0.370304
0.367129
0.357481
0.33476
0.191564
0.207557
0.340164
0.364728
0.371525
0.372571
0.371833
0.371268
0.370575
0.370056
0.369798
0.369805
0.370091
0.370615
0.371346
0.371985
0.372565
0.371725
0.365336
0.340732
0.207829
0.226807
0.35076
0.374833
0.376867
0.375055
0.372776
0.371309
0.370291
0.369602
0.36927
0.369266
0.369603
0.37029
0.371362
0.372724
0.374896
0.376571
0.374249
0.350212
0.226686
0.247499
0.366132
0.385191
0.382192
0.377802
0.374427
0.37214
0.370621
0.369765
0.369374
0.369368
0.369743
0.370554
0.371949
0.374314
0.3777
0.382119
0.385537
0.366849
0.247494
0.269796
0.388286
0.396801
0.386441
0.379402
0.375222
0.372697
0.371178
0.370312
0.36992
0.369919
0.370307
0.37117
0.372681
0.375191
0.379379
0.386414
0.396466
0.386836
0.26895
0.291002
0.412202
0.405679
0.388607
0.380101
0.375668
0.373213
0.371812
0.371056
0.370728
0.370726
0.371053
0.371808
0.373201
0.375667
0.380083
0.388613
0.405769
0.412947
0.291977
0.314813
0.435589
0.409586
0.388989
0.380045
0.375732
0.373562
0.372451
0.371909
0.371692
0.371695
0.371917
0.372467
0.373566
0.375742
0.380045
0.389015
0.409639
0.435673
0.314201
0.33814
0.445211
0.407107
0.385665
0.378028
0.375008
0.37373
0.373169
0.372934
0.372852
0.372855
0.372944
0.373188
0.373748
0.375023
0.378039
0.385672
0.40713
0.445304
0.338636
0.364446
0.421998
0.386582
0.37753
0.375374
0.374617
0.374343
0.37427
0.374254
0.374251
0.374251
0.374253
0.37427
0.374343
0.374619
0.375374
0.377522
0.386559
0.421967
0.364299
)
;

boundaryField
{
    fixedWalls_1
    {
        type            kqRWallFunction;
        value           nonuniform List<scalar> 
200
(
0.19752
0.19566
0.196945
0.197119
0.198983
0.198434
0.198054
0.197453
0.19626
0.197754
0.196021
0.196634
0.197468
0.197533
0.196168
0.196676
0.196647
0.197381
0.196618
0.198322
0.197296
0.198663
0.198727
0.197473
0.198962
0.198926
0.198105
0.197859
0.198507
0.199612
0.199484
0.201425
0.202249
0.201032
0.201629
0.201403
0.200542
0.200308
0.199274
0.19817
0.198274
0.1993
0.198383
0.199933
0.200256
0.198502
0.198762
0.198682
0.197223
0.197379
0.197699
0.197585
0.197655
0.197392
0.196492
0.195305
0.19505
0.195496
0.194778
0.195437
0.194959
0.193796
0.193416
0.192869
0.192228
0.191685
0.190453
0.189865
0.189088
0.188415
0.187169
0.185814
0.184557
0.182987
0.181508
0.179141
0.176678
0.173822
0.169781
0.164943
0.159774
0.153912
0.148418
0.141999
0.137058
0.136364
0.140132
0.146501
0.153129
0.164962
0.175829
0.190913
0.208408
0.226181
0.247585
0.2691
0.291205
0.314733
0.337605
0.364592
0.19921
0.198639
0.198472
0.197954
0.197903
0.19777
0.197099
0.198107
0.199403
0.20069
0.201665
0.20103
0.198773
0.198059
0.196429
0.195719
0.195653
0.196489
0.196583
0.198292
0.198327
0.198464
0.19829
0.198186
0.199587
0.200528
0.200453
0.200813
0.200131
0.199143
0.199654
0.198771
0.199384
0.199062
0.19795
0.198192
0.198499
0.198537
0.197654
0.199008
0.198892
0.198764
0.198757
0.198537
0.198171
0.197906
0.197497
0.196817
0.197355
0.197302
0.196437
0.196191
0.196359
0.19488
0.195589
0.196155
0.196258
0.196375
0.196648
0.196299
0.194987
0.194855
0.194844
0.194623
0.193693
0.193262
0.192285
0.191196
0.190028
0.189399
0.187998
0.186829
0.18577
0.184279
0.183149
0.180669
0.178007
0.174244
0.168827
0.162908
0.155672
0.148774
0.143294
0.139576
0.137799
0.13818
0.142836
0.146622
0.156283
0.16505
0.176847
0.191302
0.207505
0.226942
0.24716
0.26939
0.291226
0.314717
0.337984
0.364495
)
;
    }
    frontAndBack_1
    {
        type            empty;
    }
    inlet_1
    {
        type            fixedValue;
        value           uniform 0.375;
    }
    outlet_1
    {
        type            zeroGradient;
    }
    fixedWalls_2
    {
        type            kqRWallFunction;
        value           nonuniform List<scalar> 
200
(
0.534847
0.531009
0.531618
0.5311
0.530552
0.530102
0.528338
0.526013
0.525849
0.525729
0.524708
0.526261
0.525834
0.524911
0.52844
0.528923
0.525271
0.527911
0.531107
0.530737
0.53471
0.532941
0.530149
0.533166
0.528674
0.528558
0.526144
0.52083
0.520167
0.518262
0.518181
0.518067
0.51675
0.519062
0.519565
0.518719
0.518227
0.516014
0.517878
0.516714
0.512696
0.51469
0.515591
0.514579
0.514223
0.512771
0.515107
0.514934
0.515113
0.514307
0.513498
0.513158
0.511988
0.510565
0.508556
0.505602
0.50418
0.502616
0.501102
0.499869
0.498967
0.497346
0.496315
0.491904
0.486946
0.483677
0.482074
0.47856
0.471609
0.464794
0.463237
0.461727
0.460245
0.443394
0.431082
0.415467
0.403033
0.384269
0.366899
0.351135
0.335549
0.31856
0.297752
0.27594
0.255163
0.238568
0.231456
0.235006
0.249141
0.259128
0.26839
0.281631
0.291912
0.306953
0.319234
0.332192
0.341102
0.352086
0.360741
0.367987
0.529218
0.528881
0.529125
0.530029
0.528624
0.52908
0.526798
0.524052
0.522697
0.523027
0.521649
0.519397
0.516705
0.515412
0.514405
0.515656
0.516213
0.518531
0.519031
0.519561
0.519628
0.514762
0.516936
0.517572
0.517686
0.515571
0.519376
0.520292
0.520552
0.520092
0.518381
0.519411
0.516181
0.514697
0.51355
0.512088
0.512994
0.513115
0.514784
0.517764
0.518843
0.518651
0.518387
0.518408
0.517019
0.517602
0.517024
0.517133
0.516191
0.51326
0.510843
0.509785
0.509625
0.507861
0.507323
0.505876
0.504948
0.500481
0.496181
0.488663
0.484335
0.481031
0.477529
0.472741
0.465586
0.463401
0.456587
0.455222
0.453831
0.446944
0.441114
0.434472
0.430488
0.427366
0.413119
0.396946
0.3799
0.362045
0.347488
0.336754
0.323539
0.309901
0.292465
0.270971
0.259143
0.257988
0.261596
0.248389
0.249651
0.252305
0.269668
0.28085
0.293284
0.30854
0.31781
0.332459
0.341026
0.352283
0.35998
0.368404
)
;
    }
    frontAndBack_2
    {
        type            empty;
    }
    inlet_2
    {
        type            fixedValue;
        value           uniform 0.375;
    }
    outlet_2
    {
        type            zeroGradient;
    }
    fixedWalls_3
    {
        type            kqRWallFunction;
        value           nonuniform List<scalar> 
200
(
0.948354
0.94913
0.950793
0.95635
0.95822
0.959595
0.956558
0.956815
0.95774
0.946424
0.948336
0.948216
0.950039
0.951474
0.95216
0.953416
0.954756
0.953729
0.950628
0.950089
0.950896
0.951073
0.952293
0.954619
0.957412
0.957047
0.952727
0.954245
0.945106
0.94338
0.941513
0.942208
0.944154
0.946453
0.950437
0.949537
0.950159
0.950272
0.953176
0.953907
0.955129
0.956512
0.952361
0.948604
0.947734
0.951794
0.951167
0.946503
0.943858
0.945768
0.928464
0.925664
0.921197
0.918463
0.915566
0.913647
0.915181
0.906713
0.893359
0.880008
0.879656
0.873453
0.870751
0.867586
0.860596
0.852912
0.839933
0.828195
0.810324
0.794248
0.773611
0.757395
0.752046
0.730083
0.712273
0.678611
0.65707
0.649088
0.624168
0.609139
0.587465
0.558939
0.519246
0.489288
0.480132
0.4308
0.42414
0.421563
0.372939
0.326926
0.307142
0.317827
0.324448
0.338575
0.343979
0.351783
0.357897
0.362029
0.366457
0.369832
0.919905
0.919008
0.918187
0.919842
0.920373
0.917651
0.912663
0.912469
0.912399
0.910152
0.910768
0.911932
0.910326
0.908896
0.912332
0.913379
0.916892
0.917043
0.917757
0.919296
0.924018
0.923146
0.925692
0.929755
0.931115
0.933067
0.936934
0.937733
0.937906
0.938894
0.944434
0.940582
0.941001
0.948073
0.943245
0.943651
0.950053
0.93844
0.924173
0.924489
0.915282
0.917044
0.917932
0.918343
0.916369
0.915318
0.916103
0.917906
0.910484
0.913197
0.907297
0.905514
0.905225
0.905627
0.906465
0.901716
0.904977
0.891544
0.891788
0.891158
0.894446
0.893392
0.893278
0.888804
0.880715
0.884284
0.857992
0.847149
0.845912
0.844978
0.818295
0.80357
0.801222
0.77728
0.774656
0.736006
0.705221
0.699183
0.692844
0.664846
0.604882
0.552118
0.503688
0.470168
0.425806
0.376791
0.338539
0.330218
0.321657
0.318193
0.314862
0.320302
0.322573
0.337507
0.345683
0.35138
0.357643
0.362332
0.365847
0.37029
)
;
    }
    frontAndBack_3
    {
        type            empty;
    }
    inlet_3
    {
        type            fixedValue;
        value           uniform 0.375;
    }
    outlet_3
    {
        type            zeroGradient;
    }
    fixedWalls_4
    {
        type            kqRWallFunction;
        value           nonuniform List<scalar> 
200
(
0.527475
0.523212
0.523953
0.524156
0.52373
0.520579
0.521981
0.520015
0.521997
0.520572
0.522061
0.523129
0.522416
0.521231
0.521576
0.521404
0.524041
0.527527
0.531051
0.534713
0.534498
0.537011
0.538029
0.538995
0.536292
0.53539
0.53399
0.532452
0.530945
0.530121
0.529457
0.52989
0.532085
0.531028
0.530732
0.528829
0.531728
0.5284
0.532491
0.530699
0.526538
0.526555
0.525876
0.524259
0.523272
0.521691
0.52159
0.519924
0.519719
0.517699
0.515244
0.513752
0.512082
0.509831
0.508115
0.504859
0.503141
0.499663
0.498512
0.495255
0.492926
0.487913
0.482591
0.480381
0.478358
0.47444
0.472927
0.470316
0.458705
0.453046
0.452512
0.446218
0.437671
0.418134
0.408861
0.402079
0.389921
0.380881
0.370274
0.357264
0.34204
0.32206
0.299568
0.279482
0.273644
0.270041
0.250872
0.243038
0.245553
0.250556
0.267167
0.277185
0.295499
0.306383
0.319026
0.332316
0.34106
0.352393
0.360556
0.368073
0.521447
0.520257
0.519285
0.518468
0.516699
0.516301
0.515279
0.51542
0.514238
0.513435
0.513293
0.518705
0.522545
0.525031
0.522648
0.524934
0.52498
0.527897
0.526516
0.525165
0.52613
0.527056
0.527834
0.52732
0.52291
0.525606
0.52516
0.524231
0.522942
0.52228
0.522721
0.520864
0.521963
0.520891
0.51801
0.515818
0.513947
0.510007
0.509313
0.507729
0.506684
0.506261
0.505803
0.504795
0.505011
0.504445
0.504373
0.50189
0.503597
0.504166
0.505628
0.506864
0.506133
0.506535
0.50518
0.503916
0.505193
0.498869
0.493965
0.489972
0.482729
0.476937
0.469175
0.468214
0.465186
0.463942
0.461544
0.459573
0.453339
0.449994
0.448416
0.443156
0.431647
0.424874
0.42064
0.410524
0.402354
0.393472
0.380786
0.366331
0.348041
0.314482
0.277486
0.268044
0.260518
0.251546
0.257982
0.244497
0.247383
0.253499
0.27081
0.280998
0.291871
0.307037
0.319308
0.332132
0.34131
0.352285
0.360707
0.368024
)
;
    }
    frontAndBack_4
    {
        type            empty;
    }
    inlet_4
    {
        type            fixedValue;
        value           uniform 0.375;
    }
    outlet_4
    {
        type            zeroGradient;
    }
    fixedWalls_5
    {
        type            kqRWallFunction;
        value           nonuniform List<scalar> 
200
(
0.200042
0.199503
0.199527
0.198637
0.199231
0.199747
0.200001
0.199953
0.198853
0.200061
0.199015
0.200728
0.200683
0.200872
0.200689
0.201524
0.201111
0.200962
0.1999
0.200773
0.199752
0.20138
0.200323
0.201469
0.200492
0.201454
0.200427
0.20046
0.200825
0.200706
0.199562
0.199723
0.199656
0.199738
0.199174
0.200601
0.200446
0.200454
0.198683
0.199585
0.198144
0.198489
0.198874
0.199866
0.199901
0.199481
0.199182
0.198206
0.198919
0.19957
0.199229
0.198779
0.198347
0.197017
0.196893
0.196848
0.197216
0.196933
0.196612
0.196307
0.195168
0.194844
0.194293
0.194062
0.193496
0.192455
0.19224
0.191521
0.190847
0.190125
0.189301
0.188431
0.18682
0.185275
0.182227
0.178891
0.175609
0.172164
0.166637
0.161378
0.155527
0.150551
0.144632
0.139484
0.135739
0.135904
0.139698
0.143553
0.152764
0.161747
0.174905
0.190273
0.207557
0.226807
0.247499
0.269796
0.291002
0.314813
0.33814
0.364446
0.201159
0.200829
0.201429
0.201973
0.202963
0.202887
0.20235
0.202071
0.201791
0.201186
0.200735
0.200586
0.200969
0.200464
0.20088
0.200964
0.200743
0.201236
0.200071
0.20043
0.200545
0.20017
0.200913
0.200874
0.201026
0.199624
0.20005
0.199757
0.199907
0.200107
0.200079
0.201302
0.20128
0.201674
0.200398
0.201063
0.200837
0.200989
0.20078
0.200744
0.199859
0.199392
0.198986
0.198669
0.198465
0.197759
0.198173
0.198325
0.198041
0.197924
0.197592
0.196984
0.197917
0.197619
0.197098
0.196394
0.195964
0.195233
0.195166
0.195004
0.193938
0.194359
0.194148
0.193772
0.192772
0.193136
0.192461
0.19172
0.191598
0.191276
0.189683
0.18908
0.188254
0.187148
0.185141
0.182874
0.180076
0.175577
0.17068
0.164315
0.157361
0.150252
0.143867
0.138365
0.134062
0.133894
0.139231
0.145634
0.156038
0.164404
0.1769
0.191564
0.207829
0.226686
0.247494
0.26895
0.291977
0.314201
0.338636
0.364299
)
;
    }
    frontAndBack_5
    {
        type            empty;
    }
    inlet_5
    {
        type            fixedValue;
        value           uniform 0.375;
    }
    outlet_5
    {
        type            zeroGradient;
    }
}


// ************************************************************************* //
