/*--------------------------------*- C++ -*----------------------------------*\
  =========                 |
  \\      /  F ield         | OpenFOAM: The Open Source CFD Toolbox
   \\    /   O peration     | Website:  https://openfoam.org
    \\  /    A nd           | Version:  6
     \\/     M anipulation  |
\*---------------------------------------------------------------------------*/
FoamFile
{
    version     2.0;
    format      ascii;
    class       volScalarField;
    location    "8";
    object      epsilon;
}
// * * * * * * * * * * * * * * * * * * * * * * * * * * * * * * * * * * * * * //

dimensions      [0 2 -3 0 0 0 0];

internalField   nonuniform List<scalar> 
10000
(
318.737
295.086
164.876
102.207
69.7941
51.0174
39.4717
32.3268
28.1424
26.1579
26.0983
27.8863
31.7842
38.5424
49.6465
68.1182
100.335
161.426
285.533
302.509
330.076
298.182
166.041
102.767
70.0453
51.0335
39.3959
32.215
28.0002
25.9399
25.6211
27.3801
31.3407
38.4385
49.6628
68.533
101.383
162.383
287.086
321.943
358.975
298.711
165.677
102.681
69.9942
50.9308
39.3783
32.2038
27.9736
25.6959
25.8866
27.7366
31.6878
38.4954
49.5253
68.15
100.367
161.462
283.078
295.531
315.588
296.238
164.953
102.617
70.0326
50.9365
39.0739
31.8198
27.9009
25.9579
25.6649
27.4684
31.4733
38.3675
49.7356
68.2078
100.259
160.269
281.101
306.487
285.879
294.083
164.318
102.72
70.6568
51.0071
39.2782
32.0331
27.8058
25.7005
25.9654
27.8915
31.9211
38.7605
49.8823
68.2133
100.37
160.073
279.699
267.971
289.166
292.396
164.232
103.927
70.195
50.9546
39.2338
31.9593
27.4827
25.6383
25.5756
27.4543
31.565
38.502
49.8218
68.2151
100.201
160.659
282.271
273.943
309.406
292.674
165.284
104.4
70.389
50.8695
38.8885
31.8514
27.7362
25.8726
25.7216
27.6043
31.8503
38.7053
49.8732
68.2556
100.201
160.761
282.988
297.488
275.664
291.504
165.75
105.062
70.5235
50.8184
38.9331
31.3852
27.1802
25.4239
25.773
27.7026
31.7687
38.6686
49.8316
68.3108
100.344
160.94
282.698
296.061
273.558
294.023
166.957
104.508
70.7986
50.7559
38.9245
31.599
27.2893
25.5155
25.711
27.289
31.331
38.5346
49.8654
68.4467
100.686
161.309
284.76
300.198
277.158
295.358
165.965
102.982
70.1843
50.7074
38.8861
31.3266
27.4967
25.7489
25.7346
27.335
31.33
38.3
49.723
68.4799
101.219
161.593
284.364
289.151
273.994
293.011
162.614
103.679
69.5082
50.5992
38.8944
31.6988
27.3143
25.7249
25.7441
27.4993
31.4572
38.3949
49.668
68.3422
100.463
160.975
285.12
307.771
273.639
292.397
161.656
101.182
69.1981
50.5196
38.8471
31.7017
27.5895
25.6445
25.3696
27.3148
31.328
38.3367
49.7183
68.5222
100.817
161.252
284.821
285.728
268.521
294.584
161.438
101.277
69.1714
50.2895
38.4803
31.5852
27.4701
25.3319
25.4454
26.9906
30.8223
37.9833
49.8135
68.7807
101.195
162.108
285.044
312.196
272.771
287.668
160.372
102.488
69.9812
50.2833
38.5212
31.4677
27.4013
25.5108
25.3759
27.0229
31.0264
38.0722
49.8138
69.0662
102.041
163.087
286.08
310.361
276.158
284.8
159.66
100.487
68.7682
49.9107
38.1132
31.3519
27.3159
25.2216
25.5323
27.4092
31.4004
38.243
50.0216
69.272
102.379
163.973
287.467
309.493
280.648
282.365
159.417
101.298
68.8569
49.9473
38.3383
31.0734
27.2891
25.325
25.5685
27.4503
31.4711
38.4647
50.0649
69.3785
102.901
164.705
288.877
300.827
297.543
282.981
159.374
100.108
69.1684
49.8714
38.0773
31.2847
27.3577
25.595
25.6022
27.4433
31.457
38.4651
50.1047
69.6274
103.451
165.374
290.552
306.027
265.223
280.11
160.127
100.251
68.6153
49.8432
38.2642
31.2336
27.0674
25.5598
25.6321
27.5014
31.5145
38.483
49.9935
69.7875
104.008
167.38
293.193
312.51
269.764
283.636
160.952
100.603
69.0173
49.9441
38.0533
30.9741
27.3467
25.5875
25.6082
27.4869
31.4932
38.4464
50.2386
69.82
104.513
168.311
294.223
334.722
269.729
284.053
161.673
100.869
68.9066
50.1036
38.5526
31.4769
27.4843
25.6032
25.5968
27.5098
31.5138
38.1356
50.2722
69.906
104.727
168.533
293.128
293.8
275.396
287.008
162.476
102.141
69.2352
50.1818
38.5149
31.1656
27.3282
25.1621
25.4065
27.1823
31.5235
38.4398
50.3191
69.8835
104.486
169.355
295.352
297.899
276.256
287.564
163.111
102.174
69.4741
50.2016
38.5541
31.478
27.4208
25.3007
25.2858
27.4557
31.6262
38.6989
50.3393
69.8082
103.91
168.838
295.415
297.409
283.393
288.549
164.379
102.513
69.3429
50.1186
38.4676
31.4674
27.4456
25.5311
25.2362
27.2209
31.3004
38.3608
50.0433
69.417
103.631
167.434
294.807
301.516
284.762
288.873
163.916
102.038
69.0755
50.0673
38.105
31.3324
27.3677
25.3973
25.4685
27.6933
31.7553
38.6689
49.9578
69.0238
102.722
166.157
293.449
320.06
292.602
288.809
162.872
101.256
69.0275
50.0927
38.536
31.1709
27.2129
25.8022
25.9248
27.9012
31.8817
38.6998
50.0041
68.9617
102.461
163.781
289.495
294.436
298.751
288.43
162.665
101.292
69.199
50.022
38.6424
31.7566
27.7799
26.0016
26.0529
27.919
31.8627
38.4561
49.9574
68.9859
102.046
163.132
288.811
273.522
314.449
286.719
162.682
101.306
69.5652
50.2783
38.469
31.7578
27.7983
25.9986
26.033
27.9025
31.8977
38.7311
49.9389
68.6996
101.577
162.628
287.462
274.084
282.713
287.105
162.553
101.211
69.0279
50.3544
38.865
31.8266
27.8209
25.9995
26.0208
27.867
31.859
38.7193
49.8968
68.4476
100.592
161.869
286.234
274.748
289.984
288.761
163.782
102.201
69.4388
50.3718
38.7818
31.4295
27.4
25.8195
25.7677
27.4441
31.7035
38.6236
49.751
68.5261
100.909
162.023
285.778
277.225
294.29
289.543
162.81
100.715
68.7806
50.3125
38.6943
31.8029
27.7469
25.7128
25.6082
27.6089
31.7079
38.6462
49.9206
68.6526
101.107
161.771
285.001
274.638
303.786
289.707
162.215
100.236
68.6061
50.2099
38.8397
31.819
27.7592
25.9091
25.8074
27.33
31.3808
38.5429
49.9143
68.9018
101.75
162.041
284.245
292.684
326.023
289.751
162.336
100.24
68.671
50.127
38.5056
31.3559
27.2156
25.5018
25.7486
27.6151
31.5973
38.4462
49.8165
68.7002
101.366
162.701
285.383
272.271
296.192
288.583
161.807
100.063
69.1752
50.1843
38.7243
31.6708
27.4039
25.7134
25.455
27.2188
31.2061
38.1938
49.7265
68.8723
101.779
162.983
285.585
271.685
320.517
288.343
161.193
100.103
68.597
50.0253
38.4049
31.6826
27.6427
25.8226
25.7943
27.5401
31.4467
38.2757
49.5507
68.3841
101.074
162.324
285.354
289.898
303.447
286.441
160.802
100.288
68.4746
49.9349
38.3834
31.6367
27.507
25.7913
25.7852
27.56
31.4568
38.2465
49.4663
68.2891
101.508
162.885
284.512
270.855
280.868
283.966
160.406
100.607
68.6608
50.0029
38.4166
31.6527
27.3383
25.7233
25.733
27.5128
31.386
37.9634
49.3608
68.3123
100.874
162.092
284.207
270.348
277.903
281.946
160.129
102.018
69.2802
50.1543
38.5378
31.692
27.5821
25.7612
25.7374
27.5304
31.4612
38.2158
49.3138
67.8217
99.8884
160.813
283.08
272.266
283.284
282.574
160.622
101.337
69.2116
50.414
38.8415
31.6703
27.157
25.3472
25.5748
27.4313
31.419
38.2209
49.3669
67.7878
99.809
160.38
280.431
268.467
284.65
283.366
162.405
102.012
69.4394
50.5001
38.9018
31.7185
27.294
25.6412
25.3976
27.1438
31.374
38.1471
49.236
67.8261
100.353
160.811
280.57
272.196
291.24
284.473
163.429
102.497
69.6641
50.566
38.9109
31.7616
27.4131
25.7894
25.7978
27.5781
31.4234
37.9644
49.2681
67.8529
99.9465
160.929
281.584
273.343
294.371
285.651
164.355
103.045
69.8569
50.6489
38.9841
31.8272
27.6893
25.8323
25.7955
27.551
31.4061
38.1686
49.2636
67.84
100.006
160.939
281.327
295.803
313.856
286.727
165.113
103.427
70.0324
50.7116
38.9823
31.8107
27.6496
25.8209
25.7207
27.1472
31.3243
37.9862
49.4433
68.1196
100.444
161.359
285.035
299.441
320.4
289.885
166.231
104.164
70.4076
50.775
39.0088
31.7782
27.3416
25.4708
25.6703
27.2868
31.4006
38.2926
49.4966
68.1725
100.802
162.613
287.043
299.023
322.458
292.56
166.446
104.076
70.3474
50.6095
38.9401
31.6617
27.6311
25.788
25.586
27.5435
31.3092
38.3256
49.5187
68.1711
100.745
163.023
289.256
306.216
330.921
293.493
166.77
104.57
70.4615
50.8367
38.9439
31.6585
27.2484
25.5438
25.8523
27.6807
31.5889
38.3226
49.4466
68.1069
100.602
162.707
291.268
323.668
328.825
292.709
166.127
103.734
70.2464
50.4643
38.7832
31.3479
27.3642
25.8638
25.921
27.4388
31.5365
38.2454
49.1233
67.8302
100.045
161.299
287.108
311.015
323.519
290.347
165.714
103.97
70.4316
50.5394
38.5542
31.6736
27.6564
25.8671
26.0051
27.8015
31.5511
38.2063
49.1584
67.8279
100.286
161.047
286.317
336.043
308.983
290.68
165.285
103.483
70.2057
50.7366
38.8177
31.5301
27.7493
25.7002
25.9309
27.7414
31.2422
37.9031
49.1877
67.7071
100.024
160.582
283.071
304.254
320.523
288.662
164.182
103.804
70.3976
50.6913
39.1056
31.9776
27.917
26.0339
25.7791
27.81
31.6688
38.323
49.1456
67.6683
100.369
160.365
283.925
288.461
280.609
284.798
161.613
101.887
69.5848
50.6161
39.0075
31.8736
27.8279
25.7858
26.0576
27.8374
31.7374
38.4652
49.4094
67.8331
100.171
160.256
283.217
317.397
286.667
285.468
161.395
100.768
68.9768
50.4446
38.9618
31.4836
27.4873
26.0125
26.1475
27.9205
31.5102
38.4222
49.483
67.8337
99.8836
160.301
282.89
305.096
308.071
285.843
161.466
100.963
69.0915
50.5205
39.0323
31.9778
27.7256
25.8391
25.8626
27.9383
31.804
38.4137
49.4834
67.9859
100.254
160.405
283.239
291.57
281.912
282.505
161.278
101.306
69.2758
50.5662
38.7744
32.0066
28.0122
26.198
26.2054
27.9997
31.8073
38.1739
49.289
68.2135
100.701
160.272
282.713
306.217
281.938
283.8
161.603
101.772
69.5157
50.6871
39.0934
31.6953
27.5978
25.8178
26.092
27.9572
31.8548
38.6276
49.6168
68.723
101.618
161.47
283.509
275.471
307.206
284.885
162.188
102.173
69.7518
50.7254
39.083
32.0033
27.9424
26.0961
25.8448
27.6194
31.6453
38.6744
49.8232
69.1493
102.359
162.732
284.416
279.627
293.173
284.259
162.917
103.055
70.0434
50.6356
38.6371
31.8399
27.8555
26.0731
26.1136
27.9822
31.9321
38.8007
50.0534
69.3431
102.733
163.575
284.073
278.394
297.712
284.834
164.099
103.06
69.8964
50.5841
38.6514
31.4017
27.284
25.5147
25.6057
27.5553
31.5746
38.7397
50.1911
69.4279
102.744
164.239
285.924
281.048
305.94
286.646
165.476
103.52
70.0553
50.5033
38.8122
31.6728
27.5006
25.7292
25.8244
27.8783
31.9136
38.6615
50.3095
69.1742
102.046
164.238
285.641
279.194
330.671
288.951
166.693
103.979
70.2456
50.5822
38.4732
31.3673
27.7245
25.9919
26.0231
27.673
31.9236
38.9081
50.3641
69.3853
102.411
163.383
285.114
282.812
304.701
288.663
166.973
104.184
70.4641
50.6593
38.6873
31.802
27.791
26.0064
26.0678
27.8782
31.8572
38.6728
50.1564
68.8556
100.771
162.825
284.554
283.618
327.475
291.053
167.367
104.704
70.4377
50.4971
38.8181
31.715
27.6201
25.5931
25.8698
27.7971
31.799
38.5764
50.1148
69.0999
100.746
161.77
284.01
302.728
306.767
291.023
167.872
104.316
70.1956
50.586
38.7299
31.2355
27.1536
25.6676
25.5118
27.3756
31.4293
38.5435
50.0097
68.9128
100.766
161.792
284.151
286.65
307.655
293.171
168.171
104.39
70.3829
50.5199
38.664
31.4096
27.3001
25.7335
25.8139
27.7031
31.7234
38.6357
49.9182
69.0114
100.861
161.973
283.991
289.016
309.238
292.891
168.023
104.868
70.197
50.3398
38.3534
31.4973
27.4774
25.7559
25.8284
27.731
31.7516
38.64
49.8735
68.633
100.823
161.754
284.5
317.333
313.003
292.812
167.501
104.389
70.3552
50.5684
38.6314
31.1006
27.0657
25.6411
25.7448
27.6681
31.6813
38.6
49.9302
68.5971
100.643
161.391
285.187
304.122
340.781
293.958
166.719
103.662
70.0544
50.5595
38.472
31.2885
27.4302
25.673
25.7105
27.5961
31.6076
38.5454
49.9128
68.6242
100.569
161.439
285.293
291.375
327.751
292.879
166.674
104.493
69.9488
50.5563
38.7224
31.5326
27.405
25.6216
25.5915
27.3577
31.1535
38.1368
49.7252
68.6416
100.436
161.298
285.121
294.304
312.867
291.477
166.496
102.786
69.7497
50.4439
38.6747
31.5318
27.1372
25.6008
25.4217
27.4353
31.3373
38.2705
49.6731
68.1907
100.357
161.42
284.964
319.102
315.558
291.263
164.785
102.554
69.7751
50.2386
38.3078
31.5487
27.5538
25.7023
25.4834
27.6262
31.6493
38.4992
49.6884
68.1502
100.214
160.156
283.386
307.638
328.345
291.514
163.793
102.026
70.0824
50.2275
38.4241
31.5881
27.5796
25.774
25.8207
27.7023
31.7055
38.5383
49.6594
68.126
100.151
159.128
279.651
296.495
354.217
290.047
162.744
101.554
69.4342
50.1117
38.5476
31.5766
27.5954
25.7754
25.8029
27.6584
31.668
38.5086
49.5812
68.2161
100.746
158.115
275.89
308.253
312.635
284.612
161.018
100.94
68.8144
49.9995
38.4783
31.5019
27.4942
25.6686
25.7459
27.5942
31.5791
38.4475
49.6691
68.2564
100.597
157.675
273.069
270.114
300.626
283.56
160.707
101.721
69.0976
49.8025
38.0207
31.3069
27.3338
25.2336
25.2608
27.0292
31.0607
38.0682
49.6273
68.1362
100.034
157.696
273.759
273.971
328.12
283.182
160.325
100.995
68.7879
49.7964
37.9802
30.9183
27.272
25.546
25.5409
27.1718
31.2119
38.1692
49.6326
68.3638
100.968
157.956
275.095
276.155
313.531
280.624
160.251
101.904
69.0023
49.8518
38.0159
30.9526
26.8494
25.1114
25.4189
27.1543
31.3615
38.2999
49.6351
68.161
100.061
158.281
274.558
296.022
292.423
276.961
160.071
101.591
68.9717
49.8128
38.2635
31.2318
26.9836
25.1295
25.1016
27.0716
31.3159
38.2771
49.6759
68.199
99.809
158.718
275.237
279.163
291.715
276.632
159.073
100.983
68.9694
49.6218
38.1948
31.2406
27.1895
25.3187
25.2079
27.2676
31.2778
37.9573
49.6221
68.4453
100.408
158.791
275.984
283.101
306.185
277.93
158.676
101.433
68.9559
49.8455
38.1909
30.9015
27.0789
25.0524
25.353
27.2597
31.2536
38.1725
49.4819
68.5017
100.704
159.398
277.759
301.925
312.136
275.529
157.7
100.398
68.7524
49.7425
38.0766
31.0543
27.0539
25.2985
25.3319
27.091
30.7616
37.6952
49.3209
68.403
100.756
159.412
277.644
289.271
299.924
274.241
157.668
101.017
68.8693
49.6062
37.8223
30.5198
26.5221
24.8086
25.11
26.893
30.6296
37.626
49.3136
68.225
100.378
158.946
277.604
293.459
305.211
274.5
157.612
100.219
68.5506
49.0867
37.2263
30.5488
26.7867
24.8823
25.0143
26.5129
30.5018
37.4308
49.2281
68.3684
99.5723
157.796
277.184
320.324
332.962
274.407
157.603
100.69
68.8411
49.0655
37.2068
30.5619
26.6756
24.9014
24.9602
26.6996
30.5373
37.1438
48.7458
68.0035
99.7354
158.018
274.7
317.13
331.971
270.628
153.484
98.3697
68.0784
48.7179
36.9487
30.3438
26.4422
24.4579
24.4236
26.4596
30.3189
36.7996
48.2899
67.4069
97.1629
154.482
271.031
322.722
337.931
268.39
152.459
98.0632
67.7669
48.4745
36.5865
29.6368
25.822
24.3301
24.1916
25.8881
29.6751
36.3345
47.8151
66.8717
96.2659
154.298
266.606
319.775
341.589
265.535
151.857
98.1051
67.1658
47.8888
36.0823
29.2181
25.4631
23.8132
24.0567
25.8387
29.616
36.0144
47.3101
66.0665
94.9194
149.524
261.616
307.979
337.79
259.444
150.263
98.637
66.4617
47.0188
35.5017
28.7717
25.0925
23.451
23.7547
25.5012
28.9656
35.484
46.6149
65.2397
94.0237
150.014
256.9
328.367
321.826
247.912
146.278
96.8581
65.1104
46.0185
34.7687
28.2342
24.7427
23.1278
23.0505
24.7595
28.3694
34.7
45.6024
64.0692
93.2664
142.19
242.577
293.064
328.975
234.636
142.172
94.4632
63.4176
44.7774
33.8675
27.6462
24.3158
22.7909
22.8055
24.5278
27.7892
33.7617
44.2658
62.757
95.0282
142.323
238.797
321.328
372.174
230.511
136.028
91.0636
60.9369
43.1739
32.9301
27.123
24.18
22.7193
22.4797
23.8629
27.0248
32.7058
42.7048
60.3974
91.8643
146.657
233.24
298.759
342.323
223.005
127.868
86.9022
57.942
41.203
31.7045
26.3238
23.3986
22.0533
21.9851
23.2053
26.1034
31.4717
40.9214
57.7277
87.8271
137.549
210.863
333.075
315.152
220.441
126.534
82.7507
54.6653
39.0284
30.3002
25.3844
22.7275
21.4913
21.3889
22.49
25.1022
29.9616
38.6278
54.2841
83.1643
134.784
201.721
312.334
315.349
200.138
127.067
76.943
50.3036
36.184
28.4295
24.0609
21.6702
20.6145
20.6052
21.6213
23.9476
28.2524
35.989
50.1529
76.6294
124.372
194.8
323.661
351.587
197.902
116.192
69.407
45.4381
33.0243
26.3164
22.5876
20.5679
19.6666
19.6551
20.5301
22.5354
26.2626
33.0038
45.4925
69.7817
117.406
190.807
298.926
311.911
197.375
104.805
61.0248
39.9681
29.4371
23.872
20.8314
19.2132
18.5069
18.5134
19.2301
20.8726
23.9581
29.632
40.3312
61.6271
105.694
195.585
299.282
318.712
174.747
91.4951
52.0174
34.2388
25.7237
21.3411
18.992
17.7612
17.2315
17.2408
17.7882
19.0516
21.4617
25.9911
34.8203
53.2056
93.6506
176.763
309.101
319.212
162.821
78.9176
43.464
28.8689
22.2273
18.9371
17.2389
16.3836
16.0256
16.0317
16.4022
17.2826
19.0246
22.4045
29.2299
44.1595
80.0831
163.207
319.016
359.759
149.465
65.9383
35.5395
24.1004
19.2106
16.9206
15.8074
15.2939
15.0962
15.1004
15.3063
15.8325
16.9662
19.3035
24.2853
35.898
66.5988
150.454
359.684
401.204
136.594
53.8611
28.6991
20.2707
16.9738
15.6296
15.0809
14.8567
14.7768
14.7781
14.8602
15.0885
15.64
16.9886
20.2961
28.7557
53.946
136.798
403.116
435.165
112.972
39.5836
22.2367
17.2703
15.6626
15.0646
14.8495
14.7619
14.7265
14.7266
14.7629
14.8496
15.0635
15.662
17.266
22.2153
39.4984
112.734
436.207
467.473
58.614
21.8798
16.2202
15.0797
14.8574
14.8284
14.8024
14.7911
14.7892
14.7894
14.7911
14.8026
14.8283
14.8599
15.0831
16.2243
21.881
58.6255
467.201
917.877
697.327
398.912
242.736
149.582
91.9868
58.4714
40.2703
31.1636
27.591
28.003
32.2015
41.4685
58.8592
89.5018
141.913
232.318
393.411
697.118
883.098
978.761
701.036
403.553
246.819
150.155
91.3672
57.7321
39.6886
30.7193
27.2231
27.7075
31.9041
41.12
58.5259
89.2991
141.607
233.469
395.128
699.698
934.694
956.879
702.4
404.298
246.178
149.932
89.7121
55.9969
38.2968
29.6463
26.8279
27.5138
31.7502
40.9371
58.2016
89.2205
142.411
233.093
394.818
699.551
904.828
948.298
705.786
405.874
246.42
149.64
91.9139
58.5199
40.3949
31.1379
26.4218
26.7088
30.7431
40.4148
56.5886
88.5369
142.163
233.19
393.103
702.814
878.581
906.225
710.469
406.146
245.179
149.21
91.3357
58.0332
40.1213
31.2235
27.5089
27.6937
31.5468
39.7392
57.491
87.9787
141.072
233.25
394.34
701.127
887.468
916.32
713.147
406.435
247.053
148.945
90.8718
57.474
39.63
30.8712
27.3167
27.5527
31.5048
40.4141
57.1912
86.2915
140.366
232.205
395.009
707.348
944.345
975.597
713.541
405.536
244.818
147.107
88.1114
54.8954
37.6536
30.3655
27.063
27.2863
30.3811
39.0112
55.704
87.0805
139.616
231.112
391.048
699.415
941.282
952.207
711.744
403.536
242.437
146.802
88.479
55.4995
38.1864
30.1984
26.1337
26.5865
30.7823
39.7158
56.4802
86.0405
138.983
229.661
391.048
705.741
936.474
936.352
706.455
401.182
240.978
146.579
88.3615
55.6431
38.3395
29.5462
26.5817
27.2739
31.4677
40.491
57.4125
87.5998
138.259
227.631
388.614
701.869
879.394
879.333
700.859
399.762
239.213
146.858
89.8719
57.2787
39.7478
30.8359
25.9038
27.113
31.344
40.3038
57.1971
87.3761
137.656
227.066
387.277
699.221
885.778
881.487
704.318
398.965
239.162
146.919
88.614
55.8923
38.6369
31.0054
26.4984
26.5063
30.3918
38.9645
55.561
87.1902
137.644
226.073
385.94
701.789
897.714
900.667
707.045
399.533
240.113
147.594
91.1586
58.3251
40.471
31.3141
27.4742
27.3686
31.385
39.9862
56.3001
86.5681
137.981
226.397
385.628
696.679
942.635
913.143
707.991
398.471
239.095
146.617
89.1646
56.451
40.0868
31.0989
27.3599
26.6521
31.0504
39.1212
54.8236
88.4817
139.13
227.492
386.029
696.789
863.863
974.54
709.084
398.172
238.073
146.282
89.6796
57.7246
39.9684
31.0253
27.4411
27.7131
32.0355
41.086
56.5491
89.1168
138.311
227.396
386.586
696.885
914.868
962.339
705.117
397.437
237.954
145.15
90.0605
57.3936
38.414
30.5062
27.1171
27.4297
31.9005
41.215
57.8416
89.7655
140.777
230.516
385.537
702.651
854.216
953.064
701.535
396.013
237.61
144.667
89.4632
56.7828
39.111
30.3157
26.7535
26.466
31.5618
41.1531
58.7617
90.2239
140.18
231.415
389.232
705.162
856.289
917.069
691.892
395.034
236.448
143.952
88.891
56.1018
38.6001
29.0832
25.7694
26.9
30.7134
39.8488
57.0482
90.354
142.86
232.143
392.727
707.76
869.154
950.075
693.803
394.045
234.842
142.69
87.2841
53.9701
38.1126
29.9925
26.0334
26.3228
31.3666
40.9432
57.911
90.5984
144.511
235.018
396.686
710.541
874.619
872.753
694.958
393.38
234.714
142.018
88.961
55.9808
36.9258
29.7623
26.3453
26.5291
31.1966
40.9126
58.6275
90.1999
143.223
234.674
400.241
713.197
891.628
917.304
694.964
390.996
232.814
141.669
89.2346
55.0835
38.1226
29.2602
25.4176
26.831
30.1177
40.3921
58.2398
89.6777
143.269
235.007
399.497
712.295
899.199
866.101
691.36
388.795
230.911
142.146
89.5512
57.8349
39.7052
30.8269
26.4083
27.1118
30.4148
39.3495
56.7096
87.9946
141.752
234.012
396.337
706.058
912.562
877.193
684.461
386.915
230.749
142.04
89.56
57.9109
38.3173
30.6829
27.1437
27.2008
31.1422
40.3485
57.6041
88.5183
141.317
233.588
397.154
705.95
948.132
922.195
691.566
388.258
231.06
142.002
89.1613
57.8639
38.9786
29.9982
26.9053
26.4612
30.3423
40.123
57.2447
88.0976
140.355
232.01
392.327
705.544
889.949
856.935
688.532
388.235
231.421
144.012
88.1133
57.6046
40.1866
31.0796
26.635
27.4051
31.4684
39.2433
56.511
86.6454
140.097
231.017
390.947
703.827
944.373
858.002
688.16
388.115
232.44
144.399
90.5003
58.12
40.0688
31.021
27.1923
26.7098
31.4573
39.8923
55.18
87.3677
140.165
228.336
384.445
690.032
910.371
872.344
685.608
387.619
232.411
143.547
90.0644
56.4742
38.2556
29.6227
26.2521
26.9529
31.5223
39.4274
56.3894
86.5827
139.971
227.208
381.364
684.005
957.183
879.499
689.329
386.69
231.766
143.872
89.9004
58.2113
39.2406
30.3304
26.7199
27.6045
31.6443
40.5763
57.4757
88.1562
139.644
226.223
379.879
677.789
880.198
892.778
684.691
385.535
231.561
143.433
88.2947
58.3619
40.2353
31.0278
27.0393
27.551
31.5242
39.6265
55.8193
87.8564
139.612
226.011
379.82
680.606
838.777
930.527
679.649
383.571
231.281
143.073
90.229
58.4728
40.0103
30.8922
26.6103
26.7383
31.3015
40.5501
56.4705
87.7458
139.456
226.293
378.436
678.201
891.186
845.988
675.668
382.758
230.915
141.712
90.2779
58.5005
39.3975
30.6653
27.2847
27.4208
30.5633
40.4591
57.3341
86.8995
139.74
226.652
380.24
682.362
852.163
857.96
673.715
381.704
230.114
142.414
90.029
58.5226
37.6128
29.497
27.0249
27.4051
31.3279
39.5465
56.4337
88.5152
139.641
227.338
381.295
679.118
895.004
890.095
666.354
381.913
230.56
143.589
89.1318
59.1241
39.3912
30.9447
26.9312
26.5971
30.5423
40.5535
58.1781
88.8232
140.678
227.848
382.027
686.63
845.546
802.251
666.048
381.845
231.116
144.015
92.2724
59.6742
40.901
31.0232
26.3006
27.146
31.0198
40.1815
57.8156
88.4909
140.714
228.942
384.025
687.917
898.08
808.292
666.332
382.483
231.64
145.667
92.4043
59.5957
40.6035
30.9943
27.1004
26.562
29.7589
38.6293
56.5823
87.325
140.306
229.607
384.613
685.175
864.705
818.546
661.384
385.21
232.039
145.361
92.1016
59.2937
40.0554
29.7675
26.3295
27.1594
30.8565
40.0813
58.6024
89.7445
142.186
230.339
383.29
680.18
878.45
830.204
672.009
385.64
232.36
144.717
92.1324
59.317
38.8674
30.4621
26.8778
26.6056
31.3801
40.7079
58.2289
89.2967
142.444
230.982
386.782
694.061
897.985
843.798
681.565
385.321
232.863
145.739
92.0839
59.3309
40.6113
29.806
26.247
26.6898
30.5337
39.291
56.3582
87.4009
142.05
230.834
388.126
701.177
920.159
888.425
682.948
381.885
232.176
145.111
91.5442
58.896
40.6323
30.874
27.3066
27.3752
31.1479
39.5086
56.671
87.7541
141.923
231.151
389.633
699.209
990.107
887.478
676.209
386.271
233.796
144.83
90.9808
58.5586
40.3946
30.9558
27.0712
27.2178
31.0432
39.2155
56.2827
87.8951
141.383
231.506
391.493
706.979
958.785
899.063
687.26
387.768
234.171
143.487
90.2318
56.7918
38.7744
29.5398
25.9375
26.8421
30.8057
39.0436
56.2901
89.1706
142.213
231.716
391.056
699.179
907.238
887.733
689.829
388.439
234.224
143.45
89.9552
58.0836
39.6925
30.0194
26.7499
26.3381
30.664
38.9241
56.2752
89.1466
141.591
232.055
390.895
703.736
949.865
857.143
684.561
388.834
234.527
144.005
88.3948
57.7609
38.9658
29.8968
26.2265
26.9641
30.0919
38.7367
56.985
89.0578
142.751
232.966
392.228
700.878
863.469
866.07
690.369
390.595
234.784
143.497
88.8708
57.5105
39.8561
30.5057
26.6854
27.0198
30.5493
38.8135
55.7541
89.0412
143.111
233.832
393.293
702.557
874.805
877.891
685.16
390.478
234.02
144.192
89.6675
57.3313
39.863
30.3182
25.8379
26.9259
29.8901
39.5115
57.3572
88.8346
143.041
234.134
393.106
703.506
884.934
917.441
689.657
389.714
233.671
143.415
89.3496
56.0439
39.7568
29.6117
26.5665
27.1705
30.9216
39.598
57.0898
88.5373
142.8
234.62
395.771
702.074
872.728
857.402
677.781
389.177
233.005
143.322
89.1864
57.999
40.1365
30.8953
27.0326
27.2443
30.8672
38.3089
56.7875
88.1522
142.571
234.812
397.501
712.208
888.303
903.903
687.551
389.741
233.049
142.606
87.4217
57.8994
39.8238
30.7534
26.2526
27.0532
30.8509
39.5159
56.5424
87.7945
141.87
235.04
399.439
712.809
898.693
858.576
689.194
389.053
233.082
143.765
90.1573
58.0213
38.6248
30.7482
27.2365
27.0333
30.5532
39.1066
56.1089
86.4278
141.578
234.188
397.914
707.779
913.385
866.569
688.94
389.454
233.427
142.772
90.0913
58.0868
39.8688
30.2257
27.2914
27.0906
30.486
37.8314
54.7179
86.1359
141.115
233.869
397.427
711.146
953.441
918.991
686.43
389.379
232.891
144.162
90.0897
58.5786
39.0858
31.3416
27.3421
26.3566
29.7919
38.9931
55.4475
85.4927
140.462
233.879
396.97
702.192
879.53
871.454
691.773
387.956
233.024
144.268
88.1157
58.5281
41.1308
31.7063
27.5488
27.2565
30.6346
38.702
54.0279
85.022
140.335
234.269
397.292
707.665
897.808
882.682
691.639
389.202
233.755
144.494
89.1628
57.4991
41.2565
31.6993
27.4368
27.1855
30.5671
37.8442
55.1881
84.6489
139.664
233.346
397.306
704.945
939.963
943.274
687.253
389.253
234.85
144.407
90.7517
59.5463
41.379
31.4847
27.1558
26.9647
30.4723
38.7094
54.1095
84.4605
138.209
232.963
396.066
706.882
870.759
893.716
689.53
390.865
236.431
146.713
89.7932
59.416
40.9892
31.1066
26.3059
26.1971
29.6992
37.711
55.0188
85.6283
137.688
231.037
394.918
703.633
916.532
846.709
691.032
391.103
236.294
147.216
92.6261
59.4844
40.584
30.1964
27.4772
27.6696
31.3542
38.8243
53.5566
84.8951
138.616
230.815
395.17
707.12
874.761
848.199
691.419
391.539
235.876
147.269
92.3621
59.2321
39.32
30.5212
27.5201
27.7246
31.6476
40.387
56.121
88.5114
140.35
229.95
392.534
703.89
892.435
862.87
691.972
391.111
236.162
147.271
90.965
58.1097
40.0443
31.3464
27.554
27.6885
31.7205
40.7002
58.0532
89.045
140.504
228.706
390.231
706.065
936.739
871.463
690.341
391.793
236.827
147.693
93.0874
59.9394
41.096
31.3028
26.6627
27.3382
31.5091
41.1761
58.5251
89.2805
140.632
229.472
387.426
698.722
932.492
927.341
688.508
390.258
237.094
147.842
93.2737
59.7032
40.7844
30.4711
27.0869
26.6933
30.6119
41.1246
58.2577
88.6745
139.739
230.493
388.79
702.22
932.88
882.211
675.05
388.513
237.865
147.544
92.9382
59.1386
40.4181
31.1718
26.6772
27.828
32.132
41.4445
57.6177
90.8221
142.114
231.341
387.505
695.862
917.119
841.95
674.356
388.069
236.822
147.705
92.7432
58.7874
39.1067
31.1075
26.871
27.7599
32.0314
41.5081
59.5028
91.2422
144.033
232.034
391.553
702.236
878.541
847.548
677.337
388.83
237.969
147.914
92.405
58.381
40.4457
31.2711
27.4152
27.5951
31.7862
41.2805
59.2477
91.1335
145.739
235.351
393.872
702.038
887.504
900.141
674.257
387.801
235.715
147.101
92.2389
56.0849
39.9171
31.0741
27.1615
26.5081
30.4522
39.6988
58.7635
89.6308
145.257
236.292
395.181
701.118
909.648
867.823
676.996
387.688
235.736
147.229
92.4834
57.801
38.9724
29.9849
26.3602
26.9747
31.356
40.6614
57.9953
91.1266
144.222
235.716
394.652
701.425
961.504
844.895
680.412
386.887
235.423
146.972
92.4688
59.2548
40.5887
31.0979
27.1849
27.6803
32.2808
41.9028
59.7107
91.4092
144.437
236.263
396.864
704.651
916.254
852.888
680.631
386.862
235.324
146.59
91.0338
57.6516
40.1612
30.8097
26.2676
27.2921
32.2777
41.9706
59.8607
91.4579
144.682
236.743
396.975
712.015
980.57
900.869
679.308
386.328
234.254
145.962
92.1445
59.1576
39.212
30.8786
27.1837
26.9383
32.1132
41.7516
59.6292
91.5506
145.476
237.362
398.627
713.661
955.072
859.503
680.59
386.346
233.168
145.87
91.993
59.1869
40.6993
30.0253
26.9548
27.2464
32.0344
41.5947
59.5302
91.3836
145.399
237.271
398.058
706.945
1015.78
867.108
678.449
385.761
233.339
145.739
91.3888
57.4809
40.4321
30.6999
26.333
27.2427
31.7013
41.0954
58.9678
91.0246
145.262
237.337
395.684
702.794
920.316
918.15
675.942
385.14
233.491
145.259
89.9655
58.2555
40.1848
29.8187
26.9178
27.1974
31.2459
40.5887
58.4173
90.562
145.088
237.073
392.269
700.171
864.579
874.417
676.315
384.776
233.602
144.851
89.7966
57.7645
39.7616
30.4127
26.1181
26.6555
29.8881
38.9226
57.5283
89.8193
144.241
235.621
391.676
701.331
883.783
882.577
673.726
383.772
233.005
144.495
88.7661
55.7504
38.0276
29.2345
26.2965
26.5076
30.1753
39.1538
56.846
89.2989
143.872
233.768
391.342
702.804
920.45
897.844
671.226
382.421
232.349
143.971
88.571
56.1352
38.5709
29.6371
26.064
26.0465
29.5927
38.3995
55.8995
87.5028
143.389
234.138
390.901
699.054
920.666
938.915
673.124
380.736
231.06
142.728
87.6515
55.2977
37.9983
29.1225
24.9343
24.7929
28.7597
37.4738
53.9392
86.4678
142.913
232.382
390.584
699.629
886.473
882.713
671.714
378.916
228.788
141.044
85.2184
54.0227
36.1785
28.3373
25.0472
24.6558
28.0601
35.7366
52.6323
84.7343
140.801
230.037
389.644
701.836
896.882
903.625
670.847
377.448
228.416
139.942
84.2928
53.1353
36.1191
28.1716
24.7118
23.8232
27.0187
34.5287
50.3405
82.127
139.15
228.906
385.108
701.772
960.838
950.732
667.749
371.962
223.525
137.587
82.1513
50.612
34.4144
27.4942
23.7849
23.4939
26.3712
33.6513
49.2348
80.0461
137.228
230.651
384.181
698.695
947.301
902.768
662.869
370.059
222.088
135.071
79.3994
49.2374
33.7012
26.4394
23.5119
23.3851
26.1628
33.0728
47.903
78.2448
135.243
227.976
382.91
692.988
953.016
963.154
657.53
368.56
221.352
132.711
77.6721
47.7976
32.9373
26.0736
23.2413
23.2464
26.1051
32.8236
46.7498
75.7809
132.017
228.918
381.068
687.726
925.092
910.125
642.473
367.863
222.358
128.912
75.0713
46.4114
32.0508
25.691
23.0167
23.3853
26.393
33.0451
45.6859
73.792
128.501
223.912
377.931
680.659
867.84
859.71
626.936
356.137
214.23
123.749
72.683
45.1103
31.1851
24.6592
22.3579
22.929
25.909
32.4987
44.8934
71.7639
125.356
220.941
377.051
667.482
869.744
888.319
609.833
343.759
205.503
119.085
68.8925
42.9648
30.0484
24.1562
21.7066
21.7945
24.5178
30.9618
44.4831
69.3472
120.732
214.113
371.172
667.761
909.265
821.878
595.702
330.075
198.092
114.264
65.6616
40.416
28.7939
23.336
21.161
21.26
23.7006
29.9559
42.2207
66.7919
116.826
207.43
360.116
650.106
870.617
879.593
587.1
318.88
191.04
108.146
61.518
38.6728
27.6953
22.4801
20.4568
20.5928
22.9814
28.5069
40.1957
64.1714
112.698
201.198
348.164
626.929
794.18
825.841
572.185
307.504
182.792
102.081
58.121
36.6153
26.5408
21.8637
20.0005
20.1202
22.3149
27.4648
38.428
61.0058
107.808
193.57
335.521
596.541
783.369
780.562
559.087
297.818
173.907
95.0682
53.9093
34.6326
25.5735
21.2491
19.5485
19.6679
21.6447
26.3055
36.1116
57.1935
101.15
184.845
325.261
585.421
791.949
803.129
535.912
286.585
160.664
86.7899
49.7801
32.6554
24.6612
20.7622
19.1993
19.242
20.9337
25.115
33.9615
52.7635
93.0154
172.688
313.391
573.774
804.481
685.503
523.229
277.875
147.318
79.1689
46.1065
30.8868
23.6949
20.2396
18.8581
18.8933
20.3788
23.9939
31.5706
47.8834
83.9361
158.522
296.074
555.651
857.492
678.089
475.568
242.316
128.815
69.9862
41.8458
28.795
22.6012
19.6608
18.4715
18.4911
19.7804
22.957
29.6662
43.8798
74.9652
140.859
268.231
514.57
809.347
699.801
443.528
221.097
115.053
62.4156
37.957
26.8342
21.5801
19.053
18.0403
18.0523
19.1377
21.7844
27.3348
39.1647
65.4039
122.672
237.769
466.611
749.602
592.359
394.756
194.01
98.8222
53.6526
33.5966
24.6487
20.4404
18.4346
17.6184
17.6502
18.5377
20.6878
25.162
34.6239
55.7184
103.853
206.657
415.545
641.391
587.727
350.828
165.117
81.8554
45.1613
29.5822
22.6508
19.3728
17.7999
17.1722
17.1929
17.8743
19.5441
23.0131
30.2898
46.3754
83.9367
169.699
357.859
617.109
578.017
294.764
135.812
66.381
37.6932
25.9635
20.7887
18.3456
17.1794
16.6991
16.7048
17.2051
18.4432
21.0312
26.4897
38.6489
67.7896
139.079
306.863
607.181
583.129
249.343
108.962
52.6986
31.5564
22.9694
19.1607
17.3746
16.5321
16.1907
16.1891
16.5281
17.3798
19.1826
22.9912
31.4501
52.0487
106.616
243.783
608.745
425.724
199.494
86.9637
42.4448
26.4855
20.2592
17.6057
16.4139
15.872
15.6555
15.6536
15.8717
16.4401
17.7011
20.4882
26.9274
43.1118
87.6505
200.252
441.403
419.58
175.41
70.4798
34.1069
22.3615
18.0249
16.292
15.5757
15.2793
15.1682
15.1635
15.2671
15.5664
16.3012
18.076
22.4606
34.1799
69.7304
172.02
428.277
425.435
148.371
56.1762
27.8819
19.2581
16.291
15.2775
14.9429
14.8339
14.8016
14.8028
14.8399
14.9608
15.3294
16.4265
19.521
28.5123
57.7149
149.828
426.69
448.223
125.823
43.4012
22.3125
16.8532
15.3522
14.917
14.7794
14.7326
14.7181
14.7177
14.7321
14.7775
14.9118
15.3524
16.8741
22.2488
43.1359
125.573
448.775
461.781
100.406
32.1767
18.504
15.6815
14.9804
14.8214
14.7648
14.7452
14.7402
14.7394
14.7462
14.7651
14.82
14.9789
15.6823
18.5299
32.0988
100.004
463.186
473.222
48.6058
18.129
14.9732
14.7162
14.7996
14.8101
14.8244
14.8321
14.8349
14.835
14.8318
14.8247
14.8118
14.8054
14.7199
14.9686
18.1128
48.5469
472.688
1647.66
1144.62
680.115
423.461
260.342
151.095
83.3098
47.9308
33.3867
27.9585
28.4261
34.6931
50.0124
80.4812
137.097
235.997
388.715
639.89
1112.33
1595.67
1722.08
1145.02
680.251
423.855
259.083
146.284
78.4685
44.005
32.5104
27.3995
27.922
34.0415
49.4319
79.666
133.377
235.145
390.013
641.2
1115.8
1659.88
1693.34
1148.17
677.886
422.858
257.714
147.611
80.3692
45.416
32.4133
26.3084
26.623
32.159
49.0916
79.6554
135.602
237.691
390.751
638.839
1116.04
1649.7
1684.54
1134.97
675.584
420.225
254.709
148.853
82.6141
47.2857
31.631
27.6492
28.1063
33.86
48.7516
77.1943
137.556
238.255
392.145
641.569
1103.63
1611.66
1624.58
1129.08
673.205
419.322
254.693
148.441
81.9907
45.2187
33.5679
27.0878
26.9501
34.1515
47.3804
80.6021
134.496
237.987
392.978
640.586
1106.08
1536.28
1669.96
1120.54
668.529
416.11
254.577
145.206
81.3641
48.2104
34.0621
28.3992
27.6025
33.3401
49.5474
80.7466
138.686
237.655
393.733
646.275
1113.8
1543.91
1549.73
1104.93
664.276
414.662
257.052
150.214
78.6806
46.1403
34.0263
28.4022
28.3932
34.5189
47.7541
77.2797
134.344
236.227
393.679
650.056
1114.81
1566.76
1565.86
1099.44
661.163
414.34
257.213
150.87
85.0287
50.3537
34.3458
28.2442
27.3006
34.0148
50.1052
78.9459
135.68
233.181
392.087
650.3
1114.51
1583.55
1579.68
1106.51
662.907
415.162
256.932
150.058
84.6492
50.4116
34.2804
28.0845
28.502
35.153
50.1209
77.9701
135.832
237.876
394.162
645.395
1107.6
1660.17
1652.7
1100.93
662.653
417.426
257.146
149.741
84.4771
50.5122
34.3607
26.8491
27.9406
33.8035
48.4171
79.2654
137.331
238.877
393.275
652.626
1112.58
1622.98
1608.76
1115.86
662.342
418.421
254.045
148.499
83.7481
50.3185
34.4307
28.0866
27.3019
35.2548
50.708
82.0429
140.504
238.448
395.785
652.083
1121.38
1681.89
1629.29
1129.22
665.55
420.312
257.239
148.574
83.4109
50.1421
34.2369
28.1397
28.568
35.084
50.3001
81.5263
140.36
240.263
395.566
650.554
1129.2
1603.95
1655.62
1130.34
669.747
424.909
261.657
147.826
82.313
49.5383
33.8386
27.8308
28.2293
34.5478
49.3975
80.2478
138.852
238.337
396.066
656.14
1131.43
1667.2
1730.06
1131.52
673.432
427.485
262.826
144.367
77.4806
48.4753
33.5076
26.6414
27.8268
33.9198
47.0717
77.2817
135.757
239.998
394.338
654.697
1125.5
1581.3
1652.55
1117.13
677.473
428.978
263.079
150.475
81.9023
46.6886
32.3735
28.0584
27.478
32.6932
49.7077
81.8477
139.293
240.338
395.419
652.263
1121.23
1648.08
1618.7
1129.64
682.835
430.15
260.926
144.906
77.5691
48.968
34.3764
28.2782
26.3204
33.9349
48.2121
81.2803
135.096
239.473
395.94
655.104
1125.72
1559.98
1687.94
1123.32
682.015
429.886
261.443
146.023
79.4408
48.9905
34.4751
28.456
27.4585
33.4292
50.9974
81.702
136.758
238.863
393.8
655.125
1126.2
1562.64
1652.72
1134.33
685.331
428.189
258.246
144.656
81.4145
46.8862
34.2059
28.4529
28.5962
35.1843
51.334
81.3471
131.802
238.378
395.72
654.507
1127.52
1581.43
1609.15
1129.23
686.897
428.564
259.788
144.73
78.6678
49.4929
34.4229
28.3113
27.353
33.5339
50.9485
81.6764
134.812
238.338
395.11
653.372
1119.11
1576.12
1622.55
1143.44
688.621
429.088
261.712
146.793
84.1781
49.4387
33.918
28.1199
28.5043
35.0204
50.7473
81.4043
137.278
237.827
394.895
653.633
1122.43
1586.64
1646.17
1151.76
688.951
428.646
260.708
150.041
83.4267
46.3548
31.9532
27.6742
28.0205
34.7528
50.3818
81.1419
133.481
236.427
393.374
652.892
1124.8
1606.46
1665.81
1152.08
687.291
427.853
259.965
149.112
82.5921
48.6637
33.5994
27.1652
26.9801
34.255
49.8328
80.8497
136.565
234.731
393.033
652.285
1116.61
1670
1735.91
1145.39
685.06
425.62
255.865
143.423
78.2859
47.8521
33.279
26.9294
27.5438
32.8822
49.2422
80.6051
132.474
233.682
392.767
652.061
1119.94
1581.94
1703.37
1150.4
684.728
423.896
255.599
144.491
78.9321
45.3815
31.8002
27.8731
27.8427
34.3324
47.0888
80.3301
133.944
233.16
392.259
651.459
1127.51
1664.49
1769.26
1151.89
680.439
421.028
252.664
144.573
78.7875
45.8104
33.2255
28.065
28.7913
33.6158
47.8981
80.1775
135.856
231.858
389.884
646.307
1128.95
1639.48
1670.94
1133.06
676.38
418.726
254.159
140.103
76.5827
45.6349
33.0459
27.6986
28.7864
34.6781
49.0877
80.1834
135.186
231.663
388.529
646.379
1122.8
1638.99
1614.83
1136.14
674.909
418.088
253.514
142.846
77.0019
46.7371
32.7798
26.4626
28.4757
33.0066
46.5062
79.6733
131.499
231.644
388.135
644.836
1115.31
1594.55
1676.29
1136.61
674.247
417.486
249.385
137.293
77.2726
45.6549
32.5283
27.9337
28.6961
34.3116
49.1025
80.0889
134.041
233.163
386.443
640.026
1103.77
1517.58
1621.87
1134.99
674.001
417.756
249.259
139.027
79.8721
45.0176
30.7319
27.6342
28.4814
34.8233
48.0619
79.4925
129.894
234.074
387.371
639.656
1100.84
1522.99
1641.18
1138.65
672.859
414.179
247.636
132.415
79.0334
47.6156
32.2653
27.7125
28.0945
33.9856
49.3045
78.3409
137.146
234.255
385.77
641.576
1108.42
1596.92
1723.86
1140.76
670.733
411.216
244.923
138.237
78.1157
46.2784
30.0996
27.339
26.8084
35.032
50.9799
83.072
143.522
239.793
388.454
640.165
1109.05
1576.09
1695.45
1153.27
673.16
411.732
246.254
142.396
81.3689
49.1837
32.7534
27.6388
27.1382
33.851
48.6223
79.9262
143.517
239.547
389.656
635.814
1105.37
1596.11
1728.48
1154.36
670.462
412.5
247.111
137.17
77.8416
48.8191
34.6645
28.2078
27.5379
35.2016
51.0856
83.2946
144.164
241.282
387.959
637.851
1101.89
1576.27
1786.97
1152
673.312
412.725
243.907
141.774
81.643
47.0399
34.3941
27.2966
28.2942
34.7445
50.5309
81.1882
143.448
241.557
390.243
636.192
1098.64
1531.12
1754.11
1132.7
667.138
415.364
250.588
147.003
79.5641
49.7041
34.6536
28.4617
28.1171
32.9663
48.2776
83.6771
140.839
241.789
391.456
639.608
1096.06
1543.66
1670.99
1126.61
667.774
415.44
254.277
147.178
83.4755
49.9874
34.3829
28.2507
27.1608
33.6346
49.28
83.4164
144.15
241.948
391.364
637.362
1096.69
1564.92
1722.8
1119.61
666.638
414.457
253.121
145.27
82.2583
49.2443
33.9389
28.0392
27.8915
34.3822
50.2094
82.7215
143.871
242.101
391.712
643.139
1101.65
1636.99
1581.38
1107.51
661.659
413.912
252.76
140.903
81.3637
48.5302
33.4666
27.7058
27.0439
32.8279
49.5382
79.4483
140.523
242.37
394.848
642.575
1107.26
1559.22
1592.92
1108.5
658.751
412.856
250.768
143.62
78.1568
45.5135
31.5009
26.541
26.9201
34.109
48.0693
79.9525
143.72
241.092
397.383
650.888
1123.36
1635.81
1604.16
1108.9
655.549
408.639
248.302
139.175
81.4405
48.0465
33.1844
27.6214
27.8589
33.2463
49.0121
79.2823
143.796
243.607
397.405
649.627
1122.77
1603.57
1676.49
1105.03
655.644
407.477
247.29
140.421
81.7689
45.9237
31.5572
27.0261
26.6964
34.1458
47.4306
79.5685
143.247
242.985
395.784
643.052
1120.07
1671.62
1593.19
1100.45
654.341
406.005
246.243
141.304
81.5965
49.7954
33.922
26.1847
26.7594
34.082
49.1859
81.0832
143.134
243.821
399.171
652.184
1143.36
1626.6
1605.64
1103.71
657.508
406.814
247.159
135.641
77.7533
49.4321
33.8425
26.1939
26.499
32.5989
46.4149
77.4883
142.14
241.299
402.02
655.211
1148.78
1710.14
1677.28
1095.57
652.735
407.544
246.149
142.253
81.8557
49.7504
33.6446
26.0769
26.7511
34.112
47.3847
80.5962
141.934
241.862
404.018
659.555
1147.2
1710.17
1635.16
1106.07
657.688
408.695
250.491
146.848
78.836
49.2466
33.435
26.0914
27.1502
34.2684
46.9435
77.302
140.753
240.989
405.01
662.529
1135.61
1700.59
1598.74
1102.82
657.208
408.878
247.402
145.899
82.9085
49.0774
33.3765
26.5204
28.1414
34.372
47.7914
79.758
140.485
241.399
405.808
667.01
1151.59
1642.29
1614.21
1099.99
653.421
407.957
250.059
142.732
82.3606
48.0302
33.009
27.3037
28.1327
34.4006
47.7399
76.7229
139.349
242.452
404.105
666.888
1151.73
1649.37
1690.01
1116.96
660.61
412.043
253.531
146.983
81.1603
45.0696
32.4554
25.8863
27.6615
34.3439
50.4936
81.3531
136.146
240.016
404.465
667.673
1151.41
1662.41
1661.33
1109.9
660.665
412.303
253.536
146.139
77.1473
45.4595
31.7514
27.1595
26.5939
32.5597
50.5317
81.2807
139.744
242.07
401.961
661.478
1144.71
1705.87
1633.04
1115.21
663.066
412.045
250.408
141.693
78.8903
46.0878
32.9842
26.6949
27.7879
34.764
50.588
80.7973
135.88
240.122
400.686
659.811
1125.52
1556.9
1564.19
1103.76
659.948
412.103
251.933
143.607
74.9521
47.8489
32.6801
28.0438
26.7265
34.3824
50.5647
78.6465
137.989
239.743
401.073
659.882
1126.45
1566.99
1569.02
1112.31
661.83
412.417
253.068
146.332
80.3937
47.1735
33.7767
28.3182
27.7728
33.2037
50.478
82.192
141.829
243.211
401.398
656.849
1121.34
1573.78
1589.95
1114.64
662.731
413.565
254.123
152.083
85.8789
51.1086
34.9445
27.4477
27.5824
34.8942
49.9061
81.4057
139.063
241.85
402.565
658.173
1123.66
1652.68
1605.9
1115.69
662.818
414.217
258.128
153.135
85.3219
50.5866
34.6731
28.4284
28.8725
33.8665
47.2958
78.087
143.348
246.115
403.323
658.324
1128.29
1600.71
1685.46
1110.84
660.776
414.555
258.423
153.193
84.6448
49.8337
33.8695
26.7434
28.5851
35.6014
49.6304
79.902
140.557
243.415
402.416
656.53
1126.13
1564.83
1666.33
1115.84
665.042
416.459
260.623
153.691
79.6028
46.384
31.9078
26.8667
27.3188
35.5784
48.1754
82.2825
143.566
245.541
402.176
654.26
1127.69
1579.33
1682.92
1118.25
666.826
417.393
260.721
153.849
81.5664
48.0036
33.3293
27.5816
28.1307
35.9085
50.8792
80.0489
140.923
243.616
402.609
657.146
1129.62
1652.98
1645.63
1117.64
668.034
418.697
261.492
154.515
82.8654
48.8973
34.4752
28.6948
29.1151
36.0103
49.5105
85.1627
147.488
248.077
402.174
653.91
1126.51
1597.93
1584.68
1119.05
670.33
419.925
261.765
154.692
86.4153
50.9402
33.7542
28.371
28.8109
36.0372
52.0006
84.877
147.433
247.89
402.753
656.289
1126.53
1659.31
1586.8
1124.04
673.447
421.189
262.575
154.839
85.6695
50.2709
33.8291
27.8015
28.0969
35.5038
49.8506
82.2651
147.655
248.18
402.289
654.099
1122.51
1574.29
1599.43
1121.67
674.348
420.716
261.441
153.633
80.6625
46.7922
31.4229
26.0947
26.1142
35.2094
53.1332
87.0589
147.186
247.332
403.507
656.123
1121.88
1641.5
1603.69
1124.45
675.484
422.024
258.456
152.71
82.4234
48.2
32.1434
27.4342
26.9004
33.9769
52.6351
86.1896
145.954
246.61
403.637
658.495
1125.91
1573.15
1621.21
1127.45
675.095
424.072
260.696
150.668
83.7271
49.5344
32.1899
26.694
27.3368
35.5978
52.1122
85.4653
141.887
243.024
402.654
657.579
1127.41
1584.59
1636.95
1125.06
677.444
423.357
260.168
148.661
79.935
48.7557
33.1302
27.6683
28.075
35.126
49.1809
82.6575
143.622
243.27
402.771
658.505
1126.99
1654.52
1703.11
1134.96
676.119
422.612
258.849
150.617
83.6845
46.7503
31.2301
26.3421
28.1077
34.8582
49.7785
85.0366
140.259
244.214
401.935
654.71
1118.68
1550.97
1607.25
1134.42
673.908
421.855
257.736
149.215
79.7879
48.0883
32.9894
27.376
26.8146
32.9601
48.9619
84.8565
144.832
242.178
401.536
654.303
1117.78
1548.3
1607.42
1131.61
672.994
418.94
255.949
147.758
81.899
45.7955
32.5541
26.0717
26.677
33.3336
50.1177
83.7999
143.854
245.498
401.504
653.854
1118.66
1561.17
1620.3
1129.83
670.263
418.505
254.758
145.989
80.6013
47.2663
31.0431
26.0542
26.3883
33.3894
47.351
82.0174
140.065
245.182
401.291
653.468
1118.83
1568.23
1625.73
1129.07
667.168
415.236
250.842
139.965
75.6796
44.3036
30.7118
26.3983
26.2612
32.1445
48.4353
78.9387
142.902
244.864
399.651
648.743
1112.42
1631.89
1694.42
1122.03
662.288
411.916
247.717
138.261
75.2543
44.2777
30.385
26.0675
26.4972
32.7576
46.2679
77.523
138.913
243.69
399.841
651.016
1116.79
1570.51
1603.96
1116.28
658.666
408.98
245.632
135.545
73.5147
43.5292
29.9661
24.5993
24.7011
31.1152
45.7398
75.4951
138.443
240.541
398.459
649.346
1115.57
1583.1
1615.89
1118.17
653.71
404.674
242.462
132.425
72.078
43.9434
30.2869
24.7083
25.0943
31.0579
45.2922
75.1685
134.169
238.626
398.063
647.552
1111.48
1657.49
1693.68
1110.7
649.273
403.464
239.986
130.392
71.007
43.0597
28.534
24.2178
25.3068
30.5742
45.4017
76.0458
133.692
235.729
394.844
644.257
1108.44
1583.37
1606.48
1096.28
637.941
394.219
233.686
129.396
69.2494
40.5711
29.0453
23.9912
24.7979
29.7749
44.0041
74.43
131.695
232.841
391.723
639.501
1097.68
1633.16
1675.41
1087.24
626.627
385.944
229.43
125.027
68.6702
39.7148
27.4089
23.6561
23.4318
29.2185
42.2251
69.6969
128.596
228.128
386.561
634.077
1094
1525.83
1490.32
1067.12
616.495
378.764
224.003
122.48
66.5501
38.1568
26.9721
23.2161
22.8124
28.2647
40.8142
67.1097
123.31
224.36
380.969
628.793
1091.47
1554.65
1364.22
1052.67
613.92
376.608
217.654
117.908
63.7789
36.8408
26.6488
22.7024
22.1889
26.7359
38.0739
64.4043
119.799
218.421
373.935
620.764
1094.09
1605.4
1344.41
1029.71
616.259
379.047
213.536
114.034
59.1339
34.0531
25.8349
22.2508
21.7216
25.7146
36.5881
61.8002
114.139
211.133
365.378
610.305
1076.7
1598.18
1346.95
1013.25
599.177
367.506
205.154
109.046
56.5069
33.1356
25.2669
21.803
21.1797
24.7423
34.5488
58.0421
108.669
202.088
354.572
599.764
1057.2
1536.46
1350.59
984.599
583.166
358.477
196.255
101.044
52.5655
32.3367
23.9672
20.7564
20.6235
23.8408
32.6511
53.9221
102.225
194.897
343.411
582.709
1025.55
1433.39
1358.55
957.028
564.6
344.703
188.226
96.1155
50.6339
32.2002
23.7536
20.5498
20.195
23.0124
30.9743
50.925
96.1518
185.543
333.809
566.715
998.213
1420.06
1362.39
920.822
539.426
324.739
175.459
88.1096
48.0387
30.9932
23.0797
20.1322
19.7497
22.1956
29.361
47.4626
90.4683
177.108
321.922
552.162
976.27
1459.86
1375.78
886.745
511.8
305.446
163.96
82.7592
44.5949
29.5507
22.4099
19.9622
19.5321
21.5994
28.1166
44.47
83.3281
165.694
307.527
528.342
940.44
1300.32
1431.73
860.014
487.568
285.603
150.682
75.7419
42.1283
27.5997
21.7234
19.2603
19.1543
21.1144
26.9085
41.5284
77.3499
154.662
290.879
504.262
903.076
1274.36
1276.73
835.635
475.834
273.14
141.635
70.2941
39.0069
26.376
21.3595
19.2726
19.1814
20.7887
25.9602
38.8399
70.9865
143.325
272.922
477.658
868.98
1266.12
1201.36
808.651
450.986
253.665
128.524
63.8263
36.305
25.2156
20.4171
18.9212
18.8134
20.6981
24.9805
36.0745
64.0166
128.54
251.927
450.775
826.211
1281.73
1250.29
782.52
428.101
235.955
117.422
58.1069
33.81
23.8735
19.8903
18.3291
18.6024
20.2384
23.9859
33.1528
56.5093
113.782
228.764
420.351
787.551
1141.83
1135.72
734.742
389.738
208.542
101.144
50.9523
30.9683
22.7888
19.2319
17.9796
17.9465
19.2458
22.6171
30.5076
49.6196
97.2044
200.468
384.311
743.224
1180.94
1164.42
684.212
351.247
179.249
85.5221
44.493
28.1843
21.4649
18.6718
17.633
17.6196
18.599
21.4529
28.0179
43.8315
81.9065
167.454
336.655
678.558
1062.9
966.428
608.631
302.181
148.349
71.4377
38.3712
25.6581
20.4495
18.1866
17.3072
17.3057
18.066
20.17
25.2734
37.5319
68.2215
139.833
292.766
619.87
1084.57
926.155
521.147
249.029
117.938
56.5704
32.5932
23.2267
19.3194
17.6234
16.9583
16.9342
17.5674
19.2338
23.0613
31.9395
53.8656
109.819
240.791
527.356
867.163
905.475
437.691
198.582
91.1748
45.2378
27.8552
21.136
18.3196
17.13
16.6663
16.6624
17.0936
18.2734
21.0589
27.7303
44.335
86.7476
191.704
438.477
810.983
889.249
337.283
148.674
67.497
35.257
23.6559
19.1974
17.3977
16.6264
16.3369
16.3409
16.6486
17.4382
19.2666
23.6047
34.817
65.7142
149.873
352.484
773.09
629.614
255.184
105.072
45.9685
26.8757
20.2621
17.6924
16.6175
16.1668
15.9928
15.9926
16.18
16.7024
17.9327
20.841
27.8974
47.1634
106.315
267.871
744.103
501.377
198.068
78.2841
35.8677
22.7518
18.2589
16.5896
15.9445
15.6807
15.582
15.581
15.6795
15.9532
16.6706
18.5738
23.739
38.2813
82.1911
203.103
518.52
451.342
159.753
60.3654
28.4656
19.4159
16.5549
15.616
15.3081
15.1983
15.1609
15.1645
15.2111
15.3278
15.6231
16.4987
19.2059
28.0328
59.5216
156.104
448.402
447.668
132.309
46.3901
23.0666
17.1503
15.4558
14.9924
14.8718
14.8402
14.8329
14.8344
14.8502
14.8972
15.045
15.5518
17.3369
23.7083
48.3752
139.211
450.471
460.309
112.418
37.7523
19.9737
15.9908
15.0489
14.8247
14.774
14.7631
14.7611
14.7605
14.764
14.7764
14.8258
15.0398
15.9186
19.5249
36.4341
109.35
461.477
469.307
83.6742
26.4088
16.577
15.0914
14.8393
14.7919
14.7792
14.7784
14.779
14.778
14.7791
14.781
14.796
14.8507
15.1294
16.7838
27.1354
89.4992
470.857
475.107
43.1472
16.9838
15.2304
14.8878
14.8341
14.8373
14.8413
14.8369
14.8357
14.8357
14.8382
14.8415
14.8378
14.8387
14.9129
15.3701
17.8098
42.1382
475.243
915.032
699.53
397.353
240.105
149.307
93.1472
60.0531
41.4029
31.793
27.7647
27.7386
31.4109
40.4033
57.8025
89.1058
143.514
236.595
402.692
720.451
938.214
976.385
701.421
399.052
241.603
149.501
91.5632
58.2444
39.7057
30.3977
26.8157
27.3622
30.9474
39.8639
57.2381
88.6048
143.662
237.915
406.41
729.228
1005.02
939.06
701.597
398.667
241.028
149.472
93.118
59.7404
41.0311
31.4266
27.506
27.3165
29.9715
38.6075
55.8435
87.5539
143.026
238.025
408.163
733.024
993.235
904.992
701.815
398.985
240.637
149.207
92.8559
59.3158
40.823
31.1981
27.3225
27.3006
31.0448
40.0938
57.4778
89.236
143.077
238.197
407.462
731.933
1007.5
908.844
699.245
396.068
239.046
147.878
90.8181
57.2933
40.3447
30.0111
26.3435
27.037
30.1698
39.7108
56.0195
89.0221
142.566
237.261
403.656
722.888
1009.31
920.206
695.585
394.323
238.715
147.532
90.8697
57.8157
40.403
30.803
27.1445
27.0924
30.9818
39.7051
57.1955
88.9399
143.103
236.942
404.409
727.635
1012.76
960.496
696.707
394.821
238.871
146.017
90.9534
58.5155
40.2593
29.937
27.0236
26.3602
30.8799
38.3028
55.7307
88.7809
142.493
235.738
402.633
720.872
972.858
899.271
695.13
395.069
237.365
145.485
89.2406
58.0283
40.2291
30.918
27.111
27.3384
31.1564
39.2851
57.2002
88.7413
141.377
235.573
402.322
716.545
903.786
954.569
689.165
396.059
236.881
145.155
91.0572
58.6712
39.999
30.5987
26.1696
27.1259
31.1238
40.3726
56.7082
89.0053
141.61
235.459
401.431
717.421
900.167
923.82
691.849
394.12
236.202
145.067
90.6786
58.5424
38.8405
29.7653
26.7337
27.1169
31.0449
40.4329
57.0125
89.1978
141.714
234.425
398.608
711.942
906.02
898.901
692.018
395.053
235.897
144.504
90.2512
58.6484
40.7072
31.2083
26.3216
26.8465
29.8421
40.0924
56.5014
89.3652
142.672
234.784
398.329
710.848
914.384
906.355
695.115
393.865
234.499
143.601
89.047
58.2301
40.591
31.378
27.3784
27.0205
30.176
39.9422
56.7038
89.4347
142.152
234.838
398.165
708.745
858.44
918.016
696.755
391.82
233.546
143.258
88.8047
58.1446
40.4852
31.3367
27.3093
26.8594
30.4926
39.1212
56.9873
89.7922
143.164
234.358
396.758
708.031
861.941
965.513
689.967
391.31
233.478
142.958
89.3793
57.7006
40.0432
31.104
27.1864
25.99
29.639
39.7562
57.7416
89.7503
142.663
232.799
396.199
707.505
856.398
903.497
686.255
389.641
232.586
142.837
89.0699
57.231
39.5958
30.9034
27.3191
27.2646
30.9086
40.2157
58.6248
89.7218
142.451
233.283
396.066
707.883
861.462
954.799
686.096
388.075
232.181
143.21
87.3218
55.1776
37.6495
29.6297
26.457
27.5702
31.5457
40.8127
57.6931
88.5727
141.834
233.563
397.886
708.859
859.21
900.936
683.896
388.552
233.187
143.562
88.2495
56.0964
38.1757
30.5373
27.3085
27.5868
30.8845
39.7405
59.1194
90.4714
141.542
233.601
398.196
710.931
874.933
853.293
678.888
388.81
234.568
144.37
86.592
54.2083
38.5949
30.3994
27.3008
27.7097
31.1041
40.3636
59.0554
90.7164
142.261
234.003
397.963
710.247
882.051
854.458
686.699
389.494
235.999
146.478
89.9331
56.9392
37.5591
29.5246
27.0237
27.6835
31.9254
41.1126
58.785
90.6197
143.469
234.004
397.293
707.832
931.327
872.256
688.776
388.787
237.286
147.046
92.8829
59.7373
39.3064
30.6796
26.4899
26.9001
31.7567
40.8517
58.4684
90.2548
142.431
233.577
395.807
711.696
885.372
918.857
690.665
390.77
238.352
146.652
93.1794
60.1754
40.6042
31.837
27.5127
27.561
31.5557
39.3977
56.9377
89.9441
143.726
234.243
397.52
710.63
893.331
864.937
689.192
392.856
239.544
148.928
93.7455
60.3292
41.3442
31.6571
26.4182
26.4322
31.3034
39.732
57.5654
89.1071
143.064
234.087
397.807
708.584
954.928
915.905
689.827
394.175
241.16
149.193
93.4774
59.8541
40.2315
31.5081
26.889
26.7141
30.8133
39.9485
58.3483
89.9848
143.607
234.332
397.172
711.855
924.106
903.608
681.621
396.475
242.992
150.125
92.3541
58.5179
41.191
31.4372
27.4542
26.9735
31.5738
40.6849
58.184
89.7549
143.733
234.799
394.86
704.124
893.529
888.833
691.658
399.803
245.221
151.673
94.34
59.9032
41.022
30.5525
27.0963
27.4411
31.334
40.2888
56.7862
88.5016
143.32
235.499
397.63
710.4
905.546
929.21
686.021
400.967
246.268
153.021
94.221
59.4304
40.5428
31.0669
27.2595
27.223
30.1584
38.9625
57.7599
89.9317
144.244
235.717
398.644
710.198
933.646
877.624
689.978
404.506
247.849
153.097
92.3252
57.1484
38.6231
29.57
26.0503
26.3568
30.294
39.1369
57.4044
89.8272
144.057
235.225
395.384
703.137
994.717
926.727
697.975
407.04
247.923
153.228
92.9913
58.0569
39.5045
30.2493
26.5863
27.0912
30.7037
39.0318
55.7047
89.5292
143.937
235.127
394.557
695.45
920.938
881.058
701.983
408.388
247.651
153.027
93.7221
59.0143
40.3646
30.7993
26.8744
27.86
31.534
39.6089
56.1967
89.6628
143.694
235.639
395.891
696.754
885.382
888.579
703.024
409.525
249.159
153.144
92.4851
57.545
39.2727
29.6609
27.4958
27.999
31.5887
38.4361
56.8122
89.6439
143.167
235.863
396.081
695.657
950.33
939.652
703.865
410.678
248.621
152.985
94.3103
60.2057
41.5469
31.0935
27.5271
28.0208
31.7641
39.3476
55.3452
89.89
144.301
236.456
396.331
697.528
914.485
893.758
710.161
411.685
249.153
153.292
92.8336
59.7179
41.545
31.8668
28.1198
28.1094
31.8342
40.7886
57.5054
90.0199
144.625
235.827
394.47
700.816
881.105
901.599
712.424
412.136
249.428
153.194
92.6562
59.3823
41.3075
31.9015
28.0019
27.9359
31.0612
41.5008
59.1253
88.9628
145.135
237.378
397.139
701.573
890.778
948.369
713.545
409.292
249.112
152.449
92.2658
58.5742
40.8925
31.5402
27.7375
27.9122
31.8968
41.2677
58.4061
90.7425
146.084
238.403
398.311
699.034
950.432
916.83
704.629
411.056
249.179
152.787
93.2068
56.4958
40.2482
30.1617
26.5733
26.8834
31.4097
40.1399
59.6852
89.7528
146.906
239.401
399.96
703.319
928.806
952.039
712.53
411.089
247.988
152.453
92.1612
58.1281
40.7266
30.9926
27.6858
27.7665
30.9564
40.6644
59.8189
92.0727
147.531
239.48
401.741
708.113
916.899
902.808
708.546
407.279
247.483
152.299
94.0912
59.4584
40.7403
31.3401
27.6405
27.8104
32.0762
41.4779
59.685
92.3463
147.846
240.192
405.113
716.048
931.857
946.671
704.134
407.101
246.478
152.435
93.2416
57.2918
38.885
29.8776
27.1825
26.8397
31.717
41.1113
58.1407
90.5825
147.454
240.392
407.674
723.188
976.832
930.479
708.066
406.289
246.357
152.379
92.8071
57.8472
39.9329
30.378
27.2276
26.9697
31.5113
40.1271
58.215
90.8527
147.226
240.606
407.583
723.347
930.477
929.865
703.49
406.027
247.241
152.306
94.0076
58.4252
41.0624
30.6026
27.0685
27.2563
31.3559
40.7127
58.6816
91.1006
146.924
240.066
406.829
722.752
975.893
893.361
702.893
405.079
246.383
152.006
93.7173
59.5663
41.3927
31.5427
26.4324
26.4124
30.365
39.5447
57.3139
89.8858
146.787
239.99
405.554
718.863
914.931
925.109
698.522
404.057
245.1
150.876
91.7256
58.925
41.1102
31.7139
27.5948
27.6749
31.7886
41.2612
59.3425
91.7901
147.519
240.183
404.517
718.853
966.681
856.149
699.667
403.735
244.58
149.862
92.4381
56.8995
40.6829
31.5145
27.3776
27.4911
31.6183
41.0504
59.0609
91.4919
147.402
239.894
400.244
705.259
918.804
872.101
701.568
399.892
244.12
148.775
92.1118
57.7252
40.7025
31.3329
26.5542
26.6253
30.7581
40.0671
57.9399
90.4428
147.131
239.289
401.872
711.984
960.966
918.465
700.706
397.653
244.641
147.866
91.4376
58.5932
40.4731
31.1352
27.4226
27.7333
32.1057
41.591
59.583
92.2375
147.073
239.347
403.404
715.177
907.209
911.213
697.406
394.961
241.33
146.237
90.8414
58.2007
40.0381
29.8965
26.2578
27.293
31.8646
41.2129
58.0845
91.6764
146.926
239.28
403.272
712.441
968.022
926.293
688.658
392.401
239.144
145.713
89.84
57.3344
38.7917
30.2768
26.7048
26.4698
31.712
41.0959
58.7651
91.1854
145.928
238.474
403.814
717.516
957.238
928.136
686.896
389.576
236.867
144.476
87.8659
55.3616
39.558
30.9675
27.4308
27.2267
31.6291
39.9337
58.4067
90.8327
145.37
237.628
401.248
718.102
958.714
922.324
684.962
386.856
234.185
143.328
89.3488
56.7695
39.2975
30.7096
27.3937
27.5984
31.6936
40.7251
57.1018
90.3634
144.946
236.749
398.215
705.797
924.065
898.586
683.71
387.094
233.517
143.308
87.5372
54.3171
37.2906
29.2755
26.4798
27.1957
30.7884
40.5127
58.2741
90.1772
144.565
237.06
397.212
700.896
865.892
941.467
685.551
388.296
234.115
143.909
88.5659
55.2061
38.3084
30.2761
27.5368
26.9249
31.4798
39.3544
56.8318
88.8929
143.821
235.884
395.858
701.316
868.176
887.733
689.859
388.553
232.916
143.282
88.8763
56.4199
39.506
31.1916
27.8986
28.0058
31.797
40.0793
57.6263
89.4751
143.496
235.155
395.481
706.063
918.181
941.86
689.096
385.25
231.993
142.6
88.3467
54.8466
38.225
30.2156
27.7929
27.9595
31.6616
38.8744
56.3273
89.1965
142.955
235.392
394.393
698.297
861.345
897.612
684.495
386.414
230.939
140.719
87.828
56.915
40.3785
31.5953
27.9645
27.9421
31.8031
39.8219
58.1949
89.1507
142.514
234.093
393.902
707.161
872.178
854.342
682.042
384.763
230.699
140.292
85.4564
54.7405
40.0603
31.4503
27.8711
27.7421
31.8919
41.1108
58.1719
88.7397
141.873
233.668
392.116
705.463
893.619
857.83
682.426
385.941
230.332
140.054
85.9689
55.3239
39.9982
31.3208
27.7635
26.9428
31.0623
41.1034
57.1571
87.7223
141.075
231.453
388.966
703.414
923.23
871.688
681.578
385.024
230.628
140.673
86.4033
55.6198
39.7298
30.2842
27.8822
28.2207
32.2554
41.2523
59.3171
89.8357
141.034
231.387
386.902
690.312
894.929
903.881
673.751
386.064
231.438
142.497
88.5742
57.2676
38.9891
30.796
27.8986
28.2041
32.2825
40.189
59.2943
89.6726
141.332
230.315
387.164
692.3
825.563
833.059
676.879
386.513
232.834
142.596
87.6814
56.1286
39.7352
31.5634
27.8982
27.9533
32.3562
41.7345
59.4848
89.3988
141.283
231.008
387.788
693.449
837.221
847.169
682.498
386.033
233.614
144.863
90.4795
58.3987
40.5107
31.3119
26.9481
27.82
32.1534
41.7249
59.2724
88.2678
140.123
229.685
388.09
694.303
843.239
866.949
684.316
387.504
233.687
144.626
88.7212
56.498
38.8862
30.9627
27.275
26.8271
30.861
41.3211
59.2381
90.3051
141.74
230.043
388.283
695.269
861.02
918.825
684.34
388.673
233.514
144.247
89.4368
57.4079
39.4273
30.0293
26.3801
27.0419
31.2084
40.2921
57.8384
89.2156
142.865
230.288
388.878
694.755
872.486
905.656
674.611
388.431
233.523
143.786
89.9574
58.2416
40.2929
30.632
26.7457
27.5349
31.8008
41.2127
59.0035
90.3934
142.959
231.041
389.392
692.13
931.21
901.22
680.427
389.266
233.385
142.322
89.4795
57.9357
40.1304
29.6396
26.407
26.5068
31.4392
40.8691
58.7657
89.3983
143.246
231.421
388.615
693.065
887.949
871.073
680.684
388.075
233.191
143.005
87.6099
56.3429
40.1255
30.0878
27.096
26.9323
30.4858
39.2498
58.2492
89.7936
143.496
231.894
388.116
688.575
926.566
878.467
677.446
386.822
232.756
142.171
88.3637
57.8688
40.4329
30.7364
27.1022
27.4588
31.1139
39.4203
57.9203
89.1376
142.525
231.743
387.84
689.818
862.248
925.679
674.457
384.478
232.272
142.584
86.4721
57.1457
40.2605
29.4684
26.9175
27.1924
30.3718
39.3686
57.3338
87.6805
141.873
231.144
386.563
686.973
882.698
878.446
671.1
384.119
232.575
142.554
88.6886
58.3602
40.5972
30.3295
26.1867
26.424
31.3657
40.2819
56.9944
87.7134
141.467
230.894
385.952
691.165
937.003
917.366
671.404
384.501
233.293
144.427
90.073
58.0292
40.3393
31.0652
26.6659
26.7348
31.1991
40.0324
55.2779
86.633
140.231
229.797
385.724
691.687
921.025
863.695
669.028
383.663
234.349
144.242
88.1201
55.8623
39.6802
30.7701
27.0349
27.0863
30.9517
39.8095
56.1749
84.4648
139.056
229.459
384.422
691.062
916.42
915.53
674.731
384.314
233.912
144.159
88.6909
55.9564
39.2574
30.4205
26.7778
26.8419
30.6551
39.4705
55.79
83.9552
137.264
227.525
380.003
687.326
872.524
906.013
665.469
383.228
234.493
143.025
87.791
55.9203
37.723
29.1736
26.2502
26.3751
29.4544
38.0226
54.2185
83.5235
135.725
224.448
376.292
683.34
875.255
905.75
668.969
381.874
231.491
141.463
86.7668
54.0754
37.3852
28.9678
25.9409
26.1928
29.9378
38.6713
55.0171
84.3506
134.817
222.525
375.088
682.635
890.022
890.127
670.405
381.77
229.706
140.473
85.7685
54.5163
36.7582
28.7174
25.4
25.6744
29.4607
38.0542
54.3641
83.7585
133.856
222.157
373.222
679.064
888.151
932.071
672.622
381.019
228.235
139.341
84.2929
52.3378
35.9044
27.3789
24.7655
24.4897
27.9676
36.2041
52.1418
81.6911
133.663
223.145
371.955
674.223
934.937
885.523
668.194
378.225
228.564
138.078
83.0438
51.0718
34.8827
27.0671
23.9056
24.6924
27.8774
36.1694
51.5486
81.1002
132.418
220.254
369.781
661.566
832.363
942.872
667.425
375.924
225.161
136.099
80.2759
49.9471
34.4
26.8327
23.7023
23.8416
27.1583
34.5833
50.2352
79.0064
130.64
217.337
365.396
660.019
842.06
931.257
666.913
371.178
225.798
133.531
78.4094
48.7725
34.1312
26.9357
23.5008
23.4584
26.6485
34.1488
48.7617
77.5561
128.911
214.008
361.221
658.719
848.5
926.859
660.653
369.276
222.133
130.144
76.0173
47.4078
33.0068
26.3807
23.1001
23.1376
25.8779
33.0252
47.4526
75.7528
127.361
212.702
360.802
656.819
866.782
890.528
652.578
364.416
218.145
127.107
73.547
45.6979
31.8771
25.1685
22.487
22.3538
24.9408
31.5922
45.5968
73.4616
124.911
211.447
361.381
656.013
883.504
927.864
637.873
356.412
213.521
123.155
70.9765
44.0076
30.7109
24.842
22.2531
21.9581
24.3427
30.7119
43.9496
71.0863
122.53
208.209
357.361
650.708
944.05
837.022
621.321
345.741
208.1
119.278
67.7169
42.1792
29.7841
24.2469
21.7798
21.389
23.6681
29.6313
42.1754
68.6264
120.086
204.534
356.545
643.663
902.187
849.718
615.711
342.668
203.201
114.871
65.2226
40.5347
28.7047
22.9096
20.74
20.7445
23.0348
28.5507
40.2567
65.1754
116.274
203.031
351.076
636.032
862.092
863.641
609.73
338.866
196.393
109.363
61.893
38.7965
27.6455
22.4627
20.3466
20.3277
22.483
27.666
38.6418
61.7929
110.724
202.314
343.58
621.217
892.988
920.018
601.637
330.5
187.369
103.107
58.4426
36.9921
26.7264
21.8247
19.9152
19.9635
21.9196
26.6938
37.0311
58.8433
104.707
192.393
332.309
606.689
807.393
850.278
580.958
314.092
175.921
96.1157
54.4963
34.6892
25.4977
21.1512
19.5045
19.627
21.3478
25.7933
35.2595
55.5064
98.5433
183.192
322.962
595.796
814.736
881.572
562.38
299.053
163.973
88.6056
50.4467
32.7954
24.4897
20.6408
19.1711
19.2316
20.8083
24.8019
33.3528
51.7217
91.3859
171.181
313.989
582.325
817.906
785.295
529.473
275.095
148.448
80.1949
46.3987
30.805
23.6092
20.1488
18.8542
18.9043
20.2626
23.7678
31.2264
47.2714
82.6032
156.391
296.286
559.755
823.597
789.974
501.377
251.684
132.179
71.0701
41.9603
28.7448
22.5636
19.5837
18.4086
18.4502
19.7208
22.7666
29.1461
42.7734
72.9582
137.647
265.59
524.138
826.314
812.683
452.767
222.469
115.552
62.4271
37.8499
26.7255
21.4673
18.9848
18.0206
18.08
19.1549
21.7584
27.1319
38.5006
63.6773
119.756
238.12
483.806
862.015
673.377
402.252
195.13
99.3141
53.7565
33.6537
24.6858
20.446
18.42
17.6227
17.6678
18.5715
20.7047
25.0946
34.3652
54.9901
102.011
204.828
422.776
712.634
665.845
353.98
166.149
82.7321
45.565
29.7231
22.6784
19.3469
17.7909
17.1757
17.2216
17.9095
19.5816
23.0739
30.4227
46.7529
85.287
174.263
371.591
707.368
681.755
295.262
134.557
66.1672
37.8368
26.0505
20.7985
18.318
17.1468
16.6924
16.7184
17.2451
18.5061
21.112
26.5692
38.6405
67.5735
139.573
306.785
715.189
534.74
245.09
109.706
53.506
31.7645
22.9556
19.1017
17.3194
16.4976
16.1814
16.2079
16.5714
17.4631
19.3612
23.4269
32.5941
54.9434
112.279
247.676
542.301
452.402
199.508
85.7254
41.6837
26.1875
20.1344
17.538
16.3743
15.8604
15.6686
15.6835
15.9109
16.4813
17.7241
20.4616
26.7875
42.8465
88.2896
205.558
458.421
419.304
173.307
70.7422
34.5237
22.5253
18.0727
16.2909
15.5654
15.2744
15.1739
15.1842
15.3061
15.6283
16.4018
18.258
22.8271
34.9501
71.5426
174.846
416.926
426.86
148.114
55.9281
27.6446
19.1392
16.2759
15.2617
14.9305
14.8282
14.801
14.8055
14.8442
14.9628
15.3158
16.3686
19.3856
28.1467
56.9701
150.025
424.743
447.964
125.926
43.5908
22.458
16.946
15.3591
14.9145
14.7767
14.7313
14.7178
14.7181
14.7333
14.7802
14.9194
15.3745
16.9321
22.4473
43.5835
126.444
447.025
461.99
99.5161
31.9162
18.4448
15.6623
14.9793
14.8201
14.7639
14.7449
14.7402
14.7396
14.7466
14.7658
14.8206
14.9766
15.6759
18.4817
32.0416
100.082
463.366
472.833
48.6514
18.178
14.9967
14.7262
14.8066
14.8119
14.825
14.8323
14.835
14.8349
14.8317
14.8247
14.812
14.8062
14.723
14.9833
18.1322
48.5521
472.654
277.816
277.821
156.583
98.2589
67.7654
49.8313
38.6517
31.7533
27.7723
25.9654
25.9993
27.8629
31.8488
38.7424
50.0585
68.7576
101.175
162.105
284.041
299.002
280.843
279.579
158.12
99.1018
68.1486
49.8896
38.2893
31.1671
27.091
25.2632
25.3299
27.3131
31.6713
38.6843
50.1356
69.217
102.059
163.974
287.308
305.48
278.815
279.558
158.406
99.4176
68.3641
49.9376
38.4844
31.3693
27.2468
25.3787
25.4988
27.5695
31.6989
38.6814
50.1117
69.1697
102.34
164.81
288.981
308.298
284.18
280.093
159.094
99.8947
68.7732
50.1888
38.7663
31.6111
27.4123
25.4113
25.6322
27.5232
31.5717
38.5482
50.0129
69.1675
102.515
165.222
290.261
333.277
287.291
282.213
159.565
100.176
68.9449
50.2568
38.8205
31.5813
27.086
25.55
25.5996
27.0985
31.042
38.0669
49.7772
68.9467
102.5
165.082
289.737
323.737
295.984
282.603
159.864
100.526
68.8167
50.2174
38.8189
31.4099
27.2442
25.3849
25.623
27.2386
31.1861
38.1524
49.7086
68.6718
101.382
163.148
289.183
336.771
316.664
282.487
160.237
100.838
68.9893
50.4342
38.9248
31.7846
27.7008
25.8115
25.7636
27.4973
31.3939
38.2625
49.6514
68.5309
101.247
162.767
287.728
319.208
282.811
281.094
160.51
101.412
69.2476
50.5262
38.903
31.7382
27.6462
25.7619
25.7085
27.3853
31.3266
38.2341
49.6545
68.6334
101.85
162.895
286.899
296.268
289.752
281.953
160.42
102.252
69.5396
50.5735
38.7781
31.3081
27.5412
25.6965
25.6844
27.4218
30.9221
38.1055
49.4974
68.6442
101.761
162.932
285.267
292.264
294.597
282.458
162.302
102.663
70.027
50.6713
38.7066
31.2806
27.3881
25.5245
25.5731
27.449
31.1407
37.9588
49.6285
68.706
101.593
163.166
285.773
296.839
307.226
286.117
164.313
103.553
70.3448
50.7609
38.5841
31.3602
27.3175
25.1106
25.1919
27.4757
31.6042
38.2539
49.5754
68.7391
101.601
163.088
285.128
294.162
326.489
286.951
165.071
104.356
70.4296
50.7978
38.7974
31.7187
27.2748
25.4037
25.3982
27.2426
31.595
38.5234
49.8459
68.7499
101.431
162.939
284.616
291.307
317.822
288.295
166.074
104.222
70.4819
50.7055
39.0717
31.8948
27.7933
25.9229
25.8752
27.5027
31.6039
38.4873
49.7843
68.6299
101.518
162.865
284.085
286.594
298.539
289.66
166.837
103.546
70.2132
50.8294
38.9893
31.772
27.6806
25.81
25.793
27.5938
31.5432
38.4072
49.7529
68.6281
101.338
162.685
282.655
285.889
324.031
294.002
166.685
103.585
70.1196
50.6339
38.8282
31.5888
27.1835
25.5783
25.3514
27.3074
31.2105
38.0911
49.5399
68.6759
101.243
162.576
283.25
283.51
307.638
294.919
167.265
103.761
70.0623
50.4504
38.4316
31.4131
27.1579
25.5789
25.5481
27.0954
31.1319
38.1192
49.7842
68.8123
101.691
163.273
285.194
290.673
313.353
297.528
168.577
104.742
70.2049
50.5175
38.3527
31.0833
26.9963
25.2468
25.4691
27.1408
31.4003
38.3801
49.7766
68.7141
101.54
163.433
286.82
309.907
341.487
298.448
167.415
103.544
70.1846
50.375
38.4747
31.4954
27.167
25.4284
25.4208
27.1169
31.3931
38.4002
49.7498
68.6373
101.396
162.907
286.24
293.915
323.852
297.38
167.024
103.313
69.7667
50.4946
38.717
31.5658
27.484
25.2328
25.0853
27.1031
31.1157
38.3233
49.674
68.6517
101.456
162.931
286.561
313.229
328.697
297.754
166.741
103.264
69.7172
50.4852
38.7197
31.3188
27.6167
25.7261
25.4827
27.4967
31.411
38.3413
49.4996
68.8042
101.772
163.556
286.32
301.632
365.499
297.939
166.306
103.081
69.5838
50.1934
38.469
31.6559
27.6317
25.8254
25.8219
27.6285
31.2255
38.3623
49.6725
68.8831
101.827
163.13
286.153
325.485
337.914
294.905
164.48
103.1
69.5737
50.3368
38.7537
31.6414
27.5209
25.7489
25.668
27.6474
31.6061
38.4569
49.6517
68.9464
102.054
163.963
286.591
313.718
306.036
289.367
163.542
101.773
69.6064
50.321
38.7492
31.6074
27.1008
25.6438
25.7704
27.6494
31.586
38.274
49.6708
68.8827
101.836
164.145
287.937
303.264
308.512
282.046
160.082
101.819
69.1181
50.1758
38.6608
31.6894
27.3175
25.3347
25.4085
27.6244
31.4445
38.6048
49.9104
69.0131
101.753
163.762
287.531
313.123
259.751
279.789
159.806
100.711
69.1214
50.1112
38.4106
31.8071
27.6861
25.6141
25.6886
27.7532
31.7791
38.724
50.0628
68.9444
101.817
163.577
288.881
295.654
263.192
280.172
160.361
101.173
69.7003
50.4857
38.8558
31.8834
27.5247
25.7529
25.9828
27.8455
31.7889
38.7292
50.0747
68.8345
101.638
163.772
288.936
311.764
267.218
281.622
160.866
102.315
69.443
50.6119
39.0986
31.9971
27.8533
25.9722
26.0032
27.8175
31.7553
38.71
50.1093
68.9536
101.722
163.365
286.86
298.809
272.966
281.739
161.122
102.119
69.4147
50.5473
38.9992
31.8835
27.7047
25.5674
25.8648
27.7484
31.6604
38.6694
50.1223
69.1496
102.137
163.249
286.258
287.662
281.239
281.207
161.289
102.287
69.3853
50.4159
38.8154
31.7318
27.6289
25.5634
25.5428
27.5808
31.2546
38.6034
50.071
68.9947
101.861
163.674
285.86
288.882
300.755
284.409
161.915
102.032
69.3332
50.1979
38.3327
31.1504
27.1568
25.7081
25.7792
27.6324
31.4384
38.5987
50.0199
68.7914
101.313
162.936
285.67
304.545
299.361
284.84
162.465
101.626
69.7464
50.2693
38.5324
31.3771
27.2797
25.4575
25.7257
27.5982
31.5932
38.607
50.0261
68.8197
101.371
162.404
283.507
279.256
305.032
288.101
163.203
101.704
69.1803
50.2133
38.7229
31.6684
27.5902
25.7477
25.7164
27.4924
31.2109
38.3433
50.0491
68.9162
101.553
162.769
283.184
276.142
306.08
285.586
163.499
102.09
69.4992
50.17
38.6754
31.6365
27.614
25.7706
25.7536
27.5727
31.4184
38.6409
50.1833
69.3249
101.983
163.422
284.213
282.818
299.472
286.653
163.531
102.964
69.3039
50.206
38.4224
31.2952
27.5534
25.7594
25.7647
27.6298
31.6731
38.7454
50.2278
69.2387
102.224
163.913
285.123
286.853
285.585
286.446
164.374
102.225
69.4118
50.4491
38.8688
31.7895
27.6584
25.7008
25.5056
27.3332
31.3871
38.7004
50.1811
69.2949
102.313
164.153
285.344
305.023
287.946
287.278
164.168
103.4
69.6416
50.5261
38.9542
31.8976
27.8272
25.926
26.0438
27.9132
31.9091
38.789
50.0276
69.1894
102.09
163.979
287.949
310.606
310.964
287.56
164.799
103.133
69.6427
50.5199
38.9423
31.8844
27.7952
25.71
25.9402
27.8299
31.8323
38.7456
50.1473
69.243
101.999
163.418
287.734
317.841
295.052
289.631
164.518
102.669
69.6311
50.5624
38.9678
31.8973
27.8299
25.8956
25.617
27.3905
31.4013
38.6384
50.2102
69.4408
102.163
163.425
285.4
317.854
298.564
291.163
165.594
103.024
69.8523
50.4989
38.6401
31.4766
27.4231
25.5896
25.8218
27.7014
31.6567
38.5533
50.0814
69.269
102.227
164.119
288.033
315.457
304.585
293.079
166.541
104.172
70.4481
50.823
39.0186
31.8245
27.7791
25.8799
25.7444
27.608
31.5206
38.1545
49.9603
69.405
102.295
164.011
286.145
340.171
313.037
293.946
167.228
104.182
70.3358
50.8545
39.0281
31.5292
27.6742
25.8438
25.7411
27.1982
31.1003
38.2666
49.6977
69.2526
102.679
164.143
284.934
305.221
347.625
295.772
166.972
103.689
70.0775
50.7661
38.9974
31.7571
27.3467
25.4342
25.4241
27.2578
31.1885
37.9967
49.4273
68.9925
102.076
164.334
285.48
283.953
331.932
293.41
166.826
104.121
69.9918
50.6755
38.9314
31.7269
27.5895
25.7213
25.7413
27.5478
31.4717
38.271
49.5189
68.9355
101.839
164.439
286.827
292.766
314.114
291.619
164.873
102.507
69.78
50.5432
38.8459
31.702
27.5887
25.708
25.7033
27.5425
31.5037
38.3314
49.6545
68.908
101.969
164.79
289.977
319.007
324.914
291.009
164.656
102.42
70.0183
50.4646
38.8062
31.6693
27.5756
25.6626
25.3574
27.154
31.3849
38.3063
49.4041
68.729
101.8
164.64
289.577
307.944
294.628
289.582
164.38
102.334
69.5632
50.4711
38.7115
31.5818
27.5864
25.7368
25.665
27.4245
31.1864
38.3786
49.7927
68.7418
101.896
164.541
290.191
300.159
296.967
289.344
164.307
102.351
69.5186
50.4336
38.6394
31.1996
27.4976
25.6957
25.4561
27.2549
31.5032
38.4318
49.8524
68.8951
102.036
164.58
290.604
303.702
297.165
288.503
164.465
102.538
69.6536
50.4032
38.4186
31.5323
27.5672
25.7808
25.7364
27.4116
31.544
38.4458
49.9092
69.1217
102.522
164.635
290.248
331.128
300.077
287.768
164.467
103.41
70.151
50.4509
38.6098
31.4023
27.1646
25.4025
25.7291
27.5995
31.4973
38.0282
49.6142
68.9514
102.139
164.204
288.281
311.269
308.042
286.503
163.881
102.473
69.7284
50.4873
38.3538
30.9845
27.4163
25.6349
25.6986
27.5194
31.4369
38.1425
49.7239
68.7622
101.794
164.151
287.494
291.228
273.536
285.591
162.977
103.259
70.1828
50.5902
38.7137
31.2526
27.4944
25.3951
25.6212
27.4478
31.3728
38.2662
49.741
68.7446
101.687
164.201
287.662
290.978
275.638
285.469
162.896
101.621
69.4007
50.3118
38.4849
31.3353
27.5749
25.6893
25.3552
27.1623
30.8537
37.7521
49.4617
68.7
101.678
163.964
287.869
303.68
275.148
284.707
161.74
101.776
69.4387
50.249
38.6948
31.6517
27.6174
25.7187
25.6076
27.3064
31.1334
37.7973
49.4286
68.7914
101.852
164.03
287.811
311.598
278.363
285.646
161.442
102.81
70.0888
50.247
38.5793
31.1914
27.1748
25.3202
25.5371
27.2792
31.1349
37.8031
49.3791
68.5731
101.455
163.664
288.49
316.523
299.899
285.568
160.174
100.666
69.072
49.9942
38.2632
31.3425
27.5308
25.6211
25.5756
27.2174
31.0961
38.0111
49.5521
68.8081
101.397
163.217
288.176
303.185
287.542
280.992
159.625
100.224
68.7027
50.0626
38.4462
31.7036
27.6736
25.4805
25.5852
26.9379
30.7835
37.7614
49.3818
68.7398
101.296
163.181
287.052
280.871
274.84
281.392
159.673
100.568
68.9224
50.1724
38.7571
31.8318
27.7986
25.8829
25.7627
27.4087
31.3085
38.2914
49.6596
68.7593
101.773
163.542
286.905
278.495
278.914
282.645
160.003
101.433
69.3588
50.2595
38.6902
31.7921
27.7779
25.8891
25.745
27.3283
30.9751
38.222
49.7625
68.8719
101
162.633
286.07
278.708
286.805
282.915
160.242
100.714
69.0803
50.236
38.8031
31.7987
27.7812
25.9061
25.738
27.1466
31.1891
38.1649
49.6554
68.7651
100.995
162.363
284.869
272.759
305.405
282.808
160.682
101.538
69.0894
50.1562
38.6808
31.3618
27.3317
25.7472
25.434
26.9048
30.787
37.9524
49.4982
68.5531
101.069
161.848
283.334
270.007
280.277
279.634
161.117
101.697
69.3413
50.2752
38.5666
31.6011
27.5607
25.6883
25.7878
27.1844
31.0254
37.9542
49.5652
68.192
100.012
160.977
281.618
261.739
303.868
283.445
161.543
103.034
69.9896
50.5164
39.0265
32.0323
27.974
26.0782
25.9559
27.3815
31.2499
38.1561
49.6601
68.4415
99.8085
161.134
281.184
263.162
291.903
283.991
161.761
102.087
69.4359
50.2907
39.0342
32.1257
28.0737
26.1854
26.0844
27.5485
31.3428
38.1848
49.5281
67.9384
99.4827
162.01
281.157
264.494
313.022
285.205
161.857
101.237
69.1804
50.421
39.0276
32.0745
28.0291
26.1348
26.0721
27.8107
31.6514
38.4105
49.4992
67.6188
98.9193
159.629
280.241
266.227
290.203
284.406
162.302
102.356
69.6102
50.3296
38.9502
32.0157
27.9693
26.0448
25.718
27.6302
31.246
38.0717
49.4001
67.5883
98.6098
157.835
279.009
265.202
316.682
285.188
162.581
101.87
69.3471
50.3851
38.9145
31.9337
27.8939
26.0382
25.9635
27.4659
31.3355
38.0922
49.3419
67.8778
98.6616
157.664
276.682
263.456
303.939
285.341
163.364
102.824
69.7589
50.255
38.5756
31.7986
27.7618
25.8318
25.8947
27.7024
31.5777
38.1899
49.2748
67.5975
98.5229
157.497
277.101
259.94
325.755
285.338
162.568
102.211
69.647
50.3523
38.8436
31.7776
27.429
25.5345
25.5174
27.5856
31.5725
38.2841
49.3885
68.1585
98.7579
157.736
277.117
265.123
300.849
284.196
163.005
102.946
69.8454
50.5665
38.8173
31.7993
27.755
25.8546
25.7255
27.3396
31.4537
38.0737
49.3762
67.6606
98.6753
157.61
276.295
270.823
326.866
284.608
163.116
102.932
69.9327
50.6019
38.5036
31.7386
27.6943
25.7916
25.493
27.5089
31.3005
38.3389
49.4585
67.6201
98.9008
157.291
275.633
278.422
315.896
285.096
163.828
103.009
70.0408
50.6444
38.8622
31.705
27.5888
25.6729
25.733
27.5689
31.5223
38.364
49.5046
68.062
99.3671
157.987
276.962
296.198
328.633
285.226
163.265
103.814
70.0484
50.604
38.763
31.612
27.4509
25.3406
25.2926
27.0885
31.0917
38.2593
49.6346
68.2829
100.079
158.59
275.074
298.853
330.377
285.109
163.762
103.164
69.9814
50.326
38.594
31.3464
27.2853
25.4611
25.5164
27.2924
31.2279
38.1762
49.6255
68.4419
100.76
158.939
275.608
293.143
303.408
282.34
161.836
102.194
69.5818
50.2949
38.4662
31.2755
26.8405
24.9738
24.997
26.7835
30.7814
38.0336
49.5713
68.592
101.073
159.464
274.884
276.126
326.939
282.913
161.812
102.551
69.725
50.2061
38.1529
31.2411
27.1975
25.3542
25.3145
27.1381
31.0393
37.7712
49.4067
68.3479
100.721
160.912
276.078
277.547
304.046
281.004
162
103.44
70.0369
50.5205
38.5215
30.9333
26.8065
24.9699
25.036
27.0065
30.6688
37.7122
49.3014
68.3434
100.696
160.414
277.997
284.394
305.011
282.797
162.218
102.894
70.1003
50.5332
38.5185
31.294
27.2237
25.3725
25.2744
26.973
30.629
37.4872
49.1823
68.3411
100.906
160.484
278.813
287.986
305.609
280.106
162.239
103.167
70.2134
50.4499
37.9623
30.6682
26.67
25.1283
25.1351
26.8946
30.7429
37.5993
48.951
68.1987
100.8
160.183
279.712
308.06
305.945
278.235
162.368
103.485
70.337
50.4701
37.9643
30.6619
26.5984
24.6574
24.8519
26.5678
30.4885
37.3741
48.7224
68.1519
101.42
159.765
278.27
296.055
314.581
280.933
163.964
104.461
70.4944
50.4351
37.9063
30.6833
26.7712
24.708
24.7147
26.1128
29.7546
36.6549
48.3976
67.9965
100.857
159.453
278.27
299.141
321.5
279.022
162.018
103.206
70.3628
50.3443
37.8634
30.8767
26.8092
24.8497
24.5073
26.2782
29.9246
36.4247
48.1367
68.0283
100.227
159.287
279.629
322.471
350.973
279.533
161.82
103.087
70.3474
50.1799
37.7782
30.787
26.7299
24.8491
24.6915
26.042
29.9224
36.2724
47.8442
67.6962
100.287
159.16
278.794
313.205
351.211
278.726
161.346
102.64
70.0354
49.9178
37.7628
30.585
26.5383
24.7107
24.6703
26.2664
29.7004
36.2572
47.6597
67.4528
100.49
159.057
278.923
319.698
359.576
272.81
161.863
102.474
69.6719
49.0729
37.3834
30.3132
26.3193
24.5145
24.4522
25.9105
29.9327
36.6037
47.6018
67.1729
101.469
159.597
280.358
352.386
366.991
269.297
156.717
102.05
68.9819
48.4067
36.7541
29.7231
25.7814
23.9607
23.9188
25.6579
29.4072
36.3885
47.6963
66.4974
99.9127
156.406
274.593
342.087
373.615
266.015
156.136
103.006
68.1156
47.6114
35.8138
28.9319
25.2515
23.8965
23.9633
25.6656
29.2214
36.0434
47.3896
66.0958
99.0354
156.201
272.707
368.959
366.97
260.586
155.806
100.382
66.2361
46.4688
35.1202
28.6648
25.103
23.6944
23.7133
25.0865
28.7613
35.4019
46.3309
65.1197
97.2793
152.119
259.576
345.735
343.97
256.269
155.863
98.2187
64.3876
45.3038
34.5356
28.5552
25.0219
23.4028
23.2043
24.7592
28.265
34.7224
45.3363
63.6515
95.2154
147.743
252.147
382.056
343.262
254.738
152.134
94.3031
61.7621
43.6738
33.5475
27.648
24.5742
23.0637
22.8236
24.1856
27.3641
33.1246
43.3645
61.2298
92.3181
143.582
245.358
363.727
345.907
241.204
144.84
89.9184
59.0175
41.844
32.1363
26.616
23.5947
22.1965
22.0917
23.3529
26.3041
31.8016
41.4975
58.6522
88.8403
138.664
238.877
334.452
346.979
223.869
138.149
84.7523
55.4504
39.5334
30.6563
25.6686
22.9057
21.6041
21.5207
22.6815
25.3685
30.3415
39.2057
55.1721
84.2303
134.124
214.586
358.701
386.67
221.666
130.051
78.0979
51.0018
36.6582
28.7627
24.3265
21.9311
20.7969
20.7247
21.7158
24.0517
28.4058
36.2535
50.6264
77.4863
125.289
187.417
310.561
343.262
221.206
118.591
70.0186
45.8256
33.2834
26.4866
22.7095
20.6613
19.7543
19.7384
20.6028
22.5924
26.3067
33.0673
45.6437
69.8181
115.323
181.995
344.023
357.225
192.838
104.811
61.3802
40.2452
29.6229
24.017
20.9559
19.3218
18.6005
18.593
19.2986
20.9396
24.0388
29.7592
40.5949
62.1072
105.338
174.892
308.66
321.243
177.654
92.4216
52.3163
34.3323
25.7649
21.3764
19.0337
17.8093
17.2827
17.2892
17.8278
19.079
21.4725
25.9766
34.7613
53.1119
93.9565
182.412
315.915
318.997
161.467
78.4018
43.3292
28.8381
22.2266
18.9504
17.2607
16.4113
16.0555
16.0598
16.4257
17.3029
19.0481
22.4441
29.3048
44.2822
80.127
162.13
319.455
360.443
150.467
66.158
35.6163
24.1317
19.2274
16.9356
15.8218
15.3076
15.1088
15.1126
15.3186
15.8437
16.9736
19.3065
24.2803
35.8878
66.629
150.767
359.799
401.723
136.474
53.8674
28.7185
20.2821
16.9784
15.6323
15.0838
14.8592
14.7794
14.7806
14.8626
15.091
15.6418
16.9875
20.2894
28.7354
53.8761
136.627
403.251
434.866
113.014
39.6108
22.2366
17.2681
15.6652
15.066
14.8505
14.763
14.7278
14.7278
14.7639
14.8502
15.0642
15.6634
17.2703
22.2269
39.536
112.77
436.074
467.557
58.6054
21.8743
16.2191
15.0795
14.8566
14.8283
14.8024
14.7911
14.7892
14.7893
14.7911
14.8026
14.828
14.8594
15.082
16.2221
21.8756
58.6177
467.241
)
;

boundaryField
{
    fixedWalls_1
    {
        Cmu             0.09;
        kappa           0.41;
        E               9.8;
        type            epsilonWallFunction;
        value           nonuniform List<scalar> 
200
(
318.737
330.076
358.975
315.588
285.879
289.166
309.406
275.664
273.558
277.158
273.994
273.639
268.521
272.771
276.158
280.648
297.543
265.223
269.764
269.729
275.396
276.256
283.393
284.762
292.602
298.751
314.449
282.713
289.984
294.29
303.786
326.023
296.192
320.517
303.447
280.868
277.903
283.284
284.65
291.24
294.371
313.856
320.4
322.458
330.921
328.825
323.519
308.983
320.523
280.609
286.667
308.071
281.912
281.938
307.206
293.173
297.712
305.94
330.671
304.701
327.475
306.767
307.655
309.238
313.003
340.781
327.751
312.867
315.558
328.345
354.217
312.635
300.626
328.12
313.531
292.423
291.715
306.185
312.136
299.924
305.211
332.962
331.971
337.931
341.589
337.79
321.826
328.975
372.174
342.323
315.152
315.349
351.587
311.911
318.712
319.212
359.759
401.204
435.165
467.473
302.509
321.943
295.531
306.487
267.971
273.943
297.488
296.061
300.198
289.151
307.771
285.728
312.196
310.361
309.493
300.827
306.027
312.51
334.722
293.8
297.899
297.409
301.516
320.06
294.436
273.522
274.084
274.748
277.225
274.638
292.684
272.271
271.685
289.898
270.855
270.348
272.266
268.467
272.196
273.343
295.803
299.441
299.023
306.216
323.668
311.015
336.043
304.254
288.461
317.397
305.096
291.57
306.217
275.471
279.627
278.394
281.048
279.194
282.812
283.618
302.728
286.65
289.016
317.333
304.122
291.375
294.304
319.102
307.638
296.495
308.253
270.114
273.971
276.155
296.022
279.163
283.101
301.925
289.271
293.459
320.324
317.13
322.722
319.775
307.979
328.367
293.064
321.328
298.759
333.075
312.334
323.661
298.926
299.282
309.101
319.016
359.684
403.116
436.207
467.201
)
;
    }
    frontAndBack_1
    {
        type            empty;
    }
    inlet_1
    {
        type            fixedValue;
        value           uniform 14.855;
    }
    outlet_1
    {
        type            zeroGradient;
    }
    fixedWalls_2
    {
        Cmu             0.09;
        kappa           0.41;
        E               9.8;
        type            epsilonWallFunction;
        value           nonuniform List<scalar> 
200
(
917.877
978.761
956.879
948.298
906.225
916.32
975.597
952.207
936.352
879.333
881.487
900.667
913.143
974.54
962.339
953.064
917.069
950.075
872.753
917.304
866.101
877.193
922.195
856.935
858.002
872.344
879.499
892.778
930.527
845.988
857.96
890.095
802.251
808.292
818.546
830.204
843.798
888.425
887.478
899.063
887.733
857.143
866.07
877.891
917.441
857.402
903.903
858.576
866.569
918.991
871.454
882.682
943.274
893.716
846.709
848.199
862.87
871.463
927.341
882.211
841.95
847.548
900.141
867.823
844.895
852.888
900.869
859.503
867.108
918.15
874.417
882.577
897.844
938.915
882.713
903.625
950.732
902.768
963.154
910.125
859.71
888.319
821.878
879.593
825.841
780.562
803.129
685.503
678.089
699.801
592.359
587.727
578.017
583.129
425.724
419.58
425.435
448.223
461.781
473.222
883.098
934.694
904.828
878.581
887.468
944.345
941.282
936.474
879.394
885.778
897.714
942.635
863.863
914.868
854.216
856.289
869.154
874.619
891.628
899.199
912.562
948.132
889.949
944.373
910.371
957.183
880.198
838.777
891.186
852.163
895.004
845.546
898.08
864.705
878.45
897.985
920.159
990.107
958.785
907.238
949.865
863.469
874.805
884.934
872.728
888.303
898.693
913.385
953.441
879.53
897.808
939.963
870.759
916.532
874.761
892.435
936.739
932.492
932.88
917.119
878.541
887.504
909.648
961.504
916.254
980.57
955.072
1015.78
920.316
864.579
883.783
920.45
920.666
886.473
896.882
960.838
947.301
953.016
925.092
867.84
869.744
909.265
870.617
794.18
783.369
791.949
804.481
857.492
809.347
749.602
641.391
617.109
607.181
608.745
441.403
428.277
426.69
448.775
463.186
472.688
)
;
    }
    frontAndBack_2
    {
        type            empty;
    }
    inlet_2
    {
        type            fixedValue;
        value           uniform 14.855;
    }
    outlet_2
    {
        type            zeroGradient;
    }
    fixedWalls_3
    {
        Cmu             0.09;
        kappa           0.41;
        E               9.8;
        type            epsilonWallFunction;
        value           nonuniform List<scalar> 
200
(
1647.66
1722.08
1693.34
1684.54
1624.58
1669.96
1549.73
1565.86
1579.68
1652.7
1608.76
1629.29
1655.62
1730.06
1652.55
1618.7
1687.94
1652.72
1609.15
1622.55
1646.17
1665.81
1735.91
1703.37
1769.26
1670.94
1614.83
1676.29
1621.87
1641.18
1723.86
1695.45
1728.48
1786.97
1754.11
1670.99
1722.8
1581.38
1592.92
1604.16
1676.49
1593.19
1605.64
1677.28
1635.16
1598.74
1614.21
1690.01
1661.33
1633.04
1564.19
1569.02
1589.95
1605.9
1685.46
1666.33
1682.92
1645.63
1584.68
1586.8
1599.43
1603.69
1621.21
1636.95
1703.11
1607.25
1607.42
1620.3
1625.73
1694.42
1603.96
1615.89
1693.68
1606.48
1675.41
1490.32
1364.22
1344.41
1346.95
1350.59
1358.55
1362.39
1375.78
1431.73
1276.73
1201.36
1250.29
1135.72
1164.42
966.428
926.155
905.475
889.249
629.614
501.377
451.342
447.668
460.309
469.307
475.107
1595.67
1659.88
1649.7
1611.66
1536.28
1543.91
1566.76
1583.55
1660.17
1622.98
1681.89
1603.95
1667.2
1581.3
1648.08
1559.98
1562.64
1581.43
1576.12
1586.64
1606.46
1670
1581.94
1664.49
1639.48
1638.99
1594.55
1517.58
1522.99
1596.92
1576.09
1596.11
1576.27
1531.12
1543.66
1564.92
1636.99
1559.22
1635.81
1603.57
1671.62
1626.6
1710.14
1710.17
1700.59
1642.29
1649.37
1662.41
1705.87
1556.9
1566.99
1573.78
1652.68
1600.71
1564.83
1579.33
1652.98
1597.93
1659.31
1574.29
1641.5
1573.15
1584.59
1654.52
1550.97
1548.3
1561.17
1568.23
1631.89
1570.51
1583.1
1657.49
1583.37
1633.16
1525.83
1554.65
1605.4
1598.18
1536.46
1433.39
1420.06
1459.86
1300.32
1274.36
1266.12
1281.73
1141.83
1180.94
1062.9
1084.57
867.163
810.983
773.09
744.103
518.52
448.402
450.471
461.477
470.857
475.243
)
;
    }
    frontAndBack_3
    {
        type            empty;
    }
    inlet_3
    {
        type            fixedValue;
        value           uniform 14.855;
    }
    outlet_3
    {
        type            zeroGradient;
    }
    fixedWalls_4
    {
        Cmu             0.09;
        kappa           0.41;
        E               9.8;
        type            epsilonWallFunction;
        value           nonuniform List<scalar> 
200
(
915.032
976.385
939.06
904.992
908.844
920.206
960.496
899.271
954.569
923.82
898.901
906.355
918.016
965.513
903.497
954.799
900.936
853.293
854.458
872.256
918.857
864.937
915.905
903.608
888.833
929.21
877.624
926.727
881.058
888.579
939.652
893.758
901.599
948.369
916.83
952.039
902.808
946.671
930.479
929.865
893.361
925.109
856.149
872.101
918.465
911.213
926.293
928.136
922.324
898.586
941.467
887.733
941.86
897.612
854.342
857.83
871.688
903.881
833.059
847.169
866.949
918.825
905.656
901.22
871.073
878.467
925.679
878.446
917.366
863.695
915.53
906.013
905.75
890.127
932.071
885.523
942.872
931.257
926.859
890.528
927.864
837.022
849.718
863.641
920.018
850.278
881.572
785.295
789.974
812.683
673.377
665.845
681.755
534.74
452.402
419.304
426.86
447.964
461.99
472.833
938.214
1005.02
993.235
1007.5
1009.31
1012.76
972.858
903.786
900.167
906.02
914.384
858.44
861.941
856.398
861.462
859.21
874.933
882.051
931.327
885.372
893.331
954.928
924.106
893.529
905.546
933.646
994.717
920.938
885.382
950.33
914.485
881.105
890.778
950.432
928.806
916.899
931.857
976.832
930.477
975.893
914.931
966.681
918.804
960.966
907.209
968.022
957.238
958.714
924.065
865.892
868.176
918.181
861.345
872.178
893.619
923.23
894.929
825.563
837.221
843.239
861.02
872.486
931.21
887.949
926.566
862.248
882.698
937.003
921.025
916.42
872.524
875.255
890.022
888.151
934.937
832.363
842.06
848.5
866.782
883.504
944.05
902.187
862.092
892.988
807.393
814.736
817.906
823.597
826.314
862.015
712.634
707.368
715.189
542.301
458.421
416.926
424.743
447.025
463.366
472.654
)
;
    }
    frontAndBack_4
    {
        type            empty;
    }
    inlet_4
    {
        type            fixedValue;
        value           uniform 14.855;
    }
    outlet_4
    {
        type            zeroGradient;
    }
    fixedWalls_5
    {
        Cmu             0.09;
        kappa           0.41;
        E               9.8;
        type            epsilonWallFunction;
        value           nonuniform List<scalar> 
200
(
277.816
280.843
278.815
284.18
287.291
295.984
316.664
282.811
289.752
294.597
307.226
326.489
317.822
298.539
324.031
307.638
313.353
341.487
323.852
328.697
365.499
337.914
306.036
308.512
259.751
263.192
267.218
272.966
281.239
300.755
299.361
305.032
306.08
299.472
285.585
287.946
310.964
295.052
298.564
304.585
313.037
347.625
331.932
314.114
324.914
294.628
296.967
297.165
300.077
308.042
273.536
275.638
275.148
278.363
299.899
287.542
274.84
278.914
286.805
305.405
280.277
303.868
291.903
313.022
290.203
316.682
303.939
325.755
300.849
326.866
315.896
328.633
330.377
303.408
326.939
304.046
305.011
305.609
305.945
314.581
321.5
350.973
351.211
359.576
366.991
373.615
366.97
343.97
343.262
345.907
346.979
386.67
343.262
357.225
321.243
318.997
360.443
401.723
434.866
467.557
299.002
305.48
308.298
333.277
323.737
336.771
319.208
296.268
292.264
296.839
294.162
291.307
286.594
285.889
283.51
290.673
309.907
293.915
313.229
301.632
325.485
313.718
303.264
313.123
295.654
311.764
298.809
287.662
288.882
304.545
279.256
276.142
282.818
286.853
305.023
310.606
317.841
317.854
315.457
340.171
305.221
283.953
292.766
319.007
307.944
300.159
303.702
331.128
311.269
291.228
290.978
303.68
311.598
316.523
303.185
280.871
278.495
278.708
272.759
270.007
261.739
263.162
264.494
266.227
265.202
263.456
259.94
265.123
270.823
278.422
296.198
298.853
293.143
276.126
277.547
284.394
287.986
308.06
296.055
299.141
322.471
313.205
319.698
352.386
342.087
368.959
345.735
382.056
363.727
334.452
358.701
310.561
344.023
308.66
315.915
319.455
359.799
403.251
436.074
467.241
)
;
    }
    frontAndBack_5
    {
        type            empty;
    }
    inlet_5
    {
        type            fixedValue;
        value           uniform 14.855;
    }
    outlet_5
    {
        type            zeroGradient;
    }
}


// ************************************************************************* //
