/*--------------------------------*- C++ -*----------------------------------*\
  =========                 |
  \\      /  F ield         | OpenFOAM: The Open Source CFD Toolbox
   \\    /   O peration     | Website:  https://openfoam.org
    \\  /    A nd           | Version:  6
     \\/     M anipulation  |
\*---------------------------------------------------------------------------*/
FoamFile
{
    version     2.0;
    format      ascii;
    class       volScalarField;
    location    "14";
    object      epsilon;
}
// * * * * * * * * * * * * * * * * * * * * * * * * * * * * * * * * * * * * * //

dimensions      [0 2 -3 0 0 0 0];

internalField   nonuniform List<scalar> 
10000
(
247.732
332.831
195.617
115.014
73.9708
52.9483
41.7929
35.5332
32.1134
30.6282
30.729
32.4154
36.063
42.6625
54.3667
75.6689
115.524
191.696
324.808
248.368
246.283
331.907
195.916
114.645
73.411
52.5143
41.6208
35.3894
31.9571
30.4581
30.6737
32.3769
35.9948
42.5392
54.18
75.4225
114.055
189.23
322.455
247.508
246.275
333.12
196.297
112.871
74.5042
52.9906
41.9561
35.6287
32.1604
30.6297
30.6725
32.3614
35.8824
42.1713
53.7391
75.3635
114.6
190.595
325.149
247.218
245.95
332.532
196.639
115.131
74.9348
53.3866
42.0685
35.6807
32.1931
30.6334
30.7063
32.3751
35.9688
42.5614
54.0062
74.7119
114.717
191.804
327.086
246.503
245.65
330.193
196.642
116.792
75.0728
53.0941
42.0755
35.6818
32.1703
30.4863
30.532
32.2127
36.1271
42.9153
54.4583
75.1192
115.735
194.681
327.151
246.002
245.761
332.917
196.67
116.563
75.0932
53.7339
42.1986
35.6967
32.1643
30.5042
30.674
32.3371
35.9859
42.8394
54.0541
75.2205
117.165
194.61
326.593
246.744
245.828
329.952
196.095
115.984
74.9015
53.7065
42.1988
35.5555
32.0391
30.5002
30.6585
32.2263
36.1392
42.8887
54.378
75.5025
116.763
194.195
324.918
248.242
245.563
333.518
195.433
114.151
74.6507
53.6458
42.217
35.7492
32.1955
30.6073
30.6665
32.4046
36.1379
42.7086
54.7788
76.1336
116.599
193.82
324.899
249.369
244.489
332.67
194.019
115.12
74.0508
53.5262
42.1874
35.7384
32.0861
30.4539
30.4673
32.225
35.9328
42.8573
54.3958
75.3055
114.672
191.697
327.141
249.971
242.687
332.3
192.293
116.436
74.6145
53.4905
42.1341
35.7205
32.2032
30.6773
30.6923
32.4314
36.0305
42.7104
55.0086
76.3842
115.889
195.053
327.616
252.001
245.411
329.608
193.006
116.552
73.872
52.9959
42.0415
35.6442
32.0251
30.6228
30.7357
32.4552
36.1587
42.8007
54.9237
75.5721
115.971
195.091
329.042
254.896
245.892
330.413
193.884
116.54
74.4733
53.3721
42.0837
35.5486
32.0163
30.4464
30.5196
32.3584
35.9772
42.9948
54.9899
76.3992
117.156
194.441
327.297
256.267
245.555
332.08
190.516
116.193
75.2732
53.8144
42.1455
35.7178
32.1083
30.5259
30.5383
32.2504
36.1226
42.9603
54.8305
75.2485
114.848
191.232
329.93
255.372
244.662
332.12
193.299
115.966
75.2447
53.8508
42.141
35.729
32.2337
30.648
30.5746
32.318
36.0415
42.6563
54.8381
76.3634
117.187
194.62
329.491
253.074
247.154
329.84
195.155
114.313
75.0352
53.8388
41.9318
35.6717
32.2236
30.6764
30.6852
32.1897
35.8677
42.8118
54.6723
75.9243
115.167
191.347
328.177
252.674
247.073
331.633
193.235
115.314
75.044
53.9248
42.2587
35.5675
32.0779
30.6458
30.7023
32.3655
36.0329
42.7567
54.5161
75.2496
116.697
193.473
325.489
250.071
247.359
329.743
196.052
116.591
75.3756
53.9241
42.2788
35.7317
32.2206
30.6594
30.5627
32.2939
35.7514
42.361
54.0759
76.1212
115.248
190.983
327.683
248.826
246.958
332.333
195.856
116.056
75.1697
53.8487
42.2437
35.6578
32.1543
30.6512
30.6911
32.329
35.824
42.5827
54.4674
76.1776
117.765
194.152
327.123
246.636
246.045
329.355
195.036
114.168
74.9051
53.7404
42.1889
35.4163
31.9742
30.6039
30.6867
32.3264
35.8173
42.3806
53.9197
75.2233
117.706
193.427
326.165
245.394
245.518
331.544
194.784
115.173
74.4759
53.4485
42.2175
35.5709
32.0641
30.5834
30.665
32.321
35.9805
42.7348
54.6583
76.5264
117.78
190.928
323.632
245.019
246.932
330.907
192.491
116.475
75.4998
53.9641
42.3221
35.7589
32.1979
30.5003
30.6391
32.2678
35.7969
42.7113
54.5524
76.3477
117.91
193.607
325.055
244.933
246.599
327.876
195.052
116.525
75.5202
53.9571
42.3249
35.8154
32.2451
30.642
30.6202
32.1369
36.0083
42.6862
54.0485
75.5021
117.822
191.316
326.475
244.526
245.384
329.285
194.803
116.027
75.4329
53.8802
42.2786
35.788
32.2242
30.6221
30.6043
32.1909
36.0088
42.7363
54.6799
76.7881
118.12
193.406
326.121
246.114
245.719
331.111
194.403
114.334
75.2235
53.7405
42.2436
35.7752
32.2141
30.6039
30.485
32.2769
35.9724
42.5913
54.0502
76.4766
118.022
195.718
324.091
247.976
245.783
331.091
191.744
116.228
75.2267
53.2602
41.9895
35.6049
32.0698
30.5822
30.6159
32.2718
35.9053
42.3313
54.0816
75.5545
116.266
195.81
326.732
249.138
247.11
331.652
195.662
115.333
74.6663
53.3528
42.2357
35.825
32.2278
30.57
30.4653
32.0592
35.6937
42.3698
54.3273
76.6971
118.354
195.722
325.195
249.541
245.679
331.352
195.069
117.464
75.9803
53.6192
42.2649
35.8627
32.2327
30.4568
30.5496
32.136
35.7523
42.3584
54.2224
76.5321
118.229
195.663
328.964
248.964
246.901
331.023
191.965
117.36
76.1304
53.9273
42.0998
35.8405
32.1694
30.5723
30.5033
32.2363
35.8565
42.5221
54.6478
76.2413
117.794
194.803
329.099
252.089
246.896
330.793
195.828
117.434
76.2068
53.4898
42.2029
36.0261
32.3932
30.5454
30.7173
32.206
36.0367
42.7219
54.5977
74.9644
117.407
191.985
328.469
251.949
248.373
330.183
193.687
116.933
76.3772
54.2118
42.4904
36.131
32.4887
30.7414
30.8156
32.4349
36.0727
42.5049
54.6557
75.7835
117.414
195.843
326.402
251.331
249.305
328.21
196.862
117.518
76.6068
54.7371
42.8438
36.2352
32.5622
30.891
30.8466
32.4286
36.0829
42.8201
54.6721
75.3252
115.45
195.663
329.425
248.922
251.731
331.317
197.046
117.973
76.6473
54.7011
42.6452
36.2124
32.5569
30.8829
30.8078
32.3948
36.0198
42.5396
54.6357
75.7988
117.858
195.455
329.358
250.477
253.885
329.108
196.462
117.554
76.6025
54.3683
42.864
36.2598
32.5659
30.8593
30.6464
32.1882
35.8122
42.6664
54.5846
75.8412
117.462
194.823
328.722
249.76
254.287
332.423
196.317
115.875
76.4625
54.7936
42.916
36.2361
32.5401
30.869
30.8096
32.3888
35.9727
42.3638
54.0553
76.0519
116.77
192.068
328.295
249.379
254.321
330.174
194.228
117.562
76.4823
54.7405
42.867
36.1889
32.3796
30.8145
30.7712
32.3768
35.9696
42.4808
54.0541
75.0234
114.867
195.228
326.209
250.708
256.448
332.916
196.758
116.543
76.2902
54.5961
42.8137
36.1841
32.483
30.7787
30.5741
32.2798
35.7895
42.6562
54.1881
75.4647
115.254
195.089
327.163
249.743
256.538
332.308
196.248
117.927
76.1248
54.1264
42.463
36.098
32.4492
30.7496
30.5786
32.1476
35.9265
42.6841
54.4773
75.8689
115.531
195.088
329.061
249.686
256.179
329.437
193.572
117.549
75.2288
54.4412
42.5705
36.0605
32.3561
30.6484
30.6048
32.1873
35.8119
42.3422
54.283
74.959
116.822
194.645
328.409
249.37
255.406
330.984
195.376
117.337
76.2124
54.4754
42.4595
36.0148
32.2955
30.6001
30.4151
31.9607
35.5869
42.4865
54.1766
75.081
115.038
193.924
327.705
248.197
253.211
328.05
191.957
115.194
75.833
54.3255
42.4385
35.9699
32.3854
30.749
30.6311
32.2283
35.8187
42.2569
53.6726
75.3325
117.162
191.673
324.454
248.168
251.074
328.992
194.938
116.982
75.7516
54.0461
42.5413
35.8136
32.2618
30.6891
30.8202
32.4646
36.0903
42.5152
54.2249
75.7841
117.21
194.251
325.872
246.185
248.992
331.499
194.553
115.376
75.1493
54.2659
42.4564
35.9847
32.4785
30.8925
30.8517
32.3297
36.0803
42.6287
54.7037
75.4228
116.828
193.95
327.237
246.35
248.001
330.72
191.883
116.732
75.0997
54.2114
42.7208
36.1411
32.5112
30.8689
30.8289
32.4287
36.079
42.7952
54.7699
76.2449
115.327
191.418
326.55
246.999
247.064
329.834
193.927
116.749
75.7872
53.8771
42.6217
35.9557
32.3118
30.6627
30.7319
32.2025
35.7552
42.3836
54.6239
76.2624
117.59
194.763
325.319
247.106
248.533
326.732
192.712
116.101
75.6156
54.2282
42.6081
36.0561
32.3965
30.6826
30.6123
32.2537
35.8306
42.5289
54.5005
76.0723
117.22
194.571
328.646
249.451
247.269
327.431
189.279
114.011
74.5737
53.6744
42.4851
35.9793
32.2568
30.6254
30.6595
32.3652
35.8574
42.4211
54.3429
74.8851
115.297
191.609
328.521
249.443
249.408
327.097
191.53
115.538
75.3853
53.8966
42.3055
35.7876
32.2177
30.6079
30.7374
32.414
36.0357
42.5873
54.146
75.6361
117.277
194.274
328.082
246.52
248.766
327.036
193.468
116.582
75.9964
54.0728
42.4413
35.8523
32.2501
30.5891
30.7142
32.4006
36.0012
42.3751
54.6082
76.3221
117.018
193.671
328.116
247.848
248.639
326.387
190.564
115.96
75.8217
54.3828
42.6304
35.9493
32.277
30.6428
30.567
32.3925
36.0536
42.5885
54.5302
76.0716
116.444
192.607
327.74
247.586
249
326.437
193.683
114.46
75.6037
54.3689
42.611
35.7781
32.0522
30.4766
30.5489
32.3773
36.0202
42.4056
53.9769
75.6766
115.715
189.075
327.285
246.072
248.725
326.835
193.177
115.287
75.1807
54.2731
42.5989
35.9651
32.2191
30.6513
30.6157
32.3802
36.0529
42.6721
54.1115
74.7191
114.079
191.392
327.799
248.089
246.617
328.528
190.938
116.511
75.893
54.238
42.5345
35.9522
32.3089
30.5734
30.7106
32.3665
36.0062
42.6414
54.3342
75.0785
114.619
192.431
327.13
248.606
248.707
328.247
193.807
116.415
75.6929
54.078
42.2572
35.7301
32.2951
30.7195
30.7216
32.3213
35.9496
42.5666
54.3005
75.4179
115.036
189.495
323.776
248.273
249.569
326.199
193.028
115.797
75.3922
53.6048
42.2995
35.7068
32.1433
30.6625
30.6631
32.1155
35.6878
42.1941
54.1371
75.0318
113.591
190.063
324.294
247.677
249.481
326.418
192.27
113.972
75.1055
53.8
42.1458
35.6992
32.1852
30.6099
30.6399
32.2349
35.8438
42.3031
54.0561
74.3267
114.989
190.356
323.98
246.061
247.995
325.557
189.709
115.307
74.9769
53.9578
42.3341
35.8049
32.0586
30.4442
30.5314
32.0443
35.7122
42.4545
54.0632
74.5507
113.682
191.575
325.338
245.692
247.89
326.228
190.225
114.959
74.111
53.8034
42.0948
35.7992
32.1818
30.4813
30.5589
32.1913
35.8219
42.4013
54.0243
75.132
114.871
190.822
324.789
244.813
246.647
324.807
190.749
114.648
74.76
53.8167
42.3241
35.8189
32.079
30.4376
30.3674
31.9579
35.5206
41.9556
53.369
74.8292
114.432
188.257
323.883
245.409
245.341
321.567
189.677
113.92
74.4546
53.7049
42.3253
35.8355
32.2208
30.5546
30.4068
31.9981
35.5917
42.0381
53.48
74.4976
113.98
190.068
323.064
246.531
244.855
321.263
188.657
113.273
74.115
53.5144
42.247
35.7949
32.2013
30.5549
30.4307
32.0195
35.6511
42.0335
53.5818
73.4831
112.004
189.409
320.579
246.734
245.275
321.047
187.599
111.394
73.0985
53.2864
42.1624
35.7647
32.1774
30.5594
30.5317
32.1078
35.5241
42.1263
53.5589
74.1492
113.297
188.803
322.28
246.645
244.7
321.828
184.784
111.689
73.3946
52.9052
41.8758
35.6876
32.0174
30.5192
30.5125
32.1135
35.6454
41.8657
53.0507
73.123
111.284
187.67
321.393
246.935
245.49
320.88
184.607
111.095
73.1107
52.926
41.9398
35.7005
32.1531
30.5214
30.3608
31.932
35.5
42.0323
53.2349
73.391
111.795
186.488
319.968
246.536
245.69
319.716
183.546
109.183
72.1923
52.9115
41.9951
35.6693
32.1289
30.5334
30.4796
32.0377
35.5649
41.8942
53.0244
72.9557
109.802
183.298
316.962
245.678
245.615
318.508
183.733
109.052
72.4326
52.6387
41.7812
35.4555
32.1173
30.4974
30.4466
31.9909
35.51
41.8281
52.7826
72.1777
110.393
184.758
319.439
246.769
245.119
317.329
182.59
109.198
72.2142
52.837
41.9792
35.5827
32.0195
30.4468
30.2589
31.7874
35.4141
41.6988
52.6049
71.9636
108.452
181.439
315.864
246.535
244.709
315.889
181.06
108.317
71.7531
52.641
41.7965
35.6767
32.1048
30.4254
30.3314
31.8682
35.3501
41.5278
52.1254
71.532
107.9
180.834
316.14
245.073
243.439
314.329
177.614
106.196
71.2283
52.2474
41.7247
35.605
32.0457
30.3539
30.1239
31.6343
35.0825
41.226
51.9548
70.8974
107.257
180.145
316.545
245.417
242.802
312.818
176.854
106.287
70.9507
52.3001
41.6425
35.387
31.9286
30.2828
30.2103
31.7092
35.0685
41.1998
51.6086
70.2631
106.139
178.22
314.897
244.404
241.944
308.727
174.463
104.569
70.0459
51.8572
41.4896
35.3196
31.8294
30.1789
30.0878
31.5745
34.8791
40.9218
51.2947
69.6356
104.464
175.269
312.941
243.087
241.057
307.776
172.242
103.248
69.5942
51.6455
41.3985
35.239
31.6681
29.8696
29.9229
31.4315
34.6932
40.7502
51.0681
69.209
103.466
173.234
311.143
242.512
239.488
305.779
170.214
102.219
69.0003
51.3145
41.1003
35.0737
31.5258
29.7232
29.6576
31.1446
34.509
40.5224
50.7244
68.5856
102.308
171.468
309.072
240.975
238.161
303.677
168.053
101.06
68.4202
50.9798
40.8435
34.7182
31.1822
29.5224
29.4622
30.9843
34.3748
40.3735
50.4876
68.1326
101.259
169.077
304.818
239.808
236.285
301.168
166.202
99.8759
67.7838
50.5412
40.4776
34.4259
30.9428
29.3564
29.3038
30.822
34.2005
40.1588
50.1754
67.5624
100.134
167.217
302.683
237.471
234.797
298.439
163.961
98.6218
67.092
50.1565
40.2047
34.2063
30.7318
29.1295
29.0979
30.703
34.0802
39.9276
49.8035
66.8716
98.7139
164.54
298.365
236.554
233.123
295.501
161.623
97.2082
66.2797
49.6525
39.8741
33.929
30.4971
28.9165
28.8839
30.472
33.8358
39.6374
49.3554
66.0762
97.2027
162.058
295.777
235.038
230.666
292.703
158.678
95.4852
65.3887
49.1341
39.526
33.6632
30.2528
28.6573
28.6104
30.1408
33.4811
39.251
48.8247
65.1774
95.4344
158.802
292.156
233.01
228.585
288.366
155.231
93.5943
64.4017
48.5386
39.1036
33.3237
29.9418
28.3543
28.3278
29.8531
33.1463
38.8194
48.1895
64.0932
93.3658
155.059
288.091
230.932
225.535
282.208
151.01
91.3738
63.2292
47.8464
38.6286
32.9473
29.6132
28.0498
28.0215
29.5206
32.7622
38.3216
47.4541
62.8502
91.084
150.774
282.683
226.78
221.452
276.977
146.707
89.0846
61.9436
47.0496
38.0653
32.4938
29.2206
27.6899
27.6523
29.1047
32.2679
37.7045
46.5996
61.4587
88.4013
145.564
275.188
221.264
216.482
268.289
141.378
86.3179
60.4744
46.1135
37.3844
31.9701
28.7867
27.2926
27.2484
28.6483
31.7184
37.0044
45.6343
59.9073
85.432
139.714
265.752
213.87
210.61
258.97
135.527
83.3084
58.8253
45.0432
36.5959
31.3449
28.2628
26.8166
26.7734
28.1277
31.0947
36.1862
44.4546
58.003
81.9126
132.796
254.126
203.835
204.612
247.232
129.168
80.0735
56.9865
43.7654
35.6329
30.5929
27.6351
26.2439
26.1966
27.4903
30.3419
35.2398
43.154
55.9554
78.2022
125.655
241.171
193.506
197.808
233.816
122.336
76.5992
54.8485
42.2507
34.4928
29.6958
26.8829
25.5609
25.5182
26.7537
29.4829
34.1748
41.7308
53.8151
74.4597
118.45
227.847
186.573
188.263
217.539
114.68
72.8691
52.4945
40.5779
33.2119
28.6513
25.9858
24.7371
24.7026
25.8824
28.4917
32.9943
40.2439
51.7092
70.7882
111.345
214.181
182.705
180.321
201.338
107.204
69.2312
50.0942
38.7434
31.7355
27.4289
24.9281
23.7626
23.737
24.8539
27.3264
31.6147
38.5603
49.5156
67.357
104.726
199.97
180.381
179.365
186.185
99.7425
65.2872
47.3035
36.6222
30.0671
26.0571
23.7381
22.6624
22.6472
23.6986
26.0269
30.0922
36.7454
47.3825
64.5036
98.4828
186.258
184.484
187.046
172.25
93.1812
61.3466
44.4058
34.3963
28.2922
24.5838
22.4514
21.4664
21.4597
22.4401
24.6062
28.407
34.6967
44.9291
61.4785
92.2391
172.781
186.916
191.691
159.547
86.9571
57.4836
41.5355
32.1314
26.4681
23.06
21.1127
20.2223
20.2236
21.1243
23.1103
26.6186
32.5065
42.359
58.8238
88.2213
162.336
197.441
206.781
151.079
82.818
54.3067
38.8272
29.9397
24.6909
21.5677
19.7979
18.9956
19.0021
19.8212
21.6212
24.8112
30.2217
39.515
55.9131
85.344
154.129
210.895
221.993
144.538
79.2984
51.0795
36.1663
27.823
22.9946
20.1614
18.5707
17.8564
17.8652
18.6008
20.218
23.097
28.0031
36.4742
51.6166
80.9389
145.62
223.72
239.31
141.333
76.9951
48.3523
33.7779
25.9204
21.4839
18.9249
17.508
16.8774
16.8852
17.5352
18.9761
21.5741
26.0735
34.0241
48.6517
76.9896
141.723
242.977
264.534
139.608
74.3801
45.5048
31.4962
24.1929
20.1635
17.8847
16.6423
16.094
16.0983
16.6579
17.9136
20.2131
24.27
31.6067
45.6152
74.3176
139.598
263.459
288.453
138.756
71.1304
42.6297
29.364
22.6436
19.0283
17.0349
15.9714
15.5083
15.51
15.9782
17.0478
19.052
22.6882
29.4614
42.8516
71.4719
139.047
288.825
315.572
138.712
68.6502
40.0748
27.3718
21.2122
18.0306
16.3417
15.4703
15.0981
15.0983
15.471
16.3425
18.0307
21.2106
27.3684
40.0862
68.7628
138.89
315.83
346.103
138.748
65.1838
36.857
25.117
19.7344
17.0911
15.758
15.1033
14.8379
14.8381
15.1038
15.7591
17.093
19.7396
25.1294
36.8888
65.2614
138.937
345.807
372.648
136.325
59.7685
32.8726
22.6294
18.2408
16.2264
15.2848
14.8659
14.7143
14.7144
14.866
15.2849
16.2263
18.2412
22.6322
32.8967
59.8853
136.663
373.486
403.148
128.832
51.5129
27.9248
19.9019
16.7578
15.4633
14.9455
14.7494
14.6752
14.6755
14.7503
14.9473
15.4637
16.7584
19.8969
27.9131
51.4691
128.68
402.737
431.973
107.691
38.7149
22.0145
17.1445
15.5692
15.0174
14.8213
14.7322
14.7002
14.7002
14.7323
14.8207
15.0151
15.5687
17.1534
22.0396
38.806
108.033
432.861
466.793
57.5436
21.6751
16.1851
15.1184
14.8807
14.8315
14.8019
14.7958
14.796
14.796
14.7957
14.8018
14.8309
14.8794
15.1147
16.1772
21.6534
57.4769
466.556
683.678
886.259
500.447
278.162
163.051
103.74
71.549
53.7912
44.2012
39.9176
39.77
43.8245
53.2108
71.3482
104.164
167.102
282.572
501.94
886.423
669.215
683.928
879.477
487.835
272.61
160.737
103.382
71.2615
53.535
43.958
39.682
39.5437
43.6234
52.9053
71.0863
102.56
166.62
280.591
496.205
869.922
671.746
687.84
863.671
496.181
277.192
162.781
103.268
71.0181
53.3457
43.7997
39.5351
39.4362
43.5859
52.4163
71.139
103.397
166.215
273.967
480.76
884.939
667.241
679.034
876.883
504.516
280.878
164.343
102.041
69.8906
52.4561
43.0365
38.8401
39.1455
43.6197
53.0283
71.165
104.264
166.325
283.242
499.272
881.233
666.319
679.764
887.785
493.901
278.612
163.708
102.286
70.267
53.0033
43.7777
39.6604
39.6234
43.6771
52.8396
70.9475
103.588
165.548
280.276
512.285
865.416
668.585
680.076
870.986
509.728
272.762
161.254
102.092
70.6866
52.4131
43.7142
39.6958
39.6762
43.6515
52.1367
70.6284
101.54
162.626
278.902
511.158
870.407
670.968
687.586
884.416
508.922
273.825
163.483
102.784
71.1207
53.1206
43.6531
39.6879
39.658
43.7821
53.1167
70.6463
102.825
166.33
284.873
510.551
874.998
667.792
681.357
895.323
507.001
274.842
163.146
103.823
71.0041
52.3087
43.4092
39.6749
39.6604
43.702
52.9274
69.7785
103.378
165.626
282.428
506.648
886.988
667.832
681.193
890.381
501.935
278.381
160.827
103.601
70.7592
52.7179
42.7539
39.5579
39.5465
43.6138
52.8266
69.837
101.705
164.757
279.689
490.439
870.301
667.871
684.346
882.77
487.291
271.448
163.494
103.595
69.9716
51.9757
43.5293
39.6126
39.4595
43.4164
52.1608
70.303
102.988
164.078
273.375
503.844
886.842
666.017
675.782
873.559
499.363
280.233
163.608
103.492
71.1877
52.8689
43.3296
39.004
38.7342
43.2038
52.6988
69.4018
101.192
163.404
274.025
490.92
878.448
663.516
675.148
865.632
485.641
278.594
162.693
102.119
70.9369
53.4261
43.6685
39.6751
39.427
42.6831
52.6252
70.4175
101.742
162.873
273.976
501.232
858.323
664.05
678.902
880.303
494.658
278.229
160.127
103.185
70.2251
53.5718
43.9327
39.5742
39.4499
43.1716
51.8928
69.6369
101.726
160.47
275.198
490.239
880.753
666.458
667.657
863.223
501.937
273.646
162.619
103.868
71.4064
53.027
43.0987
38.6945
39.1911
42.5309
52.0371
70.4929
103.037
163.59
279.865
502.543
896.403
661.988
668.003
878.507
500.103
280.493
160.456
102.704
71.91
53.5533
43.5389
39.033
39.2452
42.8787
52.2221
70.3216
102.652
162.836
277.979
487.417
891.73
660.51
664.292
859.832
494.085
279.658
162.279
103.792
71.5144
54.0002
43.9149
39.3611
39.2133
43.3401
52.8097
70.0815
102.173
161.992
273.627
496.793
888.023
652.269
665.173
886.897
479.545
277.987
164.2
104.92
72.2987
53.9601
43.3028
38.6642
38.9867
43.2191
52.7884
69.1218
100.591
159.713
282.147
506.435
871.707
652.531
664.869
883.422
495.422
274.392
161.541
104.569
72.0821
53.9573
44.1601
39.5364
38.7847
42.5762
52.8173
70.1288
102.543
164.535
281.445
505.319
890.458
653.224
665.219
865.336
507.944
283.304
165.701
103.888
71.0715
53.0544
43.9512
39.1661
38.0025
43.418
52.8893
69.0709
100.547
163.8
279.312
500.068
885.763
654.412
667.373
884.297
505.535
281.521
165.018
105.183
71.7365
53.5068
43.9361
39.6994
38.9317
43.6021
52.9676
69.7383
101.079
163.225
277.37
485.467
877.929
655.24
670.476
867.65
501.786
279.427
162.833
104.915
72.2574
53.83
43.2334
39.6466
39.4695
43.4991
52.9732
70.4129
100.806
162.471
272.214
499.206
856.854
660.975
666.992
879.544
489.326
272.586
165.104
104.722
72.1379
53.7518
43.6566
39.6594
38.8681
42.7233
52.7435
70.3872
101.06
162.253
279.327
491.386
876.843
659.781
668.603
895.14
493.582
276.133
164.976
104.383
71.9072
53.5531
42.7247
39.5845
39.5158
43.3861
52.6597
70.1966
101.585
160.845
278.662
502.51
886.488
660.486
673.054
895.444
491.868
279.375
164.62
102.924
71.6685
53.1548
43.3869
39.6036
39.4539
43.1102
52.3798
69.2262
99.6786
156.705
275.959
497.9
864.963
654.164
669.273
892.485
493.671
273.973
161.854
103.502
71.5481
53.9698
44.024
39.4187
39.2479
43.1323
51.844
70.1112
102.065
160.984
269.93
485.359
874.998
654.745
671.232
890.071
500.419
281.246
164.849
102.604
70.623
53.7925
43.8156
38.5592
38.4338
42.4025
52.4887
70.4414
103.049
163.822
278.737
496.742
887.88
655.045
672.396
871.563
482.082
274.794
164.213
103.672
71.5249
53.7565
43.7914
38.9709
38.9599
42.491
51.7326
69.2686
101.277
161.145
273.017
507.188
872.287
659.929
670.932
902.258
499.714
281.779
163.888
102.19
70.588
53.5181
43.1692
39.2861
38.9127
42.4264
51.9354
69.687
102.02
164.893
281.414
507.814
887.693
657.581
666.032
898.365
508.198
280.573
162.885
102.998
71.1802
53.5549
43.8358
39.2555
38.267
42.3168
51.9637
69.8422
101.495
164.13
280.089
505.514
872.963
655.478
663.993
893.158
494.34
273.565
159.52
101.586
70.8026
52.8213
43.7144
38.8353
38.5654
42.566
52.3901
69.11
101.266
163.165
277.644
503.786
879.585
656.839
662.07
872.633
506.53
280.886
161.594
102.892
70.1548
53.2001
43.6585
39.5228
39.1725
43.1904
52.4215
69.8448
101.052
162.025
275.008
492.817
883.377
658.5
659.181
883.214
505.435
279.898
161.294
102.049
70.4105
53.102
43.0778
39.5263
39.0809
43.1833
51.758
68.9432
100.692
159.28
267.913
505.385
899
660.9
657.884
891.559
502.481
278.478
164
103.563
69.5071
52.9376
44.0811
39.6106
38.8869
43.1689
52.4033
69.4174
101.275
162.859
273.445
501.585
895.894
664.337
657.143
887.349
490.408
271.586
163.341
103.593
69.9675
52.1727
44.0167
39.6622
38.1893
43.1017
52.3452
68.3712
101.987
162.382
263.966
485.309
890.576
665.998
656.648
881.505
507.052
280.577
163.305
103.48
70.5241
52.9192
44.0731
39.792
38.6625
43.0975
52.3417
69.1224
100.854
162.539
274.613
494.812
873.261
662.762
657.588
858.725
503.697
278.596
162.139
103.197
71.1372
53.4483
44.0916
39.8765
39.4514
43.0932
52.2655
69.7593
102.211
160.426
279.017
503.729
899.493
663.934
659.075
884.202
502.068
276.356
158.622
101.809
70.1263
52.5609
43.8837
39.7983
39.3629
42.3552
51.3585
68.6107
101.733
162.814
272.684
491.317
896.157
656.325
662.577
897.246
490.276
269.578
159.62
102.753
70.4331
52.8344
43.8479
39.7409
39.4271
43.1887
52.1254
69.0377
100.586
162.517
279.652
507.598
894.141
659.705
658.583
891.214
492.865
271.345
160.894
102.548
70.4984
52.8539
43.6526
39.6211
38.9088
42.6889
51.5253
68.2617
100.703
161.577
277.494
504.706
888.866
655.811
658.749
875.119
493.229
271.475
159.125
101.291
70.9351
53.3555
43.1156
39.6554
39.6363
43.9666
52.7976
68.9146
100.408
158.579
269.482
501.034
873.105
656.331
657.658
878.513
499.9
275.054
162.013
102.013
70.5568
52.9751
44.0296
39.5896
38.9418
43.9434
52.8268
69.6146
100.688
160.879
274.588
498.455
889.636
662.145
654.453
874.471
496.85
268.298
161.221
102.309
71.6802
53.8646
44.2367
39.2719
39.3403
43.9896
52.1265
68.579
100.568
162.244
278.275
485.93
870.74
659.837
651.613
870.881
485.782
272.588
160.964
103.264
71.6566
53.2553
44.1452
40.1308
39.7399
44.1062
53.062
69.3672
100.915
161.26
277.779
498.34
883.814
660.634
651.776
868.323
492.739
267.285
159.958
102.99
71.6104
53.8362
43.5302
39.51
39.9233
44.0213
52.8775
70.3425
101.685
158.298
275.556
484.256
895.344
661.08
651.564
865.706
482.205
267.896
158.04
102.517
70.9114
53.7164
44.0233
39.7937
39.3047
43.9513
53.2957
69.7297
100.799
159.896
274.411
492.305
894.968
666.67
652.831
865.107
493.403
268.999
160.191
101.762
71.4552
53.4949
43.662
39.1496
39.1855
43.2867
53.5423
71.1421
102.917
161.533
267.918
499.983
880.573
658.824
656.946
869.16
484.595
270.683
158.448
102.284
71.5118
52.89
42.8315
39.1148
39.1335
43.3348
53.33
70.2322
102.581
161.411
271.801
490.571
902.716
659.505
659.897
881.638
493.529
266.446
160.447
103.229
71.6387
53.7445
43.3424
39.0709
39.027
43.2931
53.1373
70.6467
101.186
160.693
275.602
508.118
902.732
658.361
659.98
878.665
490.181
271.438
160.222
103.09
71.5269
53.7188
43.8806
39.0308
38.9956
43.4892
52.3617
69.8192
102.009
157.617
268.379
506.309
900.723
660.472
656.052
872.263
476.705
265.375
157.573
102.728
71.3466
53.6334
43.8346
38.9377
38.9035
43.3781
52.4724
69.9281
101.875
160.315
275.761
504.837
897.513
660.342
660.67
868.095
484.32
269.811
160.162
102.676
71.1746
53.4429
43.7447
38.9644
38.8277
42.7355
52.2697
69.6536
100.44
156.908
273.255
501.262
891.574
659.268
655.327
847.628
471.971
267.738
159.234
102.209
70.8888
53.1972
43.5504
39.1504
38.9823
42.8214
52.4858
69.9361
101.038
157.476
266.08
498.072
885.823
657.497
659.692
860.652
480.701
263.318
158.313
101.844
70.6214
52.9511
43.3557
38.9065
38.5883
42.519
51.7351
69.0595
99.9508
157.574
272.363
494.693
864.823
657.367
657.725
871.969
469.523
263.956
156.549
100.706
70.2294
52.4371
43.0242
38.4705
38.7369
42.7913
52.1852
69.5925
100.717
158.11
270.164
493.012
870.097
658.129
661.214
870.981
473.57
265.755
157.439
101.147
70.0047
51.9157
42.7875
38.0045
38.0328
42.4812
51.3579
68.5656
99.205
156.87
267.473
490.253
871.082
647.502
655.626
866.101
480.451
264.284
156.541
100.662
69.6122
51.7714
42.5903
38.409
38.2852
42.2758
51.4587
68.5627
98.9085
154.014
259.853
486.733
884.427
647.737
658.636
862.064
476.06
257.752
155.274
99.5143
68.6754
51.3752
42.2787
38.0733
37.932
41.9268
51.0692
67.6315
98.7357
154.239
260.225
481.559
867.745
650.76
663.709
842.548
471.551
258.388
154.635
99.5826
68.9637
51.0756
41.3564
37.0474
36.8507
40.8861
50.131
67.3772
98.139
153.208
258.089
471.443
884.772
649.148
661.774
844.765
467.517
258.312
152.53
98.557
68.5788
50.9526
41.0961
36.8053
36.561
40.5727
49.8023
66.9345
96.8399
150.733
258.432
477.487
865.318
647.638
658.253
839.169
456.167
255.857
152.004
98.2581
67.7174
50.4907
40.8273
36.3509
35.8977
40.0355
49.172
66.3835
96.196
149.758
255.816
473.243
871.252
640.774
659.09
838.11
460.624
253.371
150.768
97.6467
67.1791
49.3936
40.2822
35.829
35.4201
39.3138
48.6887
65.5982
95.5243
148.303
249.079
468.235
876.622
630.881
641.927
840.277
449.727
248.924
150.014
97.0977
66.5941
48.8875
39.3527
35.2314
34.9583
38.8376
48.0677
65.0035
94.7955
147.399
247.442
454.545
868.736
628.363
639.622
832.509
448.555
248.349
149.227
96.2835
65.7737
48.2918
38.8876
34.7771
34.5418
38.3129
47.3015
64.3415
94.2097
146.564
244.928
456.943
852.505
628.33
636.898
811.522
439.153
245.598
148.256
95.6689
65.2166
47.6863
38.3315
34.4963
34.0647
37.7828
46.7762
63.6503
93.3709
145.383
242.556
451.868
863.289
628.331
635.375
819.525
437.648
243.559
147.319
94.829
64.4703
47.1003
37.8453
33.8843
33.5491
37.1683
46.1222
62.9085
92.6243
144.232
239.463
445.345
841.17
630.319
632.317
823.666
433.011
240.545
145.958
93.9326
63.8906
46.6192
37.2557
33.3411
32.9349
36.6361
45.4811
62.1445
91.6629
142.921
236.859
440.074
839.986
610.92
633.55
826.831
428.846
238.304
144.845
93.0568
63.0868
46.0078
36.6595
32.583
32.3952
36.0214
44.6935
61.1885
90.5649
141.399
233.404
427.707
834.736
598.68
626.712
819.32
423.482
235.368
143.351
92.0399
62.3458
45.383
36.0996
32.0171
31.8153
35.4037
43.9759
60.3667
89.4957
139.736
230.137
424.641
839.138
597.719
624.901
799.096
417.55
232.344
141.661
90.7839
61.3226
44.5626
35.4561
31.4496
31.2264
34.7611
43.2107
59.3834
88.1863
137.901
226.831
414.193
819.319
593.1
618.034
802.757
407.999
228.893
139.74
89.3845
60.2475
43.7185
34.7973
30.8737
30.6944
34.2149
42.5096
58.3751
86.8836
136.378
224.246
409.596
825.024
587.743
618.523
793.941
401.955
225.05
137.396
87.6177
58.8783
42.7106
34.0903
30.3334
30.234
33.762
41.7309
57.2996
85.5481
134.623
220.892
400.865
799.554
580.205
622.424
770.164
394.042
221.029
134.938
85.8446
57.4984
41.696
33.4001
29.847
29.8818
33.6984
41.0713
56.1759
83.9275
132.553
217.828
395.803
792.361
571.858
607.99
761.166
386.597
216.522
132.148
83.9186
56.1487
40.7662
32.6948
29.2758
29.3631
32.8701
40.3662
55.0765
82.2769
130.268
214.078
387.134
777.033
562.387
597.929
744.806
377.053
211.676
129.22
81.8933
54.7297
39.7096
31.929
28.6916
28.8701
32.3778
39.7106
53.9801
80.5562
127.677
209.49
378.793
760.657
561.035
581.023
729.719
367.574
205.934
125.614
79.5243
53.1659
38.665
31.1811
28.0856
28.2144
31.504
38.9352
52.8026
78.7025
124.887
204.74
370.54
745.803
560.042
556.587
711.678
356.615
200.109
121.821
76.9674
51.5427
37.6298
30.4402
27.451
27.6119
30.7633
37.9441
51.4846
76.6565
121.679
199.383
361.807
728.984
543.799
543.535
693.578
344.515
193.397
117.499
74.2032
49.805
36.4581
29.5603
26.6793
26.8016
29.8672
36.771
49.9524
74.3534
117.935
192.74
350.898
712.447
524.79
528.848
671.03
329.651
185.577
112.45
71.0168
47.8456
35.2052
28.6694
25.9147
25.9932
28.8908
35.5832
48.3392
71.9425
114.054
185.42
339.018
691.051
499.888
506.417
645.323
313.76
177.117
107.004
67.6078
45.7727
33.8949
27.7384
25.1201
25.1568
27.8827
34.2386
46.4988
69.1748
109.884
178.72
326.887
666.564
471.89
485.191
619.623
297.821
167.841
101.117
64.0432
43.6428
32.5714
26.8368
24.4072
24.4721
27.0613
33.0701
44.658
66.2138
105.189
170.936
312.754
641.012
455.568
466.464
590.294
282.284
158.193
94.7833
60.15
41.3593
31.1828
25.8946
23.6448
23.7047
26.113
31.7179
42.581
62.902
100.182
164.646
298.046
610.408
442.496
451.117
559.387
265.768
148
88.4136
56.3977
39.1415
29.8007
24.9457
22.8839
22.9485
25.1728
30.339
40.3557
59.2181
94.4738
158.366
282.548
579.118
429.013
430.058
522.864
248.756
138.126
81.9613
52.4737
36.7872
28.3316
23.9325
22.0637
22.1275
24.1557
28.8586
37.9802
55.1643
87.5818
149.133
265.136
543.291
416.41
405.237
479.572
228.446
125.998
74.8214
48.3219
34.3413
26.8155
22.8972
21.2305
21.2898
23.1078
27.3162
35.466
50.8426
79.8966
134.101
243.326
499.667
395.266
374.643
434.071
207.081
113.707
67.6019
44.1568
31.8507
25.2418
21.8041
20.3432
20.4001
22.0017
25.6924
32.8168
46.276
72.0614
121.871
219.784
453.173
372.899
347.643
386.361
183.667
100.32
60.2284
39.9643
29.339
23.6458
20.6903
19.4391
19.4942
20.8786
24.0636
30.2055
41.7637
63.9094
106.785
194.453
403.141
369.109
321.607
332.294
158.582
87.1234
53.0475
35.8473
26.8478
22.06
19.583
18.5375
18.5874
19.7535
22.4254
27.5679
37.2712
55.9671
92.7664
168.449
348.218
367.569
310.019
289.241
137.299
75.3268
46.4499
32.0139
24.5275
20.5697
18.5272
17.6676
17.7102
18.6715
20.8725
25.1108
33.1072
48.4781
78.9505
143.721
301.015
353.443
311.535
247.909
116.873
64.3927
40.3592
28.5188
22.434
19.2206
17.5651
16.8698
16.9008
17.672
19.4446
22.8677
29.3392
41.9242
67.355
122.14
258.714
341.688
331.81
221.028
102.976
56.3782
35.7109
25.7479
20.6944
18.061
16.7229
16.1666
16.188
16.7968
18.2073
20.9537
26.1693
36.3538
57.2544
103.586
220.645
333.672
342.135
194.558
89.5921
49.1698
31.6254
23.3298
19.1944
17.0752
16.0171
15.5836
15.5984
16.071
17.186
19.4001
23.6749
32.1441
49.8652
90.0896
192.209
335.995
359.922
175.917
81.4609
44.3407
28.669
21.5095
18.0391
16.3111
15.4735
15.138
15.1452
15.501
16.3671
18.1443
21.6898
28.938
44.63
81.5907
176.45
356.807
371.814
161.972
73.1517
39.6468
26.0125
19.9483
17.0893
15.7164
15.0755
14.8281
14.8337
15.0969
15.7606
17.1716
20.0959
26.2612
40.031
73.6178
162.462
369.683
389.087
155.366
68.9988
36.7508
24.1601
18.8055
16.4027
15.3163
14.8471
14.684
14.6852
14.8524
15.3296
16.4275
18.8563
24.2588
36.9344
69.3134
156.355
394.003
406.635
148.314
63.4078
33.3032
22.1955
17.7128
15.8231
15.0376
14.7375
14.6405
14.6411
14.7402
15.0441
15.8386
17.7479
22.278
33.5277
64.0081
148.814
406
426.091
144.189
58.9714
30.3284
20.5048
16.8234
15.4012
14.8701
14.697
14.635
14.6352
14.6972
14.8701
15.3934
16.7994
20.4447
30.172
58.5441
143.301
425.346
437.271
134.715
51.7714
26.4444
18.5948
15.9503
15.0555
14.7822
14.6909
14.6642
14.6647
14.6921
14.7862
15.0657
15.9764
18.6547
26.592
52.2083
135.651
436.951
449.963
121.941
43.1176
22.4211
16.8459
15.2848
14.8724
14.7581
14.7207
14.7131
14.7133
14.7204
14.7577
14.8676
15.2741
16.8109
22.3073
42.8031
121.386
451.384
462.024
95.5738
31.1765
18.1787
15.6114
14.9709
14.8199
14.7722
14.7665
14.7671
14.7673
14.7672
14.7734
14.8188
14.9685
15.6136
18.2476
31.3574
95.9645
460.64
471.03
47.718
18.1018
15.0241
14.7461
14.8114
14.813
14.8227
14.8264
14.8272
14.8272
14.8262
14.8226
14.813
14.8104
14.7401
14.9997
18.05
47.7056
471.724
1233.93
1400.99
821.591
478.779
286.623
176.379
111.449
74.3839
54.6672
46.1556
46.1236
53.8931
71.1889
105.432
166.195
271.378
464.851
826.525
1409.77
1194.76
1239.43
1393.9
800.959
470.784
282.738
174.05
109.42
72.5686
53.0387
45.4846
45.6016
53.472
69.3426
103.638
164.26
266.786
460.656
820.916
1382.39
1196.79
1253.46
1388.61
808.163
478.531
285.28
174.784
110.814
74.1373
54.45
44.3639
44.3708
53.3277
70.0457
105.597
167.615
270.081
451.845
815.82
1409.37
1203.21
1238.63
1358.36
807.913
476.968
287.031
174.392
110.305
73.7855
54.371
45.5237
45.5687
53.0642
70.3809
105.223
167.909
273.499
457.617
793.772
1399.95
1187.31
1255.02
1385.2
819.733
471.796
285.907
173.978
108.116
73.0792
53.9012
43.9844
44.2476
51.5086
68.3448
104.384
167.512
272.66
465.978
809.425
1389.24
1188.99
1244.1
1358.52
800.679
469.867
282.68
173.763
108.467
72.715
53.7426
44.6605
44.9315
52.1857
70.0727
103.409
167.463
267.194
456.103
822.453
1354.28
1190.42
1249.31
1400.77
820.094
475.136
285.696
174.713
108.496
71.9078
53.4182
45.3304
45.3896
52.0217
71.363
103.769
167.834
271.524
464.625
821
1393.28
1203.63
1256.67
1394.42
799.082
480.687
288.619
176.386
109.87
72.2904
52.1285
44.037
44.9614
52.0095
71.188
106.036
168.146
274.841
454.511
814.136
1407.92
1198.53
1261.2
1371.9
812.034
480.263
287.996
176.038
108.314
70.4111
53.5907
45.1837
43.957
52.3343
70.7925
105.529
167.657
274.712
464.247
793.677
1372.73
1208.73
1276.15
1407.59
824.021
477.735
286.856
175.574
110.315
72.315
52.6519
44.6816
44.4025
53.5037
69.239
104.813
167.27
273.516
457.186
813.47
1381.44
1194.18
1256.62
1398.75
804.954
467.57
285.606
174.75
108.582
73.3123
53.7249
43.3677
45.1468
53.875
70.4542
102.816
166.7
272.916
465.002
796.084
1379.3
1206.52
1265.33
1371.82
825.707
477.592
285.167
172.697
109.098
72.0853
53.5835
44.5581
44.35
53.902
71.9011
104.29
166.529
271.143
463.387
812.487
1391.84
1191.49
1226.3
1393.85
820.219
474.045
284.013
174.535
109.786
73.0003
52.4654
45.4768
46.0553
54.0092
71.9618
105.699
166.161
269.314
452.731
791.831
1355.63
1206.46
1225.08
1365.66
801.826
467.636
279.889
173.907
108.334
72.5394
53.2796
44.2546
45.7746
53.7194
71.6671
105.389
166.081
265.427
462.469
811.858
1389.54
1196.77
1222.11
1373.86
816.374
471.68
282.505
173.431
109.404
70.8867
52.0975
45.2106
45.7142
53.3753
71.5048
103.856
166.066
269.803
460.185
791.712
1403.58
1209.15
1224.05
1379.31
796.969
461.485
281.121
172.573
107.919
71.6887
53.9876
44.2555
45.3277
51.9892
71.2222
106.312
165.841
265.757
453.119
801.786
1371.81
1191.22
1227.19
1400.1
803.098
469.944
278.49
170.186
109.005
72.8227
54.0429
45.7176
44.7847
53.306
70.0918
106.423
165.795
271.674
463.717
815.006
1381.67
1208.92
1232.09
1397.37
808.07
462.684
282.04
172.627
108.679
71.5642
52.8911
45.3213
46.209
52.7808
72.4828
106.388
163.076
270.58
460.695
811.188
1388.23
1199.7
1237.21
1390.78
824.128
471.253
281.851
170.643
106.767
73.152
54.4541
46.164
46.0701
53.872
72.5026
106.462
164.212
266.714
449.958
805.067
1406.04
1214.18
1247.32
1367.83
820.143
460.499
278.546
173.342
108.573
72.6212
53.0599
44.5597
44.5085
52.3209
72.0601
105.293
165.122
269.073
461.61
782.452
1397.27
1196.75
1244.97
1401.7
817.006
468.367
282.919
173.155
108.959
70.9563
53.9474
45.1776
45.145
52.9909
72.0033
107.885
167.646
271.301
461.623
800.429
1368.83
1213.69
1233.95
1395.53
798.856
476.579
282.687
172.515
107.465
72.5206
53.1954
45.547
45.7486
53.5861
70.3527
107.863
166.229
275.649
459.163
780.522
1389.73
1200.14
1241.75
1390.17
821.15
476.834
281.177
170.246
109.233
73.73
54.3867
44.5036
44.6193
53.4865
70.9323
107.843
170.208
275.205
453.291
784.274
1380.86
1186
1220.48
1379.26
814.216
474.689
276.962
170.467
107.498
72.1183
53.2374
45.4324
46.2925
53.4163
71.535
107.389
169.822
272.383
467.826
782.018
1353.18
1187.51
1224.71
1376.02
793.556
472.178
280.356
170.472
108.536
73.2584
54.0396
46.4946
46.2039
52.9733
70.069
106.732
169.64
277.865
467.811
790.312
1378.77
1205.95
1236.95
1348.36
808.422
470.016
276.324
170.881
109.729
72.0509
54.7704
45.4982
45.9933
51.6354
71.4733
105.047
167.001
276.968
466.399
807.857
1364.89
1205.67
1239.82
1375.27
790.614
466.962
278.647
172.534
109.691
73.7094
54.7743
46.5158
45.8906
52.4462
70.73
105.985
168.887
273.463
461.422
791.94
1356.99
1211.08
1244.23
1345.09
794.177
464.202
274.216
170.434
107.582
72.0641
54.285
46.2313
45.4537
50.9216
72.2012
106.993
167.489
277.896
471.303
822.546
1401.15
1208.38
1246.54
1361.91
803.789
455.969
279.615
174.307
108.827
73.2536
53.1615
44.9271
44.389
52.4894
72.2009
105.617
170.977
276.833
462.655
817.032
1394.99
1213.81
1246.29
1328.34
824.799
466.659
284.414
174.432
106.679
72.7148
54.5698
46.0962
45.5689
53.429
72.1148
107.734
171.019
272.963
473.378
799.755
1371.97
1235.58
1237.94
1367.67
827.287
471.621
284.353
174.393
108.706
72.5153
54.0705
45.0092
44.3502
51.9419
70.2378
107.017
171.151
276.389
473.503
825.917
1425.06
1235
1248.18
1397.6
825.508
462.299
283.808
173.831
109.957
73.8036
52.8459
46.3325
45.6807
52.907
71.1224
105.312
170.922
279.37
470.403
819.348
1422.5
1237.99
1224.52
1391.5
823.03
464.503
283.679
171.942
107.869
73.4151
53.0094
46.16
44.5329
53.5232
71.9822
107.093
170.567
278.229
460.567
804.895
1422.12
1256.45
1226.77
1386.51
817.852
465.6
283.435
174.734
109.616
73.3525
53.6894
46.2555
45.2781
52.6424
70.7541
105.092
169.79
277.123
470.613
813.777
1416.2
1237.2
1228.03
1378.02
812.389
471.045
282.713
174.083
110.969
72.7807
51.9555
46.0692
46.4467
54.9347
73.3417
106.619
169.318
275.352
462.162
830.179
1410.9
1242.66
1243.3
1369.43
791.997
467.925
281.268
171.936
111.005
71.4116
53.7267
45.3472
45.4231
54.8209
73.3318
107.911
168.716
270.978
468.288
825.467
1382.5
1266.97
1239.57
1339.21
808.91
460.754
278.432
172.768
111.172
72.9729
55.2386
47.236
47.5313
54.8761
73.2336
107.728
168.265
271.634
464.632
821.916
1395.72
1258.71
1237.85
1372.53
797.294
468.281
279.665
173.634
111.09
74.2765
54.227
46.0667
47.334
53.5834
71.8409
107.235
166.253
270.774
453.011
815.856
1402.98
1270.6
1252.56
1353.05
825.725
477.442
279.722
173.734
112.236
72.8426
55.9582
47.6952
47.4341
55.3216
74.148
106.51
168.61
273.14
456.842
808.217
1381.02
1259.3
1241.31
1391.99
825.185
476.508
280.387
176.031
112.452
74.1868
56.1468
47.6592
47.068
55.1285
74.358
109.005
167.032
269.741
459.324
787.595
1377.77
1237.94
1261.43
1386.58
822.434
474.041
281.959
176.052
112.454
75.5814
55.957
47.3368
45.6372
53.5379
73.8746
108.784
169.562
273.222
457.236
795.962
1392.12
1199.44
1255.69
1359.7
806.39
465.864
285.062
175.632
112.101
75.3519
55.5969
47.2161
46.9765
54.3683
73.4276
108.384
168.861
269.289
452.663
772.651
1361.77
1195.92
1265.41
1394.8
830.315
477.574
285.155
173.473
110.067
73.503
53.7453
45.7083
46.7092
55.1594
72.5775
106.737
167.175
270.259
445.485
790.672
1365.7
1181.2
1252.98
1368.95
827.474
469.132
281.792
176.58
111.639
74.7092
54.5015
46.5596
45.5042
55.0542
72.3159
107.836
168.457
270.352
453.028
800.646
1359.37
1195.41
1234.24
1395.35
825.314
477.439
286.125
176.438
112.614
75.4616
55.2187
45.7906
46.6894
55.0443
72.7055
108.86
169.821
270.218
456.669
785.764
1354.62
1189.91
1231.74
1390.47
820.901
474.983
285.474
174.984
112.127
75.0403
54.0547
47.368
45.8307
54.9513
73.3536
108.608
169.772
270.857
449.772
799.159
1359
1183.69
1233.1
1383
815.254
466.315
284.224
176.318
110.325
73.4729
55.3168
47.4784
47.3446
54.739
72.7749
106.931
169.188
273.484
456.312
795.122
1373.78
1186.89
1233.23
1358.79
798.55
472.851
283.607
175.568
110.44
74.2036
54.0631
47.237
47.1384
54.4267
72.1711
106.87
166.932
272.39
453.608
775.386
1346.44
1205.79
1238.44
1399.18
818.063
471.607
279.577
174.692
110.309
72.8646
54.8787
46.9344
46.7665
53.8606
70.4414
106.785
167.527
271.283
451.337
788.905
1382.37
1209.78
1243.7
1393.29
800.241
462.958
279.768
172.937
110.985
74.3158
54.5765
46.6171
46.4918
52.865
71.5906
107.454
167.913
269.938
441.722
780.566
1372.44
1209.25
1261.7
1389.29
812.439
467.63
280.373
173.464
110.485
73.6922
52.8035
46.0677
46.1677
53.9712
72.3742
106.03
166.293
267.501
448.147
757.301
1342.16
1211.13
1256.89
1378.81
806.388
464.483
278.77
171.449
109.714
73.2536
53.9234
45.8031
45.7359
52.5656
70.9074
107.02
167.398
269.141
443.499
775.735
1369.88
1197.69
1255.31
1359.82
786.292
455.251
275.157
171.819
109.058
72.4096
53.3397
45.1008
45.2156
53.0345
71.2014
105.37
165.135
268.25
449.588
787.555
1359.39
1211.31
1269.76
1368.82
789.345
455.821
275.226
170.839
106.944
70.2107
51.4079
43.3886
44.6152
52.491
69.7129
105.744
165.482
264.219
446.754
782.368
1327.03
1184.23
1242.45
1396.58
784.593
452.728
273.705
169.937
106.692
70.7489
51.6066
44.1995
44.042
51.8612
70.336
105.103
164.815
264.835
443.635
777.222
1348.25
1187.14
1222.95
1390.8
781.899
452.583
270.617
167.564
105.204
69.6502
50.5316
42.6706
42.2639
51.0989
68.4923
103.009
162.436
262.999
440.152
771.07
1361.28
1187.8
1233.67
1385.65
785.838
449.81
269.674
166.502
103.961
68.6216
49.9933
42.867
42.5747
50.4169
68.5101
102.545
161.572
259.428
431.368
750.101
1331.32
1194.46
1202.76
1375.43
777.806
441.081
267.214
163.994
101.679
67.0791
49.0498
42.2457
41.8813
48.5411
67.6265
100.994
160.355
258.485
431.577
753.322
1345.43
1198.67
1197.79
1365.26
756.488
436.986
265.553
162.725
100.463
65.4362
48.1249
40.6699
40.6911
47.9908
65.8675
99.9854
159.119
256.563
423.921
753.552
1334.07
1182.7
1193.65
1336.19
751.15
432.779
263.007
160.891
98.5843
63.9383
47.1021
40.2061
40.0755
47.1576
64.95
98.5988
157.244
254.956
422.301
745.859
1302.49
1159.7
1194.54
1341.26
746.51
427.88
260.399
158.764
96.8338
62.7521
46.1616
38.8909
39.1064
45.8776
63.6425
97.1643
155.933
253.147
418.043
728.766
1327.79
1156.86
1139.8
1327.71
723.689
423.292
257.703
156.583
95.1907
61.2002
45.3167
38.2944
38.2692
45.1264
62.1589
95.4595
154.107
251.417
415.046
728.312
1318.59
1167.06
1128.1
1297.06
717.591
417.553
253.555
153.624
93.1947
60.0504
44.0117
37.1125
37.0023
44.132
61.196
94.3505
152.93
249.401
410.933
711.03
1288.13
1159.52
1124.45
1294.08
710.15
413.519
250.658
151.072
91.336
58.7416
42.8854
36.364
36.3076
43.1972
59.9312
92.829
151.207
247.372
408.006
711.579
1310.7
1172.43
1120.09
1269.66
701.608
408.429
247.06
148.263
89.4841
57.5491
42.0419
35.5658
35.4617
42.3148
58.9209
91.8277
150.044
245.606
403.564
707.295
1301.21
1170
1117.56
1260.86
693.079
403.163
243.314
145.628
87.7172
56.2672
40.973
34.7028
34.6335
41.4008
57.9779
91.316
148.314
243.303
400.21
690.077
1289.11
1169.14
1104.32
1244.78
683.047
397.245
239.267
142.645
85.8676
55.0846
39.6194
33.4348
33.6584
40.4332
56.9215
89.874
146.374
240.673
396.63
685.472
1273.17
1153.9
1095.01
1228.37
670.751
389.582
234.435
139.727
84.0173
53.815
38.553
32.5637
32.7446
39.3486
55.6547
87.6585
143.691
237.52
392.631
676.691
1257.06
1126.18
1076.35
1209.47
658.018
382.416
230.06
136.855
81.9682
52.2225
37.4061
31.4282
31.7019
38.2422
54.2212
85.5939
140.891
233.882
387.545
667.889
1231.96
1120.32
1055.92
1188.53
645.661
374.976
225.278
133.738
79.7586
50.4757
36.2013
30.5867
30.7789
37.0285
52.3162
82.4728
137.384
229.642
381.851
658.256
1212.67
1116.7
1045.47
1170.39
630.284
365.686
220.023
130.399
77.3787
48.843
35.0029
29.5908
29.8623
35.8187
50.4354
79.8116
133.694
224.952
375.341
649.256
1202.62
1114.24
1001.5
1153.1
615.341
356.181
214.097
126.637
75.0002
47.134
33.8987
28.7436
28.9313
34.5498
48.4542
76.9578
129.805
219.466
367.17
635.817
1183.09
1072.95
989.575
1130.63
599.712
345.839
207.776
122.475
72.2955
45.6138
32.8983
27.9243
28.0799
33.4296
46.7317
74.0174
125.138
213.034
358.453
622.942
1165.57
1072.57
975.596
1106.49
584.01
335.766
201.021
117.759
69.3217
43.8136
31.8533
27.1867
27.2955
32.3277
44.9066
71.0205
120.653
206.294
348.261
606.607
1143.61
1042.77
965.677
1083.29
570.084
326.989
194.583
113.068
66.3438
42.2042
30.9057
26.4586
26.4847
31.135
42.9584
67.8516
115.292
198.419
337.111
589.023
1118.12
1038.8
953.278
1053.81
553.306
315.917
186.627
107.723
63.1067
40.4758
29.9285
25.7461
25.7449
30.0385
40.9941
64.2713
109.536
189.712
323.746
566.881
1085.67
1037.61
877.598
1024.25
535.135
305.656
178.398
101.932
59.7776
38.7372
28.9123
25.007
25.0008
28.9885
39.1544
60.8284
103.482
180.46
310.117
544.536
1052.68
974.583
857.712
987.423
511.065
292.626
168.68
95.826
56.4999
37.0338
27.9163
24.2904
24.2762
27.9362
37.2765
57.2662
97.0905
170.427
295.385
521.642
1019.24
947.486
837.517
944.95
484.628
277.124
157.979
89.2044
52.9487
35.1655
26.8558
23.554
23.5625
26.9271
35.4654
53.8013
90.685
159.712
279.927
498.708
986.62
954.239
814.727
900.454
457.589
259.069
146.808
82.8728
49.5396
33.3145
25.786
22.8185
22.8596
25.9366
33.718
50.4155
84.2551
148.758
262.693
470.425
939.162
935.056
799.476
854.096
430.761
240.476
134.847
75.9835
45.9891
31.4835
24.7295
22.0649
22.1181
24.8792
31.8406
46.8048
77.4905
136.517
242.274
437.547
885.431
908.482
783.04
802.246
401.064
222.766
123.473
69.45
42.4743
29.6033
23.6226
21.259
21.3226
23.7983
29.9798
43.1611
70.331
123.6
221.16
403.302
821.381
837.217
767.87
752.993
371.315
201.48
110.711
62.6209
38.9657
27.7218
22.4945
20.4218
20.4622
22.6488
28.0519
39.5327
63.3289
110.605
199.087
367.57
757.695
747.066
708.296
690.411
335.289
179.368
97.4379
55.4697
35.3306
25.8181
21.369
19.5974
19.6416
21.5101
26.0933
35.7862
56.0297
97.0735
175.621
329.234
690.708
692.26
707.769
629.574
297.257
155.721
84.2729
48.745
31.8994
23.9659
20.254
18.7784
18.8224
20.3886
24.2082
32.23
48.9157
83.4359
151.736
288.349
617.729
649.928
647.043
553.671
255.484
131.148
70.6663
41.7875
28.4293
22.1454
19.1936
18.0146
18.05
19.3134
22.3976
28.8564
42.2868
70.3534
127.637
246.164
538.105
625.877
646.604
481.692
215.404
108.564
58.8213
35.9056
25.4303
20.5247
18.2289
17.3199
17.3533
18.3456
20.768
25.837
36.3523
58.5882
105.338
206.139
461.438
573.562
614.416
400.67
174.376
86.3033
47.4713
30.3726
22.6521
19.0216
17.3205
16.6533
16.6874
17.4417
19.2838
23.155
31.1889
48.2939
85.7601
170.309
389.566
569.555
592.436
329.912
140.227
69.1464
39.2793
26.3377
20.5245
17.8212
16.5792
16.1046
16.1364
16.6883
18.0416
20.9299
27.0331
40.301
69.7858
138.783
323.114
576.737
554.792
258.197
108.792
53.9335
31.9429
22.7602
18.6712
16.7778
15.9194
15.599
15.6243
16.0121
16.9771
19.0665
23.5181
33.3872
56.5281
113.112
264.521
531.547
443.899
207.141
88.8819
44.9811
27.8069
20.6334
17.4692
16.0509
15.4414
15.2268
15.2451
15.5063
16.1827
17.7085
21.0461
28.4945
46.1077
90.3629
209.724
467.885
413.273
172.183
73.1575
37.5231
24.2153
18.8079
16.4811
15.4741
15.0621
14.9229
14.9304
15.0924
15.5458
16.6378
19.1425
24.91
38.8412
75.5655
177.146
431.054
410.165
158.166
66.7324
34.4228
22.5779
17.8638
15.9158
15.119
14.8222
14.7325
14.7358
14.8348
15.1442
15.9558
17.9177
22.6282
34.4901
66.5494
156.999
414.916
427.821
148.626
61.5268
31.5291
20.9555
16.9735
15.4512
14.8922
14.708
14.6534
14.6536
14.7101
14.901
15.4732
17.0413
21.1103
31.8644
62.1185
148.87
422.391
440.698
141.056
56.6925
28.6958
19.4767
16.2649
15.1521
14.7974
14.6875
14.6502
14.6504
14.688
14.7996
15.1511
16.2416
19.4233
28.6348
56.8565
142.247
441.71
448.892
134.076
51.424
25.8131
18.1176
15.6981
14.9627
14.7594
14.6945
14.6791
14.6795
14.6948
14.7616
14.9747
15.7472
18.2223
26.0021
51.7834
135.134
451.183
458.798
124.853
45.201
22.8782
16.9102
15.2639
14.8493
14.7507
14.7274
14.7247
14.7249
14.7269
14.7502
14.843
15.2409
16.8589
22.7791
45.0987
124.774
457.658
463.386
109.134
36.5184
19.4293
15.7663
14.9927
14.8132
14.7633
14.7576
14.7577
14.7581
14.7581
14.7655
14.8134
14.9965
15.783
19.4716
36.5104
109.729
464.417
468.956
83.7912
26.5968
16.5343
15.0682
14.8374
14.7945
14.7941
14.7953
14.7954
14.7953
14.7955
14.7946
14.7945
14.8389
15.0928
16.5744
26.3797
84.3597
468.323
473.509
41.8489
16.6736
15.1583
14.8893
14.8372
14.8373
14.8377
14.8376
14.8375
14.8375
14.8374
14.8377
14.8378
14.84
14.9145
15.3574
17.7583
41.9938
474.252
678.139
889.792
501.37
279.891
160.731
101.928
70.7221
53.5359
43.879
39.3473
39.1607
43.0332
52.2562
70.4495
103.886
166.048
284.727
512.301
900.045
661.812
678.842
875.049
490.287
278.981
157.749
100.476
69.7445
53.2012
43.4648
38.3977
38.3441
42.199
51.7785
70.0562
103.473
165.428
279.084
500.198
884.918
663.582
670.47
895.488
506.507
279.293
160.6
101.696
70.2256
52.9305
43.21
38.8506
39.2012
43.0315
50.8013
68.9997
103.023
165.306
284.576
514.333
907.274
661.95
668.394
891.725
503.135
277.565
157.262
102.477
70.5893
53.3547
43.6438
39.2805
39.2556
43.2262
51.583
70.0438
101.486
164.224
281.924
510.726
905.033
664.71
668.911
872.994
498.826
272.052
161.725
102.331
69.5807
52.6589
43.8019
38.6671
38.5563
43.1605
52.0027
69.6983
102.704
163.414
274.402
496.174
898.687
666.645
669.125
888.056
488.784
280.959
165.585
104.336
70.9769
53.291
43.8363
39.5232
39.1881
43.2241
52.8929
70.3312
104.118
162.676
277.823
501.571
880.664
665.764
671.609
882.859
500.517
280.345
165.254
103.394
71.7367
53.7394
43.1302
38.8942
38.5299
42.8967
52.4084
70.6099
104.229
159.441
281.234
506.791
883.343
661.661
665.616
864.974
487.534
278.542
164.887
104.837
71.8382
53.7394
43.4151
39.5262
38.8697
42.3384
53.2867
70.6116
104.495
162.684
275.445
496.174
879.886
661.653
665.048
875.715
494.876
273.536
162.634
104.496
70.94
53.1384
43.425
39.5692
39.5411
43.1568
53.4685
71.2934
104.562
164.835
282.09
509.452
885.565
651.943
666.945
885.185
502.392
277.014
165.939
104.253
71.6184
53.9317
43.8021
39.0549
39.5191
43.6157
53.4934
72.1905
103.482
161.529
274.544
498.767
896.623
652.124
669.111
879.722
498.058
273.512
166.066
105.279
70.8234
53.9641
43.2896
39.5421
39.367
42.7881
52.5262
72.225
105.563
164.689
278.131
510.251
894.312
652.138
663.245
859.755
492.249
276.67
166.074
105.205
71.6933
54.1349
44.1858
39.5617
39.3125
42.9433
52.7459
72.1202
105.657
167.739
279.04
507.035
891.76
655.323
670.355
877.89
478.922
269.296
165.604
104.245
72.4333
54.1584
44.0855
39.3629
39.0977
42.7649
52.6859
71.9369
105.858
168.023
283.499
494.499
877.047
658.52
669.31
861.915
495.461
277.112
166.063
106.14
71.9115
53.53
43.91
38.6494
38.4937
42.9559
52.7007
71.7763
105.507
167.368
279.355
501.136
896.677
664.287
667
886.654
508.928
281.267
164.408
106.05
72.7567
54.3254
43.6298
39.3088
39.2408
43.5162
53.1688
71.0408
105.02
167.096
288.985
506.025
881.625
663.192
667.269
882.737
506.836
275.028
166.749
105.989
72.4295
54.3087
44.2472
38.6208
38.4649
43.0938
52.677
72.1736
103.814
163.518
287.991
519.714
897.988
663.984
668.328
877.397
504.98
280.957
166.583
105.788
72.3328
53.7092
44.3399
39.1153
39.0873
43.8896
53.8263
72.537
105.799
164.499
285.47
517.953
893.749
665.609
674.037
860.413
502.096
274.951
166.418
106.601
73.4286
54.5157
44.4278
39.7802
39.7059
43.8346
53.6471
72.3787
106.024
164.046
277.974
515.252
874.802
668.952
669.563
875.2
500.868
282.179
167.096
105.565
73.2434
54.362
44.2665
39.5875
39.6669
43.6927
52.8357
72.1137
106.119
165.785
282.935
514.783
893.168
664.292
677.322
889.47
490.256
276.687
164.385
106.264
73.1236
53.5025
44.0428
38.8397
39.0023
42.9805
53.4376
71.9129
106.154
168.369
286.11
502.507
875.799
664.909
681.027
888.883
501.666
284.059
167.091
107.17
72.9573
53.8398
44.0801
39.6882
39.7516
43.5409
52.8666
70.677
106.052
167.739
285.058
511.146
898.835
665.319
681.176
877.879
512.349
283.332
169.358
107.107
72.4405
54.0339
43.2763
38.8379
39.5914
44.1024
53.8632
71.5298
105.853
166.648
277.41
499.482
892.834
663.95
681.425
903.784
512.01
280.279
168.947
105.92
72.2576
53.4913
43.6009
39.0653
39.4728
44.0516
53.8819
72.3209
105.599
166.174
278.998
499.167
886.43
664.212
683.815
904.744
507.751
270.766
168.247
107.055
73.0685
54.2649
44.0125
39.1938
38.7353
43.7725
53.6611
72.0895
105.181
164.619
277.236
496.001
867.672
667.69
683.319
903.895
495.374
277.132
168.29
106.724
72.0075
53.4464
43.3955
38.3973
38.9954
43.518
52.7449
70.956
103.7
164.367
278.83
495.1
871.626
659.708
684.06
905.273
507.464
282.358
168.166
106.424
72.4791
54.0563
44.3386
39.2108
38.3999
42.9071
52.8609
71.2434
104.253
166.435
282.548
493.621
871.21
659.775
683.423
904.477
517.934
287.884
165.953
105.121
72.9375
54.5163
43.9958
39.881
39.1612
43.3369
52.7654
70.9205
103.706
163.451
277.727
494.015
881.418
659.995
683.826
904.259
515.408
281.583
166.72
106.492
72.8431
54.4235
44.4911
39.9839
39.6834
43.731
52.6985
70.818
103.813
166.736
286.931
498.575
858.884
659.512
682.052
901.665
511.172
286.246
167.997
106.159
71.9317
53.4515
43.654
39.1706
38.8817
43.5647
52.7511
70.8699
103.681
163.49
286.178
509.102
882.778
658.698
681.246
900.141
497.136
283.817
167.011
105.741
72.0578
53.7748
44.0664
39.6659
39.3167
43.4281
53.023
71.2414
104.581
165.889
284.713
501.631
896.3
659.72
679.197
897.036
510.941
278.655
165.735
104.393
72.225
53.9363
44.3041
38.9811
38.5446
42.709
52.2429
70.2305
104.089
164.777
283.036
514.518
892.206
661.336
678.267
892.773
507.009
281.944
163.496
105.161
71.5266
54.0782
44.1993
39.3608
39.3818
43.6257
52.9896
70.9881
103.642
161.052
275.273
512.222
873.89
663.112
675.645
876.218
502.316
275.485
164.978
104.926
72.1229
53.9037
43.49
39.533
39.1439
43.4891
52.1582
69.9102
103.358
163.907
283.11
511.646
897.177
666.872
675.364
888.352
491.369
278.861
162.691
104.23
71.1401
53.1548
43.487
39.3188
38.4435
43.5275
52.601
70.1111
102.814
160.69
280.383
507.029
887.362
668.561
673.921
883.251
495.273
273.577
162.982
103.812
71.5652
53.572
43.5535
38.7821
38.8075
43.5462
52.9404
69.8508
102.417
161.093
274.616
493.353
901.194
670.838
674.337
864.025
499.161
274.064
161.902
102.18
70.5925
52.8711
43.1418
38.924
39.3235
43.4546
52.8565
69.658
101.677
161.743
278.685
504.376
886.928
672.38
666.91
873.902
496.232
271.88
158.672
102.216
71.3498
53.6126
43.5006
38.9645
39.1129
42.7705
52.5987
69.3758
101.388
160.348
275.904
491.97
908.433
667.976
665.905
866.173
483.62
270.712
158.548
102.417
70.6933
53.0686
43.9909
39.6745
38.7907
42.9882
52.4898
69.1008
100.652
158.344
270.329
498.351
906.422
663.329
667.722
851.988
496.158
271.061
157.228
102.627
71.4116
53.7436
43.9738
39.7693
39.6146
43.3319
51.9496
69.074
99.6175
155.841
274.539
505.537
903.07
662.05
670.821
849.114
487.037
270.291
157.562
102.428
71.3046
53.6708
43.2842
39.65
39.5497
42.9412
52.2273
68.869
99.0244
155.458
267.175
501.802
885.385
664.295
673.124
857.832
504.981
273.43
158.577
102.14
71.0953
53.6323
43.9366
39.629
39.5534
43.6041
52.7049
69.2443
98.9097
155.308
267.888
498.668
904.124
648.737
674.732
867.93
504.089
277.056
160.933
100.959
70.8939
53.5686
43.8251
39.3947
38.9133
42.9832
52.553
68.4546
98.8643
154.932
265.473
484.254
901.187
647.158
675.024
843.713
502.609
275.07
158.197
101.526
70.6606
53.3681
43.1464
38.8521
39.5947
43.5552
52.2874
68.9577
99.346
155.65
265.318
493.913
896.65
644.058
674.147
868.853
501.998
268.255
160.672
100.576
69.7642
53.199
43.7507
39.5809
39.6634
43.8999
53.0137
69.5315
99.384
152.654
264.354
480.159
892.174
644.951
676.375
884.659
500.715
272.412
159.475
101.368
70.9202
52.7079
43.5361
38.828
39.3664
43.8355
53.0339
68.9116
98.3962
154.77
267.498
480.858
873.001
646.429
671.418
879.3
497.363
276.584
161.943
102.677
70.9536
53.2693
43.1549
38.9341
38.7548
43.7185
53.1117
70.0295
99.5622
156.406
263.192
479.633
875.499
648.594
668.202
873.783
493.534
274.951
161.136
102.306
70.7888
53.1973
43.2788
39.2946
39.3532
43.7177
53.0698
69.9704
100.483
159.605
270.953
483.085
870.281
640.81
671.76
854.929
488.828
272.633
159.949
101.821
69.8136
52.9296
43.7173
38.7262
38.579
43.4978
52.9131
69.2867
101.533
159.021
269.535
468.318
871.001
638.437
668.543
858.543
477.069
270.195
156.934
100.354
70.5109
52.3462
43.7383
39.4811
38.9313
43.4124
52.9053
70.1716
101.24
158.24
269.211
479.288
877.969
639.514
668.396
855.355
486.728
265.475
157.648
101.042
70.5794
53.1162
43.6408
39.3527
39.1354
43.0446
52.619
69.8502
100.76
155.632
267.319
484.63
869.855
639.115
667.995
853.499
475.663
270.451
158.31
99.7049
70.211
52.9442
43.444
39.1378
38.9003
42.5761
52.3451
69.0135
100.589
156.85
261.635
471.608
843.65
641.266
669.04
856.355
477
269.509
157.356
100.592
69.4907
52.039
42.5178
38.2092
38.0198
42.615
51.7575
69.528
100.122
156.372
262.696
475.893
854.566
645.971
658.765
866.224
474.426
268.06
158.493
101.36
69.8162
52.3662
42.7807
38.4069
38.046
42.0719
51.9017
68.7206
99.5059
154.093
260.857
477.75
861.701
646.517
658.496
862.344
473.122
266.479
157.524
100.833
69.9603
52.5148
42.8918
38.4884
37.9502
42.3845
51.7141
68.7721
98.8977
153.965
260.194
484.738
877.893
646.95
659.081
843.571
469.782
261.289
154.773
100.185
69.6226
52.2264
42.1521
37.8545
38.1087
41.6674
51.2658
68.3575
97.803
153.708
258.681
480.757
860.458
648.624
657.369
857.889
471.313
263.46
154.909
99.5833
68.5959
51.4065
42.4579
38.1427
37.9656
41.5618
50.878
67.5015
97.5789
152.732
258.187
470.079
883.137
650.69
659.312
838.408
475.567
261.737
153.584
98.3462
68.4022
51.251
41.733
37.6044
37.6178
41.1626
50.3221
67.0467
96.5622
149.8
251.721
476.992
879.715
652.133
654.114
853.994
472.416
255.559
153.099
98.139
68.313
51.2252
41.8366
37.1377
37.3191
40.8342
49.6005
66.5677
96.0188
149.462
251.355
472.915
877.029
655.923
655.619
833.434
468.069
255.613
151.34
97.5788
67.8803
50.8242
41.54
37.2872
36.9625
40.4424
49.3013
66.0488
95.2214
147.909
248.64
467.776
870.201
661.485
644.817
836.479
464.824
255.766
151.043
96.9724
66.7609
49.6849
40.5306
36.8381
36.5237
39.984
48.6772
65.5263
94.6079
146.93
246.378
462.06
863.857
646.143
644.981
834.625
460.655
253.515
150.047
96.3139
66.2879
49.2782
40.1563
35.9441
35.6987
39.4628
48.2006
64.7318
93.7538
145.506
243.678
448.136
842.825
634.412
640.833
843.058
456.004
248.165
148.759
95.5918
65.3241
48.4076
39.5435
35.75
35.3215
38.9111
47.8502
64.314
93.0671
144.383
241.8
450.399
860.631
634.659
631.1
822.79
442.116
245.782
147.862
94.8703
64.7627
47.7179
38.933
34.9447
34.9341
38.6194
47.4988
63.7267
92.4125
143.332
238.47
439.323
852.998
636.474
630.565
840.039
440.317
242.742
146.393
94.0713
63.9631
46.9929
38.1109
34.365
34.3693
38.1791
47.1622
63.3618
91.69
142.128
236.748
442.27
845.823
616.94
630.13
833.945
432.043
239.941
145.367
93.371
63.3586
46.3748
37.535
33.5998
33.6037
37.6303
46.5792
62.8313
90.8575
140.717
233.514
428.307
826.686
612.991
631.066
827.011
428.07
237.577
144.066
92.4499
62.5279
45.5938
36.7467
32.9321
33.0518
37.0679
45.8676
61.9426
89.9447
139.447
231.35
426.137
833.794
616.153
626.648
806.437
422.029
234.744
142.866
91.5054
61.7248
44.8974
36.0533
32.3117
32.4421
36.4544
45.0855
61.1597
88.943
137.98
228.32
418.415
825.456
601.503
621.355
815.537
417.974
232.296
141.307
90.3453
60.8177
44.133
35.4167
31.7122
31.8553
35.7989
44.4373
60.3004
88.0501
136.461
225.535
411.409
803.447
599.122
617.261
793.427
411.257
229.227
139.382
88.865
59.708
43.2781
34.6658
31.0451
31.1578
34.976
43.6198
59.4711
87.0267
134.953
222.581
406.983
807.518
597.513
606.697
802.649
407.077
226.106
137.428
87.4443
58.6747
42.5697
34.1291
30.5209
30.5954
34.3245
42.789
58.4231
85.8537
133.462
219.756
396.974
785.217
596.093
606.223
778.398
398.378
222.543
135.172
85.8825
57.5992
41.7967
33.4846
29.9262
29.9642
33.5902
41.8608
57.3036
84.5169
131.912
217.233
392.713
795.066
596.155
609.586
774.676
391.038
218.3
132.656
84.1436
56.436
41.0217
32.9482
29.4385
29.4011
32.8473
40.8511
55.9731
83.0071
130.122
214.334
386.799
785.661
585.723
589.304
748.863
381.883
213.295
129.918
82.3504
55.1777
40.1929
32.3312
28.8937
28.8279
32.1515
39.9489
54.7956
81.4922
128.258
211.379
380.093
761.443
580.189
574.719
735.145
372.974
208.183
126.823
80.2844
53.8934
39.3573
31.7138
28.3213
28.2057
31.3948
39.015
53.6259
79.9936
126.169
207.939
373.675
761.51
559.057
542.864
721.944
363.328
202.54
123.639
78.2579
52.5266
38.4099
30.9964
27.7071
27.5764
30.6347
37.9887
52.2134
78.0914
123.656
204.175
366.758
750.149
553.443
531.604
707.04
353.671
196.323
119.944
75.9721
51.0906
37.4126
30.2218
27.0625
26.9563
29.9251
37.0264
50.7886
76.0596
120.935
200.019
358.219
722.045
544.688
519.652
689.819
343.541
190.693
116.378
73.5455
49.4702
36.3149
29.4253
26.4055
26.3042
29.1478
35.9638
49.243
73.8566
117.834
195.431
350.83
716.018
531.229
506.594
671.552
332.75
185.502
112.803
71.0985
47.865
35.2217
28.6162
25.7473
25.6634
28.3811
34.8948
47.6308
71.4245
114.436
190.797
342.094
690.036
524.122
497.284
649.621
320.998
179.817
108.456
68.2072
46.0379
34.0441
27.7995
25.0788
25.002
27.5887
33.7775
45.8849
68.6201
110.331
185.003
331.679
672.99
515.236
486.232
626.687
307.827
173.186
103.602
65.0778
44.0794
32.7798
26.9067
24.3643
24.313
26.7628
32.5959
44.0203
65.5581
105.457
177.687
318.94
652.133
500.967
476.678
598.824
292.027
164.094
97.711
61.4913
41.9174
31.424
25.9753
23.6257
23.5999
25.9016
31.35
42.0271
62.2687
100.053
169.213
304.3
626.628
495.387
462.209
563.144
274.594
152.647
90.9322
57.5426
39.6165
29.9997
25.006
22.8613
22.8567
24.9918
30.0084
39.8058
58.4884
93.8177
159.292
286.553
593.277
490.629
441.472
527.12
256.411
142.585
84.333
53.5225
37.1945
28.4882
23.9802
22.0567
22.0777
24.044
28.6286
37.5371
54.4957
86.7596
147.558
266.359
549.982
432.519
402.161
483.692
234.414
129.247
76.6855
49.1861
34.6714
26.9277
22.9179
21.2104
21.2409
23.0107
27.1111
35.0336
50.0798
78.9572
134.452
244.254
504.203
400.883
375.32
442.981
213.222
117.029
69.4697
44.9537
32.1158
25.3128
21.8129
20.3329
20.3765
21.9468
25.5568
32.4809
45.5515
70.7639
120.019
219.533
456.961
401.563
371.27
398.366
189.093
102.959
61.5007
40.4429
29.4748
23.676
20.6932
19.4354
19.4849
20.8507
23.9744
29.9384
41.0988
62.5712
105.169
192.524
400.299
366.879
369.476
352.019
166.625
90.3192
54.2863
36.2595
26.967
22.0935
19.5919
18.5412
18.592
19.7549
22.4091
27.4868
36.9781
55.2301
91.805
168.236
349.324
361.413
337.668
304.017
141.973
76.9682
46.9413
32.1317
24.5586
20.5754
18.5283
17.6725
17.7215
18.6886
20.8911
25.1213
33.0982
48.5556
79.7346
146.131
304.233
346.329
334.066
263.157
121.352
65.8434
40.8352
28.6688
22.4718
19.2249
17.5642
16.874
16.9142
17.6967
19.4839
22.9287
29.4282
42.0361
67.7826
124.251
262.324
335.108
331.469
220.76
102.458
56.1662
35.5668
25.6635
20.6509
18.0397
16.7149
16.1691
16.2005
16.8201
18.247
21.0314
26.3535
36.8267
58.4149
106.297
227.427
329.662
336.645
194.635
90.1369
49.242
31.5929
23.307
19.1811
17.0666
16.0131
15.5854
15.6066
16.0847
17.2028
19.4167
23.694
32.2135
50.1662
91.3292
197.214
338.998
345.551
173.044
79.9292
43.7235
28.4413
21.4308
18.0087
16.2977
15.4686
15.1399
15.1536
15.5157
16.3891
18.1742
21.7269
28.9822
44.7366
81.9123
177.04
360.661
369.926
163.302
73.8671
39.8572
26.0812
19.9749
17.099
15.7197
15.0766
14.8298
14.8366
15.1006
15.765
17.1786
20.1103
26.2915
40.0607
73.5635
162.2
371.846
391.468
154.32
68.4843
36.6202
24.128
18.7935
16.3965
15.3136
14.8465
14.684
14.6855
14.8532
15.3299
16.4257
18.8505
24.2508
36.9513
69.3447
155.194
388.392
405.265
149.047
63.8065
33.4132
22.2252
17.7238
15.8275
15.0398
14.738
14.6405
14.641
14.7401
15.0446
15.8367
17.7421
22.2486
33.4122
63.6633
148.951
406.433
426.645
143.752
58.8537
30.3255
20.5124
16.8292
15.4015
14.8694
14.6968
14.6349
14.635
14.6968
14.8692
15.3979
16.8259
20.5189
30.3989
59.2116
144.463
425.823
436.926
134.809
51.7269
26.3998
18.5681
15.9405
15.0561
14.7827
14.691
14.6642
14.6646
14.6917
14.7852
15.0585
15.9407
18.5629
26.3781
51.6645
134.743
437.187
450.527
121.913
43.1922
22.476
16.8691
15.2911
14.8731
14.7582
14.7208
14.7132
14.7134
14.7207
14.7583
14.8701
15.2887
16.8667
22.4753
43.2042
122.04
450.625
462.107
95.6016
31.145
18.1566
15.6155
14.9725
14.8203
14.7722
14.7665
14.7671
14.7672
14.7672
14.7735
14.8195
14.9702
15.6134
18.1669
31.1721
95.7085
462.266
470.988
47.7221
18.1134
15.0309
14.747
14.8116
14.813
14.8227
14.8264
14.8272
14.8272
14.8262
14.8226
14.8132
14.8117
14.7469
15.0277
18.104
47.7178
470.954
250.833
332.901
196.002
115.405
75.1088
53.8754
42.3
35.8152
32.2479
30.6728
30.7539
32.5119
36.3175
43.1229
55.1464
76.9514
116.7
192.274
324.139
254.244
250.049
333.484
196.327
113.615
74.9963
53.8412
42.2483
35.7646
32.1848
30.6001
30.6792
32.4553
36.2651
42.8869
54.7552
77.0251
115.849
190.773
324.426
253.451
250.329
334.045
196.557
115.105
75.226
53.8655
42.2104
35.7461
32.155
30.5665
30.6313
32.407
36.2596
43.1847
55.3614
77.3988
117.339
193.847
325.504
253.711
248.959
334.086
196.558
116.586
75.242
53.7966
41.9586
35.6863
31.9918
30.5057
30.4049
32.1681
35.9966
43.0824
55.315
77.7567
119.11
192.223
326.113
254.435
251.188
334.127
196.56
116.285
74.9317
53.7154
42.0882
35.7393
32.1395
30.5415
30.4779
32.3259
36.1645
42.968
54.6684
77.6202
119.509
196.325
326.971
255.447
250.516
333.29
196.058
115.2
74.4727
53.3598
42.2391
35.7533
32.0752
30.4922
30.4018
32.1406
36.0991
42.9444
54.8156
77.4066
119.556
196.517
326.807
255.46
249.854
332.245
195.601
116.335
73.4521
53.7137
42.3105
35.7883
32.1597
30.3815
30.4547
32.2667
35.935
42.654
54.948
76.4988
119.271
196.453
326.57
255.166
249.494
331.11
194.668
116.155
74.0006
53.8031
42.3017
35.6607
32.0761
30.4697
30.5991
32.437
36.2015
42.9271
54.7131
77.4476
119.192
196.323
325.647
256.063
249.117
327.889
191.464
114.62
73.8432
53.8335
42.302
35.8927
32.3096
30.6244
30.4702
32.4447
36.2105
42.7528
55.2758
77.3527
119.052
196.093
322.613
256.063
247.387
328.484
193.325
116.313
74.6039
53.8832
42.2983
35.93
32.3505
30.5889
30.6357
32.4787
36.1173
42.9988
55.2129
76.3561
118.635
195.998
325.552
256.179
248.588
327.74
194.545
116.079
75.1906
53.8754
42.402
35.9233
32.3676
30.7457
30.803
32.5512
36.3331
43.1393
55.2703
77.2829
118.363
195.565
328.138
255.791
247.817
327.848
193.679
113.937
74.7918
53.6707
42.3265
35.8089
32.3185
30.5759
30.7309
32.508
36.2817
42.8017
54.6943
77.066
117.695
193.117
328.059
254.578
247.501
328.948
190.94
114.604
74.2368
53.1827
42.2718
35.8757
32.3412
30.7179
30.6142
32.4606
36.2795
43.1004
55.1527
76.8661
116.204
195.538
328.263
254.06
248.66
325.929
191.896
115.766
75.4352
53.5472
42.2805
35.845
32.3226
30.7499
30.7914
32.4863
36.2107
43.0213
55.0448
76.8115
117.596
195.198
328.053
254.149
250.86
329.721
193.013
114.175
75.3596
53.8529
42.131
35.6342
32.2611
30.7127
30.7591
32.4269
36.0116
42.5927
54.4977
76.4592
115.633
192.617
327.718
253.908
252.883
332.501
195.213
116.573
75.4954
54.0434
42.3468
35.6901
32.1654
30.6905
30.7403
32.3861
35.979
42.7602
54.8056
76.1033
116.968
194.832
327.399
253.202
251.983
331.897
191.802
115.831
75.1925
53.9463
42.3332
35.7279
32.2737
30.5784
30.5794
32.2015
36.0071
42.9067
55.3875
77.5169
118.399
194.254
327.044
253.381
250.002
331.553
194.71
114.306
74.1135
53.4182
42.2337
35.8046
32.2953
30.7384
30.7679
32.327
36.1558
43.1849
55.423
77.396
118.216
191.462
325.256
253.224
251.559
330.562
191.889
115.855
75.1067
53.8151
42.1292
35.6432
32.1794
30.7317
30.8027
32.4694
35.9406
43.1912
55.372
77.2155
118.102
193.252
327.659
253.46
251.158
327.635
193.533
114.211
74.1453
53.3761
42.3746
35.854
32.1943
30.6194
30.6793
32.5343
36.1659
43.2551
55.37
77.0193
117.896
195.281
327.733
253.493
250.635
330.58
195.893
114.939
74.8714
53.6224
42.396
35.9079
32.3077
30.8244
30.8954
32.615
36.4408
43.3387
55.3561
76.1034
115.788
194.687
327.082
253.207
250.037
328.247
195.481
115.27
75.5868
53.8086
42.3338
35.845
32.4174
30.8598
30.9188
32.5791
36.4354
43.3496
55.5123
77.3147
117.608
193.992
324.514
251.315
250.1
330.027
193.515
116.605
75.6349
54.1938
42.5373
35.9846
32.4209
30.7276
30.7599
32.5792
36.4298
43.3137
55.4884
77.2978
116.15
191.918
327.258
250.842
250.111
331.298
196.483
115.16
75.8789
54.1728
42.5081
35.8415
32.4173
30.8746
30.8983
32.4437
36.377
43.2385
55.4489
77.4432
118.763
195.445
327.282
250.857
251.654
328.183
196.171
117.225
75.9759
53.8157
42.4715
35.9534
32.4007
30.8602
30.8973
32.4953
36.2687
42.9299
55.3956
77.3405
118.599
194.786
324.947
251.575
252.726
329.292
195.57
115.581
75.9014
54.2768
42.5074
35.9415
32.2881
30.8434
30.8949
32.5961
36.3737
43.2629
55.3492
77.0954
118.409
194.222
327.61
250.709
250.933
330.348
193.276
117.427
75.9358
54.2562
42.4319
35.7899
32.4026
30.824
30.7275
32.3843
36.1013
43.173
55.2136
76.2379
118.226
191.088
327.18
251.2
252.101
333.393
196.839
117.408
75.7196
54.1627
42.2323
35.8277
32.3912
30.8124
30.832
32.4988
36.1331
42.9394
54.96
77.6111
118.692
192.797
326.596
250.438
251.393
333.151
194.204
115.514
74.6885
54.082
42.4431
35.9391
32.3823
30.7845
30.7936
32.3291
36.102
43.1968
55.4051
77.629
118.684
194.101
324.389
250.827
251.19
333.357
197.677
117.755
75.6786
54.093
42.2033
35.8541
32.2932
30.5977
30.7372
32.3622
36.0577
43.0912
55.2627
77.5557
118.602
191.961
327.226
249.572
251.176
333.238
197.461
117.453
74.7301
53.8871
42.1613
35.6537
32.118
30.5832
30.7103
32.2736
36.0123
42.7365
54.5729
77.3931
118.63
195.282
327.218
251.681
251.228
333.132
196.793
115.87
75.5521
53.6294
42.1059
35.6627
32.1584
30.5986
30.612
32.309
36.1433
42.9852
54.8545
77.3189
118.301
194.684
326.675
252.991
250.562
332.436
196.107
117.629
75.1807
53.7923
42.1771
35.6418
32.2488
30.7236
30.7887
32.4671
36.015
42.8634
55.1071
77.127
117.536
191.72
324.579
252.419
248.412
331.404
193.028
117.357
76.1395
54.1985
42.3719
35.8109
32.272
30.735
30.8073
32.5272
36.2805
43.0637
54.6798
76.9612
115.862
194.595
326.51
253.742
249.688
330.7
195.003
116.377
76.1294
54.148
42.3322
35.7896
32.2376
30.7047
30.7688
32.4842
36.228
43.0442
55.2043
77.0213
116.78
193.707
327.645
251.936
247.945
327.479
196.879
118.343
76.1985
54.0035
42.236
35.7327
32.2087
30.6667
30.7244
32.4158
36.1137
42.6922
55.0716
76.4683
118.018
189.975
327.051
251.897
249.579
329.773
197.082
118.324
76.0305
53.4811
41.8433
35.495
32.1311
30.5982
30.524
32.3114
35.8928
42.8846
55.0828
77.125
118.263
193.55
326.935
251.258
249.711
326.466
196.527
117.974
75.8426
53.8201
42.0408
35.6737
32.0649
30.5505
30.5184
32.2844
35.8428
42.4932
54.4935
76.2227
116.892
196.076
325.09
251.033
249.972
331.112
196.191
117.45
75.5517
53.8684
42.0298
35.5322
32.0815
30.3989
30.456
32.2403
35.9819
42.6123
54.8902
77.0321
118.423
196.183
328.357
251.59
251.324
333.507
193.59
115.647
74.3138
53.3166
42.1192
35.5337
31.9813
30.3992
30.4973
32.0839
35.9454
42.6471
54.7141
76.6708
117.857
195.784
328.503
251.247
250.397
332.844
196.051
117.472
74.7887
53.487
41.9871
35.5199
32.0741
30.5115
30.4341
32.2407
35.9061
42.2198
54.0233
75.5276
115.578
193.178
326.082
252.411
250.446
331.914
193.3
117.169
75.0634
53.6554
42.1425
35.6124
32.0702
30.529
30.5751
32.2658
35.9559
42.4737
54.3343
76.1495
116.479
195.582
327.296
250.362
248.733
330.005
195.619
116.931
73.9273
53.2017
42.041
35.4497
31.9029
30.3643
30.4083
32.2111
35.9396
42.6797
54.5285
75.3495
117.161
195.413
327.318
251.563
248.545
330.273
193.146
116.589
74.7754
53.5096
41.9914
35.6586
32.1196
30.5449
30.5562
32.2104
35.8914
42.5977
54.4843
75.9218
115.412
194.78
329.056
250.819
248.146
330.466
194.294
115.514
75.4692
53.9852
42.2377
35.6765
32.1147
30.5476
30.5468
32.1644
35.8133
42.4531
54.2623
75.09
116.605
193.879
328.596
250.273
248.21
332.036
195.636
116.75
75.4088
53.9376
42.2157
35.656
32.0871
30.5039
30.5087
32.1247
35.7266
42.1059
54.1704
75.1923
114.635
190.41
328.077
250.649
248.926
331.323
194.641
116.17
75.1177
53.8168
42.1385
35.4754
31.9144
30.3478
30.463
32.0715
35.7031
42.2793
54.0547
75.6881
115.705
191.859
327.827
249.522
246.957
330.184
191.171
114.096
74.683
53.7051
41.948
35.597
32.0506
30.4798
30.4493
32.0078
35.4451
42.0455
53.3198
75.3933
116.836
193.33
327.324
248.897
247.91
329.717
192.218
115.461
74.1135
53.499
42.2019
35.5222
31.932
30.4396
30.3994
31.8466
35.4936
41.7944
53.5243
74.1523
116.407
190.462
326.7
248.746
247.265
327.067
193.347
114.186
74.8726
53.7422
42.2496
35.746
32.1284
30.4414
30.2772
31.85
35.3721
41.9023
53.8989
74.8632
116.357
192.88
324.412
248.07
245.441
328.236
190.632
116.095
74.3806
53.35
42.1974
35.7392
32.1239
30.3353
30.342
31.9933
35.5726
41.967
53.5695
75.279
115.958
190.557
324.41
248.061
245.946
325.602
193.67
116.107
75.0392
53.7024
42.1911
35.6967
32.15
30.4434
30.4588
31.8916
35.4323
42.1812
53.7666
74.6685
115.466
192.246
323.509
247.753
247.343
327.835
192.823
115.734
74.7946
53.334
41.9076
35.5801
32.0562
30.5699
30.5103
32.1205
35.6432
42.1459
53.6201
74.0199
114.753
191.842
323.77
245.716
245.412
324.665
189.309
115.147
73.9627
53.754
42.1973
35.7881
32.2596
30.643
30.5914
32.1112
35.4288
41.8106
53.2141
73.9799
112.554
190.867
324.659
246.438
247.751
327.138
191.919
115.097
74.6426
53.8014
42.1594
35.6743
32.2659
30.6464
30.5913
32.1282
35.5969
42.0438
53.5791
74.4446
112.825
189.175
323.051
247.546
244.626
323.905
188.749
114.607
73.759
53.4279
42.2956
35.8763
32.3032
30.6551
30.5735
32.1
35.5237
41.723
53.4171
74.2864
112.959
187.863
322.279
247.203
245.969
325.709
190.754
114.545
74.6378
53.8583
42.4414
35.7401
32.2791
30.6353
30.4363
32.0571
35.3535
41.8733
52.8861
73.6869
113.964
190.494
324.484
245.559
246.821
324.803
187.506
113.728
73.7408
53.4564
42.4367
35.856
32.2978
30.647
30.5984
32.1299
35.4572
41.7403
52.9478
73.2433
113.367
189.683
321.236
246.537
246.243
323.896
189.358
112.492
74.4131
53.881
42.5222
35.9812
32.1851
30.4901
30.5858
32.1391
35.624
41.9654
53.1332
73.0798
111.221
188.79
323.028
246.175
244.639
322.957
186.401
113.221
74.3539
53.814
42.4893
35.9946
32.3213
30.644
30.5868
32.1001
35.582
41.7118
52.8595
73.3578
111.81
187.759
319.457
244.387
246.141
320.233
186.209
112.793
74.009
53.3527
42.385
35.9544
32.1818
30.6121
30.5592
31.9717
35.5063
41.9838
53.3414
73.9322
112.447
185.131
322.313
245.503
244.187
321.64
185.699
112.193
73.2744
53.4746
42.1836
35.9292
32.2855
30.5825
30.5592
32.1721
35.6828
41.7568
53.326
73.7334
112.119
186.781
321.626
244.434
246.171
320.757
186.219
110.767
73.6716
53.1772
42.2336
35.9411
32.1433
30.3967
30.3961
32.1519
35.7192
41.9266
52.9661
73.397
111.333
183.47
321.03
242.901
246.26
317.546
183.109
111.461
73.2922
53.3087
42.3983
35.9916
32.3252
30.6129
30.6147
32.1725
35.7372
42.1343
53.219
73.1453
110.949
183.618
320.325
243.467
247.237
318.926
184.745
111.035
73.5303
53.4719
42.3057
35.9732
32.3061
30.6133
30.5537
32.1094
35.6503
41.8764
53.0399
72.256
110.348
182.814
319.51
243.755
245.71
317.615
183.414
110.3
73.2643
53.6053
42.4915
35.9259
32.0759
30.3481
30.2905
32
35.5959
41.9737
52.9603
72.5901
109.843
183.198
318.499
244.703
245.878
314.319
181.981
109.364
72.8813
53.457
42.428
35.7542
32.0885
30.4212
30.3046
31.7516
35.298
41.8351
52.7563
71.7169
107.975
181.847
317.25
244.565
246.03
313.782
179.141
108.453
72.5313
53.3059
42.3886
35.8047
32.1112
30.5314
30.4124
31.7756
35.2623
41.7011
52.5925
71.7708
108.003
180.439
313.299
243.638
245.168
312.476
177.921
107.507
71.7672
53.0821
42.3097
35.895
32.1411
30.5453
30.438
31.9031
35.3048
41.3851
52.36
71.377
107.148
179.266
314.188
243.423
245.245
310.943
176.62
106.212
71.4675
52.7473
42.2028
35.7393
32.2282
30.5201
30.3947
31.8569
35.2293
41.2859
51.8729
70.457
105.409
175.789
310.003
242.535
243.89
309.069
174.458
105.417
71.0337
52.6893
42.0981
35.8328
32.1968
30.4699
30.3416
31.7544
34.9379
41.1135
51.6013
70.0754
104.819
175.443
311.653
242.639
243.699
308.137
172.925
104.348
70.384
52.317
41.8742
35.5309
31.8667
30.1512
30.0705
31.6704
34.8952
40.9686
51.2259
69.2931
103.315
172.642
309.911
242.386
241.269
304.563
170.911
102.977
69.8582
52.0507
41.6961
35.4215
31.807
30.1923
30.1202
31.6078
34.9156
40.7617
50.9766
68.8387
102.344
170.944
307.45
241.695
240.513
303.292
168.739
101.865
69.1442
51.559
41.2882
35.1524
31.62
30.0627
30.0023
31.4893
34.7799
40.5969
50.6092
68.1676
101.143
168.667
303.42
241.153
239.354
300.861
166.155
100.237
68.3615
51.154
41.0165
34.8575
31.3488
29.6704
29.5914
31.1034
34.5153
40.3696
50.2958
67.5486
99.7479
166.065
300.068
240.051
235.722
297.139
163.462
98.7171
67.4938
50.6291
40.6735
34.602
31.0418
29.3863
29.3947
30.9357
34.2477
40.1299
49.893
66.8403
98.3525
163.288
297.485
238.321
229.94
294.461
160.223
96.7954
66.5055
50.0789
40.3234
34.3334
30.8057
29.1384
29.128
30.6785
34.0255
39.8294
49.4498
66.0438
96.7483
160.74
294.427
236.794
227.775
290.498
156.872
94.8554
65.4489
49.44
39.8817
33.9872
30.4776
28.8101
28.7309
30.2614
33.6339
39.379
48.9006
65.1438
94.9542
157.406
290.577
233.518
222.829
286.165
153.001
92.7203
64.2619
48.7188
39.3594
33.5526
30.1146
28.496
28.4461
29.9417
33.206
38.8864
48.2526
64.086
92.8996
153.589
286.057
229.033
216.601
279.852
148.482
90.3695
63.0107
47.8967
38.711
33.0148
29.674
28.1057
28.0588
29.5295
32.7893
38.3701
47.4873
62.7269
90.2333
148.713
279.691
223.869
207.961
271.99
143.467
87.9062
61.6143
46.9508
38.0026
32.4591
29.2094
27.6957
27.6607
29.0986
32.2485
37.6725
46.5061
61.0942
87.1266
143.098
271.779
216.571
202.948
262.757
137.355
84.7598
59.9512
45.8922
37.2224
31.8401
28.6869
27.2151
27.1748
28.5528
31.6026
36.8548
45.3788
59.2464
83.5901
136.658
261.806
207.707
196.401
251.025
131.098
81.5417
58.1231
44.5941
36.2296
31.0413
28.0058
26.5846
26.5411
27.8709
30.8149
35.9028
44.144
57.3803
80.0403
130.076
250.546
198.491
190.87
238.07
124.357
77.7754
55.9135
43.0635
35.0641
30.099
27.1986
25.8366
25.7925
27.069
29.9008
34.8045
42.7721
55.547
76.9776
123.827
237.374
191.425
183.408
222.785
116.88
74.0901
53.5339
41.3191
33.7076
28.994
26.2492
24.9636
24.9236
26.1326
28.8264
33.5174
41.1819
53.4864
73.8289
117.415
221.279
183.806
179.388
208.831
110.168
70.4356
51.0943
39.4305
32.1777
27.7263
25.1472
23.9447
23.9127
25.053
27.5918
32.0313
39.3304
51.1368
70.4774
110.268
204.077
176.277
179.945
192.686
103.435
67.1284
48.4692
37.2847
30.4446
26.2907
23.9015
22.7955
22.7731
23.8371
26.2019
30.3563
37.2495
48.565
67.4541
103.479
187.511
177.221
182.068
176.739
97.2246
63.6757
45.5534
34.9258
28.5643
24.748
22.5669
21.5641
21.5529
22.5356
24.7108
28.5371
34.9235
45.5703
63.681
96.0324
172.44
180.783
193.542
162.631
90.7998
59.5245
42.3322
32.4652
26.6373
23.1657
21.1893
20.2876
20.2855
21.1848
23.1683
26.6675
32.5214
42.3013
58.9732
90.036
162.619
196.913
204.579
152.239
85.4059
55.1078
39.11
30.0603
24.7587
21.6217
19.8454
19.0389
19.0438
19.8643
21.6691
24.8643
30.2612
39.4486
55.4579
84.8563
153.489
210.002
218.697
146.525
80.474
51.464
36.285
27.8794
23.0342
20.1936
18.5983
17.8811
17.8878
18.6218
20.2376
23.1132
28.0047
36.4593
51.5951
80.3865
145.709
223.31
239.612
142.788
77.6461
48.407
33.7614
25.924
21.4952
18.9383
17.5214
16.8903
16.8971
17.5457
18.9837
21.5753
26.0569
33.9674
48.5343
77.0275
141.593
242.959
262.183
139.561
73.5582
45.2211
31.4447
24.1958
20.1741
17.8949
16.651
16.1016
16.1051
16.6641
17.9195
20.2194
24.2789
31.6242
45.6331
74.2153
139.677
264.186
287.891
138.973
71.7219
42.9451
29.4786
22.6834
19.0444
17.0425
15.9758
15.5112
15.5122
15.9796
17.0482
19.0506
22.6842
29.4565
42.8456
71.4522
139.074
288.731
315.385
138.866
68.5359
39.9758
27.3301
21.1971
18.0254
16.3403
15.4702
15.0987
15.099
15.4714
16.3424
18.0295
21.2081
27.3636
40.0879
68.8035
138.846
316.522
346.987
139.059
65.3345
36.9439
25.1566
19.7522
17.0992
15.7618
15.105
14.8387
14.8387
15.1046
15.7602
17.0942
19.7398
25.1252
36.8688
65.1882
138.859
344.703
373.535
136.58
59.8704
32.8936
22.6326
18.2411
16.2261
15.2845
14.866
14.7144
14.7147
14.8664
15.2855
16.2278
18.2452
22.643
32.9278
59.9831
136.949
374.891
402.02
128.589
51.4533
27.9109
19.9004
16.7599
15.4646
14.9463
14.7498
14.6754
14.6757
14.7503
14.9473
15.4633
16.7573
19.8932
27.9013
51.427
128.504
401.703
433.65
108.366
38.8818
22.058
17.1627
15.575
15.0188
14.8218
14.7325
14.7002
14.7002
14.7323
14.8207
15.0154
15.5696
17.1564
22.0504
38.8498
108.24
433.825
466.316
57.4105
21.6373
16.1714
15.1089
14.8762
14.8305
14.8017
14.7957
14.796
14.796
14.7957
14.8018
14.8308
14.8789
15.1131
16.1721
21.6374
57.4142
466.261
)
;

boundaryField
{
    fixedWalls_1
    {
        Cmu             0.09;
        kappa           0.41;
        E               9.8;
        type            epsilonWallFunction;
        value           nonuniform List<scalar> 
200
(
247.732
246.283
246.275
245.95
245.65
245.761
245.828
245.563
244.489
242.687
245.411
245.892
245.555
244.662
247.154
247.073
247.359
246.958
246.045
245.518
246.932
246.599
245.384
245.719
245.783
247.11
245.679
246.901
246.896
248.373
249.305
251.731
253.885
254.287
254.321
256.448
256.538
256.179
255.406
253.211
251.074
248.992
248.001
247.064
248.533
247.269
249.408
248.766
248.639
249
248.725
246.617
248.707
249.569
249.481
247.995
247.89
246.647
245.341
244.855
245.275
244.7
245.49
245.69
245.615
245.119
244.709
243.439
242.802
241.944
241.057
239.488
238.161
236.285
234.797
233.123
230.666
228.585
225.535
221.452
216.482
210.61
204.612
197.808
188.263
180.321
179.365
187.046
191.691
206.781
221.993
239.31
264.534
288.453
315.572
346.103
372.648
403.148
431.973
466.793
248.368
247.508
247.218
246.503
246.002
246.744
248.242
249.369
249.971
252.001
254.896
256.267
255.372
253.074
252.674
250.071
248.826
246.636
245.394
245.019
244.933
244.526
246.114
247.976
249.138
249.541
248.964
252.089
251.949
251.331
248.922
250.477
249.76
249.379
250.708
249.743
249.686
249.37
248.197
248.168
246.185
246.35
246.999
247.106
249.451
249.443
246.52
247.848
247.586
246.072
248.089
248.606
248.273
247.677
246.061
245.692
244.813
245.409
246.531
246.734
246.645
246.935
246.536
245.678
246.769
246.535
245.073
245.417
244.404
243.087
242.512
240.975
239.808
237.471
236.554
235.038
233.01
230.932
226.78
221.264
213.87
203.835
193.506
186.573
182.705
180.381
184.484
186.916
197.441
210.895
223.72
242.977
263.459
288.825
315.83
345.807
373.486
402.737
432.861
466.556
)
;
    }
    frontAndBack_1
    {
        type            empty;
    }
    inlet_1
    {
        type            fixedValue;
        value           uniform 14.855;
    }
    outlet_1
    {
        type            zeroGradient;
    }
    fixedWalls_2
    {
        Cmu             0.09;
        kappa           0.41;
        E               9.8;
        type            epsilonWallFunction;
        value           nonuniform List<scalar> 
200
(
683.678
683.928
687.84
679.034
679.764
680.076
687.586
681.357
681.193
684.346
675.782
675.148
678.902
667.657
668.003
664.292
665.173
664.869
665.219
667.373
670.476
666.992
668.603
673.054
669.273
671.232
672.396
670.932
666.032
663.993
662.07
659.181
657.884
657.143
656.648
657.588
659.075
662.577
658.583
658.749
657.658
654.453
651.613
651.776
651.564
652.831
656.946
659.897
659.98
656.052
660.67
655.327
659.692
657.725
661.214
655.626
658.636
663.709
661.774
658.253
659.09
641.927
639.622
636.898
635.375
632.317
633.55
626.712
624.901
618.034
618.523
622.424
607.99
597.929
581.023
556.587
543.535
528.848
506.417
485.191
466.464
451.117
430.058
405.237
374.643
347.643
321.607
310.019
311.535
331.81
342.135
359.922
371.814
389.087
406.635
426.091
437.271
449.963
462.024
471.03
669.215
671.746
667.241
666.319
668.585
670.968
667.792
667.832
667.871
666.017
663.516
664.05
666.458
661.988
660.51
652.269
652.531
653.224
654.412
655.24
660.975
659.781
660.486
654.164
654.745
655.045
659.929
657.581
655.478
656.839
658.5
660.9
664.337
665.998
662.762
663.934
656.325
659.705
655.811
656.331
662.145
659.837
660.634
661.08
666.67
658.824
659.505
658.361
660.472
660.342
659.268
657.497
657.367
658.129
647.502
647.737
650.76
649.148
647.638
640.774
630.881
628.363
628.33
628.331
630.319
610.92
598.68
597.719
593.1
587.743
580.205
571.858
562.387
561.035
560.042
543.799
524.79
499.888
471.89
455.568
442.496
429.013
416.41
395.266
372.899
369.109
367.569
353.443
341.688
333.672
335.995
356.807
369.683
394.003
406
425.346
436.951
451.384
460.64
471.724
)
;
    }
    frontAndBack_2
    {
        type            empty;
    }
    inlet_2
    {
        type            fixedValue;
        value           uniform 14.855;
    }
    outlet_2
    {
        type            zeroGradient;
    }
    fixedWalls_3
    {
        Cmu             0.09;
        kappa           0.41;
        E               9.8;
        type            epsilonWallFunction;
        value           nonuniform List<scalar> 
200
(
1233.93
1239.43
1253.46
1238.63
1255.02
1244.1
1249.31
1256.67
1261.2
1276.15
1256.62
1265.33
1226.3
1225.08
1222.11
1224.05
1227.19
1232.09
1237.21
1247.32
1244.97
1233.95
1241.75
1220.48
1224.71
1236.95
1239.82
1244.23
1246.54
1246.29
1237.94
1248.18
1224.52
1226.77
1228.03
1243.3
1239.57
1237.85
1252.56
1241.31
1261.43
1255.69
1265.41
1252.98
1234.24
1231.74
1233.1
1233.23
1238.44
1243.7
1261.7
1256.89
1255.31
1269.76
1242.45
1222.95
1233.67
1202.76
1197.79
1193.65
1194.54
1139.8
1128.1
1124.45
1120.09
1117.56
1104.32
1095.01
1076.35
1055.92
1045.47
1001.5
989.575
975.596
965.677
953.278
877.598
857.712
837.517
814.727
799.476
783.04
767.87
708.296
707.769
647.043
646.604
614.416
592.436
554.792
443.899
413.273
410.165
427.821
440.698
448.892
458.798
463.386
468.956
473.509
1194.76
1196.79
1203.21
1187.31
1188.99
1190.42
1203.63
1198.53
1208.73
1194.18
1206.52
1191.49
1206.46
1196.77
1209.15
1191.22
1208.92
1199.7
1214.18
1196.75
1213.69
1200.14
1186
1187.51
1205.95
1205.67
1211.08
1208.38
1213.81
1235.58
1235
1237.99
1256.45
1237.2
1242.66
1266.97
1258.71
1270.6
1259.3
1237.94
1199.44
1195.92
1181.2
1195.41
1189.91
1183.69
1186.89
1205.79
1209.78
1209.25
1211.13
1197.69
1211.31
1184.23
1187.14
1187.8
1194.46
1198.67
1182.7
1159.7
1156.86
1167.06
1159.52
1172.43
1170
1169.14
1153.9
1126.18
1120.32
1116.7
1114.24
1072.95
1072.57
1042.77
1038.8
1037.61
974.583
947.486
954.239
935.056
908.482
837.217
747.066
692.26
649.928
625.877
573.562
569.555
576.737
531.547
467.885
431.054
414.916
422.391
441.71
451.183
457.658
464.417
468.323
474.252
)
;
    }
    frontAndBack_3
    {
        type            empty;
    }
    inlet_3
    {
        type            fixedValue;
        value           uniform 14.855;
    }
    outlet_3
    {
        type            zeroGradient;
    }
    fixedWalls_4
    {
        Cmu             0.09;
        kappa           0.41;
        E               9.8;
        type            epsilonWallFunction;
        value           nonuniform List<scalar> 
200
(
678.139
678.842
670.47
668.394
668.911
669.125
671.609
665.616
665.048
666.945
669.111
663.245
670.355
669.31
667
667.269
668.328
674.037
669.563
677.322
681.027
681.176
681.425
683.815
683.319
684.06
683.423
683.826
682.052
681.246
679.197
678.267
675.645
675.364
673.921
674.337
666.91
665.905
667.722
670.821
673.124
674.732
675.024
674.147
676.375
671.418
668.202
671.76
668.543
668.396
667.995
669.04
658.765
658.496
659.081
657.369
659.312
654.114
655.619
644.817
644.981
640.833
631.1
630.565
630.13
631.066
626.648
621.355
617.261
606.697
606.223
609.586
589.304
574.719
542.864
531.604
519.652
506.594
497.284
486.232
476.678
462.209
441.472
402.161
375.32
371.27
369.476
337.668
334.066
331.469
336.645
345.551
369.926
391.468
405.265
426.645
436.926
450.527
462.107
470.988
661.812
663.582
661.95
664.71
666.645
665.764
661.661
661.653
651.943
652.124
652.138
655.323
658.52
664.287
663.192
663.984
665.609
668.952
664.292
664.909
665.319
663.95
664.212
667.69
659.708
659.775
659.995
659.512
658.698
659.72
661.336
663.112
666.872
668.561
670.838
672.38
667.976
663.329
662.05
664.295
648.737
647.158
644.058
644.951
646.429
648.594
640.81
638.437
639.514
639.115
641.266
645.971
646.517
646.95
648.624
650.69
652.133
655.923
661.485
646.143
634.412
634.659
636.474
616.94
612.991
616.153
601.503
599.122
597.513
596.093
596.155
585.723
580.189
559.057
553.443
544.688
531.229
524.122
515.236
500.967
495.387
490.629
432.519
400.883
401.563
366.879
361.413
346.329
335.108
329.662
338.998
360.661
371.846
388.392
406.433
425.823
437.187
450.625
462.266
470.954
)
;
    }
    frontAndBack_4
    {
        type            empty;
    }
    inlet_4
    {
        type            fixedValue;
        value           uniform 14.855;
    }
    outlet_4
    {
        type            zeroGradient;
    }
    fixedWalls_5
    {
        Cmu             0.09;
        kappa           0.41;
        E               9.8;
        type            epsilonWallFunction;
        value           nonuniform List<scalar> 
200
(
250.833
250.049
250.329
248.959
251.188
250.516
249.854
249.494
249.117
247.387
248.588
247.817
247.501
248.66
250.86
252.883
251.983
250.002
251.559
251.158
250.635
250.037
250.1
250.111
251.654
252.726
250.933
252.101
251.393
251.19
251.176
251.228
250.562
248.412
249.688
247.945
249.579
249.711
249.972
251.324
250.397
250.446
248.733
248.545
248.146
248.21
248.926
246.957
247.91
247.265
245.441
245.946
247.343
245.412
247.751
244.626
245.969
246.821
246.243
244.639
246.141
244.187
246.171
246.26
247.237
245.71
245.878
246.03
245.168
245.245
243.89
243.699
241.269
240.513
239.354
235.722
229.94
227.775
222.829
216.601
207.961
202.948
196.401
190.87
183.408
179.388
179.945
182.068
193.542
204.579
218.697
239.612
262.183
287.891
315.385
346.987
373.535
402.02
433.65
466.316
254.244
253.451
253.711
254.435
255.447
255.46
255.166
256.063
256.063
256.179
255.791
254.578
254.06
254.149
253.908
253.202
253.381
253.224
253.46
253.493
253.207
251.315
250.842
250.857
251.575
250.709
251.2
250.438
250.827
249.572
251.681
252.991
252.419
253.742
251.936
251.897
251.258
251.033
251.59
251.247
252.411
250.362
251.563
250.819
250.273
250.649
249.522
248.897
248.746
248.07
248.061
247.753
245.716
246.438
247.546
247.203
245.559
246.537
246.175
244.387
245.503
244.434
242.901
243.467
243.755
244.703
244.565
243.638
243.423
242.535
242.639
242.386
241.695
241.153
240.051
238.321
236.794
233.518
229.033
223.869
216.571
207.707
198.491
191.425
183.806
176.277
177.221
180.783
196.913
210.002
223.31
242.959
264.186
288.731
316.522
344.703
374.891
401.703
433.825
466.261
)
;
    }
    frontAndBack_5
    {
        type            empty;
    }
    inlet_5
    {
        type            fixedValue;
        value           uniform 14.855;
    }
    outlet_5
    {
        type            zeroGradient;
    }
}


// ************************************************************************* //
