/*--------------------------------*- C++ -*----------------------------------*\
  =========                 |
  \\      /  F ield         | OpenFOAM: The Open Source CFD Toolbox
   \\    /   O peration     | Website:  https://openfoam.org
    \\  /    A nd           | Version:  6
     \\/     M anipulation  |
\*---------------------------------------------------------------------------*/
FoamFile
{
    version     2.0;
    format      ascii;
    class       volScalarField;
    location    "5";
    object      k;
}
// * * * * * * * * * * * * * * * * * * * * * * * * * * * * * * * * * * * * * //

dimensions      [0 2 -2 0 0 0 0];

internalField   nonuniform List<scalar> 
10000
(
0.326041
0.497592
0.491243
0.462717
0.434827
0.413256
0.398245
0.388647
0.383187
0.380868
0.381185
0.384067
0.389759
0.398889
0.412509
0.43163
0.456279
0.4836
0.489767
0.320047
0.339205
0.531889
0.517551
0.475798
0.44022
0.414125
0.398233
0.388167
0.382546
0.38019
0.380552
0.383609
0.389633
0.399178
0.413277
0.437228
0.468848
0.507455
0.501488
0.331001
0.343843
0.518723
0.505079
0.466034
0.43534
0.413062
0.397406
0.387559
0.382049
0.3797
0.380124
0.383111
0.389156
0.398904
0.412291
0.431295
0.458663
0.502171
0.502484
0.333801
0.352222
0.524051
0.511925
0.464519
0.43397
0.413068
0.396761
0.386912
0.381572
0.379482
0.379933
0.382888
0.388761
0.398693
0.413678
0.43096
0.456507
0.497853
0.524502
0.343374
0.386976
0.533854
0.520896
0.464293
0.433362
0.412097
0.395808
0.386293
0.381198
0.379234
0.379683
0.382492
0.38831
0.398097
0.413048
0.431326
0.455767
0.478585
0.49512
0.372566
0.341671
0.55551
0.497423
0.460419
0.43278
0.411346
0.395103
0.385638
0.380723
0.378773
0.379251
0.382106
0.387726
0.397139
0.412119
0.435198
0.46457
0.474937
0.484416
0.303057
0.375437
0.521037
0.494927
0.461408
0.433663
0.41076
0.394517
0.385211
0.380398
0.378501
0.378974
0.381761
0.387122
0.395871
0.409048
0.428088
0.457213
0.474016
0.485008
0.305965
0.344251
0.485533
0.480821
0.463231
0.438112
0.410802
0.394225
0.3851
0.380321
0.378459
0.378931
0.381779
0.387345
0.39605
0.409293
0.427561
0.448039
0.470887
0.480346
0.30306
0.317275
0.486467
0.487794
0.475222
0.435726
0.409668
0.393959
0.385008
0.380251
0.378436
0.378895
0.381697
0.387288
0.397017
0.411684
0.43294
0.449874
0.474691
0.48583
0.312307
0.323905
0.484104
0.478787
0.463777
0.431408
0.408535
0.394005
0.385194
0.380399
0.378506
0.37891
0.38162
0.387054
0.396317
0.409224
0.427103
0.448882
0.475973
0.483926
0.31319
0.376969
0.519763
0.482293
0.455813
0.433839
0.410185
0.394765
0.385552
0.380551
0.37856
0.378941
0.381636
0.387067
0.396319
0.411939
0.433019
0.4532
0.486737
0.487925
0.321805
0.358713
0.517893
0.487671
0.457689
0.429975
0.408647
0.394379
0.385504
0.380597
0.378576
0.378947
0.381635
0.387032
0.395998
0.410511
0.431021
0.461352
0.475578
0.484314
0.349432
0.342464
0.515315
0.487898
0.457952
0.429635
0.408396
0.394251
0.385266
0.380378
0.378447
0.378912
0.381724
0.387173
0.396346
0.409968
0.433865
0.456613
0.486957
0.509144
0.304281
0.373775
0.549098
0.491321
0.467257
0.43121
0.408475
0.394038
0.385193
0.38041
0.378554
0.379049
0.38188
0.387301
0.395809
0.408969
0.428593
0.462174
0.488179
0.497995
0.337763
0.306062
0.510708
0.487841
0.454138
0.431487
0.409027
0.393796
0.385026
0.380401
0.378597
0.379164
0.382023
0.387526
0.396235
0.409475
0.427608
0.449542
0.47398
0.487184
0.312371
0.309859
0.476798
0.499834
0.452293
0.426619
0.407401
0.393551
0.385087
0.380432
0.37857
0.379228
0.382175
0.387875
0.397406
0.410604
0.429487
0.452531
0.473551
0.485691
0.31626
0.314638
0.463471
0.470999
0.449812
0.426914
0.409078
0.39407
0.385286
0.380578
0.378746
0.379367
0.382323
0.388047
0.397643
0.413795
0.437137
0.465928
0.478427
0.491561
0.330851
0.364049
0.466953
0.495957
0.452962
0.427721
0.409594
0.3948
0.385721
0.380813
0.378944
0.379389
0.382343
0.388074
0.397811
0.412806
0.43381
0.45793
0.477309
0.490124
0.338772
0.329642
0.454816
0.479364
0.454505
0.429011
0.410267
0.395489
0.386255
0.381175
0.379025
0.379483
0.382347
0.38804
0.397339
0.412008
0.436385
0.468805
0.482803
0.498168
0.356007
0.304562
0.45582
0.468074
0.465214
0.430896
0.410168
0.395977
0.386795
0.3816
0.379336
0.379803
0.38266
0.38835
0.397628
0.411662
0.431863
0.458082
0.484168
0.50329
0.407212
0.311879
0.461805
0.473937
0.455413
0.430616
0.410695
0.39645
0.387019
0.381816
0.379537
0.379973
0.383064
0.389144
0.39917
0.414428
0.433848
0.462342
0.505378
0.502608
0.355217
0.362269
0.468061
0.499938
0.471722
0.433662
0.411563
0.396798
0.387402
0.382042
0.37975
0.380223
0.38334
0.389514
0.399697
0.415254
0.435979
0.464786
0.506653
0.522607
0.335039
0.331291
0.468957
0.494241
0.466719
0.433666
0.411585
0.396645
0.387237
0.38193
0.379858
0.380425
0.383603
0.389859
0.400297
0.416495
0.438836
0.476215
0.512876
0.531018
0.383872
0.299159
0.473737
0.498181
0.462706
0.434708
0.411717
0.39621
0.38667
0.38162
0.379672
0.380318
0.383523
0.389871
0.40042
0.417202
0.442872
0.477912
0.519293
0.542455
0.381542
0.300585
0.485947
0.500558
0.471624
0.440666
0.413422
0.396273
0.386421
0.381385
0.379468
0.380147
0.383421
0.389688
0.399818
0.415471
0.440471
0.476973
0.518666
0.54373
0.383681
0.311409
0.498923
0.499282
0.459798
0.435386
0.410565
0.394921
0.385728
0.380794
0.378902
0.379622
0.382937
0.3893
0.399693
0.414805
0.437664
0.471268
0.512167
0.539433
0.368567
0.320876
0.477383
0.492461
0.464851
0.434228
0.409145
0.394378
0.385532
0.380742
0.378763
0.379297
0.38235
0.388504
0.398945
0.415404
0.43754
0.475836
0.524887
0.56074
0.40174
0.366992
0.47254
0.473751
0.453234
0.429945
0.408856
0.394589
0.385632
0.380788
0.378748
0.379055
0.381832
0.387471
0.397264
0.413043
0.43651
0.456553
0.491518
0.513817
0.336808
0.339818
0.467965
0.475747
0.454855
0.434833
0.411387
0.395272
0.386015
0.380946
0.378778
0.379013
0.381573
0.3867
0.395429
0.409292
0.429911
0.452695
0.491382
0.516193
0.341463
0.319024
0.474394
0.484609
0.458395
0.431424
0.41047
0.395272
0.386058
0.381019
0.378803
0.378949
0.381476
0.386514
0.394457
0.406274
0.42301
0.44851
0.496812
0.52072
0.347658
0.325691
0.486012
0.504513
0.470669
0.43644
0.411471
0.395757
0.386388
0.381161
0.378876
0.379038
0.38155
0.38663
0.394885
0.407099
0.423665
0.443077
0.466867
0.478701
0.311124
0.341723
0.514221
0.482984
0.45586
0.429991
0.409445
0.395366
0.386358
0.381152
0.378848
0.378953
0.381545
0.386831
0.395808
0.410978
0.430842
0.445561
0.470423
0.483794
0.323883
0.381847
0.511682
0.498582
0.466124
0.434647
0.410019
0.395355
0.386235
0.381004
0.378726
0.378936
0.381491
0.386883
0.396084
0.410087
0.429293
0.446947
0.471144
0.478929
0.350633
0.331171
0.499825
0.482301
0.454858
0.429297
0.408927
0.39497
0.386163
0.381064
0.378787
0.378907
0.381484
0.386803
0.395512
0.409116
0.428091
0.450099
0.483135
0.478264
0.293194
0.373673
0.501654
0.481456
0.454458
0.429581
0.408991
0.394798
0.385848
0.380795
0.378655
0.378923
0.381502
0.38681
0.396127
0.411991
0.433839
0.460454
0.473158
0.473923
0.299854
0.346842
0.503977
0.496686
0.46519
0.432081
0.409198
0.394788
0.385766
0.380771
0.378699
0.379045
0.381641
0.386945
0.395637
0.409904
0.428498
0.456829
0.493652
0.497787
0.344067
0.324982
0.514051
0.473032
0.452207
0.434232
0.410157
0.394483
0.385614
0.380743
0.378788
0.379189
0.381871
0.387269
0.396203
0.409065
0.429049
0.464568
0.490804
0.490973
0.324395
0.329089
0.471701
0.467239
0.450548
0.428909
0.408029
0.394303
0.385719
0.380886
0.37885
0.379301
0.382007
0.38741
0.396621
0.410809
0.428269
0.455311
0.487096
0.48234
0.313271
0.383796
0.478902
0.472284
0.461563
0.429036
0.408419
0.39474
0.38594
0.381093
0.379041
0.379352
0.382013
0.387373
0.395948
0.409345
0.429292
0.458536
0.508677
0.4791
0.323912
0.361627
0.497146
0.478229
0.454387
0.429217
0.408851
0.395004
0.386113
0.38116
0.379063
0.379364
0.382
0.387267
0.396404
0.410488
0.431783
0.460697
0.485528
0.473471
0.329799
0.334487
0.480074
0.479174
0.455483
0.430194
0.409638
0.395254
0.386293
0.381243
0.379108
0.379325
0.381913
0.386913
0.395125
0.406773
0.423175
0.443687
0.459798
0.466766
0.281598
0.37406
0.48281
0.500151
0.468627
0.436531
0.411298
0.395698
0.386424
0.381352
0.379212
0.379436
0.382037
0.387086
0.395274
0.407387
0.425116
0.451274
0.462451
0.471809
0.288216
0.324489
0.488143
0.485816
0.459604
0.432774
0.411829
0.39599
0.386532
0.381356
0.379198
0.379471
0.382106
0.38732
0.395905
0.410079
0.427514
0.442808
0.462745
0.469578
0.288619
0.371499
0.491802
0.487722
0.460188
0.433342
0.412331
0.396537
0.38691
0.381578
0.379344
0.379572
0.382179
0.38748
0.396561
0.409692
0.428111
0.445313
0.469085
0.481872
0.299457
0.361979
0.518074
0.494197
0.463757
0.435058
0.412436
0.396989
0.387271
0.381764
0.37932
0.379542
0.38225
0.387722
0.396494
0.408591
0.426334
0.448352
0.473309
0.500162
0.304223
0.362409
0.522296
0.499225
0.466371
0.436471
0.413185
0.397439
0.387506
0.381921
0.379532
0.379735
0.382367
0.387788
0.39712
0.411733
0.433943
0.462332
0.492422
0.502281
0.313465
0.334239
0.534661
0.522467
0.479021
0.442076
0.41567
0.398236
0.387768
0.382048
0.379648
0.37991
0.382589
0.388024
0.396662
0.410146
0.431967
0.458672
0.488585
0.507697
0.319006
0.337527
0.531062
0.51357
0.46966
0.437148
0.413897
0.397573
0.387605
0.381988
0.379558
0.379893
0.382746
0.388339
0.397362
0.410166
0.431277
0.456426
0.48491
0.508661
0.327322
0.347977
0.555211
0.530717
0.468316
0.435979
0.414129
0.397385
0.387416
0.382009
0.379724
0.380095
0.382953
0.388585
0.397644
0.410308
0.42855
0.450174
0.472955
0.499354
0.361486
0.369007
0.517145
0.508945
0.464059
0.434624
0.413776
0.3971
0.3872
0.381719
0.379626
0.379998
0.38289
0.388547
0.397377
0.410965
0.433554
0.461101
0.475914
0.507639
0.315618
0.322012
0.485078
0.484671
0.460912
0.433654
0.413131
0.396858
0.387004
0.38174
0.379627
0.380059
0.382915
0.388473
0.397266
0.409991
0.42719
0.453842
0.48361
0.472821
0.353489
0.36703
0.49185
0.490393
0.462582
0.433729
0.41262
0.396379
0.386706
0.381607
0.379564
0.380017
0.382906
0.388641
0.398423
0.412506
0.426764
0.443879
0.464332
0.471365
0.341612
0.336392
0.498405
0.513358
0.474699
0.434384
0.411654
0.395786
0.386441
0.381457
0.379452
0.37985
0.382735
0.388383
0.397856
0.412214
0.430757
0.444544
0.463706
0.474289
0.333337
0.302711
0.504116
0.494793
0.462307
0.432304
0.410929
0.395302
0.386075
0.381115
0.37916
0.379696
0.382561
0.388115
0.397082
0.410297
0.425728
0.445665
0.467117
0.477533
0.309089
0.300305
0.480888
0.503398
0.467294
0.434443
0.410206
0.394884
0.385912
0.381007
0.379078
0.37958
0.382424
0.387744
0.396298
0.408822
0.42659
0.448246
0.467558
0.47444
0.312902
0.307687
0.475828
0.476889
0.451632
0.427511
0.407887
0.394439
0.385745
0.380979
0.379
0.379475
0.382379
0.38801
0.39656
0.409378
0.428614
0.461111
0.474903
0.479485
0.359251
0.312611
0.502249
0.485491
0.45461
0.429787
0.408403
0.394451
0.38578
0.380925
0.378888
0.379329
0.382263
0.388008
0.397201
0.409711
0.428746
0.460455
0.493759
0.48312
0.329091
0.31939
0.479894
0.500552
0.465685
0.434365
0.409407
0.394616
0.385688
0.380795
0.378805
0.379263
0.382119
0.387775
0.397071
0.410614
0.428302
0.453958
0.49055
0.486593
0.299124
0.329479
0.481776
0.481234
0.456842
0.430973
0.409571
0.395057
0.38588
0.380847
0.378781
0.379121
0.381908
0.387459
0.3968
0.411177
0.429106
0.454581
0.494741
0.511231
0.302366
0.373113
0.51603
0.510361
0.473788
0.434461
0.410752
0.395653
0.386125
0.380842
0.378687
0.37904
0.381841
0.38737
0.396182
0.409944
0.430211
0.461311
0.48996
0.500918
0.33743
0.312963
0.517529
0.509899
0.472974
0.439033
0.412353
0.396002
0.386385
0.381039
0.378801
0.37909
0.38182
0.387364
0.397012
0.412117
0.434105
0.454548
0.480393
0.491322
0.314134
0.322571
0.531468
0.515366
0.473162
0.437716
0.412513
0.39606
0.386401
0.380987
0.378793
0.379073
0.381777
0.38721
0.396188
0.410084
0.430721
0.457086
0.48273
0.492518
0.320906
0.326801
0.530849
0.510951
0.468019
0.434623
0.411289
0.39599
0.386496
0.381101
0.378777
0.378968
0.381728
0.38743
0.396917
0.410781
0.432867
0.471564
0.504854
0.516463
0.366753
0.343961
0.557396
0.532729
0.469449
0.434847
0.411329
0.396029
0.386489
0.381096
0.378759
0.378957
0.381641
0.387227
0.396726
0.412662
0.434783
0.465537
0.491642
0.499429
0.346413
0.37626
0.532232
0.507937
0.471128
0.43815
0.411809
0.396155
0.386576
0.381183
0.378849
0.379061
0.381742
0.38743
0.397001
0.411359
0.429898
0.457541
0.503318
0.502048
0.387015
0.369211
0.508778
0.486618
0.457957
0.433247
0.411145
0.39596
0.386474
0.381148
0.378856
0.37908
0.381797
0.387432
0.396925
0.410847
0.430564
0.455653
0.479421
0.491196
0.335945
0.377313
0.537751
0.492759
0.458331
0.43797
0.412291
0.396068
0.386511
0.381209
0.378893
0.379138
0.381936
0.387662
0.397108
0.412335
0.437527
0.463407
0.484197
0.506894
0.306481
0.36351
0.527239
0.507107
0.459103
0.434956
0.411652
0.395999
0.386452
0.381155
0.379004
0.37932
0.382136
0.387985
0.398018
0.413916
0.437362
0.468688
0.483594
0.512095
0.341482
0.331365
0.508195
0.490972
0.45729
0.43155
0.410272
0.395652
0.386457
0.381231
0.379014
0.379361
0.382175
0.387939
0.397582
0.412123
0.436905
0.466465
0.485384
0.503593
0.3181
0.335149
0.509209
0.49233
0.457895
0.435296
0.411951
0.395918
0.386314
0.381042
0.378924
0.379309
0.382166
0.387781
0.396972
0.410902
0.431206
0.456909
0.48156
0.503845
0.322131
0.353596
0.524637
0.502147
0.459279
0.432367
0.410439
0.395379
0.386034
0.380901
0.37877
0.379095
0.381995
0.387737
0.397358
0.411908
0.433917
0.463298
0.479782
0.510491
0.336866
0.373589
0.551374
0.524414
0.460987
0.435126
0.411357
0.395045
0.385678
0.380642
0.378673
0.379035
0.381807
0.38724
0.396212
0.408073
0.424843
0.446196
0.472498
0.517281
0.369242
0.378517
0.518788
0.498478
0.457613
0.434845
0.410954
0.39506
0.385769
0.380725
0.378613
0.378989
0.381724
0.387225
0.396058
0.40804
0.424814
0.445539
0.468886
0.480583
0.313345
0.339313
0.493986
0.480543
0.456065
0.431206
0.409945
0.395153
0.386023
0.380924
0.378762
0.379015
0.381671
0.387023
0.395744
0.40848
0.425746
0.446073
0.468176
0.494752
0.283585
0.394457
0.525257
0.502779
0.469419
0.438299
0.413076
0.396231
0.386401
0.381085
0.378862
0.379097
0.381797
0.387232
0.396282
0.41131
0.431818
0.449226
0.470355
0.477864
0.289574
0.371687
0.516147
0.487888
0.459456
0.432819
0.411663
0.396251
0.386726
0.381333
0.379073
0.379282
0.381953
0.387269
0.396042
0.409381
0.428193
0.45044
0.471382
0.475547
0.290684
0.344194
0.513027
0.487871
0.459621
0.433123
0.411682
0.396627
0.387078
0.38157
0.379284
0.379484
0.382205
0.387754
0.396907
0.410088
0.430056
0.461991
0.48918
0.483196
0.325899
0.372716
0.532583
0.50472
0.470679
0.438502
0.41274
0.397001
0.387198
0.381762
0.379415
0.379549
0.382275
0.387884
0.396935
0.41087
0.430771
0.45632
0.479492
0.488211
0.300862
0.318204
0.513142
0.483163
0.458376
0.433255
0.411982
0.396822
0.38716
0.381846
0.37953
0.379784
0.382528
0.388044
0.397278
0.411718
0.432384
0.459185
0.482019
0.488107
0.304953
0.328015
0.485264
0.478725
0.457093
0.433238
0.413182
0.397188
0.387449
0.382028
0.379655
0.379931
0.382827
0.388503
0.397904
0.413134
0.438525
0.469854
0.502784
0.509664
0.347605
0.365946
0.489062
0.483818
0.460133
0.434493
0.412689
0.397171
0.387489
0.382017
0.379729
0.380096
0.383004
0.388928
0.398683
0.413168
0.43482
0.463418
0.492733
0.498464
0.343741
0.327611
0.497215
0.49106
0.464066
0.436738
0.413676
0.397676
0.387755
0.382472
0.380168
0.380552
0.383507
0.389484
0.399481
0.414549
0.438438
0.471977
0.506674
0.497559
0.350999
0.371848
0.50191
0.494462
0.467756
0.43907
0.414939
0.398478
0.388277
0.38269
0.380631
0.381088
0.384088
0.390216
0.400607
0.416431
0.435913
0.46193
0.489973
0.511112
0.351277
0.370532
0.528229
0.516094
0.481173
0.446415
0.418176
0.399869
0.389048
0.383245
0.381061
0.381522
0.384561
0.390988
0.401778
0.41862
0.442645
0.473076
0.506113
0.500984
0.333833
0.373778
0.522736
0.507942
0.476609
0.444478
0.41886
0.40098
0.390026
0.384065
0.381697
0.382199
0.385452
0.391958
0.402849
0.41957
0.442161
0.468262
0.496491
0.502622
0.340352
0.358187
0.529037
0.511268
0.478707
0.446379
0.420686
0.402094
0.391039
0.385119
0.382804
0.383392
0.386737
0.393431
0.40463
0.422133
0.447099
0.471936
0.502613
0.530848
0.354781
0.371447
0.564297
0.533541
0.491859
0.453232
0.42368
0.40419
0.392649
0.386629
0.384313
0.384954
0.38843
0.395342
0.406889
0.42501
0.451012
0.485034
0.523938
0.525184
0.397613
0.420419
0.535778
0.520292
0.487656
0.45266
0.425118
0.406164
0.394516
0.388461
0.386144
0.386788
0.390278
0.39728
0.408852
0.426805
0.452525
0.485525
0.523822
0.528747
0.356423
0.416741
0.54302
0.52576
0.491549
0.457587
0.427822
0.408148
0.396719
0.390739
0.388402
0.388965
0.392369
0.399323
0.410823
0.428515
0.453657
0.48689
0.529316
0.565804
0.405981
0.42837
0.584306
0.552993
0.505157
0.462081
0.431309
0.41165
0.400054
0.393847
0.391284
0.391607
0.394777
0.401515
0.412781
0.429927
0.452223
0.481957
0.520959
0.562708
0.379625
0.424066
0.57702
0.543062
0.498105
0.461274
0.434199
0.415243
0.403757
0.397479
0.394757
0.394899
0.397861
0.404368
0.415072
0.431511
0.455424
0.483438
0.52227
0.571473
0.415949
0.402343
0.567359
0.559713
0.503633
0.461672
0.436118
0.418624
0.40778
0.401803
0.399148
0.39908
0.401505
0.407052
0.416922
0.43197
0.45368
0.484909
0.526093
0.554187
0.36278
0.436695
0.592558
0.543387
0.492212
0.458637
0.435969
0.421142
0.412157
0.407277
0.405119
0.405036
0.40696
0.411432
0.4196
0.43258
0.453611
0.487972
0.541583
0.58674
0.370135
0.374289
0.554499
0.52219
0.479893
0.451716
0.433741
0.423143
0.417111
0.413942
0.41253
0.412477
0.413788
0.416789
0.422557
0.432224
0.447833
0.472717
0.511345
0.542148
0.388278
0.333926
0.520108
0.495135
0.46271
0.442702
0.431461
0.425213
0.422015
0.420393
0.41967
0.419698
0.420537
0.422232
0.425468
0.431524
0.442431
0.460609
0.489245
0.508781
0.326149
0.294369
0.482917
0.46827
0.447648
0.43484
0.42732
0.424047
0.422414
0.421599
0.421226
0.421374
0.422127
0.42347
0.425637
0.429049
0.436861
0.448421
0.466643
0.477662
0.29697
0.284022
0.459284
0.449153
0.435256
0.425938
0.420646
0.418313
0.417042
0.416218
0.415847
0.416074
0.416952
0.418191
0.419897
0.422557
0.428376
0.437959
0.450917
0.458422
0.284828
0.299725
0.450254
0.436943
0.421633
0.411558
0.405755
0.401563
0.398949
0.397332
0.396622
0.396854
0.398102
0.400206
0.403217
0.407714
0.413684
0.424481
0.439422
0.453894
0.302713
0.344451
0.458052
0.418781
0.397858
0.387346
0.382035
0.379569
0.378604
0.378107
0.377942
0.377984
0.37835
0.378965
0.380051
0.382703
0.387863
0.398305
0.41957
0.461691
0.344924
0.365783
0.438162
0.390337
0.380263
0.377236
0.37605
0.375479
0.375188
0.375039
0.374984
0.374993
0.375082
0.37526
0.375571
0.376151
0.377294
0.380187
0.389929
0.437813
0.365601
0.876681
1.05847
0.974213
0.830385
0.670513
0.535585
0.45501
0.41444
0.396372
0.390002
0.391575
0.400815
0.420651
0.458008
0.524992
0.63477
0.780617
0.934526
1.0324
0.872711
0.943995
1.11657
1.02145
0.83671
0.670285
0.531543
0.450918
0.409519
0.393639
0.388412
0.390334
0.399557
0.419236
0.456333
0.522935
0.634107
0.784911
0.981408
1.08547
0.939574
0.930137
1.08887
0.989901
0.837595
0.666513
0.52723
0.443368
0.406485
0.390771
0.387175
0.389546
0.398744
0.418199
0.454912
0.521267
0.632985
0.781921
0.958505
1.05389
0.870527
0.944709
1.13077
0.998549
0.843042
0.662167
0.519509
0.443919
0.407107
0.390504
0.38538
0.387632
0.396126
0.413526
0.449151
0.516776
0.632048
0.778024
0.93607
1.09925
0.879666
0.937477
1.08723
1.03498
0.869406
0.665182
0.527055
0.448365
0.40964
0.391246
0.386165
0.389234
0.398385
0.415487
0.450524
0.516818
0.631037
0.778325
0.934592
1.07285
0.93312
0.912417
1.11816
1.02625
0.859017
0.666386
0.526412
0.447362
0.409007
0.390924
0.385903
0.389308
0.399013
0.41843
0.454069
0.517147
0.631173
0.780834
0.965598
1.0349
0.848877
0.961993
1.08215
1.01012
0.85082
0.659093
0.523424
0.444558
0.407837
0.392096
0.386742
0.389124
0.398322
0.418853
0.455091
0.518695
0.632566
0.781065
0.929948
1.02791
0.844433
0.904273
1.08025
0.971746
0.83427
0.656633
0.521432
0.43835
0.404021
0.391292
0.385312
0.387594
0.396856
0.418561
0.455837
0.516717
0.63377
0.783312
0.936867
1.03626
0.854357
0.972252
1.13634
0.971646
0.840838
0.655374
0.521667
0.445876
0.408597
0.392208
0.387033
0.389529
0.398235
0.417357
0.456287
0.525728
0.636075
0.788862
0.977402
1.04016
0.856391
0.926672
1.09909
0.967779
0.847358
0.652961
0.513702
0.440009
0.405051
0.389851
0.38537
0.389276
0.400152
0.421771
0.460167
0.528316
0.63687
0.788892
0.962816
1.04977
0.871485
0.877719
1.05113
0.956449
0.833788
0.65543
0.526943
0.449939
0.410735
0.392966
0.386811
0.388064
0.397994
0.420699
0.458092
0.525306
0.636056
0.801544
0.942053
1.05167
0.876582
0.888832
1.05038
0.95571
0.821188
0.657595
0.528934
0.451514
0.411206
0.393188
0.386468
0.389122
0.398889
0.418757
0.45972
0.527176
0.631987
0.784236
0.963024
1.05956
0.891614
0.95778
1.09716
0.95759
0.840723
0.664612
0.532001
0.452476
0.411807
0.393407
0.387265
0.389035
0.397278
0.419124
0.457575
0.52548
0.629516
0.765208
0.90941
1.08536
0.936386
0.897055
1.05463
0.959319
0.824611
0.664368
0.531104
0.451314
0.410885
0.391302
0.385246
0.387786
0.398295
0.417092
0.456608
0.524572
0.630118
0.761748
0.897596
1.01248
0.859386
0.945549
1.05977
0.971227
0.830409
0.668202
0.533085
0.451946
0.409706
0.393078
0.386358
0.388907
0.398387
0.418033
0.45489
0.523175
0.634515
0.766559
0.905166
1.01634
0.894694
0.871529
1.10177
1.01805
0.856149
0.671432
0.534086
0.451562
0.411477
0.393546
0.387273
0.388809
0.398119
0.417574
0.452372
0.518686
0.630973
0.772712
0.935009
1.01109
0.921467
0.890514
1.09934
1.00157
0.843733
0.669918
0.530606
0.443641
0.40727
0.391331
0.386789
0.387233
0.39578
0.416485
0.452709
0.525445
0.635448
0.77048
0.905429
1.01315
0.893026
0.907666
1.11543
0.988348
0.833256
0.667598
0.532299
0.45197
0.412434
0.394187
0.387625
0.388627
0.396908
0.414379
0.455653
0.525679
0.636639
0.7939
0.938335
1.01799
0.845518
0.945375
1.12657
0.995044
0.835941
0.665982
0.530014
0.452323
0.412987
0.394554
0.387827
0.388939
0.397354
0.415029
0.454438
0.523729
0.634897
0.787689
0.915803
1.01731
0.858954
0.913583
1.11499
1.02919
0.855938
0.665387
0.519417
0.451055
0.412496
0.394228
0.387619
0.388908
0.39773
0.417042
0.453951
0.522179
0.635168
0.795546
0.924946
1.06423
0.935304
0.961506
1.16145
0.998993
0.833198
0.660911
0.529571
0.45229
0.412367
0.393971
0.387104
0.388599
0.397669
0.417205
0.450944
0.517655
0.634292
0.799544
0.956215
1.06418
0.919384
0.886076
1.10373
1.0088
0.831516
0.659382
0.525827
0.44331
0.406187
0.390275
0.386187
0.387057
0.397317
0.418151
0.455625
0.521832
0.634273
0.795943
0.934609
1.06282
0.903723
0.939546
1.05334
0.945222
0.810982
0.652739
0.517274
0.443337
0.407191
0.390989
0.386256
0.387933
0.395627
0.418252
0.455802
0.522049
0.63451
0.788753
0.93853
1.03872
0.846705
0.886395
1.05712
0.943852
0.812558
0.650043
0.517275
0.445654
0.40903
0.390997
0.385201
0.387337
0.396949
0.418393
0.455298
0.520655
0.634633
0.807572
0.956169
1.0474
0.846214
0.83444
1.07489
0.939424
0.825077
0.644742
0.514462
0.440225
0.405715
0.392179
0.386461
0.389061
0.398936
0.419004
0.455543
0.516392
0.630874
0.795429
0.996826
1.0601
0.849414
0.83853
1.01597
0.938799
0.80649
0.640601
0.516223
0.445105
0.408993
0.3925
0.386693
0.387754
0.398183
0.418267
0.455375
0.52046
0.628053
0.786692
0.968089
1.09016
0.852736
0.905461
1.03507
0.947766
0.801207
0.638901
0.510091
0.438515
0.40423
0.389048
0.384528
0.387053
0.39759
0.417396
0.453852
0.519455
0.626414
0.772004
0.935333
1.02805
0.85926
0.897773
1.08109
0.999903
0.828744
0.641664
0.51136
0.440417
0.405404
0.389742
0.385474
0.387451
0.396869
0.415829
0.449016
0.516381
0.628174
0.76738
0.910053
1.02182
0.895792
0.890945
1.06929
0.996407
0.82212
0.644355
0.519166
0.446167
0.408753
0.391149
0.38546
0.386207
0.394975
0.415383
0.448796
0.516988
0.628159
0.773997
0.941236
1.05879
0.805993
0.852685
1.04558
0.997553
0.8281
0.657217
0.528826
0.443429
0.40669
0.389059
0.384852
0.387906
0.397224
0.41637
0.450201
0.518578
0.630726
0.783398
0.91039
1.02391
0.81305
0.860995
1.04413
0.979551
0.843264
0.660653
0.53392
0.45517
0.414305
0.392355
0.386315
0.38756
0.397385
0.416823
0.453938
0.518034
0.628241
0.767764
0.9093
1.04817
0.816448
0.874998
1.04791
1.00977
0.833288
0.673099
0.530521
0.452567
0.415352
0.393833
0.388138
0.389114
0.397902
0.417473
0.455469
0.518633
0.630646
0.772671
0.931248
0.992666
0.860022
0.926375
1.04673
0.968264
0.829961
0.675349
0.544825
0.463351
0.417946
0.395892
0.388402
0.388018
0.396114
0.415081
0.456108
0.524528
0.634758
0.77383
0.89615
0.994851
0.79816
0.844445
1.05065
1.00107
0.84811
0.676389
0.538152
0.462461
0.414271
0.394865
0.387524
0.389832
0.39888
0.418601
0.455363
0.523127
0.639142
0.795812
0.901242
1.03267
0.804284
0.888535
1.04881
0.962332
0.830297
0.676992
0.545063
0.463123
0.416816
0.397656
0.389765
0.390568
0.399384
0.41918
0.458174
0.527676
0.637167
0.788159
0.902728
1.00059
0.817683
0.81173
1.08633
0.967039
0.832868
0.67581
0.545882
0.463088
0.418536
0.395487
0.389059
0.390186
0.398955
0.416321
0.453712
0.527329
0.637314
0.791379
0.901468
1.00181
0.827353
0.803055
1.06414
0.974709
0.839977
0.676306
0.540839
0.45288
0.412125
0.395441
0.388543
0.389886
0.399138
0.418951
0.457167
0.527491
0.636191
0.774305
0.905067
1.01419
0.89186
0.804379
1.0387
0.999194
0.859923
0.672068
0.53851
0.453735
0.412035
0.392922
0.385917
0.38771
0.398288
0.418097
0.454476
0.52715
0.637175
0.776745
0.904264
1.01517
0.876249
0.798986
1.03784
0.945475
0.833983
0.660609
0.530522
0.452563
0.413018
0.394335
0.386918
0.388596
0.397755
0.417251
0.453564
0.526581
0.639232
0.796596
0.912027
1.02706
0.894688
0.804627
1.08718
0.947595
0.826978
0.655633
0.526965
0.450911
0.41254
0.394299
0.387228
0.387961
0.395051
0.414585
0.455762
0.525983
0.637477
0.779932
0.909369
1.03204
0.898514
0.79945
1.05591
0.939652
0.805406
0.648331
0.513711
0.442984
0.410301
0.393199
0.38662
0.386612
0.394602
0.413506
0.454161
0.525216
0.642396
0.787776
0.914993
1.07311
0.912233
0.804339
1.01907
0.939626
0.803645
0.644713
0.516801
0.446815
0.410057
0.390967
0.385953
0.38718
0.394518
0.412205
0.450166
0.522543
0.638181
0.791922
0.908607
1.04706
0.917343
0.812171
1.01679
0.93783
0.801145
0.645969
0.50839
0.44219
0.407472
0.391253
0.384767
0.386948
0.393723
0.411244
0.447213
0.520076
0.635682
0.773113
0.908018
1.07201
0.906257
0.826675
1.02937
0.947151
0.805935
0.651346
0.518236
0.449738
0.411727
0.393645
0.386126
0.387084
0.394174
0.411255
0.444846
0.513069
0.632261
0.777833
0.904817
1.01506
0.867555
0.834095
1.03617
0.951776
0.809014
0.65285
0.527637
0.451453
0.411975
0.393664
0.387253
0.387796
0.395395
0.4133
0.44537
0.512811
0.632234
0.801505
0.919101
1.02072
0.847759
0.889438
1.0823
0.992228
0.815856
0.652633
0.527262
0.451009
0.408036
0.39173
0.386884
0.38653
0.393864
0.413578
0.446456
0.512843
0.630406
0.788224
0.956628
1.07108
0.866449
0.830971
1.04648
0.958518
0.81644
0.651729
0.526032
0.450902
0.409609
0.392533
0.387306
0.387837
0.395669
0.413697
0.451826
0.519342
0.632979
0.783049
0.948561
1.06346
0.934376
0.83759
1.05548
0.962059
0.821722
0.655837
0.521355
0.449063
0.410996
0.393601
0.387514
0.38897
0.397749
0.416902
0.454054
0.521629
0.634909
0.796112
0.956847
1.07535
0.92246
0.891948
1.10646
0.998425
0.847316
0.661851
0.529593
0.444079
0.406448
0.390512
0.385354
0.387347
0.397212
0.416269
0.453676
0.521494
0.633388
0.779339
0.93654
1.05541
0.910109
0.853691
1.07359
0.963349
0.831703
0.659441
0.52982
0.448099
0.409243
0.392189
0.386591
0.388522
0.396616
0.413927
0.452993
0.521144
0.634973
0.770106
0.907537
1.02339
0.86507
0.87359
1.10963
0.969311
0.819997
0.657776
0.529755
0.443137
0.405548
0.389917
0.385096
0.388386
0.397982
0.416725
0.450108
0.519142
0.630769
0.772096
0.907311
1.02409
0.873463
0.916769
1.05191
0.992525
0.82445
0.654242
0.530882
0.452171
0.410995
0.392962
0.386601
0.387381
0.397614
0.416953
0.453031
0.51947
0.630732
0.785318
0.915788
1.03398
0.89287
0.911422
1.05296
0.956943
0.835995
0.656552
0.529887
0.451556
0.407917
0.390874
0.385264
0.387127
0.397267
0.41687
0.450451
0.516085
0.629576
0.773885
0.919678
1.03724
0.953543
0.91196
1.05143
0.959837
0.820006
0.656966
0.52942
0.451329
0.411827
0.393687
0.387013
0.387878
0.396771
0.41673
0.453511
0.519944
0.632141
0.796967
0.96217
1.0794
0.901065
0.900675
1.08633
0.994149
0.841021
0.656793
0.526447
0.443866
0.41093
0.393743
0.386938
0.387808
0.39521
0.417004
0.454742
0.521889
0.632462
0.794056
0.95654
1.07776
0.977166
0.855414
1.03555
0.936936
0.815707
0.65199
0.525803
0.449603
0.411391
0.393765
0.387124
0.387366
0.396385
0.417675
0.45524
0.521979
0.632165
0.797919
0.967914
1.09411
0.983336
0.87025
1.04085
0.927417
0.797934
0.648257
0.522946
0.448751
0.41112
0.393356
0.387035
0.389046
0.398664
0.418246
0.455982
0.521343
0.630938
0.789412
0.954861
1.086
0.967924
0.909432
1.06981
0.933129
0.801771
0.646143
0.513727
0.440202
0.405096
0.389671
0.385976
0.388726
0.39841
0.416495
0.455471
0.518689
0.629764
0.771155
0.929592
1.06736
0.987996
0.896658
1.06593
0.928788
0.808148
0.644774
0.521133
0.44616
0.407954
0.390916
0.384883
0.38835
0.398453
0.418965
0.456627
0.521386
0.626079
0.770849
0.944623
1.09118
0.934374
0.960043
1.11627
0.932574
0.791647
0.644183
0.524657
0.448367
0.405939
0.389142
0.385317
0.387999
0.39788
0.417686
0.45249
0.517238
0.620937
0.752023
0.883052
1.02474
0.999807
0.869446
1.0471
0.932683
0.795917
0.648977
0.525396
0.448176
0.409534
0.39135
0.384336
0.387431
0.396955
0.414831
0.454578
0.519688
0.626932
0.754502
0.88824
1.01801
0.893549
0.822387
1.01058
0.940948
0.801191
0.649381
0.523729
0.440478
0.404388
0.389236
0.384261
0.386408
0.396835
0.416508
0.454439
0.521367
0.625285
0.75985
0.896462
1.06162
0.831572
0.878768
1.0479
0.988103
0.809213
0.651403
0.523551
0.442855
0.406866
0.391697
0.385834
0.387539
0.396501
0.415781
0.452949
0.521367
0.62659
0.764458
0.901362
1.03799
0.844319
0.816611
1.00921
0.974483
0.810507
0.650112
0.525612
0.449191
0.410297
0.39215
0.3848
0.386127
0.394358
0.412276
0.447572
0.520741
0.631791
0.774233
0.911192
1.02064
0.860991
0.825351
1.01577
0.971851
0.810004
0.651612
0.525356
0.449092
0.410302
0.392486
0.386366
0.387851
0.396544
0.415008
0.449441
0.522199
0.63542
0.781749
0.920263
1.02842
0.926375
0.882283
1.02586
0.951357
0.813008
0.653616
0.524708
0.448413
0.40958
0.390851
0.386051
0.388041
0.397079
0.415624
0.451307
0.524085
0.643296
0.808431
0.963425
1.07067
0.867815
0.818724
1.02594
0.957558
0.816514
0.652791
0.524987
0.448942
0.409941
0.392168
0.384783
0.386605
0.397299
0.416199
0.448535
0.524556
0.643945
0.81153
0.961807
1.06111
0.878616
0.827129
1.04227
1.00186
0.839337
0.658474
0.519192
0.443223
0.406254
0.391649
0.38565
0.387631
0.39809
0.417909
0.455005
0.524966
0.645229
0.819687
0.967829
1.07253
0.905209
0.881231
1.08022
0.978717
0.82776
0.662684
0.530128
0.450922
0.410063
0.392206
0.38685
0.387983
0.398158
0.417847
0.45437
0.520974
0.645004
0.820657
0.956739
1.0549
0.925056
0.829172
1.04025
1.00322
0.828694
0.662457
0.530813
0.452437
0.408614
0.391416
0.386701
0.388961
0.39824
0.417755
0.453799
0.527834
0.650608
0.821606
0.96718
1.05956
0.981443
0.840823
1.03496
0.953774
0.826373
0.66078
0.528978
0.451551
0.412127
0.393443
0.385919
0.387782
0.398783
0.419536
0.455162
0.524758
0.650365
0.813981
1.00585
1.06316
0.92361
0.901683
1.04565
0.96034
0.842717
0.658801
0.529531
0.451141
0.411725
0.392571
0.387138
0.388836
0.398445
0.419248
0.459235
0.53078
0.651195
0.822216
0.979683
1.05803
0.982419
0.871305
1.04328
0.959683
0.820132
0.659529
0.52768
0.450107
0.411432
0.393497
0.387048
0.388507
0.397667
0.417511
0.453136
0.524766
0.647499
0.803887
0.953354
1.0519
0.889972
0.85979
1.05574
0.973027
0.826943
0.660152
0.523933
0.447682
0.410335
0.392988
0.386408
0.386549
0.396335
0.41446
0.452733
0.522953
0.642805
0.815199
0.985571
1.061
0.906883
0.812051
1.07851
1.00678
0.844425
0.659991
0.518582
0.443763
0.407239
0.389791
0.38444
0.386218
0.395749
0.414685
0.45157
0.521587
0.636182
0.801816
0.93303
1.05972
0.952694
0.81413
1.02575
0.953874
0.822978
0.658874
0.507287
0.440001
0.406103
0.390442
0.385419
0.386836
0.395028
0.413232
0.447512
0.516843
0.633644
0.80032
0.933689
1.0648
0.895424
0.837427
1.04475
0.972591
0.848311
0.662307
0.517822
0.447688
0.409928
0.392117
0.384728
0.386575
0.394442
0.412038
0.447538
0.516315
0.629738
0.782329
0.931404
1.10193
0.965355
0.899776
1.07989
1.0102
0.840826
0.660746
0.527308
0.449526
0.410098
0.391936
0.385504
0.386302
0.393643
0.408853
0.443136
0.511908
0.628721
0.802792
0.949577
1.03599
0.944474
0.885477
1.08168
1.01131
0.831222
0.659384
0.524362
0.447127
0.408527
0.389243
0.383457
0.385579
0.393438
0.410562
0.444801
0.510959
0.623913
0.781475
0.907514
1.03886
0.965561
0.900585
1.08612
1.01998
0.834182
0.656948
0.519662
0.446005
0.405723
0.389445
0.383597
0.384088
0.39053
0.406675
0.439817
0.506997
0.622258
0.767493
0.900831
1.0412
0.954469
0.892763
1.06204
1.017
0.835637
0.653144
0.510318
0.445775
0.409182
0.391293
0.384771
0.385303
0.392004
0.407864
0.440517
0.50453
0.62311
0.786088
0.907921
1.08967
0.932834
0.873443
1.01576
1.00344
0.843847
0.650886
0.519648
0.445974
0.408474
0.389757
0.383671
0.385251
0.3917
0.404819
0.438777
0.50188
0.621929
0.767191
0.907745
1.07491
0.988714
0.824171
0.994162
0.958523
0.826766
0.642318
0.515178
0.444462
0.408812
0.391835
0.385282
0.385637
0.392149
0.406811
0.436736
0.495972
0.612158
0.770507
0.913839
1.0624
0.91226
0.865493
0.991881
0.977764
0.802049
0.629331
0.50115
0.438921
0.404341
0.390662
0.384931
0.38533
0.39226
0.406402
0.434787
0.491262
0.607456
0.792525
0.938836
1.11551
0.934668
0.794498
0.976602
0.903265
0.767111
0.619078
0.49865
0.434549
0.405426
0.389071
0.383525
0.384594
0.392117
0.405539
0.430142
0.483281
0.590302
0.764296
0.899773
1.04665
0.983587
0.811001
0.989414
0.90582
0.762307
0.609895
0.492179
0.432441
0.403636
0.39017
0.385114
0.385874
0.392511
0.40476
0.431526
0.479715
0.58023
0.756333
0.918716
1.00446
0.875185
0.822929
0.998484
0.904953
0.75592
0.598588
0.489315
0.433135
0.40553
0.392644
0.387241
0.387825
0.395101
0.407854
0.431448
0.475374
0.567821
0.736407
0.885216
1.044
0.83889
0.880337
1.05295
0.935789
0.744012
0.586882
0.486837
0.434445
0.407382
0.395039
0.389557
0.38976
0.396168
0.408376
0.431177
0.47454
0.561704
0.727235
0.881814
1.01138
0.892959
0.820126
1.00277
0.880707
0.732537
0.576172
0.478359
0.430736
0.408802
0.397256
0.392334
0.392593
0.397237
0.408005
0.429801
0.471926
0.552193
0.714524
0.889768
1.0193
0.849169
0.85401
1.047
0.870122
0.728547
0.563192
0.480604
0.435107
0.412258
0.400238
0.395941
0.396672
0.402087
0.413372
0.432716
0.469456
0.540287
0.691468
0.921883
1.08534
0.906075
0.747685
0.955145
0.856258
0.694658
0.546658
0.47141
0.436343
0.415954
0.404636
0.400532
0.401084
0.406263
0.41745
0.435025
0.464779
0.529342
0.664695
0.872005
1.00964
0.818549
0.749064
0.963582
0.873508
0.662573
0.52814
0.4641
0.432749
0.417047
0.408316
0.405159
0.405605
0.410105
0.420428
0.436972
0.463521
0.517207
0.632576
0.832854
1.05231
0.764146
0.759982
0.99286
0.795126
0.605116
0.503899
0.457066
0.433048
0.418757
0.41246
0.409865
0.409957
0.413274
0.421475
0.43618
0.461142
0.505598
0.601074
0.775011
0.96176
0.753555
0.607173
0.864701
0.706392
0.559505
0.484018
0.449459
0.430457
0.421359
0.416249
0.4137
0.413455
0.415795
0.421439
0.433458
0.454226
0.489753
0.559984
0.701409
0.871574
0.684413
0.498534
0.767906
0.6282
0.516862
0.464735
0.4403
0.426694
0.420337
0.416095
0.413668
0.413324
0.415419
0.420315
0.42993
0.444393
0.469539
0.517506
0.618787
0.758534
0.516263
0.379801
0.655887
0.542733
0.472588
0.443688
0.429456
0.421282
0.416242
0.412631
0.410491
0.410201
0.412036
0.416052
0.423115
0.432643
0.447766
0.4761
0.540536
0.655916
0.40329
0.348527
0.574144
0.494311
0.445828
0.425207
0.415844
0.410787
0.406927
0.403933
0.402168
0.401926
0.40337
0.406349
0.410804
0.417497
0.428461
0.450993
0.499557
0.580032
0.348991
0.346266
0.524709
0.453559
0.416161
0.401034
0.394204
0.390598
0.388156
0.386496
0.385635
0.385568
0.386368
0.388055
0.390608
0.394978
0.403151
0.420577
0.458934
0.529623
0.347418
0.362627
0.501015
0.423328
0.390817
0.380371
0.376988
0.375875
0.375475
0.375317
0.375307
0.37529
0.375363
0.375554
0.375911
0.377025
0.380162
0.390463
0.423822
0.504794
0.363828
0.371592
0.450513
0.390567
0.378322
0.37558
0.374956
0.374731
0.374619
0.374575
0.374566
0.374567
0.374588
0.374647
0.374766
0.375048
0.375869
0.378862
0.390368
0.447701
0.370486
1.553
1.71486
1.60057
1.34979
0.994875
0.680004
0.506961
0.43325
0.403638
0.394559
0.39821
0.414561
0.451325
0.528175
0.68
0.934324
1.22267
1.49276
1.63429
1.57043
1.62331
1.77842
1.67033
1.38981
0.986515
0.664175
0.498877
0.430403
0.402071
0.393166
0.396534
0.411937
0.44678
0.519822
0.659541
0.928136
1.22072
1.55253
1.64692
1.66601
1.49352
1.68449
1.59913
1.33476
0.947688
0.630071
0.49477
0.429367
0.401222
0.392276
0.395604
0.410675
0.444442
0.515282
0.646652
0.907825
1.20812
1.4728
1.64007
1.59344
1.48717
1.67312
1.54922
1.30368
0.971771
0.668345
0.488945
0.421132
0.395827
0.388495
0.391623
0.405481
0.436557
0.505225
0.643599
0.894251
1.20385
1.49715
1.67665
1.68169
1.50134
1.68439
1.56138
1.3284
0.974193
0.661327
0.498021
0.428231
0.400208
0.391357
0.393719
0.407814
0.439684
0.512988
0.656993
0.892363
1.16945
1.39884
1.55068
1.5288
1.51097
1.68853
1.57079
1.29367
0.968036
0.641036
0.485626
0.425713
0.39982
0.391386
0.391916
0.404585
0.432566
0.512944
0.657029
0.891367
1.17469
1.40252
1.54575
1.44109
1.58684
1.74485
1.64449
1.29802
0.95859
0.672787
0.500436
0.427028
0.398808
0.391397
0.395568
0.411186
0.43918
0.511049
0.653006
0.893925
1.18428
1.40782
1.55183
1.45882
1.48746
1.64208
1.58812
1.2945
0.966599
0.656831
0.473911
0.412572
0.395284
0.390115
0.394882
0.411884
0.443531
0.508893
0.6466
0.907236
1.20595
1.42056
1.56098
1.52501
1.40324
1.61284
1.52449
1.29004
0.970546
0.645456
0.477099
0.414597
0.391879
0.388141
0.391828
0.411965
0.451138
0.527239
0.67084
0.911596
1.18826
1.42598
1.56533
1.4022
1.40212
1.61864
1.52511
1.29224
0.971212
0.655046
0.471684
0.411554
0.391327
0.388321
0.393615
0.411217
0.449321
0.524247
0.664691
0.911919
1.19647
1.48529
1.58464
1.41625
1.41056
1.62616
1.53915
1.29936
0.963065
0.632613
0.468796
0.411848
0.391266
0.386136
0.389747
0.405405
0.446372
0.521827
0.649505
0.909273
1.2109
1.45904
1.59174
1.42111
1.41627
1.62572
1.58508
1.32322
0.944443
0.655336
0.477249
0.415728
0.393343
0.388234
0.390847
0.40556
0.439133
0.515593
0.669593
0.90831
1.18576
1.43721
1.62737
1.44162
1.43109
1.64008
1.51895
1.27916
0.944973
0.649431
0.483846
0.40975
0.389776
0.387983
0.391928
0.407549
0.442551
0.522197
0.667327
0.912208
1.18705
1.44667
1.66452
1.45445
1.43802
1.69948
1.57314
1.28439
0.945977
0.646084
0.483119
0.416247
0.393167
0.388453
0.394295
0.41157
0.44763
0.514191
0.653589
0.913135
1.19823
1.49244
1.66893
1.52062
1.45201
1.67837
1.51731
1.28687
0.942362
0.633408
0.475136
0.410369
0.388194
0.385036
0.39341
0.41116
0.44836
0.526078
0.675581
0.912712
1.19917
1.45656
1.64507
1.46359
1.47581
1.66891
1.52187
1.32238
0.942647
0.597231
0.455204
0.404853
0.388014
0.386121
0.391445
0.406137
0.436746
0.507793
0.66969
0.909285
1.20582
1.46593
1.67085
1.48001
1.45374
1.63268
1.52976
1.32214
0.943049
0.617926
0.47234
0.411958
0.389827
0.388486
0.394954
0.411234
0.441844
0.509906
0.654016
0.908906
1.23619
1.51675
1.68591
1.5559
1.52446
1.6412
1.53431
1.32489
0.929118
0.647122
0.489922
0.418738
0.391632
0.388938
0.395348
0.412383
0.446587
0.512977
0.658191
0.906581
1.22138
1.47816
1.60257
1.52801
1.49002
1.65867
1.54678
1.33331
0.94841
0.641613
0.490726
0.414021
0.39367
0.388943
0.395311
0.412461
0.444762
0.52359
0.671589
0.914667
1.22407
1.44924
1.60706
1.52231
1.45682
1.64528
1.54903
1.32135
0.968395
0.658171
0.4973
0.423926
0.393242
0.386889
0.394589
0.412622
0.45014
0.526002
0.672257
0.914704
1.20567
1.45493
1.61183
1.46712
1.4742
1.66372
1.56329
1.35164
0.972464
0.648431
0.493483
0.416813
0.393246
0.388939
0.3938
0.411031
0.447543
0.522949
0.668403
0.911787
1.21399
1.51762
1.67802
1.48721
1.54481
1.69033
1.57339
1.33437
0.969004
0.670756
0.49502
0.423829
0.397358
0.388822
0.390563
0.409187
0.44542
0.519767
0.664859
0.909586
1.2293
1.49879
1.64977
1.51107
1.46887
1.75436
1.64319
1.30956
0.959518
0.662233
0.474113
0.413328
0.395888
0.388398
0.390679
0.404497
0.436209
0.503695
0.643656
0.895336
1.19969
1.47652
1.62278
1.57911
1.47211
1.73722
1.61464
1.30404
0.941627
0.658859
0.483842
0.419678
0.396898
0.387198
0.39204
0.407286
0.440508
0.508155
0.643421
0.882478
1.20378
1.53966
1.62931
1.50309
1.48901
1.74279
1.59516
1.30795
0.954599
0.633937
0.490558
0.425193
0.397879
0.389348
0.391649
0.406802
0.438808
0.500424
0.629537
0.878526
1.1993
1.47628
1.67621
1.59288
1.50143
1.7373
1.53741
1.32085
0.937275
0.635201
0.488764
0.426371
0.398541
0.389493
0.390349
0.403207
0.440472
0.511237
0.647945
0.87194
1.16743
1.43029
1.66626
1.58157
1.56388
1.72877
1.52593
1.27384
0.934059
0.604635
0.470985
0.424747
0.398333
0.389658
0.39295
0.407486
0.438991
0.499082
0.646253
0.879135
1.18457
1.4669
1.67178
1.59467
1.48467
1.69211
1.53124
1.2754
0.932731
0.649719
0.491137
0.428682
0.398858
0.389167
0.39255
0.407316
0.438699
0.503543
0.639835
0.875181
1.16993
1.42305
1.63222
1.563
1.49268
1.74999
1.53509
1.28506
0.958352
0.67919
0.503806
0.430058
0.398573
0.386253
0.391432
0.406565
0.438657
0.501871
0.638933
0.874677
1.15349
1.45619
1.67387
1.49034
1.54551
1.67163
1.54053
1.30197
0.957575
0.675688
0.507206
0.429843
0.398461
0.386839
0.390158
0.402328
0.433957
0.51131
0.653018
0.876748
1.15245
1.40121
1.59852
1.5367
1.45278
1.68179
1.59117
1.31983
0.951365
0.66977
0.503624
0.428015
0.397695
0.387983
0.390548
0.405021
0.435027
0.510221
0.652385
0.878939
1.17152
1.40366
1.65297
1.40235
1.45455
1.72365
1.52135
1.29968
0.944476
0.660345
0.496927
0.425148
0.396323
0.386011
0.388404
0.404299
0.437419
0.499909
0.647772
0.878153
1.15485
1.40844
1.61027
1.40417
1.4687
1.64956
1.50915
1.27652
0.930765
0.645148
0.484679
0.415536
0.391528
0.386014
0.38718
0.399514
0.434996
0.507169
0.645001
0.882827
1.16398
1.4489
1.55078
1.39917
1.49635
1.71594
1.52518
1.30008
0.917168
0.629878
0.483441
0.422588
0.394117
0.385666
0.388248
0.398526
0.425419
0.492567
0.64476
0.887022
1.17162
1.41137
1.54686
1.41041
1.51265
1.67741
1.52293
1.27067
0.9304
0.639364
0.497386
0.425881
0.391305
0.383796
0.386142
0.398342
0.427004
0.49588
0.654508
0.887132
1.19176
1.46776
1.55877
1.41817
1.54271
1.69727
1.54429
1.30877
0.918629
0.633545
0.496277
0.426818
0.394173
0.385391
0.387007
0.398956
0.425812
0.493234
0.646252
0.894278
1.18859
1.4326
1.55138
1.43529
1.56103
1.7238
1.60121
1.29661
0.91406
0.644391
0.492476
0.424736
0.393445
0.386545
0.38813
0.401077
0.429154
0.498029
0.655751
0.89415
1.1693
1.40056
1.55205
1.44965
1.63857
1.78728
1.59012
1.28222
0.922837
0.626851
0.480894
0.419419
0.394808
0.385083
0.389952
0.40224
0.42297
0.484666
0.65534
0.893718
1.17744
1.41671
1.54564
1.52334
1.54527
1.72
1.58449
1.28633
0.902438
0.659787
0.504288
0.43078
0.399187
0.38721
0.389731
0.403634
0.434246
0.50047
0.65271
0.891544
1.20938
1.4802
1.54595
1.41355
1.51015
1.68002
1.57283
1.31701
0.93381
0.65728
0.498967
0.428103
0.395974
0.388687
0.393487
0.409316
0.441953
0.506193
0.646262
0.883771
1.18059
1.44181
1.54533
1.4153
1.58912
1.73518
1.53756
1.31411
0.956185
0.633757
0.48748
0.421752
0.398439
0.391471
0.396605
0.413818
0.450131
0.519056
0.637008
0.887573
1.19433
1.40885
1.54927
1.43222
1.54463
1.68818
1.5268
1.31916
0.966179
0.642469
0.490176
0.424519
0.396238
0.388912
0.395638
0.41292
0.4493
0.517566
0.658478
0.881984
1.16842
1.41288
1.5506
1.47225
1.49876
1.72814
1.5281
1.31106
0.965096
0.654905
0.501788
0.433336
0.402402
0.391757
0.395181
0.41207
0.448114
0.522741
0.667811
0.896982
1.19641
1.47542
1.56558
1.41792
1.51994
1.6348
1.51563
1.28842
0.96654
0.645228
0.49288
0.431564
0.401239
0.391042
0.392968
0.410393
0.445024
0.51147
0.664355
0.896129
1.18369
1.44752
1.5821
1.49819
1.47148
1.64976
1.52811
1.31078
0.971447
0.674579
0.505796
0.43045
0.399798
0.390058
0.391211
0.409113
0.44366
0.511335
0.66124
0.898089
1.18655
1.50059
1.60262
1.48441
1.4905
1.71347
1.53464
1.28462
0.954189
0.647274
0.497827
0.419442
0.3939
0.388983
0.390633
0.404445
0.436046
0.505729
0.646542
0.899169
1.18798
1.45486
1.65581
1.51118
1.51537
1.67706
1.57952
1.3111
0.954187
0.646254
0.48271
0.423801
0.397663
0.389206
0.392082
0.406697
0.437491
0.505553
0.648629
0.903561
1.2163
1.50707
1.66012
1.52382
1.47593
1.72432
1.52858
1.28201
0.947551
0.633225
0.479248
0.41633
0.392322
0.385607
0.391009
0.406457
0.441114
0.509106
0.652398
0.901753
1.21748
1.49071
1.6772
1.55266
1.53283
1.70127
1.5263
1.27778
0.941929
0.631036
0.47612
0.416416
0.393298
0.387189
0.388654
0.40302
0.441484
0.500791
0.634733
0.913261
1.21512
1.53852
1.70144
1.57345
1.47621
1.76557
1.54184
1.28626
0.933682
0.63911
0.475608
0.417855
0.393866
0.385967
0.390554
0.406492
0.444054
0.519567
0.659605
0.914639
1.21541
1.4971
1.71652
1.5924
1.48277
1.71142
1.55019
1.30822
0.91123
0.621382
0.481057
0.422877
0.396936
0.387848
0.388982
0.402947
0.442416
0.518597
0.673383
0.922337
1.24343
1.55208
1.71896
1.58614
1.54721
1.68137
1.60522
1.29015
0.932878
0.65116
0.495393
0.423008
0.396841
0.387344
0.391484
0.406482
0.441614
0.514969
0.653164
0.915616
1.22476
1.52389
1.72829
1.54224
1.51955
1.72409
1.59071
1.30698
0.937455
0.628139
0.492695
0.424103
0.396606
0.388251
0.390699
0.401512
0.4339
0.5045
0.651559
0.912178
1.24418
1.486
1.65756
1.59589
1.49405
1.6821
1.55891
1.28818
0.927429
0.639238
0.489938
0.422535
0.39574
0.387928
0.390833
0.402645
0.435421
0.503232
0.648326
0.902911
1.21272
1.52045
1.6897
1.46141
1.55282
1.72987
1.60942
1.29808
0.961306
0.674324
0.48791
0.422372
0.395954
0.388004
0.390704
0.403734
0.438821
0.504929
0.650914
0.899427
1.2146
1.42832
1.58206
1.46484
1.47572
1.65064
1.53656
1.29692
0.970029
0.678151
0.496329
0.423257
0.39612
0.387997
0.389527
0.407342
0.440002
0.493934
0.625042
0.894766
1.18515
1.43295
1.58454
1.49569
1.54628
1.70895
1.59609
1.33536
0.969711
0.671701
0.491256
0.423162
0.396595
0.388546
0.392086
0.408497
0.442367
0.499915
0.639648
0.893095
1.19055
1.4413
1.59716
1.42465
1.47466
1.65596
1.54673
1.31612
0.964579
0.673725
0.478967
0.422538
0.396636
0.388109
0.390656
0.408028
0.444263
0.51694
0.658976
0.893479
1.1995
1.49408
1.61218
1.4434
1.48918
1.6689
1.5558
1.33733
0.967017
0.66626
0.496599
0.424993
0.397365
0.388073
0.388957
0.407445
0.444783
0.522515
0.668271
0.891689
1.21771
1.44452
1.66953
1.46643
1.567
1.73952
1.61991
1.32172
0.956296
0.640599
0.492032
0.424307
0.397412
0.388092
0.389526
0.406173
0.442377
0.521503
0.670235
0.902551
1.19843
1.43586
1.64005
1.53431
1.51502
1.71362
1.58203
1.33753
0.944895
0.675676
0.486279
0.421073
0.39636
0.386569
0.391341
0.405881
0.441172
0.519322
0.664325
0.917135
1.22401
1.44484
1.60138
1.46257
1.47057
1.69779
1.53886
1.31235
0.970961
0.686342
0.509587
0.430194
0.39915
0.389716
0.391766
0.401777
0.432054
0.506831
0.67877
0.918611
1.20218
1.44874
1.6096
1.47767
1.4821
1.66311
1.53851
1.29246
0.973124
0.684336
0.505747
0.427761
0.398304
0.38982
0.392614
0.406875
0.44085
0.522928
0.681324
0.919278
1.21318
1.50307
1.67329
1.56127
1.55379
1.6801
1.60084
1.30461
0.974293
0.661336
0.498391
0.42659
0.398038
0.390102
0.391921
0.405621
0.435208
0.516752
0.66956
0.916337
1.22875
1.46075
1.62241
1.5017
1.5062
1.73036
1.5695
1.33089
0.971258
0.691532
0.483339
0.424325
0.397235
0.390544
0.396329
0.413883
0.448708
0.538166
0.690706
0.920387
1.21546
1.46967
1.63445
1.52519
1.52589
1.7305
1.58269
1.32455
0.976715
0.693512
0.490442
0.425458
0.397139
0.390257
0.395593
0.415006
0.45503
0.538645
0.69335
0.931491
1.25074
1.53522
1.70291
1.62129
1.60566
1.76374
1.64252
1.34804
0.99425
0.698495
0.502542
0.427165
0.394633
0.387488
0.391432
0.410859
0.456515
0.539177
0.689434
0.927445
1.24321
1.51688
1.66867
1.55075
1.58471
1.75829
1.64203
1.37249
1.00544
0.693945
0.485911
0.427335
0.399469
0.391195
0.394102
0.414764
0.456006
0.535529
0.671134
0.925717
1.23851
1.49454
1.65701
1.45836
1.56799
1.74903
1.6344
1.35246
0.978438
0.692566
0.512748
0.429438
0.400079
0.391898
0.396227
0.414725
0.455773
0.53812
0.685868
0.922286
1.21221
1.44031
1.59797
1.45828
1.63424
1.80265
1.59958
1.33577
0.972396
0.679685
0.509174
0.423057
0.398686
0.391331
0.395639
0.410092
0.452744
0.535605
0.68551
0.915187
1.23292
1.44021
1.60476
1.47285
1.51967
1.72228
1.63125
1.36722
0.973086
0.658539
0.50351
0.423057
0.395942
0.389582
0.395332
0.412655
0.450159
0.517951
0.664782
0.921751
1.20856
1.44799
1.60499
1.49748
1.44175
1.66399
1.53881
1.32734
0.946339
0.644269
0.499229
0.429351
0.400635
0.391604
0.395244
0.412097
0.449499
0.526494
0.671425
0.923946
1.21751
1.45619
1.65705
1.45728
1.4543
1.72653
1.54643
1.3313
0.971069
0.647434
0.48545
0.419523
0.398389
0.390685
0.394286
0.410411
0.444844
0.524238
0.685814
0.933614
1.24884
1.46815
1.60852
1.47792
1.45614
1.68495
1.53812
1.30126
0.955933
0.65639
0.494171
0.422615
0.398285
0.390297
0.393837
0.410103
0.446511
0.525707
0.684302
0.935028
1.23641
1.47661
1.61433
1.49867
1.4713
1.64683
1.5479
1.30772
0.977293
0.680089
0.505256
0.426436
0.398045
0.389499
0.390479
0.404562
0.437774
0.511696
0.666089
0.946427
1.2719
1.5374
1.66784
1.58609
1.48449
1.64944
1.55665
1.3095
0.975305
0.682434
0.506554
0.4256
0.397247
0.389459
0.392991
0.408581
0.444751
0.52228
0.669792
0.946051
1.26147
1.49576
1.61035
1.51829
1.55561
1.69476
1.62091
1.34181
0.981799
0.674301
0.502904
0.41534
0.391263
0.387992
0.392408
0.408005
0.444261
0.521857
0.677467
0.946984
1.25161
1.54148
1.62263
1.59405
1.45906
1.60969
1.55625
1.30641
0.968481
0.643833
0.501306
0.417629
0.392793
0.387685
0.391309
0.405814
0.440962
0.518144
0.66138
0.944365
1.26189
1.46653
1.61261
1.50006
1.50471
1.60241
1.59847
1.32839
0.964994
0.678006
0.503793
0.419173
0.393465
0.385753
0.390444
0.404133
0.438038
0.515914
0.68114
0.942223
1.25093
1.47606
1.66485
1.58655
1.32391
1.58169
1.48995
1.27398
0.944765
0.663971
0.49889
0.424652
0.397098
0.387783
0.389864
0.40013
0.426142
0.49968
0.664286
0.936769
1.23385
1.49495
1.59138
1.49936
1.30992
1.58635
1.48901
1.29016
0.924692
0.648623
0.492151
0.419812
0.395893
0.388534
0.389031
0.4021
0.432441
0.505906
0.670588
0.936027
1.23174
1.48722
1.58258
1.41014
1.29018
1.57121
1.48186
1.23405
0.900454
0.632093
0.48748
0.423715
0.398209
0.38901
0.390366
0.400892
0.423699
0.486764
0.657594
0.923246
1.20062
1.47303
1.56604
1.40763
1.28301
1.58911
1.53708
1.24359
0.885624
0.592312
0.477165
0.415299
0.396914
0.388203
0.388035
0.398803
0.429499
0.490285
0.624224
0.898152
1.20589
1.45783
1.60176
1.42277
1.26188
1.63208
1.45042
1.1981
0.849084
0.586763
0.473505
0.41971
0.397461
0.386852
0.389475
0.401931
0.427129
0.469489
0.59485
0.850352
1.1494
1.38639
1.49275
1.43949
1.25032
1.52863
1.45703
1.20333
0.815084
0.568723
0.457095
0.416785
0.397743
0.388577
0.390566
0.40003
0.42825
0.472965
0.591385
0.819689
1.15806
1.30587
1.46432
1.40877
1.24543
1.47954
1.36139
1.11168
0.755444
0.547898
0.454408
0.414558
0.397695
0.390784
0.393092
0.403395
0.429161
0.476878
0.583935
0.792233
1.09255
1.28678
1.49441
1.31145
1.29044
1.55117
1.40972
1.09707
0.741515
0.544804
0.454562
0.40922
0.396698
0.394021
0.395953
0.405441
0.428813
0.471634
0.558492
0.773438
1.08696
1.26111
1.4157
1.24986
1.21627
1.50085
1.33654
1.07339
0.715234
0.519804
0.450503
0.411942
0.398019
0.395348
0.397543
0.404823
0.424088
0.461205
0.539802
0.718817
1.04031
1.25032
1.45882
1.30071
1.21399
1.45044
1.34661
1.03374
0.69085
0.523788
0.44703
0.414574
0.401561
0.396395
0.398555
0.407565
0.427397
0.462324
0.530675
0.687502
0.972784
1.23422
1.33264
1.18028
1.21971
1.48627
1.22356
0.977205
0.663058
0.503837
0.449252
0.419179
0.400709
0.395914
0.398112
0.409776
0.424381
0.45642
0.520597
0.666497
0.945041
1.09441
1.31106
1.1758
1.24057
1.35489
1.19587
0.921193
0.629555
0.495556
0.448753
0.423411
0.407049
0.402677
0.403514
0.411616
0.426088
0.4537
0.508803
0.630892
0.875079
1.05749
1.35018
1.18815
1.09598
1.34442
1.21097
0.826805
0.587987
0.490803
0.447317
0.425061
0.412005
0.408577
0.408839
0.412439
0.422897
0.447267
0.49218
0.592032
0.796863
1.02387
1.21443
1.22408
0.970827
1.35546
1.06589
0.749035
0.558421
0.482258
0.444469
0.425062
0.417733
0.414884
0.414764
0.417663
0.425203
0.443709
0.475446
0.547774
0.722709
1.0162
1.08052
1.04519
0.768014
1.13408
0.925634
0.65139
0.522009
0.465508
0.439204
0.426888
0.420812
0.4179
0.417429
0.419514
0.424843
0.437642
0.461225
0.511056
0.61884
0.856379
1.02929
0.862001
0.571735
0.952797
0.731218
0.55349
0.481787
0.45004
0.433569
0.424524
0.419081
0.41626
0.415819
0.417848
0.422406
0.431261
0.448095
0.482257
0.559355
0.718764
0.999365
0.664127
0.426731
0.785173
0.608072
0.489929
0.451503
0.433673
0.424579
0.418454
0.414178
0.411816
0.411554
0.41333
0.416836
0.42185
0.430026
0.448274
0.495291
0.604724
0.762993
0.461039
0.36129
0.62451
0.498559
0.435819
0.417145
0.411573
0.407862
0.404362
0.401699
0.400268
0.40023
0.40168
0.404519
0.408164
0.412177
0.418862
0.437162
0.499276
0.622887
0.364342
0.358749
0.543731
0.461489
0.413766
0.39819
0.391359
0.387699
0.385434
0.384136
0.383542
0.383544
0.384125
0.385487
0.387559
0.39103
0.396809
0.412505
0.459648
0.550186
0.360518
0.36537
0.494158
0.41753
0.38606
0.378084
0.375837
0.375316
0.375214
0.375237
0.37528
0.375299
0.375332
0.375467
0.37557
0.376212
0.378273
0.386911
0.42145
0.507302
0.366994
0.368223
0.427467
0.380791
0.373851
0.374021
0.374569
0.374605
0.374602
0.374613
0.374617
0.374621
0.37463
0.374661
0.374671
0.374643
0.374503
0.375078
0.384523
0.449355
0.373199
0.863863
1.03755
0.938838
0.811565
0.658193
0.533015
0.456128
0.416176
0.397284
0.390405
0.391827
0.401361
0.422275
0.462137
0.532099
0.641094
0.78758
0.933559
1.04069
0.891749
0.927032
1.09348
0.947016
0.813579
0.655259
0.53013
0.454026
0.414703
0.396065
0.389165
0.390504
0.399727
0.419198
0.45733
0.531498
0.643158
0.797845
0.981281
1.10253
0.971166
0.875931
1.05544
0.947982
0.816509
0.654178
0.528936
0.451413
0.410567
0.392914
0.387859
0.389559
0.398999
0.41962
0.459624
0.531708
0.64579
0.810684
0.978234
1.10355
0.968378
0.88986
1.06296
0.952526
0.81954
0.656587
0.52717
0.453404
0.413681
0.394277
0.385904
0.386801
0.395913
0.418193
0.458211
0.530742
0.646725
0.800991
0.984655
1.12022
0.986263
0.958946
1.07719
0.958551
0.838604
0.659405
0.524575
0.449588
0.408094
0.390696
0.385087
0.386704
0.395954
0.416969
0.456398
0.529458
0.647403
0.8061
0.982679
1.12832
0.96941
0.940595
1.11236
0.963899
0.820659
0.658243
0.526052
0.443967
0.40695
0.390685
0.38494
0.386175
0.394375
0.413325
0.454949
0.52744
0.646252
0.810537
1.02004
1.11741
1.03722
0.92939
1.05838
0.965575
0.822573
0.654732
0.518038
0.443047
0.406316
0.390559
0.38502
0.386398
0.39474
0.413132
0.450115
0.520643
0.642757
0.813158
0.984875
1.14247
0.969561
0.892049
1.09238
1.00304
0.831292
0.650561
0.519151
0.444198
0.406705
0.391541
0.386124
0.38764
0.396218
0.414364
0.451138
0.518832
0.633777
0.789405
0.951919
1.08796
0.994981
0.934032
1.04541
0.963073
0.839991
0.64683
0.513359
0.441888
0.40961
0.391246
0.385481
0.38703
0.396547
0.412879
0.450417
0.517079
0.632936
0.796926
0.9707
1.09887
1.06033
0.836159
1.03943
0.958564
0.819466
0.650094
0.527955
0.45222
0.412405
0.394585
0.387956
0.389098
0.397589
0.415498
0.447638
0.510765
0.625524
0.779837
0.943591
1.10889
1.00464
0.847366
1.0523
0.966629
0.825017
0.659458
0.532178
0.454697
0.410545
0.394637
0.388118
0.38927
0.39791
0.414357
0.449212
0.510737
0.621668
0.769075
0.926578
1.05069
0.945277
0.852603
1.05842
0.969624
0.835634
0.665699
0.537757
0.45816
0.414929
0.395424
0.38807
0.388447
0.398599
0.417813
0.453343
0.516174
0.626042
0.775022
0.965856
1.09798
0.911398
0.872455
1.10824
1.00701
0.827216
0.66612
0.538396
0.458284
0.412016
0.394949
0.388107
0.389734
0.399192
0.418682
0.454226
0.517035
0.624915
0.777271
0.956489
1.0858
0.938889
0.88346
1.06716
0.97499
0.826991
0.666776
0.538905
0.459051
0.415446
0.394898
0.386254
0.389037
0.398853
0.418488
0.454027
0.514436
0.626511
0.790613
0.960538
1.08861
0.980186
0.946214
1.07292
0.979484
0.82811
0.666803
0.537872
0.457654
0.411308
0.392088
0.385374
0.387251
0.398204
0.417978
0.454137
0.516345
0.626294
0.781421
0.954658
1.06967
0.954188
0.915857
1.08922
1.00372
0.834903
0.668288
0.536376
0.457151
0.415129
0.394823
0.386213
0.387466
0.397834
0.417432
0.454135
0.517942
0.626511
0.769624
0.94536
1.03482
0.872686
0.953249
1.12799
0.985534
0.828
0.662509
0.526013
0.449931
0.414686
0.395399
0.387265
0.387444
0.397511
0.417221
0.454416
0.520417
0.625319
0.768835
0.944191
1.03422
0.886018
0.899646
1.07169
1.00136
0.83761
0.661572
0.531499
0.454429
0.414737
0.395266
0.387666
0.38745
0.395589
0.416061
0.453212
0.519978
0.625922
0.769759
0.920804
1.04037
0.918506
0.822194
1.02919
0.944037
0.805974
0.652695
0.529056
0.453393
0.413716
0.394815
0.38769
0.388568
0.397088
0.416264
0.453697
0.5207
0.626109
0.773845
0.926206
1.04173
0.863546
0.833457
1.07082
0.953009
0.808796
0.651148
0.521188
0.44642
0.409013
0.391907
0.386921
0.388297
0.396902
0.415524
0.452471
0.521279
0.631428
0.795676
0.967745
1.06293
0.886438
0.836138
1.02984
0.954644
0.81305
0.650214
0.524689
0.450456
0.412136
0.39405
0.38722
0.38717
0.396381
0.415264
0.45249
0.520722
0.631643
0.786596
0.947784
1.09658
0.939747
0.886065
1.03471
0.994616
0.834898
0.65201
0.525338
0.45118
0.412723
0.394352
0.387481
0.388237
0.396046
0.412439
0.452165
0.519879
0.632228
0.787992
0.971277
1.05384
0.875505
0.808843
1.05577
0.970315
0.817317
0.648326
0.522497
0.449825
0.412144
0.394212
0.38718
0.388138
0.395037
0.413529
0.452935
0.521214
0.632399
0.79518
0.937968
1.09316
0.943327
0.806659
1.01458
0.942017
0.805288
0.643163
0.519153
0.44801
0.411144
0.393408
0.385828
0.388097
0.396777
0.415585
0.452711
0.521127
0.630755
0.785275
0.957285
1.07024
0.893393
0.819404
1.01855
0.945829
0.820161
0.64538
0.518836
0.445516
0.406961
0.392396
0.385918
0.387112
0.395535
0.413531
0.448762
0.519651
0.627836
0.762125
0.907047
1.03
0.843305
0.830757
1.03506
0.982229
0.808146
0.643907
0.514778
0.437736
0.407302
0.392152
0.386731
0.388502
0.397531
0.416617
0.45294
0.519539
0.628383
0.759793
0.903931
1.03057
0.849013
0.888288
1.07527
0.960352
0.80928
0.643218
0.513531
0.438614
0.404261
0.389266
0.384395
0.386319
0.395988
0.414635
0.448574
0.514965
0.624019
0.761141
0.91027
1.04699
0.870469
0.85075
1.04609
0.965832
0.814208
0.641805
0.506368
0.4399
0.405827
0.390321
0.385235
0.38633
0.395
0.414856
0.44972
0.514979
0.624569
0.761811
0.911046
1.08552
0.886943
0.866335
1.05414
1.01061
0.842121
0.644973
0.505817
0.439525
0.405207
0.388707
0.383528
0.385661
0.394649
0.414197
0.448942
0.512129
0.625426
0.76367
0.914537
1.03761
0.950345
0.929509
1.09251
0.99641
0.829607
0.646841
0.507324
0.43608
0.404341
0.389763
0.383963
0.385761
0.394826
0.413266
0.44567
0.514721
0.629637
0.765656
0.947643
1.07048
0.915511
0.877679
1.06528
0.97269
0.818752
0.647372
0.517068
0.442829
0.403292
0.389542
0.384153
0.385909
0.394184
0.411576
0.445491
0.512759
0.626855
0.761971
0.912867
1.0314
0.955557
0.886894
1.09731
0.979645
0.8216
0.648316
0.519481
0.443784
0.406356
0.389076
0.384951
0.3869
0.395583
0.413627
0.447531
0.511802
0.624312
0.762585
0.921865
1.03488
0.924649
0.935662
1.06575
0.992216
0.830062
0.651477
0.519602
0.442916
0.406107
0.390091
0.384968
0.386696
0.395432
0.413513
0.447151
0.507689
0.620398
0.765522
0.91675
1.03114
0.856721
0.839381
1.06582
1.02934
0.838584
0.65308
0.521158
0.442717
0.405324
0.388064
0.384124
0.384855
0.393292
0.411171
0.444555
0.507208
0.621284
0.770265
0.957331
1.07652
0.919126
0.848288
1.0812
0.996599
0.852966
0.65171
0.521543
0.438202
0.402053
0.38789
0.384228
0.385606
0.394852
0.414349
0.449382
0.511056
0.621591
0.772559
0.948364
1.06781
0.840825
0.850465
1.14104
1.04229
0.856613
0.661987
0.523996
0.444884
0.405191
0.389325
0.384544
0.386533
0.393937
0.41537
0.451122
0.508911
0.624036
0.775846
0.957292
1.07526
0.841702
0.856019
1.13618
1.0357
0.851762
0.664507
0.527047
0.446426
0.402429
0.387331
0.383327
0.386861
0.3954
0.416122
0.453285
0.516494
0.628878
0.790263
0.958857
1.06676
0.85273
0.852777
1.13438
1.0298
0.844389
0.662545
0.526414
0.447262
0.405759
0.389787
0.384842
0.387242
0.396859
0.416906
0.455104
0.520351
0.632672
0.78192
0.952825
1.0461
0.857494
0.856659
1.09668
1.00333
0.851698
0.661957
0.527328
0.448528
0.408707
0.391434
0.385511
0.386008
0.396259
0.41458
0.45519
0.525994
0.63811
0.786266
0.937347
1.05167
0.873588
0.855165
1.1238
1.0289
0.83434
0.655445
0.51579
0.444778
0.404264
0.388961
0.385235
0.387139
0.396164
0.417508
0.454147
0.525366
0.64168
0.806615
0.950328
1.0675
0.886496
0.862417
1.06096
0.983525
0.826169
0.654859
0.518944
0.444948
0.407392
0.391053
0.385297
0.388864
0.398658
0.418572
0.456207
0.525555
0.641766
0.803718
0.985819
1.07771
0.946156
0.873348
1.08338
1.03323
0.836167
0.657111
0.521345
0.438201
0.406501
0.391398
0.386694
0.389268
0.398801
0.418244
0.45511
0.520904
0.639956
0.800316
0.973088
1.09248
0.882198
0.929952
1.13235
1.03079
0.838671
0.657305
0.521704
0.444534
0.406871
0.391572
0.386747
0.389336
0.398838
0.418525
0.455106
0.521526
0.63895
0.812838
1.012
1.14378
0.886646
0.849325
1.12123
1.03239
0.843101
0.653832
0.519467
0.444356
0.405012
0.39163
0.386754
0.389006
0.397384
0.417852
0.45209
0.523381
0.63699
0.787436
0.965708
1.08292
0.895519
0.843555
1.12959
1.02451
0.850337
0.656561
0.511549
0.444549
0.408443
0.392206
0.38669
0.38898
0.39832
0.418333
0.456473
0.522814
0.638919
0.789816
0.938681
1.04425
0.936539
0.84695
1.12294
0.993085
0.867098
0.664195
0.52062
0.444115
0.410562
0.392801
0.385765
0.388559
0.397908
0.418003
0.457312
0.527649
0.64307
0.798352
0.975839
1.05818
0.878174
0.843818
1.12316
0.988976
0.867599
0.662276
0.534366
0.454226
0.412733
0.393355
0.387198
0.388412
0.397025
0.416331
0.453126
0.526467
0.642205
0.810895
0.958754
1.10145
0.949347
0.847265
1.10001
0.98779
0.872746
0.680666
0.540452
0.455796
0.413154
0.391184
0.386659
0.387995
0.396218
0.413848
0.454205
0.525023
0.637973
0.799638
0.976176
1.09273
0.936107
0.845052
1.04595
0.978133
0.865153
0.680385
0.540998
0.449547
0.412369
0.392137
0.38662
0.387435
0.39449
0.414276
0.449361
0.518767
0.633951
0.784476
0.93693
1.0871
0.953428
0.855989
1.03828
0.979715
0.85215
0.677397
0.539848
0.456115
0.413578
0.393655
0.386708
0.387374
0.395228
0.413123
0.44761
0.517377
0.633449
0.799564
0.960566
1.07148
0.947644
0.866957
1.04089
0.997194
0.872866
0.676506
0.53929
0.456251
0.413222
0.391716
0.384988
0.386733
0.394632
0.410681
0.446379
0.515506
0.62985
0.777363
0.927778
1.07274
0.922132
0.931462
1.03857
0.967715
0.85795
0.669872
0.534992
0.452652
0.411986
0.393429
0.386274
0.385954
0.393522
0.412254
0.447065
0.512301
0.629876
0.777992
0.933503
1.10739
0.984328
0.902006
1.06694
1.00427
0.847946
0.66288
0.531627
0.446327
0.409587
0.393066
0.3864
0.387227
0.394936
0.411976
0.443974
0.514367
0.633812
0.792052
0.952036
1.02186
0.872939
0.959486
1.02948
0.989003
0.828454
0.665831
0.528462
0.453474
0.409247
0.390874
0.384829
0.38702
0.395047
0.410722
0.444657
0.508696
0.623025
0.765088
0.913387
1.01953
0.805664
0.879316
1.01707
0.982528
0.842466
0.667062
0.532852
0.45294
0.411672
0.392856
0.386128
0.386496
0.395543
0.413325
0.447936
0.511938
0.622313
0.762982
0.913502
1.02269
0.815342
0.820107
1.01883
0.956623
0.821846
0.662073
0.522559
0.444229
0.406537
0.390157
0.384947
0.387562
0.396149
0.414293
0.449199
0.512729
0.620169
0.765602
0.924946
1.0389
0.834145
0.834896
1.02536
0.986884
0.835354
0.657217
0.528171
0.451102
0.411174
0.39287
0.386635
0.38818
0.396709
0.414914
0.449808
0.513297
0.619366
0.768024
0.95143
1.0704
0.855309
0.850315
1.0635
0.953106
0.812537
0.652817
0.528119
0.451775
0.41194
0.393516
0.387119
0.388625
0.397419
0.416027
0.451175
0.514146
0.621565
0.760473
0.901968
1.00928
0.914356
0.91031
1.0604
0.989572
0.82532
0.655783
0.527997
0.451112
0.411635
0.393413
0.387092
0.388808
0.39779
0.416464
0.451582
0.513299
0.623611
0.767362
0.933235
1.03816
0.875231
0.866097
1.03926
0.980519
0.827069
0.661304
0.524075
0.446308
0.408219
0.391285
0.385812
0.38867
0.398466
0.41766
0.452826
0.516468
0.625799
0.773645
0.901571
1.002
0.838626
0.916191
1.04456
0.987572
0.815478
0.661663
0.53704
0.457023
0.415023
0.395434
0.388353
0.389626
0.398664
0.418221
0.45554
0.522658
0.63117
0.766443
0.903777
1.00995
0.850112
0.849074
1.0737
0.985985
0.817658
0.660225
0.535514
0.455095
0.413866
0.394765
0.387998
0.38953
0.398712
0.418495
0.455961
0.523365
0.632018
0.772899
0.936192
1.05325
0.916982
0.899868
1.04589
0.965756
0.819945
0.658897
0.533597
0.448709
0.409261
0.391733
0.386002
0.389098
0.399076
0.419522
0.457629
0.52499
0.633974
0.780946
0.895617
1.00464
0.851988
0.838869
1.05112
0.996369
0.835839
0.659729
0.533863
0.45527
0.414468
0.394995
0.387779
0.388203
0.398664
0.419258
0.458212
0.52625
0.632607
0.764281
0.891892
1.00548
0.86113
0.847915
1.04631
0.961796
0.815967
0.656117
0.532057
0.455343
0.414694
0.395193
0.38807
0.389147
0.397358
0.417574
0.459328
0.52833
0.63529
0.782927
0.902556
1.00925
0.881835
0.906314
1.09809
1.00742
0.838247
0.657947
0.522243
0.446387
0.412428
0.394166
0.38622
0.38921
0.399221
0.419843
0.458801
0.52811
0.635308
0.775022
0.91558
1.02308
0.943513
0.842149
1.07058
0.990771
0.824535
0.655734
0.522715
0.447879
0.409496
0.393618
0.386234
0.387347
0.398003
0.417114
0.458542
0.528236
0.639269
0.782094
0.954834
1.03522
0.861091
0.846212
1.05045
0.977498
0.837372
0.656384
0.523537
0.451557
0.41249
0.394228
0.387423
0.387916
0.397901
0.416962
0.457611
0.527732
0.641349
0.786798
0.953264
1.07625
0.921405
0.856724
1.07452
0.941336
0.819879
0.651871
0.525501
0.451319
0.412766
0.394692
0.38789
0.388617
0.397004
0.415891
0.455108
0.528341
0.643163
0.791445
0.943954
1.04359
0.848198
0.89838
1.01873
0.933052
0.802986
0.646567
0.520955
0.450225
0.412008
0.394356
0.387809
0.387788
0.39771
0.416707
0.458038
0.527177
0.64796
0.811489
0.97664
1.04977
0.846877
0.822149
1.02663
0.945626
0.80643
0.6518
0.525198
0.449301
0.411247
0.394123
0.388246
0.389695
0.397734
0.419347
0.459082
0.531323
0.649234
0.804501
0.960326
1.05698
0.851123
0.873462
1.04357
0.966753
0.815413
0.652124
0.513081
0.439765
0.406327
0.391295
0.387614
0.389921
0.399579
0.420105
0.458879
0.530958
0.648169
0.80374
0.938399
1.09135
0.856633
0.808437
1.05569
1.00058
0.822329
0.653003
0.516428
0.445296
0.410249
0.393352
0.387633
0.389625
0.398893
0.420123
0.458496
0.528987
0.645826
0.792611
0.937565
1.04183
0.868427
0.812489
1.03313
0.992159
0.835152
0.654322
0.5077
0.446304
0.410394
0.392811
0.386032
0.389049
0.397704
0.419784
0.457192
0.52361
0.64728
0.798093
0.977005
1.08197
0.882867
0.835219
1.06819
0.984504
0.82403
0.656493
0.516763
0.448857
0.410699
0.391467
0.386286
0.388234
0.398083
0.420062
0.457937
0.523361
0.643711
0.80078
0.960949
1.05508
0.907464
0.892405
1.05477
1.02601
0.827049
0.655878
0.525513
0.450609
0.408988
0.392326
0.387726
0.389732
0.399461
0.420008
0.458353
0.527454
0.644189
0.808237
0.999033
1.05628
0.969159
0.877118
1.03112
0.982036
0.830898
0.655284
0.526128
0.450787
0.412526
0.39455
0.388045
0.389646
0.399235
0.419518
0.457653
0.526244
0.639704
0.808959
0.959711
1.04835
0.882544
0.879592
1.03475
0.946669
0.810686
0.648416
0.517653
0.44885
0.411921
0.394195
0.387004
0.388617
0.39609
0.414711
0.451347
0.522415
0.633605
0.794683
0.921167
1.07018
0.826356
0.853931
1.07827
0.981993
0.830992
0.653757
0.525598
0.447731
0.409254
0.391935
0.386873
0.388449
0.396315
0.41475
0.450872
0.519547
0.628136
0.781735
0.919092
1.02332
0.841252
0.86599
1.0591
0.952532
0.806614
0.653198
0.525133
0.450127
0.411684
0.39356
0.385751
0.387937
0.396679
0.414615
0.449446
0.513739
0.620648
0.76435
0.952772
1.06907
0.907816
0.888655
1.10121
0.982486
0.808171
0.651236
0.520019
0.446933
0.408697
0.391183
0.385903
0.385881
0.393599
0.412578
0.446914
0.510625
0.618494
0.761503
0.91926
1.039
0.884685
0.937184
1.03671
0.95006
0.805699
0.640248
0.515786
0.444071
0.406247
0.391801
0.384809
0.38575
0.392744
0.407883
0.439516
0.503491
0.616598
0.768591
0.939462
1.00869
0.894291
0.856986
0.985466
0.920802
0.814967
0.636092
0.504597
0.436154
0.404542
0.389923
0.384893
0.386462
0.393354
0.406943
0.434248
0.494917
0.604966
0.750601
0.897278
1.00592
0.884996
0.8243
0.996725
0.928261
0.788411
0.628737
0.501225
0.435327
0.404456
0.39088
0.385368
0.385695
0.393604
0.407802
0.434869
0.489875
0.599841
0.764552
0.930812
1.05294
0.869362
0.887372
1.04234
0.942891
0.790463
0.62349
0.497756
0.435252
0.405765
0.392912
0.38714
0.386649
0.394307
0.408141
0.43144
0.482858
0.588437
0.739638
0.889359
1.02717
0.812934
0.869029
0.997186
0.972556
0.794823
0.615315
0.49538
0.438898
0.4085
0.393878
0.388041
0.387538
0.395047
0.409278
0.435628
0.486163
0.583431
0.741849
0.885457
0.99698
0.815939
0.852719
0.983792
0.970718
0.808946
0.614564
0.498761
0.439323
0.40678
0.393673
0.388594
0.388827
0.395544
0.409659
0.435549
0.485615
0.581948
0.749265
0.893321
1.00578
0.820894
0.80533
0.970145
0.951054
0.788552
0.60461
0.495287
0.438576
0.409767
0.393617
0.38877
0.389854
0.395399
0.40775
0.43453
0.478323
0.57333
0.741091
0.8993
1.02126
0.838261
0.815897
0.957407
0.915814
0.761198
0.58304
0.481233
0.435544
0.410223
0.39647
0.392162
0.392832
0.398303
0.410865
0.434733
0.476874
0.562008
0.732196
0.9105
1.03901
0.856023
0.836475
0.951653
0.952868
0.742981
0.565279
0.476526
0.432745
0.40959
0.399446
0.395979
0.396927
0.402341
0.413951
0.433613
0.47405
0.552551
0.713616
0.944848
1.06677
0.878105
0.893568
0.923692
0.902245
0.698669
0.545681
0.470327
0.435021
0.413166
0.403584
0.400332
0.401177
0.406493
0.418482
0.437318
0.470897
0.537051
0.678358
0.892551
1.1171
0.911064
0.806345
0.902989
0.850476
0.657387
0.525272
0.462921
0.433986
0.4159
0.408076
0.405301
0.405723
0.40961
0.418824
0.435477
0.462437
0.520227
0.643807
0.844854
1.03937
0.860381
0.726996
0.888807
0.78961
0.606264
0.504457
0.456409
0.43258
0.418651
0.412601
0.410304
0.410584
0.413545
0.420227
0.433812
0.456483
0.500286
0.593025
0.77093
0.961136
0.774185
0.621457
0.894036
0.71417
0.5614
0.482938
0.44752
0.428668
0.420266
0.415866
0.413923
0.414159
0.416681
0.42184
0.431533
0.449418
0.481584
0.549006
0.689064
0.864419
0.644031
0.49542
0.759439
0.627875
0.518007
0.465154
0.440299
0.426206
0.419745
0.41593
0.414062
0.414252
0.416578
0.420801
0.427635
0.441189
0.46384
0.511999
0.617276
0.759314
0.527965
0.385728
0.659815
0.546243
0.474675
0.444067
0.42953
0.420763
0.415757
0.412518
0.410894
0.411115
0.413226
0.416863
0.422263
0.431323
0.445554
0.47251
0.534615
0.649565
0.395293
0.350477
0.575866
0.4971
0.447216
0.425118
0.415274
0.410076
0.406475
0.403884
0.402569
0.402809
0.404693
0.407872
0.411985
0.417502
0.427373
0.449006
0.496595
0.57485
0.351474
0.346924
0.527444
0.45498
0.416915
0.401455
0.394042
0.390379
0.388034
0.386506
0.385795
0.385921
0.386975
0.388974
0.391786
0.396211
0.40417
0.419159
0.454754
0.529589
0.349027
0.362379
0.502578
0.423773
0.390961
0.380031
0.376638
0.375667
0.375371
0.375285
0.375319
0.375335
0.375431
0.37563
0.375936
0.37697
0.380483
0.392391
0.423938
0.505918
0.36073
0.371047
0.447967
0.39123
0.379248
0.375965
0.375005
0.374694
0.37459
0.374563
0.374565
0.374574
0.3746
0.374656
0.374762
0.375054
0.376033
0.379731
0.393584
0.449942
0.372173
0.336078
0.481733
0.482437
0.458398
0.432597
0.412063
0.39738
0.388
0.382691
0.380515
0.380945
0.383897
0.389643
0.398937
0.412789
0.431496
0.454662
0.47654
0.486199
0.323546
0.354555
0.489244
0.503366
0.469945
0.434049
0.412187
0.397129
0.387498
0.382094
0.379985
0.38062
0.38384
0.389893
0.399643
0.41488
0.440062
0.471165
0.487831
0.498163
0.338527
0.397704
0.486734
0.47597
0.455337
0.431899
0.41169
0.396751
0.387175
0.381799
0.379751
0.380424
0.38373
0.390073
0.400556
0.416772
0.440348
0.472425
0.509174
0.50344
0.374829
0.333822
0.468117
0.470944
0.454351
0.431743
0.412488
0.396437
0.38694
0.381765
0.379777
0.380484
0.383854
0.390293
0.400965
0.417044
0.441854
0.474346
0.508044
0.511034
0.334224
0.296159
0.470968
0.473133
0.45595
0.432379
0.411833
0.396084
0.386724
0.381683
0.379746
0.380403
0.383872
0.390382
0.401124
0.418168
0.443126
0.477622
0.517782
0.544972
0.382764
0.310061
0.478954
0.474481
0.456818
0.436292
0.411524
0.396033
0.386726
0.381706
0.379748
0.380441
0.383704
0.390157
0.400749
0.417221
0.441678
0.475219
0.513256
0.534533
0.358949
0.331872
0.489133
0.478957
0.466717
0.433712
0.410854
0.395926
0.386664
0.381598
0.379568
0.380361
0.383687
0.390009
0.400163
0.415643
0.438322
0.469678
0.505748
0.529341
0.37955
0.358565
0.488577
0.48143
0.459286
0.436925
0.412489
0.396085
0.386484
0.381498
0.379495
0.380142
0.383431
0.38981
0.40038
0.416489
0.438388
0.474966
0.516959
0.543285
0.379369
0.33433
0.50534
0.50114
0.469343
0.436442
0.411518
0.39581
0.3865
0.381497
0.379573
0.380188
0.383365
0.389513
0.399713
0.415485
0.438887
0.459284
0.486101
0.498899
0.327007
0.302092
0.478108
0.47883
0.457425
0.432092
0.411451
0.395842
0.386456
0.381452
0.379559
0.380175
0.383325
0.38928
0.398844
0.413305
0.43489
0.459441
0.488127
0.501733
0.336431
0.304332
0.473758
0.477021
0.456611
0.431958
0.410613
0.39567
0.386501
0.38145
0.37943
0.380126
0.383319
0.38937
0.399008
0.413573
0.434271
0.461122
0.48986
0.499586
0.341219
0.316354
0.479703
0.482034
0.459369
0.433433
0.411652
0.395955
0.386609
0.381458
0.37953
0.380146
0.383326
0.389457
0.399222
0.414609
0.440707
0.474955
0.513697
0.508847
0.361326
0.325126
0.507756
0.486372
0.461662
0.434147
0.41238
0.396322
0.386818
0.381655
0.379558
0.380109
0.383227
0.389346
0.399469
0.414757
0.437132
0.46803
0.507239
0.515776
0.410155
0.367564
0.497387
0.491434
0.465672
0.435113
0.411971
0.396414
0.386956
0.381739
0.379577
0.379929
0.382946
0.388873
0.398559
0.412621
0.433522
0.462137
0.505188
0.532489
0.36186
0.329531
0.498873
0.493435
0.469285
0.435832
0.413097
0.396809
0.387087
0.38181
0.379632
0.379987
0.382993
0.388814
0.398254
0.412724
0.435674
0.467648
0.489182
0.504805
0.330494
0.336828
0.53375
0.498786
0.47619
0.436998
0.41276
0.396807
0.387009
0.381662
0.379609
0.380097
0.383192
0.389258
0.399138
0.413115
0.433505
0.460048
0.489013
0.503843
0.367443
0.355989
0.527256
0.499313
0.466438
0.436195
0.413473
0.396945
0.387101
0.381752
0.379599
0.380054
0.383171
0.389398
0.399902
0.416333
0.440529
0.473063
0.505507
0.512224
0.347549
0.344116
0.546908
0.51873
0.477378
0.441242
0.413332
0.396851
0.386825
0.381489
0.379568
0.380195
0.383311
0.389426
0.399672
0.415388
0.438128
0.468447
0.50382
0.517567
0.364991
0.3504
0.54175
0.500418
0.467189
0.437613
0.412557
0.39635
0.386562
0.381376
0.379508
0.380246
0.383496
0.389599
0.399441
0.414518
0.435955
0.463528
0.494374
0.534641
0.365464
0.395865
0.521659
0.499005
0.466474
0.441276
0.413737
0.396506
0.386663
0.381509
0.379619
0.380343
0.383656
0.389952
0.400319
0.415432
0.437517
0.465889
0.494487
0.504544
0.321109
0.392286
0.55024
0.505763
0.467252
0.438647
0.412582
0.396117
0.386493
0.3814
0.379619
0.380407
0.383747
0.390124
0.400954
0.418236
0.444756
0.480517
0.517402
0.531617
0.358298
0.411345
0.544711
0.507085
0.467019
0.435321
0.412564
0.396431
0.38686
0.381619
0.379637
0.380346
0.38368
0.390065
0.400654
0.416825
0.442068
0.476055
0.506812
0.512682
0.320708
0.409915
0.572468
0.51322
0.468755
0.435514
0.411831
0.396326
0.386785
0.381499
0.379348
0.380004
0.383336
0.389786
0.400169
0.415766
0.438357
0.471593
0.515956
0.513294
0.31507
0.395178
0.528143
0.51825
0.474657
0.439183
0.412256
0.396365
0.386831
0.381498
0.379339
0.379954
0.383139
0.389553
0.400351
0.416894
0.438048
0.476044
0.502919
0.514266
0.312078
0.356536
0.497831
0.486534
0.460263
0.433541
0.411522
0.396423
0.386975
0.381552
0.379433
0.379783
0.382829
0.388935
0.399295
0.415376
0.43622
0.466169
0.51545
0.516658
0.307698
0.389013
0.501546
0.487686
0.461283
0.435017
0.413262
0.397101
0.387415
0.381957
0.379575
0.379808
0.382604
0.388402
0.398111
0.413953
0.43874
0.465332
0.49974
0.521194
0.309204
0.335247
0.495877
0.489393
0.462798
0.438281
0.413724
0.397312
0.387339
0.381824
0.379558
0.379798
0.382542
0.388047
0.397101
0.411073
0.432844
0.470275
0.513303
0.532542
0.303713
0.378319
0.506987
0.49566
0.465241
0.436046
0.41299
0.397302
0.387505
0.381966
0.379575
0.379791
0.382548
0.388093
0.397181
0.411
0.431076
0.458105
0.487165
0.50055
0.309757
0.322808
0.506035
0.497489
0.467013
0.436765
0.413328
0.39728
0.387289
0.381594
0.379208
0.379488
0.38234
0.388125
0.397698
0.411682
0.436733
0.470849
0.508331
0.519499
0.347825
0.322103
0.536803
0.518487
0.478051
0.44122
0.41501
0.397463
0.387195
0.381495
0.379106
0.379344
0.382089
0.387715
0.397187
0.411038
0.432503
0.46473
0.499972
0.520908
0.316794
0.326226
0.511943
0.496356
0.46508
0.434947
0.412203
0.396191
0.386561
0.381313
0.379013
0.379165
0.381793
0.38722
0.39655
0.412087
0.435044
0.459348
0.491952
0.510933
0.323083
0.321033
0.510172
0.4919
0.461797
0.433188
0.410881
0.395805
0.386516
0.381188
0.378845
0.379014
0.381527
0.386685
0.395107
0.40866
0.428559
0.447029
0.470811
0.484548
0.362996
0.32493
0.515601
0.49226
0.461895
0.433014
0.410666
0.395737
0.386547
0.381293
0.378895
0.379032
0.381454
0.386513
0.394789
0.407316
0.424916
0.446632
0.46943
0.47367
0.337754
0.320251
0.525928
0.491674
0.466232
0.435113
0.41168
0.395981
0.386612
0.38136
0.37899
0.379065
0.381494
0.386668
0.395724
0.410367
0.431751
0.459686
0.492317
0.479632
0.319795
0.326242
0.487351
0.478034
0.454744
0.430292
0.409723
0.39541
0.38646
0.381301
0.378934
0.379047
0.381512
0.386648
0.394982
0.408228
0.427537
0.45233
0.488774
0.487042
0.351538
0.358662
0.51899
0.485941
0.458066
0.431296
0.40977
0.395404
0.386402
0.381281
0.379025
0.379168
0.381607
0.386684
0.395198
0.408961
0.431646
0.45377
0.493626
0.511231
0.306721
0.292649
0.511951
0.487697
0.45989
0.43535
0.411607
0.395658
0.38636
0.381202
0.379017
0.379273
0.381865
0.387191
0.396004
0.408664
0.428295
0.460589
0.490333
0.501561
0.340881
0.302384
0.517835
0.507409
0.47093
0.432127
0.409853
0.395065
0.386091
0.381118
0.37905
0.379382
0.382036
0.387358
0.396119
0.409534
0.428932
0.454853
0.482419
0.49272
0.314107
0.313467
0.509476
0.49224
0.458034
0.430226
0.410225
0.395192
0.38606
0.381098
0.379077
0.379465
0.382187
0.387676
0.396759
0.41075
0.431006
0.457666
0.486336
0.492889
0.317476
0.326008
0.526876
0.508048
0.459672
0.430651
0.40916
0.394985
0.386078
0.381124
0.379116
0.379563
0.382498
0.38842
0.398477
0.414573
0.439015
0.472992
0.50993
0.500893
0.331452
0.368456
0.499545
0.485549
0.458786
0.435853
0.411866
0.395756
0.386485
0.381417
0.379341
0.379764
0.382681
0.388491
0.398294
0.41397
0.437505
0.469848
0.504938
0.49842
0.341353
0.362195
0.525179
0.507106
0.47052
0.436127
0.411572
0.395831
0.38654
0.381446
0.37938
0.379838
0.382747
0.388495
0.398198
0.413404
0.436197
0.467846
0.503742
0.502882
0.364363
0.372067
0.52911
0.494451
0.461843
0.432622
0.410521
0.395724
0.386545
0.381459
0.379399
0.379793
0.382753
0.388449
0.397596
0.41148
0.431873
0.459457
0.489239
0.498125
0.317325
0.371913
0.527932
0.495671
0.462271
0.432828
0.410655
0.395664
0.38648
0.381442
0.379454
0.379947
0.382947
0.388712
0.397763
0.41139
0.431337
0.459103
0.489173
0.501525
0.352815
0.355786
0.546339
0.513715
0.473854
0.438156
0.4118
0.395933
0.386584
0.381496
0.379531
0.380115
0.383182
0.389014
0.398463
0.411672
0.431787
0.461607
0.493711
0.496824
0.321079
0.323997
0.524442
0.49411
0.463277
0.433474
0.41165
0.395801
0.386488
0.381488
0.379542
0.380092
0.383243
0.389196
0.398686
0.41188
0.431689
0.468703
0.509182
0.504293
0.32994
0.328902
0.495398
0.494819
0.464966
0.434251
0.411234
0.395966
0.386568
0.381473
0.379489
0.380099
0.383242
0.389189
0.398709
0.41313
0.430228
0.455037
0.485319
0.506064
0.37443
0.379495
0.522373
0.52281
0.480263
0.437478
0.413156
0.396541
0.386856
0.381699
0.379657
0.380192
0.383261
0.389084
0.398238
0.411676
0.430733
0.457161
0.501188
0.531859
0.359799
0.357389
0.500401
0.510622
0.472532
0.436527
0.412034
0.396303
0.386816
0.381527
0.379553
0.380091
0.3832
0.389238
0.398765
0.411875
0.43097
0.456346
0.488019
0.521881
0.404919
0.345167
0.493926
0.493411
0.46463
0.438479
0.413032
0.396361
0.386724
0.381402
0.379318
0.379928
0.382951
0.388943
0.398612
0.412505
0.433032
0.460268
0.492208
0.531321
0.360717
0.309955
0.49041
0.49612
0.46702
0.435728
0.41178
0.396096
0.386554
0.381254
0.379173
0.379668
0.382666
0.388495
0.398179
0.412774
0.439087
0.473494
0.508794
0.504865
0.332972
0.316587
0.518195
0.524268
0.482042
0.440898
0.41243
0.396063
0.386442
0.381289
0.379233
0.379706
0.382611
0.388236
0.397268
0.411553
0.435106
0.467964
0.499857
0.526734
0.381134
0.351748
0.501921
0.509879
0.4728
0.436354
0.411551
0.395326
0.386119
0.381186
0.379198
0.379697
0.382559
0.388107
0.39704
0.410598
0.430784
0.463929
0.488448
0.51063
0.359569
0.304552
0.486832
0.529047
0.481906
0.439401
0.410922
0.394639
0.385585
0.380845
0.379092
0.379696
0.382627
0.388238
0.397233
0.410586
0.429042
0.454367
0.49073
0.524677
0.356627
0.304127
0.487576
0.500275
0.463937
0.432844
0.40924
0.394127
0.385372
0.380722
0.379061
0.379734
0.38275
0.388653
0.3983
0.412573
0.429667
0.453625
0.490437
0.496067
0.401258
0.3125
0.494214
0.485167
0.452952
0.42865
0.407882
0.39398
0.385424
0.380826
0.379119
0.379789
0.382814
0.388615
0.397919
0.411104
0.430284
0.454768
0.478027
0.482777
0.337623
0.310568
0.512181
0.493369
0.454102
0.433204
0.410311
0.394721
0.385616
0.380848
0.37907
0.379726
0.382827
0.388616
0.398141
0.411785
0.432098
0.458346
0.489262
0.490527
0.308988
0.309981
0.482048
0.5085
0.45345
0.430748
0.409286
0.394526
0.3857
0.380986
0.379166
0.379769
0.382876
0.388728
0.398052
0.412385
0.434297
0.470999
0.505771
0.501906
0.325858
0.31503
0.499807
0.490751
0.449452
0.426354
0.407871
0.394174
0.385617
0.380889
0.379104
0.379727
0.382833
0.38886
0.398841
0.414339
0.437166
0.467435
0.506482
0.531194
0.376061
0.323426
0.466314
0.462635
0.445071
0.425497
0.409017
0.394435
0.385577
0.380812
0.379043
0.379692
0.382745
0.38861
0.39811
0.412339
0.432653
0.460417
0.499565
0.517825
0.352038
0.354129
0.467069
0.467483
0.447391
0.426418
0.408201
0.393922
0.385299
0.380622
0.378775
0.379433
0.38258
0.388545
0.398358
0.414078
0.433575
0.459965
0.488334
0.505404
0.3379
0.297356
0.471732
0.473273
0.450258
0.431351
0.408047
0.393855
0.385279
0.380557
0.378664
0.379304
0.382461
0.388435
0.398172
0.413231
0.435549
0.469964
0.489761
0.503829
0.364451
0.306339
0.471369
0.475862
0.452194
0.427969
0.408004
0.393907
0.385218
0.380433
0.378539
0.379077
0.382136
0.38818
0.398369
0.414619
0.43852
0.463754
0.503796
0.504567
0.312744
0.315041
0.497187
0.500474
0.465301
0.429746
0.408521
0.394093
0.38534
0.38046
0.378473
0.378861
0.381719
0.387488
0.397184
0.4124
0.434873
0.465824
0.480966
0.49958
0.318667
0.356544
0.478651
0.485552
0.455673
0.429202
0.410157
0.394822
0.385498
0.38042
0.378346
0.37872
0.38148
0.387003
0.3962
0.410278
0.429449
0.451473
0.476841
0.522448
0.363657
0.315157
0.474233
0.492501
0.456109
0.429533
0.409969
0.394959
0.38561
0.38055
0.378432
0.378743
0.381383
0.386582
0.395213
0.408197
0.426848
0.457669
0.474191
0.493127
0.352627
0.32163
0.483668
0.503881
0.458695
0.430776
0.409617
0.395001
0.385819
0.380665
0.378526
0.378818
0.381461
0.386736
0.39555
0.40849
0.425865
0.445221
0.46952
0.485795
0.353578
0.335919
0.507861
0.48609
0.458295
0.431767
0.410373
0.39564
0.386058
0.380779
0.3786
0.37886
0.381499
0.386826
0.395762
0.410651
0.430417
0.445279
0.47127
0.490079
0.337852
0.358582
0.503145
0.504113
0.470901
0.438294
0.413457
0.396314
0.386313
0.38088
0.378702
0.378908
0.381476
0.386744
0.395227
0.407394
0.423125
0.443098
0.466871
0.485173
0.369809
0.31564
0.493053
0.490009
0.462333
0.434328
0.412775
0.396567
0.386705
0.381194
0.378842
0.378979
0.381626
0.387171
0.396377
0.409615
0.423755
0.442834
0.465954
0.484137
0.326319
0.325197
0.49544
0.490339
0.462177
0.434517
0.413206
0.397034
0.387036
0.381501
0.378989
0.379006
0.381559
0.386822
0.395425
0.407972
0.424208
0.441958
0.46129
0.479295
0.368644
0.332147
0.526565
0.495066
0.464477
0.435551
0.412785
0.397029
0.387144
0.381505
0.378987
0.379024
0.38153
0.386914
0.396011
0.410138
0.429249
0.443429
0.461536
0.480552
0.346767
0.343274
0.513005
0.49605
0.4654
0.4362
0.413043
0.397086
0.387147
0.381517
0.378911
0.378999
0.381463
0.386546
0.394781
0.407174
0.424338
0.443004
0.458432
0.478852
0.391182
0.370919
0.520394
0.513269
0.476449
0.441645
0.415225
0.397806
0.387305
0.381564
0.37899
0.379036
0.381537
0.386707
0.395625
0.407976
0.427056
0.45556
0.459304
0.461998
0.326088
0.323191
0.531015
0.495255
0.46547
0.436784
0.413283
0.397257
0.387281
0.381582
0.378968
0.379046
0.381612
0.386714
0.395172
0.40844
0.430499
0.452002
0.463268
0.464731
0.285428
0.33212
0.499389
0.490059
0.463824
0.436739
0.413099
0.397138
0.387266
0.381652
0.37917
0.37921
0.381741
0.386918
0.395454
0.408468
0.42632
0.448393
0.469145
0.47096
0.298981
0.343867
0.506371
0.492711
0.465017
0.44096
0.414959
0.397466
0.387297
0.381649
0.37918
0.379225
0.38182
0.387091
0.39601
0.410063
0.433395
0.463083
0.492595
0.481813
0.341202
0.36512
0.516024
0.49253
0.4648
0.437851
0.413499
0.397056
0.387086
0.381567
0.37921
0.37936
0.382013
0.387456
0.396502
0.410665
0.431293
0.461219
0.489704
0.485589
0.303262
0.410192
0.533177
0.496127
0.467375
0.443
0.415392
0.39745
0.387215
0.381678
0.379294
0.379465
0.382231
0.387884
0.397184
0.411967
0.435892
0.464617
0.496357
0.513492
0.309344
0.361555
0.497166
0.493673
0.467139
0.441383
0.414456
0.397216
0.387215
0.381753
0.379405
0.379801
0.382746
0.388638
0.39861
0.41397
0.433519
0.46355
0.493313
0.503689
0.346511
0.338847
0.505365
0.500124
0.470087
0.441433
0.414458
0.397383
0.387337
0.381958
0.379743
0.380174
0.383207
0.389286
0.399436
0.414326
0.435467
0.461256
0.488133
0.49788
0.319929
0.38802
0.534797
0.505821
0.472649
0.440411
0.415626
0.398538
0.388225
0.38256
0.380178
0.380628
0.383788
0.390197
0.401031
0.417913
0.438731
0.464703
0.491648
0.498899
0.324907
0.370142
0.530811
0.513065
0.477382
0.442789
0.416674
0.399326
0.388866
0.383132
0.380669
0.381226
0.384575
0.391218
0.402456
0.420188
0.447411
0.479506
0.51545
0.509354
0.370299
0.40955
0.540951
0.517877
0.480254
0.445128
0.418315
0.400126
0.389355
0.383591
0.381242
0.381902
0.385347
0.392136
0.403482
0.421363
0.447321
0.47623
0.512669
0.506977
0.342339
0.37533
0.571442
0.539748
0.492971
0.451067
0.420306
0.400905
0.389817
0.384094
0.381993
0.382775
0.386339
0.393258
0.404735
0.422767
0.44926
0.484889
0.516703
0.517418
0.352568
0.418102
0.543966
0.527711
0.488719
0.450129
0.420969
0.402012
0.390916
0.385196
0.383105
0.383927
0.387573
0.39464
0.406166
0.423697
0.446814
0.476282
0.507685
0.522242
0.366515
0.39062
0.549068
0.531259
0.490246
0.453113
0.42264
0.403673
0.392538
0.386821
0.384701
0.385483
0.389097
0.396163
0.407821
0.425498
0.448764
0.478397
0.510625
0.529082
0.411067
0.404278
0.563764
0.539012
0.492788
0.455282
0.425093
0.406003
0.394874
0.389114
0.386912
0.387576
0.391052
0.398046
0.40972
0.427574
0.452089
0.489879
0.518939
0.539339
0.37337
0.459108
0.572878
0.554996
0.499231
0.45844
0.42848
0.409205
0.397937
0.391957
0.389521
0.389966
0.393191
0.399906
0.411345
0.428846
0.452611
0.485548
0.522837
0.549287
0.425718
0.441163
0.579837
0.535927
0.491494
0.458817
0.431668
0.412748
0.40124
0.395019
0.39241
0.392664
0.39564
0.402037
0.413121
0.430822
0.456803
0.489801
0.546852
0.588742
0.424475
0.427637
0.623396
0.554039
0.493638
0.459076
0.433779
0.415647
0.404436
0.39834
0.395722
0.395844
0.398602
0.40466
0.415248
0.431943
0.45573
0.490106
0.535358
0.577046
0.420714
0.464524
0.601335
0.537533
0.490939
0.459406
0.434826
0.418372
0.408052
0.402421
0.39996
0.39993
0.402277
0.40768
0.417542
0.433343
0.458057
0.496615
0.551843
0.556746
0.393651
0.414439
0.580433
0.54386
0.491885
0.456707
0.434565
0.420577
0.412316
0.407845
0.405827
0.405711
0.407524
0.411873
0.420028
0.43362
0.453953
0.484238
0.531479
0.58111
0.429735
0.374889
0.548575
0.517063
0.47605
0.449781
0.433437
0.423576
0.417915
0.414928
0.413517
0.413352
0.414524
0.417463
0.423326
0.433622
0.44992
0.474469
0.511707
0.538061
0.36976
0.328612
0.512102
0.492327
0.461512
0.442341
0.431655
0.425973
0.423222
0.421859
0.421151
0.421018
0.421626
0.423151
0.426391
0.432718
0.443916
0.461832
0.488709
0.507808
0.331493
0.2942
0.479182
0.466023
0.446527
0.434717
0.427934
0.425364
0.424174
0.42354
0.423144
0.423111
0.423629
0.424748
0.426601
0.429923
0.437939
0.449796
0.467479
0.478147
0.295969
0.283683
0.459046
0.449504
0.435763
0.426534
0.421509
0.419644
0.418733
0.418044
0.417635
0.417689
0.418334
0.419378
0.42095
0.423521
0.429276
0.439011
0.451744
0.459148
0.284726
0.300351
0.4522
0.438256
0.422831
0.412298
0.406541
0.40248
0.399916
0.398243
0.397431
0.397552
0.398713
0.400767
0.403757
0.408254
0.414109
0.424751
0.439935
0.454646
0.302895
0.344934
0.45965
0.419556
0.39821
0.387616
0.382254
0.37976
0.378779
0.378266
0.378084
0.378108
0.378459
0.379055
0.380113
0.382751
0.387951
0.398458
0.419837
0.461967
0.345076
0.365499
0.43774
0.390124
0.380224
0.377244
0.376069
0.375501
0.375212
0.375062
0.375004
0.375011
0.375097
0.375271
0.375578
0.376154
0.377296
0.380184
0.38989
0.437712
0.36552
)
;

boundaryField
{
    fixedWalls_1
    {
        type            kqRWallFunction;
        value           nonuniform List<scalar> 
200
(
0.326041
0.339205
0.343843
0.352222
0.386976
0.341671
0.375437
0.344251
0.317275
0.323905
0.376969
0.358713
0.342464
0.373775
0.306062
0.309859
0.314638
0.364049
0.329642
0.304562
0.311879
0.362269
0.331291
0.299159
0.300585
0.311409
0.320876
0.366992
0.339818
0.319024
0.325691
0.341723
0.381847
0.331171
0.373673
0.346842
0.324982
0.329089
0.383796
0.361627
0.334487
0.37406
0.324489
0.371499
0.361979
0.362409
0.334239
0.337527
0.347977
0.369007
0.322012
0.36703
0.336392
0.302711
0.300305
0.307687
0.312611
0.31939
0.329479
0.373113
0.312963
0.322571
0.326801
0.343961
0.37626
0.369211
0.377313
0.36351
0.331365
0.335149
0.353596
0.373589
0.378517
0.339313
0.394457
0.371687
0.344194
0.372716
0.318204
0.328015
0.365946
0.327611
0.371848
0.370532
0.373778
0.358187
0.371447
0.420419
0.416741
0.42837
0.424066
0.402343
0.436695
0.374289
0.333926
0.294369
0.284022
0.299725
0.344451
0.365783
0.320047
0.331001
0.333801
0.343374
0.372566
0.303057
0.305965
0.30306
0.312307
0.31319
0.321805
0.349432
0.304281
0.337763
0.312371
0.31626
0.330851
0.338772
0.356007
0.407212
0.355217
0.335039
0.383872
0.381542
0.383681
0.368567
0.40174
0.336808
0.341463
0.347658
0.311124
0.323883
0.350633
0.293194
0.299854
0.344067
0.324395
0.313271
0.323912
0.329799
0.281598
0.288216
0.288619
0.299457
0.304223
0.313465
0.319006
0.327322
0.361486
0.315618
0.353489
0.341612
0.333337
0.309089
0.312902
0.359251
0.329091
0.299124
0.302366
0.33743
0.314134
0.320906
0.366753
0.346413
0.387015
0.335945
0.306481
0.341482
0.3181
0.322131
0.336866
0.369242
0.313345
0.283585
0.289574
0.290684
0.325899
0.300862
0.304953
0.347605
0.343741
0.350999
0.351277
0.333833
0.340352
0.354781
0.397613
0.356423
0.405981
0.379625
0.415949
0.36278
0.370135
0.388278
0.326149
0.29697
0.284828
0.302713
0.344924
0.365601
)
;
    }
    frontAndBack_1
    {
        type            empty;
    }
    inlet_1
    {
        type            fixedValue;
        value           uniform 0.375;
    }
    outlet_1
    {
        type            zeroGradient;
    }
    fixedWalls_2
    {
        type            kqRWallFunction;
        value           nonuniform List<scalar> 
200
(
0.876681
0.943995
0.930137
0.944709
0.937477
0.912417
0.961993
0.904273
0.972252
0.926672
0.877719
0.888832
0.95778
0.897055
0.945549
0.871529
0.890514
0.907666
0.945375
0.913583
0.961506
0.886076
0.939546
0.886395
0.83444
0.83853
0.905461
0.897773
0.890945
0.852685
0.860995
0.874998
0.926375
0.844445
0.888535
0.81173
0.803055
0.804379
0.798986
0.804627
0.79945
0.804339
0.812171
0.826675
0.834095
0.889438
0.830971
0.83759
0.891948
0.853691
0.87359
0.916769
0.911422
0.91196
0.900675
0.855414
0.87025
0.909432
0.896658
0.960043
0.869446
0.822387
0.878768
0.816611
0.825351
0.882283
0.818724
0.827129
0.881231
0.829172
0.840823
0.901683
0.871305
0.85979
0.812051
0.81413
0.837427
0.899776
0.885477
0.900585
0.892763
0.873443
0.824171
0.865493
0.794498
0.811001
0.822929
0.880337
0.820126
0.85401
0.747685
0.749064
0.759982
0.607173
0.498534
0.379801
0.348527
0.346266
0.362627
0.371592
0.872711
0.939574
0.870527
0.879666
0.93312
0.848877
0.844433
0.854357
0.856391
0.871485
0.876582
0.891614
0.936386
0.859386
0.894694
0.921467
0.893026
0.845518
0.858954
0.935304
0.919384
0.903723
0.846705
0.846214
0.849414
0.852736
0.85926
0.895792
0.805993
0.81305
0.816448
0.860022
0.79816
0.804284
0.817683
0.827353
0.89186
0.876249
0.894688
0.898514
0.912233
0.917343
0.906257
0.867555
0.847759
0.866449
0.934376
0.92246
0.910109
0.86507
0.873463
0.89287
0.953543
0.901065
0.977166
0.983336
0.967924
0.987996
0.934374
0.999807
0.893549
0.831572
0.844319
0.860991
0.926375
0.867815
0.878616
0.905209
0.925056
0.981443
0.92361
0.982419
0.889972
0.906883
0.952694
0.895424
0.965355
0.944474
0.965561
0.954469
0.932834
0.988714
0.91226
0.934668
0.983587
0.875185
0.83889
0.892959
0.849169
0.906075
0.818549
0.764146
0.753555
0.684413
0.516263
0.40329
0.348991
0.347418
0.363828
0.370486
)
;
    }
    frontAndBack_2
    {
        type            empty;
    }
    inlet_2
    {
        type            fixedValue;
        value           uniform 0.375;
    }
    outlet_2
    {
        type            zeroGradient;
    }
    fixedWalls_3
    {
        type            kqRWallFunction;
        value           nonuniform List<scalar> 
200
(
1.553
1.62331
1.49352
1.48717
1.50134
1.51097
1.58684
1.48746
1.40324
1.40212
1.41056
1.41627
1.43109
1.43802
1.45201
1.47581
1.45374
1.52446
1.49002
1.45682
1.4742
1.54481
1.46887
1.47211
1.48901
1.50143
1.56388
1.48467
1.49268
1.54551
1.45278
1.45455
1.4687
1.49635
1.51265
1.54271
1.56103
1.63857
1.54527
1.51015
1.58912
1.54463
1.49876
1.51994
1.47148
1.4905
1.51537
1.47593
1.53283
1.47621
1.48277
1.54721
1.51955
1.49405
1.55282
1.47572
1.54628
1.47466
1.48918
1.567
1.51502
1.47057
1.4821
1.55379
1.5062
1.52589
1.60566
1.58471
1.56799
1.63424
1.51967
1.44175
1.4543
1.45614
1.4713
1.48449
1.55561
1.45906
1.50471
1.32391
1.30992
1.29018
1.28301
1.26188
1.25032
1.24543
1.29044
1.21627
1.21399
1.21971
1.24057
1.09598
0.970827
0.768014
0.571735
0.426731
0.36129
0.358749
0.36537
0.368223
1.57043
1.66601
1.59344
1.68169
1.5288
1.44109
1.45882
1.52501
1.4022
1.41625
1.42111
1.44162
1.45445
1.52062
1.46359
1.48001
1.5559
1.52801
1.52231
1.46712
1.48721
1.51107
1.57911
1.50309
1.59288
1.58157
1.59467
1.563
1.49034
1.5367
1.40235
1.40417
1.39917
1.41041
1.41817
1.43529
1.44965
1.52334
1.41355
1.4153
1.43222
1.47225
1.41792
1.49819
1.48441
1.51118
1.52382
1.55266
1.57345
1.5924
1.58614
1.54224
1.59589
1.46141
1.46484
1.49569
1.42465
1.4434
1.46643
1.53431
1.46257
1.47767
1.56127
1.5017
1.52519
1.62129
1.55075
1.45836
1.45828
1.47285
1.49748
1.45728
1.47792
1.49867
1.58609
1.51829
1.59405
1.50006
1.58655
1.49936
1.41014
1.40763
1.42277
1.43949
1.40877
1.31145
1.24986
1.30071
1.18028
1.1758
1.18815
1.22408
1.04519
0.862001
0.664127
0.461039
0.364342
0.360518
0.366994
0.373199
)
;
    }
    frontAndBack_3
    {
        type            empty;
    }
    inlet_3
    {
        type            fixedValue;
        value           uniform 0.375;
    }
    outlet_3
    {
        type            zeroGradient;
    }
    fixedWalls_4
    {
        type            kqRWallFunction;
        value           nonuniform List<scalar> 
200
(
0.863863
0.927032
0.875931
0.88986
0.958946
0.940595
0.92939
0.892049
0.934032
0.836159
0.847366
0.852603
0.872455
0.88346
0.946214
0.915857
0.953249
0.899646
0.822194
0.833457
0.836138
0.886065
0.808843
0.806659
0.819404
0.830757
0.888288
0.85075
0.866335
0.929509
0.877679
0.886894
0.935662
0.839381
0.848288
0.850465
0.856019
0.852777
0.856659
0.855165
0.862417
0.873348
0.929952
0.849325
0.843555
0.84695
0.843818
0.847265
0.845052
0.855989
0.866957
0.931462
0.902006
0.959486
0.879316
0.820107
0.834896
0.850315
0.91031
0.866097
0.916191
0.849074
0.899868
0.838869
0.847915
0.906314
0.842149
0.846212
0.856724
0.89838
0.822149
0.873462
0.808437
0.812489
0.835219
0.892405
0.877118
0.879592
0.853931
0.86599
0.888655
0.937184
0.856986
0.8243
0.887372
0.869029
0.852719
0.80533
0.815897
0.836475
0.893568
0.806345
0.726996
0.621457
0.49542
0.385728
0.350477
0.346924
0.362379
0.371047
0.891749
0.971166
0.968378
0.986263
0.96941
1.03722
0.969561
0.994981
1.06033
1.00464
0.945277
0.911398
0.938889
0.980186
0.954188
0.872686
0.886018
0.918506
0.863546
0.886438
0.939747
0.875505
0.943327
0.893393
0.843305
0.849013
0.870469
0.886943
0.950345
0.915511
0.955557
0.924649
0.856721
0.919126
0.840825
0.841702
0.85273
0.857494
0.873588
0.886496
0.946156
0.882198
0.886646
0.895519
0.936539
0.878174
0.949347
0.936107
0.953428
0.947644
0.922132
0.984328
0.872939
0.805664
0.815342
0.834145
0.855309
0.914356
0.875231
0.838626
0.850112
0.916982
0.851988
0.86113
0.881835
0.943513
0.861091
0.921405
0.848198
0.846877
0.851123
0.856633
0.868427
0.882867
0.907464
0.969159
0.882544
0.826356
0.841252
0.907816
0.884685
0.894291
0.884996
0.869362
0.812934
0.815939
0.820894
0.838261
0.856023
0.878105
0.911064
0.860381
0.774185
0.644031
0.527965
0.395293
0.351474
0.349027
0.36073
0.372173
)
;
    }
    frontAndBack_4
    {
        type            empty;
    }
    inlet_4
    {
        type            fixedValue;
        value           uniform 0.375;
    }
    outlet_4
    {
        type            zeroGradient;
    }
    fixedWalls_5
    {
        type            kqRWallFunction;
        value           nonuniform List<scalar> 
200
(
0.336078
0.354555
0.397704
0.333822
0.296159
0.310061
0.331872
0.358565
0.33433
0.302092
0.304332
0.316354
0.325126
0.367564
0.329531
0.336828
0.355989
0.344116
0.3504
0.395865
0.392286
0.411345
0.409915
0.395178
0.356536
0.389013
0.335247
0.378319
0.322808
0.322103
0.326226
0.321033
0.32493
0.320251
0.326242
0.358662
0.292649
0.302384
0.313467
0.326008
0.368456
0.362195
0.372067
0.371913
0.355786
0.323997
0.328902
0.379495
0.357389
0.345167
0.309955
0.316587
0.351748
0.304552
0.304127
0.3125
0.310568
0.309981
0.31503
0.323426
0.354129
0.297356
0.306339
0.315041
0.356544
0.315157
0.32163
0.335919
0.358582
0.31564
0.325197
0.332147
0.343274
0.370919
0.323191
0.33212
0.343867
0.36512
0.410192
0.361555
0.338847
0.38802
0.370142
0.40955
0.37533
0.418102
0.39062
0.404278
0.459108
0.441163
0.427637
0.464524
0.414439
0.374889
0.328612
0.2942
0.283683
0.300351
0.344934
0.365499
0.323546
0.338527
0.374829
0.334224
0.382764
0.358949
0.37955
0.379369
0.327007
0.336431
0.341219
0.361326
0.410155
0.36186
0.330494
0.367443
0.347549
0.364991
0.365464
0.321109
0.358298
0.320708
0.31507
0.312078
0.307698
0.309204
0.303713
0.309757
0.347825
0.316794
0.323083
0.362996
0.337754
0.319795
0.351538
0.306721
0.340881
0.314107
0.317476
0.331452
0.341353
0.364363
0.317325
0.352815
0.321079
0.32994
0.37443
0.359799
0.404919
0.360717
0.332972
0.381134
0.359569
0.356627
0.401258
0.337623
0.308988
0.325858
0.376061
0.352038
0.3379
0.364451
0.312744
0.318667
0.363657
0.352627
0.353578
0.337852
0.369809
0.326319
0.368644
0.346767
0.391182
0.326088
0.285428
0.298981
0.341202
0.303262
0.309344
0.346511
0.319929
0.324907
0.370299
0.342339
0.352568
0.366515
0.411067
0.37337
0.425718
0.424475
0.420714
0.393651
0.429735
0.36976
0.331493
0.295969
0.284726
0.302895
0.345076
0.36552
)
;
    }
    frontAndBack_5
    {
        type            empty;
    }
    inlet_5
    {
        type            fixedValue;
        value           uniform 0.375;
    }
    outlet_5
    {
        type            zeroGradient;
    }
}


// ************************************************************************* //
