/*--------------------------------*- C++ -*----------------------------------*\
  =========                 |
  \\      /  F ield         | OpenFOAM: The Open Source CFD Toolbox
   \\    /   O peration     | Website:  https://openfoam.org
    \\  /    A nd           | Version:  6
     \\/     M anipulation  |
\*---------------------------------------------------------------------------*/
FoamFile
{
    version     2.0;
    format      ascii;
    class       volScalarField;
    location    "2";
    object      epsilon;
}
// * * * * * * * * * * * * * * * * * * * * * * * * * * * * * * * * * * * * * //

dimensions      [0 2 -3 0 0 0 0];

internalField   nonuniform List<scalar> 
10000
(
1191.38
555.045
279.443
125.635
62.6633
36.3051
24.4236
19.2131
16.982
16.2495
16.5293
17.8302
20.6868
26.6123
38.765
63.532
120.655
250.669
498.298
1108.37
932.839
472.35
233.684
108.542
56.3024
33.425
23.3043
18.7728
16.7368
16.0396
16.2804
17.446
19.9456
24.9783
35.3202
56.5904
99.4635
181.158
348.683
867.031
984.243
470.821
227.623
103.814
53.3539
31.8761
22.5635
18.448
16.5875
15.945
16.1604
17.2208
19.4646
23.9304
33.1396
53.6191
100.076
202.978
403.626
919.534
974.17
400.005
182.351
83.4178
44.3333
27.739
21.0184
18.0009
16.4349
15.8681
16.0846
17.0817
19.131
23.0776
30.5412
43.1302
77.3862
170.159
385.209
904.021
988.085
443.779
214.604
98.1712
50.5786
30.3851
21.8134
18.0557
16.3991
15.839
16.0475
16.9193
18.5607
22.1447
29.6974
45.8575
81.4369
162.232
337.919
904.29
1030.5
386.588
171.837
77.3841
41.5975
26.4905
20.1013
17.6292
16.2891
15.8105
16.0177
17.0825
19.3215
23.6881
32.2286
49.1158
87.3904
174.97
358.663
903.456
959.212
421.46
200.797
93.1463
49.167
29.9236
21.5414
17.8523
16.2407
15.757
16.1761
17.4678
20.1235
25.4397
36.1175
54.9608
98.3006
193.602
382.408
903.016
968.99
479.508
228.831
106.059
55.4748
32.8507
22.9078
18.5177
16.562
15.8867
16.0259
17.1414
19.5827
24.8532
37.5127
62.0388
113.382
222.265
424.108
902.718
972.944
469.42
193.844
100.613
54.4107
32.723
22.9176
18.5076
16.409
15.7797
16.0902
17.519
20.271
25.7457
37.2937
61.2582
112.259
220.612
420.016
903.002
988.401
436.298
213.646
98.6372
51.0692
31.6913
22.7439
18.4953
16.5875
15.9186
16.1218
17.0944
19.523
25.2421
36.2912
59.0935
107.543
212.359
412.593
902.72
1035.01
501.74
256.65
120.238
60.5736
34.6455
23.4618
18.3691
16.5307
15.9124
16.0769
17.3416
19.8405
24.8229
34.9309
55.9993
102.007
202.86
397.296
903.136
979.258
496.578
252.678
119.407
60.9988
34.9299
23.6403
18.7103
16.4373
15.7953
16.058
17.2013
19.2787
23.3687
31.1755
46.8509
82.2408
165.115
346.371
902.761
1028.53
490.994
250.061
117.763
60.0431
34.6338
23.5907
18.7543
16.5217
15.9432
16.2831
17.5906
20.3474
25.8324
36.3251
56.1305
100.488
197.015
385.89
902.469
958.893
475.012
239.99
113.854
58.99
34.25
23.4258
18.728
16.6435
15.871
16.1187
17.3211
20.0544
26.3404
38.494
63.3369
115.319
224.892
426.474
902.218
969.237
462.56
234.261
110.834
57.4677
33.6365
23.1936
18.6697
16.6706
16.0227
16.3528
17.6937
20.5521
26.3587
38.296
62.9499
114.919
224.426
423.792
902.497
972.107
422.161
203.907
95.8841
53.9719
32.9814
22.9684
18.6317
16.6585
16.0202
16.3421
17.6534
20.4374
26.0559
37.6436
61.4871
111.337
218.096
418.846
902.178
985.406
498.89
254.701
119.701
60.5881
34.4394
22.6798
18.5641
16.6422
16.0058
16.2994
17.5562
20.2353
25.6299
36.6994
59.3855
107.257
211.138
407.178
902.536
1028.51
502.279
258.825
121.747
61.2555
34.9168
23.6104
18.7777
16.6505
15.9779
16.2507
17.4361
19.9833
25.1313
35.667
56.2556
90.5334
178.837
365.565
902.132
959.433
494.822
254.59
120.64
61.2986
34.9754
23.6734
18.8071
16.6784
15.9648
16.1655
17.021
19.138
23.5734
33.4587
57.8827
105.36
208.792
408.422
902.004
972.865
494.192
256.195
121.086
61.1435
34.9334
23.6823
18.7966
16.6424
15.857
16.1983
17.4114
19.9362
24.9413
35.1217
56.4104
101.544
201.759
396.228
902.403
984.914
499.074
254.718
120.173
61.0436
34.8779
23.6288
18.7298
16.4299
15.7815
16.1449
17.3786
19.8707
24.4656
32.3037
49.0219
82.0514
163.92
345.026
902.06
1028.09
494.438
252.769
118.844
60.1874
34.5895
23.5628
18.7365
16.4752
15.8119
15.9388
17.0562
19.8829
25.2347
36.2364
58.7537
98.9541
193.732
382.06
901.839
959.482
480.19
243.896
115.262
59.1228
34.198
23.4078
18.7135
16.6003
15.7692
15.9155
16.8998
19.083
23.7479
34.3242
60.5415
111.541
219.185
419.442
901.726
973.09
470.284
239.123
112.094
57.1615
33.3623
23.0844
18.5861
16.5739
15.8491
16.0469
17.1551
19.6435
24.8553
35.9664
59.4572
109.628
216.693
413.382
902.207
985.116
462.405
228.67
105.285
53.842
31.7921
22.3369
18.24
16.406
15.7146
15.7664
16.4912
18.4456
23.2181
33.7698
55.7554
103.223
207.565
404.33
901.997
1027.67
446.456
211.478
82.2562
41.6151
26.1174
19.7406
17.0667
16.0024
15.5782
15.6557
16.3766
17.9347
21.1346
28.2775
45.5912
94.3773
194.235
389.197
901.941
957.927
356.734
161.07
81.7811
45.7528
28.8727
21.1568
17.709
16.1476
15.5813
15.7462
16.5469
18.2391
21.6354
28.6608
43.2413
75.0205
152.877
331.478
901.844
966.429
392.729
186.748
96.2312
52.2158
31.9004
22.5022
18.3526
16.4823
15.7688
15.9242
16.7954
18.6473
22.3852
30.0957
46.3427
82.9246
167.444
348.711
901.715
965.148
422.738
205.67
95.2477
49.9512
32.0283
22.5863
18.4598
16.5669
15.9121
16.1467
17.2033
19.3202
23.636
32.1256
48.938
86.7979
173.361
356.236
901.52
965.061
479.656
242.896
114.628
58.6997
33.8293
22.4888
18.4109
16.5676
15.8983
16.0876
17.4278
20.0882
25.3915
36.0224
54.928
98.3092
193.754
382.724
901.259
965.415
474.602
242.378
114.745
58.9197
34.1979
23.3092
18.3199
16.3754
15.8305
16.0123
17.1229
19.5609
24.8238
37.4454
61.9214
113.216
222.125
424.186
901.083
965.178
469.073
234.83
111.151
57.8558
33.8853
23.3184
18.6758
16.621
15.8566
16.1246
17.4697
20.2293
25.7111
37.2258
61.1495
112.115
220.485
420.089
901.455
965.643
451.736
225.771
106.5
55.5713
33.0315
23.0138
18.6043
16.6377
15.9576
16.2008
17.3303
19.5793
25.2238
36.2319
59.0309
107.499
212.351
412.739
901.259
965.322
400.675
188.012
87.8583
49.883
31.702
22.5653
18.4643
16.5914
15.9264
16.0606
17.1277
19.7867
24.775
34.8569
56.0215
102.126
203.011
397.493
901.764
965.328
455.899
224.033
104.787
54.6823
32.3127
21.8581
17.859
16.2422
15.7944
16.2243
17.2645
19.3507
23.3431
30.9913
47.0969
82.8152
165.847
346.921
901.494
965.853
438.101
214.892
100.116
52.2449
31.5145
22.3208
18.2701
16.4994
15.9666
16.3541
17.7704
20.663
26.2249
36.0071
56.8029
101.936
199.13
387.91
901.314
965.583
375.35
170.779
78.4991
42.5838
27.6902
20.6557
17.5099
16.1393
15.7727
16.2391
17.8149
20.8483
26.8619
39.2093
64.7397
117.977
229.001
430.713
901.178
965.417
426.883
209.728
98.7911
51.8525
32.5601
22.584
18.4102
16.5689
16.0122
16.4089
17.8362
20.8242
26.8367
39.2558
64.9319
118.811
230.715
430.621
901.566
965.343
480.937
244.116
115.449
59.1441
34.001
22.539
18.434
16.6179
16.0334
16.3959
17.7739
20.6968
26.6011
38.8365
64.11
116.813
227.474
429.941
901.347
965.821
476.344
243.956
115.66
59.332
34.339
23.348
18.3405
16.4207
15.9421
16.2039
17.6526
20.5165
26.2462
38.1019
62.7088
114.834
224.737
424.485
901.808
965.698
471.896
237.435
112.645
58.5334
34.1058
23.372
18.6947
16.6635
16.008
16.306
17.5867
20.2993
25.7814
37.1675
60.7865
110.778
218.085
419.439
901.654
966.248
456.586
230.035
108.97
56.7695
33.4391
23.1207
18.6277
16.6454
15.9862
16.2647
17.4741
20.0368
25.1878
35.857
58.008
106.059
210.705
407.827
902.157
965.991
411.196
196.756
92.8299
52.4156
32.5864
22.8231
18.5376
16.6012
15.9435
16.1992
17.3431
19.7452
24.5046
33.8232
49.3783
87.4352
176.899
366.21
901.859
966.023
477.059
241.103
114.272
58.9263
33.9508
22.5018
18.4167
16.5675
15.8849
15.9737
16.912
18.9565
23.3293
34.2619
55.4364
100.991
203.763
407.975
901.796
966.608
470.737
240.016
114.288
59.001
34.2609
23.3322
18.3295
16.3741
15.7804
16.1291
17.2939
19.5909
23.4374
31.3815
48.7444
87.165
175.557
365.215
902.346
966.689
461.843
230.849
110.454
58.0069
34.0258
23.4033
18.7215
16.6568
15.9261
16.0363
17.1397
19.7447
24.5643
34.3643
54.7945
99.8751
199.804
394.123
902.923
967.75
439.084
219.584
105.659
55.9985
33.3747
23.2316
18.6958
16.671
15.9705
16.1419
17.3537
19.4143
23.4221
31.5033
47.002
82.4691
165.719
347.459
902.786
968.975
383.725
195.629
98.6645
53.8624
32.7053
22.9828
18.5945
16.6349
15.9774
16.2561
17.4816
20.1251
25.5131
36.4841
55.399
99.2527
195.616
385.109
902.735
973.446
387.346
178.172
94.706
52.3881
32.2513
22.7907
18.5107
16.591
15.9185
16.1033
17.0065
19.3837
24.6918
37.2734
61.7002
112.963
222.071
424.477
902.735
986.928
420.94
200.583
91.3025
48.1041
31.4426
22.5446
18.4261
16.5611
15.8771
15.9811
17.0849
19.7897
25.488
36.7094
60.4645
111.194
219.576
419.549
903.282
1029.98
468.214
227.813
105.486
54.636
32.4601
22.6686
18.0637
16.2596
15.6921
15.9087
16.8689
18.9685
23.6045
35.1631
57.769
105.706
210.261
411.039
903.257
960.235
436.335
213.618
99.3398
51.8666
31.3754
22.3223
18.2697
16.4662
15.8602
16.0958
17.149
19.3842
23.9241
33.6212
54.098
99.0809
199.224
393.923
903.945
968.958
372.907
168.622
77.1444
41.889
27.3955
20.5232
17.4451
16.077
15.6364
15.8763
16.8007
18.5396
21.8328
28.9098
43.7255
76.7121
157.951
347.523
903.872
967.913
419.198
203.452
95.3226
50.2636
31.7101
22.3414
18.2935
16.483
15.8726
16.1219
17.2265
19.5014
23.5027
32.301
50.2061
86.8127
172.935
354.999
903.895
968.023
466.23
232.134
108.906
56.2415
32.8524
22.0587
17.9231
16.2231
15.6701
15.8885
16.953
19.5919
24.5603
34.8916
55.9016
93.8019
186.106
374.957
903.835
968.495
453.193
225.809
105.588
54.5458
32.3215
22.6222
18.3783
16.4977
15.8419
15.9989
16.8164
18.7586
22.9211
32.4466
56.4378
104.165
207.963
408.112
903.889
968.094
405.023
188.873
86.7715
45.9755
28.4649
20.8651
17.5878
16.1612
15.665
15.9057
17.0257
19.2533
23.7553
33.293
53.8192
98.9799
199.112
393.647
904.497
967.94
464.827
226.203
104.642
54.2177
32.2763
22.5675
18.3968
16.5432
15.8824
16.0105
16.727
18.3678
21.7839
28.8496
43.581
76.8978
158.148
346.9
904.352
968.351
416.996
197.911
92.5034
49.0831
31.7754
22.5332
18.4673
16.5857
15.9336
16.134
17.0556
19.2053
23.5251
32.2744
49.6921
87.6324
174.375
356.214
904.29
968.749
473.174
241.256
113.727
58.0651
33.5905
22.3487
18.0924
16.4682
15.9212
16.2053
17.3783
19.8844
24.9263
35.2047
55.1241
96.3848
190.248
378.855
904.127
968.552
471.344
236.882
112.043
57.9992
33.8183
23.1872
18.5673
16.4312
15.7742
15.9935
17.0323
19.272
23.935
34.3388
59.8368
109.86
216.192
416.541
904.052
969.047
455.008
228.81
108.038
56.053
33.1403
22.9924
18.5729
16.6158
15.968
16.2449
17.4612
20.056
25.3188
36.2628
59.0608
107.291
211.401
407.456
904.494
968.725
405.8
192.848
90.5856
50.8094
32.0308
22.6098
18.465
16.5892
15.9592
16.2193
17.3957
19.8853
24.9416
35.3811
55.9705
90.5512
179.031
365.686
904.18
968.741
466.261
233.597
110.314
56.9981
33.167
22.1606
17.9647
16.2598
15.7516
16.1177
17.144
19.0086
23.2563
32.9857
57.4316
105.554
209.394
408.948
904.131
969.292
453.589
228.283
108.16
55.9496
32.9916
22.9267
18.5208
16.5816
15.9396
16.2056
17.3302
19.6683
24.3798
34.2801
55.5322
101.744
202.561
396.806
904.596
969.072
434.98
213.784
101.331
53.1229
31.809
22.4628
18.3459
16.5212
15.9162
16.1241
17.1525
19.1336
22.9402
30.5005
46.6106
82.284
165.204
346.127
904.287
968.955
364.924
193.187
82.5688
43.7121
27.4699
20.4668
17.4114
16.0868
15.7554
16.2905
17.6936
20.4565
25.5375
35.1358
55.9991
100.961
197.953
386.662
904.059
968.715
384.466
174.555
91.091
49.8267
30.5259
21.9244
18.1106
16.4245
15.9234
16.3315
17.7124
20.6072
26.4246
38.4842
63.586
116.307
226.909
428.712
903.865
968.404
411.189
194.068
87.8062
45.9309
28.2771
20.7709
17.5352
16.1182
15.7093
16.1498
17.5939
20.4803
26.261
38.2717
63.2647
116.244
227.559
427.91
904.183
968.206
454.591
218.047
100.169
52.0693
31.0888
22.0654
18.1545
16.4164
15.8513
16.175
17.4776
20.2461
25.8154
37.4813
61.7104
112.87
222.521
426.047
903.867
968.705
395.838
181.484
83.6186
44.6353
27.833
20.5964
17.4464
16.044
15.5871
15.8348
16.9283
19.527
25.1389
36.2738
59.3732
109.008
217.108
418.825
904.205
969.174
432.859
210.766
97.5081
50.742
30.6726
21.9115
18.0576
16.3466
15.7734
15.9593
16.9809
19.2411
24.515
34.9068
56.4362
102.545
206.103
410.474
903.912
968.91
375.568
171.186
78.7456
42.6951
27.6566
20.608
17.4574
16.0753
15.6758
16.0889
17.2571
19.4363
23.084
31.0257
48.1388
85.7296
173.241
362.759
904.428
968.734
425.158
208.679
98.256
51.5822
32.3309
22.4566
18.3228
16.477
15.8601
16.0668
17.3223
19.7462
24.4421
34.1725
54.445
98.3828
197.198
391.2
904.959
968.69
478.335
242.833
115.02
58.9779
33.869
22.4504
18.3601
16.5366
15.9122
16.1735
17.3059
19.5952
23.6063
31.3775
47.4456
80.681
162.394
343.481
904.801
969.192
473.445
242.794
115.48
59.325
34.2792
23.2866
18.2884
16.3361
15.7399
16.0907
17.2722
19.7277
24.687
35.0045
55.9053
94.7826
187.698
375.921
904.766
969.165
468.159
236.201
112.828
58.7688
34.18
23.3914
18.6831
16.6164
15.8829
15.9694
16.9039
18.9778
23.3232
33.0876
57.1572
104.616
208.14
407.787
904.827
969.845
451.658
228.458
109.439
57.1044
33.5682
23.2031
18.6419
16.6264
15.9463
16.1855
17.3267
19.7124
24.5028
34.4706
55.2587
100.396
200.658
395.18
905.449
969.776
434.067
215.273
103.814
54.8095
32.6076
22.7671
18.4445
16.5426
15.9171
16.1888
17.3236
19.4725
23.3724
31.3975
46.6981
80.8642
162.974
344.059
905.309
969.793
365.858
196.506
95.6412
47.3922
28.7029
20.8837
17.5876
16.1771
15.6879
16.019
17.3619
19.9857
25.2241
35.829
55.2485
96.8841
191.203
379.381
905.269
969.737
383.245
175.69
93.5396
51.7656
31.7573
22.4201
18.3021
16.4897
15.8878
16.1301
17.1009
19.4413
24.5844
36.8622
60.381
109.114
214.658
414.348
905.282
969.588
410.106
197.786
91.5918
48.8685
31.6543
22.4505
18.3737
16.534
15.9245
16.2184
17.4371
20.0823
25.4688
36.6082
59.3065
106.818
210.517
406.108
905.796
969.555
455.343
226.537
107.437
56.4094
33.0834
22.1221
17.9227
16.2237
15.7021
16.0051
17.3276
19.9359
25.155
35.7602
55.9998
91.5001
180.516
366.64
905.506
969.982
442.217
220.695
104.847
55.3497
32.9465
22.8353
18.4505
16.5365
15.8913
16.0963
17.0043
19.1838
23.8148
34.1533
59.2501
107.526
212.045
410.923
905.408
969.563
393.889
186.12
88.295
50.5474
32.0029
22.5615
18.4064
16.5394
15.9125
16.1814
17.3615
19.9389
25.1952
36.0906
58.5694
105.435
208.204
403.138
905.718
969.355
446.446
221.877
106.247
56.3479
33.0794
22.1139
17.9122
16.2026
15.6601
15.9326
17.2271
19.7772
24.8838
35.2963
55.2726
90.1005
178.249
363.479
905.153
969.513
434.177
216.653
104.225
55.4449
32.9806
22.8998
18.4696
16.5155
15.833
15.8914
16.8078
18.9466
23.4109
33.4063
57.7762
105.134
208.248
405.687
904.683
968.658
416.625
203.494
98.6173
53.3301
32.158
22.6059
18.3731
16.4775
15.7293
15.9266
17.048
19.5954
24.6091
34.972
56.3814
102.506
203.836
397.605
904.479
967.47
353.266
185.469
91.8217
47.7174
28.951
21.0457
17.6398
16.1495
15.6654
15.861
16.8706
19.3796
24.1719
33.9334
53.0248
87.0276
173.766
357.418
903.189
965.538
363.977
164.344
87.7751
49.7985
31.0186
22.2723
18.3104
16.5342
15.8755
15.9328
16.7341
18.5675
22.5146
31.183
50.7546
99.7267
201.012
396.098
901.692
962.265
379.483
178.78
83.5588
45.8849
30.114
22.1699
18.3332
16.56
15.8223
16.0548
17.0137
19.1041
23.5917
33.1247
53.3088
97.0507
195.507
387.582
899.931
956.879
409.492
198.23
95.2758
51.8963
31.5551
22.4037
18.318
16.3393
15.7157
15.7991
16.5823
18.6547
22.8087
31.4435
49.7046
89.2999
182.278
371.97
895.822
947.344
393.708
188.947
90.4171
49.494
30.5459
21.9827
18.1538
16.321
15.7513
15.8195
16.4652
18.0693
20.5871
26.3986
39.3463
68.4946
142.657
316.919
888.203
927.941
370.32
172.726
82.0769
45.4445
28.2757
20.0498
17.1778
16.124
15.7948
15.9125
16.4868
17.8718
21.1514
27.1384
40.9886
72.011
149.408
324.695
872.797
891.497
301.505
129.491
60.532
34.6828
23.5852
19.1094
17.2281
16.3932
16.093
16.1806
16.6763
17.8071
20.2968
26.0727
38.9601
68.1075
143.533
328.363
842.977
827.131
289.525
129.181
61.7516
35.3862
24.3088
19.8186
17.8939
17.0136
16.6743
16.7314
17.1763
18.2037
20.4088
25.4593
37.076
64.1566
135.33
302.329
789.533
726.982
259.074
114.762
55.5132
32.7742
23.8927
20.3504
18.7
17.868
17.5182
17.5444
17.9468
18.8436
20.7155
25.2434
34.5046
58.2006
118.855
272.264
703.813
601.834
239.359
101.969
49.1294
30.3904
24.0218
20.9077
19.2851
18.425
18.0533
18.0697
18.4608
19.2952
20.7787
23.46
30.4102
48.9823
99.2937
228.57
591.177
502.058
227.654
83.8221
38.6705
23.7088
18.6155
16.9866
16.2938
15.9256
15.7606
15.7609
15.946
16.3488
17.1216
18.9178
24.1546
39.2576
84.655
226.896
498.72
473.803
34.0887
9.33049
12.4586
14.2299
14.9112
15.0552
15.0158
14.9544
14.9226
14.9296
14.9779
15.0497
15.0918
14.9362
14.235
12.4114
9.12259
34.1637
472.699
2147.64
966.961
575.47
267.236
106.914
47.4079
26.1506
18.752
16.3492
15.8199
16.2955
18.0037
22.2183
32.1791
55.7391
113.485
256.571
523.221
886.459
2038.17
1021.02
644.795
407.332
194.58
86.4236
41.6385
24.384
18.1197
16.0363
15.5652
15.9816
17.4871
21.1729
29.6969
48.9627
91.9277
186.133
362.65
581.744
973.056
1399.43
641.058
409.766
192.533
83.7222
40.0333
23.7192
17.8767
15.9049
15.4496
15.8307
17.2391
20.6812
28.5999
46.4779
87.0718
179.465
357.102
577.888
1300.97
1412.41
724.124
423.021
154.838
79.1022
39.2919
23.5468
17.7812
15.8158
15.3488
15.6926
17.0182
20.3069
27.9044
44.9284
82.4432
161.239
274.421
515.788
1198.67
1627.03
733.845
432.154
202.977
87.7314
40.438
23.6923
17.763
15.7784
15.3038
15.6019
16.8283
19.9341
27.249
43.9469
81.9323
169.435
342.492
585.227
1222.69
1154.33
635.501
393.39
192.22
85.4019
34.939
20.9013
17.2707
15.6827
15.2484
15.4991
16.6004
19.459
26.3007
41.9237
77.0172
161.964
336.053
573.77
1216.3
1266.11
639.189
397.465
196.169
87.0141
41.1737
23.8752
17.7885
15.7696
15.2263
15.3976
16.3513
18.925
25.2779
39.3954
62.8263
107.139
241.43
487.924
1216.97
1242.82
623.587
382.678
182.982
80.5741
38.9452
23.201
17.5689
15.6763
15.0976
15.224
15.7033
17.4344
22.8833
41.1629
75.893
144.534
301.008
541.563
1216.32
1255.34
606.631
359.225
168.305
73.687
36.0824
22.1545
17.2129
15.5836
15.1861
15.3592
16.328
18.7872
24.7327
38.7785
75.6933
185.287
367.925
607.449
1216.23
1271.06
526.862
263.705
118.141
52.4469
27.5952
19.0223
16.0838
15.1912
15.0555
15.4937
16.8078
20.1728
28.7183
48.9714
94.5515
194.636
377.549
611.051
1216.64
1314.93
617.973
345.514
178.236
75.6813
36.5694
22.4144
17.2198
15.5706
15.1765
15.3654
16.0615
19.3301
24.993
47.2507
92.2531
188.942
368.323
607.929
1216.32
1424.82
722.421
423.598
193.522
67.6962
31.596
21.608
17.0369
15.5559
15.1717
15.3564
16.1228
19.3159
26.5558
44.6835
88.1936
187.39
368.802
602.563
1216.96
1623.82
727.926
419.202
192.355
80.951
38.5222
22.8855
16.9082
15.3749
15.0462
15.2995
16.118
18.4343
23.934
37.9103
74.6029
166.991
349.81
589.366
1216.42
1152.74
526.774
287.477
165.367
73.7216
37.4118
22.8222
17.4885
15.6714
15.1633
15.1591
15.811
16.9702
20.2102
27.5523
45.3532
112.224
320.752
568.334
1216.37
1262.53
640.117
387.297
184.44
67.9756
36.8823
22.8831
17.5646
15.7068
15.2068
15.2875
15.8162
18.2771
23.8267
36.6157
58.1662
117.217
240.968
484.717
1216.07
1237.73
639.777
397.401
193.538
84.6272
39.4873
23.3547
17.6234
15.6918
15.2131
15.3196
15.7837
17.2717
21.7404
37.4313
71.1322
150.031
290.699
533.77
1215.83
1243.11
634.77
387.004
187.205
83.1568
34.2744
20.6179
16.8264
15.5121
15.2018
15.3943
16.2144
18.273
22.8807
30.8857
57.269
132.829
341.676
592.249
1215.82
1242.42
622.926
382.618
185.446
82.613
39.6423
23.3709
17.5895
15.5498
15.1843
15.274
15.9116
17.6686
23.628
37.1654
72.3975
161.833
344.05
588.356
1216.3
1242.09
589.059
349.532
165.55
74.9813
37.437
22.8435
17.5135
15.719
15.2964
15.5538
16.5297
18.4523
21.5116
29.472
50.4458
112.331
278.684
551.715
1215.69
1241.87
502.711
254.361
146.621
70.2728
36.1752
22.5249
17.4434
15.7153
15.3028
15.5708
16.6684
19.3974
23.7686
35.5251
60.7522
112.903
250.622
490.394
1215.5
1241.53
565.024
314.555
153.072
70.3374
36.3215
22.5578
17.4563
15.7182
15.2986
15.5136
16.2762
19.8702
27.3557
44.8231
84.1744
146.435
302.098
542.425
1215.08
1241.46
636.421
385.043
182.03
67.463
36.0107
22.6417
17.4806
15.7173
15.3103
15.5656
16.3169
18.9542
25.2022
41.6585
92.2365
188.746
371.152
609.874
1214.92
1241.92
635.004
391.789
189.923
83.2684
37.3668
22.6988
17.4875
15.6977
15.32
15.6742
16.8039
21.0527
29.9042
49.8402
95.01
194.584
380.691
614.087
1215.24
1241.57
625.104
376.96
180.94
81.5438
39.3887
21.5135
16.8438
15.5327
15.2817
15.6861
16.8233
21.0004
29.7463
49.3729
93.1044
188.818
371.733
612.333
1214.76
1242.19
607.329
366.417
175.461
78.2222
38.3461
22.9299
17.4176
15.4779
15.153
15.6858
17.1491
20.7503
29.1165
48.3227
91.9383
189.416
373.071
608.129
1215.27
1241.53
553.266
316.103
151.292
68.8319
35.1821
21.9749
17.1861
15.5868
15.2045
15.4065
16.9344
20.276
28.091
46.2397
87.7162
180.231
359.709
601.531
1214.85
1241.34
499.493
249.015
132.57
62.3132
32.968
21.1518
16.9346
15.5225
15.1897
15.4002
16.7256
19.7344
26.8709
43.7578
83.548
175.462
354.633
591.121
1215.4
1240.88
549.115
289.776
117.329
50.3947
30.2967
20.4249
16.7816
15.483
15.1756
15.4501
16.5117
19.1458
25.4197
40.2685
75.4523
156.078
296.838
526.371
1214.81
1240.7
609.672
343.84
150.966
66.0548
33.9921
20.3303
16.4276
15.277
15.0283
15.3372
16.2771
18.5729
23.2946
32.3618
59.6667
135.662
344.66
593.652
1215.01
1241.13
551.01
284.377
124.596
63.3313
34.9148
22.0936
17.2596
15.602
15.1395
15.1552
15.7675
17.8757
25.0481
40.3287
77.6405
168.847
350.071
592.131
1215.54
1241.32
632.409
383.966
177.981
66.0413
35.9817
22.395
17.369
15.6522
15.1885
15.3173
16.0928
18.3284
23.729
35.5203
62.6583
133.77
300.3
562.819
1215.07
1240.89
635.454
378.176
175.411
77.2363
37.8327
22.5693
17.3941
15.6587
15.184
15.2655
15.6657
17.1605
22.781
32.0139
57.358
117.639
242.119
483.058
1215.04
1241.41
626.803
373.978
172.977
75.8089
37.201
20.7842
16.5119
15.4986
15.1706
15.3319
15.9054
17.6897
22.5372
39.5196
76.592
161.105
290.248
529.603
1214.84
1241.03
614.836
351.581
158.645
70.9247
36.5102
22.3834
17.3644
15.6543
15.2046
15.3932
16.2887
18.5627
23.4059
33.7838
65.3838
166.48
340.675
583.669
1214.94
1241.89
541.699
280.773
126.41
61.1344
35.7262
22.2684
17.4424
15.6645
15.1838
15.2215
15.9109
18.0987
25.4286
41.0902
78.2459
163.439
334.184
571.752
1215.52
1242.37
616.759
377.567
182.798
80.5328
38.7854
21.4112
17.0982
15.5583
15.1855
15.4053
16.3217
18.658
24.4799
38.2908
69.5708
122.929
239.693
483.399
1215.05
1242.1
606.494
365.342
170.953
74.3138
36.6554
22.3794
17.263
15.4114
15.1234
15.3503
16.1298
17.4913
21.3912
32.0021
72.3495
149.541
289.154
529.542
1215.08
1242.26
579.314
335.041
150.998
64.2742
32.9484
21.2669
16.9706
15.4789
15.0309
15.2315
16.3671
18.9415
24.8033
34.6438
64.5398
165.09
341.803
584.914
1215.17
1242.24
475.423
223.795
86.2606
48.731
29.0786
20.2282
16.6814
15.4061
15.059
15.2283
15.9195
18.1327
25.5784
40.752
75.1818
161.006
335.456
573.434
1215.79
1242.22
499.833
253.51
106.521
45.4608
28.2853
19.9659
16.5703
15.2499
15.124
15.4139
16.3324
18.7377
24.8805
38.4709
60.7887
104.997
240.15
486.443
1215.32
1242.14
513.466
265.585
121.718
54.8434
28.6103
19.4001
16.2315
15.2686
15.0821
15.3896
15.9216
17.4029
22.5511
40.0661
73.9084
142.051
298.845
539.665
1215.32
1242.05
554.307
306.668
160.844
69.986
34.8709
21.9284
17.1089
15.5618
15.2244
15.5397
16.6124
18.7131
24.2427
37.0944
72.0558
179.62
362.944
603.851
1215.37
1242.19
620.046
369.648
171.679
62.07
30.1051
21.1061
16.9132
15.5326
15.2031
15.498
16.7445
20.0843
28.2109
46.365
88.1729
184.882
367.98
603.7
1216.01
1242.77
611.309
367.121
171.316
74.4173
36.3432
22.1323
16.6883
15.325
15.0572
15.2054
15.8899
18.5301
27.5285
44.8391
83.5782
173.052
350.389
593.318
1215.86
1242.31
541.579
293.072
148.891
67.649
34.3966
21.566
17.034
15.5572
15.2065
15.3593
16.2586
18.8925
26.9891
42.7313
77.7148
163.739
338.426
576.228
1216.63
1242.55
614.315
357.426
131.524
54.6865
29.4261
20.4321
16.819
15.5273
15.2351
15.5249
16.6285
19.6344
26.6866
39.8692
60.7719
104.498
242.088
488.481
1216.16
1243.05
606.02
359.359
163.701
71.4869
34.7562
20.2387
16.3348
15.2751
15.1017
15.4354
15.9935
18.4933
27.1137
44.3186
80.9789
147.778
304.344
543.853
1216.19
1242.54
531.895
271.197
124.305
62.8545
32.5709
21.0635
16.9012
15.5339
15.253
15.5818
16.4467
19.1198
25.2241
41.6436
92.121
189.164
372.285
610.985
1216.22
1242.76
596.922
333.982
147.467
64.1218
28.5031
18.8846
16.0177
15.1991
15.1546
15.6392
17.0291
20.9731
29.7481
49.5542
94.5582
194.296
380.969
614.596
1216.81
1243.5
528.48
266.028
114.761
51.8771
30.8407
20.5437
16.7377
15.4466
15.1969
15.543
16.5937
20.725
29.4283
48.7632
91.887
187.186
370.327
611.585
1216.58
1243.99
587.204
342.922
159.109
69.5065
34.0496
19.6177
15.9926
15.1455
15.011
15.4758
16.7906
20.2897
28.6617
47.4028
89.7233
185.915
369.121
605.239
1217.33
1243.63
506.312
260.209
110.094
49.4124
26.8453
19.0703
16.2789
15.2826
15.0398
15.2275
15.9148
18.8555
27.5215
45.1294
84.0878
173.519
351.145
594.393
1217.14
1243.71
556.558
308.36
154.173
69.4179
34.9507
21.9012
17.2197
15.562
15.1466
15.3219
16.0671
18.5418
26.6518
43.0351
78.3894
164.242
339.22
577.349
1217.89
1243.86
621.766
373.811
176.819
65.2024
31.291
20.3042
17.0142
15.5117
15.1105
15.207
16.3106
19.077
25.8968
40.4582
62.3868
105.56
242.925
489.689
1217.38
1244.49
612.054
371.066
177.454
78.2123
38.129
22.8981
17.4365
15.4572
14.9995
15.0851
15.6555
17.6029
23.8546
44.4137
83.2405
149.005
305.362
544.978
1217.34
1244.02
563.634
323.811
153.561
69.7038
35.6404
22.1848
17.2656
15.5939
15.0976
15.2214
16.058
18.625
25.666
42.7014
94.1792
191.508
374.168
612.433
1217.3
1243.91
499.884
249.118
133.262
62.9436
33.5157
21.4066
17.0262
15.5449
15.1475
15.2535
16.2369
19.6317
29.6509
50.9723
97.7029
198.277
384.324
617.063
1217.8
1243.61
548.02
289.552
117.702
51.6789
31.2251
20.6963
16.8513
15.4926
15.1274
15.2425
16.1894
18.825
26.312
50.3781
96.6358
193.934
376.527
616.114
1217.48
1243.53
604.528
341.156
150.368
65.981
34.0829
20.1179
16.3143
15.2363
15.0098
15.2625
16.5917
20.0797
29.0112
50.0544
96.6288
196.677
379.827
613.325
1218.15
1244.12
538.334
275.064
119.936
56.565
33.6041
21.3886
17.0191
15.5188
15.116
15.2076
15.6542
17.744
24.4323
47.3791
93.1763
190.464
370.323
609.654
1217.91
1244.37
606.272
362.287
168.937
73.8642
36.155
20.6117
16.3966
15.2496
15.0057
15.1735
15.856
18.6078
25.7716
44.5497
89.1559
189.024
370.993
603.987
1218.67
1243.84
547.537
300.471
151.817
68.6559
34.8097
21.8439
17.0745
15.5381
15.1398
15.2324
15.7297
16.9455
21.7599
37.2073
77.2104
170.973
352.981
590.194
1218.24
1243.94
620.671
364.753
136.044
56.352
29.9976
21.1447
16.9281
15.5302
15.1575
15.225
15.6475
16.3269
18.275
24.7941
49.7674
148.706
325.866
567.222
1218.3
1244.36
614.621
370.126
172.115
74.7643
36.4902
22.1652
16.6831
15.3329
15.1333
15.4984
16.4204
17.8997
20.9326
28.3702
46.0229
92.9843
226.938
473.116
1218.1
1243.73
547.179
300.228
152.955
69.2559
34.9508
21.7166
17.0583
15.5583
15.2435
15.5639
16.7049
19.4923
24.4181
36.28
62.6377
120.27
265.196
505.533
1217.86
1243.85
622.103
366.858
138.881
57.7014
30.7753
20.7687
16.9001
15.5339
15.237
15.5117
16.3615
20.0121
27.633
45.2391
84.5208
146.977
302.716
542.905
1217.56
1244.21
617.345
373.934
178.598
77.2864
37.2478
21.0414
16.5672
15.335
15.2057
15.5483
16.5197
19.1136
25.55
42.3655
93.7613
191.534
375.121
612.711
1217.47
1243.59
552.937
299.627
165.962
73.3208
36.9754
22.5492
17.3652
15.6386
15.2609
15.59
16.7243
21.2354
30.4633
50.9306
96.9322
198.027
385.717
617.766
1217.86
1243.69
635.075
382.76
180.18
65.8595
36.0012
22.5393
17.4221
15.653
15.2533
15.5654
16.6676
21.1829
30.4664
50.7958
95.4863
192.774
377.77
617.093
1217.45
1244.15
635.847
391.063
187.083
80.9755
38.1516
22.8651
17.4495
15.622
15.2311
15.5315
16.5732
20.8728
30.0609
50.2917
95.1607
194.528
380.804
614.591
1218.02
1243.86
627.556
376.727
177.591
77.8788
32.421
20.0411
16.8409
15.4698
15.1946
15.5093
16.4186
19.4042
29.3126
49.0852
92.5237
187.489
369.949
611.043
1217.66
1244.5
612.741
368.276
173.02
75.8146
36.8807
22.4063
17.25
15.4187
15.0994
15.5248
16.8991
20.4227
28.8093
47.8585
90.858
186.809
369.03
604.857
1218.35
1244.01
542.327
303.992
151.535
68.185
34.5716
21.7924
17.0912
15.5394
15.1667
15.3901
16.193
19.8774
27.6682
45.5325
86.0065
175.386
351.345
594.02
1218.13
1244.28
607.176
352.058
129.849
53.5442
28.3225
20.6232
16.7864
15.4802
15.1489
15.3735
16.1719
19.3225
26.3177
42.831
81.4066
167.613
339.892
577.125
1218.89
1244.88
594.399
349.757
161.005
69.6134
34.1932
21.2921
16.3513
15.3495
15.1103
15.3662
16.2706
18.7418
24.7485
39.107
71.5158
126.482
244.051
488.001
1218.45
1244.4
504.443
258.127
109.337
49.8827
26.7493
18.6468
16.0379
15.1902
15.0814
15.3191
16.0441
17.5684
21.3265
32.4009
73.7446
152.31
293.567
533.786
1218.56
1244.51
552.06
302.682
146.481
66.4832
33.7579
21.3659
16.9082
15.4701
15.1472
15.3484
15.994
18.7405
24.2863
35.1271
65.9354
168.702
347.329
589.604
1218.71
1244.59
611.76
362.203
168.431
61.6775
29.686
19.7503
16.5645
15.4128
15.1533
15.4035
16.1167
18.2489
24.1221
41.4872
76.8965
165.304
341.861
579.029
1219.39
1245.27
598.525
354.751
167.004
72.5055
35.2263
21.5743
16.4574
15.2278
15.1242
15.4704
16.6048
19.599
26.6452
39.894
60.8435
105.979
245.9
492.361
1218.94
1244.78
511.283
267.576
117.576
53.9994
28.7182
19.365
16.2882
15.2876
15.085
15.363
16.0653
18.6231
27.3273
44.6809
81.3431
150.291
308.591
547.421
1218.94
1244.88
563.895
315.625
159.093
71.4458
35.7807
22.1844
17.3216
15.6171
15.2589
15.5203
16.6714
19.3847
25.7169
42.6847
94.2329
193.125
377.936
614.913
1218.92
1244.95
633.244
387.277
186.781
69.4679
32.8219
20.8076
17.1963
15.6022
15.2996
15.8071
17.4437
21.4009
30.4659
51.0505
97.5969
199.901
388.566
619.845
1219.41
1245.58
632.071
394.468
194.878
85.8888
40.8546
23.8145
17.7382
15.5586
15.2125
15.5091
17.3204
21.2795
30.3076
50.6637
95.8997
194.409
379.963
618.459
1219
1245.01
618.035
379.122
181.461
79.9453
38.7725
23.1654
17.5642
15.6553
15.1046
15.4496
17.1208
20.9029
29.6642
49.7109
95.1032
196.058
382.423
614.905
1219.46
1244.83
594.975
352.303
165.604
72.512
35.6974
22.0447
17.1965
15.5487
15.0592
15.3414
16.8545
20.3772
28.6371
47.7203
91.1454
187.447
369.42
608.637
1218.82
1244.22
503.84
251.26
114.885
50.7032
27.0337
18.8461
16.0908
15.1864
14.9535
15.1834
16.2419
19.7531
27.4477
45.4329
87.5661
184.735
365.347
598.58
1218.94
1243.43
560.865
315.111
169.54
72.5827
35.6629
22.0907
17.2667
15.5868
15.073
15.1792
16.005
19.1775
26.0944
42.3331
80.1939
162.584
289.215
531.997
1217.59
1242.49
624.794
377.091
179.587
65.5578
31.2992
20.8248
17.1285
15.6074
15.1268
15.2224
15.8472
17.812
22.8228
35.4336
70.0415
179.787
365.008
605.854
1216.57
1241.31
619.824
379.206
183.103
79.6957
38.2357
22.859
17.4467
15.659
15.2217
15.4149
16.2834
19.4739
26.8353
44.3889
85.9854
183.85
371.163
607.292
1215.26
1237.94
599.852
356.942
164.648
71.4786
35.2779
21.8361
17.0814
15.3273
15.0255
15.3215
16.1502
18.1268
25.8914
42.5725
81.6071
172.287
354.499
599.249
1212.24
1232.7
569.339
322.353
142.567
61.4037
31.2155
20.2929
16.5904
15.2664
15.0187
15.0943
15.7464
18.4724
24.7339
39.9309
76.7813
165.751
346.194
586.767
1208.44
1223.15
463.809
209.789
79.7368
35.8289
21.4687
16.5017
15.3522
15.1233
15.0793
15.15
15.5098
17.0056
23.1026
36.4327
68.9731
148.278
319.289
567.348
1200.11
1205.25
482.74
234.356
103.389
47.2838
26.1575
18.2585
16.0939
15.4737
15.3055
15.3103
15.5774
16.7711
21.7029
32.9314
61.7624
135.291
298.753
540.515
1185.11
1171.97
495.749
246.409
99.3613
37.92
24.049
17.6147
16.0646
15.6856
15.5885
15.5891
15.7014
16.2503
18.6076
28.8795
52.3187
112.107
258.026
499.881
1153.95
1110.81
443.467
211.37
84.3633
38.8163
21.568
17.5284
16.4931
16.1901
16.0942
16.0859
16.1848
16.5837
18.2711
25.647
44.2046
93.2031
224.403
450.176
1097.04
1004.57
365.81
155.203
61.58
30.0148
20.3271
17.8571
17.1147
16.8505
16.7482
16.7377
16.7962
16.9689
17.4082
18.9948
27.0522
65.1415
173.207
382.198
997.121
844.852
284.939
113.152
47.3052
25.2571
20.0926
18.4899
17.8435
17.5485
17.42
17.4031
17.5052
17.7754
18.3915
19.8848
24.2226
41.2789
79.0978
236.287
843.602
650.187
217.852
75.7857
34.673
22.9735
19.3006
17.9002
17.26
16.952
16.8111
16.7825
16.8686
17.1212
17.6757
18.8964
21.8628
30.2909
66.4428
189.21
650.072
504.348
173.536
51.4663
25.2777
18.4764
16.485
15.773
15.458
15.3048
15.2364
15.222
15.2748
15.4056
15.6849
16.3105
18.04
24.2337
51.4671
153.163
505.155
483.535
33.1756
21.1608
17.3045
15.9345
15.4037
15.1719
15.063
15.0113
14.9908
14.9889
15.0081
15.053
15.1445
15.3119
15.576
15.6508
10.8037
39.1751
482.303
2865.94
1373.47
865.991
423.689
160.751
60.7483
28.4929
18.8426
16.1668
15.6427
16.0825
17.7557
22.3428
34.7059
68.326
161.643
414.234
884.334
1441.07
2812.57
866.192
815.774
582.282
293.835
121.71
50.3963
25.6875
17.973
15.7765
15.3407
15.7195
17.1332
20.9274
30.8461
56.5736
119.063
257.034
494.609
634.437
901.012
1687.76
904.408
602.593
289.328
113.159
46.871
24.508
17.6091
15.6509
15.2651
15.6034
16.8771
20.2667
29.06
51.9931
113.919
267.862
537.245
811.391
1592.53
1638.82
872.331
554.127
242.693
94.5117
41.487
23.0862
17.2398
15.5271
15.1733
15.4769
16.6273
19.689
27.3968
46.0058
91.8567
212.586
412.613
680.512
1348.77
2015.15
796.346
377.276
147.301
75.6111
37.5552
22.2472
17.0785
15.5026
15.1588
15.4227
16.4719
19.2963
26.4996
43.0289
69.5312
175.718
476.421
749.496
1422.21
1156.22
592.858
330.453
130.65
76.4106
37.5398
22.1504
17.0365
15.485
15.1247
15.3494
16.2809
18.8493
25.8096
45.1023
96.9658
231.883
480.074
735.761
1399.26
1434.6
731.388
419.203
176.597
88.196
38.5275
22.2169
17.0209
15.4763
15.0912
15.2727
16.0666
18.2258
23.8488
39.7535
81.2821
176.272
363.291
653.705
1405.06
1389.79
799.712
504.213
228.964
96.2071
34.7475
20.2461
16.3087
15.3918
15.0443
15.1991
15.8746
17.3821
19.6617
29.5555
62.9684
179.086
404.732
694.209
1402.87
1490.41
773.628
428.195
191.478
94.3277
42.4698
24.1814
17.6055
15.5872
15.0139
15.1473
15.7142
19.0639
25.6742
44.9428
97.23
258.795
509.555
768.158
1403.28
1680.1
903.376
593.44
292.179
115.859
38.9242
23.6555
17.5051
15.5749
15.0674
15.125
15.714
19.4416
29.6506
56.2421
121.998
271.215
521.604
769.145
1403.52
2007.02
900.168
561.241
260.342
102.78
43.5671
23.6388
17.3413
15.4875
15.028
15.0578
15.398
17.3838
27.3969
51.8575
113.739
256.182
505.554
764.932
1403.18
1148.17
692.568
463.969
220.278
88.3745
39.157
22.2645
16.9326
15.378
14.9977
15.0419
15.3402
16.5758
21.2682
45.4273
102.618
247.363
500.888
753.491
1403.72
1412.93
653.677
345.416
143.297
56.5874
28.602
18.8369
15.8945
15.0918
14.9634
15.0412
15.5694
17.2985
22.6689
38.2246
74.7312
182.482
438.08
722.007
1403.01
1337.28
692.122
414.129
211.33
88.7369
41.5638
22.9694
17.1635
15.4498
15.0156
14.9548
15.0556
15.6858
18.3397
29.6795
58.2532
137.448
332.726
637.024
1402.89
1359.81
767.179
509.267
197.625
77.9336
41.4549
22.9492
17.2895
15.4954
15.047
15.0424
15.5073
16.9384
21.5009
40.491
84.9611
195.564
389.074
686.73
1402.46
1356.37
766.953
532.738
276.796
115.128
48.0166
22.1698
17.1006
15.4658
15.0567
15.1329
15.7427
17.5341
21.6435
33.6365
68.8594
205.925
453.327
742.932
1402.43
1362.91
762.083
524.769
261.008
107.057
45.6041
24.0182
16.9644
15.3903
15.0346
15.0679
15.399
17.0543
25.5006
45.7466
91.9811
168.311
366.005
672.595
1402.94
1375.77
753.281
501.078
242.654
98.0341
42.0855
23.0033
17.0404
15.1893
15.0079
15.0825
15.7233
16.9781
21.2792
37.9276
106.096
249.184
496.485
745.041
1403.14
1408.51
695.559
378.244
168.242
67.5081
31.638
19.6243
16.0732
15.1663
15.0301
15.1969
15.8616
18.0062
24.5182
43.275
87.9593
204.402
457.431
726.488
1402.56
1490.08
821.06
497.972
274.018
109.316
47.1027
24.4869
17.4699
15.5075
15.0847
15.1721
15.3123
16.2918
19.8414
34.5525
69.4571
157.744
340.174
640.447
1402.44
1694.28
969.006
631.015
300.783
107.896
47.8172
24.7857
17.5632
15.53
15.101
15.289
16.0206
18.236
24.0498
48.804
105.947
242.67
416.278
697.965
1402.07
2033.3
996.278
642.618
309.216
123.265
49.5015
24.883
17.5471
15.5167
15.085
15.3328
16.4745
19.6827
24.879
41.0393
89.6597
257.472
505.59
765.367
1402.04
1199.84
852.063
590.708
290.133
119.047
47.7202
24.3285
17.3992
15.477
15.0421
15.0712
15.8783
20.1646
30.463
56.9007
121.69
268.051
514.983
764.012
1402.42
1544.32
905.991
615.32
301.153
119.485
45.4008
23.5591
17.1786
15.4289
15.0484
15.2091
15.9509
19.1334
28.8572
53.698
115.625
254.461
495.875
756.409
1402.05
1664.52
938.387
607.225
285.656
112.313
32.5003
21.4768
16.8029
15.3596
15.023
15.0761
15.6642
17.642
26.5612
48.3811
107.508
249.578
487.109
740.201
1402.61
2003.17
937.777
592.21
280.712
109.572
35.122
21.641
16.7832
15.3492
15.0333
15.2417
16.1267
18.4608
24.4144
41.3487
90.289
211.904
400.828
659.74
1401.93
1148.17
755.128
513.842
248.19
100.259
35.0298
21.2046
16.6697
15.3131
15.0008
15.1776
16.0044
18.1363
20.9103
27.2535
60.2753
201.139
387.157
679.889
1401.95
1411.65
764.06
507.866
244.209
95.255
39.6654
19.9796
15.9511
15.1595
14.9516
14.9803
15.6238
18.6546
25.3083
39.6184
78.5837
181.3
475.233
746.009
1401.92
1335.59
684.276
392.439
204.445
80.8245
36.5027
21.2987
16.6034
15.2808
14.9904
15.0864
15.7927
17.6825
24.2054
49.6663
105.789
239.835
482.72
737.802
1402.37
1357.08
757.773
471.045
207.879
63.8952
29.3341
18.9487
15.9158
15.1715
14.9862
15.1268
16.271
19.179
26.9332
46.5115
93.6593
193.416
383.07
656.085
1401.74
1351.43
691.081
383.571
185.552
83.3046
40.3117
22.7651
17.0492
15.394
15.0199
15.0855
16.0527
18.6417
25.2416
37.9648
90.1389
178.603
399.5
688.829
1401.74
1353.3
776.332
531.953
259.753
83.9735
41.552
23.2239
17.1944
15.4369
15.0375
15.1032
15.4666
17.3344
27.2444
49.4896
88.5705
253.325
504.525
762.09
1401.68
1352.45
787.976
532.194
260.076
107.293
44.457
23.6169
17.2452
15.4488
15.0525
15.1016
15.8143
17.4495
23.6274
51.017
111.876
260.608
510.759
758.528
1402.04
1353.13
783.002
538.136
267.367
108.88
43.1536
23.2424
17.1367
15.4302
15.0706
15.2083
15.6408
18.3369
25.9348
47.3254
101.007
233.464
423.512
698.885
1401.35
1352.64
785.84
529.796
258.496
105.707
35.3671
21.9895
16.9219
15.3936
15.0726
15.2571
15.7883
17.047
21.8764
37.0288
78.8473
239.525
502.983
770.42
1401.49
1353.27
778.523
533.334
264.711
107.17
40.1877
22.427
16.9446
15.3903
15.0696
15.3027
16.1247
17.8074
26.3483
52.1624
105.481
238.969
503.993
767.878
1401.77
1352.83
778.592
523.031
254.891
103.532
31.6321
21.2206
16.7486
15.3565
15.0492
15.2818
16.2084
18.2269
25.5841
52.4515
100.344
214.267
466.922
759.324
1401.39
1353.5
767.873
523.368
259.071
104.177
34.2352
21.5194
16.781
15.3605
15.0268
15.1988
16.2178
19.5938
29.4083
53.8332
94.25
169.059
365.468
675.979
1402.16
1353.1
761.061
506.318
243.908
99.1527
35.1665
21.2888
16.7143
15.3431
15.0024
14.9957
15.3826
17.3682
25.335
56.502
120.669
261.542
505.301
754.822
1402.46
1353.72
744.845
496.331
239.418
94.5764
39.8372
20.0816
16.0034
15.2221
15.0124
15.1577
15.7642
18.809
28.587
53.67
115.555
253.753
494.495
754.911
1402.36
1353.07
684.905
409.827
207.186
81.625
36.846
21.4326
16.6741
15.3257
15.0351
15.0904
15.6751
17.5687
26.456
48.3228
107.499
249.445
486.965
740.044
1403.07
1353.41
742.285
461.7
205.136
61.968
28.7426
18.8893
15.9722
15.1444
15.0415
15.242
16.0137
18.1952
24.1946
41.1868
90.3903
212.299
401.109
660.162
1402.59
1354.05
670.795
370.684
167.067
82.3476
38.8035
22.7313
17.1804
15.4813
15.0843
15.2062
15.854
17.6107
19.6554
26.6665
60.3529
202.083
388.027
680.194
1402.8
1354.44
742.442
505.179
254.593
105.164
37.2947
21.9569
17.0684
15.4699
15.0763
15.1715
15.5439
18.0812
24.1569
38.1465
78.4313
184.147
476.737
746.211
1402.97
1354.05
725.894
481.494
230.58
97.0948
43.1743
23.5793
17.1718
15.4633
15.0719
15.2069
15.6929
16.9356
22.4478
46.4758
104.718
246.013
486.066
739.443
1403.61
1354.15
635.998
345.003
202.472
90.4397
41.8412
23.1992
16.4722
15.1736
15.0262
15.2327
15.953
17.9399
23.9035
41.0111
89.6841
211.099
398.124
659.87
1403.19
1353.97
698.031
414.443
209.77
89.9664
41.7485
23.22
17.1842
15.4422
15.0515
15.2097
15.7825
17.3676
20.5304
27.2511
59.761
200.645
388.583
680.826
1403.4
1354.13
768.065
504.734
187.789
82.8899
41.5323
23.2626
17.2212
15.4598
15.0022
15.1966
15.8546
17.1567
24.5213
39.1373
76.9929
178.668
475.104
745.973
1403.56
1354.69
766.969
525.254
263.121
109.311
44.7769
23.5703
17.219
15.4647
15.0655
15.1257
15.8957
17.5212
23.2996
47.9284
103.202
234.066
481.278
737.24
1404.17
1354.47
758.775
508.867
253.14
106.355
36.5035
21.8735
16.913
15.4081
15.0655
15.2349
15.7218
18.5218
25.2307
44.4185
91.4528
176.583
362.134
653.326
1403.68
1355.19
739.613
498.776
250.801
104.078
43.8527
20.7463
16.5103
15.3322
15.0403
15.2733
15.9684
17.3759
20.8899
35.0014
93.1075
186.283
409.84
697.249
1403.8
1354.62
664.186
432.433
208.265
89.0482
40.2347
21.7316
16.3007
15.2892
14.9469
15.2156
16.7571
20.158
27.1492
46.009
95.575
263.378
516.604
772.727
1403.86
1354.77
677.81
389.34
201.38
83.9668
38.1359
21.7276
16.7787
15.3544
14.9884
15.1888
16.4403
21.4963
32.7895
60.7107
127.637
278.715
531.216
774.878
1404.44
1354.82
744.622
481.925
172.964
64.3409
33.1528
20.6104
16.6236
15.3347
15.0232
15.225
16.815
21.1023
31.7969
58.5562
123.093
268.011
519.731
772.997
1404.18
1355.31
733.081
486.056
230.188
91.6776
39.2544
19.622
16.413
15.2918
14.9837
15.0835
16.0395
20.4084
30.1656
54.8464
117.258
266.948
522.912
764.75
1404.83
1354.7
657.803
391.621
169.702
72.6787
34.3463
19.9334
16.1376
15.2675
14.9406
15.1321
16.0871
19.8413
28.4581
49.9834
103.704
238.81
484.456
710.186
1404.27
1354.69
697.579
408.984
178.88
81.6831
40.0144
22.6868
17.038
15.4132
15.0268
15.2175
16.3347
19.335
27.042
44.1904
76.8437
188.516
502.048
764.714
1404.59
1354.64
776.846
522.284
253.716
83.2923
41.2602
23.007
17.1106
15.4359
15.0954
15.3052
16.1019
17.8502
24.6903
52.3738
113.607
261.902
520.663
763.443
1404.97
1355.06
776.662
536.37
269.542
109.235
44.0313
23.1909
17.0727
15.4134
15.084
15.176
15.9435
19.5285
27.7799
49.0475
102.805
237.566
482.361
709.776
1404.45
1354.7
773.97
526.033
258.623
105.291
35.3554
21.4482
16.7586
15.3461
15.0995
15.3794
16.2238
19.1674
26.5244
42.3309
75.9814
187.846
501.294
764.173
1404.71
1355.23
762.004
527.098
258.922
102.613
42.0298
20.4853
16.0816
15.2106
15.0718
15.3853
16.271
17.8421
24.6409
51.8894
112.144
260.326
519.907
762.436
1405.07
1354.59
707.881
502.926
230.311
89.5639
38.3564
21.7163
16.7732
15.2283
15.0095
15.3722
16.4168
19.4608
27.6933
48.6751
100.224
234.189
486.241
705.888
1404.53
1354.82
748.18
486.336
168.505
66.5019
33.5914
20.7372
16.6498
15.3439
15.0882
15.3248
16.1725
18.9281
26.4991
44.958
70.7843
174.105
480.432
750.283
1404.8
1355.17
733.075
485.865
227.511
88.2139
30.5212
18.9019
16.4112
15.3102
15.0869
15.294
15.8712
17.2016
22.9677
48.1042
102.966
234.18
482.689
738.557
1405.16
1354.47
655.96
383.493
160.555
67.1612
31.8476
19.8542
16.6279
15.3616
15.1163
15.3439
15.7801
18.555
25.2365
44.4515
91.4206
176.198
361.865
654.02
1404.54
1354.45
699.823
411.658
180.131
81.4446
40.0008
22.7437
17.0721
15.4346
15.1463
15.4618
16.1151
17.49
20.8961
35.0114
93.1419
186.15
409.633
697.36
1404.51
1354.3
779.868
524.193
253.068
83.2627
41.6388
23.2208
17.1697
15.4406
15.1426
15.5717
17.0334
20.2958
27.1043
46.0139
95.6338
263.151
515.805
772.011
1404.45
1354.75
781.939
539.45
269.546
109.947
45.1455
23.693
17.2154
15.4297
15.1033
15.4837
17.0669
21.4194
32.6457
60.6853
127.813
278.741
530.607
774.192
1404.94
1354.31
783.973
531.425
262.37
108.733
43.2785
23.15
17.0644
15.3878
15.0576
15.3084
16.1286
20.7899
31.4918
58.387
123.346
268.592
519.757
772.283
1404.62
1354.97
776.236
536.254
270.201
109.18
33.3257
21.6636
16.8156
15.344
15.0356
15.2846
16.4325
20.1047
29.6642
54.3699
117.341
268.203
524.553
764.408
1405.25
1354.58
773.495
527.036
260.155
106.796
37.7069
21.9167
16.8355
15.3391
15.0118
15.1555
15.6593
19.2965
27.6653
48.9406
102.971
240.223
495.899
709.017
1404.71
1355.25
762.735
529.288
261.889
104.726
43.0849
20.7154
16.1159
15.1146
14.9382
15.1542
15.6747
18.671
25.9675
42.914
73.0635
181.754
486.061
752.793
1405.11
1354.69
711.249
508.367
235.534
92.8801
39.831
22.1982
16.8946
15.3554
15.0299
15.1871
15.6078
17.1048
22.8538
47.9573
106.567
250.06
491.995
743.441
1405.59
1355.06
751.726
494.802
178.016
71.4686
35.4759
21.3639
16.7805
15.3391
15.0338
15.2389
16.0575
18.4074
24.9261
42.792
91.7844
215.049
402.897
663.73
1405.16
1355.55
739.779
500.183
245.811
96.9886
32.8517
19.7824
16.5378
15.2936
15.0198
15.2013
15.8996
17.923
22.5533
30.0804
61.6894
204.775
394.331
684.632
1405.33
1355.03
665.288
429.8
200.476
80.5931
34.6106
19.8816
16.5806
15.3083
15.0271
15.1815
15.5117
17.2854
25.9003
43.6589
80.1061
182.061
482.102
750.02
1405.48
1355.21
680.588
395.49
204.897
85.1178
38.7414
21.9324
16.8791
15.3669
15.0554
15.2748
15.9544
17.6285
23.8332
50.4532
108.318
238.139
488.642
741.521
1406.08
1355.23
746.299
487.481
176.81
66.2925
35.0196
21.0995
16.8185
15.3589
15.0529
15.2892
16.1577
18.6188
25.993
47.1763
97.8317
171.19
360.671
656.264
1405.57
1355.82
736.265
492.782
235.905
94.395
40.4237
19.9463
16.6901
15.3432
15.0456
15.258
15.7109
16.9115
21.136
37.9037
107.049
192.014
419.873
704.122
1405.66
1355.17
662.38
400.87
175.962
75.4579
35.5061
20.4431
16.8299
15.3864
15.0537
15.3464
16.5067
19.2581
26.765
48.2982
121.249
265.89
526.084
780.027
1405.66
1355.27
698.772
412.896
183.178
84.5907
41.7602
23.4323
17.3156
15.4745
15.0324
15.2581
16.4803
20.5157
31.4334
58.2178
122.45
271.997
537.648
782.449
1406.13
1355.16
776.093
526.462
260.95
87.8669
43.6631
24.0129
17.4682
15.5106
14.9916
14.8987
15.3837
18.1256
30.3031
56.1949
116.155
254.823
518.911
780.737
1405.7
1355.66
776.445
541.29
280.482
117.073
47.3193
24.5305
17.5512
15.5394
15.0201
15.0208
15.6947
18.9382
28.8224
53.7962
111.99
249.312
512.138
770.418
1406.17
1355.16
772.931
531.371
273.52
115.767
39.1732
22.9313
17.3128
15.499
14.9992
14.9859
15.5858
17.2242
23.6783
50.7298
104.338
223.76
475.351
759.829
1405.59
1355.62
761.016
531.604
279.212
115.96
47.6267
21.9887
17.0139
15.4173
14.9292
14.9632
15.5296
18.492
26.6838
48.9155
98.0608
174.844
372.461
677.127
1406.08
1354.57
745.848
515.246
253.931
102.213
43.4605
23.2347
16.4206
15.0612
14.8562
14.8996
15.2713
17.0479
21.148
39.0469
112.924
262.941
507.856
750.573
1405.8
1353.94
722.41
480.04
227.681
89.2186
38.2902
21.6949
16.6465
15.1599
14.8794
14.9107
15.3336
17.5927
24.0982
43.8919
98.3859
231.601
479.143
734.018
1404.54
1352.51
632.344
336.704
136.086
50.9045
24.9019
17.4421
15.4408
14.897
14.8521
14.8977
15.1338
15.757
18.5084
34.136
83.5756
147.684
337.274
640.638
1403.24
1350.36
681.787
402.749
198.6
78.4761
34.4719
20.4572
16.3329
15.1496
14.919
14.9611
15.3431
16.6455
20.1248
32.8374
89.8158
210.145
404.355
689.471
1400.96
1347.13
738.537
475.939
165.843
58.9438
31.0097
19.7607
16.185
15.1893
14.8954
14.8619
14.9844
15.9543
21.4895
34.1782
68.0939
179.985
479.913
747.9
1397.72
1341.57
723.458
476.094
217.748
80.7079
28.9164
17.5595
15.3086
14.964
14.9385
14.9589
15.0567
15.5611
18.7663
38.3234
93.4392
236.91
487.215
736.317
1392.32
1330.34
644.741
400.536
177.867
66.3951
30.2094
18.6148
15.7892
15.2376
15.1237
15.1184
15.161
15.3893
16.7588
26.0099
68.247
185.768
432.645
696.607
1380.68
1310.17
661.787
386.184
116.794
53.1421
26.7643
17.1246
15.6271
15.4009
15.3731
15.3892
15.4454
15.5767
16.0482
18.2844
31.3887
87.4624
266.531
572.964
1358.8
1271.99
612.398
354.473
141.563
42.3509
20.3934
16.7943
16.085
15.9016
15.843
15.8478
15.9003
16.1073
16.9759
21.2894
42.8922
110.937
270.366
566.404
1316.08
1199.79
535.762
276.857
105.393
43.5182
21.9484
17.7359
16.8427
16.6078
16.5304
16.5173
16.5488
16.6257
16.8469
17.9641
24.5622
61.1355
260.693
551.633
1238.86
1076.84
446.905
214.517
79.4143
27.3649
19.3621
18.0785
17.7078
17.5222
17.4279
17.4104
17.4606
17.6243
18.1014
19.9307
27.971
47.1815
130.768
385.738
1109.32
889.089
266.165
123.84
41.3085
23.5759
20.3767
19.2168
18.659
18.3825
18.2594
18.2344
18.3073
18.4876
18.8738
19.9088
24.4372
49.8267
131.298
325.22
913.793
663.253
187.929
49.4465
27.3349
20.5945
18.3969
17.4882
17.0754
16.8873
16.807
16.7947
16.8525
17.0071
17.3675
18.2924
21.0322
30.666
65.395
169.661
673.909
495.842
130.126
39.379
21.08
16.9369
15.8058
15.3882
15.2012
15.1091
15.0687
15.0575
15.0935
15.1704
15.3459
15.7333
16.7837
20.7249
38.3049
134.526
502.184
488.965
68.8985
22.8504
16.9913
15.6671
15.2821
15.1455
15.0882
15.0622
15.054
15.0527
15.0617
15.0845
15.1371
15.256
15.5703
16.5344
19.9071
35.2898
486.99
2135.58
958.799
571.611
269.996
109.298
48.3341
26.417
18.8003
16.3571
15.8329
16.2765
17.7979
21.4444
30.12
51.517
107.389
253.131
525.356
887.724
2037.49
996.834
639.453
407
200.865
89.9586
42.9522
24.7691
18.1999
16.0621
15.6109
16.033
17.3981
20.4904
27.3867
43.4675
82.7038
175.381
354.238
578.459
972.759
1337.11
667.769
416.703
201.569
86.9126
41.0982
24.0175
17.9292
15.9388
15.5302
15.9649
17.3209
20.2333
26.2121
39.5852
75.1676
165.075
321.207
548.521
1300.28
1254.57
643.346
392.622
186.369
80.6989
39.1763
23.4378
17.7265
15.8369
15.4561
15.9213
17.3549
20.3922
26.0077
34.9676
56.8258
154.709
335.598
586.869
1198.02
1320.81
600.75
322.494
166.487
74.9687
38.1048
23.1592
17.6503
15.8025
15.4299
15.9109
17.4558
20.92
27.7642
38.5759
68.1636
133.389
281.143
534.548
1222.46
1424.95
717.61
419.543
191.308
68.5494
37.3155
23.0156
17.5926
15.7543
15.3766
15.8454
17.432
21.2541
29.9055
49.1747
92.7251
190.139
374.598
607.703
1215.79
1625.05
719.15
416.543
192.239
82.0906
39.2454
23.0935
17.5275
15.6837
15.3099
15.729
17.2396
20.9717
29.5503
48.8353
91.9045
186.881
369.488
610.556
1216.7
1153.28
609.801
364.641
170.127
75.4993
36.8063
20.5166
16.6248
15.4498
15.2103
15.5683
16.9497
20.485
28.7294
47.4298
89.8149
185.761
368.493
604.422
1216.75
1263.79
598.306
350.921
160.852
69.8517
34.5034
21.4317
16.8972
15.3021
15.0964
15.3586
16.0635
19.4963
27.4982
44.9485
84.0464
173.095
350.195
593.318
1216.4
1237.74
499.19
243.798
96.2296
47.0562
27.0837
19.1756
16.2224
15.2465
15.0578
15.354
16.0293
18.3484
26.2891
42.418
78.1461
163.224
337.736
575.719
1216.93
1243.23
561.373
307.673
135.462
63.1216
33.1088
21.2951
17.0085
15.5384
15.1823
15.4081
16.3441
18.9493
25.2874
39.2376
64.1238
112.164
240.972
486.558
1216.26
1241.65
631.901
374.796
169.922
61.9019
32.8215
21.3104
17.0337
15.5331
15.1595
15.3278
16.0671
17.6405
22.7896
39.8269
73.3814
139.812
295.996
536.628
1216.09
1242.2
630.402
376.803
172.528
73.0439
31.3552
19.8053
16.5006
15.4037
15.118
15.2701
15.9101
18.6963
24.5489
35.961
70.4284
176.61
357.897
597.88
1215.93
1241.56
621.08
354.967
158.45
69.5892
35.1184
22.0204
17.2495
15.4526
15.0441
15.195
15.8635
17.8784
24.0348
43.7519
84.9937
178.762
358.785
592.893
1216.26
1242.16
551.754
286.486
129.932
65.6126
35.2503
22.2617
17.3939
15.6348
15.132
15.1816
16.1743
18.7686
25.5731
42.209
79.8497
151.889
282.1
526.722
1215.49
1242.4
633.901
389.932
186.391
69.4079
35.7425
22.3895
17.446
15.6292
15.1209
15.0904
15.5087
17.0209
21.9954
35.772
81.2067
173.629
356.136
600.625
1215.4
1242.13
635.566
387.403
187.753
82.6983
34.6766
20.8423
17.1468
15.546
15.1343
15.237
15.9216
18.0301
25.1274
40.6187
78.5595
169.773
355.519
598.402
1215.62
1242.79
625.993
386.541
188.8
83.2439
39.6051
23.2462
17.509
15.4711
15.0884
15.0858
15.708
17.3437
21.9238
37.6833
70.9668
151.584
327.418
583.343
1215.11
1242.28
609.272
368.464
172.69
74.9826
36.49
22.1755
17.1873
15.5413
15.1024
15.1827
16.0939
18.2748
23.4556
35.2682
58.6902
114.157
255.074
510.131
1215.71
1242.28
582.184
337.894
152.436
65.092
32.3686
20.5756
16.6596
15.3962
15.0541
15.1038
15.6459
17.1917
21.1526
31.8879
69.2896
154.299
327.318
566.087
1215.91
1242.03
481.004
228.762
88.6802
37.6245
21.8899
17.7766
16.0664
15.3006
15.0526
15.2267
16.0682
18.4074
24.0448
34.2718
51.5195
99.6133
239.707
487.319
1215.27
1241.78
515.338
268.869
123.931
56.1927
29.681
19.8846
16.4074
15.3891
15.0512
15.057
15.4694
17.3204
24.3101
38.7902
68.3369
138.665
296.273
538.698
1215
1241.49
551.062
302.541
157.575
69.1332
34.6269
21.821
17.0699
15.518
15.0996
15.1168
15.5624
17.0931
21.7987
36.699
81.5892
173.87
357.339
601.955
1214.75
1241.4
615.753
363.999
167.431
60.5072
29.427
20.8132
16.8233
15.4772
15.1164
15.2489
15.7642
17.7013
23.9784
41.819
80.3412
171.655
357.027
599.93
1215.05
1241.76
604.91
358.568
164.884
71.839
35.0427
21.6785
16.562
15.2686
15.01
15.2631
15.9341
17.8684
23.1605
40.0318
73.7318
155.043
331.008
586.923
1214.58
1241.05
530.208
269.579
123.26
62.2639
32.3584
21.0544
16.8763
15.4641
15.0943
15.2118
16.2975
18.8217
24.8507
38.0684
59.1824
120.295
263.631
519.34
1215.27
1241.17
595.618
332.37
146.168
63.3632
28.2036
18.785
15.9802
15.1513
14.9807
15.1461
15.7886
17.5168
22.5557
39.8425
76.8562
166.376
344.175
585.585
1215.6
1241.87
526.375
263.879
112.788
50.8222
30.377
20.4093
16.6895
15.4072
15.1066
15.2866
16.3109
18.6607
23.9112
35.0436
61.8152
132.933
300.512
563.15
1215.14
1242.61
584.928
340.126
155.56
67.7022
33.3589
19.4128
15.9244
15.1557
15.0248
15.3301
16.0027
18.4829
23.3659
32.2916
57.5956
118.123
242.987
483.74
1215.06
1243.09
504.006
250.569
100.612
46.7317
26.0205
18.8059
16.1498
15.2343
15.0433
15.3844
16.3301
17.9708
23.1539
39.7143
76.5288
161.55
291.154
530.367
1214.82
1245.66
562.788
310.829
143.97
66.2579
33.8179
21.5227
16.9914
15.4968
15.122
15.2702
16.4914
19.174
25.0313
33.9763
64.3982
165.736
341.736
584.758
1214.88
1252.38
636.461
380.017
175.153
63.9752
30.5235
20.5847
16.7858
15.473
15.116
15.2309
16.0538
18.4989
26.2252
41.4143
75.993
160.971
334.809
572.661
1215.41
1270.05
636.161
380.168
175.517
76.1634
36.4092
22.0774
16.6871
15.3122
15.0386
15.3518
16.5181
19.3577
25.8441
39.3262
63.2667
110.486
239.457
484.634
1214.87
1312.98
583.837
298.287
132.145
66.5776
33.8052
21.5677
17.0526
15.5256
15.1115
15.1963
16.3153
19.0531
25.5446
40.3983
73.2402
139.42
295.06
535.32
1214.81
1422.61
684.105
377.07
163.297
69.5881
30.7889
19.7372
16.3049
15.2641
15.0668
15.0818
15.6207
17.5964
24.4748
35.9076
70.3072
175.947
357.017
596.91
1214.78
1620.97
616.713
303.105
130.798
66.0251
35.9945
22.4682
17.3731
15.6376
15.1784
15.2563
15.9927
18.1553
24.2689
43.977
85.2301
178.181
358.248
592.208
1215.24
1154.95
633.259
393.383
186.617
69.9542
37.8724
23.0939
17.5854
15.7079
15.2221
15.384
16.295
18.9779
25.9399
42.6811
80.2722
149.55
282.707
526.984
1214.62
1266.06
658.393
401.306
192.006
84.9333
40.745
23.7238
17.7259
15.7322
15.2213
15.3118
15.6893
17.3202
22.7598
36.9838
82.837
175.624
358.924
602.604
1214.68
1248.65
657.192
407.213
196.681
86.685
41.1472
23.6325
17.6901
15.701
15.2361
15.4176
16.0737
18.5181
26.534
42.8724
81.4685
173.454
360.519
602.497
1215.05
1271.33
663.632
401.268
190.571
84.5091
40.2412
21.5685
16.7869
15.491
15.2105
15.4794
16.3442
18.6123
24.0142
41.2743
75.8416
157.803
335.767
591.1
1214.67
1314.5
665.443
400.062
188.503
82.1903
39.472
23.2932
17.4851
15.4942
15.1524
15.6098
16.9956
20.4114
27.3405
39.5245
63.8121
126.975
271.284
525.361
1215.42
1424.06
618.966
341.944
168.535
74.9943
37.0987
22.7167
17.3415
15.6355
15.2326
15.5104
16.4558
20.4737
28.7924
47.3624
88.8495
181.616
360.127
596.012
1215.84
1622.52
701.751
394.928
146.698
60.6053
30.6999
21.739
17.108
15.621
15.2141
15.4836
16.5829
20.0704
28.0245
46.2976
87.0221
175.662
349.007
591.683
1215.75
1155.1
613.39
380.811
185.352
82.4382
39.6036
23.338
17.0596
15.5852
15.1613
15.3566
16.1439
19.4182
26.7008
44.0369
83.6167
170.081
338.596
575.544
1216.54
1264.9
606.887
361.375
174.918
79.1078
38.7984
23.2642
17.5795
15.6732
15.1404
15.2047
16.2478
18.7474
24.9759
40.6667
76.1165
136.901
245.425
487.898
1216.15
1242.71
510.307
263.026
162.046
76.6952
38.2359
23.1807
17.5867
15.6781
15.0777
15.156
15.9297
17.0934
20.5764
33.1261
78.4033
166.7
297.604
536.847
1216.3
1255.21
587.513
335.824
184.366
79.7498
38.7779
23.3356
17.5929
15.6987
15.1744
15.2342
16.2044
18.4137
23.0475
35.0244
67.6354
174.538
354.282
597.804
1216.52
1271.6
676.905
417.323
201.729
73.2261
33.9864
22.1154
17.3062
15.6654
15.1766
15.1993
15.8299
17.9963
25.287
41.1074
79.5181
173.102
353.83
594.992
1217.29
1316.57
697.537
434.325
212.357
92.2283
42.9068
24.3701
17.304
15.4895
15.1135
15.3198
16.1378
18.4203
23.9284
36.0703
63.6764
135.826
303.643
565.54
1216.97
1426.41
712.821
425.778
198.573
85.4149
40.3961
23.6266
17.6754
15.7234
15.2015
15.267
15.5995
17.2377
22.9366
32.1145
57.5588
118.521
244.252
485.587
1217.1
1625.54
700.915
391.832
177.427
75.7148
36.531
22.2565
17.2511
15.6042
15.1818
15.3443
16.0098
17.9042
22.8901
39.7767
76.9084
162.179
292.784
532.341
1217.04
1154.38
466.567
231.133
109.641
49.615
26.8058
18.7918
16.051
15.2003
15.0489
15.2735
16.3886
18.8827
24.1926
34.103
65.1986
167.018
343.561
586.76
1217.25
1264.28
571.487
323.104
174.346
74.1456
36.1933
22.2568
17.2334
15.6005
15.1858
15.3482
16.04
18.3626
25.9926
41.7129
77.4028
162.748
336.993
575.119
1217.91
1239.25
632.105
385.356
185.585
68.0134
32.3041
21.2092
17.0443
15.603
15.1851
15.2991
16.4628
19.0601
25.3444
39.8329
66.6805
115.021
241.722
487.294
1217.48
1245.68
629.86
391.306
192.397
84.5973
40.2772
23.5267
17.1223
15.5248
15.1641
15.2824
16.128
17.9496
22.6241
40.3158
74.5742
142.299
296.119
536.879
1217.51
1244.02
615.45
375.499
178.625
78.558
38.1933
22.9623
17.4877
15.6737
15.1626
15.4692
16.9325
19.7103
24.2255
36.8612
72.0038
178.823
357.861
597.817
1217.56
1244.36
592.001
348.316
162.07
70.935
35.0931
21.8512
17.1408
15.5829
15.2054
15.476
17.0617
20.405
27.9483
45.7976
87.9415
183.654
359.629
593.309
1218.11
1244.12
499.559
246.485
109.261
48.8665
26.4478
18.7086
16.0247
15.1953
15.112
15.4251
16.9638
20.19
27.2643
43.8707
83.2752
170.219
291.394
527.522
1217.58
1243.95
557.902
310.319
161.708
69.7926
34.6951
21.8801
17.1055
15.544
15.1193
15.3871
16.783
19.933
25.7561
36.8397
71.6782
181.077
358.79
598.013
1217.74
1243.99
621.223
370.341
172.177
62.1531
30.1586
21.1462
16.943
15.54
15.1851
15.4177
16.2872
20.0983
28.0333
46.2777
88.8553
185.734
361.567
594.774
1218.16
1244.45
611.947
367.396
171.91
74.4774
36.3945
22.2548
16.7212
15.3243
15.0506
15.2271
16.2271
19.7109
27.2023
44.615
84.7357
172.473
289.802
531.205
1217.57
1243.9
541.012
300.677
150.004
67.3917
34.3033
21.733
17.0568
15.5454
15.1993
15.3698
16.2427
18.3969
23.9948
38.0628
74.7058
186.48
367.76
607.343
1217.68
1244.05
607.2
351.003
128.021
52.5066
27.6408
20.4682
16.7339
15.479
15.2176
15.5566
16.9001
20.2091
28.7455
48.9386
94.5069
194.744
377.91
611.715
1218.15
1244.51
593.517
347.871
157.577
68.0046
33.7393
21.1734
16.2962
15.1843
15.1448
15.5301
16.6961
19.4575
25.019
47.2907
92.2514
188.976
368.611
608.538
1217.91
1243.87
503.553
246.328
96.2724
46.2072
26.4008
18.82
16.1673
15.2729
15.1372
15.4532
16.5174
19.3616
26.6013
44.8079
88.2212
187.477
369.205
603.246
1218.63
1243.75
564.615
312.477
140.71
66.0462
35.3361
22.1527
17.2603
15.5957
15.1782
15.3729
16.2006
18.4396
24.1737
38.577
75.0055
167.437
350.461
590.106
1218.17
1243.64
636.647
384.281
179.889
67.2543
36.874
22.7135
17.4638
15.6482
15.1757
15.3265
15.9536
16.9891
19.809
27.1985
45.8055
113.239
321.872
569.385
1218.22
1244.13
636.338
391.472
187.586
81.9684
39.3624
23.0856
17.5357
15.6352
15.1575
15.3347
16.1223
18.128
23.0592
34.9801
59.5526
120.082
243.8
487.229
1218.03
1243.79
628.025
377.219
178.154
79.2884
38.3633
21.1226
16.9128
15.4757
15.1018
15.1803
15.8865
17.2314
20.8934
33.1917
74.0978
156.013
297.41
538.263
1217.92
1244.41
612.939
368.562
173.294
76.0394
37.263
22.5686
17.3002
15.4201
15.0598
15.3309
16.2402
18.5028
23.2737
35.7526
65.9256
145.7
355.357
600.169
1218.07
1243.88
542.279
304.043
151.735
68.2704
34.6319
21.8335
17.1125
15.5394
15.1373
15.2856
15.8383
18.0607
25.9789
43.7306
86.6927
185.669
368.676
602.404
1218.75
1244.14
607.507
352.44
129.868
53.5133
28.3332
20.6483
16.8005
15.4748
15.1236
15.3141
16.1504
18.2547
23.79
38.0408
75.4939
168.422
351.418
590.217
1218.41
1244.72
594.153
349.733
160.916
69.5535
34.1904
21.3041
16.3497
15.3385
15.077
15.2475
15.7135
17.1851
20.6816
28.3206
47.1673
114.922
323.114
569.589
1218.53
1244.23
503.415
257.093
108.403
49.4459
26.6005
18.6128
16.0259
15.1761
15.0614
15.3203
16.2302
18.6239
24.5547
38.2366
62.4861
123.641
244.48
486.578
1218.43
1244.3
551.099
301.849
144.932
65.8521
33.5545
21.3123
16.884
15.4426
15.1031
15.2722
15.7906
17.5175
22.5895
40.8259
79.0736
165.412
295.237
533.904
1218.4
1244.37
610.402
360.657
165.887
60.341
29.2516
19.6457
16.5247
15.3743
15.0938
15.3299
16.2552
18.5719
23.426
34.8554
68.008
171.783
346.771
588.483
1218.61
1245.01
595.77
351.76
162.053
69.983
34.4408
21.352
16.3756
15.1749
15.0226
15.2291
15.8541
18.1523
25.9173
42.8013
82.2825
170.908
341.717
577.924
1219.3
1244.45
506.022
249.557
98.4437
47.6252
27.2236
19.0025
16.1965
15.2406
14.9945
15.1682
16.1291
18.544
24.726
39.9357
74.9199
135.987
247.583
490.451
1218.93
1244.46
566.169
315.062
142.234
66.8779
35.7393
22.3151
17.3123
15.5915
15.1279
15.2269
15.6793
16.9653
20.6419
32.1114
76.4754
165.135
297.22
536.964
1219.07
1244.42
637.355
386.744
181.702
68.248
37.312
22.9071
17.5381
15.6629
15.1579
15.2907
16.0571
18.1104
22.9722
32.3774
63.3673
168.905
349.975
594.646
1219.25
1245
637.78
394.556
189.871
83.1345
39.9041
23.3171
17.6323
15.6639
15.1444
15.2196
15.6382
17.2035
22.8461
36.0594
71.631
163.223
344.488
587.43
1219.94
1244.65
629.633
380.261
180.325
80.453
38.8991
21.3252
17.0218
15.5053
15.1148
15.2679
16.0085
17.6075
20.1759
26.1602
43.68
100.908
263.741
538.577
1219.48
1245.25
615.499
372.002
175.634
77.1736
37.7675
22.7674
17.3676
15.4216
15.003
15.1143
16.0091
18.0412
22.3426
32.2009
55.5422
109.908
251.944
493.764
1219.34
1244.55
544.836
307.415
153.684
69.2389
35.0649
21.9988
17.1599
15.5337
15.087
15.1155
15.6348
17.5566
24.2155
38.3207
70.1716
128.256
284.082
532.039
1218.87
1244.55
609.145
354.614
131.646
54.3363
28.586
20.7361
16.8208
15.4642
15.0918
15.2432
15.8933
17.6812
22.0885
34.4248
73.834
155.249
330.409
582.915
1218.53
1244.64
596.956
352.401
163.263
70.6347
34.5555
21.4157
16.3879
15.343
15.045
15.2009
16.2457
18.8053
24.9843
39.3681
68.8532
128.14
272.028
524.932
1218.66
1243.45
507.198
262.56
112.997
51.1786
27.1874
18.7423
16.0722
15.2873
14.9764
15.1465
16.0031
17.5624
22.4533
36.8753
83.2747
178.314
354.125
587.842
1218.24
1242.39
554.591
305.364
150.73
67.7585
34.161
21.4718
16.9227
15.4601
15.0547
15.1945
15.9355
18.6603
24.9994
40.7021
78.9626
164.208
285.995
529.288
1216.6
1240.65
617.789
368.277
171.722
62.7198
30.033
19.8191
16.5636
15.4055
15.1069
15.2906
16.0223
17.577
21.711
33.2453
66.1239
172.911
355.58
598.523
1215
1238.33
610.205
365.76
170.873
73.8632
35.7612
21.7413
16.46
15.2107
14.9608
15.122
16.0892
18.5527
24.8181
40.5233
79.2633
173.098
356.924
595.627
1212.82
1232.57
573.546
327.519
144.713
63.7889
32.4039
20.7236
16.2498
15.2287
15.0077
15.0299
15.3692
16.9628
23.3044
37.3183
71.8902
156.153
333.53
580.411
1208.15
1223.22
466.009
217.213
115.787
54.6963
29.0952
18.219
15.8074
15.2393
15.1123
15.1519
15.4457
16.6842
21.724
33.2272
63.3584
141.349
315.863
557.853
1200.76
1205.29
485.121
236.852
108.169
49.8044
27.0796
18.1881
16.0124
15.4497
15.3092
15.308
15.4562
16.0643
18.4665
28.6187
51.8063
109.491
220.932
463.086
1184.48
1172.07
499.915
250.935
102.086
38.3889
24.2901
17.6907
16.0954
15.7018
15.606
15.6212
15.7569
16.2907
18.2104
25.0244
36.1298
81.7826
241.935
487.588
1153.7
1110.98
449.632
217.764
87.7014
39.624
21.874
17.6002
16.4911
16.1775
16.0867
16.0897
16.2037
16.6303
18.2916
24.9756
40.5928
87.0871
214.278
441.273
1096.47
1004.85
375.683
163.854
65.0609
33.1164
21.0605
17.9781
17.1055
16.8278
16.7333
16.7347
16.8151
17.0684
17.8498
20.7959
33.563
65.9967
162.714
369.131
996.648
845.24
288.156
121.699
49.2008
27.8722
20.32
18.4052
17.7653
17.5058
17.4038
17.4046
17.5176
17.7985
18.4898
20.5393
28.4056
51.0049
125.809
287.389
843.626
650.523
179.08
59.2237
32.075
22.4142
19.0352
17.7373
17.1706
16.915
16.8113
16.8119
16.9227
17.1987
17.784
19.1337
22.8341
34.6671
68.2629
222.169
649.638
504.11
157.881
53.3848
24.5536
18.0887
16.3174
15.7023
15.4285
15.2956
15.2392
15.2345
15.2967
15.4338
15.6995
16.2514
17.8269
24.2443
51.9636
188.023
504.84
483.606
37.4497
10.1093
15.5542
15.5535
15.3047
15.1421
15.0527
15.0077
14.9906
14.9912
15.013
15.0584
15.1339
15.2001
14.9664
12.606
8.89319
28.1055
482.581
1191.96
547.506
277.981
126.541
63.2519
36.5134
24.4338
19.1732
16.9662
16.2942
16.6776
18.1693
21.3925
27.9938
41.2116
67.2529
125.689
255.959
496.906
1108.37
933.276
460.892
232.931
110.603
57.6413
34.0086
23.4788
18.7916
16.7378
16.0892
16.4372
17.815
20.7461
26.6399
38.5083
62.0118
109.115
210.319
415.853
866.456
983.937
457.264
228.905
107.455
55.4766
32.8776
22.9466
18.5578
16.6255
16.0062
16.3241
17.6191
20.3922
26.0479
37.5849
61.0783
108.267
191.145
383.919
918.799
970.254
433.911
211.088
99.1262
52.1994
31.5512
22.3949
18.35
16.5346
15.932
16.2203
17.4333
20.0467
25.5652
36.9348
60.9705
112.291
220.991
421.105
903.808
974.613
363.044
161.938
78.7268
43.5497
27.9902
21.6335
18.1801
16.4868
15.8899
16.1284
17.2188
19.4832
23.7644
35.4503
58.7246
108.28
215.596
417.793
903.972
987.303
394.545
185.021
94.3483
51.1754
31.4507
22.451
18.3793
16.5343
15.8755
16.0496
17.0595
19.2653
23.8251
33.7525
55.1718
102.494
207.48
405.644
903.862
1030.08
420.972
198.47
90.3818
47.7111
31.1025
22.4167
18.376
16.5387
15.8557
15.9338
16.5159
18.0568
21.2813
28.3033
44.2398
85.1908
186.98
389.23
903.483
959.107
455.057
223.403
104.237
54.2443
32.2904
22.6045
18.0533
16.2663
15.7212
16.0131
16.8631
18.7101
22.3238
29.9239
45.542
78.9619
157.741
335.847
903.298
968.423
437.278
214.058
99.4459
51.8349
31.3404
22.3083
18.2651
16.4633
15.8683
16.1239
17.2257
19.4521
23.3927
32.0832
49.7543
86.1497
172.644
356.09
903.071
967.008
372.684
168.724
77.3799
42.0852
27.4721
20.5566
17.4478
16.0724
15.6576
16.0467
17.2175
19.6285
24.5167
34.8103
55.8174
93.3358
185.051
373.339
902.821
966.842
419.854
204.447
96.1034
50.7593
32.079
22.4161
18.3037
16.464
15.8206
15.9756
16.7556
18.6795
22.8182
32.286
56.0809
103.335
206.403
406.2
902.696
966.63
467.462
234.096
110.45
57.1671
33.272
22.2016
17.9728
16.2415
15.6865
15.9813
16.9996
19.157
23.5945
33.0341
53.3647
98.0466
197.321
391.552
903.133
966.95
455.51
229.149
108.222
56.2594
33.1781
22.9551
18.5217
16.5532
15.8317
15.8581
16.5966
18.2111
21.5291
28.425
42.9623
75.9613
155.852
337.54
902.819
966.453
410.136
195.706
91.9694
51.8563
32.3597
22.7475
18.5094
16.5797
15.8983
16.0838
17.0631
18.9789
22.9944
31.1363
47.9495
85.799
172.918
356.508
902.572
966.234
475.215
239.132
112.668
58.0492
33.5949
22.3852
18.3879
16.555
15.8705
15.9999
17.1902
19.5289
24.1612
33.3681
50.8634
91.3788
184.208
374.841
902.196
966.54
468.584
237.235
111.823
57.577
33.639
23.0998
18.2456
16.3472
15.8074
15.9509
16.8774
18.9072
23.2681
34.0598
55.2482
100.901
203.772
407.964
901.885
966.262
459.47
226.959
106.636
55.6419
32.9026
22.9347
18.5306
16.5633
15.8365
16.1405
17.2248
19.4532
23.4073
31.0348
48.145
86.2695
174.4
364.107
902.202
966.687
437.131
214.303
99.899
52.1524
31.4299
22.3636
18.3185
16.5022
15.8844
16.1058
17.0334
19.502
24.161
33.7064
53.8262
98.4714
198.066
392.57
902.526
966.301
372.793
168.911
77.5813
42.067
27.1455
20.4902
17.4225
16.0635
15.6703
16.0771
17.1212
18.9821
22.67
30.275
45.3528
79.9842
162.581
344.784
902.119
966.058
419.589
204.828
96.691
50.9407
31.6133
22.5562
18.2995
16.4713
15.8511
16.098
17.1919
19.517
24.2847
34.0614
51.7615
93.1973
187.392
378.303
901.775
965.958
466.43
234.606
111.485
57.7066
33.6382
23.0962
18.2267
16.3013
15.6672
15.8319
16.7139
18.6467
23.0371
34.0685
55.6293
101.941
205.83
410.44
901.478
966.441
453.618
229.558
109.727
56.9433
33.4501
23.1612
18.6061
16.5789
15.8568
16.0403
17.0278
18.8618
22.5884
30.6919
48.3423
87.5413
177.736
368.659
901.84
966.172
436.06
216.739
104.359
54.8085
32.595
22.8048
18.4834
16.5422
15.8022
15.8725
16.9572
19.1274
23.5682
33.1339
53.9829
100.505
204.619
402.307
902.257
966.028
367.218
198.587
97.9461
48.9221
29.2135
21.2025
17.7973
16.3468
15.7219
15.7527
16.4691
18.0601
21.3243
28.4393
44.5979
85.7501
187.59
388.985
902.018
965.811
387.457
178.141
94.913
51.9845
31.7497
22.5181
18.3537
16.4848
15.752
15.9137
16.8295
18.7025
22.2913
29.8488
45.373
78.6257
157.217
335.324
901.904
965.575
418.583
203.697
93.9263
49.1869
31.2766
22.5556
18.4007
16.5479
15.8849
16.1012
17.1918
19.4685
23.3709
32.0396
49.6821
86.0123
172.407
355.735
901.714
965.518
469.85
236.655
111.426
57.303
33.4594
23.0632
18.2349
16.3171
15.6876
15.8705
16.915
19.5286
24.4669
34.7458
55.6888
93.1953
184.899
373.177
901.493
966.053
459.681
233.071
109.617
56.382
33.1782
23.0897
18.6048
16.5914
15.8769
15.9937
16.801
18.726
22.8684
32.3305
56.067
103.258
206.433
406.394
901.401
965.863
448.016
221.946
102.913
53.3101
31.8597
22.5561
18.4077
16.5139
15.8531
15.9372
17.0239
19.2187
23.6939
33.1786
53.5274
98.1764
197.708
392.069
901.886
965.831
428.324
205.086
86.17
44.4626
28.2108
21.2498
17.9191
16.3106
15.6751
15.8549
16.6715
18.339
21.7688
28.8654
43.6094
76.567
157.428
345.89
901.652
965.767
356.185
158.562
76.8801
41.8815
26.6465
20.0432
17.2376
16.1642
15.7936
16.1341
17.1977
19.1806
23.4372
32.2047
49.7896
86.7016
172.672
354.272
901.528
965.669
377.635
176.149
90.0248
47.2514
29.1574
21.2462
17.7511
16.2061
15.7383
16.1305
17.2987
19.7512
24.6983
34.9475
55.4623
94.2663
186.634
374.974
901.34
965.534
386.843
182.169
95.3759
51.9914
31.7573
22.5306
18.3728
16.5261
15.8985
16.1339
17.1612
19.0914
23.417
33.1939
57.47
105.589
209.573
409.395
901.276
965.38
419.525
203.632
93.9759
49.2033
31.2974
22.5549
18.4151
16.5727
15.9093
16.0421
17.1032
19.6911
24.5684
34.5465
55.6515
101.625
202.368
396.875
901.765
965.412
471.008
237.3
111.637
57.2896
33.4012
23.0158
18.2233
16.3554
15.8098
16.1907
17.268
19.3096
23.4086
31.2114
46.9555
82.4145
165.264
346.381
901.501
966.038
460.975
233.806
109.834
56.2949
33.0276
22.9563
18.5357
16.599
15.9688
16.2564
17.6112
20.4004
25.9288
36.2944
56.2626
100.793
197.435
386.262
901.33
965.935
449.672
222.739
103.141
53.1309
31.5603
22.2711
18.2426
16.4838
15.93
16.2657
17.4002
20.134
26.4433
38.6437
63.63
115.941
225.829
427.44
901.213
965.978
430.806
205.969
81.2982
41.5447
26.1509
19.7731
17.081
15.9835
15.7975
16.3028
17.7303
20.6412
26.5026
38.5199
63.4103
115.95
226.01
425.313
901.637
965.961
361.594
163.343
82.2795
45.8906
28.9323
21.1938
17.7417
16.2031
15.7089
16.0903
17.5264
20.5234
26.2519
37.9179
62.0814
112.881
220.652
421.354
901.469
965.874
391.339
185.66
95.8902
52.1808
31.9128
22.5234
18.3749
16.5184
15.845
16.1345
17.4086
20.423
25.957
36.9848
60.0164
109.449
215.056
411.247
901.967
965.738
421.56
204.417
94.5075
49.6626
31.9363
22.5768
18.4686
16.5903
15.9636
16.2892
17.6174
20.3886
25.5194
34.6437
52.7026
93.7087
185.952
373.993
901.673
965.717
476.689
240.058
113.024
58.0278
33.5825
22.4112
18.4016
16.5772
15.9097
16.0532
17.2885
20.357
25.9863
37.5708
61.6371
112.679
222.136
425.286
901.594
966.263
469.586
237.806
112.084
57.6951
33.7013
23.1317
18.2676
16.3756
15.8582
16.0323
17.2232
20.1779
25.611
36.9619
60.5814
111.167
220.403
422.479
901.981
966.226
460.732
227.738
107.021
55.8429
33.0199
22.9851
18.5558
16.5981
15.9235
16.0564
17.0708
19.3813
24.9239
35.7346
58.0327
105.503
210.716
415.681
901.749
966.898
438.749
215.427
100.471
52.464
31.6397
22.4444
18.3529
16.5296
15.9351
16.2255
17.391
19.5274
23.4943
32.0326
50.2122
89.9214
179.976
370.209
902.291
966.804
375.816
171.071
78.65
42.6271
27.6668
20.6311
17.482
16.0947
15.6761
16.0282
17.3648
19.9276
25.0268
35.6057
57.5731
105.545
209.454
405.507
902.825
967.074
428.364
210.607
99.249
52.0286
32.587
22.5803
18.3952
16.522
15.8917
16.135
17.2687
19.6894
24.5961
34.7205
54.8487
91.3944
182.088
369.86
902.682
968.398
483.758
245.443
116.112
59.4036
34.0761
22.556
18.4265
16.5678
15.887
16.0135
16.755
18.6572
22.7063
31.6765
52.4181
105.786
213.457
414.961
902.826
973.443
479.518
244.708
116.039
59.5199
34.4089
23.3781
18.3415
16.3679
15.7392
15.9984
16.9954
19.1688
23.6892
33.4674
54.87
102.737
208.312
406.399
903.523
987.018
474.07
236.04
112.082
58.4317
34.1186
23.4144
18.7184
16.6485
15.8999
15.9649
16.5533
18.1119
21.3724
28.4939
44.7205
86.3074
189.037
390.488
903.508
1030.54
453.153
223.949
106.645
56.1253
33.3436
23.1863
18.6703
16.6587
15.9522
16.0978
16.9144
18.7553
22.3812
29.9789
45.5615
79.0003
157.832
336.308
903.612
960.096
377.906
194.396
98.4813
53.7562
32.5879
22.8951
18.5574
16.6258
15.9675
16.1926
17.2782
19.5206
23.545
32.3014
50.0022
86.7675
173.629
357.214
903.623
968.988
386.231
178.799
95.2509
52.5421
32.1933
22.7058
18.485
16.5991
15.951
16.1519
17.1164
19.7631
24.7984
35.2406
56.3835
94.656
187.049
375.487
903.582
967.928
418.871
203.129
93.5887
49.3849
31.7413
22.5174
18.4371
16.5816
15.944
16.1464
17.0269
19.0792
23.4043
33.1935
57.5938
105.804
210.065
410.117
903.642
968.068
469.545
235.459
110.85
57.1566
33.2204
22.1682
17.9603
16.2616
15.7669
16.1823
17.3896
19.7967
24.5623
34.5539
55.6261
101.497
202.387
397.199
904.239
968.593
457.977
230.941
108.995
56.4864
33.1983
22.9474
18.5225
16.5801
15.9197
16.107
17.3442
19.5444
23.3105
31.1419
46.698
81.2713
163.691
345.226
904.061
968.284
413.02
198.062
93.1487
52.5551
32.4962
22.7706
18.515
16.5938
15.9438
16.2082
17.3919
19.8788
24.8583
35.1057
55.2563
97.7805
192.967
381.726
903.973
968.245
481.058
243.918
115.007
58.8623
33.8438
22.4447
18.4027
16.5674
15.8916
16.0452
16.985
19.1646
23.753
34.0623
59.5066
110.11
217.18
417.773
903.94
968.684
476.863
244.169
115.453
59.026
34.1581
23.2671
18.325
16.5286
15.8736
16.0489
17.3114
19.8596
24.9826
35.6658
58.1196
107.368
212.546
409.065
904.428
968.512
471.74
237.068
112.13
58.1043
33.8784
23.2684
18.631
16.5787
15.77
15.9577
17.1831
19.609
24.457
34.4434
54.3597
90.4791
180.709
368.441
904.163
968.982
455.179
228.802
108.06
56.2331
33.1616
23.0074
18.5662
16.5783
15.8492
15.9557
16.7136
18.5876
22.565
31.3873
51.9135
105.089
212.45
414.216
904.175
968.641
406.314
193.078
90.7687
52.0692
32.2672
22.6875
18.464
16.54
15.8254
15.8875
16.9269
19.0849
23.5339
33.1385
54.264
101.829
206.74
405.353
904.728
968.556
468.174
234.48
110.408
57.1162
33.2001
22.1175
17.9186
16.209
15.6482
15.8382
16.4696
18.0244
21.2481
28.1787
43.772
83.4326
185.136
388.934
904.554
968.958
457.202
230.458
108.714
56.3224
33.1186
22.9023
18.4919
16.5481
15.8616
15.9488
16.7954
18.6451
22.3595
29.9364
45.6008
79.9485
159.102
336.466
904.49
968.531
412.265
197.57
92.866
52.3695
32.4091
22.7232
18.487
16.5784
15.941
16.1852
17.2075
19.3403
23.6797
32.2246
49.3365
87.974
175.807
358.958
904.322
968.38
479.929
243.213
114.64
58.6802
33.7544
22.3952
18.37
16.5543
15.9385
16.2619
17.4984
20.1503
25.4876
36.1574
55.2946
98.8719
194.229
382.709
904.08
968.741
475.831
243.538
115.138
58.8735
34.0803
23.2131
18.2763
16.4902
15.8741
16.0341
17.1654
19.6544
25.0419
37.937
62.8455
114.744
224.064
425.525
903.915
968.487
470.984
236.694
111.937
57.9986
33.819
23.2155
18.5569
16.4057
15.7869
16.1665
17.5963
20.3671
26.0691
37.9811
62.5311
114.386
223.633
422.855
904.287
968.916
455.346
229.001
108.119
56.1891
33.1439
22.9791
18.5404
16.5665
15.9009
16.134
17.1492
19.6984
25.7014
37.3045
61.0208
110.714
217.17
417.747
904.074
968.517
409.345
195.072
91.552
51.7457
32.2513
22.6792
18.4601
16.5492
15.8931
16.0801
17.3937
20.0482
25.4072
36.3737
58.8602
106.596
210.177
406.002
904.553
968.429
474.122
238.261
112.131
57.7764
33.4593
22.309
18.3377
16.5303
15.8985
16.1343
17.3213
19.8328
24.8982
35.2929
55.6518
89.817
177.901
364.395
904.282
968.867
467.328
236.276
111.248
57.3172
33.5201
23.0328
18.2023
16.303
15.7128
16.0009
16.9138
18.9713
23.2778
32.9944
57.0779
104.228
207.243
406.728
904.305
968.753
458.011
225.796
105.984
55.3961
32.816
22.8875
18.4983
16.5487
15.8722
16.0513
17.2972
19.7184
24.4712
34.4141
55.2909
100.162
199.985
394.318
904.868
969.331
435.319
212.858
99.0687
51.8658
31.3664
22.3333
18.2913
16.4736
15.8551
16.0554
17.2917
19.5473
23.4611
31.1898
47.0348
80.1961
161.624
342.51
904.692
969.129
370.505
166.708
76.2218
41.599
27.1405
20.4846
17.4138
16.0525
15.659
16.1028
17.2986
19.7354
24.6529
34.8992
55.6633
95.0107
188.108
376.231
904.643
969.039
412.801
198.562
92.9352
49.4625
31.4212
22.3847
18.2571
16.445
15.8093
15.968
17.1188
19.0212
23.3376
33.1034
57.2629
105.033
208.746
408.304
904.69
969.111
453.36
222.791
104.446
54.6714
32.5041
22.6622
18.062
16.2561
15.6985
15.9802
17.2401
19.6669
24.4913
34.4442
55.4144
101.017
201.597
395.995
905.295
969.7
434.499
212.708
99.213
52.0697
31.4878
22.347
18.2588
16.4466
15.8389
16.0291
17.0937
19.2004
23.3353
31.2021
46.8004
81.9516
164.769
345.842
905.132
969.516
371.237
167.897
77.1749
42.2444
27.5658
20.581
17.4497
16.0906
15.7249
16.2068
17.5139
20.2611
25.7305
36.2715
55.8372
99.7013
195.979
384.722
905.054
969.418
415.357
201.62
95.0862
50.6928
32.1289
22.4265
18.2954
16.4798
15.9029
16.2059
17.3082
19.9999
26.2424
38.3432
62.9532
114.294
223.437
424.747
905.017
969.443
459.616
229.314
108.746
56.9243
33.2722
22.1879
17.9548
16.2548
15.7694
16.1815
17.6007
20.4797
26.2965
38.2231
62.7033
114.17
223.408
422.455
905.497
969.958
446.559
223.558
106.09
55.7846
33.1016
22.8916
18.4723
16.5543
15.9431
16.2741
17.5912
20.3979
26.0696
37.7167
61.4886
111.12
217.855
418.002
905.344
969.691
398.52
188.853
89.4336
50.9607
32.1537
22.6146
18.4231
16.5428
15.9224
16.2277
17.4891
20.2249
25.7377
36.944
59.5448
107.688
212.121
407.768
905.812
969.684
453.183
226.166
108.043
56.9323
33.2731
22.1761
17.9231
16.1907
15.643
15.9335
17.2875
19.9746
25.371
36.0309
54.4563
92.6259
183.304
370.004
905.419
970.158
440.866
221.255
106.241
56.0991
33.1971
22.9666
18.4752
16.4899
15.7868
15.8483
16.7758
19.0473
24.2612
36.733
60.6605
110.276
217.403
417.751
905.181
969.739
423.349
208.153
100.696
53.9846
32.3687
22.6605
18.3663
16.4402
15.6719
15.8212
16.8019
19.1878
24.7574
36.0487
59.4207
109.07
216.217
414.52
905.346
969.259
358.296
190.007
94.0175
48.3484
29.0913
21.01
17.5585
16.0933
15.6146
15.7948
16.6535
18.555
22.6617
32.2364
56.5606
104.311
208.686
407.811
904.779
968.446
371.679
169.251
90.3955
50.7575
31.3783
22.3284
18.2691
16.4766
15.8358
15.9645
16.8707
18.9344
23.3121
32.8218
53.459
98.3786
200.156
395.883
904.703
967.151
392.844
188.019
87.8379
47.5386
30.866
22.3136
18.3109
16.5286
15.8531
15.8796
16.4265
17.8369
20.9599
27.7924
43.0126
81.289
179.999
379.392
903.533
965.359
431.195
213.366
102.455
54.7429
32.591
22.6573
18.0615
16.2908
15.7105
15.8176
16.5374
18.2227
21.6955
28.9313
43.8019
75.786
152.57
328.376
901.984
962.828
420.915
208.689
100.159
53.6536
32.1745
22.5374
18.355
16.5473
15.915
16.0148
16.7231
18.5594
22.3444
30.1662
45.8816
80.5515
163.464
342.72
899.509
957.247
407.132
198.125
94.5791
51.1518
31.0147
21.8645
17.7041
16.1352
15.6737
15.865
16.755
18.9697
23.2379
32.0059
48.6531
84.864
170.873
351.8
895.309
947.045
387.226
181.42
77.0316
41.8329
27.0725
20.8146
17.4327
16.1388
15.7364
15.8757
16.5746
18.1948
21.7302
30.1306
51.2962
92.1275
185.664
373.918
887.518
927.613
326.808
166.062
81.9706
45.7316
28.567
20.3933
17.4042
16.2415
15.8687
16.0081
16.7143
18.5326
22.0079
29.34
48.3827
86.4136
175.469
357.965
872.516
890.912
320.475
143.027
68.4326
40.8013
25.582
19.8008
17.4797
16.4883
16.131
16.2007
16.7055
17.8911
20.5965
26.616
40.7991
78.4828
159.991
333.407
842.541
826.417
315.778
148.957
73.0453
40.8231
25.8622
20.319
18.0816
17.0926
16.7113
16.7571
17.2287
18.3893
21.1188
26.4106
37.3531
65.6398
143.12
304.196
789.691
726.696
283.814
132.426
63.2261
36.6022
24.8967
20.69
18.8526
17.9496
17.5624
17.559
17.9237
18.744
20.4194
24.3968
34.3436
59.1007
127.02
273.224
703.878
601.353
258.724
104.169
49.5363
32.2278
24.6033
21.1539
19.4323
18.5234
18.1188
18.1096
18.4779
19.2875
20.7441
23.4267
30.1166
47.9269
96.0405
225.39
591.307
502.178
221.721
81.8669
37.9559
23.2756
18.5933
17.0596
16.3546
15.964
15.784
15.7761
15.9575
16.3607
17.1378
18.9245
24.125
39.1004
83.8899
223.027
498.852
473.792
35.4516
9.88287
12.6958
14.3559
14.9639
15.0735
15.0207
14.9551
14.9225
14.93
14.9792
15.0525
15.0988
14.9555
14.2811
12.5045
9.32639
34.7284
472.635
)
;

boundaryField
{
    fixedWalls_1
    {
        Cmu             0.09;
        kappa           0.41;
        E               9.8;
        type            epsilonWallFunction;
        value           nonuniform List<scalar> 
200
(
1191.38
932.839
984.243
974.17
988.085
1030.5
959.212
968.99
972.944
988.401
1035.01
979.258
1028.53
958.893
969.237
972.107
985.406
1028.51
959.433
972.865
984.914
1028.09
959.482
973.09
985.116
1027.67
957.927
966.429
965.148
965.061
965.415
965.178
965.643
965.322
965.328
965.853
965.583
965.417
965.343
965.821
965.698
966.248
965.991
966.023
966.608
966.689
967.75
968.975
973.446
986.928
1029.98
960.235
968.958
967.913
968.023
968.495
968.094
967.94
968.351
968.749
968.552
969.047
968.725
968.741
969.292
969.072
968.955
968.715
968.404
968.206
968.705
969.174
968.91
968.734
968.69
969.192
969.165
969.845
969.776
969.793
969.737
969.588
969.555
969.982
969.563
969.355
969.513
968.658
967.47
965.538
962.265
956.879
947.344
927.941
891.497
827.131
726.982
601.834
502.058
473.803
1108.37
867.031
919.534
904.021
904.29
903.456
903.016
902.718
903.002
902.72
903.136
902.761
902.469
902.218
902.497
902.178
902.536
902.132
902.004
902.403
902.06
901.839
901.726
902.207
901.997
901.941
901.844
901.715
901.52
901.259
901.083
901.455
901.259
901.764
901.494
901.314
901.178
901.566
901.347
901.808
901.654
902.157
901.859
901.796
902.346
902.923
902.786
902.735
902.735
903.282
903.257
903.945
903.872
903.895
903.835
903.889
904.497
904.352
904.29
904.127
904.052
904.494
904.18
904.131
904.596
904.287
904.059
903.865
904.183
903.867
904.205
903.912
904.428
904.959
904.801
904.766
904.827
905.449
905.309
905.269
905.282
905.796
905.506
905.408
905.718
905.153
904.683
904.479
903.189
901.692
899.931
895.822
888.203
872.797
842.977
789.533
703.813
591.177
498.72
472.699
)
;
    }
    frontAndBack_1
    {
        type            empty;
    }
    inlet_1
    {
        type            fixedValue;
        value           uniform 14.855;
    }
    outlet_1
    {
        type            zeroGradient;
    }
    fixedWalls_2
    {
        Cmu             0.09;
        kappa           0.41;
        E               9.8;
        type            epsilonWallFunction;
        value           nonuniform List<scalar> 
200
(
2147.64
1021.02
1399.43
1412.41
1627.03
1154.33
1266.11
1242.82
1255.34
1271.06
1314.93
1424.82
1623.82
1152.74
1262.53
1237.73
1243.11
1242.42
1242.09
1241.87
1241.53
1241.46
1241.92
1241.57
1242.19
1241.53
1241.34
1240.88
1240.7
1241.13
1241.32
1240.89
1241.41
1241.03
1241.89
1242.37
1242.1
1242.26
1242.24
1242.22
1242.14
1242.05
1242.19
1242.77
1242.31
1242.55
1243.05
1242.54
1242.76
1243.5
1243.99
1243.63
1243.71
1243.86
1244.49
1244.02
1243.91
1243.61
1243.53
1244.12
1244.37
1243.84
1243.94
1244.36
1243.73
1243.85
1244.21
1243.59
1243.69
1244.15
1243.86
1244.5
1244.01
1244.28
1244.88
1244.4
1244.51
1244.59
1245.27
1244.78
1244.88
1244.95
1245.58
1245.01
1244.83
1244.22
1243.43
1242.49
1241.31
1237.94
1232.7
1223.15
1205.25
1171.97
1110.81
1004.57
844.852
650.187
504.348
483.535
2038.17
973.056
1300.97
1198.67
1222.69
1216.3
1216.97
1216.32
1216.23
1216.64
1216.32
1216.96
1216.42
1216.37
1216.07
1215.83
1215.82
1216.3
1215.69
1215.5
1215.08
1214.92
1215.24
1214.76
1215.27
1214.85
1215.4
1214.81
1215.01
1215.54
1215.07
1215.04
1214.84
1214.94
1215.52
1215.05
1215.08
1215.17
1215.79
1215.32
1215.32
1215.37
1216.01
1215.86
1216.63
1216.16
1216.19
1216.22
1216.81
1216.58
1217.33
1217.14
1217.89
1217.38
1217.34
1217.3
1217.8
1217.48
1218.15
1217.91
1218.67
1218.24
1218.3
1218.1
1217.86
1217.56
1217.47
1217.86
1217.45
1218.02
1217.66
1218.35
1218.13
1218.89
1218.45
1218.56
1218.71
1219.39
1218.94
1218.94
1218.92
1219.41
1219
1219.46
1218.82
1218.94
1217.59
1216.57
1215.26
1212.24
1208.44
1200.11
1185.11
1153.95
1097.04
997.121
843.602
650.072
505.155
482.303
)
;
    }
    frontAndBack_2
    {
        type            empty;
    }
    inlet_2
    {
        type            fixedValue;
        value           uniform 14.855;
    }
    outlet_2
    {
        type            zeroGradient;
    }
    fixedWalls_3
    {
        Cmu             0.09;
        kappa           0.41;
        E               9.8;
        type            epsilonWallFunction;
        value           nonuniform List<scalar> 
200
(
2865.94
866.192
1687.76
1638.82
2015.15
1156.22
1434.6
1389.79
1490.41
1680.1
2007.02
1148.17
1412.93
1337.28
1359.81
1356.37
1362.91
1375.77
1408.51
1490.08
1694.28
2033.3
1199.84
1544.32
1664.52
2003.17
1148.17
1411.65
1335.59
1357.08
1351.43
1353.3
1352.45
1353.13
1352.64
1353.27
1352.83
1353.5
1353.1
1353.72
1353.07
1353.41
1354.05
1354.44
1354.05
1354.15
1353.97
1354.13
1354.69
1354.47
1355.19
1354.62
1354.77
1354.82
1355.31
1354.7
1354.69
1354.64
1355.06
1354.7
1355.23
1354.59
1354.82
1355.17
1354.47
1354.45
1354.3
1354.75
1354.31
1354.97
1354.58
1355.25
1354.69
1355.06
1355.55
1355.03
1355.21
1355.23
1355.82
1355.17
1355.27
1355.16
1355.66
1355.16
1355.62
1354.57
1353.94
1352.51
1350.36
1347.13
1341.57
1330.34
1310.17
1271.99
1199.79
1076.84
889.089
663.253
495.842
488.965
2812.57
901.012
1592.53
1348.77
1422.21
1399.26
1405.06
1402.87
1403.28
1403.52
1403.18
1403.72
1403.01
1402.89
1402.46
1402.43
1402.94
1403.14
1402.56
1402.44
1402.07
1402.04
1402.42
1402.05
1402.61
1401.93
1401.95
1401.92
1402.37
1401.74
1401.74
1401.68
1402.04
1401.35
1401.49
1401.77
1401.39
1402.16
1402.46
1402.36
1403.07
1402.59
1402.8
1402.97
1403.61
1403.19
1403.4
1403.56
1404.17
1403.68
1403.8
1403.86
1404.44
1404.18
1404.83
1404.27
1404.59
1404.97
1404.45
1404.71
1405.07
1404.53
1404.8
1405.16
1404.54
1404.51
1404.45
1404.94
1404.62
1405.25
1404.71
1405.11
1405.59
1405.16
1405.33
1405.48
1406.08
1405.57
1405.66
1405.66
1406.13
1405.7
1406.17
1405.59
1406.08
1405.8
1404.54
1403.24
1400.96
1397.72
1392.32
1380.68
1358.8
1316.08
1238.86
1109.32
913.793
673.909
502.184
486.99
)
;
    }
    frontAndBack_3
    {
        type            empty;
    }
    inlet_3
    {
        type            fixedValue;
        value           uniform 14.855;
    }
    outlet_3
    {
        type            zeroGradient;
    }
    fixedWalls_4
    {
        Cmu             0.09;
        kappa           0.41;
        E               9.8;
        type            epsilonWallFunction;
        value           nonuniform List<scalar> 
200
(
2135.58
996.834
1337.11
1254.57
1320.81
1424.95
1625.05
1153.28
1263.79
1237.74
1243.23
1241.65
1242.2
1241.56
1242.16
1242.4
1242.13
1242.79
1242.28
1242.28
1242.03
1241.78
1241.49
1241.4
1241.76
1241.05
1241.17
1241.87
1242.61
1243.09
1245.66
1252.38
1270.05
1312.98
1422.61
1620.97
1154.95
1266.06
1248.65
1271.33
1314.5
1424.06
1622.52
1155.1
1264.9
1242.71
1255.21
1271.6
1316.57
1426.41
1625.54
1154.38
1264.28
1239.25
1245.68
1244.02
1244.36
1244.12
1243.95
1243.99
1244.45
1243.9
1244.05
1244.51
1243.87
1243.75
1243.64
1244.13
1243.79
1244.41
1243.88
1244.14
1244.72
1244.23
1244.3
1244.37
1245.01
1244.45
1244.46
1244.42
1245
1244.65
1245.25
1244.55
1244.55
1244.64
1243.45
1242.39
1240.65
1238.33
1232.57
1223.22
1205.29
1172.07
1110.98
1004.85
845.24
650.523
504.11
483.606
2037.49
972.759
1300.28
1198.02
1222.46
1215.79
1216.7
1216.75
1216.4
1216.93
1216.26
1216.09
1215.93
1216.26
1215.49
1215.4
1215.62
1215.11
1215.71
1215.91
1215.27
1215
1214.75
1215.05
1214.58
1215.27
1215.6
1215.14
1215.06
1214.82
1214.88
1215.41
1214.87
1214.81
1214.78
1215.24
1214.62
1214.68
1215.05
1214.67
1215.42
1215.84
1215.75
1216.54
1216.15
1216.3
1216.52
1217.29
1216.97
1217.1
1217.04
1217.25
1217.91
1217.48
1217.51
1217.56
1218.11
1217.58
1217.74
1218.16
1217.57
1217.68
1218.15
1217.91
1218.63
1218.17
1218.22
1218.03
1217.92
1218.07
1218.75
1218.41
1218.53
1218.43
1218.4
1218.61
1219.3
1218.93
1219.07
1219.25
1219.94
1219.48
1219.34
1218.87
1218.53
1218.66
1218.24
1216.6
1215
1212.82
1208.15
1200.76
1184.48
1153.7
1096.47
996.648
843.626
649.638
504.84
482.581
)
;
    }
    frontAndBack_4
    {
        type            empty;
    }
    inlet_4
    {
        type            fixedValue;
        value           uniform 14.855;
    }
    outlet_4
    {
        type            zeroGradient;
    }
    fixedWalls_5
    {
        Cmu             0.09;
        kappa           0.41;
        E               9.8;
        type            epsilonWallFunction;
        value           nonuniform List<scalar> 
200
(
1191.96
933.276
983.937
970.254
974.613
987.303
1030.08
959.107
968.423
967.008
966.842
966.63
966.95
966.453
966.234
966.54
966.262
966.687
966.301
966.058
965.958
966.441
966.172
966.028
965.811
965.575
965.518
966.053
965.863
965.831
965.767
965.669
965.534
965.38
965.412
966.038
965.935
965.978
965.961
965.874
965.738
965.717
966.263
966.226
966.898
966.804
967.074
968.398
973.443
987.018
1030.54
960.096
968.988
967.928
968.068
968.593
968.284
968.245
968.684
968.512
968.982
968.641
968.556
968.958
968.531
968.38
968.741
968.487
968.916
968.517
968.429
968.867
968.753
969.331
969.129
969.039
969.111
969.7
969.516
969.418
969.443
969.958
969.691
969.684
970.158
969.739
969.259
968.446
967.151
965.359
962.828
957.247
947.045
927.613
890.912
826.417
726.696
601.353
502.178
473.792
1108.37
866.456
918.799
903.808
903.972
903.862
903.483
903.298
903.071
902.821
902.696
903.133
902.819
902.572
902.196
901.885
902.202
902.526
902.119
901.775
901.478
901.84
902.257
902.018
901.904
901.714
901.493
901.401
901.886
901.652
901.528
901.34
901.276
901.765
901.501
901.33
901.213
901.637
901.469
901.967
901.673
901.594
901.981
901.749
902.291
902.825
902.682
902.826
903.523
903.508
903.612
903.623
903.582
903.642
904.239
904.061
903.973
903.94
904.428
904.163
904.175
904.728
904.554
904.49
904.322
904.08
903.915
904.287
904.074
904.553
904.282
904.305
904.868
904.692
904.643
904.69
905.295
905.132
905.054
905.017
905.497
905.344
905.812
905.419
905.181
905.346
904.779
904.703
903.533
901.984
899.509
895.309
887.518
872.516
842.541
789.691
703.878
591.307
498.852
472.635
)
;
    }
    frontAndBack_5
    {
        type            empty;
    }
    inlet_5
    {
        type            fixedValue;
        value           uniform 14.855;
    }
    outlet_5
    {
        type            zeroGradient;
    }
}


// ************************************************************************* //
