/*--------------------------------*- C++ -*----------------------------------*\
  =========                 |
  \\      /  F ield         | OpenFOAM: The Open Source CFD Toolbox
   \\    /   O peration     | Website:  https://openfoam.org
    \\  /    A nd           | Version:  6
     \\/     M anipulation  |
\*---------------------------------------------------------------------------*/
FoamFile
{
    version     2.0;
    format      ascii;
    class       volScalarField;
    location    "2";
    object      p;
}
// * * * * * * * * * * * * * * * * * * * * * * * * * * * * * * * * * * * * * //

dimensions      [0 2 -2 0 0 0 0];

internalField   nonuniform List<scalar> 
10000
(
0.22118
0.281358
0.343035
0.422824
0.480851
0.509008
0.514521
0.511174
0.508445
0.509717
0.515919
0.526616
0.540853
0.552705
0.551402
0.523605
0.462395
0.374989
0.308142
0.252865
1.21321
1.28043
1.36738
1.48077
1.57671
1.63848
1.66873
1.6819
1.68999
1.69957
1.71293
1.73134
1.75324
1.77164
1.77268
1.7388
1.66337
1.55769
1.46084
1.37273
2.73457
2.74909
2.78515
2.83066
2.87816
2.92207
2.95701
2.98165
2.99858
3.01054
3.02018
3.0276
3.03322
3.03483
3.03133
3.0214
3.0057
2.9838
2.94791
2.90835
4.18019
4.20272
4.22514
4.24042
4.24955
4.25328
4.25461
4.25591
4.25789
4.25995
4.26109
4.26035
4.2568
4.24963
4.23928
4.22646
4.21292
4.19932
4.18819
4.18106
5.52592
5.54307
5.54887
5.5446
5.53719
5.52891
5.52253
5.51908
5.51797
5.517
5.51521
5.5106
5.50314
5.49231
5.47973
5.46775
5.45878
5.45367
5.45231
5.45365
6.69805
6.69638
6.69771
6.70601
6.71884
6.73402
6.74894
6.76128
6.77014
6.77516
6.7761
6.77251
6.76419
6.75113
6.73514
6.71917
6.70733
6.70212
6.70456
6.71132
7.88304
7.86801
7.87089
7.8922
7.92284
7.9582
7.99161
8.01829
8.03737
8.04915
8.05521
8.0553
8.05023
8.03947
8.024
8.00555
7.98749
7.97364
7.97225
7.98348
9.20338
9.18928
9.19225
9.20987
9.23538
9.26516
9.29389
9.31768
9.33552
9.34805
9.35624
9.36079
9.3625
9.36148
9.35833
9.35327
9.34735
9.34153
9.33721
9.33598
10.6151
10.6148
10.6199
10.6267
10.6334
10.6398
10.6464
10.6531
10.6599
10.6662
10.6723
10.6778
10.6833
10.6887
10.6937
10.6972
10.6984
10.6968
10.6931
10.6894
12.0347
12.0467
12.0467
12.035
12.02
12.0055
11.9946
11.9885
11.9864
11.9871
11.9898
11.9942
12.0007
12.0095
12.0206
12.0322
12.0418
12.0465
12.0443
12.0378
13.3384
13.3429
13.3401
13.333
13.3247
13.3168
13.3105
13.3059
13.3033
13.3017
13.3016
13.3025
13.3052
13.3104
13.3193
13.3324
13.3487
13.3641
13.3686
13.3598
14.6404
14.6441
14.6433
14.6398
14.6354
14.6307
14.6262
14.622
14.6182
14.6146
14.6108
14.6063
14.601
14.5944
14.5876
14.5823
14.5808
14.5842
14.5919
14.5993
15.9476
15.953
15.9553
15.9551
15.953
15.9495
15.9452
15.9406
15.936
15.9311
15.9259
15.9195
15.9114
15.9008
15.8877
15.8729
15.8588
15.8484
15.8493
15.8615
17.2636
17.2703
17.2776
17.2827
17.2827
17.278
17.2708
17.2638
17.2579
17.253
17.2486
17.2443
17.2399
17.235
17.2298
17.2243
17.2187
17.2138
17.2105
17.21
18.5991
18.6037
18.6037
18.5982
18.5915
18.5854
18.5808
18.5777
18.5759
18.5745
18.5737
18.5731
18.573
18.5734
18.5741
18.5744
18.5737
18.5716
18.5684
18.5655
19.8659
19.8504
19.8448
19.8498
19.8593
19.8707
19.881
19.8888
19.894
19.8978
19.9006
19.9034
19.9068
19.9111
19.9167
19.9228
19.928
19.9305
19.9286
19.9237
21.2118
21.2112
21.2098
21.2089
21.2097
21.2123
21.2157
21.2196
21.2236
21.2274
21.2311
21.2347
21.2384
21.2427
21.2479
21.2546
21.2629
21.2719
21.2748
21.2691
22.5188
22.5228
22.5259
22.5298
22.5343
22.5396
22.5453
22.5509
22.556
22.5609
22.5651
22.5688
22.5718
22.5731
22.572
22.5676
22.5602
22.5525
22.5524
22.5617
23.8444
23.8465
23.8523
23.8601
23.8676
23.875
23.8817
23.888
23.8936
23.8988
23.904
23.9096
23.916
23.9236
23.9323
23.9404
23.946
23.9473
23.9438
23.9388
25.2209
25.2196
25.2197
25.2203
25.2217
25.2243
25.2279
25.232
25.236
25.24
25.2439
25.248
25.2529
25.2593
25.2682
25.2799
25.2935
25.3061
25.309
25.2999
26.5953
26.5955
26.5914
26.5855
26.5809
26.5788
26.5787
26.5799
26.5816
26.5833
26.5849
26.586
26.5859
26.5843
26.5811
26.5773
26.5749
26.5759
26.5812
26.5876
27.9409
27.9449
27.945
27.9423
27.9386
27.9353
27.9328
27.9313
27.9303
27.9304
27.9308
27.9316
27.9321
27.9309
27.9268
27.9187
27.9071
27.8956
27.8935
27.9033
29.3122
29.3189
29.3233
29.3225
29.316
29.3057
29.2945
29.2853
29.2792
29.2762
29.2763
29.2794
29.2853
29.2938
29.3034
29.3115
29.3157
29.3145
29.3086
29.3024
30.7117
30.7215
30.7195
30.7042
30.6832
30.6604
30.6401
30.6249
30.6149
30.6101
30.6094
30.6129
30.6207
30.6327
30.6484
30.6659
30.6823
30.6942
30.694
30.6823
32.0114
32.011
32.002
31.9884
31.9738
31.9594
31.9464
31.9361
31.929
31.9251
31.9244
31.9268
31.932
31.9396
31.9486
31.9579
31.966
31.9721
31.9758
31.9766
33.2558
33.2591
33.2582
33.2558
33.2517
33.2459
33.2393
33.2335
33.229
33.2267
33.226
33.2274
33.2304
33.235
33.2407
33.2467
33.2523
33.2568
33.2602
33.2623
34.4943
34.4963
34.5005
34.5072
34.5128
34.5164
34.5179
34.5184
34.5183
34.5182
34.5181
34.5182
34.5185
34.5192
34.5207
34.5232
34.5266
34.5306
34.5344
34.5371
35.7589
35.7538
35.7532
35.7584
35.7675
35.7792
35.7903
35.7991
35.8047
35.8077
35.808
35.8065
35.803
35.7983
35.7934
35.79
35.7894
35.792
35.7967
35.8009
37.0276
37.0156
37.0151
37.0269
37.0441
37.0634
37.0807
37.0936
37.1015
37.1052
37.1051
37.1015
37.0943
37.0839
37.0713
37.0591
37.0502
37.0473
37.0516
37.0595
38.3769
38.3772
38.3802
38.3852
38.3915
38.3989
38.4059
38.4118
38.4153
38.4167
38.4153
38.4111
38.4034
38.3918
38.3764
38.3582
38.3398
38.3255
38.324
38.3356
39.7282
39.7302
39.7317
39.7325
39.733
39.7341
39.7352
39.7363
39.7368
39.7366
39.7355
39.7335
39.7306
39.7265
39.7209
39.7139
39.7056
39.6976
39.6922
39.691
41.0787
41.0838
41.0864
41.0858
41.082
41.0757
41.0689
41.0636
41.0597
41.0576
41.0564
41.0565
41.0575
41.0593
41.0613
41.0618
41.0597
41.0551
41.0497
41.0459
42.4076
42.4138
42.4119
42.4028
42.3929
42.3845
42.3783
42.3743
42.3716
42.37
42.3695
42.3706
42.3738
42.3796
42.3875
42.3959
42.4019
42.4033
42.3991
42.3924
43.6741
43.6623
43.6571
43.6594
43.6645
43.6705
43.675
43.6769
43.6763
43.6747
43.6726
43.6714
43.6714
43.6739
43.6801
43.69
43.7027
43.7147
43.7171
43.7079
45.0241
45.029
45.0323
45.0317
45.0264
45.017
45.0058
44.9953
44.9862
44.9782
44.9707
44.963
44.9545
44.9451
44.9354
44.9272
44.9226
44.923
44.9287
44.9355
46.346
46.3573
46.3589
46.3506
46.3375
46.3219
46.3068
46.2943
46.2838
46.275
46.266
46.2565
46.245
46.2311
46.2147
46.1967
46.1795
46.1666
46.166
46.1777
47.5731
47.567
47.5621
47.5609
47.5626
47.5663
47.5695
47.5708
47.5698
47.5666
47.5617
47.5552
47.5473
47.5382
47.5282
47.5184
47.5091
47.5017
47.4974
47.4969
48.8136
48.8008
48.7987
48.8078
48.8216
48.8365
48.849
48.8572
48.8611
48.8619
48.8599
48.8567
48.8517
48.8461
48.8399
48.8333
48.827
48.8215
48.8176
48.8156
50.137
50.1371
50.1395
50.1435
50.1484
50.1538
50.1585
50.162
50.1637
50.1639
50.1627
50.1606
50.1579
50.1549
50.1515
50.1478
50.1435
50.139
50.1352
50.133
51.4634
51.4654
51.4672
51.4682
51.4687
51.4693
51.4696
51.4695
51.4687
51.4676
51.4656
51.4641
51.4623
51.4614
51.4608
51.46
51.4584
51.4554
51.4516
51.4486
52.789
52.7946
52.7985
52.7995
52.7972
52.7919
52.7854
52.7796
52.7749
52.7711
52.7676
52.7644
52.7616
52.7602
52.7602
52.7623
52.7648
52.7661
52.7641
52.7593
54.0915
54.0984
54.0987
54.0929
54.0865
54.0812
54.0773
54.0747
54.0722
54.0696
54.0657
54.0613
54.0554
54.0493
54.044
54.0419
54.0446
54.0514
54.0549
54.0503
55.3312
55.3189
55.3155
55.3226
55.3341
55.3473
55.3586
55.3663
55.37
55.3706
55.3684
55.3634
55.3552
55.343
55.3263
55.3068
55.2875
55.2734
55.2736
55.2868
56.6628
56.6619
56.6635
56.6661
56.6695
56.6735
56.6771
56.6799
56.681
56.6815
56.6806
56.6797
56.6776
56.6749
56.6694
56.6595
56.6448
56.6275
56.6175
56.6209
58.0086
58.0093
58.0092
58.0073
58.0048
58.0028
58.0009
57.9991
57.9972
57.9958
57.9952
57.9963
58.0005
58.0089
58.0212
58.0359
58.0483
58.054
58.046
58.0283
59.3665
59.3711
59.3726
59.3686
59.3599
59.3478
59.3348
59.3234
59.314
59.3073
59.3022
59.2998
59.2992
59.3027
59.3105
59.3233
59.3395
59.3546
59.3577
59.3456
60.7105
60.7207
60.7209
60.7095
60.6921
60.6718
60.6521
60.6358
60.6228
60.6127
60.604
60.5959
60.5874
60.5786
60.5694
60.5623
60.559
60.5609
60.5675
60.5744
61.9703
61.9657
61.9607
61.9558
61.9499
61.9428
61.9349
61.9273
61.9199
61.9133
61.9061
61.8988
61.8893
61.8778
61.8631
61.8466
61.8306
61.8187
61.8187
61.8307
63.2332
63.2233
63.2157
63.2117
63.2112
63.2136
63.2162
63.2181
63.2183
63.2176
63.2159
63.2137
63.2108
63.2074
63.2024
63.1967
63.1901
63.1841
63.18
63.1793
64.5135
64.5021
64.495
64.4953
64.5004
64.5082
64.5158
64.5217
64.5255
64.5287
64.5313
64.5351
64.5389
64.5439
64.5483
64.5511
64.5513
64.5487
64.5446
64.5412
65.8391
65.8499
65.8563
65.8586
65.8573
65.8532
65.8483
65.8453
65.8446
65.8466
65.8507
65.8573
65.8664
65.8785
65.8919
65.9054
65.9154
65.9196
65.9168
65.9102
67.1529
67.1692
67.1775
67.177
67.1718
67.1646
67.1583
67.1554
67.1556
67.1589
67.1642
67.1723
67.1823
67.1961
67.2127
67.2324
67.2526
67.2694
67.2732
67.2633
68.4186
68.4147
68.4128
68.415
68.4211
68.4307
68.4412
68.4512
68.4598
68.4677
68.475
68.4819
68.4882
68.4945
68.5002
68.5073
68.516
68.526
68.5348
68.5391
69.6955
69.6851
69.6862
69.6982
69.7147
69.7328
69.7496
69.7637
69.7752
69.7851
69.7932
69.8004
69.805
69.8076
69.807
69.8055
69.8053
69.8086
69.8161
69.8249
71.0525
71.0591
71.0677
71.0764
71.0834
71.0884
71.0931
71.0993
71.1069
71.1159
71.1251
71.1339
71.1413
71.1463
71.147
71.1437
71.1368
71.1297
71.1308
71.142
72.3825
72.3909
72.3947
72.395
72.3972
72.4027
72.4117
72.4234
72.4362
72.4497
72.4633
72.4776
72.4922
72.5082
72.5238
72.5381
72.5486
72.5535
72.5518
72.5471
73.6468
73.6323
73.6295
73.6413
73.6631
73.692
73.7219
73.7486
73.7707
73.7894
73.806
73.8219
73.8379
73.8559
73.8758
73.8982
73.921
73.9402
73.9456
73.936
75.0169
75.0101
75.0158
75.0322
75.0529
75.0751
75.0963
75.1151
75.1313
75.1454
75.1578
75.1689
75.1783
75.1873
75.1954
75.2049
75.2162
75.2286
75.2389
75.2434
76.4789
76.4922
76.5001
76.5005
76.4988
76.4976
76.4988
76.5029
76.5089
76.5158
76.5223
76.5278
76.5312
76.5325
76.5316
76.5306
76.532
76.5375
76.5466
76.5555
77.8842
77.8893
77.8911
77.8894
77.8869
77.8853
77.8853
77.8869
77.8898
77.8933
77.897
77.9
77.9014
77.9009
77.897
77.891
77.8838
77.8781
77.8807
77.8922
79.2903
79.2959
79.299
79.2984
79.2944
79.288
79.2818
79.2778
79.2764
79.2772
79.2795
79.283
79.287
79.2921
79.2977
79.3039
79.3101
79.3143
79.3142
79.3108
80.684
80.6906
80.6891
80.6802
80.6708
80.6633
80.6587
80.6567
80.6568
80.6582
80.6608
80.664
80.6682
80.6736
80.6801
80.6892
80.7008
80.7133
80.7183
80.7125
82.0253
82.0133
82.0081
82.0104
82.0159
82.0228
82.0291
82.0333
82.0361
82.0383
82.0408
82.0437
82.0465
82.0489
82.0496
82.0478
82.0443
82.0406
82.0427
82.0518
83.4618
83.4666
83.4692
83.4667
83.4599
83.4497
83.439
83.43
83.4241
83.4208
83.4203
83.4219
83.4265
83.434
83.4436
83.455
83.465
83.4709
83.4696
83.4641
84.8805
84.8926
84.8931
84.8807
84.8628
84.8423
84.8234
84.8085
84.798
84.791
84.7871
84.7858
84.7867
84.7911
84.7998
84.8132
84.8311
84.8486
84.8541
84.8445
86.2049
86.2045
86.2016
86.1969
86.1902
86.1812
86.1715
86.1622
86.1544
86.1475
86.1417
86.1353
86.129
86.1219
86.1149
86.1108
86.1112
86.1169
86.1254
86.1319
87.5112
87.5093
87.5091
87.5104
87.5113
87.5099
87.5072
87.5035
87.4999
87.4956
87.4906
87.4844
87.4755
87.4643
87.451
87.4365
87.4241
87.4158
87.4177
87.4288
88.7969
88.79
88.7877
88.792
88.8012
88.813
88.8246
88.8334
88.8392
88.8412
88.8407
88.8366
88.831
88.8236
88.8154
88.8087
88.8039
88.8009
88.7988
88.7974
90.091
90.0744
90.0706
90.0808
90.1007
90.1261
90.1511
90.1705
90.1833
90.1901
90.1923
90.1913
90.1868
90.1807
90.174
90.1679
90.1643
90.1625
90.1607
90.158
91.48
91.4737
91.4778
91.4903
91.5051
91.5201
91.533
91.5425
91.5487
91.5515
91.552
91.5489
91.5443
91.5373
91.5293
91.5224
91.5174
91.5148
91.513
91.5106
92.9411
92.9599
92.97
92.9671
92.9572
92.9429
92.9295
92.9198
92.9141
92.9106
92.9082
92.906
92.902
92.8964
92.8888
92.8792
92.8703
92.8635
92.86
92.8589
94.2937
94.3094
94.3127
94.304
94.2908
94.2762
94.2643
94.2565
94.2529
94.2516
94.2525
94.2532
94.2554
94.2563
94.255
94.2496
94.2383
94.2231
94.2125
94.2124
95.5282
95.5234
95.5204
95.5214
95.5264
95.5343
95.5433
95.5515
95.5587
95.5652
95.5718
95.5802
95.59
95.6035
95.6201
95.6367
95.6504
95.6557
95.6459
95.6254
96.7673
96.7556
96.7556
96.768
96.7857
96.806
96.8248
96.8402
96.8519
96.8609
96.8686
96.8749
96.8826
96.8915
96.903
96.9178
96.9334
96.9466
96.9466
96.9314
98.0801
98.0813
98.0856
98.0915
98.0994
98.1089
98.1189
98.1278
98.135
98.1404
98.1439
98.1463
98.1461
98.1439
98.1395
98.1333
98.1278
98.1252
98.1267
98.1299
99.3892
99.3923
99.395
99.3963
99.3977
99.4003
99.4035
99.4063
99.4083
99.4089
99.4086
99.406
99.4025
99.3958
99.3856
99.3713
99.3532
99.3355
99.3282
99.335
100.691
100.699
100.703
100.702
100.696
100.688
100.679
100.671
100.665
100.66
100.655
100.651
100.647
100.645
100.643
100.64
100.635
100.625
100.614
100.605
101.961
101.975
101.978
101.969
101.955
101.938
101.922
101.908
101.897
101.887
101.879
101.87
101.862
101.856
101.852
101.851
101.852
101.853
101.848
101.834
103.124
103.126
103.126
103.125
103.122
103.118
103.112
103.105
103.097
103.088
103.077
103.065
103.051
103.034
103.016
102.996
102.979
102.966
102.963
102.965
104.268
104.268
104.272
104.277
104.282
104.286
104.288
104.287
104.283
104.276
104.267
104.254
104.238
104.218
104.195
104.167
104.138
104.111
104.099
104.106
105.394
105.39
105.393
105.401
105.415
105.43
105.444
105.454
105.457
105.456
105.449
105.44
105.427
105.412
105.397
105.38
105.362
105.344
105.328
105.321
106.536
106.527
106.533
106.552
106.575
106.6
106.62
106.634
106.64
106.64
106.634
106.624
106.61
106.593
106.575
106.558
106.543
106.532
106.521
106.512
107.762
107.771
107.785
107.8
107.813
107.824
107.832
107.837
107.837
107.834
107.825
107.812
107.794
107.771
107.743
107.712
107.678
107.648
107.634
107.641
108.974
108.984
108.995
109.001
109.009
109.019
109.029
109.036
109.039
109.036
109.027
109.014
108.997
108.976
108.954
108.931
108.907
108.884
108.866
108.86
110.135
110.126
110.135
110.156
110.182
110.21
110.233
110.249
110.256
110.255
110.245
110.23
110.209
110.184
110.158
110.134
110.112
110.095
110.082
110.075
111.414
111.421
111.439
111.459
111.476
111.491
111.502
111.508
111.509
111.503
111.491
111.472
111.446
111.414
111.377
111.336
111.294
111.258
111.243
111.254
112.703
112.716
112.735
112.749
112.762
112.772
112.782
112.788
112.79
112.785
112.772
112.753
112.728
112.698
112.665
112.633
112.601
112.573
112.555
112.556
113.951
113.947
113.964
113.991
114.021
114.051
114.078
114.097
114.108
114.109
114.1
114.082
114.056
114.024
113.99
113.955
113.926
113.905
113.894
113.897
115.265
115.254
115.272
115.309
115.352
115.397
115.438
115.471
115.493
115.501
115.497
115.48
115.453
115.417
115.373
115.327
115.281
115.245
115.234
115.26
116.679
116.653
116.668
116.708
116.762
116.824
116.884
116.933
116.967
116.985
116.986
116.976
116.953
116.923
116.89
116.855
116.824
116.799
116.791
116.813
118.264
118.22
118.23
118.276
118.339
118.411
118.482
118.539
118.579
118.601
118.604
118.592
118.568
118.537
118.504
118.476
118.456
118.449
118.457
118.49
120.134
120.086
120.09
120.124
120.174
120.23
120.286
120.335
120.369
120.387
120.387
120.372
120.341
120.301
120.257
120.218
120.191
120.185
120.212
120.28
122.254
122.181
122.164
122.182
122.217
122.262
122.31
122.353
122.384
122.399
122.397
122.377
122.342
122.297
122.248
122.206
122.179
122.182
122.23
122.332
124.653
124.527
124.482
124.492
124.527
124.571
124.616
124.657
124.685
124.7
124.699
124.684
124.653
124.613
124.568
124.526
124.503
124.517
124.59
124.735
127.534
127.354
127.28
127.276
127.296
127.32
127.344
127.366
127.383
127.394
127.398
127.393
127.381
127.361
127.336
127.31
127.296
127.318
127.419
127.617
131.048
130.811
130.707
130.68
130.664
130.64
130.615
130.598
130.59
130.591
130.602
130.623
130.649
130.682
130.712
130.732
130.745
130.778
130.896
131.148
135.36
135.085
134.96
134.891
134.805
134.695
134.586
134.503
134.453
134.437
134.455
134.506
134.591
134.705
134.834
134.953
135.042
135.115
135.24
135.512
140.291
140.034
139.901
139.752
139.542
139.294
139.066
138.894
138.788
138.747
138.769
138.853
139.001
139.213
139.472
139.74
139.962
140.117
140.248
140.498
145.204
145.031
144.962
144.735
144.361
143.945
143.585
143.324
143.165
143.099
143.121
143.229
143.431
143.733
144.128
144.572
144.966
145.204
145.276
145.437
150.953
149.853
150.193
149.842
149.221
148.615
148.137
147.81
147.617
147.537
147.56
147.68
147.917
148.285
148.803
149.444
150.091
150.465
150.147
151.231
-0.263115
0.0053671
0.100333
0.400811
0.637269
0.771544
0.841339
0.88059
0.904194
0.916651
0.920817
0.916625
0.904917
0.880419
0.828084
0.714723
0.505596
0.232002
0.134088
-0.138188
1.74034
1.93534
2.04896
2.37691
2.70276
2.9445
3.10243
3.20217
3.26184
3.29225
3.29824
3.28195
3.24131
3.16823
3.04597
2.84689
2.56884
2.28494
2.17662
1.94662
5.27044
5.23461
5.31508
5.46959
5.65005
5.82312
5.95998
6.05362
6.11052
6.13591
6.13502
6.10599
6.04936
5.95708
5.82842
5.67106
5.51943
5.41587
5.36985
5.36648
8.47094
8.53587
8.61776
8.68813
8.75001
8.80695
8.8556
8.89211
8.91373
8.91919
8.90832
8.88062
8.83621
8.77278
8.68832
8.57633
8.43621
8.28075
8.20364
8.21303
11.5128
11.6732
11.7661
11.8097
11.8267
11.8347
11.8388
11.8372
11.8302
11.8158
11.7954
11.768
11.7384
11.7104
11.6934
11.6946
11.7102
11.7145
11.6653
11.6024
14.8101
14.956
15.0276
15.0204
14.9703
14.9084
14.8535
14.8087
14.7716
14.7374
14.7035
14.6676
14.6305
14.5946
14.5687
14.5668
14.6072
14.6877
14.7212
14.6788
18.1944
18.2428
18.2171
18.0935
17.9711
17.8715
17.7978
17.7424
17.6988
17.6593
17.6208
17.5769
17.5253
17.4598
17.3773
17.2795
17.1847
17.1267
17.1554
17.2217
20.913
20.8402
20.7666
20.7244
20.6993
20.6764
20.6524
20.628
20.6045
20.5806
20.5548
20.5236
20.484
20.4302
20.3562
20.2547
20.1281
19.9966
19.953
20.0018
23.6725
23.5811
23.5161
23.4966
23.4989
23.5047
23.5091
23.5116
23.5131
23.5129
23.5119
23.5086
23.504
23.4969
23.4876
23.4718
23.4433
23.3947
23.3317
23.2893
26.3706
26.2512
26.1933
26.213
26.2646
26.3204
26.3665
26.4016
26.4294
26.4539
26.4779
26.5034
26.5331
26.5682
26.6096
26.6516
26.6806
26.6764
26.6278
26.5738
29.1789
29.0772
29.0694
29.1361
29.2031
29.2578
29.3003
29.3357
29.3694
29.4038
29.4422
29.4868
29.5411
29.6101
29.698
29.8033
29.9086
29.9763
29.9589
29.8973
32.3094
32.3511
32.3696
32.3377
32.2994
32.2746
32.2713
32.2859
32.3122
32.3462
32.3864
32.4336
32.4903
32.5612
32.6529
32.7737
32.9231
33.0765
33.1292
33.0776
34.9312
35.0615
35.0775
35.0638
35.0757
35.109
35.151
35.1931
35.2335
35.2719
35.31
35.3482
35.3868
35.4259
35.4648
35.5052
35.5538
35.6193
35.6973
35.7448
37.4772
37.5124
37.5793
37.7312
37.8746
37.9902
38.0735
38.1325
38.1767
38.2121
38.2422
38.2677
38.2891
38.3043
38.3125
38.3158
38.3246
38.3563
38.4184
38.4708
40.8909
40.9405
41.0148
41.0624
41.09
41.1105
41.1298
41.1489
41.1675
41.1845
41.2006
41.2135
41.2216
41.2202
41.2043
41.1694
41.1239
41.0944
41.1261
41.1889
44.1696
44.2171
44.2541
44.2524
44.2323
44.2103
44.1929
44.1814
44.1758
44.1756
44.18
44.1874
44.1975
44.2054
44.2055
44.1851
44.1327
44.0539
44.0275
44.0705
47.4935
47.5466
47.5598
47.4996
47.4105
47.3221
47.2526
47.2044
47.1745
47.1584
47.1544
47.1617
47.1816
47.2181
47.2762
47.3554
47.4407
47.497
47.4783
47.4264
50.6412
50.6836
50.6318
50.4965
50.3718
50.2738
50.2046
50.1573
50.1257
50.1056
50.0945
50.0922
50.1007
50.1237
50.1691
50.2486
50.3687
50.5126
50.5758
50.5377
53.2365
53.1719
53.0977
53.0695
53.0676
53.0688
53.0648
53.0551
53.0423
53.027
53.0106
52.9923
52.9719
52.9484
52.9219
52.8978
52.8918
52.9263
53.0088
53.0777
55.8969
55.822
55.782
55.8148
55.8727
55.9263
55.962
55.9787
55.9799
55.9688
55.9474
55.9154
55.873
55.8163
55.7445
55.6605
55.5808
55.5393
55.5812
55.6607
58.7034
58.6364
58.6496
58.7494
58.8465
58.9192
58.962
58.9795
58.9786
58.9631
58.9361
58.897
58.8452
58.7768
58.6884
58.5756
58.445
58.321
58.2965
58.3638
62.0336
62.0587
62.0936
62.1094
62.1083
62.0986
62.0842
62.0661
62.0432
62.0153
61.9819
61.9424
61.8976
61.8466
61.7923
61.7355
61.6783
61.6215
61.5728
61.5508
65.3523
65.3835
65.3971
65.3694
65.3214
65.2687
65.2188
65.1734
65.1323
65.0939
65.0573
65.0205
64.983
64.9438
64.9036
64.862
64.8194
64.7746
64.7316
64.7047
68.6884
68.7296
68.7243
68.645
68.5359
68.4265
68.3349
68.2645
68.2113
68.1704
68.1374
68.1096
68.0857
68.0639
68.0442
68.0243
67.9994
67.9641
67.9215
67.8918
71.8208
71.8524
71.7863
71.6398
71.5057
71.3997
71.3238
71.2719
71.2371
71.2138
71.1987
71.1896
71.1853
71.186
71.1917
71.1999
71.2029
71.1883
71.1497
71.1131
74.3429
74.2677
74.1845
74.158
74.1648
74.1795
74.1926
74.204
74.2146
74.2263
74.2386
74.2529
74.2697
74.291
74.3193
74.3561
74.3961
74.4232
74.4067
74.3653
76.8569
76.7687
76.7259
76.7802
76.8758
76.9764
77.0629
77.1323
77.1878
77.2334
77.2724
77.307
77.3386
77.3686
77.3978
77.4297
77.4692
77.5197
77.5378
77.5136
79.4657
79.3766
79.398
79.5473
79.721
79.8842
80.0176
80.1214
80.2023
80.2685
80.3241
80.373
80.416
80.4514
80.4729
80.468
80.4255
80.3529
80.3329
80.3768
82.6003
82.6064
82.6918
82.8262
82.9458
83.0476
83.1345
83.2112
83.2799
83.3425
83.4011
83.4589
83.519
83.5872
83.6685
83.7629
83.8538
83.9078
83.883
83.8267
86.0851
86.1843
86.251
86.2491
86.2421
86.253
86.2848
86.3296
86.3791
86.4295
86.4786
86.528
86.5792
86.6369
86.7081
86.8027
86.9263
87.0635
87.1151
87.0685
89.1578
89.1954
89.2244
89.2496
89.2849
89.3306
89.3804
89.4289
89.4743
89.5151
89.5516
89.5828
89.6082
89.6261
89.6345
89.6359
89.6413
89.6714
89.7378
89.7919
92.2262
92.2501
92.2887
92.3382
92.3922
92.4476
92.4993
92.5446
92.5824
92.6133
92.6372
92.654
92.6621
92.6581
92.6379
92.5986
92.5482
92.5134
92.5388
92.5974
95.3674
95.3855
95.4307
95.487
95.5462
95.6042
95.6523
95.6876
95.7124
95.7294
95.7413
95.7488
95.752
95.7481
95.7321
95.6939
95.6251
95.5344
95.5013
95.5408
98.677
98.7087
98.7858
98.862
98.8961
98.9011
98.8916
98.878
98.8649
98.8549
98.8482
98.8468
98.8519
98.8672
98.8979
98.9451
98.999
99.0317
99.0019
98.9466
102.486
102.626
102.678
102.566
102.405
102.252
102.135
102.051
101.993
101.951
101.922
101.902
101.891
101.891
101.905
101.943
102.014
102.112
102.152
102.11
105.769
105.841
105.787
105.613
105.443
105.301
105.19
105.104
105.037
104.984
104.942
104.908
104.878
104.846
104.806
104.754
104.697
104.662
104.694
104.755
108.53
108.493
108.423
108.351
108.28
108.205
108.132
108.065
108.007
107.958
107.918
107.885
107.858
107.832
107.801
107.756
107.686
107.597
107.564
107.604
111.353
111.318
111.263
111.204
111.143
111.081
111.021
110.967
110.92
110.881
110.849
110.825
110.811
110.809
110.827
110.866
110.918
110.954
110.931
110.88
114.097
114.056
113.999
113.955
113.919
113.884
113.851
113.818
113.788
113.76
113.734
113.711
113.692
113.68
113.68
113.706
113.771
113.873
113.923
113.89
116.757
116.707
116.656
116.639
116.641
116.646
116.645
116.639
116.628
116.614
116.594
116.571
116.539
116.496
116.436
116.361
116.285
116.245
116.286
116.36
119.356
119.291
119.257
119.289
119.345
119.399
119.438
119.461
119.47
119.47
119.463
119.448
119.424
119.387
119.33
119.246
119.135
119.019
118.988
119.045
122.069
122.016
122.035
122.124
122.204
122.263
122.3
122.323
122.335
122.342
122.345
122.346
122.345
122.344
122.342
122.336
122.318
122.282
122.232
122.199
125.225
125.268
125.296
125.283
125.254
125.227
125.211
125.207
125.209
125.215
125.223
125.235
125.251
125.274
125.305
125.342
125.371
125.377
125.344
125.303
128.127
128.147
128.118
128.061
128.031
128.026
128.032
128.043
128.053
128.064
128.076
128.092
128.114
128.148
128.2
128.272
128.356
128.423
128.424
128.38
130.651
130.589
130.593
130.675
130.755
130.815
130.852
130.875
130.889
130.898
130.905
130.911
130.917
130.929
130.952
131
131.087
131.209
131.275
131.25
133.706
133.747
133.776
133.772
133.754
133.737
133.729
133.73
133.733
133.734
133.73
133.719
133.698
133.663
133.61
133.542
133.476
133.448
133.503
133.585
136.508
136.521
136.495
136.462
136.467
136.497
136.531
136.559
136.577
136.583
136.579
136.563
136.534
136.489
136.421
136.327
136.212
136.098
136.077
136.142
138.993
138.914
138.929
139.054
139.191
139.308
139.389
139.437
139.461
139.47
139.467
139.456
139.435
139.408
139.374
139.335
139.291
139.244
139.2
139.176
142.171
142.198
142.282
142.37
142.414
142.427
142.424
142.418
142.409
142.4
142.389
142.376
142.362
142.346
142.327
142.305
142.278
142.245
142.206
142.176
145.747
145.88
145.923
145.816
145.673
145.546
145.454
145.394
145.354
145.329
145.311
145.3
145.294
145.294
145.297
145.3
145.295
145.274
145.235
145.203
148.74
148.794
148.735
148.593
148.474
148.386
148.324
148.28
148.247
148.224
148.208
148.202
148.205
148.22
148.247
148.282
148.313
148.319
148.287
148.246
151.208
151.136
151.08
151.084
151.108
151.127
151.129
151.119
151.102
151.085
151.071
151.065
151.068
151.087
151.127
151.191
151.27
151.335
151.333
151.287
153.959
153.909
153.92
153.981
154.019
154.028
154.015
153.992
153.965
153.938
153.914
153.892
153.876
153.868
153.874
153.91
153.988
154.104
154.165
154.138
157.207
157.259
157.275
157.214
157.119
157.022
156.94
156.879
156.829
156.788
156.749
156.71
156.664
156.609
156.538
156.455
156.377
156.34
156.389
156.468
160.208
160.251
160.192
160.051
159.924
159.827
159.757
159.707
159.668
159.634
159.6
159.562
159.514
159.452
159.369
159.262
159.136
159.014
158.986
159.047
162.61
162.543
162.468
162.449
162.459
162.476
162.487
162.493
162.492
162.488
162.478
162.461
162.436
162.404
162.363
162.317
162.266
162.213
162.163
162.135
165.045
164.965
164.929
164.985
165.077
165.172
165.248
165.306
165.346
165.374
165.392
165.402
165.405
165.4
165.388
165.368
165.34
165.302
165.257
165.223
167.619
167.539
167.566
167.708
167.865
168.007
168.118
168.199
168.26
168.308
168.347
168.382
168.414
168.444
168.469
168.487
168.489
168.467
168.423
168.384
170.773
170.794
170.88
170.987
171.062
171.115
171.157
171.198
171.238
171.282
171.328
171.38
171.438
171.503
171.573
171.642
171.694
171.706
171.667
171.617
174.299
174.422
174.471
174.398
174.304
174.232
174.197
174.193
174.212
174.246
174.293
174.354
174.429
174.523
174.637
174.768
174.895
174.979
174.97
174.91
177.241
177.274
177.234
177.152
177.101
177.085
177.088
177.104
177.129
177.164
177.209
177.269
177.342
177.437
177.555
177.704
177.88
178.054
178.116
178.064
179.804
179.741
179.742
179.817
179.886
179.936
179.967
179.991
180.014
180.042
180.077
180.119
180.17
180.23
180.297
180.373
180.456
180.55
180.642
180.689
182.944
182.985
183.01
182.99
182.95
182.913
182.89
182.883
182.886
182.897
182.914
182.935
182.959
182.988
183.02
183.062
183.119
183.198
183.285
183.337
185.848
185.865
185.83
185.766
185.729
185.718
185.719
185.724
185.728
185.732
185.734
185.732
185.727
185.716
185.7
185.685
185.689
185.733
185.817
185.883
188.393
188.327
188.327
188.405
188.478
188.53
188.559
188.573
188.577
188.574
188.564
188.546
188.516
188.471
188.409
188.334
188.264
188.234
188.287
188.368
191.495
191.535
191.561
191.547
191.517
191.487
191.467
191.457
191.449
191.44
191.424
191.398
191.361
191.307
191.23
191.131
191.014
190.905
190.891
190.959
194.345
194.359
194.33
194.282
194.267
194.276
194.294
194.31
194.318
194.319
194.311
194.294
194.267
194.232
194.191
194.147
194.105
194.066
194.03
194.009
196.834
196.766
196.777
196.885
196.997
197.088
197.15
197.188
197.21
197.22
197.22
197.209
197.191
197.165
197.134
197.101
197.069
197.04
197.012
196.988
199.914
199.947
199.999
200.036
200.061
200.081
200.099
200.116
200.129
200.137
200.14
200.137
200.128
200.113
200.094
200.07
200.045
200.016
199.986
199.961
202.932
202.974
203.009
203.02
203.02
203.022
203.027
203.034
203.042
203.05
203.056
203.059
203.061
203.059
203.054
203.044
203.028
203.002
202.967
202.937
205.94
205.989
206.015
205.997
205.965
205.937
205.921
205.917
205.921
205.929
205.941
205.956
205.971
205.988
206.006
206.019
206.022
206.005
205.967
205.932
208.773
208.804
208.79
208.741
208.713
208.707
208.713
208.725
208.739
208.756
208.777
208.8
208.831
208.868
208.913
208.961
208.999
209.007
208.973
208.927
211.246
211.2
211.218
211.303
211.378
211.43
211.463
211.484
211.501
211.52
211.543
211.572
211.609
211.659
211.725
211.808
211.897
211.964
211.957
211.904
214.288
214.355
214.398
214.374
214.32
214.266
214.231
214.215
214.213
214.22
214.235
214.254
214.281
214.315
214.361
214.43
214.528
214.65
214.706
214.668
217.029
217.081
217.053
216.959
216.888
216.846
216.829
216.825
216.828
216.836
216.846
216.857
216.866
216.868
216.857
216.827
216.787
216.766
216.809
216.875
219.208
219.149
219.12
219.159
219.225
219.288
219.334
219.364
219.384
219.398
219.409
219.417
219.426
219.43
219.425
219.399
219.342
219.26
219.232
219.276
221.616
221.581
221.622
221.72
221.8
221.853
221.884
221.901
221.911
221.917
221.922
221.929
221.94
221.961
221.999
222.054
222.118
222.164
222.145
222.094
224.492
224.562
224.608
224.586
224.535
224.483
224.445
224.421
224.405
224.391
224.38
224.367
224.358
224.352
224.358
224.389
224.459
224.568
224.625
224.594
227.082
227.139
227.115
227.021
226.947
226.898
226.869
226.847
226.828
226.806
226.78
226.748
226.708
226.654
226.583
226.495
226.406
226.357
226.4
226.481
229.128
229.072
229.045
229.082
229.141
229.192
229.221
229.227
229.218
229.196
229.165
229.124
229.073
229.006
228.919
228.804
228.664
228.527
228.49
228.555
231.448
231.416
231.458
231.549
231.614
231.645
231.651
231.638
231.614
231.583
231.547
231.506
231.46
231.41
231.357
231.298
231.233
231.166
231.108
231.084
234.289
234.363
234.407
234.365
234.282
234.193
234.118
234.057
234.006
233.96
233.917
233.875
233.835
233.794
233.752
233.708
233.658
233.604
233.555
233.529
236.884
236.95
236.919
236.783
236.65
236.542
236.46
236.395
236.342
236.295
236.254
236.217
236.185
236.157
236.132
236.108
236.076
236.033
235.988
235.964
238.914
238.874
238.821
238.787
238.763
238.736
238.704
238.669
238.633
238.598
238.564
238.535
238.51
238.492
238.483
238.479
238.472
238.452
238.416
238.392
241.017
240.973
240.941
240.942
240.953
240.959
240.955
240.942
240.922
240.896
240.867
240.839
240.814
240.795
240.788
240.796
240.817
240.838
240.832
240.812
243.148
243.08
243.064
243.111
243.174
243.227
243.257
243.265
243.254
243.232
243.201
243.167
243.128
243.088
243.05
243.02
243.014
243.048
243.083
243.098
245.546
245.487
245.521
245.614
245.683
245.718
245.725
245.712
245.687
245.654
245.615
245.568
245.515
245.449
245.363
245.253
245.12
244.995
244.988
245.093
248.582
248.614
248.644
248.6
248.516
248.425
248.348
248.286
248.234
248.188
248.143
248.1
248.055
248.007
247.959
247.908
247.856
247.807
247.782
247.807
251.518
251.517
251.457
251.319
251.186
251.079
250.999
250.939
250.891
250.851
250.815
250.78
250.747
250.712
250.677
250.644
250.611
250.586
250.589
250.636
254.096
253.955
253.857
253.815
253.792
253.771
253.751
253.731
253.713
253.697
253.682
253.67
253.657
253.645
253.633
253.62
253.609
253.606
253.636
253.715
257.018
256.824
256.719
256.709
256.729
256.755
256.778
256.799
256.816
256.83
256.843
256.854
256.866
256.878
256.891
256.907
256.924
256.95
257.018
257.146
260.317
260.032
259.903
259.937
260.025
260.119
260.202
260.27
260.323
260.368
260.407
260.446
260.482
260.522
260.566
260.613
260.665
260.731
260.85
261.034
264.333
263.965
263.832
263.916
264.045
264.165
264.268
264.351
264.421
264.481
264.536
264.587
264.641
264.699
264.766
264.845
264.933
265.046
265.237
265.515
269.514
269.113
268.931
268.934
268.993
269.066
269.14
269.211
269.276
269.336
269.393
269.451
269.509
269.575
269.653
269.75
269.874
270.048
270.33
270.713
275.615
275.04
274.766
274.767
274.839
274.916
274.987
275.051
275.107
275.159
275.208
275.254
275.301
275.346
275.395
275.459
275.556
275.751
276.16
276.739
282.953
282.241
281.915
281.918
281.984
282.042
282.088
282.128
282.164
282.2
282.236
282.274
282.305
282.328
282.333
282.32
282.304
282.38
282.834
283.65
291.931
291.103
290.758
290.744
290.761
290.758
290.749
290.745
290.751
290.767
290.792
290.823
290.86
290.894
290.922
290.937
290.937
290.993
291.413
292.3
301.947
301.193
300.856
300.713
300.577
300.444
300.34
300.273
300.24
300.234
300.251
300.289
300.348
300.431
300.536
300.666
300.802
300.969
301.358
302.165
311.853
311.294
311.114
310.865
310.553
310.281
310.084
309.96
309.892
309.868
309.883
309.93
310.02
310.161
310.371
310.658
310.984
311.236
311.431
311.99
323.332
320.526
321.406
321.284
320.889
320.541
320.296
320.145
320.066
320.039
320.054
320.102
320.204
320.376
320.651
321.043
321.494
321.659
320.791
323.553
-0.568413
0.0401729
-0.129824
0.345086
0.77042
1.03134
1.18391
1.27245
1.3224
1.34614
1.35042
1.33314
1.28987
1.20447
1.03925
0.713465
0.106116
-0.711659
-0.730341
-1.31197
3.50132
3.8752
3.66599
3.94779
4.30387
4.58283
4.77471
4.90233
4.98241
5.02736
5.04
5.02095
4.96281
4.8567
4.68634
4.42628
4.07766
3.75666
3.78427
3.17504
9.67543
9.48729
9.31907
9.16973
9.15613
9.21495
9.29367
9.3699
9.43472
9.48041
9.50642
9.50522
9.48159
9.42939
9.36592
9.32802
9.40799
9.66168
9.74564
9.59063
13.6185
13.463
13.2896
13.2545
13.3048
13.387
13.4794
13.5703
13.6507
13.7155
13.762
13.7893
13.7967
13.7827
13.7395
13.6464
13.4802
13.2569
13.2518
13.3458
17.1082
17.2041
17.1353
17.2467
17.4311
17.6182
17.7857
17.926
18.0414
18.131
18.2015
18.2539
18.3006
18.3514
18.4291
18.5591
18.745
18.9131
18.8737
18.7514
20.94
20.9579
20.9925
21.2937
21.6427
21.9524
22.198
22.3831
22.5212
22.6216
22.6938
22.7433
22.7771
22.802
22.833
22.8958
23.045
23.3229
23.5098
23.4867
25.596
25.398
25.5733
25.9964
26.3765
26.6755
26.8937
27.0469
27.1556
27.2284
27.2755
27.2947
27.2886
27.2467
27.159
27.0116
26.824
26.6924
26.8369
27.0726
31.1386
31.1999
31.4761
31.7089
31.8101
31.8514
31.8764
31.8986
31.9199
31.9369
31.9478
31.9469
31.9307
31.8888
31.8085
31.666
31.4434
31.1656
31.0927
31.2093
37.5591
37.8324
38.0119
37.6946
37.3189
37.036
36.8596
36.7571
36.7016
36.6731
36.663
36.6618
36.6688
36.6804
36.6985
36.7176
36.7182
36.6563
36.5037
36.3732
42.6485
42.791
42.6629
42.2384
41.9063
41.6809
41.5326
41.4365
41.3784
41.3483
41.3409
41.3529
41.3855
41.4404
41.5212
41.6249
41.7285
41.7665
41.6509
41.4939
45.9993
46.1922
46.1004
46.0781
46.0719
46.0484
46.0152
45.9834
45.9613
45.9508
45.9556
45.9782
46.0243
46.1046
46.2323
46.4236
46.6686
46.8787
46.8571
46.7159
50.1733
50.3302
50.3161
50.369
50.4329
50.4782
50.5035
50.5138
50.5162
50.5157
50.5174
50.5253
50.5457
50.5871
50.6641
50.8076
51.06
51.4298
51.634
51.5938
54.7649
54.6257
54.6157
54.753
54.9019
55.0129
55.0769
55.1042
55.1086
55.0976
55.0779
55.0489
55.0101
54.9564
54.8818
54.7859
54.7043
54.7361
54.992
55.2343
59.4379
59.3736
59.4641
59.6716
59.7933
59.8406
59.842
59.8201
59.7871
59.7468
59.6996
59.6397
59.5631
59.456
59.3064
59.1031
58.8679
58.6988
58.8066
59.0324
65.2746
65.4083
65.4842
65.3088
65.07
64.8634
64.711
64.6006
64.5181
64.451
64.3923
64.3317
64.2619
64.1666
64.0273
63.8094
63.4926
63.1153
62.9934
63.1278
70.6975
70.6971
70.4876
70.0875
69.7757
69.5547
69.3991
69.2879
69.2083
69.1523
69.1143
69.0907
69.082
69.0863
69.1035
69.113
69.057
68.8502
68.5806
68.4283
74.9701
74.6335
74.2984
74.1402
74.06
73.9903
73.925
73.8703
73.8307
73.8075
73.8025
73.8206
73.8679
73.9633
74.1316
74.4076
74.7812
75.101
74.9514
74.5915
79.3117
78.9088
78.5699
78.4493
78.4261
78.4222
78.4198
78.4178
78.4173
78.4213
78.432
78.454
78.4925
78.5573
78.6619
78.8386
79.1294
79.5366
79.7283
79.6313
83.3948
82.9028
82.6009
82.6219
82.7411
82.8542
82.9342
82.9853
83.0171
83.0358
83.0464
83.0499
83.0455
83.0306
82.999
82.9491
82.9068
82.9554
83.198
83.4257
87.6218
87.1954
87.0687
87.2342
87.4052
87.531
87.6135
87.6667
87.6995
87.7167
87.7195
87.7055
87.6729
87.6114
87.5123
87.366
87.1886
87.0646
87.1815
87.3994
92.5079
92.4384
92.442
92.4221
92.4088
92.4129
92.43
92.4505
92.4679
92.478
92.4788
92.4661
92.4356
92.377
92.2779
92.1133
91.8685
91.5753
91.5037
91.6321
96.7957
97.0507
97.1161
97.1576
97.1923
97.2234
97.2486
97.2688
97.2851
97.299
97.3102
97.3186
97.3251
97.329
97.3332
97.3345
97.3147
97.2353
97.0764
96.9535
101.781
101.944
102.018
102.065
102.088
102.1
102.107
102.116
102.127
102.143
102.164
102.194
102.232
102.282
102.346
102.424
102.496
102.508
102.385
102.238
107.158
107.067
107.084
107.056
107.019
106.989
106.968
106.96
106.962
106.976
107.001
107.04
107.096
107.176
107.288
107.446
107.641
107.804
107.767
107.634
111.918
111.96
111.989
111.942
111.878
111.822
111.784
111.763
111.758
111.767
111.79
111.825
111.872
111.934
112.016
112.136
112.326
112.606
112.759
112.721
116.208
116.59
116.685
116.666
116.612
116.56
116.524
116.506
116.505
116.517
116.539
116.567
116.596
116.614
116.608
116.553
116.451
116.375
116.516
116.727
121.044
121.335
121.376
121.313
121.245
121.199
121.18
121.184
121.203
121.233
121.27
121.312
121.357
121.401
121.434
121.432
121.362
121.214
121.185
121.285
125.842
125.767
125.643
125.557
125.58
125.651
125.729
125.8
125.864
125.923
125.982
126.045
126.118
126.211
126.338
126.515
126.738
126.933
126.921
126.808
129.484
129.231
129.207
129.538
129.877
130.144
130.33
130.456
130.548
130.618
130.679
130.736
130.795
130.863
130.951
131.083
131.297
131.625
131.84
131.836
134.422
134.445
134.615
134.85
135.01
135.116
135.196
135.261
135.314
135.358
135.392
135.418
135.435
135.436
135.412
135.348
135.253
135.212
135.418
135.679
140.03
140.254
140.376
140.274
140.169
140.112
140.098
140.104
140.117
140.128
140.136
140.136
140.131
140.114
140.083
140.022
139.912
139.77
139.804
139.967
144.851
144.914
144.935
144.917
144.911
144.914
144.918
144.919
144.917
144.91
144.897
144.879
144.859
144.844
144.848
144.89
144.987
145.115
145.144
145.102
149.641
149.67
149.707
149.732
149.744
149.749
149.748
149.742
149.728
149.704
149.67
149.623
149.564
149.494
149.419
149.357
149.352
149.471
149.627
149.69
154.449
154.481
154.523
154.553
154.574
154.587
154.591
154.584
154.564
154.53
154.479
154.408
154.312
154.183
154.008
153.771
153.477
153.19
153.215
153.438
159.305
159.347
159.398
159.434
159.456
159.469
159.472
159.463
159.442
159.405
159.353
159.281
159.189
159.072
158.934
158.78
158.623
158.482
158.382
158.348
164.202
164.258
164.324
164.36
164.377
164.384
164.384
164.375
164.357
164.327
164.284
164.226
164.148
164.045
163.913
163.744
163.546
163.338
163.191
163.144
169.17
169.239
169.311
169.334
169.333
169.325
169.316
169.306
169.294
169.277
169.256
169.228
169.192
169.143
169.074
168.967
168.785
168.492
168.24
168.137
174.162
174.25
174.317
174.309
174.276
174.246
174.228
174.219
174.217
174.22
174.226
174.239
174.259
174.297
174.363
174.468
174.593
174.645
174.401
174.076
179.143
179.228
179.254
179.186
179.123
179.084
179.073
179.079
179.095
179.118
179.147
179.185
179.234
179.3
179.386
179.493
179.602
179.653
179.525
179.324
183.744
183.743
183.678
183.628
183.666
183.738
183.809
183.869
183.917
183.961
184.004
184.054
184.116
184.199
184.315
184.476
184.674
184.834
184.779
184.624
187.659
187.506
187.583
187.931
188.241
188.463
188.601
188.683
188.736
188.775
188.809
188.844
188.884
188.934
189
189.104
189.277
189.539
189.664
189.6
192.998
193.153
193.414
193.604
193.652
193.637
193.611
193.592
193.581
193.578
193.58
193.585
193.587
193.577
193.539
193.453
193.319
193.208
193.309
193.487
199.167
199.535
199.689
199.37
199
198.718
198.537
198.428
198.364
198.329
198.313
198.309
198.31
198.312
198.301
198.257
198.144
197.95
197.871
197.931
204.179
204.29
204.113
203.721
203.434
203.246
203.125
203.049
203.002
202.979
202.971
202.98
203.004
203.051
203.133
203.265
203.44
203.583
203.509
203.35
207.883
207.674
207.454
207.425
207.465
207.5
207.518
207.526
207.532
207.538
207.548
207.561
207.583
207.616
207.668
207.761
207.931
208.201
208.337
208.271
211.693
211.494
211.387
211.508
211.677
211.822
211.926
211.995
212.039
212.069
212.087
212.098
212.101
212.089
212.051
211.968
211.842
211.745
211.863
212.053
215.715
215.598
215.667
215.951
216.195
216.369
216.482
216.554
216.598
216.625
216.642
216.652
216.659
216.66
216.648
216.607
216.504
216.33
216.277
216.358
220.816
220.95
221.105
221.168
221.183
221.19
221.197
221.203
221.205
221.206
221.205
221.208
221.219
221.25
221.315
221.436
221.612
221.775
221.736
221.603
225.866
226.02
226.133
226.108
226.036
225.965
225.904
225.854
225.813
225.777
225.745
225.717
225.694
225.68
225.684
225.734
225.876
226.15
226.327
226.3
231.024
231.17
231.216
231.057
230.856
230.684
230.553
230.458
230.383
230.321
230.262
230.203
230.133
230.044
229.92
229.748
229.545
229.408
229.55
229.787
235.834
235.886
235.738
235.453
235.254
235.124
235.032
234.961
234.899
234.843
234.785
234.724
234.651
234.56
234.436
234.26
234.015
233.729
233.66
233.786
239.505
239.293
239.144
239.219
239.331
239.404
239.427
239.419
239.393
239.36
239.322
239.284
239.243
239.204
239.167
239.135
239.095
239.016
238.873
238.759
243.754
243.658
243.694
243.856
243.946
243.974
243.966
243.944
243.918
243.892
243.868
243.848
243.833
243.827
243.833
243.855
243.881
243.874
243.765
243.634
248.98
249.109
249.147
248.982
248.787
248.636
248.538
248.478
248.439
248.415
248.399
248.392
248.391
248.405
248.439
248.505
248.607
248.703
248.661
248.547
253.66
253.682
253.499
253.219
253.056
252.976
252.938
252.921
252.912
252.908
252.906
252.905
252.904
252.906
252.911
252.93
252.985
253.104
253.171
253.143
257.113
256.864
256.702
256.826
257.013
257.168
257.27
257.335
257.374
257.399
257.413
257.421
257.419
257.405
257.365
257.277
257.118
256.905
256.882
257.007
261.107
260.972
261.026
261.297
261.525
261.686
261.792
261.862
261.908
261.939
261.961
261.979
261.996
262.02
262.06
262.134
262.241
262.334
262.268
262.144
266.106
266.214
266.341
266.398
266.421
266.443
266.466
266.49
266.509
266.525
266.537
266.548
266.555
266.563
266.569
266.587
266.642
266.766
266.835
266.798
271.045
271.167
271.26
271.252
271.215
271.182
271.158
271.144
271.136
271.134
271.134
271.135
271.132
271.121
271.086
271.003
270.848
270.635
270.607
270.725
276.054
276.167
276.208
276.108
275.985
275.886
275.818
275.775
275.749
275.737
275.733
275.738
275.751
275.78
275.829
275.915
276.032
276.129
276.059
275.927
280.76
280.781
280.695
280.541
280.449
280.399
280.364
280.339
280.32
280.309
280.305
280.309
280.32
280.338
280.364
280.406
280.485
280.625
280.694
280.65
284.737
284.597
284.588
284.756
284.865
284.905
284.901
284.884
284.867
284.856
284.852
284.856
284.864
284.873
284.869
284.829
284.721
284.546
284.531
284.644
289.994
290.111
290.144
289.968
289.758
289.591
289.484
289.424
289.391
289.377
289.375
289.386
289.409
289.456
289.54
289.683
289.884
290.067
290.037
289.907
294.634
294.634
294.426
294.13
293.964
293.885
293.853
293.842
293.841
293.845
293.85
293.855
293.861
293.872
293.897
293.964
294.124
294.418
294.616
294.598
298.007
297.733
297.55
297.671
297.864
298.029
298.144
298.222
298.273
298.305
298.32
298.318
298.294
298.241
298.145
297.994
297.808
297.686
297.845
298.089
301.863
301.701
301.737
302.02
302.274
302.467
302.606
302.706
302.777
302.824
302.851
302.855
302.837
302.787
302.695
302.542
302.314
302.041
301.983
302.113
306.655
306.737
306.859
306.957
307.042
307.13
307.216
307.294
307.358
307.409
307.446
307.471
307.482
307.484
307.479
307.469
307.446
307.378
307.24
307.124
311.321
311.42
311.539
311.627
311.704
311.78
311.851
311.915
311.971
312.02
312.062
312.099
312.133
312.167
312.203
312.247
312.287
312.285
312.175
312.038
316.056
316.168
316.3
316.374
316.417
316.455
316.493
316.532
316.572
316.612
316.653
316.696
316.741
316.795
316.862
316.953
317.071
317.17
317.119
316.991
320.822
320.961
321.09
321.117
321.105
321.095
321.095
321.106
321.127
321.154
321.187
321.222
321.262
321.305
321.351
321.407
321.488
321.616
321.668
321.617
325.63
325.768
325.847
325.781
325.694
325.63
325.596
325.587
325.593
325.611
325.637
325.671
325.708
325.742
325.76
325.73
325.622
325.434
325.398
325.492
330.087
330.144
330.111
330
329.947
329.933
329.934
329.94
329.953
329.971
329.999
330.037
330.093
330.171
330.286
330.457
330.67
330.844
330.786
330.629
333.782
333.686
333.736
333.953
334.101
334.174
334.2
334.208
334.213
334.223
334.24
334.268
334.306
334.36
334.434
334.551
334.747
335.051
335.219
335.163
338.771
338.943
339.04
338.905
338.718
338.567
338.472
338.417
338.389
338.377
338.376
338.379
338.386
338.386
338.363
338.298
338.189
338.11
338.252
338.457
343.125
343.194
343.059
342.785
342.614
342.521
342.47
342.439
342.42
342.409
342.405
342.409
342.416
342.425
342.43
342.405
342.319
342.161
342.128
342.223
346.254
346.057
345.938
346.044
346.183
346.282
346.332
346.35
346.352
346.347
346.343
346.343
346.358
346.395
346.472
346.612
346.814
347.007
346.997
346.881
349.914
349.834
349.899
350.089
350.202
350.249
350.258
350.248
350.229
350.206
350.179
350.155
350.131
350.118
350.125
350.181
350.338
350.644
350.866
350.868
354.539
354.69
354.755
354.606
354.423
354.277
354.181
354.114
354.062
354.01
353.955
353.888
353.807
353.701
353.558
353.369
353.153
353.022
353.202
353.479
358.527
358.574
358.423
358.158
358.006
357.928
357.885
357.85
357.812
357.763
357.701
357.622
357.52
357.39
357.22
356.994
356.705
356.4
356.358
356.529
361.247
361.028
360.908
361.061
361.265
361.422
361.513
361.551
361.55
361.521
361.469
361.395
361.303
361.191
361.068
360.937
360.806
360.676
360.553
360.486
364.559
364.463
364.565
364.863
365.098
365.247
365.327
365.357
365.353
365.323
365.271
365.203
365.115
365.01
364.887
364.749
364.603
364.459
364.332
364.257
368.967
369.123
369.297
369.358
369.356
369.335
369.308
369.273
369.23
369.179
369.121
369.056
368.98
368.888
368.777
368.641
368.478
368.301
368.147
368.063
373.355
373.537
373.674
373.635
373.526
373.406
373.296
373.199
373.116
373.046
372.988
372.938
372.891
372.842
372.778
372.681
372.526
372.307
372.087
371.984
377.946
378.119
378.181
377.971
377.688
377.428
377.223
377.07
376.959
376.884
376.839
376.824
376.833
376.866
376.914
376.947
376.893
376.67
376.385
376.223
382.268
382.345
382.174
381.759
381.407
381.14
380.944
380.803
380.707
380.652
380.635
380.66
380.732
380.864
381.078
381.401
381.805
382.128
381.956
381.584
385.444
385.216
384.947
384.804
384.713
384.621
384.53
384.455
384.401
384.378
384.383
384.425
384.501
384.617
384.783
385.015
385.346
385.77
385.957
385.861
388.894
388.644
388.404
388.311
388.274
388.239
388.205
388.177
388.161
388.163
388.183
388.224
388.283
388.352
388.414
388.457
388.481
388.558
388.808
389.059
392.372
392.059
391.861
391.902
391.99
392.053
392.085
392.099
392.111
392.133
392.168
392.222
392.285
392.353
392.407
392.419
392.381
392.35
392.516
392.784
396.457
396.183
396.115
396.258
396.354
396.388
396.391
396.388
396.395
396.419
396.464
396.532
396.625
396.735
396.846
396.932
396.937
396.855
396.921
397.143
401.934
401.823
401.733
401.567
401.393
401.252
401.16
401.11
401.093
401.11
401.158
401.245
401.371
401.55
401.794
402.113
402.486
402.823
402.959
403.014
407.476
407.141
406.829
406.609
406.491
406.418
406.369
406.336
406.324
406.335
406.375
406.445
406.556
406.71
406.923
407.221
407.642
408.208
408.703
408.991
413.033
412.399
412.103
412.207
412.309
412.345
412.336
412.314
412.297
412.296
412.312
412.353
412.407
412.479
412.559
412.648
412.788
413.098
413.787
414.522
420.704
420.16
419.854
419.712
419.593
419.484
419.398
419.336
419.294
419.27
419.263
419.266
419.275
419.28
419.271
419.253
419.261
419.453
420.182
421.128
429.459
428.622
428.11
427.925
427.817
427.725
427.648
427.589
427.545
427.519
427.503
427.498
427.486
427.466
427.417
427.33
427.227
427.254
427.944
429.07
439.623
438.518
437.84
437.627
437.542
437.481
437.435
437.403
437.38
437.368
437.364
437.366
437.369
437.371
437.368
437.366
437.369
437.476
438.13
439.257
451.397
449.8
448.914
448.84
448.934
449.018
449.074
449.11
449.133
449.152
449.167
449.185
449.202
449.223
449.257
449.328
449.474
449.787
450.551
451.772
464.955
463.157
462.355
462.523
462.797
462.99
463.114
463.195
463.251
463.289
463.315
463.328
463.331
463.32
463.294
463.258
463.241
463.387
464.278
465.923
480.218
478.801
478.176
478.14
478.203
478.268
478.336
478.399
478.455
478.496
478.522
478.53
478.52
478.496
478.452
478.397
478.337
478.415
479.204
480.778
495.096
494.089
493.82
493.719
493.654
493.638
493.66
493.701
493.747
493.785
493.811
493.816
493.814
493.812
493.827
493.883
493.987
494.1
494.414
495.451
512.432
507.844
509.493
509.91
509.959
509.964
509.986
510.027
510.081
510.126
510.153
510.149
510.142
510.14
510.171
510.241
510.306
509.997
508.383
512.905
-0.145094
0.152141
0.249507
0.520523
0.718687
0.817733
0.859488
0.87776
0.885701
0.885524
0.878098
0.86118
0.833545
0.787093
0.703973
0.55138
0.302879
0.00702156
-0.076235
-0.317293
2.03657
2.27463
2.37311
2.63124
2.86853
3.02491
3.11516
3.16595
3.19
3.19205
3.17145
3.12526
3.04648
2.92115
2.72739
2.43892
2.0703
1.72259
1.6156
1.43112
5.53234
5.50852
5.5131
5.55339
5.64625
5.75571
5.84887
5.91341
5.94899
5.95604
5.93498
5.88015
5.78796
5.64608
5.44995
5.20535
4.94751
4.72755
4.62982
4.65947
8.21557
8.12218
8.10631
8.19517
8.32003
8.44167
8.53872
8.60731
8.64873
8.66563
8.65879
8.62821
8.57364
8.49323
8.38667
8.25
8.0838
7.89691
7.7723
7.73855
11.092
10.9889
11.0011
11.1083
11.2237
11.325
11.4034
11.4591
11.4965
11.5173
11.5247
11.519
11.5048
11.4855
11.4702
11.4655
11.4709
11.466
11.3896
11.2857
14.2579
14.2903
14.3264
14.3365
14.3409
14.3503
14.3663
14.3856
14.4049
14.4219
14.4356
14.4457
14.4527
14.4571
14.4602
14.4616
14.4614
14.4536
14.4257
14.3849
17.0847
17.2328
17.2962
17.3135
17.3105
17.305
17.3045
17.3102
17.3225
17.3392
17.3606
17.3848
17.4128
17.4439
17.4772
17.5077
17.5272
17.5257
17.5021
17.4764
20.1362
20.2765
20.3338
20.3249
20.2855
20.2436
20.2171
20.2093
20.2177
20.2382
20.2685
20.3075
20.3553
20.4125
20.479
20.5489
20.6087
20.6391
20.6255
20.5946
23.1975
23.2412
23.2144
23.1263
23.0617
23.0289
23.0238
23.0377
23.0647
23.1004
23.1441
23.1953
23.2562
23.3305
23.4221
23.5318
23.6482
23.7411
23.7601
23.7247
25.5453
25.4659
25.4224
25.473
25.5652
25.6634
25.7491
25.8207
25.8824
25.9389
25.9929
26.0468
26.1032
26.1654
26.2392
26.3345
26.4613
26.6134
26.6987
26.6821
28.0954
28.0274
28.0563
28.1922
28.3379
28.468
28.5753
28.6629
28.7361
28.7978
28.8511
28.8959
28.9326
28.9579
28.9682
28.9616
28.9494
28.9613
29.0391
29.1277
31.0914
31.1099
31.161
31.2361
31.3218
31.4124
31.5001
31.5794
31.6475
31.7043
31.7508
31.7871
31.8147
31.8311
31.8335
31.8151
31.7728
31.7185
31.7281
31.7979
34.0677
34.0767
34.121
34.1978
34.293
34.3945
34.4867
34.5621
34.6214
34.6664
34.7008
34.7263
34.7465
34.7655
34.7899
34.8258
34.8746
34.9224
34.9326
34.9137
37.1782
37.1931
37.2729
37.3894
37.4841
37.5555
37.6075
37.6449
37.6716
37.6888
37.6979
37.6987
37.6928
37.6807
37.6673
37.6636
37.6873
37.7518
37.8073
37.8117
40.7985
40.9087
40.9766
40.9475
40.8928
40.8438
40.811
40.7898
40.774
40.7579
40.7395
40.7146
40.6808
40.6324
40.5641
40.4717
40.3633
40.2657
40.2713
40.3547
44.1146
44.171
44.1905
44.1516
44.0931
44.0337
43.98
43.9324
43.8905
43.8527
43.8174
43.7814
43.744
43.7017
43.6548
43.6034
43.5514
43.5048
43.4736
43.4661
47.5019
47.558
47.5669
47.4906
47.376
47.2561
47.152
47.068
47.0019
46.9486
46.9056
46.8688
46.8359
46.8031
46.7666
46.7208
46.6652
46.6066
46.5666
46.5591
50.7873
50.8369
50.7842
50.627
50.4675
50.3294
50.2194
50.1333
50.0665
50.0154
49.9777
49.9518
49.9384
49.9357
49.9407
49.9396
49.9097
49.8333
49.7614
49.7419
53.5812
53.5324
53.4537
53.3813
53.3156
53.2495
53.185
53.126
53.0762
53.0368
53.0096
52.9968
53.002
53.0344
53.104
53.218
53.3606
53.4774
53.452
53.3382
56.4315
56.3851
56.3218
56.2686
56.2214
56.174
56.1287
56.0877
56.0517
56.0212
55.996
55.9771
55.9665
55.9678
55.9885
56.0433
56.1462
56.2908
56.3694
56.3364
59.2022
59.1438
59.082
59.0569
59.0517
59.0487
59.0416
59.0294
59.013
58.9925
58.9683
58.9388
58.902
58.8545
58.7933
58.721
58.655
58.63
58.692
58.7807
61.9321
61.8583
61.8163
61.8425
61.8938
61.9433
61.9775
61.9952
61.9989
61.9915
61.9736
61.944
61.9016
61.8409
61.7583
61.6507
61.5254
61.4086
61.3926
61.4658
64.7799
64.7188
64.7307
64.8187
64.901
64.9626
65.0023
65.0256
65.0373
65.0392
65.0322
65.0153
64.9876
64.9476
64.8956
64.833
64.766
64.7038
64.6606
64.6464
68.0644
68.0981
68.1227
68.1191
68.1062
68.0966
68.0974
68.1066
68.1185
68.1294
68.1365
68.1382
68.1334
68.119
68.0922
68.0481
67.9863
67.9153
67.8619
67.8458
71.1043
71.1085
71.079
71.0468
71.054
71.0877
71.1297
71.1696
71.2043
71.2351
71.2634
71.292
71.3216
71.3535
71.3837
71.3974
71.3708
71.2873
71.2023
71.1717
73.818
73.7285
73.7361
73.8569
73.9926
74.1125
74.2014
74.2641
74.3105
74.3508
74.3906
74.4372
74.4962
74.5775
74.6908
74.8397
75.0016
75.1176
75.0764
74.9479
77.1864
77.1982
77.2723
77.3558
77.3997
77.4165
77.4232
77.4309
77.4437
77.4628
77.4896
77.5259
77.5732
77.6369
77.7224
77.84
77.9934
78.1619
78.2285
78.172
80.9222
81.0334
81.065
80.9567
80.8167
80.6952
80.613
80.5666
80.5453
80.5413
80.5486
80.5641
80.5842
80.6054
80.6239
80.6398
80.6612
80.7065
80.7847
80.8448
84.0524
84.0776
84.0037
83.8604
83.7451
83.6653
83.615
83.5856
83.5711
83.5669
83.5703
83.5775
83.5853
83.5879
83.579
83.5539
83.5182
83.4978
83.5361
83.603
86.6132
86.5054
86.4306
86.4335
86.4674
86.5019
86.525
86.5387
86.5482
86.5582
86.5694
86.5829
86.597
86.608
86.6097
86.5899
86.539
86.4652
86.4473
86.4968
89.3817
89.2826
89.2716
89.3423
89.4087
89.455
89.4837
89.5029
89.519
89.5352
89.5538
89.5768
89.6063
89.6466
89.7018
89.7735
89.8501
89.9042
89.8931
89.8496
92.5634
92.5475
92.5419
92.5185
92.4919
92.4712
92.464
92.4687
92.4804
92.4963
92.5139
92.5345
92.5582
92.5883
92.6304
92.6943
92.7906
92.9149
92.9789
92.9526
95.4828
95.4254
95.3583
95.3033
95.2965
95.3205
95.3553
95.389
95.4176
95.4402
95.4576
95.4693
95.4751
95.4718
95.4552
95.4241
95.3888
95.3789
95.438
95.5174
98.0098
97.8604
97.8292
97.9275
98.0559
98.1761
98.2678
98.3308
98.3721
98.3987
98.4138
98.4206
98.4196
98.4096
98.3877
98.347
98.2844
98.212
98.2067
98.2686
101.035
101.028
101.083
101.172
101.242
101.294
101.333
101.361
101.381
101.392
101.396
101.393
101.387
101.381
101.382
101.396
101.425
101.456
101.453
101.428
104.174
104.364
104.449
104.447
104.427
104.414
104.411
104.413
104.414
104.408
104.394
104.373
104.344
104.308
104.272
104.247
104.252
104.3
104.343
104.341
107.172
107.285
107.354
107.398
107.427
107.45
107.464
107.468
107.462
107.445
107.418
107.378
107.324
107.252
107.158
107.042
106.914
106.801
106.796
106.874
110.479
110.491
110.532
110.556
110.566
110.568
110.565
110.555
110.537
110.512
110.477
110.432
110.375
110.306
110.227
110.143
110.063
109.997
109.956
109.945
113.718
113.718
113.736
113.736
113.722
113.702
113.68
113.658
113.632
113.602
113.566
113.522
113.469
113.403
113.323
113.231
113.134
113.046
112.994
112.984
116.997
116.994
116.99
116.947
116.891
116.837
116.792
116.757
116.727
116.699
116.671
116.641
116.607
116.568
116.52
116.453
116.356
116.229
116.136
116.115
120.131
120.11
120.058
119.969
119.904
119.863
119.836
119.815
119.797
119.781
119.768
119.759
119.756
119.765
119.788
119.828
119.869
119.882
119.805
119.692
122.83
122.777
122.769
122.811
122.845
122.861
122.862
122.854
122.844
122.836
122.833
122.837
122.848
122.872
122.907
122.95
122.991
123.006
122.968
122.904
125.863
126.031
126.103
126.09
126.034
125.971
125.92
125.887
125.868
125.859
125.859
125.868
125.887
125.921
125.972
126.044
126.121
126.176
126.16
126.103
128.897
129.047
129.077
129.012
128.943
128.892
128.86
128.842
128.833
128.832
128.835
128.844
128.857
128.879
128.912
128.965
129.048
129.152
129.193
129.15
131.701
131.657
131.635
131.647
131.678
131.71
131.734
131.751
131.763
131.773
131.78
131.786
131.788
131.783
131.762
131.724
131.674
131.64
131.668
131.724
134.469
134.399
134.387
134.442
134.515
134.583
134.634
134.669
134.691
134.708
134.721
134.733
134.742
134.748
134.744
134.718
134.657
134.568
134.527
134.558
137.419
137.349
137.375
137.464
137.537
137.588
137.616
137.632
137.641
137.649
137.658
137.673
137.696
137.732
137.785
137.857
137.93
137.972
137.937
137.871
140.885
140.908
140.931
140.88
140.798
140.716
140.653
140.612
140.586
140.572
140.567
140.572
140.585
140.613
140.659
140.735
140.845
140.973
141.015
140.959
144.122
144.139
144.075
143.914
143.764
143.649
143.569
143.515
143.479
143.454
143.438
143.427
143.418
143.408
143.394
143.379
143.373
143.395
143.455
143.503
146.681
146.64
146.564
146.494
146.442
146.402
146.368
146.341
146.319
146.301
146.285
146.271
146.253
146.23
146.193
146.141
146.083
146.043
146.064
146.119
148.992
149.065
149.065
149.084
149.109
149.128
149.139
149.143
149.142
149.138
149.132
149.125
149.115
149.101
149.076
149.032
148.96
148.867
148.832
148.87
151.543
151.593
151.63
151.715
151.805
151.881
151.933
151.963
151.977
151.983
151.984
151.986
151.991
152.006
152.035
152.083
152.14
152.178
152.151
152.095
154.554
154.536
154.596
154.698
154.775
154.825
154.848
154.856
154.854
154.848
154.84
154.833
154.828
154.831
154.845
154.884
154.96
155.067
155.113
155.074
157.958
158.033
158.079
158.045
157.973
157.897
157.834
157.788
157.753
157.725
157.699
157.676
157.649
157.616
157.571
157.514
157.455
157.423
157.462
157.529
161.149
161.21
161.173
161.038
160.907
160.804
160.727
160.672
160.629
160.594
160.564
160.536
160.506
160.473
160.428
160.368
160.285
160.191
160.164
160.211
163.782
163.739
163.674
163.628
163.596
163.566
163.535
163.506
163.478
163.453
163.429
163.408
163.388
163.375
163.371
163.381
163.403
163.419
163.394
163.351
166.45
166.403
166.355
166.341
166.342
166.345
166.343
166.337
166.327
166.313
166.297
166.278
166.258
166.239
166.222
166.218
166.237
166.285
166.307
166.283
169.073
169.008
168.976
169.011
169.07
169.127
169.167
169.189
169.197
169.194
169.184
169.167
169.143
169.111
169.066
169.003
168.921
168.833
168.817
168.869
171.854
171.804
171.826
171.92
172.002
172.062
172.097
172.115
172.121
172.119
172.109
172.095
172.078
172.062
172.051
172.054
172.071
172.085
172.061
172.019
175.121
175.168
175.2
175.188
175.158
175.128
175.107
175.095
175.086
175.077
175.064
175.046
175.023
174.994
174.962
174.938
174.937
174.971
174.99
174.968
178.179
178.203
178.178
178.118
178.081
178.068
178.064
178.063
178.06
178.055
178.046
178.032
178.008
177.97
177.91
177.822
177.707
177.588
177.558
177.61
180.901
180.845
180.85
180.922
180.983
181.023
181.041
181.049
181.052
181.054
181.056
181.058
181.059
181.06
181.058
181.051
181.029
180.985
180.922
180.877
184.195
184.248
184.275
184.239
184.176
184.116
184.074
184.054
184.049
184.055
184.068
184.088
184.114
184.148
184.187
184.228
184.257
184.253
184.201
184.142
187.207
187.244
187.199
187.1
187.028
186.99
186.978
186.983
186.999
187.022
187.051
187.089
187.137
187.2
187.281
187.381
187.482
187.545
187.522
187.454
189.662
189.584
189.54
189.583
189.663
189.746
189.815
189.87
189.916
189.957
189.998
190.042
190.092
190.156
190.238
190.349
190.49
190.637
190.681
190.621
192.341
192.282
192.312
192.434
192.556
192.659
192.738
192.799
192.848
192.889
192.925
192.958
192.989
193.018
193.044
193.073
193.11
193.165
193.232
193.269
195.501
195.535
195.587
195.63
195.665
195.699
195.734
195.768
195.8
195.828
195.852
195.872
195.884
195.888
195.883
195.871
195.866
195.884
195.932
195.971
198.612
198.653
198.689
198.703
198.707
198.713
198.724
198.738
198.754
198.77
198.784
198.792
198.794
198.783
198.754
198.705
198.645
198.599
198.613
198.659
201.714
201.761
201.784
201.764
201.73
201.702
201.685
201.681
201.685
201.695
201.706
201.719
201.73
201.735
201.728
201.696
201.629
201.532
201.485
201.508
204.647
204.674
204.654
204.599
204.566
204.553
204.554
204.56
204.569
204.581
204.598
204.62
204.651
204.695
204.756
204.835
204.914
204.955
204.911
204.836
207.227
207.175
207.185
207.26
207.324
207.366
207.388
207.398
207.405
207.415
207.428
207.449
207.478
207.522
207.587
207.681
207.809
207.944
207.98
207.912
210.373
210.432
210.465
210.429
210.362
210.295
210.246
210.215
210.2
210.194
210.194
210.197
210.205
210.215
210.226
210.242
210.268
210.313
210.373
210.407
213.223
213.266
213.224
213.116
213.029
212.972
212.939
212.919
212.908
212.9
212.894
212.889
212.88
212.868
212.849
212.825
212.811
212.822
212.865
212.904
215.505
215.436
215.391
215.413
215.462
215.508
215.538
215.554
215.56
215.559
215.555
215.545
215.529
215.501
215.457
215.396
215.325
215.272
215.285
215.334
217.994
217.947
217.97
218.052
218.116
218.156
218.175
218.183
218.185
218.185
218.184
218.181
218.173
218.159
218.133
218.082
218
217.895
217.847
217.877
220.914
220.97
221
220.965
220.905
220.847
220.807
220.784
220.775
220.772
220.774
220.78
220.791
220.81
220.842
220.89
220.941
220.969
220.93
220.865
223.503
223.544
223.503
223.404
223.331
223.29
223.274
223.271
223.275
223.283
223.293
223.305
223.318
223.337
223.363
223.408
223.482
223.58
223.615
223.567
225.478
225.403
225.363
225.408
225.489
225.572
225.637
225.683
225.717
225.741
225.759
225.772
225.78
225.776
225.757
225.717
225.661
225.621
225.646
225.704
227.654
227.596
227.631
227.757
227.88
227.981
228.054
228.106
228.143
228.171
228.193
228.213
228.229
228.24
228.241
228.217
228.154
228.059
228.016
228.051
230.305
230.342
230.397
230.439
230.47
230.498
230.524
230.547
230.567
230.584
230.6
230.618
230.643
230.68
230.736
230.81
230.886
230.931
230.899
230.839
232.877
232.92
232.959
232.969
232.966
232.962
232.96
232.959
232.957
232.954
232.952
232.953
232.958
232.973
233.007
233.073
233.179
233.311
233.365
233.321
235.438
235.487
235.51
235.485
235.443
235.4
235.366
235.338
235.314
235.29
235.264
235.234
235.198
235.154
235.102
235.047
235.009
235.018
235.09
235.161
237.828
237.855
237.836
237.776
237.734
237.707
237.687
237.665
237.637
237.603
237.562
237.511
237.447
237.364
237.259
237.132
237.005
236.923
236.948
237.035
239.892
239.837
239.851
239.928
239.989
240.018
240.02
240.002
239.972
239.933
239.887
239.832
239.765
239.677
239.561
239.406
239.217
239.032
238.976
239.058
242.602
242.657
242.693
242.657
242.585
242.505
242.437
242.382
242.335
242.292
242.25
242.208
242.166
242.122
242.074
242.013
241.918
241.785
241.683
241.67
245.084
245.119
245.08
244.973
244.885
244.82
244.774
244.736
244.702
244.669
244.639
244.613
244.595
244.59
244.612
244.665
244.745
244.813
244.773
244.674
247.105
247.018
246.977
247.007
247.059
247.101
247.121
247.121
247.108
247.088
247.064
247.039
247.017
246.996
246.982
246.981
247.007
247.07
247.118
247.122
249.529
249.451
249.474
249.559
249.62
249.648
249.652
249.641
249.623
249.601
249.577
249.555
249.527
249.493
249.443
249.367
249.265
249.162
249.17
249.287
252.62
252.626
252.64
252.595
252.516
252.434
252.368
252.32
252.284
252.257
252.237
252.22
252.21
252.204
252.202
252.204
252.197
252.183
252.181
252.226
255.675
255.634
255.555
255.426
255.313
255.229
255.172
255.135
255.11
255.094
255.083
255.081
255.083
255.096
255.119
255.15
255.185
255.22
255.265
255.342
258.474
258.276
258.155
258.134
258.149
258.168
258.184
258.194
258.201
258.205
258.209
258.215
258.227
258.247
258.281
258.339
258.418
258.515
258.623
258.748
261.78
261.502
261.375
261.403
261.478
261.555
261.619
261.666
261.699
261.722
261.737
261.75
261.757
261.764
261.777
261.805
261.872
262.006
262.208
262.438
265.808
265.448
265.316
265.392
265.507
265.611
265.693
265.754
265.797
265.827
265.846
265.854
265.853
265.839
265.808
265.767
265.727
265.744
265.971
266.369
271.029
270.641
270.461
270.453
270.493
270.541
270.589
270.633
270.667
270.695
270.715
270.73
270.734
270.734
270.731
270.731
270.754
270.848
271.114
271.539
277.185
276.628
276.357
276.339
276.381
276.424
276.463
276.496
276.523
276.547
276.566
276.581
276.59
276.592
276.587
276.581
276.588
276.679
277.028
277.622
284.574
283.885
283.558
283.529
283.551
283.567
283.577
283.589
283.602
283.619
283.639
283.663
283.684
283.703
283.715
283.72
283.729
283.811
284.199
284.921
293.52
292.698
292.325
292.271
292.257
292.233
292.209
292.196
292.195
292.206
292.23
292.262
292.305
292.351
292.4
292.442
292.475
292.556
292.955
293.8
303.364
302.555
302.173
302.037
301.934
301.833
301.754
301.703
301.68
301.684
301.712
301.763
301.837
301.94
302.066
302.211
302.348
302.497
302.868
303.666
313.162
312.582
312.404
312.19
311.914
311.669
311.494
311.386
311.334
311.326
311.357
311.425
311.539
311.711
311.959
312.288
312.641
312.885
313.036
313.553
324.65
321.863
322.787
322.688
322.299
321.953
321.715
321.576
321.511
321.5
321.533
321.603
321.734
321.945
322.275
322.746
323.295
323.533
322.632
325.219
0.273184
0.340298
0.404525
0.481409
0.53296
0.55227
0.548413
0.536852
0.527755
0.524154
0.52626
0.532686
0.541676
0.546564
0.536724
0.50002
0.431523
0.340389
0.274892
0.224068
1.34513
1.42999
1.5223
1.62718
1.70554
1.74394
1.75093
1.74537
1.73998
1.73994
1.74548
1.75589
1.76754
1.77159
1.75339
1.69708
1.60001
1.4782
1.37947
1.30334
2.83755
2.86102
2.8955
2.93166
2.96794
3.00082
3.02672
3.04535
3.05876
3.06897
3.07757
3.08385
3.08734
3.08478
3.07413
3.05377
3.02543
2.99118
2.94786
2.90774
4.16237
4.16832
4.1852
4.20954
4.23579
4.26131
4.28407
4.30331
4.31934
4.33299
4.34445
4.35392
4.36069
4.36365
4.36161
4.35311
4.33863
4.31936
4.29972
4.28495
5.48495
5.48449
5.49096
5.5036
5.51985
5.53839
5.55762
5.57631
5.59395
5.61014
5.62543
5.63961
5.65347
5.66661
5.67829
5.68661
5.68949
5.68565
5.676
5.66594
6.77676
6.77334
6.77128
6.77508
6.78673
6.80533
6.82735
6.84934
6.86958
6.88811
6.90522
6.92184
6.9387
6.95663
6.976
6.99582
7.01425
7.02764
7.02784
7.01569
8.03216
8.02699
8.03028
8.04472
8.06501
8.0891
8.11335
8.13523
8.15436
8.17088
8.18591
8.19935
8.212
8.22386
8.2353
8.24653
8.25747
8.26713
8.27352
8.27525
9.37569
9.38695
9.39988
9.41185
9.421
9.4279
9.43444
9.4421
9.45101
9.46067
9.47022
9.479
9.48656
9.49256
9.49751
9.50238
9.50855
9.5161
9.52339
9.52805
10.7282
10.7425
10.7489
10.747
10.7424
10.738
10.7362
10.7382
10.7434
10.7501
10.7573
10.7634
10.7679
10.7695
10.7684
10.7658
10.7644
10.7664
10.7728
10.7808
11.9777
11.973
11.9705
11.9726
11.9795
11.9905
12.0034
12.0161
12.0275
12.0379
12.0472
12.0552
12.0618
12.0656
12.0657
12.0613
12.0533
12.0448
12.0446
12.055
13.2421
13.2313
13.2314
13.2425
13.2581
13.2761
13.2932
13.308
13.3205
13.3315
13.3422
13.353
13.3647
13.3776
13.3912
13.4036
13.4125
13.4156
13.4125
13.407
14.5861
14.5918
14.5986
14.6048
14.6091
14.6117
14.6141
14.6177
14.6228
14.6292
14.6364
14.6445
14.6545
14.6669
14.6828
14.7019
14.7222
14.7391
14.7428
14.7326
15.9067
15.9147
15.9165
15.9131
15.9101
15.9094
15.9113
15.9152
15.9198
15.924
15.9276
15.9301
15.9315
15.9324
15.9338
15.9376
15.9448
15.9544
15.9634
15.9678
17.1631
17.1517
17.1493
17.1579
17.1714
17.1872
17.202
17.2134
17.221
17.2253
17.2263
17.224
17.2184
17.2091
17.1979
17.1876
17.1821
17.1835
17.1916
17.2014
18.5119
18.5123
18.5147
18.5184
18.5231
18.5288
18.5343
18.5389
18.542
18.543
18.542
18.5378
18.53
18.5174
18.5
18.4792
18.459
18.4447
18.4455
18.4606
19.8734
19.8756
19.8767
19.8763
19.8753
19.8748
19.8747
19.8748
19.8745
19.874
19.873
19.8716
19.8698
19.8668
19.8617
19.8525
19.8388
19.8225
19.8135
19.8174
21.2449
21.2515
21.2547
21.2531
21.247
21.2377
21.2278
21.2195
21.2136
21.2099
21.2084
21.2093
21.2134
21.2218
21.2348
21.2502
21.2641
21.2712
21.2643
21.2471
22.5992
22.6108
22.6125
22.6041
22.5912
22.5764
22.5629
22.5527
22.5454
22.5405
22.5371
22.5351
22.5352
22.5383
22.546
22.5591
22.5762
22.5928
22.5973
22.5861
23.8726
23.8665
23.8608
23.8581
23.8586
23.8619
23.8656
23.868
23.8684
23.8667
23.8635
23.8583
23.851
23.8416
23.8312
23.8224
23.8183
23.8207
23.8289
23.8372
25.176
25.1641
25.1611
25.167
25.1765
25.1874
25.1966
25.2025
25.205
25.205
25.2025
25.1975
25.1895
25.177
25.1599
25.1394
25.1189
25.104
25.1043
25.1192
26.5737
26.5792
26.583
26.5829
26.5792
26.573
26.5663
26.561
26.5574
26.5554
26.5546
26.5547
26.5549
26.5543
26.5508
26.5422
26.5279
26.5106
26.5006
26.5042
27.957
27.9699
27.9717
27.962
27.9475
27.9317
27.918
27.9087
27.9035
27.9025
27.9048
27.911
27.9214
27.9365
27.9552
27.9742
27.9887
27.9944
27.9857
27.9677
29.2537
29.2539
29.252
29.2491
29.2451
29.2407
29.2366
29.234
29.2335
29.2353
29.2397
29.2475
29.259
29.2751
29.2954
29.3182
29.3402
29.3567
29.3581
29.3443
30.5435
30.5421
30.5417
30.5433
30.5453
30.5472
30.5491
30.5514
30.5541
30.5578
30.5622
30.5677
30.5744
30.5822
30.5913
30.6011
30.6107
30.6192
30.625
30.6268
31.8291
31.8231
31.8203
31.8227
31.8297
31.8404
31.8518
31.8619
31.8698
31.8757
31.8801
31.8834
31.8856
31.8869
31.8877
31.8889
31.8916
31.8961
31.9017
31.9061
33.1397
33.1284
33.1267
33.1349
33.1476
33.1628
33.1769
33.1881
33.1956
33.2006
33.2032
33.204
33.2025
33.1985
33.1922
33.1847
33.1786
33.1765
33.1805
33.1879
34.5413
34.547
34.5512
34.5519
34.5495
34.5451
34.5405
34.5372
34.5353
34.5344
34.534
34.5336
34.5323
34.5291
34.5227
34.5124
34.4989
34.486
34.483
34.4926
35.9279
35.9403
35.9415
35.9309
35.9156
35.8993
35.885
35.8748
35.8682
35.8649
35.8636
35.8648
35.8681
35.8736
35.8804
35.8864
35.8891
35.8872
35.8811
35.8748
37.2299
37.2294
37.2256
37.2198
37.2126
37.205
37.1976
37.1913
37.1865
37.1833
37.182
37.1829
37.1863
37.1931
37.2035
37.217
37.2312
37.2426
37.243
37.2319
38.5275
38.5264
38.5244
38.5214
38.5174
38.5121
38.5064
38.501
38.4962
38.4926
38.4896
38.4874
38.4856
38.4843
38.4838
38.4846
38.4874
38.4919
38.497
38.4997
39.8164
39.8155
39.8146
39.8139
39.8124
39.8097
39.8061
39.8024
39.7989
39.7956
39.7923
39.7885
39.7837
39.7775
39.7696
39.7615
39.755
39.7527
39.7564
39.7634
41.0942
41.0924
41.0918
41.0932
41.095
41.0964
41.097
41.0971
41.0965
41.0956
41.0939
41.0917
41.0882
41.0829
41.0748
41.0633
41.0494
41.0364
41.0335
41.0431
42.3652
42.3587
42.3552
42.3567
42.3624
42.3712
42.3802
42.3873
42.3917
42.394
42.395
42.3956
42.3967
42.399
42.4024
42.406
42.4075
42.4056
42.4001
42.3943
43.6581
43.6462
43.6435
43.6501
43.6607
43.6731
43.6838
43.6909
43.6942
43.6951
43.6939
43.6926
43.6914
43.692
43.6957
43.7031
43.7135
43.7238
43.7252
43.7156
45.0397
45.0447
45.0477
45.0465
45.0415
45.0337
45.0246
45.016
45.0082
45.0008
44.9933
44.985
44.9756
44.965
44.9538
44.9442
44.938
44.9372
44.9421
44.9485
46.4033
46.4151
46.4151
46.4025
46.3845
46.3643
46.345
46.3288
46.3151
46.3035
46.2923
46.2812
46.2685
46.2539
46.2368
46.2181
46.1999
46.1859
46.1843
46.1955
47.6785
47.6774
47.6729
47.6658
47.6565
47.6455
47.6335
47.6216
47.6104
47.5999
47.59
47.5804
47.5711
47.562
47.5526
47.5432
47.5339
47.5256
47.52
47.5186
48.9433
48.9417
48.9396
48.9367
48.932
48.925
48.9162
48.9071
48.898
48.8898
48.8819
48.8752
48.8691
48.8643
48.8604
48.8566
48.8523
48.8471
48.8419
48.8382
50.1928
50.1908
50.1898
50.1905
50.1909
50.1898
50.1869
50.183
50.1783
50.1732
50.1678
50.1627
50.1583
50.1557
50.1549
50.1562
50.1576
50.1575
50.154
50.1485
51.4291
51.4225
51.42
51.4231
51.43
51.4389
51.4469
51.4522
51.454
51.453
51.4493
51.4443
51.4379
51.4319
51.4276
51.4269
51.4305
51.4371
51.4393
51.4335
52.6793
52.6667
52.6655
52.6764
52.6924
52.7101
52.7252
52.7354
52.7403
52.7406
52.7368
52.7294
52.7185
52.7044
52.6877
52.6706
52.6551
52.6442
52.6448
52.6556
54.0146
54.0144
54.0171
54.0213
54.0268
54.0331
54.0387
54.0425
54.0435
54.042
54.0371
54.03
54.0196
54.0072
53.9935
53.9803
53.9696
53.9625
53.9594
53.9598
55.3572
55.359
55.3602
55.3602
55.3599
55.36
55.3598
55.3591
55.3572
55.354
55.3492
55.3424
55.3336
55.3227
55.3097
55.2963
55.2842
55.2756
55.2722
55.2731
56.7033
56.7093
56.7129
56.7121
56.7071
56.6989
56.6898
56.6821
56.676
56.6716
56.6677
56.6647
56.661
56.657
56.6508
56.6411
56.6277
56.6122
56.6035
56.6061
58.0253
58.0366
58.0393
58.0329
58.0222
58.01
57.9989
57.9913
57.9869
57.9852
57.9855
57.9878
57.9924
58.0003
58.0107
58.0231
58.0339
58.0394
58.0328
58.0167
59.2579
59.2512
59.2474
59.2483
59.2532
59.261
59.2696
59.2774
59.2837
59.2895
59.2948
59.301
59.3072
59.3149
59.3236
59.3337
59.345
59.3559
59.3585
59.3498
60.5129
60.4987
60.4973
60.5084
60.5248
60.5438
60.5614
60.576
60.5875
60.5972
60.6056
60.6134
60.6205
60.6262
60.6283
60.6267
60.6208
60.6136
60.6135
60.6223
61.8618
61.8595
61.8612
61.8649
61.8704
61.8776
61.8856
61.8941
61.9021
61.9107
61.9194
61.9301
61.9417
61.9556
61.9697
61.9821
61.9901
61.992
61.9879
61.9821
63.2289
63.2283
63.2264
63.2226
63.2188
63.2168
63.2165
63.218
63.2207
63.2251
63.2311
63.2392
63.2501
63.2645
63.2817
63.3016
63.3207
63.3356
63.3374
63.3263
64.6003
64.6072
64.6053
64.5956
64.5823
64.5678
64.5545
64.5449
64.5389
64.5366
64.5365
64.5391
64.5428
64.5485
64.5553
64.5635
64.5725
64.5812
64.5874
64.5894
65.9115
65.9291
65.9318
65.9215
65.9054
65.8869
65.8697
65.8568
65.8479
65.8425
65.8391
65.8369
65.8351
65.8337
65.8323
65.8329
65.8359
65.8415
65.848
65.8526
67.1443
67.147
67.1494
67.1524
67.1538
67.1531
67.151
67.1486
67.146
67.144
67.1415
67.1391
67.1347
67.1292
67.1215
67.114
67.109
67.1088
67.1143
67.1222
68.4166
68.4114
68.4098
68.4129
68.4196
68.4288
68.4375
68.4446
68.4492
68.4523
68.4536
68.4538
68.4521
68.4485
68.4414
68.4319
68.4204
68.4102
68.4094
68.4199
69.7035
69.6924
69.6923
69.7028
69.7176
69.7338
69.7481
69.7592
69.7668
69.7726
69.7768
69.7812
69.7853
69.791
69.7972
69.8039
69.8091
69.8108
69.8078
69.8029
71.0768
71.0823
71.0889
71.0946
71.0981
71.0995
71.0998
71.1011
71.1031
71.1061
71.1093
71.1129
71.117
71.123
71.1314
71.1439
71.1592
71.1742
71.1787
71.1699
72.4304
72.4382
72.4399
72.4362
72.4329
72.4317
72.433
72.4363
72.4401
72.444
72.447
72.4492
72.4492
72.4479
72.4449
72.4426
72.4431
72.4476
72.4557
72.4631
73.7228
73.7111
73.709
73.7179
73.7319
73.7484
73.764
73.7768
73.7864
73.7936
73.7987
73.8018
73.8025
73.8007
73.7955
73.788
73.7794
73.7724
73.7742
73.7857
75.1075
75.108
75.1112
75.1159
75.1221
75.1294
75.1373
75.1451
75.1523
75.1591
75.1651
75.1709
75.176
75.1815
75.1866
75.1921
75.1972
75.2004
75.1998
75.1967
76.5034
76.5057
76.5079
76.5095
76.5113
76.5141
76.5179
76.5227
76.5283
76.5344
76.5409
76.5476
76.5543
76.5614
76.5688
76.5778
76.5888
76.6007
76.6055
76.6001
77.9046
77.9103
77.9143
77.9154
77.9138
77.9104
77.9076
77.9073
77.9098
77.9148
77.9215
77.9293
77.937
77.9439
77.9476
77.9479
77.945
77.941
77.9431
77.9525
79.2886
79.2956
79.2956
79.2889
79.2823
79.2781
79.2774
79.28
79.2853
79.2929
79.3025
79.3146
79.3286
79.3452
79.3625
79.3786
79.391
79.3972
79.3956
79.3901
80.6101
80.5992
80.5965
80.6029
80.6131
80.6253
80.637
80.6473
80.6568
80.6663
80.677
80.6894
80.7045
80.7231
80.7448
80.7694
80.7938
80.8135
80.818
80.8069
82.0167
82.0216
82.0272
82.0311
82.0326
82.0317
82.0305
82.0309
82.0338
82.0387
82.0453
82.0533
82.062
82.0722
82.0837
82.0966
82.1109
82.1245
82.1334
82.1353
83.3987
83.4062
83.4072
83.4024
83.3977
83.395
83.3951
83.3973
83.401
83.4049
83.4089
83.4119
83.4144
83.4163
83.4183
83.4229
83.4306
83.4409
83.4499
83.4543
84.7127
84.7007
84.698
84.7059
84.7189
84.7339
84.7479
84.7588
84.7666
84.7714
84.774
84.774
84.7708
84.7651
84.7576
84.7508
84.7487
84.7523
84.7603
84.7681
86.1113
86.1117
86.1146
86.1187
86.124
86.1299
86.1359
86.1411
86.1455
86.148
86.149
86.1467
86.1419
86.1333
86.121
86.1075
86.0947
86.086
86.0875
86.0985
87.5104
87.5127
87.5151
87.5163
87.5177
87.5193
87.5215
87.5239
87.5262
87.5281
87.5293
87.5297
87.5285
87.5262
87.523
87.5188
87.5152
87.5122
87.5093
87.5073
88.9037
88.9099
88.9144
88.9163
88.9151
88.9116
88.9079
88.9056
88.9056
88.9065
88.9086
88.9101
88.9125
88.9147
88.9168
88.919
88.9203
88.9199
88.9169
88.9123
90.2657
90.2732
90.2744
90.2694
90.2647
90.2617
90.2615
90.2635
90.267
90.2711
90.2756
90.2808
90.2858
90.2919
90.299
90.306
90.3127
90.3164
90.3143
90.3073
91.5532
91.5417
91.5394
91.5481
91.5618
91.5782
91.5938
91.6066
91.6169
91.6247
91.6316
91.6367
91.6422
91.6475
91.6532
91.661
91.6703
91.68
91.6821
91.674
92.9194
92.9199
92.9231
92.9275
92.9334
92.9406
92.9486
92.9562
92.9633
92.9696
92.9752
92.9805
92.984
92.986
92.9852
92.9802
92.9726
92.9642
92.9626
92.9693
94.2817
94.2845
94.2867
94.2875
94.2884
94.2903
94.2932
94.2965
94.3003
94.304
94.3083
94.3122
94.318
94.3245
94.332
94.3395
94.3442
94.3442
94.3383
94.3302
95.6345
95.6417
95.6463
95.6459
95.6418
95.6348
95.6277
95.6223
95.6192
95.618
95.6181
95.62
95.6223
95.6267
95.6337
95.6428
95.6543
95.6646
95.6644
95.6519
96.9496
96.9623
96.9653
96.9584
96.9475
96.935
96.9242
96.9164
96.9116
96.9081
96.9058
96.9022
96.8986
96.8928
96.8855
96.8781
96.8718
96.869
96.8706
96.8738
98.1591
98.1537
98.1496
98.1487
98.1517
98.1575
98.164
98.1687
98.1712
98.1716
98.1704
98.1683
98.1637
98.157
98.1471
98.1325
98.1152
98.0983
98.0916
98.0982
99.3774
99.3665
99.3656
99.3746
99.3872
99.401
99.4125
99.4199
99.4235
99.4239
99.4227
99.4199
99.4178
99.4157
99.4146
99.4134
99.4095
99.4021
99.3916
99.3824
100.667
100.674
100.681
100.685
100.685
100.682
100.677
100.671
100.666
100.66
100.654
100.648
100.642
100.637
100.634
100.634
100.637
100.64
100.636
100.622
101.917
101.931
101.936
101.932
101.923
101.913
101.904
101.895
101.887
101.879
101.869
101.856
101.842
101.824
101.804
101.785
101.769
101.758
101.756
101.76
103.06
103.056
103.055
103.057
103.064
103.072
103.08
103.084
103.084
103.079
103.07
103.058
103.04
103.018
102.992
102.962
102.931
102.905
102.896
102.904
104.216
104.206
104.208
104.222
104.24
104.258
104.273
104.281
104.284
104.281
104.273
104.261
104.246
104.228
104.208
104.186
104.163
104.142
104.127
104.122
105.448
105.456
105.466
105.476
105.484
105.488
105.49
105.49
105.487
105.481
105.472
105.461
105.447
105.432
105.415
105.397
105.377
105.357
105.341
105.335
106.658
106.668
106.674
106.675
106.676
106.679
106.683
106.685
106.684
106.679
106.67
106.658
106.643
106.628
106.612
106.596
106.579
106.562
106.548
106.54
107.806
107.797
107.801
107.815
107.834
107.853
107.869
107.879
107.881
107.877
107.867
107.853
107.835
107.814
107.792
107.772
107.755
107.743
107.733
107.725
109.056
109.064
109.077
109.089
109.097
109.102
109.104
109.103
109.099
109.09
109.077
109.059
109.036
109.006
108.972
108.934
108.895
108.863
108.849
108.859
110.294
110.31
110.324
110.329
110.331
110.33
110.329
110.326
110.322
110.314
110.302
110.285
110.265
110.24
110.212
110.18
110.148
110.118
110.1
110.099
111.461
111.462
111.475
111.492
111.51
111.526
111.54
111.55
111.554
111.552
111.545
111.533
111.517
111.497
111.474
111.448
111.418
111.39
111.371
111.369
112.652
112.65
112.666
112.693
112.723
112.753
112.78
112.8
112.813
112.818
112.815
112.806
112.794
112.778
112.761
112.741
112.719
112.695
112.678
112.675
113.889
113.878
113.894
113.926
113.967
114.013
114.057
114.091
114.114
114.125
114.125
114.117
114.102
114.084
114.066
114.049
114.034
114.021
114.01
114.009
115.225
115.203
115.22
115.262
115.315
115.372
115.425
115.466
115.493
115.504
115.501
115.485
115.46
115.428
115.392
115.36
115.331
115.312
115.309
115.329
116.755
116.741
116.761
116.797
116.84
116.883
116.924
116.956
116.976
116.981
116.971
116.948
116.911
116.865
116.816
116.769
116.733
116.712
116.715
116.749
118.409
118.387
118.399
118.426
118.46
118.499
118.537
118.568
118.586
118.589
118.575
118.543
118.496
118.437
118.374
118.315
118.27
118.248
118.261
118.315
120.172
120.116
120.113
120.143
120.189
120.241
120.292
120.333
120.358
120.365
120.352
120.321
120.271
120.208
120.139
120.073
120.022
119.998
120.021
120.101
122.198
122.11
122.091
122.119
122.168
122.226
122.283
122.331
122.362
122.375
122.368
122.341
122.298
122.243
122.183
122.13
122.094
122.088
122.129
122.228
124.577
124.444
124.399
124.416
124.462
124.519
124.578
124.629
124.664
124.684
124.685
124.672
124.643
124.604
124.561
124.52
124.495
124.504
124.572
124.712
127.453
127.264
127.19
127.195
127.229
127.27
127.31
127.345
127.373
127.393
127.404
127.407
127.405
127.396
127.382
127.367
127.36
127.385
127.479
127.668
131.022
130.789
130.689
130.663
130.651
130.632
130.613
130.602
130.601
130.61
130.628
130.658
130.696
130.742
130.788
130.824
130.851
130.893
131.01
131.253
135.383
135.112
134.988
134.918
134.831
134.72
134.612
134.531
134.484
134.473
134.497
134.554
134.648
134.771
134.91
135.04
135.138
135.216
135.343
135.614
140.343
140.093
139.964
139.817
139.604
139.351
139.118
138.942
138.836
138.796
138.82
138.908
139.061
139.279
139.544
139.82
140.048
140.21
140.343
140.594
145.28
145.111
145.044
144.814
144.434
144.01
143.645
143.38
143.219
143.154
143.177
143.287
143.491
143.795
144.193
144.64
145.039
145.283
145.361
145.525
151.03
149.93
150.267
149.909
149.284
148.674
148.194
147.866
147.672
147.592
147.616
147.738
147.976
148.344
148.861
149.499
150.144
150.52
150.21
151.309
)
;

boundaryField
{
    fixedWalls_1
    {
        type            zeroGradient;
    }
    frontAndBack_1
    {
        type            empty;
    }
    inlet_1
    {
        type            zeroGradient;
    }
    outlet_1
    {
        type            fixedValue;
        value           uniform 0;
    }
    fixedWalls_2
    {
        type            zeroGradient;
    }
    frontAndBack_2
    {
        type            empty;
    }
    inlet_2
    {
        type            zeroGradient;
    }
    outlet_2
    {
        type            fixedValue;
        value           uniform 0;
    }
    fixedWalls_3
    {
        type            zeroGradient;
    }
    frontAndBack_3
    {
        type            empty;
    }
    inlet_3
    {
        type            zeroGradient;
    }
    outlet_3
    {
        type            fixedValue;
        value           uniform 0;
    }
    fixedWalls_4
    {
        type            zeroGradient;
    }
    frontAndBack_4
    {
        type            empty;
    }
    inlet_4
    {
        type            zeroGradient;
    }
    outlet_4
    {
        type            fixedValue;
        value           uniform 0;
    }
    fixedWalls_5
    {
        type            zeroGradient;
    }
    frontAndBack_5
    {
        type            empty;
    }
    inlet_5
    {
        type            zeroGradient;
    }
    outlet_5
    {
        type            fixedValue;
        value           uniform 0;
    }
}


// ************************************************************************* //
